1000
9822
10872
14230
10157
8481
1745
11566
5153
4592
10541
3070
7458
7838
585
2216
3424
4539
3192
3083
10172
7177
12872
13832
11038
8242
6806
13482
91
586
10050
14918
10409
4922
13148
8918
1755
3245
4484
6908
12189
3378
9979
3647
11216
10564
10215
2993
3455
13407
6076
1979
4585
7301
15811
3975
3895
10969
5810
3986
11556
4212
7257
10317
13486
8757
3235
15241
12003
12072
6149
8192
15450
4480
11840
15018
3397
6055
2011
11204
7815
12440
13184
12400
8093
1347
4727
11988
12317
10537
15974
7873
3101
11583
2190
587
4341
9777
15828
4696
10201
10330
12888
14003
14810
13080
13022
6559
3136
3385
1764
15303
4177
3300
55
12270
4647
4782
8258
964
3672
12585
8837
6773
8168
15379
7361
861
13509
7189
5557
7710
1519
2446
10066
4682
3878
7088
11241
11366
14825
1357
10669
3003
4657
10724
3625
9305
15507
11884
10269
7531
8469
7459
14304
4989
11190
5665
5851
13051
1207
11408
4762
7078
2206
14828
11760
6085
10268
11354
1451
13445
12711
12121
4800
1369
6845
8426
15026
10704
8662
9295
2235
1131
5106
540
6120
4649
10557
323
1700
116
11732
10814
7195
2290
9642
7307
8375
8262
7013
14179
10060
8077
10300
14860
9446
5497
11638
12824
4554
4300
10471
6789
5431
15578
11681
15904
8579
10591
227
10279
10707
311
5094
6254
2602
3088
1914
15329
15703
13279
13508
9763
5356
12160
12975
3154
6010
8614
15978
10564
12914
10450
1353
6698
14380
1387
10954
6959
11978
15533
1238
11037
15845
10684
5644
6799
13773
7558
6128
1828
4837
7989
11591
14546
4149
12918
1700
10159
5532
1679
4723
6799
12129
10429
13497
10509
11816
12803
5820
12146
12336
7058
7183
533
6095
12827
7332
8220
8737
1813
10048
1927
9802
9991
473
2303
6909
6525
12463
12442
8204
5538
7593
8685
4319
9442
7546
4487
6245
13366
633
2581
8777
12169
3115
14872
13348
14799
7092
10438
612
1140
12365
10414
11131
1190
1070
6392
7715
13533
7186
4272
7423
14779
12957
95
8221
4504
4582
2818
6222
9568
9752
14999
10089
1219
13871
11789
18
9315
6227
4983
10455
6944
3749
9938
8134
4819
4683
4202
6704
11869
8474
14128
10649
9783
14223
7222
2639
7157
14393
8862
725
8145
12213
15166
9364
14437
10956
13734
7752
1183
2717
6560
12480
6467
4850
8966
11286
9533
13168
1991
5403
9994
4471
4404
3778
7046
15978
6417
2555
14371
15279
7633
10868
11493
6799
8584
14282
1755
6319
6034
7291
13388
12594
3771
8207
5797
1089
3494
15330
14258
9837
9085
12604
2660
13489
382
14058
1820
6800
613
191
10431
8246
15412
10276
15046
7996
8558
5153
2667
2945
12444
56
3891
4567
8263
9688
10009
109
9019
12619
14298
6456
9223
958
8298
9606
15016
10118
4758
3982
14661
3541
12228
14073
13818
15626
6070
10728
4780
8737
13673
5576
13145
1565
14496
5409
11253
8505
9870
8624
5124
8169
3433
14347
9127
11731
12305
12496
5849
1063
478
4510
8957
1058
6936
6775
685
1358
1503
5465
14447
3529
11041
11593
5094
9537
5354
4699
6394
15224
1676
11518
11745
5109
14218
9225
5192
10523
5721
11041
15939
10551
3903
8896
11609
15191
4023
12294
549
9878
6111
14997
1759
1153
10590
6853
15042
4296
15905
9789
7872
5933
5307
3618
15394
7877
12843
4586
6753
6916
3979
6692
1467
7882
3940
1428
7074
12315
13723
11975
10545
3834
10972
12305
9339
9914
7510
12734
14210
7415
6523
10435
1700
182
14053
1094
8060
10896
10032
14813
1812
14011
9857
7631
5894
2149
9059
1320
2816
11134
13295
13361
3321
12620
9666
1012
10886
1177
13746
13449
12944
8621
7884
14645
13156
5937
4091
5216
5185
14124
8381
11349
487
6590
2980
6381
13091
391
12053
15907
11526
13701
13268
14847
14673
11287
4211
9559
12464
6310
7008
13760
14931
3244
757
12087
13533
4849
5655
2718
7325
2388
14067
7812
8978
5399
2546
6069
5791
2951
10328
5669
5004
7597
8868
3677
2884
13079
1589
3700
3389
12949
1460
6673
194
2218
7112
13727
11419
1120
446
7096
3508
2865
3260
839
12617
5806
11260
2408
13110
5589
12429
2114
1538
5297
5792
8774
6728
7381
12474
10118
4330
2286
5143
8876
8856
12255
6604
8627
1727
11402
4075
5236
2619
7336
10427
15236
1494
5687
1644
14604
11276
14073
719
1166
7722
10863
9940
14451
6596
10766
12921
15278
1405
2064
8155
10261
2671
3111
7241
4399
14513
11316
13987
1132
7004
8414
4721
8499
14101
6365
11455
13730
8791
526
14896
4865
11389
8837
3316
6337
3603
4589
5616
5008
11005
2123
3622
13677
9586
15215
6428
12451
14883
4415
13583
5888
12829
6656
2739
15282
13022
14194
13012
10165
14721
11909
3382
14462
4746
11051
4800
12701
15640
14768
6062
10646
5243
14036
12675
14829
1603
3103
11280
486
7518
13215
10726
8699
3872
13465
7981
5246
11660
4994
3763
10381
5255
7145
8843
14353
2196
1995
11054
6189
763
5468
835
10358
7856
13510
9187
9459
4965
4467
9946
12483
1683
4672
9534
9907
2138
1515
15153
2150
6509
2916
883
11764
10061
14078
14469
610
74
9524
6799
5189
3344
7634
15548
11201
9496
8735
4660
14461
1555
2958
15296
7590
7631
8830
1497
14121
14697
650
4623
9559
7918
5506
9675
6331
3584
8145
6941
8010
1669
13740
13200
9365
9726
1100
4566
7574
9835
9227
10387
15742
537
9683
7332
8168
6865
8829
10641
5563
13831
15264
15122
5749
4770
13149
12081
12707
5294
3022
4717
11315
5115
1917
4681
3193
3017
9247
10768
1205
6826
5155
947
7364
3191
12632
3884
10056
5461
2878
3971
7645
2142
7445
13394
11265
4595
13827
7972
9889
5202
12689
5205
10317
2959
9886
13510
10328
7485
12630
15885
2664
1786
5185
14380
4977
1817
2264
3385
11630
5142
11709
3275
11637
3154
5022
6902
12101
2849
3226
5991
8051
4267
15548
6720
7226
13786
8583
5907
5271
5213
5792
12287
11351
15329
10667
4680
1146
12932
8066
12777
6426
8127
4404
2063
11281
9426
13317
11735
628
