2000
5392
5257
878
10101
9451
1021
2523
65
4485
9942
12996
3470
6440
9080
14122
5536
820
13166
7945
5512
15004
3063
7571
4276
10285
10984
2668
5170
9968
7898
7286
3712
13155
8164
13814
10958
9186
4689
11024
13671
2983
8020
5493
9424
5453
7968
3312
10625
5134
11257
4489
4138
2673
12060
12766
12958
11397
15435
6480
5365
7333
13766
9078
8841
10283
11244
8151
3469
15933
7527
1140
7268
15548
10986
692
9353
2954
8357
3978
8088
7966
12820
578
14991
8880
13345
302
4277
1132
11134
13995
12817
13253
11425
10010
7536
11021
2162
11005
15306
9689
497
6574
13589
11483
11619
11294
14437
3976
3625
10877
294
445
11456
15286
9325
13153
15588
1955
2637
10722
15950
3806
12327
11375
13817
3863
6396
4331
14868
10054
2372
15366
628
4314
15201
12247
15608
1991
223
3233
12868
518
3678
12676
4156
1356
14181
8096
3311
5170
7170
7613
8977
3498
7340
11146
7361
2088
3829
6230
12142
6201
9948
12770
10515
9149
9018
10124
15492
13593
1709
12361
2463
9740
13389
6619
11096
11571
14715
2759
741
5886
14724
14070
9384
6064
13568
5097
8152
1397
11327
4294
11951
9627
5416
6466
7129
14434
4942
6621
380
6652
7334
2843
4744
4724
13815
15840
295
12530
6951
5388
6768
5675
7811
4504
91
9731
9602
8243
11129
9281
889
7080
2909
10657
1898
10038
13444
6841
5011
13824
1845
12346
667
6589
1070
14482
10781
5717
15365
6084
15457
6133
111
7268
10638
202
1000
8592
8445
481
1873
13686
11913
4782
8343
13811
3172
5787
9004
8184
7963
10849
8882
8631
5790
9952
11465
4923
4021
15182
11007
3478
9668
11118
15099
8658
15672
4451
1250
8117
4932
3123
10155
845
7906
6851
3008
15430
12638
12013
7614
4602
11214
4848
1585
5357
14800
1402
10280
2821
4937
9640
10652
14605
9110
9751
7263
8783
14202
8513
5252
7486
11636
3760
12683
7894
10611
15691
7325
11601
56
3291
4555
15623
8140
10492
4980
11292
11895
3612
2466
5184
1604
13118
3789
10715
6869
15404
7850
9423
7917
1454
909
7905
5214
1944
4152
15825
5987
15829
15779
10396
7472
4334
10019
3964
14827
3351
15257
15074
6963
1723
4258
12920
14841
8047
11987
10062
11803
3837
7837
3720
5291
13098
15977
14858
15042
8481
3035
9381
12662
2814
3777
4135
7149
13796
8099
5976
5499
7356
9402
815
13431
13660
13735
624
10059
9722
15038
5862
1911
6875
13934
11554
3973
2263
10412
7367
10745
13448
749
7407
262
4526
11542
11763
6675
7994
6091
526
15350
15493
1341
1134
13153
15076
1758
7212
13150
797
13074
15061
12024
11008
10616
15998
1624
5028
11717
12369
6828
818
8128
11443
5345
3671
7206
372
17
13298
898
15367
1143
2240
4853
14297
5668
6612
9861
7171
11761
11288
6232
7785
10648
5200
12135
12272
14581
7853
12993
5409
8671
5122
5204
2368
13145
12411
7092
13162
14061
12343
881
15204
2935
5735
1853
8603
12347
67
15774
12460
15707
10359
4245
10355
15559
381
10980
2492
12586
7973
12254
9609
13095
1458
330
10240
2221
7422
7402
282
3765
8284
3839
6700
14019
10044
3656
14718
14463
7782
11178
14170
6493
3775
8526
10405
8508
3506
12897
5094
11479
9151
3056
12927
14962
3386
7167
1183
15160
2922
5818
7278
15558
9657
13978
1929
8053
5986
4999
6517
2121
177
4687
12966
8304
1565
7371
813
9423
8621
10259
9255
6124
13315
6182
5086
5053
1701
6270
4214
8975
12088
11492
8533
10097
13822
10462
6502
8161
15461
13019
14634
3990
6059
11600
12295
7624
7324
1460
1048
15945
11719
10303
10421
13387
4837
15508
2440
6538
10130
11006
15514
10570
10850
12399
9019
8673
11214
15521
5186
10675
893
3820
3018
6952
15420
3665
2928
6744
5125
8328
11041
844
6983
5463
2583
172
9323
5024
6711
7805
4382
10577
6727
15233
11328
15746
7906
6542
3619
13092
5570
8864
5264
8588
4168
4684
12253
11449
15781
1378
3777
15174
6574
15113
4637
9158
15285
2312
2534
10348
14469
6916
9277
5196
6149
4606
9294
2407
11148
12914
3851
718
10130
9115
13658
14299
2152
9911
9748
1933
15641
1877
5459
6216
990
14449
3726
276
761
6260
10624
15231
13176
3902
4427
7678
8508
2074
10085
8008
3340
13937
13079
13470
11404
10737
121
13556
9001
9869
3841
8642
11747
9301
3210
1089
7750
6936
1365
12863
13196
342
12094
14725
4244
4874
6403
1104
6948
4840
13464
10288
7129
10543
7758
2534
5281
7880
90
2634
6101
8284
11276
6200
1585
14487
7290
13687
9775
13007
10550
11324
13349
6645
10049
5945
15871
4804
11401
6819
9644
8866
5459
774
3409
1569
7660
13042
13801
12102
15676
3903
4386
15305
14455
5971
2144
10097
3658
11919
7105
2561
7243
8806
9206
5644
14752
9077
10448
10153
4248
8445
7371
9707
9219
10781
15628
5231
12175
13430
1333
204
5685
5720
15509
4140
43
1653
14238
8054
1924
9695
10615
9168
2501
8173
3164
1253
5602
13613
15759
9850
6058
7130
7909
3629
6263
11889
8860
2439
9319
10193
6995
15004
4265
6504
7497
8661
12509
5735
715
14433
3782
15682
11953
6283
7855
15118
11889
1809
1083
11648
11
7141
7130
7920
15122
1746
8161
7982
4185
1481
6527
15532
4837
15145
6036
12334
7806
6897
6421
12873
5330
14555
12555
5636
4839
8762
9106
728
10571
10189
728
10582
5682
7858
6854
4804
9604
15015
1138
2141
4848
7665
1673
9686
11162
12061
10372
2968
2958
5146
4193
12641
3701
748
2277
12892
13862
11383
13620
8433
9924
14348
3015
15606
10559
14221
4410
4163
13237
5548
10657
2085
1565
12330
123
12728
12744
14848
4048
15702
8346
12594
695
12047
13342
2972
8940
15557
2707
10912
7990
12631
9261
15358
12237
3820
13579
4999
12335
15168
10547
6992
5606
465
7675
10081
1545
8771
8929
9945
8473
1275
6539
9169
1675
3882
493
14967
3439
7553
14231
15781
4184
7492
15139
4774
15664
1071
9773
352
4591
4321
11696
10197
4786
3371
4279
10683
12142
1560
4628
8968
7188
11168
6489
13215
3402
11334
534
11193
2887
14765
10974
7072
10610
14466
198
10274
3889
9971
14978
8480
14292
10675
7030
7430
2398
15661
2113
2893
1221
6742
213
12761
6262
6702
9976
9664
6388
14862
4857
9276
13628
15831
4700
8238
2649
4898
6864
6538
14869
5843
3371
1514
518
10401
13296
2916
10062
3762
10161
15635
10504
10374
749
5118
1076
15077
14782
11817
13940
3639
5093
11568
7822
9793
3806
14824
3043
10670
5362
1912
4865
13085
7778
5383
7486
5075
12652
5900
8837
6813
9888
7693
1188
10637
12811
6616
9714
15945
2433
12006
3584
11878
7574
15758
10023
15732
14582
13066
14755
8297
3331
3620
5382
15461
13356
12869
4536
10008
7121
1725
5173
1009
9418
10713
15998
10581
1330
9713
10526
8115
10071
2462
8346
1646
2221
2369
5730
803
3788
4485
9100
7119
8106
14483
6580
9814
15704
15469
3822
6825
1194
13347
7835
14965
8061
12185
9546
13743
5898
8425
10210
15970
10887
2556
5968
13108
4926
11698
2264
8714
4536
15716
4185
994
14199
15117
10808
2255
2938
2982
9081
4133
329
5268
7450
8390
1453
5348
10485
11704
13773
4696
26
8661
7252
10346
10121
530
10396
12385
9244
14932
454
1781
15926
14653
5251
10734
5261
8189
2068
2694
674
2398
12314
8124
15140
2119
13473
9626
13823
11246
2674
2201
8259
9926
12547
6733
14809
6944
7470
8053
10228
7924
14187
10155
10930
3438
9241
191
11627
11310
2885
12302
2060
15199
8778
1200
1318
6251
15178
3494
5850
1852
5695
2461
131
6595
9194
14940
1891
665
11345
12119
12941
13884
10626
7871
1322
3868
8062
1302
3530
15299
13604
5590
14498
6382
6790
4169
986
10321
12015
11188
525
6062
13649
656
12657
6844
3948
2900
11861
3646
3372
8802
1530
13998
5026
7205
6218
13088
8507
9748
12388
10463
15338
15238
5197
10481
7759
6183
9154
3774
1371
9679
9837
3373
14688
10846
14569
2636
13747
14782
10634
1119
7584
12165
3469
12610
3370
9688
14051
229
3436
14791
10692
7127
2381
15889
1608
10141
10425
10762
2267
148
8793
456
7873
7481
11303
6442
14470
13402
5224
9104
2873
1161
9621
6342
2123
12991
30
174
1572
3467
3317
12264
10594
5699
506
554
4192
15283
15668
10811
3783
12813
11268
11657
4295
6571
2099
2765
3973
11676
221
6846
12837
9843
1540
14960
11186
1571
15135
12759
9390
6804
9023
3984
12503
13881
8890
5047
1516
12910
15859
5300
9723
11127
957
2370
6050
7408
5135
14375
3084
5357
9573
15921
15200
11113
3234
10386
12684
6721
11497
6074
13525
4521
14410
14381
6754
11652
3428
8271
8562
7639
1923
6638
2766
2880
9008
8816
14640
2496
7191
6077
12205
764
5998
15757
11878
9232
10143
12914
4305
9993
2989
1831
14514
5751
212
9620
1404
7992
6243
14318
15632
8166
4956
6750
15398
2317
15567
14039
4813
11110
4116
1018
227
14466
775
457
12051
15270
1723
356
9263
4712
6539
12129
14816
6751
10102
220
14744
345
14538
2728
8512
7847
9478
7910
10164
13397
10301
3329
8508
14417
4347
13087
1236
9474
1896
1639
8744
3619
1995
6360
12684
8535
6841
11500
3638
943
11720
6734
1289
14610
9462
9801
10809
2941
6063
4973
338
365
8302
13198
3134
1001
14637
4370
10475
533
6009
7572
8505
12357
13932
5189
9244
4773
5041
12882
10069
761
3617
11358
3723
1431
9511
14533
8724
15574
7858
13415
15939
4513
14965
3074
5514
13603
11796
4342
2488
6158
266
10993
2515
2550
4534
11759
11675
9575
12993
5744
14688
4962
1102
6764
6394
10613
9649
15118
10188
1507
12533
14479
10372
11499
1553
4239
13454
1702
8581
4294
7860
13199
3640
10375
15749
8174
10486
11424
6102
7479
1169
9142
12442
6623
15906
7188
1237
9555
10658
15777
11063
7192
14256
9787
7043
4162
14026
8849
5864
10959
13143
13724
8158
783
12451
7907
8958
11289
3332
3412
2768
8853
12554
3562
15476
12461
15102
5065
6016
9761
4842
5431
5305
7451
3571
12348
11613
1597
5197
5829
12557
2340
3553
4715
7476
4356
12623
434
15645
4307
8198
6765
1512
4752
14680
988
5565
2134
10406
11582
11895
15248
5365
1200
6699
8936
1900
6664
14886
7097
12493
11443
13790
4398
4510
5266
8754
1133
10052
12751
9792
2250
7869
15656
11354
10901
4997
920
13035
15403
854
8931
14651
10571
14483
9703
7860
384
367
6746
7481
12861
2189
9623
1259
6699
3241
14366
12185
13293
15469
10329
3895
7338
9986
15250
2239
14983
170
15275
14386
1024
12558
1389
11595
11041
11092
3455
11425
11460
14553
7259
12673
742
5234
13932
11794
8476
650
12331
5769
120
11012
9665
7458
9350
13267
14050
8333
13437
1677
11071
2813
14235
813
2760
13628
11905
10568
13406
11717
9121
4665
12742
14216
14251
15027
10010
6727
15677
10693
849
15797
5705
10514
11608
3408
12133
14010
93
13922
15687
11165
735
2274
330
3495
15902
587
14063
1660
12305
11537
6325
13399
9753
4577
12426
8115
15656
12104
2808
505
253
12865
15371
213
273
11504
14223
4719
9426
13910
4236
14513
4536
4566
2009
4439
5153
4424
6099
5810
15961
777
3210
9714
9706
15636
1829
13714
11740
8989
14220
346
10207
13591
559
14832
13448
14783
3551
6874
1045
7787
5388
5582
12353
11749
14373
5859
4525
8824
11669
4487
13953
14879
2553
7659
2868
8735
9726
2960
6076
7946
3306
283
9889
3866
3468
7337
7001
11371
2564
8046
3159
12304
13628
3864
12405
12001
14075
930
4826
9745
5417
2779
12976
12323
14791
15844
5058
12869
7157
15486
4815
10463
15770
3056
2681
7590
14746
9682
2961
1310
6081
10472
1966
3709
14337
14371
4063
764
15301
13241
10509
9071
4372
11838
9746
7515
34
14804
4384
7191
14290
13551
1655
2412
608
8688
14354
15354
2371
1316
5016
12804
11788
6982
513
14477
5353
8928
15242
9006
6169
14103
6429
14894
9941
175
6409
9976
3331
10794
5519
5974
12697
7174
12738
13305
15863
11093
1011
6586
12409
6027
3390
12549
1361
8255
15379
