1000
7327
1451
13196
9882
1610
8494
7098
6392
4582
9953
3053
3802
11847
12652
15654
6355
7614
12591
15986
7538
14660
8944
10528
488
15483
545
7422
6034
10037
5544
9107
1365
6996
10655
11247
8606
3149
6697
3350
12083
5002
6403
4238
850
3055
3892
7205
15021
4835
7191
10911
3495
4488
5439
3983
8323
10336
15757
14358
8726
5302
7465
10091
650
2120
9690
13608
9622
388
958
10057
5390
7361
14295
6240
14768
6540
1797
2141
11375
13341
13053
3223
1829
6844
11558
10152
5533
11316
8510
14259
4970
4327
8350
9972
10800
2040
7580
8774
6780
8538
2831
12171
15899
5479
6763
3019
12019
8561
9512
11746
10254
10917
14969
12083
1762
10528
10587
7295
10196
7450
5554
15166
129
2256
9138
10929
4296
718
8055
15429
13608
10887
11600
13507
4718
6715
4878
737
3628
14390
835
13882
9308
15805
14317
15422
14685
13257
11069
8881
4707
623
12399
4836
2879
9889
4118
11527
10607
12173
10956
8215
11412
10908
10074
130
5976
3304
5219
13956
6046
6055
11839
3706
10212
14508
3128
8897
11765
14197
6130
472
3172
2529
9661
10403
12418
2131
10283
11377
2656
9591
7944
14069
8852
6370
2551
14828
14026
12123
12784
4072
6530
12975
7779
5094
11484
15259
13991
7249
1809
8473
12074
4981
11002
5735
3737
11772
7866
14020
11501
14874
7611
3445
12943
4815
14167
3847
3643
12193
4322
4780
4617
15204
6107
12396
4298
1591
8
2289
13193
1817
10762
9267
11150
10116
3354
14887
10240
15572
1259
5741
14446
13223
13538
15742
2038
11705
3589
5682
12250
12263
14814
867
11467
4921
1616
15765
10865
1624
6406
8058
3441
5520
1325
14591
3988
4679
1831
14228
4251
3090
3969
2697
313
5859
6791
2352
5916
14732
12386
2166
10995
11200
7385
10814
4473
9001
10579
15338
14977
5337
7396
2418
10857
13073
5362
14845
6104
7193
1425
14707
14635
9746
1405
14949
15605
12548
5653
9873
11281
2039
12039
6276
1591
7777
1091
6064
5130
22
9755
4108
5360
1151
6526
4569
2577
240
3415
8681
7433
9192
7389
6069
2939
13146
9370
6896
9694
15023
770
4975
5414
1161
15604
7005
8938
695
1421
14069
5069
11176
2177
10429
680
13055
14999
3257
13296
6766
11938
9081
15958
7679
3502
7249
4825
1224
14146
2872
247
14916
7847
5661
77
7451
1018
9016
12498
2440
11437
1568
13616
1966
349
14296
15021
15348
5905
669
10466
6196
9751
14777
13875
1605
6026
7053
2830
4172
9925
7429
3088
1772
1443
7518
13576
2461
4886
14426
4901
323
15994
6870
2289
4696
9518
5662
8396
15424
6332
2863
5620
4435
1640
7847
10392
12018
14900
13222
4543
8825
9004
11983
14950
10447
3501
878
12908
8387
15304
6162
13062
3651
13032
15351
8347
10902
9366
743
10326
4050
7958
4298
12837
13950
498
7229
9969
15398
8804
14512
12576
1808
14847
15878
12255
2349
5108
9163
10736
8764
3677
12151
12415
709
15854
9114
11612
9220
14210
10290
13270
6168
2941
10107
8471
3439
5689
2440
7189
14493
5304
8117
4653
4151
12347
908
10852
1455
14423
9941
14572
2101
6092
15339
7162
5946
8454
7126
3519
11016
5769
789
1184
8710
15249
9655
501
9290
447
12042
7783
10103
8512
788
2607
9211
1696
1811
15019
4471
11752
13591
10924
6196
12930
2087
12143
9736
13565
15662
4752
3334
4803
10289
396
8404
8296
897
1694
13096
1292
13829
7199
14156
14617
14158
7367
4665
4322
6386
9137
74
3977
4061
6271
908
10500
6766
14996
8066
10780
3749
11400
3935
14038
11797
12340
6334
1046
2386
3430
6690
216
14982
4846
3185
1492
12214
7851
5814
6952
5340
10241
10930
13753
4864
190
8254
11630
15186
4672
10762
7287
72
14697
5325
221
15389
11660
5620
1776
3442
12310
1992
2424
5509
9529
8269
6075
1380
14083
13027
6720
8324
12309
4474
13188
12499
1080
13170
38
5752
7932
7325
10176
10982
12651
10398
10371
12663
4370
12147
4457
5032
2491
11234
10541
12021
3503
616
1753
5938
1996
12826
14263
14305
5652
15803
15157
6732
1326
15195
836
9258
6520
11012
8592
7523
9762
2964
8538
14132
3463
1348
3165
10307
12582
2058
6328
4437
7027
12433
10375
9023
9259
12990
7328
14911
1146
6485
9995
2472
10032
10831
82
4905
10196
8675
12428
3958
11639
9319
6443
3454
10667
13960
13761
11601
4370
8441
38
11397
4875
10413
4420
2486
11756
101
1398
12902
10938
15745
15374
9323
14929
15456
14228
9125
8131
15008
1435
8122
12679
12230
11577
7346
10190
13690
2947
2913
6132
7337
14310
11007
1751
7083
13493
13507
11536
3243
10409
10826
2989
14135
4149
1918
13591
2377
15395
5723
5738
830
2197
2417
1413
13774
14116
15955
11465
5415
2868
5949
12753
1179
956
2856
12614
2801
4715
8150
10397
3476
2976
1738
1611
7126
8008
15202
13855
7403
9277
3593
12585
11475
6011
13998
13601
4127
2306
13418
9542
5174
3367
10647
6353
4323
13503
2967
11477
2218
15469
10226
5694
2446
11964
7305
13924
3972
10860
11779
15727
4137
3725
664
3964
9736
3015
1566
2215
5321
14984
109
10495
2352
10757
5201
11027
8260
12520
10856
14831
11990
5082
4525
2788
1046
183
712
9370
11043
12491
13449
3532
216
2466
7497
14304
5481
9063
4871
15154
12399
4981
14001
14751
4090
3202
14131
702
4075
8987
15533
65
14070
8411
7205
3468
12946
7917
1191
7989
8760
2992
15873
13329
5458
7370
11633
15291
4785
4857
2797
5537
14190
799
4288
2280
8353
6771
7334
12428
15759
11220
845
2181
7983
8050
10001
4929
4319
11192
1270
13080
2537
1143
10409
12347
12866
10394
11639
6003
3603
2788
11540
1793
3587
4181
8425
11941
10952
4112
12721
15063
15332
13567
1244
7315
9969
11246
12244
14289
10790
13514
15721
13327
3009
10130
9675
15875
8876
9666
10231
12480
12454
5771
2625
42
14304
15403
335
9257
3515
13056
12672
2847
14975
13917
14514
8945
9163
10758
11586
3953
12624
11307
1281
15633
9789
15308
3861
7017
8974
14092
7849
5428
8215
10475
