4000
9143
4264
10314
12400
4554
9452
11242
14823
15985
5644
6922
15223
11210
14331
2669
2351
15655
9909
11629
4315
14110
4927
12404
6336
862
7032
7948
8696
10664
4460
15229
3808
13076
13896
208
1630
7348
15802
4805
11686
5446
80
15261
5009
2763
1930
7360
6771
191
7342
15438
14302
12269
11842
8990
1483
7227
939
10180
6243
9751
13761
14403
11180
11657
2963
12810
7358
2766
5968
7396
12564
6048
6657
5925
13163
12939
1638
3934
13131
8980
3373
15785
9601
3567
8775
11085
15146
14066
9617
5390
12170
7378
8145
7350
7388
11109
8512
3098
2227
14480
10494
3143
8880
5503
9069
6044
6794
10707
9978
8277
8039
1703
8062
1640
5271
5190
1077
4417
3256
10694
14159
15426
2073
6305
11128
13813
1414
3641
911
7993
6473
15757
11136
15354
5260
8557
9750
406
3264
8080
8684
11303
9784
5098
1296
3407
10288
2373
7824
1897
13068
5984
5675
3493
641
804
1306
6407
4445
2217
14400
15270
6326
9536
14624
15938
6446
12726
344
9710
9159
9028
9366
7295
2479
10662
10702
12767
13035
6878
3016
14455
1214
8692
1948
1855
9496
7606
8262
2293
14175
6662
1563
4501
4551
4540
4439
10997
1266
4784
9059
14777
2164
6777
6072
4643
1439
774
5763
2827
7653
8779
5634
8867
1471
7583
15075
15319
15189
7337
1612
13365
2352
3176
6218
11255
7716
10658
10604
13334
3794
8015
12112
5958
14793
6536
14954
4584
7311
9069
7411
3316
1848
1398
535
7672
8981
15610
6991
12522
11300
8604
14239
13652
132
8810
13259
12200
3468
7863
13886
7262
15878
9998
1572
14671
535
4878
3256
12198
13947
15019
15514
4148
417
4401
172
13750
4012
7163
14625
15312
4119
1216
1316
8603
10026
2927
4803
1846
10790
2690
13460
15020
1040
15033
2044
5927
3911
9652
2125
6211
13023
5991
10359
1793
10393
10531
15543
2757
6046
2520
6421
14518
8089
12089
7121
6467
15016
277
8314
9806
2967
5774
13178
8359
9159
15222
14287
1423
8874
4764
7634
10250
10756
6345
12043
9501
5228
15938
12258
15626
2459
7031
14144
14900
3120
5266
5367
2136
5543
13681
294
12862
7808
13472
5221
5319
12695
3508
6742
9921
8273
2728
4171
7381
13425
214
882
2653
153
1492
6632
6964
8523
4776
5864
15995
14394
15583
2131
3937
1617
2425
5151
9425
15897
10373
3096
944
2233
9839
15218
14858
919
7741
6239
14345
7956
11473
5350
12461
1317
11982
7777
9840
5111
1993
9835
3505
1576
318
7443
3193
2743
946
970
6993
11319
4067
7937
13553
2258
11507
763
3177
3249
7003
5874
15557
6828
15577
12018
8146
15911
8147
1986
5022
10140
174
8528
11716
4844
4323
3262
7588
5269
4232
14581
589
12651
10870
2494
14909
6378
3257
2087
9627
14612
7961
9184
5441
11890
9554
13587
11802
6053
3925
824
193
8451
9352
261
13296
13675
7875
4884
7297
12108
7817
7886
8759
7039
14732
7669
13417
6341
14108
11396
9306
10421
8932
14747
6312
6838
686
2114
12891
4611
2938
1436
1415
643
6050
14711
2670
13925
7947
9967
14385
4116
6205
11497
11155
9289
7518
12925
15631
9978
12673
13289
4399
9958
12036
15063
5148
1074
1177
6392
10037
8468
7828
11452
13463
2230
14515
133
4508
6462
10101
2893
10578
4658
2742
10086
13948
10260
7011
1931
4238
8036
15220
12990
1994
11256
12053
7143
682
1583
13535
10719
14403
9715
6172
11866
298
4687
11999
4806
15502
10452
7699
14432
15111
10442
8518
1411
9054
3881
3342
1645
270
2562
14635
2264
2170
10688
13759
2852
623
15646
13571
15026
13714
8095
10892
14012
1135
11244
2818
4989
10048
14869
3421
13511
9311
292
14922
6718
8525
2264
8363
8795
4826
6998
15412
11348
6038
1523
14200
6662
1170
124
10040
3236
12571
4933
1248
2058
4529
4066
7047
14577
2935
10469
12089
599
15113
11011
11669
7638
13276
4032
434
6454
15382
15846
1803
5420
1369
4355
434
6891
8831
10475
10127
5403
3760
15727
11813
8289
3793
2861
6866
11081
1682
2955
32
795
2319
11701
8433
3947
4085
13219
10401
3467
1417
556
13239
7139
9264
2026
14030
2095
12501
12510
11850
4613
12237
7664
12902
4383
14877
3768
3816
4911
11076
8200
5706
13395
8253
2491
1342
12338
4063
95
4157
5480
5004
1396
12619
2620
3422
15002
4715
4275
11512
4918
8888
12101
934
10142
484
4163
2263
8652
9074
13339
852
3132
15086
9105
5623
4780
9795
14038
9227
13952
3519
14231
3701
4490
851
11475
7844
9919
15751
7708
3189
12991
3810
8475
7134
8646
12638
9397
5651
5712
11088
6503
8844
10174
3961
2819
3306
13756
858
12533
61
8729
15117
3762
13219
4320
15237
9416
2591
3340
1124
5780
332
9286
14255
11818
1933
15245
9567
7584
4957
4655
2439
2153
3181
6400
9325
6487
8509
10183
3020
12922
7264
2137
684
8835
6458
4273
2251
9049
7614
3376
3182
12298
12662
5789
8116
2947
5035
1683
14883
14344
10690
1323
498
13871
12075
9823
4358
8936
8358
7378
5858
15622
13868
6542
12809
8678
15168
15061
6079
6782
6789
9261
7432
7803
15051
3900
10751
8438
5583
9634
6782
4625
15309
11632
2496
11385
5455
6854
4321
2165
2584
10180
6139
452
5074
2949
13482
8594
6362
3562
3728
13151
12823
11160
4954
226
15060
4057
13016
8995
13692
3799
13620
1353
15431
116
12738
9239
11322
5412
15756
13907
3944
5896
2711
13370
13197
194
5965
3559
3756
9693
710
4931
9206
10016
9510
8266
14074
6526
1262
118
10325
14882
1471
14109
3351
2562
7348
14673
7974
7104
12580
270
1352
3644
13640
14549
3838
7957
2108
7594
6003
7170
877
15209
1187
10387
7475
3613
5266
13089
3731
15591
324
9554
2052
3675
12116
13752
6700
8442
4857
7633
8712
10561
11277
10705
9111
15115
7014
15571
11061
13017
6742
11938
12226
12281
10678
8054
4246
15944
9495
7977
3887
9819
5883
5940
1846
2000
3692
8547
14794
12901
180
7507
7463
15809
6564
4926
14924
13578
4497
9985
14948
15591
10275
11174
224
4953
7580
4470
4897
1076
799
8785
15247
6683
3077
1094
13035
6769
9641
11829
8023
14173
7688
15486
13982
2604
4412
1258
183
13261
15595
3483
12853
9870
3009
1429
14824
10590
5900
8073
18
11051
858
15265
6086
8287
359
3121
15057
14352
3303
11432
877
15343
10918
3211
1948
3682
4469
6483
5295
4064
9966
2148
13935
12975
7930
1111
11917
13830
9184
11935
13233
14395
15553
3320
6682
4264
10793
5739
2617
2448
5523
7846
1792
441
11058
8092
8475
15527
2927
13771
3592
1245
4271
5879
2572
12201
6990
14490
14383
174
14777
11617
14569
2682
3289
5252
6947
2434
15343
13916
4883
4867
5762
11027
9660
820
7471
6488
348
10398
4259
8292
15995
8530
14171
2567
9084
5161
5409
7467
5335
8539
7436
8257
11221
10725
1861
2168
13160
5556
84
6395
14775
5847
1422
8436
6667
8893
14924
11367
7643
7535
3659
7638
4417
1830
14557
13501
11343
3967
9321
679
12506
757
13288
12079
15835
15149
14248
1347
9057
2684
7742
7833
12883
13516
269
7903
10761
3545
3270
2404
11080
11282
14394
3849
13112
12951
5703
8456
918
15024
13487
1776
4133
15127
13856
3968
14276
456
5315
7333
3140
13057
3518
4376
14925
3787
12279
9686
11684
15549
12090
11116
10831
14836
14966
12296
11788
4669
9104
1058
3693
6591
7187
12178
5718
9395
147
8346
9851
5462
4031
1343
6872
7550
5719
5797
15689
6350
15484
11374
10252
15926
10842
5083
14763
9808
5731
14903
2829
14835
4313
6522
9778
11500
2701
3848
4895
7200
546
14746
1014
4578
4442
12238
480
14513
6388
4521
4864
10224
4247
15116
10150
15090
8551
13265
8898
14283
520
11728
1470
4834
6602
11249
334
13655
3449
5230
9207
3996
8328
10222
12926
1122
6460
1758
15636
1200
6279
4500
11424
10527
3616
9927
9617
519
7192
6867
14802
7713
6947
4625
12547
13550
4226
1233
15557
7675
6463
8765
23
3144
7339
12949
4266
2151
14707
3902
3352
9339
12754
14776
3866
4722
8703
1835
5242
4248
8702
8396
313
4002
1373
1212
1552
5599
2445
5461
1627
13261
2578
1650
405
9917
14600
9023
12069
1659
1278
3773
10998
14032
2549
14864
2755
15605
5051
12349
8205
2106
4745
8518
6108
6119
9730
12012
70
527
1473
1697
13788
8404
3348
2545
2321
6300
15921
2742
7959
1199
6515
2958
15231
13417
6174
6338
13022
11226
7039
9579
13332
137
2097
3440
10608
179
3804
10678
706
5277
12376
2847
2033
4076
9744
4355
10376
9665
11449
6687
10864
6317
9645
14448
3734
4172
9138
5108
15398
178
14687
1082
315
5136
8874
10923
5315
12678
5601
10373
6307
6329
13220
8341
14757
6965
1048
9133
4982
849
15821
15847
7166
13818
2647
10900
1990
11785
4360
5740
11963
3047
11174
12278
8183
8400
7201
1850
9430
1155
12224
15738
11836
9444
12431
10594
4761
1831
3727
14096
2680
7900
2295
9847
10071
4942
9099
413
727
13460
6154
1043
4859
5680
13321
13043
14081
8875
14893
7511
10030
11117
11601
10218
8914
12384
4812
2027
14215
12892
123
896
4792
6770
15095
3215
11712
8194
3629
792
10006
14135
1835
14866
3815
15156
11909
6248
12383
15154
2112
10765
14624
13713
4984
11890
10098
9796
2269
12665
6688
6745
1913
15833
13515
1008
3048
9228
13555
11029
10020
7561
9164
207
10779
1332
15363
11040
7580
99
10195
9692
10864
13171
11758
15848
9061
10208
9645
11330
6873
4685
2075
8787
4518
3943
14147
11919
13171
54
6948
11543
11968
4465
11750
6747
5797
15465
1788
1729
15564
335
15774
10429
1858
11532
14629
10919
5740
12626
10601
12613
1312
1029
9752
10182
4972
12252
10453
6495
12306
5754
2038
8274
10219
2140
3374
4368
1605
5162
6097
1170
9849
5871
15951
11707
5755
14580
10978
11495
11207
9931
12461
871
10960
10565
11053
4284
6817
5507
10779
3124
15613
12817
15750
9832
3309
3124
2552
4915
12638
13001
6085
10839
7225
10388
6546
12980
8968
5876
12828
4175
15808
9289
5046
10768
8206
4452
3405
15024
14311
14184
6500
13924
15354
6250
12108
2663
13727
14660
7578
14717
11661
2015
9557
2886
12403
4455
4219
9724
10332
1047
2251
10140
14688
11650
9260
6894
102
12665
10270
2765
10850
770
5041
14556
11373
1149
1219
9100
4161
13150
7817
4174
15165
5726
11413
15921
10182
15632
13997
4514
679
248
3006
3719
11898
12266
10613
352
13284
4884
7469
12486
10006
12510
11042
5379
13659
613
14479
6172
13763
10649
10347
1281
375
5760
5554
10557
5392
3551
3423
10423
3799
6429
2494
4050
7048
13107
8754
4332
6343
224
818
350
12734
212
10081
14746
825
12913
4918
2941
7562
3617
4222
12289
9377
9776
11199
3121
13327
14622
1896
5478
9404
4390
13880
452
5850
6635
9136
545
6859
14306
5247
3593
2870
15329
6691
3695
12242
15962
6636
8156
3579
15210
4445
1309
8986
15644
8782
10665
14267
10679
4496
12023
3421
2376
12475
9271
9011
9963
14169
15870
12621
3416
7816
15491
2745
14507
3186
3339
14469
14175
11495
6401
13385
15941
7710
6372
3937
492
5389
2204
15523
9885
2579
2945
12262
15054
568
5273
13369
14737
9496
9990
2154
1312
9481
9251
4171
12668
12591
6993
15195
12438
13394
12580
731
9456
7304
4669
9948
12694
11225
13824
6579
13805
769
7193
1211
1337
12467
14581
75
5963
12923
6581
11627
6405
4184
15798
7425
5127
6791
6620
1566
4185
3200
6649
13641
14857
11318
11942
11551
10896
9766
6482
13053
14887
13676
14264
224
10143
1197
4651
4458
14121
15584
85
4526
3769
4235
303
8896
11027
6923
14814
3564
14475
5464
5558
13332
5134
1500
13235
30
15618
3718
13083
14505
1394
15700
3081
15889
897
12085
8699
15018
21
8784
7896
3790
1371
8199
1039
12398
3474
15853
4315
6302
5317
9873
3634
10452
15725
5222
14834
3695
8940
11918
6552
10334
15970
9633
14575
867
10070
7274
4238
10092
4410
486
2234
5781
8686
3273
6532
512
3127
15199
6814
12796
13424
14801
11600
1501
4023
10435
5196
1315
10705
11748
1
10675
9733
14576
11542
8156
10202
4132
2248
2964
4619
4482
8745
1657
12108
3629
2169
3587
7180
13336
383
4604
489
11984
6105
8864
10771
15653
10179
5476
11401
10180
4503
9487
13108
4397
1643
11662
8530
8243
14626
13149
1077
11723
14806
13185
15353
5327
772
6533
7015
5508
15490
7504
1492
5595
368
12263
5249
14899
6091
5002
13431
10594
14489
14891
14991
4484
10553
7521
12727
9179
9022
2157
4903
12180
15342
8608
1508
4467
3493
8523
9975
2983
4380
11467
8579
4748
12082
2180
8000
6525
7182
5431
1119
10024
8675
4462
2860
3228
336
15588
760
9358
1745
5663
5539
5439
2623
11399
9906
6116
8274
3881
13452
12654
3700
6031
5755
4134
12563
13755
10659
3745
7538
130
2121
213
4593
4982
3442
9281
8922
8554
2639
10667
2569
12530
4458
5192
7929
2717
15660
204
6598
13112
12858
14651
7495
6965
7137
4058
4720
1797
7804
611
6279
14277
824
15224
3259
8618
8505
12181
1172
15497
11200
3741
12027
15659
13285
8309
6728
12946
12865
13326
10058
14075
329
5906
5041
7467
9964
9761
13616
6120
14724
3895
4398
15549
7472
7657
8167
15977
8191
13692
15474
3391
1433
15854
7402
14719
8163
14130
17
9380
15809
14427
7455
4490
4333
12496
11957
14298
10610
13925
4418
9334
6173
13168
8883
13645
9178
5403
1974
1369
3095
5801
9112
8880
10007
515
11951
2170
2997
320
15902
7158
14748
7357
11649
7433
3854
11958
10083
2816
9884
14502
12150
4409
22
9386
2054
9200
3141
8380
10569
10588
14181
3682
7820
8188
8549
3772
14710
15898
8444
14612
7057
7192
10322
7058
2978
14176
7368
13061
5344
1252
15915
1494
10013
15938
15232
419
9138
2373
8800
8060
1313
11333
94
9134
7874
12995
12906
6584
12893
5350
9549
8302
895
3871
3712
3873
6399
11081
934
11743
685
850
1589
10699
5140
5174
11118
14278
7547
3918
10690
13213
3604
15136
6347
11478
12131
7605
6414
13377
1307
4315
5679
2202
12538
9392
10427
2937
4473
15714
3032
5158
4916
8974
4209
10056
14148
15328
12686
10047
7598
7377
7260
11202
6513
13607
11032
6997
5212
1447
4374
6520
10114
14405
13074
6653
7797
11854
13942
622
11568
975
10133
484
14301
14342
14892
12449
2022
11578
10848
9621
7307
2109
9175
2173
4068
4208
9170
13633
10007
13544
8505
4121
11949
9931
10774
8099
5785
8717
13073
1353
14044
11558
6189
12345
9901
5081
13146
275
5012
7994
9896
12319
14455
7424
14492
2524
15984
12014
4509
14343
9558
13014
6816
9860
6945
5943
6311
1083
14660
7736
2436
1056
3295
12978
1753
1548
6411
14899
1823
11423
11245
72
12095
9701
7496
10587
577
11832
6602
5086
10175
4512
6452
991
2724
13397
6934
9035
14480
9946
5124
5269
15354
8419
6599
1107
9967
13010
4358
142
12786
15604
214
8881
13657
12062
7820
14234
7894
14422
3320
6421
7287
14124
11765
10011
11521
7051
7399
14354
5350
12523
7975
4704
4942
14574
10164
3261
15936
14522
3403
1074
2478
3618
9955
135
4032
1776
14369
279
4550
6041
6700
11837
4165
6817
10201
4039
13869
1600
6745
3219
2475
3072
12275
7417
5998
6439
15030
5934
9314
2433
11361
144
10403
5316
280
14436
11444
3001
14715
15995
13395
9767
184
5912
4937
10385
14303
2806
337
9400
10377
2812
12472
11004
14581
2470
5796
13611
12757
3462
4397
8118
3606
14800
1786
8238
1588
13231
15592
4655
1578
12987
2775
6114
7251
7712
4852
5555
10518
5189
14955
9247
12354
15780
4251
15287
2250
14399
1251
15007
1861
5648
11477
5468
8800
13264
13706
14741
14847
13298
3396
425
14637
6171
10891
5889
2235
15743
15796
1105
9285
3103
10352
5639
2883
2956
9278
5134
1355
10529
8493
3217
177
3971
13037
13330
5587
15095
12071
4434
12394
3819
9211
15383
9991
4102
9624
578
3846
9420
1684
1483
876
12036
11474
3759
3344
4752
13245
9052
15282
10091
12269
3811
14062
13658
1141
8001
12753
1564
12435
9147
5384
9998
12883
15375
14100
6507
4305
6298
4280
5989
7781
5156
2026
3255
13267
9722
12360
10513
2774
15994
4604
3395
3805
7018
1053
9299
15019
13807
10863
15806
11306
247
14156
8189
3974
608
14697
8280
6907
7329
14269
3040
12485
4647
10648
9752
14370
7008
8617
5496
7002
13221
8892
15159
8591
9945
8458
11962
7752
3322
120
3059
3569
14276
15600
11896
14885
2649
4176
10144
9978
2445
1536
10815
11445
12184
8920
9815
7544
1537
3663
2898
3111
12555
2058
11702
6501
14868
12017
2605
2190
12137
10016
10112
14766
9617
6008
2003
618
14536
499
10597
5333
2035
9764
778
14220
2684
14945
10116
4222
2609
13015
7333
15164
15073
7387
10017
13941
7756
12623
4484
8246
10991
2948
7012
4608
13308
13367
9579
11844
13866
4176
5529
15901
13940
10660
2473
625
9605
12590
9199
566
9605
4884
4083
13030
12271
14100
15323
4028
15075
8159
12274
10067
11107
7638
3027
8415
9357
12606
8611
7223
5134
2493
11476
7427
13153
13950
12404
6758
10540
5603
11677
8497
10487
15760
9879
11110
2212
9202
3490
5640
1362
15764
4059
821
11754
11438
13589
5111
12397
10552
12334
1531
13045
12163
13310
10198
10113
9714
5309
9005
3669
986
5854
2508
5098
15733
13619
11662
13287
1109
1302
3001
5226
5361
3823
980
800
1412
10444
13197
316
11130
3080
13362
7293
391
11912
5758
14457
1221
14763
2127
6559
4617
8987
9
8702
6606
11672
5990
12068
12974
8991
1294
6688
1166
6626
11840
2578
1070
9037
7247
553
469
4609
7846
860
4873
13605
3670
10447
720
10149
5358
5338
3136
5368
2392
14095
5392
8382
10163
6718
5726
15809
13406
6892
6435
9246
13823
11858
6635
5070
12411
7105
14031
8609
12317
2904
10566
4339
1703
11287
14488
7062
4977
1625
782
7369
15720
6174
4104
9883
12892
9830
14044
14651
722
4479
7897
14545
4689
2885
3615
5452
14342
1646
14062
10659
8903
8628
14999
10606
3915
1839
6020
13244
3464
6802
4614
7536
12976
8718
5771
14221
2548
3815
12872
7622
12647
4769
6168
1336
12006
14135
6789
10348
15782
9203
9360
13037
1831
12711
11995
10099
14550
2016
7343
6367
8818
309
13903
10147
13379
3675
8368
15927
11842
5240
7550
8489
14361
2070
9826
10368
205
4967
9068
4339
14170
2428
1376
4353
15139
1724
2804
2042
3740
14500
8409
910
14809
6312
11057
12189
14339
3425
468
10182
13017
12370
2671
15731
14440
12497
10099
14646
5816
7519
7337
3986
9948
8714
12692
13439
14790
15496
15481
2530
13996
7890
3440
1158
2555
2850
1699
894
10627
6519
11076
11997
2890
13748
11728
5682
14597
10179
8680
4414
1698
18
12752
15998
13084
9444
13438
11874
13293
1271
14404
15641
9162
6196
5151
11717
13398
6850
963
8026
1722
12040
4023
4612
14140
15751
14646
12737
9930
7327
5503
15980
7345
6608
15979
4429
4404
1769
4655
6049
3040
3059
5691
554
13607
15194
623
11006
10397
1587
7384
12119
1979
11407
5083
119
15510
3729
1208
13792
11056
11064
13772
6753
1672
2103
15534
10428
3872
4189
478
11265
7248
6169
11819
9208
9715
795
4214
4112
2382
15950
231
4361
11357
5314
8832
15219
13396
10040
13011
8452
9456
15135
15206
11128
1239
14740
5557
9463
2930
10387
4728
14530
556
4900
12090
14623
5695
4656
2736
8077
4606
7319
790
4315
12634
13974
3534
10030
12366
4897
6834
5823
8385
10392
5303
13976
13485
15212
7439
4767
9599
12168
3297
14507
5420
3740
13131
11115
8396
15867
7544
13003
7186
12686
1318
8172
10660
9205
6554
7026
14102
1741
1201
10839
12133
6505
8815
9618
5717
255
14385
3669
775
6035
2176
6195
9775
15307
1310
2171
3526
13206
3526
15065
9892
4845
11589
4552
2402
6496
15930
504
8237
5484
11344
4370
11989
4159
2341
6058
8766
5078
9727
13893
15465
256
4088
9240
3915
9750
15764
7442
6956
7642
10859
5200
12487
6448
9752
14889
12944
14035
3746
5181
3519
3442
13904
3860
11953
4597
9918
4720
9675
7998
6965
13493
12606
15406
6733
521
9156
10849
7963
4465
2492
7174
9665
3331
13623
7770
6573
14919
10157
14671
8453
13676
2113
6357
1536
14066
15306
15806
7138
13333
12156
14104
10826
8762
1862
5912
9284
15370
5113
5599
3835
7605
12774
1853
15289
14749
13975
5862
13668
8132
4533
6121
5808
6646
830
11696
9064
4488
15854
4555
1822
12011
7011
1000
4773
8873
6912
2409
8243
12026
12361
431
7983
13487
6636
7272
588
4611
13134
14256
1095
6019
8730
11255
1017
13912
6951
14434
6753
6805
2989
8575
7168
14352
13927
294
7225
4840
7055
3820
5218
3416
8603
1553
5255
15239
8826
5843
8202
10312
8452
9297
332
5534
8904
5701
7798
15855
4135
14551
11013
7124
11478
6533
9828
9406
6827
1053
2598
13883
9226
12168
5651
1829
13721
10907
1069
6547
5102
13623
5212
1906
6921
9896
7440
15825
15597
15239
4033
3733
2142
3398
15209
13621
9931
9038
11379
5111
14443
13977
7346
7669
10145
12997
13851
12218
12256
14920
7118
5711
12543
12330
7617
7816
6226
3410
11994
5823
7001
4379
13908
9143
12129
13118
6764
10412
10508
6495
15523
8951
4472
11221
4973
2969
12571
2824
15188
8827
6096
6306
2890
6991
6988
14860
14808
13214
2270
15154
7389
9271
7885
5298
2414
4014
6768
13531
14426
1276
4026
2302
10227
12851
13523
3552
4172
10094
6376
7712
7274
12472
2370
10164
3464
9358
9024
6624
10924
15646
5778
2314
8917
13663
11964
15684
1677
2732
1567
4455
4008
9945
6757
2587
11148
8633
6140
15321
2727
868
11385
10001
13341
13756
8518
805
11466
5894
11781
6391
5541
1559
8705
2810
3574
9021
6846
9603
11753
8413
14058
4113
6711
9168
11052
1859
1801
5544
5532
8880
6413
918
7234
3754
14674
15752
8911
14492
5646
4692
4883
15539
10603
1940
2350
14177
10961
9196
12132
11066
5962
14542
15179
12673
7710
10232
2884
13863
4128
8417
6744
10541
13687
13978
2647
713
2082
15910
15205
12080
4602
4089
11620
3557
6029
2322
1734
5343
15870
2218
409
5832
761
3941
6857
8471
2525
9742
10687
6653
6511
1431
1195
4198
3761
3842
4911
5843
3753
4116
1923
12707
12557
1895
265
2587
4217
6351
12282
4088
12922
12691
14272
13683
4984
9482
10506
7509
3224
5193
14163
9735
10976
15358
2285
14737
7552
7196
8932
15657
15664
10856
717
12222
1103
5334
3161
5321
37
15443
13761
12959
486
385
10642
5471
9867
5149
12980
1443
14694
11143
11178
9671
14853
1815
12760
10758
9011
10045
14767
8676
4901
15484
4898
10356
9170
8059
15677
9208
11854
1790
6167
12340
2176
5162
1811
395
10311
3144
1839
13357
2639
1369
11380
5845
3185
8141
603
12196
2186
3722
9224
11439
7559
2474
5795
729
10533
9825
9937
10739
15967
4457
7080
6495
9619
13243
6891
8282
4739
13082
5639
7379
14451
1020
13224
1636
13513
13827
2185
15699
5901
15761
15490
13460
2236
9637
14190
1121
3462
12479
11861
7782
936
2941
14277
10555
4536
9520
2837
9276
6602
12829
655
5054
13849
2231
11042
11362
4410
1579
15413
10311
1341
3255
7772
7929
12892
5962
9050
4707
2441
4911
12489
7730
12204
15118
2285
741
8639
9475
14369
15241
6304
3376
8647
8505
5607
8042
8219
10017
9621
11984
4328
15314
15239
12100
11595
483
6414
4646
5190
13208
13909
6031
4938
10114
5150
11575
15207
2141
9402
1928
1382
4058
5304
14382
12563
10911
6424
9134
9280
4397
5118
13608
8064
4357
14061
3659
4841
8827
12657
14383
10387
10567
8767
15325
9033
13917
15253
12592
4410
8655
14520
10144
1066
8176
8526
1981
7439
14950
11116
719
7700
234
2679
15764
8944
5092
7775
2137
13920
4433
520
12659
15000
9287
337
12385
11556
15590
13329
4318
12597
11849
14463
13663
8377
6989
15645
15816
10292
15113
535
1992
15347
3214
6108
12643
12659
13883
14780
14931
2316
3653
11590
5668
1292
11927
6405
1201
11517
3734
5519
12467
3935
3982
10130
12312
15324
14127
12128
13968
13240
