8000
10871
10667
13286
11723
12045
12269
15626
12460
1255
4141
8748
3047
574
13836
13457
15665
13198
10756
893
10405
13025
13590
13639
9502
13769
8786
2415
7146
11031
6784
15485
5902
1451
1124
1625
1848
13393
1252
14309
3000
9745
7057
6047
10320
9245
7856
14337
6443
6965
15230
5201
3990
12820
2840
13492
10590
15978
4260
6088
11009
11044
9925
912
848
11049
6889
2696
12795
8141
1005
15795
1887
12414
10195
559
10011
2051
3248
4807
9016
2478
10008
1358
3650
1200
14851
2592
1179
7463
13032
540
2507
11310
5804
7707
6359
12694
14756
3154
9187
15761
7302
15426
528
1497
4337
14891
7900
7585
3698
5269
14415
2058
6627
2066
3259
9830
9010
4438
1293
10395
4978
8153
5705
10783
4212
12064
11829
2968
3571
5016
7082
15225
4443
7610
5074
8780
6501
12974
4718
14552
6595
3133
610
1575
5199
3869
15757
2562
12659
5403
12957
5990
1908
7014
5125
6120
7430
954
13441
11001
5970
4523
14578
14765
485
3652
11898
11338
4979
616
9890
15926
3749
14853
1501
13301
2722
5611
15863
15382
11014
1172
9724
12922
8186
14849
3042
15616
15803
483
14970
10125
9358
13548
8891
9843
5553
4789
9534
10532
5405
3424
10458
13506
2277
312
10807
9352
5923
15022
13086
5289
4546
6810
2211
12732
5659
9605
701
5462
14441
4023
15587
7799
5923
12830
5995
11476
1619
15529
10360
11376
7305
4819
13235
13935
9483
8042
7287
3758
11417
4373
9047
15963
15535
11258
1048
5194
9215
1749
15008
7656
10124
2947
3808
47
15778
14155
15876
5749
2036
10236
5478
9341
3407
2713
11628
12890
15107
2915
648
10524
11640
9695
10488
15527
9305
11536
9073
2521
1637
8081
14529
11761
15381
6689
11808
3511
4844
36
13612
11232
10273
3090
4574
13680
10155
202
14923
9263
7470
15571
8139
7462
13619
2627
6990
11276
2515
63
2149
4152
12497
5031
15913
11878
11720
74
3741
4917
110
1353
149
14735
8796
9075
12416
2951
13630
15691
566
9452
15262
8706
914
1233
15685
12256
12510
2201
672
3011
6353
13169
8042
10619
13399
3763
15045
1140
13032
3507
2493
13181
2243
15641
10609
3011
2593
8239
2702
3159
6043
6316
217
11309
11902
15903
7566
12764
6456
8238
15775
12809
9759
7818
11780
7158
15933
15177
12650
12965
7037
3495
14498
9280
3137
9107
643
5730
5698
7697
13241
93
14013
1811
11403
14267
1714
2969
11031
8170
15559
10807
9331
9318
6977
9464
476
6910
12993
1478
8227
4030
4973
6725
1662
8110
4185
2305
2192
14235
10002
3786
14329
12368
5597
14084
10635
7311
1053
10019
3833
612
4826
1516
14282
11803
10980
14758
7065
7974
4588
15292
356
9561
10369
2019
6024
14554
4324
8216
1142
2679
12002
3823
3399
1599
1907
2386
13262
2960
12405
5447
7924
1231
6964
6206
1386
6296
9316
8451
2622
13904
12095
2979
11817
6465
4998
1841
9371
13674
14410
10513
4705
14764
2688
8104
4716
4595
14843
1978
11907
11248
11778
3831
832
7094
14389
6570
13390
12057
15022
4365
14313
15469
11696
10131
5934
5046
324
3658
2720
3086
2523
11778
1851
5212
8234
6567
9807
7077
12897
5715
2326
8675
13898
3158
15769
640
9728
1512
12697
13102
5877
15363
924
5925
13846
11210
10971
14170
14868
2043
1257
1392
13821
3108
6604
6056
14027
4763
13133
10924
10478
3811
7952
12729
11321
7721
13369
5050
13585
14418
6504
7814
13781
11780
13739
11627
6991
8710
14150
5859
15106
15407
11603
12927
6867
6559
7335
4894
11323
8821
4170
10153
12632
12122
6882
7954
8196
8603
1356
5781
7022
12212
13596
9155
7993
15687
9135
14984
12750
7285
9195
11856
11044
4799
13135
6263
11358
4471
11157
6681
1644
3679
5187
14276
15802
12069
6230
7998
9025
11938
2131
4399
8151
4079
13554
144
3767
6689
3480
517
2326
12675
725
13370
5826
13860
3633
1185
6683
3142
12218
8327
6822
1405
10956
10976
1827
5538
7326
10852
1477
9457
3603
13980
1889
1157
14124
5656
12199
5956
10525
14525
2631
15602
11896
8458
1814
3881
13995
8498
7024
14565
5177
13846
4323
133
13174
10502
10024
4500
9706
11501
2309
13309
9481
4198
14466
11957
14206
15017
6265
13083
13543
8896
12685
13791
5706
14500
1672
8053
11350
13048
6619
4879
15246
15294
9365
12420
9796
3389
5272
3502
3242
7582
811
1075
132
3629
1384
14339
2647
7649
11422
4542
545
12460
6685
10604
15312
12709
7009
15014
9758
13628
3893
9004
1274
13258
9777
11070
4999
15049
14572
8241
6631
15383
9316
11116
7365
10700
9455
10012
6701
9229
2906
7247
10041
9591
6203
9353
10652
13212
8367
4410
15193
613
1767
467
13871
11544
11538
7223
10593
14462
3816
5577
2198
13133
693
9563
12185
14500
7927
2887
12081
15185
14486
6123
8776
9041
15476
7780
6253
12196
12191
9798
12809
13958
10266
15032
13854
10156
6255
8447
8618
10072
2376
10816
11557
7421
8731
12094
5921
658
3333
2003
15843
6171
8126
12971
15212
11954
4752
9818
12502
5295
7968
9311
7605
2234
12696
5459
742
7303
2258
13713
1375
8987
12881
1284
408
5613
1731
10682
10623
9416
1037
14819
15588
9163
142
3152
9469
9246
1322
10324
2893
9291
3635
10498
11525
4683
15957
620
11987
6568
14333
1714
15555
11214
2999
4315
5179
9082
14997
4155
2498
34
2974
2086
13549
7468
9591
11371
715
10913
5695
3608
4204
13682
2459
4082
2366
6768
4702
14353
13336
7387
67
1243
6953
7418
5559
12133
4852
8908
288
7351
8943
7614
13789
10844
15082
7380
6215
4149
2294
262
12110
10850
13945
14569
14932
311
5337
3634
3016
7026
15373
7435
12621
6327
3206
6532
2460
8058
15441
7100
3761
12736
14714
1551
7580
13796
13283
2148
6298
3929
2410
2408
14780
4707
977
13712
5018
10666
5699
12386
6044
5072
3822
2666
11399
11380
9198
2211
7790
12991
9311
11552
9727
12377
1455
5660
10174
3090
12160
4824
7020
14570
7232
10152
3278
12561
7864
12648
11579
1915
9035
1624
11340
1209
8642
11091
941
6192
13303
8731
3184
10966
8635
1263
7344
10090
6923
5870
13181
3083
10694
8553
6006
6278
2705
13636
7191
14921
10284
2770
5189
7671
8746
529
13232
1388
15972
2525
7581
1627
11257
15117
12594
8244
380
8290
2335
11656
2512
3868
14739
1558
12421
9097
7836
3478
6733
15027
2399
5370
1797
7588
13041
10544
12469
14626
284
12442
1151
12217
14069
760
11334
15015
9005
11715
7305
15692
11723
9817
3560
14814
11375
4333
7912
7563
12163
2997
6590
14562
8367
12740
10503
9761
11636
11324
8387
272
7766
13890
12490
10188
14651
7824
9203
12008
7891
4861
11700
3614
3030
3612
2429
2758
12297
10341
10321
8460
13338
5264
7022
10058
6356
5877
3819
6344
1202
558
6616
13320
14448
3106
7508
1451
10931
5064
1811
7174
9925
13511
10789
1307
5475
1570
4065
1772
11911
14387
10232
13601
8003
5607
7659
14359
11484
15830
4703
1038
388
11319
14359
3189
14426
10219
4640
13709
15283
6452
9235
13560
8315
4024
14868
13791
5594
2933
15563
5857
5672
9796
7811
13675
15403
3822
12034
15239
3653
5089
278
8393
4761
2989
11582
7539
13208
223
5248
12492
11027
2835
14404
7694
6860
13272
5485
806
4558
9401
11016
10230
7549
7179
7906
11304
11001
8292
10543
3006
1734
15173
11400
6495
2162
6982
14034
15371
11557
7634
215
10936
10469
14619
2631
5681
244
12468
6488
4802
5869
5856
3384
1770
13035
15642
13074
12388
7935
11970
15395
14021
15495
10795
4516
1658
6129
2550
5381
6039
14536
9948
975
9005
12919
3606
14687
1515
4427
9527
6317
14648
3735
9702
419
770
9344
1845
1510
5631
13815
905
3652
13311
52
12520
3321
10534
3422
13054
573
1958
11354
1548
15316
8273
9507
14003
9789
13934
11882
4458
12582
3969
2512
1353
4739
209
3199
10601
5840
5366
11507
13845
7029
15911
14717
14702
10445
2140
11756
11018
8450
7110
919
7766
3736
10426
10121
13525
12712
10355
6335
13646
14324
8848
3352
7415
9057
6551
2017
3249
269
1876
5446
11651
1787
8516
10353
585
10656
10462
15955
3106
1572
874
15225
9660
15652
9346
11537
716
3702
1873
14363
6378
15073
6067
13794
12482
970
15811
4083
1239
1687
9530
12890
3474
2046
11596
8411
1054
6058
8367
8512
11982
9241
7737
5643
13246
5436
1180
13962
13490
7405
677
3868
6478
6744
1662
7312
7714
1473
11396
13306
7512
9278
14548
15339
15676
10144
7750
5082
4554
117
13594
537
13711
9684
10532
15309
3472
64
13271
962
7470
2301
4830
2300
9045
10845
13965
5112
670
9361
2418
8183
2639
966
11874
6667
11111
3624
11749
15665
8094
9343
4554
10157
7379
15086
9466
10851
3503
6737
11813
15325
9038
4996
1625
6436
4193
3942
11548
4863
13303
13966
1398
4294
14932
13272
10961
14395
5249
11062
14061
13343
8758
6967
7500
137
6054
966
10989
9557
12055
11154
13234
5094
4502
14859
11530
8695
7154
11430
1911
4457
9396
3309
13104
12680
4934
12417
11076
10183
7480
13489
7526
238
4456
3378
375
14862
4344
15716
12771
399
15223
10005
9845
3725
13217
9727
773
4371
5157
7036
13180
2905
14697
10284
15586
3631
6702
10662
2166
14182
12503
9692
14420
959
13070
3147
4174
5766
7216
945
6166
6439
10951
4363
14516
12520
14091
3641
891
3248
10677
14071
6154
13727
12708
10092
1358
3410
9106
7877
5944
5609
1569
8716
10920
2992
215
15094
13110
7431
40
7628
13870
15343
11992
739
215
10083
4380
1106
1683
3410
3529
12189
1137
237
6281
6847
7999
15387
14724
2295
9348
4646
15363
4269
11990
15579
3363
9100
7010
7755
729
9233
11450
1073
9972
11665
11156
14352
1123
1191
1762
9005
13381
7251
13594
8014
14099
9946
11754
12823
12241
5102
1469
15957
9371
13459
15536
1087
10912
10898
13194
11641
4131
12997
12714
2455
13014
12222
5160
2490
1765
11274
11495
3498
2526
13441
11513
625
7387
11619
1800
7981
721
7622
7938
14445
5081
11826
3884
15993
6724
5430
15986
15208
6779
1052
1663
3794
1626
11175
10636
7744
6450
10483
11242
8976
7924
11107
13953
3664
6726
4105
15997
7448
11727
12287
10245
809
8113
2481
5154
14837
7911
9493
2397
14691
14897
8413
6837
524
3588
5825
8268
10038
308
3510
7366
12584
2970
9671
248
9696
13777
4597
5496
9504
884
15741
14665
8997
6574
3820
12187
14486
1665
14584
1529
562
6997
12718
1086
10586
2543
13706
8976
2851
5569
343
3787
8539
14366
4036
6587
12143
12985
12084
10000
13870
177
8665
6867
6752
837
7406
9590
2502
5991
15471
7417
1340
12189
12855
11926
3084
10562
9255
5935
4483
13950
14074
13022
12316
2110
3609
12812
3448
4045
6812
1318
4223
15477
12537
15327
4667
3944
8917
11521
9935
12740
2938
11275
8929
15794
11554
12013
14708
4809
6300
3191
2759
4374
4565
3427
10837
12526
239
14285
572
7051
3955
9147
10881
492
8474
15548
4436
5743
11069
14371
2483
2360
13999
11412
2154
9553
11777
5214
2714
6429
8405
9825
15155
12970
13252
14344
13848
13492
981
14420
4543
4936
7567
3776
5429
41
3324
9865
5784
2746
12589
8267
9458
10588
8031
15964
8493
8160
5178
15559
14589
13583
9384
2097
14905
6636
441
1105
8480
1423
15526
1376
6359
7093
5152
140
11487
12829
10006
5623
15575
10947
2243
9033
9887
10274
13349
6732
6787
2527
6291
9728
4462
4027
11825
7719
10663
12267
8824
7496
13690
8350
8872
4049
3796
14024
4190
3635
10853
2548
9258
14780
13495
11501
12165
11734
10128
9514
2466
915
12041
8757
10643
4855
1136
6469
12574
151
7088
5399
7647
4778
2101
519
13179
5897
2896
5721
9532
13749
12621
7143
882
14468
2644
13047
10202
1124
10914
12668
6391
6955
9777
1035
163
10913
11856
12737
11065
2944
6488
7064
12074
8590
7584
9253
2839
14832
14975
724
12581
15948
7867
1815
14417
14863
14863
8619
15988
14129
5288
6379
5084
3417
11766
5247
2683
11974
6337
2100
3270
12825
9164
15344
9767
5100
8598
12607
3932
11925
13331
4866
11873
9550
6681
10290
8413
9896
7262
12753
8025
902
3133
1462
4319
3251
11061
7002
15226
5750
13454
2496
2576
6619
1841
12343
71
14791
13302
4004
15068
10633
13222
15293
4183
8255
13936
949
2152
5198
13702
14529
6100
5187
4343
14771
8439
15405
10126
12017
9507
7580
14513
12083
14199
4706
12779
14271
7849
10081
6627
11269
4715
8201
10563
13250
456
12851
2551
2608
2049
4606
5490
12501
9793
9833
11272
6584
13590
5398
2601
7098
12979
5467
7533
15530
10173
4312
2153
6375
14394
13132
1644
7461
5333
559
9063
5790
13410
15967
12750
3811
4573
2240
312
14366
426
11585
4951
2368
5335
11904
13818
2314
1371
5352
1845
15897
14016
8350
6272
762
5483
12268
8223
10816
1180
5639
606
2942
5606
13357
6754
14531
3949
11418
1249
4375
7003
6200
11096
12339
2105
8914
3005
7828
2618
9202
7725
635
1553
2349
1397
7036
14618
13973
6204
4150
3612
6811
7092
13570
8520
13846
453
12469
9265
1702
5197
4620
12255
293
5311
2712
13559
8317
10540
178
1519
2266
813
7424
4615
6562
2812
7585
4535
9017
11735
12499
4180
2828
14421
12700
5026
14874
13521
2643
4929
2718
7264
1184
7363
927
3896
9275
9244
14436
9453
15116
5054
14618
10892
14022
9532
13705
5607
2420
6722
1343
14919
10902
8523
1693
11954
1901
4919
9475
4545
9848
546
161
15384
12261
5440
3280
5536
3037
6069
3341
2153
15475
6311
1397
13497
15844
15102
3105
2264
10176
8800
5535
9430
5675
7228
5384
11928
500
14860
4825
14700
15406
4986
14085
11667
10427
5717
5556
13464
138
8897
3969
15614
15209
9718
1463
3405
8821
4568
10021
2997
1720
15556
12428
11747
11137
6164
7676
11637
5024
12501
10337
8782
5840
12774
8802
4619
2492
14358
6435
2630
11607
14756
6596
15168
8474
8060
2573
1295
980
12594
8645
2701
503
9425
2800
15992
15589
14828
11629
8966
11330
10318
1748
5522
11445
14902
10141
13937
13260
576
4919
13220
3684
11516
12388
12158
3576
14962
1806
8908
15908
14803
15961
4763
8228
2762
4755
12169
1590
4736
5135
1272
3407
11236
6794
14852
10138
5287
12789
11751
10215
6060
8971
13899
1576
9711
10058
9504
13025
216
2413
1286
15019
2374
6049
11599
9488
10805
7768
11079
3893
1256
703
7300
12492
7498
6152
10982
12785
7293
11085
11353
13354
4056
9252
3282
2120
7662
12787
15145
7878
3552
431
11249
10278
6481
6848
3767
5638
14617
3198
9531
15873
3901
832
717
15751
11336
11699
889
2630
6785
12242
4336
15193
5494
7618
5665
1509
8757
4811
9387
661
5242
8989
10940
75
15837
14707
10065
2806
6257
3597
7031
14510
8781
7748
14262
4117
7800
15151
11099
2937
15745
3787
6482
5239
15758
12148
11100
8515
5311
4488
9177
14905
1829
8469
14981
1666
11528
9046
8825
1785
995
15856
295
14128
11957
2909
6598
8109
6412
6049
15398
6157
9837
5880
15749
9595
6380
10849
6462
11691
3689
15639
10597
5518
12460
13930
11537
7988
11328
4362
14125
676
4218
2773
14804
4527
5682
5402
12636
12095
11452
12034
2252
9641
6267
2001
3236
999
12851
9698
12691
4892
13690
11640
10411
10150
13922
5948
6491
13602
10310
4616
14278
2880
7389
1435
11760
1424
11189
8396
13519
6641
8783
4123
282
3402
10477
7870
4401
11680
1569
5444
572
3611
5436
10983
2113
7710
931
8604
5313
15593
1573
7943
6826
13314
9378
2586
14738
4568
15334
12257
15561
12469
381
4196
15871
10858
12066
8625
6538
1987
14069
11462
5598
7858
6446
7712
15568
11729
4668
9233
11323
6241
1177
2149
3556
14907
9087
6646
7827
8421
2904
7389
4891
7637
11585
9114
6847
12003
1739
1737
13991
4161
13199
7941
371
7997
4005
15939
3727
8674
9173
3402
3267
10350
9903
11175
13609
2990
1822
5437
15763
9078
12826
4654
5067
12763
2121
266
13118
8212
2003
11109
12373
3554
7403
12744
15904
11408
1036
3631
8434
10209
11385
54
8911
5288
15581
6520
12630
5755
11957
12393
14833
13135
5400
8252
14250
11873
8518
11369
4085
14873
10830
4811
2428
2233
5907
6684
1994
6943
10315
10428
5504
10052
14834
14415
3692
14416
9288
322
4171
9597
1067
3005
11085
10819
15609
9335
6692
8128
9056
15130
7001
3887
3941
13781
10472
9848
4465
12466
5144
3132
6895
10648
13184
10081
13416
876
8497
6704
5550
12669
301
10970
4026
11386
10141
3635
9074
834
11763
2130
4316
7117
10369
8257
9250
4842
6457
13716
1308
11601
5200
12555
10602
6737
6637
8018
11965
15134
14722
1516
155
3375
838
4181
3114
10979
12169
12188
165
12284
2670
4481
7753
13040
1090
1004
6234
7548
3072
7542
7501
8272
8450
2103
15009
15087
10121
10975
2573
13195
843
2729
571
1681
11262
3685
12660
11783
4225
12826
8068
11247
5659
15821
12639
6750
825
2873
2650
8249
14768
10151
522
7218
607
3883
10657
15080
14858
1582
12276
4053
8663
1199
5734
3926
4884
6747
15709
13461
7925
12129
13060
13584
303
14052
4334
5480
925
11336
13730
4045
5488
14252
15615
10447
2135
10272
9527
5346
11855
10155
13751
4518
11354
3486
12796
4590
14585
858
2051
6510
1339
3464
8446
1642
1516
1133
7123
6793
12469
4853
15191
6309
7457
14806
756
13944
13431
14636
7642
13638
8791
5394
2156
4146
13232
3305
8736
11817
8515
15140
6679
9854
2604
15125
15849
8472
258
6972
3617
1080
177
2808
7389
11986
1615
8146
9930
3398
11134
1573
1036
3925
6967
7544
8071
4199
10849
808
4368
7716
4300
11047
5923
11256
14524
5772
3728
3135
1096
11697
4215
1273
14506
11604
1611
4473
8102
11541
7871
3236
1466
13259
7162
12785
4803
3585
984
4005
8745
9704
11721
13045
9103
1644
8301
7628
7416
381
10763
12864
12079
3330
2489
10585
3286
4100
3410
11389
15642
15633
2977
5460
12892
10139
2246
1695
2077
3230
10052
10822
1287
5774
7868
10390
11770
169
2018
7539
551
1133
4403
982
8815
6893
15919
12102
10993
3329
7491
14987
7314
10468
4448
4206
8960
6694
10253
11037
14276
8658
10211
3915
14432
2079
14306
14554
6601
4676
6093
11504
5810
10497
12486
14625
5742
12405
15079
735
4086
10922
4075
11400
5391
12875
3958
2703
7921
2563
2092
6197
11221
12303
14465
14005
2735
12771
12560
13688
1447
7005
9192
11609
1502
10030
14587
7244
10787
13666
12332
14873
8589
4759
14625
2332
1634
6935
9387
9555
13850
11479
4104
13424
12134
2569
15781
3221
3692
12341
909
5140
3347
14453
749
9201
8483
3688
4798
3270
1355
5482
2143
14296
10241
5120
628
227
407
10015
14134
14258
9846
2238
11682
10332
9160
11463
13554
12852
12157
2815
1992
3856
1269
7094
1409
9752
15134
10559
1375
489
4393
3518
3137
2986
12991
3765
3213
13398
2132
1347
8
330
7938
11690
15015
1098
11506
921
13950
12015
3736
4295
4223
5005
15741
9984
3110
14875
4544
4485
3717
8937
12355
6854
11924
13698
14972
3489
11097
1104
4837
11105
5787
1127
11148
4802
2225
11006
5723
4527
11373
9459
13174
3948
2817
12915
13932
10279
143
6828
14764
8212
15766
15471
15066
42
13170
14038
3531
12619
3495
12720
12076
9282
2199
11576
2436
4424
10934
8159
13304
6307
5970
10478
10255
8787
11746
12540
7418
241
3368
10534
8453
7486
10006
11871
7528
11528
9910
15412
12499
1757
484
8575
11039
7036
4152
13475
11460
3438
9986
13116
9746
15956
11947
8353
13096
12045
9245
4514
638
12614
3401
9091
4100
13407
4962
15981
13287
3224
3745
9786
4981
8581
6713
4372
15617
10865
6199
15430
14304
185
12546
12402
4494
12845
9107
1590
8890
2353
10456
9528
3319
13857
6971
11771
15616
11934
11752
1255
3510
3849
11041
8492
12431
1755
12864
12048
972
3064
15830
3628
7601
12377
4382
12095
13574
1842
13685
10817
4195
12494
8697
11866
14703
15669
7637
14320
15955
7742
15575
3465
11591
14969
309
8022
5076
13174
8423
6048
4590
12605
14029
12191
13334
2411
12639
10909
8605
14676
5726
12800
11170
14423
13018
9874
2444
4656
12546
2399
12398
473
10217
7989
3794
10526
4364
8870
12052
1139
3271
4994
13744
1300
5538
11079
8063
2177
10340
669
853
66
1821
376
2841
14840
14602
5286
7848
15500
7685
4246
15973
6254
587
3768
781
9303
990
12833
14794
4261
1828
891
9913
7366
11970
6329
13895
10662
11350
14748
10728
13171
15124
1921
363
2078
7207
8211
1578
3245
809
1552
9499
1397
9672
10280
15052
10662
11466
13847
3276
1646
14738
13189
9012
15060
7870
6907
9722
3220
10007
8802
392
13484
10723
5107
15562
6283
13319
1141
9528
2480
7045
7379
3877
717
6012
7282
15731
1478
5129
7359
3124
8219
8901
488
7279
771
11747
1001
3992
10106
14155
8736
7590
8878
13843
7153
15161
15514
12646
13041
1995
3691
8773
10224
8760
14785
5858
8491
4615
10987
4203
12091
3206
13104
931
14837
13875
12678
4190
6219
11136
2345
14955
2727
15576
1151
14232
3089
5017
10878
131
11364
2921
8904
9941
11681
12041
15799
8524
656
15139
12727
12747
2345
9831
13678
5535
7707
14708
9725
2278
9844
423
1234
923
15999
6737
15155
7440
11754
14385
7571
7119
5658
4827
1060
1339
5220
859
9864
5876
15998
6591
2623
6696
423
4653
583
12482
3361
14660
14760
13206
15083
4346
2481
3434
11083
5989
10875
6838
4374
6798
2309
10033
15978
3369
15724
5198
8580
9588
11075
12931
180
2050
7979
4955
6704
8562
5789
10065
7222
8901
11623
10658
1600
2457
14092
12683
8446
8967
7873
12820
15766
14534
11205
15744
1903
10930
4942
14836
8870
4369
11767
13402
6420
8098
6709
1476
660
12498
15893
12234
9752
15869
6892
11352
2326
4985
12387
10772
13952
4261
11944
2070
2795
11502
6166
9051
10784
15461
12239
3654
3830
12358
5409
14602
4456
12118
78
5116
12969
4324
5702
6721
4193
12595
2073
6519
1580
14460
5643
3884
7073
1587
10307
14221
13089
473
7272
7873
4286
3511
15880
8117
4221
5289
11071
8677
1407
15502
2145
14376
3826
7847
9449
8019
4442
15874
2890
10374
14335
8533
2611
9760
10120
12918
7981
11562
1743
3605
3435
6030
11468
7667
2499
15689
12956
13570
8366
14364
1424
14863
1092
5250
6711
14894
1621
15505
14768
4511
14232
1455
1396
843
11216
15869
2113
3197
11431
8208
11155
3218
14238
6623
10886
5089
6313
7842
7012
3031
10558
8436
1895
3
2039
12958
14897
3660
12463
13665
12524
15047
15121
13920
15890
14689
13789
6355
6238
13572
14564
1393
791
1154
8017
11677
6244
2682
7871
1608
10065
6782
10044
11960
6785
12083
8918
10034
4096
9734
12051
620
8781
15524
14540
13024
14213
682
3379
8804
14254
1943
10197
3397
7450
6566
3426
13694
9248
11298
3654
3314
6432
13698
3626
1569
14134
897
11603
6582
10631
12006
7202
7764
11531
10094
4788
14096
15128
12520
6900
1735
2815
5450
5132
10265
12016
8559
12311
9617
8209
15965
1283
14641
2016
4909
210
4502
10158
165
11084
9141
523
2286
906
12054
732
10046
14503
15861
10918
9755
1596
13734
15205
11080
7999
15574
3639
8663
9191
200
8628
14826
3193
14996
8087
7755
3498
2246
7920
14582
11387
8444
5220
645
8850
10305
15044
11705
14518
9962
5461
4466
7696
9018
15546
4048
8592
7538
1063
6135
7738
9691
4961
15284
13040
13049
7039
538
15295
3312
3473
15034
108
13045
4032
13310
11702
3076
9016
10220
13038
2829
14686
9087
11847
2585
1487
8792
10123
2550
14927
6213
593
8241
5497
13633
5290
889
2524
8937
4201
10349
12323
8661
7394
355
5971
7449
7783
3339
1669
9174
10520
4708
6613
6368
7293
8100
3512
1416
15002
6791
11981
3947
15032
1479
5933
8674
6720
12809
5963
10921
7158
6639
7934
2904
11346
2257
10353
3130
5597
375
12304
117
5083
2917
10837
12376
15369
2701
13792
2723
9493
14125
6670
12877
15604
955
9904
6324
13764
4219
5597
9274
10858
1883
12179
10557
4141
10884
13687
9738
11259
9991
14207
342
1260
9045
12718
4981
11746
14862
7704
9591
12988
2726
6469
944
3682
4725
11621
5798
8944
1218
15073
8155
7454
15604
2712
11595
10488
399
5333
5748
14742
3540
6090
4354
937
7161
9335
1036
6023
1039
10627
7363
8117
5448
8308
11799
10173
3929
5950
7470
9499
5023
15625
953
8979
6689
12548
3467
11440
6233
9215
14534
14126
3658
2888
15063
10819
575
4451
5194
5966
15079
12558
14083
4527
9218
14235
3053
1499
4185
10523
15350
13560
14500
304
6539
5189
1204
14358
4981
11790
7574
3515
14268
15584
10755
1683
14755
11330
6135
3949
1296
5214
4859
3731
14093
14077
1966
1146
3928
10503
11669
3279
8063
14521
7935
2954
8062
13491
1313
13043
9281
13239
4910
7549
12823
15665
9233
15930
15347
15368
3879
4995
8934
8739
8727
7027
11168
10693
8174
15097
5197
8195
2376
1612
11069
10311
4567
3131
7802
10232
4527
5436
11823
9437
1337
8646
13455
14922
12928
12802
2642
807
1798
11576
13898
14877
6956
9067
9570
3482
12516
3119
11677
3244
4732
11098
1907
13651
14230
14061
7883
7109
3497
3706
546
9187
704
2353
8109
13632
3508
10752
2791
9658
10680
690
8535
1636
14109
2105
5118
10625
9577
5148
2221
14309
246
4128
11960
2828
2189
8195
14289
10039
253
3188
3226
957
5541
11335
2941
9049
10439
5732
2707
9472
10774
15594
11108
8883
1700
4579
7860
15629
14079
10081
13938
14325
14209
14250
5506
4751
6445
3795
14790
6698
6983
2016
12007
877
1703
14948
14278
495
9032
5338
9967
3807
4932
9427
12690
10984
2358
8903
10613
437
2984
8551
3115
5546
6801
12973
14649
1598
768
13439
12648
12104
3807
8655
1333
5510
11955
15611
10357
4988
4949
8676
13147
9882
6456
9837
4866
8814
7092
15480
9252
10077
12383
719
3975
7537
13692
2624
13487
2812
4415
10136
14916
8222
7143
4601
2084
7451
8565
12442
791
13514
9470
13938
11748
15926
12127
4967
8741
3220
8799
6345
1649
5182
7064
5624
1071
4756
12600
14559
7568
5367
13047
10837
13589
4190
15438
4025
15993
8003
4819
784
9870
14290
14722
5618
14216
10850
14937
11309
14070
7736
1654
15719
1271
8718
9695
2342
13474
10647
901
9395
14
13948
4232
13603
6491
8022
5980
6484
4378
10800
7269
14248
9090
10343
8218
11658
5193
11508
6968
3263
3244
8622
7334
4515
1341
1029
6858
3167
28
12111
914
42
14412
9498
1997
4903
1521
7978
15739
10251
2778
7008
12851
220
1352
9421
11878
10897
4929
2846
2513
8174
11469
9847
1041
1162
15229
12251
8681
15257
8363
9596
15300
6775
3094
5649
30
8967
13627
15769
3218
4757
11130
69
4977
834
9491
856
11731
14420
8054
14244
10946
3523
12444
340
9037
25
12591
6071
15282
4954
15667
2934
81
7113
12936
111
81
10563
4233
7651
3673
15363
7721
8650
197
5564
13858
280
8336
5913
14525
3283
13788
15321
3623
11178
15346
4566
1249
2980
9521
5268
10267
13954
12381
7203
14066
814
6118
2299
8466
9791
1662
187
2442
6211
10103
4652
6491
2439
14917
9368
10074
1058
8689
2049
12236
12387
6616
1837
3720
4489
7105
13987
2443
3486
9542
509
4301
15660
7160
1119
9452
13174
1306
246
3385
11409
9250
14229
2200
8168
7597
12275
9226
4639
2676
9814
5378
9292
3
9098
13781
7108
11437
225
14946
4979
5086
7599
4640
12247
8718
2444
9421
10024
2690
1159
9785
292
15388
338
8460
11337
12613
6038
4328
15289
4204
9707
12934
4207
2805
10715
11315
14243
15292
14614
3222
4379
6213
12214
4978
14932
14658
2751
13308
5700
8262
11446
5993
12002
11784
2805
7340
12749
13196
11668
390
1400
5375
13324
9960
12533
12392
9627
10776
36
8241
2350
8767
14455
2917
13745
13387
1575
4849
10695
11628
13111
6141
5973
13466
6277
13130
4806
3026
10326
4826
3417
79
14554
5093
10039
15439
1485
3666
10215
1522
260
917
10289
14715
3834
12387
12102
9762
5588
11149
9742
2699
5643
4067
165
11920
1197
9323
14947
15876
2502
2364
4307
5408
7457
2698
4847
13295
10716
3414
3169
10976
4331
1810
9691
12518
2549
10145
10632
8137
5295
4374
15189
10938
12793
3706
6858
2342
13030
5805
2218
3884
12521
10877
9292
8331
13575
14139
9978
8292
1553
13147
3268
10236
3309
1312
11106
5859
11457
5738
13996
752
14464
1537
42
11257
5244
6901
1952
6626
1058
4170
10510
1932
3400
8154
14615
975
6293
8593
13619
12198
10092
888
10786
13401
6552
5893
7612
2009
15983
9961
7114
2800
11498
7156
2409
742
2409
4361
7368
7820
12884
6230
9752
284
14384
12719
1259
9029
9664
14879
9579
3756
4119
4366
5509
15023
14611
13122
1032
2946
7083
8146
5746
2581
3655
8156
7676
6064
12517
3396
2236
9401
9627
340
14037
8011
13059
15297
5393
6723
2528
14972
14831
10999
7690
4341
10022
6301
5815
15406
9248
1250
11905
3346
8183
15560
11502
15859
9976
12372
3256
12213
10125
12883
12553
8163
9246
9613
11812
2991
4688
2692
1964
3520
13691
9654
12213
12065
4308
2028
15823
1908
3278
11728
5254
11461
11288
5109
15673
9617
5833
2929
5830
15958
4164
6735
8121
1762
4700
8285
4754
9389
10977
11070
1261
13020
9076
13474
13437
1736
15502
13261
3644
7132
8989
13251
6945
8630
2360
6618
6599
12545
9547
12429
12503
2063
3164
8977
3826
7865
1262
12932
5606
592
12354
6867
13612
5430
4341
11050
7167
8195
12663
15163
3679
10004
12414
10624
2634
3126
1243
13585
15671
15142
10014
527
1206
1531
9504
9384
13748
15118
6316
3354
15710
2670
14573
1675
12452
7266
1077
7971
15461
13740
7135
3140
7744
7901
13764
14731
11028
3359
12316
15051
2502
10683
15578
3708
12214
13434
13092
14314
905
7760
6020
615
14782
4593
6642
11234
11859
7719
3206
15672
9811
14693
2812
1556
6594
4928
287
1622
8288
12603
5026
10790
7286
4604
2850
7852
6391
15942
10518
7296
7702
538
12263
6484
5131
2906
6070
5342
14977
13628
5014
8789
12321
12178
10345
2916
1107
14984
8890
13747
15939
13916
8537
11578
2521
11387
3430
8912
15681
2301
208
11735
2839
823
6571
12323
3729
12641
1665
2707
10270
6680
15848
6591
7210
10193
13859
8317
13529
6750
6064
13468
4666
2953
9046
11539
2692
829
8803
2373
3130
13363
14108
5969
14187
4679
6644
1916
5673
8310
8975
4295
3342
8823
10886
10552
7368
13098
7222
4897
3848
1638
2366
8514
4592
15764
8406
11636
593
1209
14010
8075
14573
470
2397
1112
9502
9041
3028
15175
5703
356
3470
9045
13531
2708
7950
4900
15806
3524
14149
8006
5162
4867
521
14106
4632
13279
9743
9577
14488
12105
6005
1413
12575
8402
2525
10429
5795
9906
9604
11499
10262
1426
8896
12145
8487
5198
1045
8293
8722
3547
300
2237
8414
5173
4695
1398
2452
14438
15328
5292
14895
5333
6706
15823
2087
9231
10252
7882
3137
8209
7733
1751
9635
4982
13897
2122
10180
3294
14768
7255
11193
3420
9492
7960
12945
14187
9358
3749
978
13038
9041
4225
6723
4099
4048
13162
1683
2653
9397
4820
10862
1130
10924
8849
6112
13173
15324
4645
467
2444
11900
13
5864
9744
7973
7161
12283
5683
10910
1613
2722
8303
5839
13797
12403
14239
10960
14086
892
4357
7258
106
9839
6534
13308
4304
3707
12632
8949
8527
15076
9201
8540
9292
2945
513
453
15228
10548
15715
5194
1622
8018
11033
15420
8773
13624
14732
11211
2869
3089
2470
2975
1280
13356
4635
5584
5416
1267
2885
13943
343
12086
10835
13987
15031
15700
14440
2612
10248
14155
7806
11871
10526
7191
15643
3299
9167
14375
14511
12036
1464
5333
3364
7096
7041
7999
12681
12457
9267
3918
10400
13962
5
9587
11950
3388
9287
14742
10352
7888
1250
2158
3759
11776
13701
3402
3427
6869
6129
1938
7257
11945
11623
10621
3041
2665
2621
4074
15122
240
7993
13875
2554
7998
11814
2856
15738
5102
1599
10091
1342
7201
601
9453
2977
14303
1207
10756
9524
7336
12695
781
3281
12670
15755
6322
3687
2376
14749
2810
6968
6742
5037
9522
3092
851
731
2830
10305
6682
12921
11647
13883
1875
9452
5212
4530
10659
15968
14054
1995
1015
3187
9628
13686
2942
4303
5725
9670
3052
8535
638
9794
1924
14513
12886
7128
15244
4068
1433
10278
5342
1433
8161
7217
15237
1725
11747
9897
1693
9801
244
2709
12988
9873
4747
4283
14176
10472
13953
5580
7360
14592
15374
13636
1457
612
4764
701
4680
10550
10979
10022
335
7492
1239
15572
9217
12986
13821
10910
11139
14066
1971
12480
12291
11070
763
14819
9895
14716
4399
5607
1660
3773
3243
3117
8737
12360
8170
1769
11262
7501
11792
11597
14993
1383
11169
8210
2722
8991
7473
2213
11409
13796
14693
7700
13219
3808
6519
7114
6877
10918
12721
8537
3043
4316
7
132
5028
8177
1901
290
15679
13693
11887
14672
3429
11409
11235
6151
8752
7060
8364
4161
4856
11410
213
2075
15218
6732
13541
6095
6002
14614
2985
13397
2931
2992
13529
12311
11169
15430
12602
15200
1476
8489
2225
4905
8250
1812
15408
1002
8872
12124
9515
13728
7534
9728
4156
11105
4812
1697
5552
10814
4664
8537
12563
11947
11529
10092
8258
11051
13875
4860
14603
15351
1702
828
8608
14304
2640
8016
15307
11512
8492
13174
13593
4379
6903
6101
15484
11715
12150
5036
10882
814
1926
11797
12761
1807
5890
5020
12858
3765
14232
11462
7468
15934
642
76
14239
7635
12444
1898
7499
4936
15072
5092
9315
10327
15545
13151
10395
11696
6540
9629
862
8466
5426
13624
10273
11316
6996
11484
3433
5228
11298
10901
9515
292
15329
12106
7927
11773
14004
15427
710
1428
8871
14377
11756
8417
11529
6151
8465
6421
15780
9327
14887
9558
11303
13512
4875
2299
13348
12660
7528
8646
11914
1043
8939
11243
13149
5218
11369
15505
4645
431
5285
1869
14808
1041
10286
14689
11544
7103
5110
15676
430
3997
9235
11734
5862
2462
14033
3210
3474
9913
209
3740
15308
13500
3336
809
2718
14705
314
11716
15136
9952
13585
13944
15345
12223
12634
10890
3326
6096
14918
3756
14446
12505
3842
4308
3319
6228
11870
11146
4493
12079
14886
3802
13931
2222
4611
650
927
9278
12366
4415
3230
14303
6712
2575
10526
7698
1817
13852
13794
5088
5960
12240
5945
14155
4900
13617
4383
771
8763
8876
1202
7649
1030
15134
14224
5642
15784
3503
3272
502
7919
10854
14805
14631
13429
13683
6329
3599
15887
8475
13039
5847
4716
2984
8354
9616
601
1089
10387
13716
14318
11590
9718
15348
15076
7942
9342
14860
11445
12614
3714
7716
11820
6871
10699
13602
4554
5380
1201
4441
13856
2592
14640
2572
5576
6995
540
10530
12436
15280
8246
10754
15222
1964
10103
14298
14258
7797
13158
14056
4412
5224
5772
4584
12095
4824
2186
5001
10204
7739
13794
8060
10331
12434
14984
15908
7781
15525
14790
4218
3157
7036
3324
2379
13353
13427
677
11611
5225
2187
9667
13989
7411
3792
6925
7858
12968
9112
12859
7172
851
10653
3585
11183
11439
2569
15443
7573
6446
14233
143
9603
9621
3467
11982
6974
5247
1011
6938
14824
3198
4957
1165
14961
13101
8090
6819
10069
1202
8030
1242
6406
7035
4827
1589
6827
11748
5384
14400
2195
3617
14543
150
13238
6362
12133
8565
15961
13144
15503
14785
4695
4460
15950
8008
5914
12393
14828
15983
1947
11210
5577
8353
2246
14756
14294
13425
10505
3678
11825
1052
7295
14720
1202
8886
9434
1687
5803
9396
3184
5306
8181
7879
14118
12484
15887
4032
8877
3067
4016
15176
2630
9593
7530
9228
12702
5824
6653
7207
9503
6830
12611
5150
5550
13813
2388
14984
3853
8191
12732
7037
1849
4914
3268
15968
5750
7507
8352
2979
14927
720
2155
1557
14666
14037
15137
11368
3862
5790
2575
1717
12620
3538
11219
6522
1351
13608
9858
9556
10151
6591
593
12001
15857
8213
321
5607
15721
8673
12938
14648
9394
15093
4557
8060
13131
3694
3428
5345
13836
10355
11414
14808
13893
6633
9682
3596
8593
3540
13153
7097
10131
2098
3098
9988
10312
3419
3947
10033
444
885
13033
14190
4331
1590
6250
5814
9636
14030
11159
11824
12737
6573
14984
10630
1558
8666
2579
10152
12206
15732
1249
10690
1830
8699
9030
12142
470
12978
10527
5266
13863
7560
3457
6546
13502
14059
12360
11490
12090
7519
11666
8827
2444
10650
7810
4003
7668
10389
2507
3875
14473
8108
2917
4655
5159
11947
5150
5629
8925
15677
15247
11141
11590
2704
1687
9092
764
2400
8935
1206
14271
4601
14385
716
3604
6195
9071
11272
4936
15930
3499
7761
12390
6416
12417
1549
2364
1567
11530
15641
5596
10777
15134
1186
13482
5174
14631
2598
7574
7566
3804
5845
519
6541
10913
4123
1089
8336
15396
6025
12618
7247
2139
9008
13664
2908
14909
4380
4475
10439
8373
14423
9569
7508
15610
11403
12682
14241
14001
4256
10159
6157
14453
10678
12698
13719
14802
13787
6055
2550
8165
2674
14149
10304
34
11813
13212
14944
4545
6039
13735
12919
4462
7304
4427
8424
2707
5461
6665
5060
14069
824
11217
12522
15855
12268
14593
14657
10055
4649
5559
6572
11675
3708
5228
11709
3874
2440
15005
12771
12831
12741
9690
5646
4045
2469
14070
11105
7930
4736
165
10351
9912
15735
6874
9767
355
5467
12776
14762
14468
6687
5335
14495
14748
10563
10205
2622
1356
9210
15393
14187
5951
13436
3833
14349
4257
6256
13806
540
15344
2323
10891
9256
2058
6117
7376
6765
15937
8504
5528
14405
3544
10863
12901
2292
9778
11458
4914
11134
9020
8659
13674
3324
10447
5859
1673
14705
12115
15479
15245
11459
1802
10136
9068
8213
254
4796
3330
191
13300
8858
2948
5196
8073
4201
7488
1852
15659
12402
1338
8680
9414
3364
12004
3861
13576
2029
2566
9691
5860
6163
9503
12014
300
2571
4227
4906
11719
7558
9449
13371
4768
749
2568
12842
4951
10056
3046
4610
10811
8736
1642
4225
453
13646
12438
14029
4027
3357
12072
9887
9520
5575
5902
14172
12498
14481
7430
8217
10391
879
5589
15160
5981
8157
354
10932
2213
3400
3894
13024
488
5537
5601
941
7535
2040
3322
11563
5397
15395
5450
3269
4970
15704
1442
1469
14186
13224
9686
8577
2456
15275
12089
8437
7432
12443
3369
9646
4195
7263
11022
4684
12800
624
9977
8688
7016
13300
4251
765
12695
14053
4034
1665
2110
9828
7486
296
7053
1173
13225
9509
4800
9315
1946
12233
10110
9667
10231
14306
930
9605
2990
2083
10229
1319
10771
5597
14619
3374
6362
15666
1427
10397
1332
3537
4225
13170
8185
15630
14343
5411
13491
7496
3078
15437
8081
13188
13456
2312
11494
14387
269
2836
470
10499
4156
15593
4448
7127
2967
10811
6794
8746
5208
12478
636
13785
9648
8821
1768
12344
2584
15259
8192
10014
3049
273
7203
505
2585
7049
3244
7206
14238
3714
6057
6746
7659
10506
13873
10626
5317
9019
3373
14877
5497
4009
12662
3498
1182
2782
4194
3767
2042
12386
2133
9443
12659
9336
9948
3596
4738
13193
10802
2976
5259
860
9722
1271
11366
11947
11897
683
4967
3622
3912
14816
11983
4926
6666
1518
7709
10860
5285
14103
7246
7418
7546
8257
5107
5846
11853
14197
7391
6656
1173
1003
11868
15247
2274
7234
15546
2523
12269
8865
10498
181
12034
6481
5107
2700
7999
1168
13561
1636
15271
9159
13407
11169
1417
6866
1016
13270
5063
12759
8278
10588
13762
8498
14187
4388
4084
2085
6912
353
10951
1410
4886
6985
12243
14346
14037
8595
15514
11598
14583
3138
4758
342
14307
10527
7208
3675
12149
623
435
4428
15563
2549
12926
13750
6938
1011
15836
2202
5716
15139
7964
14955
10476
8559
13301
8513
1154
1167
8464
4090
8657
13222
4432
6965
12101
15993
14992
8250
616
15427
12678
180
6329
13957
2282
1619
3320
6470
3821
13388
9961
137
12343
4437
8696
13996
1303
14203
3516
9767
2293
12173
11341
11077
7490
7442
11070
6483
15692
39
10262
723
4571
4943
3032
6853
6562
6352
1676
10383
8092
11637
10520
4436
75
7569
6784
1378
5772
10300
15497
12417
10826
10838
11846
6668
2280
11269
13151
6324
11308
11766
7047
4231
709
14431
15436
7272
9135
1112
6007
1228
12750
4880
10016
1177
801
800
6907
6573
15453
6404
7342
14631
1242
3188
5299
7874
14457
6803
14198
14117
2569
9598
2348
7630
8029
1785
3254
1165
2897
13614
2393
3999
6846
761
5176
7647
5913
12083
2572
5366
6839
9914
3997
8081
1454
13649
15955
15912
4452
2506
14029
11373
12104
4730
7355
4133
6515
10610
9650
13764
12576
395
1764
3422
1156
11292
11069
7070
7376
13641
788
14215
11907
9138
10649
13361
6787
14956
13273
15591
1462
15655
10964
1918
4385
2319
10404
15252
1281
4054
13016
13857
4450
14780
1279
9958
10073
12348
5380
5801
14341
6169
8368
10248
15307
7369
7610
10446
6326
9235
10037
12140
8890
5001
14059
1627
11672
8463
879
12954
12517
2248
10811
5319
1028
443
3630
15453
1143
9010
9606
15485
3531
6327
14085
7190
13696
10047
1636
4022
3283
25
163
525
5026
2574
6505
5051
11037
7384
2005
11906
9632
1168
5578
15013
1611
9208
2818
2755
6570
12425
2240
10102
2752
4677
1292
4800
14725
7281
8823
6360
7306
13338
6885
685
4264
13390
5736
15301
9127
7741
15559
7111
13261
5137
10476
14873
2697
13295
1628
9268
14072
8220
7722
5176
12897
9014
9976
11622
295
7151
1982
11954
8841
13220
12639
13105
14962
2375
758
12441
14468
4670
3553
11729
9807
2381
10602
857
4028
582
10125
2100
8802
1847
11628
5700
15213
9957
5674
3861
5460
7657
15815
14302
9229
12454
15759
8191
14829
4870
4633
1649
9540
12538
13378
7699
14919
12333
8556
2948
12915
7033
9400
10070
8880
9381
15770
12446
3338
5444
307
8798
1453
122
11452
10682
12576
15564
7226
15757
4434
211
5758
2326
12749
3136
10025
20
3821
6934
2968
5089
13967
721
15159
11200
10102
3281
7646
1792
8725
12305
10590
14531
12427
10395
13565
13355
14311
4791
13112
7097
5002
2870
9423
6103
10358
7800
6124
2532
3086
13444
11973
5406
14165
11132
606
8267
14413
12604
14411
11490
8909
13354
14373
5336
7749
11939
2691
6060
5082
4155
1509
14437
11377
15284
4540
10087
7084
10664
12619
14523
8109
8592
3929
10626
8076
4535
7246
10841
5491
5657
10684
14400
3011
9057
8088
10760
9348
15131
5172
14431
3286
11033
12868
3015
10317
5760
13102
1402
425
9722
4277
12886
6666
8206
7512
14743
12741
14758
9584
6584
4416
4268
4984
7427
1678
1424
6540
11026
555
64
13809
8193
11098
15029
11208
5415
4790
12662
11169
5215
10736
15446
6453
1403
7652
13965
4498
8745
1076
14082
15329
5492
6703
8665
1271
12733
10089
12163
12111
10644
12228
9921
7189
11678
8950
2397
1093
13740
15060
615
7307
9796
4413
13760
15551
12066
11726
4049
9163
12802
6484
12845
6646
1539
5510
12269
14272
15600
8433
10383
14596
9013
8656
5786
4691
1607
12535
10136
15347
15947
15103
11007
14096
3517
8767
13647
15583
8845
6049
13098
9999
12533
9943
4997
14072
3806
1267
696
3406
9700
15431
6354
7065
8088
12140
11756
14047
13028
10244
1746
12975
9348
12753
11071
12865
5521
13071
800
2718
3120
13898
12718
15653
12194
1715
2077
0
2982
7125
7758
1034
10908
14112
8099
7348
14605
8207
5395
11633
6804
7142
12960
152
8247
12384
13017
2120
9455
2169
4839
927
67
5909
4932
613
7624
7009
613
14959
2486
8371
4345
13394
6484
797
4743
9441
9004
14490
5074
15808
9984
6386
4312
2232
2770
5681
8704
12225
7850
1895
1504
12270
7804
6436
12883
3781
1797
13497
2740
4283
10220
11437
6030
5056
12234
15125
14497
9591
1967
7923
13751
11952
14310
2064
2536
1080
7745
15592
1658
3948
1488
3162
218
9292
13951
13101
1425
15748
14950
8517
4032
9171
3955
14414
14227
189
13539
1077
14132
15506
9000
11884
15810
11662
2300
2346
1095
14397
1939
7105
2345
7779
14619
2563
5423
12570
4017
6849
12319
2967
15366
351
490
3321
3117
3070
7863
656
4147
10347
4514
13147
10583
8677
13162
12883
11023
14257
15633
1314
5362
1978
13445
3981
8894
2869
552
12911
9718
12871
4230
9084
1574
4721
758
4691
12143
12973
9699
290
7320
2565
1789
6256
11242
14951
3139
10618
13208
2772
284
6922
9103
13730
10904
1997
599
11456
3260
10317
12679
11842
7753
14253
4915
12863
7296
1058
14188
995
1348
9861
7912
7490
117
3155
10793
7608
13773
8002
14733
14057
3276
7836
11787
14180
14185
738
13988
5797
11055
15019
1639
7161
13272
6555
4024
8920
7613
2213
14267
13314
12074
6180
9156
12191
9335
3949
3799
11460
303
2532
9517
3580
14720
9657
1760
12905
10395
4101
7054
9803
3120
8694
964
4745
15249
9340
13665
11214
11553
285
12880
11979
6465
6036
12522
4152
9986
4674
15612
10289
7206
13481
13869
10279
7138
3982
11536
5886
8083
2591
15689
15555
11285
653
4300
14886
9993
6318
14452
9899
6603
15685
5878
1420
5721
6753
5572
4059
11427
5184
14349
2633
2665
570
1264
14156
8904
12801
4042
5339
3744
3731
4895
3381
8736
13547
2267
7081
3865
5071
980
14820
4756
11211
240
14830
1964
10164
2889
13391
15348
5590
4376
6366
6161
9993
4522
3417
6794
8564
8757
10538
12295
13652
2271
5031
15551
8890
12112
3417
13961
1445
6589
7070
12656
11182
5900
2972
5346
13141
4715
9047
2732
9091
15413
13245
3084
3935
662
14230
12499
9419
13120
13146
11423
15391
6529
10975
8281
6993
2744
10595
8438
13685
1665
9446
8867
11917
12418
2566
9058
5485
11613
142
2929
11026
13387
10365
14961
2402
8596
15812
11821
10068
12958
11597
13812
7839
10924
10445
14832
13668
5040
7271
11353
11057
5069
8573
11326
5840
11139
4385
11325
6752
4527
14254
1778
6267
8620
5091
8669
5568
9255
8842
3988
10565
4439
1800
2404
15363
598
1236
1383
9990
12859
1089
5048
1929
9662
4726
7769
4801
9111
7446
11553
1991
5701
1683
8258
2673
11126
927
12593
4381
14121
581
14946
6913
6734
5702
6276
11684
6938
12012
5674
8150
13101
15074
10079
6763
3801
6200
15916
12912
13646
15821
3255
7699
5856
11513
14724
982
792
11317
5363
3266
11899
8661
10179
6985
14363
4807
2669
9653
819
8343
6155
2272
7418
4586
13387
15571
10786
13303
835
12785
1476
4091
8836
7332
3956
7561
8314
9101
2878
2029
12367
3129
15042
6546
10114
1757
11353
1135
15763
525
13831
5918
2797
5249
10505
185
9172
9643
1840
10007
6428
3317
14098
15265
15001
2055
11178
7316
15508
14056
13697
11875
1186
12740
2421
15652
14497
2126
788
14260
2651
14619
4179
9801
8220
3036
14338
5744
12679
4530
15751
7460
7847
13850
11077
6849
4257
6255
2517
3765
4311
214
3992
9849
12954
10765
13854
15804
12891
2994
14064
3895
5965
6595
13696
2537
9631
386
8281
6311
4916
8032
13771
1116
10234
8848
12317
2843
15103
3186
10960
7766
3400
14952
5968
4707
9717
3822
4511
6609
11168
6927
14856
1133
1875
904
8022
11506
1290
303
6169
10558
12687
3940
11674
6922
1140
12343
14117
4595
15529
9078
714
7282
8030
6682
11989
1748
14856
4852
12709
10024
131
15917
15509
2006
821
7531
13513
6463
12186
3682
1021
8873
11975
1048
4147
1467
13391
2265
6063
1273
11343
6777
8555
7725
1811
4544
9473
667
13748
10534
15043
13879
10451
2904
15886
15624
14787
1751
6087
10973
9785
11461
8198
10112
12509
698
11580
14252
2963
1643
15525
2658
12772
8080
10383
14583
976
8209
15250
3076
2743
2645
956
1547
5549
5194
1171
8688
6945
7259
3661
5082
2720
211
15195
3581
909
15127
6185
8224
770
5711
15234
1894
2143
13970
477
7472
6179
4079
10548
13274
11076
15856
3173
625
5050
4345
9313
347
15956
1326
5430
7028
5889
8977
10609
6799
8104
5146
3375
13226
15209
6962
15120
5705
4932
3949
13177
11111
12380
12077
12737
7456
11934
15911
12433
984
8608
5746
5684
8564
11424
15466
15592
1313
8443
14553
12464
4899
3699
4192
6477
7261
11154
9949
12966
86
13898
10143
15549
10278
