2000
6347
14584
15064
1468
923
9978
12787
1632
10017
12109
6509
3693
6213
6693
12403
3265
1060
3104
2965
3754
905
8726
3533
1414
7093
13085
13442
13091
8182
4113
6250
2881
2697
9667
8702
7973
3645
5489
9605
2014
1598
4466
5708
7811
15512
6463
15428
572
13919
2394
8678
14824
11120
564
238
6566
13649
13680
8009
10184
1794
14259
1417
8843
12278
10119
816
15924
15608
14773
6290
5558
3240
350
1721
7104
6813
1150
12028
4732
7896
4707
7908
7368
9623
8146
13934
11624
10179
5943
5808
325
8555
7226
9168
4833
5697
14337
9109
5306
13110
15400
10864
4702
15750
12586
11806
10916
2088
7835
4000
9984
894
11909
1352
14869
4055
3639
10493
14234
13934
4654
2911
6489
11880
432
15675
5929
14769
8784
11235
231
8184
10452
4934
12287
11390
5092
7203
13478
1279
15555
11814
6525
11464
13166
5394
15520
5157
15888
2106
3092
4542
5018
13933
4774
5450
13608
10703
8571
6393
10291
8802
2929
4743
2088
3568
4485
11533
15123
1963
12812
14679
13777
7690
10143
15295
1436
9663
8805
1324
122
11897
10218
5140
9830
3344
14942
11791
14048
7513
2184
12691
4667
9465
5786
6756
13034
10271
6641
509
12234
7805
15188
14363
15495
9332
2010
932
7347
10815
6608
7469
6712
827
961
4895
4171
4255
5038
6571
120
11574
3262
4788
5039
13400
15896
6425
7671
10889
6935
8257
2694
6123
6620
2190
3807
8631
7474
15507
7798
14082
11328
14511
3261
642
7758
11785
4897
1148
2356
9370
12722
9971
2510
1761
7371
6758
12539
3395
1647
3474
11652
4341
13949
2273
10883
6109
15256
2357
5616
7054
4792
944
9917
12405
5938
6027
8190
10836
7175
14899
8558
3897
13222
11068
10011
8945
1826
6550
12340
3473
14376
7993
12166
12325
14618
7050
6786
2226
13759
12402
9280
6903
1699
7550
3309
7637
13577
15851
6825
9105
14750
3735
1354
324
14803
11365
9270
629
6267
5610
8454
4643
1955
4621
5321
573
23
12107
2799
13782
8510
432
4686
14561
12334
12347
10550
9911
12198
5728
7368
10949
9463
8723
15625
8267
4088
8895
13248
14708
2858
10055
3351
4813
3028
8672
9739
3051
4780
890
833
1642
5674
9871
4555
2008
6218
15105
272
2417
4833
7640
1718
2649
363
1343
15268
8804
14591
12516
11864
1449
10923
15215
10614
13951
12240
8705
1002
1020
13948
6188
7014
3622
59
11569
9983
10630
15026
10255
1399
8212
1895
3117
10861
6611
8812
10129
3767
11755
10997
15631
1556
5921
3198
523
3872
15438
9228
9227
4810
11528
15415
11824
15151
3826
11745
9134
14456
10772
7741
15855
2984
9636
7324
2197
4599
4489
678
12718
4596
11675
701
6153
5948
3900
6676
14173
7690
4256
11752
12501
15785
11167
8325
3288
14993
8423
774
1802
3195
8515
6009
10531
6503
13334
1080
15455
6175
1758
525
10771
1785
1227
5276
12086
9479
11952
14611
1169
4561
10363
13670
8698
5530
10348
338
8875
2771
5464
15029
10318
13979
5039
9201
8834
6725
10281
12641
1252
12039
13167
12023
2176
14394
1300
14262
7873
1604
12873
13394
10517
7236
15417
7567
1118
9765
7905
14346
888
13369
13375
15558
15700
2414
8759
12887
13491
3040
9528
14743
3431
6695
10767
9959
9441
419
8222
5666
6375
9447
3061
5245
5036
2478
12812
10506
595
9070
8852
1483
6439
6228
1041
10492
12994
14152
7379
10486
5544
907
9229
13327
7603
8348
7286
5396
13119
3860
11063
7847
1660
14124
13092
6696
602
14256
1202
1197
7326
14407
7032
2118
4635
12425
12610
5981
10577
3989
4819
121
9248
2401
13448
5203
10749
9086
10600
12221
12947
5663
4068
14607
8139
5512
9655
8741
8120
10857
14290
3799
9264
9674
10269
2251
6099
6879
12585
5028
15220
1404
9501
12820
3805
6949
2024
2907
4387
976
15128
5686
6639
7548
4293
14778
1412
13948
11871
13884
13158
14513
6035
10774
8187
304
1378
2638
11535
2315
7666
15107
3719
1167
11928
11877
12468
2304
14784
855
3280
2264
6542
9919
14164
15187
13049
3928
1488
8920
6164
2998
11785
12200
2124
3972
12504
3502
6610
8040
5817
2628
11499
13889
3795
7427
9766
263
9731
12902
5470
13011
3518
364
11282
6034
15552
12683
9962
1040
9955
4478
8390
5740
678
10514
14064
1535
2369
4674
13927
12538
11654
9426
10427
15449
854
8545
4064
14937
9799
9535
301
13317
14251
11583
3351
13803
12619
1665
3195
6574
6144
11585
12315
11174
10452
10379
12709
12821
3406
10636
9359
15060
8415
8139
2862
9269
684
6926
12558
14836
4813
12859
12153
3065
12795
3857
5220
9414
9874
12768
15988
4370
12705
655
15545
7157
15387
606
3978
7145
15595
13338
10557
8010
9829
13419
5631
14865
8698
2189
13701
1863
15049
14207
9280
11844
6416
14501
9610
290
15621
13950
9013
12326
14606
12910
3484
2345
13516
7462
9490
1463
9152
4047
9473
2981
5819
3456
6199
2869
5646
3900
4732
9047
2107
14013
9243
8523
866
2853
13166
4839
803
6179
1165
3761
3089
4649
6106
4957
464
3948
6421
9616
12348
4246
950
2167
12055
11501
9388
6053
15401
14120
15100
5861
485
8343
2736
5703
15548
4254
10542
4703
10433
11708
12817
1874
4709
7275
11184
5173
11224
5957
3142
11924
14555
8444
2443
10610
3945
11831
663
7698
9951
15763
13559
14789
12458
296
8844
358
4550
3387
9414
3336
3447
6231
9562
8156
13506
4746
1682
13082
10703
4824
9006
13611
13268
11449
8221
5565
7280
8885
13263
5584
13000
10823
8725
13811
15471
1569
2521
8373
9308
11935
61
12755
2166
13976
9264
4025
2722
10946
1107
1778
4122
10114
15389
5742
9915
11962
11307
1196
4847
12922
11132
6200
12097
3857
8363
15920
5426
10884
12646
14735
11172
12707
15842
1690
10683
9106
5715
1758
8404
11175
7888
878
9641
11629
6620
3556
7591
6279
9104
791
3202
4236
6991
15299
8093
3706
15220
1872
2942
11866
607
14114
12925
449
4157
11961
13908
9872
2071
10664
9399
9959
11543
7392
5588
6515
10949
13179
12795
8405
2322
4349
12642
9313
8000
9087
1371
7220
10959
4314
7438
11566
6780
8716
368
10937
4677
2628
9162
6748
1644
2561
5059
13187
9954
10647
8055
9255
12178
9202
1660
14501
13551
2654
12166
5551
11742
1890
1124
6701
6204
12914
6620
12984
5630
11340
12274
14659
13968
5436
5407
3964
12349
14818
5504
10655
13817
13559
8262
14348
6761
9923
12849
4312
929
13367
14215
12671
15257
15339
7725
9813
12254
2697
11150
6236
14037
7424
4896
357
1212
14655
4321
13561
13474
9825
12569
11291
7384
4831
9639
2497
3106
10840
11161
4036
12560
9377
5059
11817
13068
12784
5631
9322
15481
5133
3911
13518
12557
8807
2227
2121
7462
6549
15682
9288
4726
603
8932
12111
5435
2571
2960
8541
1764
14122
929
14324
7499
5989
14493
4567
7125
8476
2242
6607
13609
6153
8477
14518
3312
15057
639
10774
5606
4674
8415
10332
5277
1347
10795
15064
8270
13756
11958
10034
230
12887
12710
7729
7228
11204
648
14354
3680
7242
9313
5642
1747
6142
4160
5059
5199
4800
4186
10805
9474
12601
9490
14751
13948
8637
2168
10570
10745
14126
4605
10975
11013
5667
7056
2242
871
7705
4948
8904
3299
14261
14546
5047
4403
7058
10106
9603
11858
2644
8760
5332
15245
6602
8436
1545
15240
10604
12116
14337
13082
5073
9313
8095
15092
369
14689
4316
12426
7989
13220
15726
6250
118
9125
15006
7176
7583
8609
7387
10228
5721
1071
13825
676
9507
3723
4268
8463
4191
2605
9897
13616
11918
1993
12708
640
5034
1024
1418
13024
2596
5496
7626
2714
14621
6632
14243
6205
3593
5630
4785
13667
6701
2610
14343
4561
10685
2611
1376
14876
9568
11274
12492
5487
1619
9201
10479
11005
14577
249
12381
1174
5746
4008
8240
4367
14992
6483
14924
6938
465
8061
4605
7167
15024
7300
80
9709
14263
1456
8586
7831
1082
9430
1670
2701
6983
501
2059
5561
751
14440
6735
6497
6800
14975
15216
10145
9811
14141
1083
10276
10554
10040
1443
9578
5692
5875
3288
3955
11684
226
138
12766
9656
1809
3820
4992
6662
5879
10553
7413
8671
1288
13910
3824
4615
1479
13969
14426
15620
3404
8703
14526
1796
14498
8105
7488
8726
15745
15795
4410
15971
4285
5528
13979
10446
9348
2971
1109
3579
1876
8522
603
3164
10785
4427
12132
12264
2396
14910
236
10152
7613
14762
11948
10464
11219
7788
3190
10964
7583
11952
10935
220
1480
13267
10667
15181
4590
11776
2760
6467
8650
7715
13983
3435
12142
10115
4051
2890
9026
4287
13042
4991
7402
8990
3807
2621
778
6997
13586
12713
7301
12873
12934
8782
14492
11953
7963
3083
12081
15075
9550
4731
6791
7533
12519
2933
1649
570
5824
15027
9210
7218
4018
612
209
7826
7585
5339
3175
9523
6405
10477
6397
7691
7611
4889
3644
15574
7972
15725
3001
1522
8808
9792
13408
5327
1078
15057
10250
11254
2436
3460
2472
10806
8424
7033
2632
9
12373
10160
13885
7130
8989
4282
14821
600
13523
6817
174
9848
10894
3175
15722
3702
1320
13130
9030
2398
539
7632
2004
2975
11092
4476
13782
7868
11510
4766
12229
12235
3278
10114
3365
12267
2748
2186
12867
4624
9003
1393
14472
8249
8921
14194
11951
10241
15677
9333
991
4568
965
2995
7544
409
11823
9678
12629
7333
2796
8859
7920
6075
7325
11285
2342
10074
1823
3562
14698
15178
4955
1522
7427
13876
4068
3379
12469
3745
12712
1812
12666
2030
9159
4210
2439
4983
2240
15069
668
9388
12280
8589
15463
3605
8226
6158
2031
10050
9720
5081
9228
3027
6603
656
904
15024
8387
1725
7121
9451
3538
3787
11481
1049
12349
2273
6032
14589
5694
11053
7978
1974
7994
11793
9931
220
1951
315
10270
23
5396
7851
3051
352
12859
8307
15376
5246
10032
10849
3049
1922
14637
14531
7324
10986
5156
1708
13928
10850
12761
10258
1176
4755
6051
11107
9328
12355
11422
7950
12378
5171
15801
15429
5523
1012
12088
9251
10610
10473
8452
13660
747
7089
543
8071
6428
5699
9780
4356
549
6541
14614
1725
15649
9017
1184
8977
5372
12607
5279
6103
6130
5081
9884
5
10445
5973
9256
5056
446
1708
2716
1193
13150
3259
9265
3578
13310
3045
12286
13859
13938
15252
3936
1939
8269
5120
15268
1994
6079
4548
8097
561
13981
1981
566
8426
12306
14174
13482
12752
4235
4550
2298
1385
12161
11563
9315
9471
2960
5601
11682
5250
4853
15618
11542
13122
9091
10810
3468
3522
15358
11565
4084
13339
1899
4650
10118
14205
2825
7600
15310
7060
503
1608
12797
12664
1523
6112
6136
8835
11713
1818
2437
566
5789
13979
2040
3232
8790
9861
11106
12500
5426
15190
9840
11677
8193
8310
9883
15370
15910
13545
6430
4765
15153
7579
1430
5028
13691
7566
13863
13756
13736
300
14322
7877
14280
4714
15461
11422
14575
10568
7922
8354
14110
6114
8383
6303
14424
2266
10025
2687
4163
4807
7452
3316
12386
8882
8344
10077
4800
10559
7833
6889
10860
10507
3118
13492
3574
2580
8914
6501
13148
836
3207
15610
11303
11591
5914
9727
2209
15939
12414
6373
4747
8219
14041
5485
1101
6386
15563
10254
5297
11748
5495
4509
10608
8613
2001
14182
11193
15267
4683
12693
104
12243
12304
11407
7834
6570
9486
10043
10861
10253
416
15608
2472
2810
5094
7925
13548
9009
2179
2845
4757
7674
7355
15365
4640
13708
1899
15833
12976
10935
12527
1432
7178
13183
1191
15012
3753
10677
13407
14614
4930
2176
2575
11754
4986
12021
3680
2534
5030
10211
5379
14139
6238
1086
1857
10878
14795
8108
10711
11771
3043
11590
13203
14573
8773
14394
13585
878
13423
15345
3845
6706
1521
6420
2460
10859
2441
6140
13393
11823
352
7124
14314
6590
8211
4523
1468
11358
984
531
11481
4027
12122
8684
2601
9247
11430
4538
14478
13205
8235
2323
3911
9756
8743
6372
4615
15536
864
6360
15711
1216
13485
2377
12158
10048
11253
13626
9758
12237
2510
5239
4616
2984
2275
11569
583
2057
4460
15061
15262
12695
5736
3174
