4000
10695
15436
614
1561
7951
13252
15598
6535
1688
13241
14145
52
11642
11456
4959
6480
2102
3834
5708
1068
11405
5211
14207
14311
14183
1598
2685
13757
6079
4991
7065
774
8779
12032
2336
5082
13636
6286
11617
15324
3527
14115
15377
15169
13923
4336
10002
25
12522
4062
1093
7927
9273
3652
10590
7456
9603
13275
9566
15682
6618
631
4808
3750
1015
11496
13184
14652
1782
13154
13976
9662
11269
13353
13183
9192
6041
7185
13569
6915
15599
14662
3194
8873
6666
13785
329
4621
11060
14247
8655
6031
3231
13464
9781
4246
13312
6965
7250
15095
8471
5227
13109
3740
6932
10292
12932
1326
5830
10501
8241
5429
13515
11436
14302
8534
9221
2984
13155
8633
5583
10163
14664
8814
11979
12797
1413
9291
8115
8663
12738
586
2242
9847
4327
9175
8492
5611
14853
14322
113
7094
8103
1980
6882
10758
10514
103
2094
12022
13089
7677
10537
105
4844
6516
12903
6257
15807
9370
3272
12546
14308
5515
10745
2635
3042
3237
12599
1895
5911
1064
13341
14015
3044
4224
13125
1911
8679
15219
2285
5768
11248
12822
5874
92
3338
7129
10701
7497
499
13974
4043
14807
7841
14789
5795
10883
6378
6746
1130
12290
7810
14471
14657
15206
2695
11782
5469
11375
15353
7754
5495
14953
8928
11369
3398
618
6850
14099
8116
11701
425
511
10509
12618
3652
4656
11853
10031
11402
12983
6321
7564
11455
4978
6770
2502
5112
12240
2229
8817
8346
7725
7770
1275
3094
11168
1893
14297
13620
14361
9998
2397
14873
8859
15016
2525
13515
10869
908
13269
12205
11581
9185
7660
559
15956
10162
10023
548
12392
2840
8894
8469
14963
14521
15915
10131
4767
14212
12103
3128
8211
14501
6353
1070
1869
13231
2938
1090
14139
4559
13295
9721
13745
4955
14632
2053
3470
13008
6953
4214
4200
4199
1035
3163
2721
950
1647
11840
15163
2102
3320
11726
603
9674
12796
6824
11257
4086
7915
13748
8646
9562
11821
10743
2870
14806
1148
10692
11814
8101
14906
4366
652
15941
7530
3373
5243
13529
3565
4406
15631
6886
132
4587
4912
1281
15763
169
5367
7678
2269
2365
5593
14091
1460
8463
12897
6960
3155
13063
15061
6413
1429
15714
10706
13311
7439
15949
15192
15357
4356
14824
6243
8840
7763
11155
10121
7526
15676
3841
3557
1945
10558
9150
4388
12019
1613
5637
7331
4768
2700
6393
15533
8482
10459
10239
5793
6250
10188
9338
5607
2896
8162
202
11737
4277
11357
10210
155
15385
2403
3712
5683
12962
1214
10071
13333
7179
15709
4664
299
2409
15409
15832
15243
14220
10071
9389
8823
4260
2727
14430
7156
15241
14633
7245
3518
14342
5808
3673
2080
8211
11738
7763
9525
12952
1834
11210
8484
1543
4227
8783
8305
3636
8616
7548
6209
7039
5289
15032
15651
8016
1814
11160
7257
4799
2405
15127
3142
12565
7153
5222
4777
2891
12985
2654
4195
3171
13865
12679
9067
6444
9815
1372
14432
6783
13272
4641
13822
2562
8025
13474
14930
9840
8634
10540
14639
15391
9667
6133
11957
5172
15707
5086
8063
12692
7740
611
4216
9957
1642
13283
4753
11457
14655
3186
2240
279
12179
4415
7193
4205
1889
10476
2397
14875
5016
1036
14266
3035
11522
10223
8208
11229
3661
4623
12274
15754
5234
490
9711
6877
13773
2817
6686
780
6003
8927
5411
2182
1694
957
6387
3583
11433
13136
6810
449
14173
5076
7836
9695
3652
44
9276
7313
9020
5550
11419
14254
6040
5131
9483
8165
12300
170
13297
2303
13449
2709
8837
15143
3666
3577
7078
15099
713
13888
3900
14886
7316
88
12933
15320
4485
10562
10986
13505
112
6405
11759
10505
15888
9595
2670
12188
9765
15968
14491
11566
7029
7329
15061
10695
10906
10491
14146
11619
12731
6398
14858
4047
6486
143
7720
10971
10705
2706
12828
15170
9111
8588
9675
9000
6535
697
5188
300
5017
8032
218
12046
3713
15279
11093
2971
9770
13591
2942
10853
8341
6152
14900
14828
6296
6620
14151
5353
13678
10980
8875
6790
7920
2550
15790
14455
7600
9330
3107
969
5714
7677
1368
9427
6956
813
12398
5078
14405
3693
4283
6746
9845
3183
9926
4493
14156
12430
14199
11834
11762
7074
6976
8034
13977
11118
10841
5577
4449
13948
10898
14515
5625
12266
7943
933
13080
8693
10363
15837
12386
14646
6583
10584
6181
4862
15077
8689
5644
13276
8876
1406
4351
15852
13792
2328
10971
8633
12257
3772
10933
7155
2287
4910
7774
14582
10195
4854
7276
4558
4691
8014
7556
15626
2598
2089
8840
1676
15131
14484
3304
8007
4242
7655
12211
2034
14335
11534
15019
14944
3658
9952
10452
5946
14862
2226
8880
9057
11432
4508
1967
123
12523
13875
4101
3473
4317
12942
9501
3448
15778
12806
15807
8373
8813
12018
14759
7149
7553
13779
10445
11211
7731
4897
5509
10946
11475
14390
4003
6907
7250
10323
11382
3773
8198
15484
11599
12515
778
5100
4315
556
1906
4122
8929
15072
141
12041
10573
12046
9820
5018
11609
5903
14268
5471
849
9743
8213
9205
651
15463
7880
12033
7589
78
15869
3188
946
647
8288
5261
1204
14547
13736
14485
13619
2229
10526
8192
2627
8698
1562
14236
14602
15830
3707
3803
9574
272
1360
14577
15736
9240
10610
7325
13671
14832
10513
14617
15479
7153
8230
5035
10052
10318
7873
7671
12547
6751
4215
15174
15450
5778
1763
2404
9960
9822
6207
3534
10095
7568
2111
9831
5160
1074
5508
2831
15906
4373
5800
3737
11526
2383
13125
9931
12701
4998
5954
13601
11749
10170
1127
15551
4300
2890
1955
14260
12713
8163
6147
11160
4083
12610
4991
13595
13684
14851
427
1942
3224
10579
10032
3102
12962
7157
13033
14016
12155
7340
15969
12256
1510
1096
11808
10162
3987
13763
12774
5052
10278
2921
212
2713
15532
9555
309
1568
8406
5088
7863
15982
15667
1895
3084
982
9052
4470
3350
9559
11810
3319
5815
1672
4415
1623
186
12754
3739
12960
1806
14017
4234
6370
5083
8118
15925
5392
9686
12683
10480
1549
12665
14499
7796
4102
15481
848
12924
2831
14759
13086
6150
4575
3110
10566
10550
3296
11672
2641
4608
13479
659
13194
3849
5742
5312
8127
15486
3351
4810
9966
4900
5828
8465
12697
14282
12299
1897
15558
15130
657
12644
9633
9584
15754
8551
8486
7402
4223
11128
362
6054
139
13557
9904
10233
2869
6383
9719
6220
15545
8037
15473
9725
4854
522
8007
1153
6771
7565
4636
11780
8561
14269
5364
12667
6820
13851
8421
11043
8979
8784
1098
13470
6341
15354
7703
13562
10089
1422
3783
9634
9459
7608
3360
14313
8130
15719
3819
3253
11637
8455
15034
4198
6724
4398
5218
1896
6601
13639
1291
3932
6423
6741
1402
1116
10447
9105
14679
4536
14879
6814
2523
8338
14422
5883
11004
10904
9954
14823
14157
5591
11630
13191
14142
6706
5942
3360
8602
12543
999
9893
476
7423
4987
6230
8539
15434
15336
11570
3971
14215
2384
6494
10906
5158
729
10262
62
10683
13437
2572
4627
9067
4115
2769
15773
10057
6129
8375
6601
7128
6620
11429
2903
15959
6011
15795
15394
5347
11365
7717
7915
2102
2563
7173
7260
7644
1435
11675
6679
14872
2599
11306
12291
6714
14075
12064
772
8556
8791
11725
4037
3763
11506
6940
3723
1517
11087
3117
11217
6453
15186
3132
12907
1749
14657
8519
9393
92
4194
72
3316
6793
11379
15607
1860
13806
11671
2632
6363
8814
2709
10400
12577
14215
5692
300
4084
780
7769
15301
11585
6955
6785
8492
13056
5442
1011
6449
9886
9558
10874
13202
4703
10605
1161
6563
8411
1184
13547
3126
9998
256
1878
10928
2823
11923
15580
6908
12703
7350
10561
12640
2657
1347
9484
15714
11141
14847
10515
5028
12757
9741
6582
1461
4346
12096
8024
1110
13280
9924
8588
11631
10180
10467
6559
1356
6390
6139
12616
7445
1841
7177
8437
8851
12876
1921
8565
8018
5120
7432
1398
1878
1174
12332
3339
9872
8428
15715
10982
10061
9639
3571
5692
8172
14038
603
13880
8780
6742
10496
4577
12936
1673
1366
5787
14550
3287
2704
10920
12759
10136
670
14637
15662
13002
6328
9535
9783
6044
4517
8196
4035
8088
13888
559
10478
14491
14439
7610
9585
8935
539
6521
14961
1905
660
1863
9544
3364
12783
6304
13501
13453
4941
1515
14807
11270
11050
12942
5666
3920
5138
14053
360
7378
14613
15191
10221
1404
11153
3807
10340
11693
14680
13653
1950
15341
15516
11495
2705
12299
6151
4558
14104
15444
10426
1263
15066
5476
14206
4732
13748
7696
7138
14109
15075
5751
1652
9296
7155
12805
1455
5847
12850
4488
3500
14801
8181
3016
14648
15238
3667
4799
8149
6123
4243
2575
11739
3310
12403
14297
12394
10152
5993
3532
12613
9420
13635
14265
2717
9143
15422
8524
14990
12273
1364
6843
11074
9545
14211
14074
13136
6231
2873
5285
706
11468
7860
12445
3130
4263
10742
3877
2767
5088
11761
3732
14508
9397
6349
5577
2540
5772
2454
5882
6397
3818
12725
5823
1716
15289
3897
14852
5520
11122
4137
6226
6590
349
7024
14073
8964
6118
6302
11732
11206
2063
3816
14067
11460
10166
7996
2352
4290
10450
12587
10687
14269
13664
510
4337
12953
4407
3189
6825
15529
11678
13052
10471
12027
4076
12896
4991
14546
3198
5075
9753
5262
8892
12172
5074
7410
4168
11779
11700
14619
8366
6387
1240
10382
6897
9929
7336
15656
13118
14161
3537
8796
15565
2360
9175
7993
15257
14166
6540
6807
7594
4645
421
486
817
5496
7896
9337
5627
3596
12308
2345
14335
13548
12727
9584
7477
8415
9240
8947
6577
1129
6095
10494
3489
15270
2488
2746
1789
13380
13906
9383
2025
14327
9869
7194
8175
6117
531
13802
14065
12840
4499
12400
14740
1227
10336
10570
9642
3576
7869
4571
9057
13965
3418
12546
1587
5906
3645
3376
3286
1551
12759
9663
15878
10980
857
8054
5449
1388
10208
3514
2580
14708
4266
5673
15935
2954
243
13929
10882
8112
6853
3939
10429
10271
486
12017
4529
8483
15393
7815
10034
505
5830
14264
15837
6687
6318
5287
12427
4879
13153
15008
3587
5772
4681
7874
8726
9276
10155
3609
5740
1008
11900
170
15631
12386
12187
4160
9221
15932
327
3255
4789
6157
1520
4627
12844
12190
14266
13624
1069
15771
984
9008
9895
5665
882
6974
3293
11038
14935
9033
398
10835
9203
30
11574
9742
8542
4795
14027
8870
8051
2816
3379
13923
11795
4576
14465
14413
2200
3887
14185
3184
12895
12432
13201
13778
3406
494
8816
2341
13879
13566
13177
7083
13596
8751
5177
6139
13546
3204
3361
9949
6021
11092
12224
6168
15668
10690
4582
6220
2929
7119
13756
15824
3551
10957
13602
6958
15803
10770
9299
2035
8337
6476
9118
10285
3579
2647
4776
5478
5852
8137
15427
225
7582
4
6393
7250
15046
15327
1823
1975
6446
15579
1799
14350
14889
3754
5308
3044
14524
2959
5079
11213
13788
14197
5499
1367
845
14627
6845
11049
11117
10625
11274
2699
10629
1667
14301
14027
5347
124
2
11793
15704
1801
10143
14593
5555
3803
1637
8432
6763
11069
7997
4551
13618
1848
10270
2815
476
1116
13864
11593
93
9138
14292
15074
15158
12593
13101
4505
12718
13103
4650
774
3256
3146
3719
13164
6949
9708
9948
13712
4777
1945
6615
2396
3794
886
5211
4270
6354
3076
4215
6447
566
2507
9873
4076
3452
6974
8581
4522
8429
1584
9648
11685
4730
13367
8849
11679
7076
7149
13744
205
9095
8711
2601
12889
9597
12165
5511
15951
15241
14078
10750
4159
585
4623
8236
8389
15949
5169
12912
8378
6753
6560
8416
11483
8280
5617
11515
3708
12767
13611
3913
5862
6322
10867
7103
15920
7032
966
4223
10625
15044
3326
14784
3981
12301
7020
12370
603
12190
13634
8981
7295
8547
5749
2779
5179
15719
2646
8887
12486
257
12800
6700
6579
7667
2155
10851
3051
7473
3427
13676
10869
6753
12461
14850
7406
7833
15572
8009
8375
1559
5343
15671
14458
11092
6802
3637
10811
13800
876
11649
14057
13676
6701
8988
9696
13208
3840
1099
4681
7267
14776
15550
14020
15589
2752
5426
7422
2325
1788
15798
8236
7131
3821
6694
2223
14975
10331
1387
12775
11207
1388
15184
13235
12442
8172
11283
9650
12012
12383
2684
3279
15511
6586
5651
15100
9339
15430
6522
16
1218
10672
8252
12701
2845
3298
14924
1820
1981
4663
2947
1540
10404
2131
3127
6846
10304
14411
4848
10668
15146
11884
2300
3009
2471
7951
2109
162
11733
12983
4530
1303
12008
1134
14004
14853
8784
1281
5026
10765
10296
7973
12305
4700
10105
15432
15898
8761
2195
4747
3429
5693
631
5729
8702
7454
2033
15163
11968
2118
12147
4850
3422
8155
10336
5778
11360
3120
11411
386
13885
5708
12712
14542
10408
6817
13975
10307
3930
4522
3406
7359
10216
8389
1441
7270
4196
3474
6434
4516
5592
6933
9367
13366
3440
3703
7497
14800
6824
2908
3539
9061
12968
251
7604
7377
11420
9931
6036
15350
14453
13794
11061
13021
6183
12502
8644
14731
4328
3430
3248
14273
10363
12615
15991
2155
4670
7488
5307
15846
14749
8846
8908
11717
13449
4864
7446
8869
3147
1834
8219
1600
15628
7633
2974
5812
4135
11618
4543
12816
15048
12143
11089
13763
8758
15432
4270
1781
6921
9577
1627
10022
6776
14887
5739
4225
3751
1538
13095
6898
3372
9666
12851
3001
1299
4177
13165
9787
4147
6060
10955
7547
2204
6044
5310
15314
5476
13932
1095
749
7509
2723
15123
14285
5962
9215
2511
9714
10753
3958
4964
14125
1976
6167
5478
3276
10344
6995
1415
14491
13056
12370
10390
3612
6766
15700
7278
594
13632
8374
1344
9494
15449
467
12131
5411
9682
2994
3477
8787
6952
8442
11265
8929
2961
743
557
1658
12091
1972
4501
13499
2694
14892
1111
9460
2944
8389
14406
4929
5115
4102
14423
4564
4570
10554
14328
2604
13549
1805
15744
8853
14599
11009
6134
1561
104
6691
3219
12195
13015
12072
9694
15709
10964
15157
13521
13909
11899
280
7190
1014
4382
5613
9931
13304
4519
8259
4261
6420
14416
4005
3626
13016
15014
9760
14577
3470
452
6148
15666
1819
2220
13712
1529
1537
12870
3402
3798
13121
3682
10988
2487
12417
601
12418
9721
9472
9029
13982
15893
7446
1987
3519
8814
5353
1631
7391
8824
2083
1891
12842
3903
8463
10554
9784
10000
7424
1538
13798
8897
9573
13138
11385
5990
2091
12155
4063
11564
9537
2046
15809
983
8385
7680
14149
13739
9311
5540
10915
15747
11783
7757
3650
4246
2311
1786
2599
14088
3324
4749
6985
1249
1888
2370
7239
3979
2878
11303
3895
12415
1701
3704
1750
10086
15736
15899
12177
9048
9791
7092
8795
5574
14849
797
14172
5513
2583
5123
3601
10259
14225
14938
11509
4465
5661
7100
12796
8539
6755
692
4954
8456
8748
11056
6895
8485
10955
3072
1533
4746
10165
14680
14672
13366
15477
1196
2879
2060
10672
6480
12319
8897
5419
12180
13362
15432
3281
10158
7971
10036
15202
1277
6845
7951
12333
13740
436
7288
812
6321
386
15329
5001
3410
12696
4478
4606
15575
10890
3630
10408
7209
12527
4179
3390
14241
3611
11023
12752
15934
9411
306
1211
256
8257
13544
13996
13045
9184
3161
3366
13922
2490
12719
1332
3538
1197
10290
3114
12087
13921
1874
7649
14800
6053
15391
1394
14016
14766
14146
13950
8177
14452
15161
8434
11062
1057
10782
8107
14593
2295
15826
12515
9138
12545
2199
12676
2095
12489
4142
2534
14762
6016
14535
13563
421
2278
14957
14437
1044
1455
12387
9222
4259
15900
6008
15321
5309
5142
11781
3902
7438
11607
4769
576
12504
6968
1604
14599
3458
5747
1134
2220
115
4021
4135
537
6300
7444
3326
7344
8899
4066
4918
13159
8318
10926
832
13628
4421
12613
5882
11859
12572
15004
787
9077
5972
6743
12028
13782
12490
1514
4355
958
5536
8490
5847
11836
4287
13525
3180
13186
1591
8099
14697
14262
7377
3882
242
11798
4847
6124
12009
1420
9480
12796
14849
15453
3540
10877
1587
4382
744
5942
9692
6280
2785
15539
2116
7072
1417
9648
8610
3008
6099
7308
5622
13477
11190
5864
13627
37
341
9637
5809
9821
10785
9010
9274
2677
3888
10862
11412
8984
5156
5104
15264
12293
8996
5732
3365
10413
15380
11976
1773
9832
7636
7396
11661
7178
13260
9288
11567
1953
7277
5729
11775
6415
14739
5049
9092
6979
4263
8856
15963
13772
2313
15227
10065
15661
4959
1783
14426
8692
2111
4551
2524
9747
11947
14185
5277
13560
11825
5196
3865
3103
10925
15640
9518
9665
9042
6962
4996
1657
4171
4960
15429
6484
8539
13847
10497
1851
15630
8923
10543
1741
13474
1419
15840
13774
3956
9469
15686
15781
14665
3551
7236
9591
3192
5106
7608
12234
12069
12604
13891
4592
1564
1673
11076
10104
3872
9925
11955
3502
2848
10850
9595
322
621
13787
2448
4577
7256
2134
4358
5921
10038
11595
3864
1582
701
11472
2168
1122
8077
4411
5714
13993
6084
5142
12449
9956
15067
12756
1810
6267
7606
11405
10942
8227
13544
13390
1156
4800
3877
5515
10722
13915
5462
14586
3849
6163
14411
6017
11638
6488
10428
1352
8833
513
10847
5283
14821
14266
2039
4984
4534
13998
389
15476
10577
13934
12866
11734
7086
5095
1249
6160
7362
11063
9099
11211
1226
7510
1228
1216
2350
11657
6921
11183
522
1768
466
3695
4386
2506
8679
8920
4856
13421
8396
15433
15707
9615
11167
6793
3062
768
12954
10425
11831
6053
9988
1410
1915
11217
2626
4265
11226
13899
15448
100
15667
4267
8147
4054
11125
827
1326
15981
14248
14075
15414
2307
7690
14934
9100
10752
15702
10406
9529
15886
4811
3518
5648
6726
3087
12626
15343
2665
10526
14792
7117
14545
7411
15264
2599
2536
91
8278
2517
2691
6353
6283
4998
2395
5217
2451
1499
9272
1209
11029
13510
6021
2899
3158
1099
5986
15784
443
13003
10310
3587
4120
8856
10998
3384
15807
1886
7828
8085
4403
10519
2790
15038
15518
5185
4256
6321
6685
1880
7530
1714
15390
1903
4613
2548
3003
14951
2332
7798
306
995
15737
4426
9851
15087
12162
14010
973
3990
10448
9728
14510
13238
8766
2380
2424
13022
8701
9109
3254
4583
15175
2644
6487
8140
5192
9490
11443
11877
5640
11749
12872
5377
4527
11075
8816
689
9085
9789
4680
7885
3517
7542
5124
635
9922
11900
2010
6975
5009
5264
15910
4184
7909
6397
676
13101
4239
12119
8978
14231
7868
10202
3608
12395
5277
12424
13084
2715
10565
6116
10600
14082
13658
4076
3070
11932
15976
5080
7259
9337
10344
7170
1873
2253
1919
2549
15355
6159
14668
12685
4390
6536
6888
12351
7283
517
13127
8720
7584
7693
14836
6537
10127
12495
10613
13197
12779
14942
2277
4039
8279
12622
15561
10153
14875
1480
12702
2582
11991
11371
3620
382
6259
10508
1085
1895
15377
14212
10615
6962
10257
9451
13499
4385
10298
8112
5934
7078
11406
12564
15469
3686
13538
3382
2191
765
4862
14893
3348
854
14616
11320
5588
9228
5828
6673
11123
9557
9237
5738
519
3495
15189
14018
12232
13840
10483
6518
9270
10241
3082
8739
13927
620
12121
118
1386
5335
3364
9086
10541
1980
4406
129
15560
14586
11154
10683
8143
4392
421
8663
12239
3963
11033
12823
1803
9868
3341
15425
4110
6424
8164
6389
7044
8637
6508
12782
2324
14224
5868
12866
4556
14626
1347
4117
13212
12502
14800
5356
5246
3574
2371
1485
7537
1756
14308
13692
11625
1649
13117
4087
12425
9633
10476
7822
6622
5336
4604
8946
3560
14825
10164
8117
13451
11512
12234
10664
8014
15386
4372
13260
2960
11095
3097
14849
12851
1405
893
8476
7406
2362
12563
3832
347
11392
11654
6969
728
4610
4268
4289
3435
2784
758
5239
14296
1344
4255
10662
730
8627
12274
8043
3722
15371
11244
4925
5128
490
1754
12535
2852
2669
4719
3200
14061
4725
14521
14790
9335
7141
7431
1123
9926
8189
6362
12574
9533
14969
7237
14615
7596
3511
6658
15670
7235
6255
4595
12363
6745
6349
13250
13949
9019
6321
1149
11432
11046
4023
10222
8734
15516
6005
9857
13794
14194
4571
10369
12079
3540
1606
10695
15488
9469
5705
3510
704
11960
12457
1420
7057
7159
14670
5007
4530
9344
10508
15962
4390
14531
10185
13124
2400
4542
11333
194
2737
4256
10563
14816
12148
521
13863
15988
14343
3569
3498
15047
3881
15956
4819
10939
11467
7842
15946
15997
1186
10454
15959
5576
13338
14496
7053
15738
3039
6738
15932
10128
15347
10496
8944
11495
15369
11160
15836
13712
14729
3334
1112
2610
7642
5931
1901
3109
13773
1847
3106
3311
12302
7418
13240
13992
5914
4293
13730
13305
15383
2014
7433
3082
862
378
2930
232
11538
2766
13944
14619
6100
15056
5581
2095
9340
7483
5204
11465
13682
12663
14777
14336
4081
12017
12328
14347
4662
10058
11653
8397
425
3086
11480
1287
7816
14410
1519
7706
1176
3816
6325
11628
7224
259
13723
564
7742
7280
382
9776
3943
15159
8113
12376
11176
4441
15075
4190
2852
10728
12587
3277
2167
8067
4564
9983
6477
6084
1690
12005
14252
12367
7634
5476
978
9709
10393
13072
989
10775
6849
9284
9934
14962
10012
9462
3403
9088
13652
10607
8168
10239
13884
10335
6659
6801
4319
1488
1237
10361
13494
15489
11080
9480
4965
12059
3189
15358
9131
8531
10133
15980
1815
8419
14942
11828
1881
6698
9268
15533
1305
1436
14125
3542
11772
9136
10343
4443
10624
11580
3156
12470
11069
14236
5950
4386
14647
13492
3745
7779
6023
2230
12111
12190
10650
11054
12370
883
6104
5638
4769
11761
11427
2894
15303
7199
12030
13998
15994
11006
9578
3150
7477
8999
5738
1779
13386
4386
15271
5483
12165
5294
7713
8276
5837
6715
7682
2207
7599
2138
12198
12368
13900
7625
3614
1555
3176
3996
15554
3170
15002
13484
10672
6479
6484
410
8259
8222
4796
11882
13705
961
5529
9770
13590
11366
486
9624
13573
12437
11763
9771
13157
9663
5748
771
11218
8924
4767
15124
12094
8121
12609
11118
2953
3093
11529
15564
11315
325
11446
13372
5639
975
7142
7581
12341
11980
1205
14267
12769
12968
12390
9926
10983
2139
15049
10554
11063
3816
14030
11510
290
10639
6628
3243
2084
6509
2807
1751
6835
14253
15123
826
3581
10618
8407
4274
10950
13964
2541
7720
15285
3284
1646
14620
9775
696
13526
9190
8864
11557
4700
9154
6196
15681
749
8281
10542
3556
14384
5729
1810
13508
6555
9743
12478
3314
14017
7428
5631
4911
15148
4916
8195
5147
3536
1970
5843
1063
15512
3059
12620
4213
566
7168
8246
1315
3801
7140
4872
2186
12870
11034
4046
7777
4777
524
11092
7146
7952
723
12057
11453
9991
8604
600
1879
14926
10795
7294
14439
13854
8266
7004
14420
15435
3602
4088
7588
10742
8960
9774
7612
8346
2172
15390
1475
2696
14834
8621
15001
3909
4679
10454
13900
1635
11054
4131
562
5849
11426
15001
8055
3692
10357
10828
7479
13959
14916
15068
8701
7876
13194
314
4574
3719
4056
6049
6415
2890
14670
9768
11151
7701
4222
9051
9337
15276
1534
9899
9477
12960
13252
1533
5005
7609
713
836
9920
15629
15904
2621
11857
1451
7287
431
5170
15695
6480
15937
2585
5150
9706
13736
12852
2280
11139
10541
5909
12674
8792
15386
13986
10396
5271
7343
6357
5984
8180
277
5613
12436
2898
5822
2239
14538
6253
7409
14233
12733
11699
5171
6236
9757
7259
7440
12037
2399
1981
1946
3425
15125
5685
5763
9521
15308
13107
15878
9645
9639
155
3610
6075
7405
9433
8315
10295
15686
4076
12881
772
4127
2052
7008
13884
9311
2800
14274
62
9133
220
7839
8258
10257
13603
6131
13918
15062
6009
7563
8701
10516
11173
14776
6273
4606
11443
4921
8645
15520
1802
9417
3647
3854
4777
5884
1517
11929
4158
1580
5062
8730
9419
1672
2988
11374
7803
906
10436
2164
12821
7489
1032
7994
6266
11657
953
6061
578
9598
5581
2380
7367
13581
10586
496
3465
12104
12425
7623
13684
5839
353
11455
11863
7693
6830
3666
12951
5618
10182
9772
13108
11214
6119
7726
6871
7072
13787
11802
5022
7721
2534
741
5302
13121
1237
13119
9225
2014
4742
11261
12205
