1000
10693
11334
6439
3334
8421
4159
2985
2957
9354
11761
10762
12972
7541
7716
1852
15850
7662
7482
6399
12217
1154
1173
7015
6506
7851
4364
4790
263
14491
3172
2037
13537
2859
12828
871
11280
987
3856
2590
10341
3970
13352
11665
11511
5069
13517
11361
1083
9351
6112
13300
10506
11638
8667
5364
3489
13032
10154
8104
15875
1679
10141
13412
4538
6969
2636
4170
7956
10844
6760
6649
14814
8465
2314
10326
1886
4183
10039
2969
13535
152
4621
12393
11790
13289
6109
3631
14673
264
11735
14548
6295
5877
313
10833
1198
2949
3355
9155
13793
14468
4156
960
6933
10823
11286
13171
3358
9677
140
5245
14181
4761
5990
14323
2050
12100
1954
5075
12364
2042
3624
2659
7919
8289
1844
13469
11238
9551
10976
13383
8019
15133
14343
3304
9956
13981
475
1666
12011
4967
6912
10192
9729
12902
12868
131
9002
3174
5207
9718
5216
13183
12377
1487
5472
2573
14957
5062
12125
9933
6797
8496
13418
5141
153
11726
7474
4980
13393
3485
9948
4305
2030
8029
5559
14898
8160
14562
6424
1719
8280
11641
14902
9010
1480
8726
11583
4789
2140
7708
14723
8938
4557
493
2431
4710
12220
9905
9690
9613
13391
3638
2270
15421
11667
7829
2671
8180
10743
9095
9899
3024
9088
13154
386
10569
10232
11969
3710
12373
8030
2433
9663
12587
7279
12094
5649
3499
10351
15339
1464
7742
7330
8086
11515
7349
15915
14186
3881
15011
11634
2133
6387
4722
15287
6773
3643
9519
2742
7354
10244
15124
14139
8259
63
5418
4353
5712
13269
14705
9404
14733
10799
734
6819
6315
12435
11087
8853
4669
14450
4487
6802
4837
13562
6089
11610
1205
3960
2704
12911
2557
1829
15403
10816
1892
4821
3522
7605
6443
6579
5361
9528
1378
10447
4700
12045
6882
15787
4899
11551
2589
9386
2353
7426
6948
12794
3036
12506
5107
10092
9417
7664
11921
8820
2480
2166
1994
10354
14123
8437
933
3484
6317
2312
13931
11017
2709
9165
15156
7608
9069
1745
995
11422
9171
12295
12569
559
8801
1676
10652
6571
9340
10925
3743
172
13091
10089
10527
15566
6878
15812
3050
13196
2124
5333
8213
9186
14499
7370
794
7568
9115
6141
7342
6639
2437
8263
7198
15590
9939
6202
10513
7631
1128
14257
7804
2571
8346
6683
2138
15225
6495
9540
12421
12972
3226
4634
6158
1725
356
6952
13645
9472
1446
9339
111
3883
1603
11661
7825
11542
6216
2339
3174
7344
596
15330
14267
13294
6013
4757
12519
860
2650
13292
13832
5876
6279
3990
11953
6635
15295
9598
107
741
2937
4570
8976
4540
4584
801
83
10800
7492
7609
6496
12440
6939
4763
9735
1304
13873
10606
2164
523
12251
4349
10751
2530
8339
6704
9165
11986
302
13625
1079
7591
6547
14407
484
11131
3561
4919
5931
11053
12528
12427
7494
7819
5543
5581
9123
7768
187
15639
12643
12438
3988
7394
3320
680
14098
12486
1018
2752
14463
2098
14695
5010
505
15179
142
4066
4098
10425
3472
4978
6853
10966
12797
748
547
10272
8516
5086
9912
5159
5877
13900
12553
9197
2932
15003
10035
3951
6107
8498
6049
9154
1861
10906
8334
2003
3325
784
12428
6797
5763
7633
6115
2560
8381
11014
1185
897
100
11097
10408
10329
13349
11313
7879
4634
10316
1914
8585
4775
14765
2986
13930
626
13892
10616
2629
5569
15752
3409
12366
5515
15395
6833
12428
7776
1847
13613
13026
6300
13062
11786
629
14763
7100
8508
3397
1416
14775
11982
10544
13540
3320
12826
2518
5565
11794
9499
11134
11546
12908
11853
1062
12303
2686
1842
8432
4534
3807
9810
10834
869
5596
15815
3984
12696
8324
7382
2465
11451
7716
1361
13343
11037
14187
15861
602
9981
9360
88
9879
10620
11941
15293
6924
14628
1135
3708
3162
4942
1870
13996
10163
7466
13811
2500
8515
10487
14234
15332
10290
5950
693
7633
5339
14880
7494
10293
13213
854
10382
11444
11475
6323
10738
6751
4951
11873
14811
12465
5168
681
14813
3683
12499
977
10535
5014
11464
8769
4346
10107
3072
9391
1740
8411
12623
13587
7057
9836
2793
1439
5281
2620
12114
4371
9371
5418
4596
12534
1883
9764
1567
697
1800
14067
1674
12335
7433
1490
9457
132
15949
12529
9523
1690
9292
6147
3629
349
4335
6422
6140
13968
9043
2255
2339
6766
12025
6936
7653
2260
5052
9220
2957
11204
7287
8983
7540
14721
14826
997
3205
3127
1878
12728
9169
11170
7227
12798
11520
11563
3221
1660
13883
616
8267
223
7382
4292
11511
15035
6553
563
12608
13862
11768
3895
11198
7660
6968
14376
13009
10173
1503
14887
11254
10673
10057
2481
11823
9929
2396
15044
15942
280
4012
8209
4855
15747
854
366
3134
11759
5281
15742
13973
5401
3638
9171
1413
14958
11899
14422
13484
1755
1661
13090
780
71
3923
12603
10000
6320
0
9942
10952
4012
6504
15807
3759
7358
4525
6894
3117
14158
6636
1090
3560
14626
14614
4973
1937
14865
7748
15421
620
9409
863
1400
13832
4786
14004
7833
15458
2356
6127
10410
6368
12631
14569
10128
8341
7446
5374
11458
5605
12010
901
9165
14989
3867
2490
926
2732
10238
4699
7705
8000
5562
13457
5832
10348
11461
2017
9807
2169
12497
8569
8538
9128
7139
7018
1470
14585
12392
1280
8542
12754
6533
1707
11743
10400
8550
1021
1485
2788
5720
9190
15140
15634
6647
9325
9983
6461
15694
8142
8630
12191
5063
5520
5320
554
12538
11142
3492
8930
12422
12034
5685
7308
2094
5780
1708
10644
6802
7545
1784
12522
5087
925
12157
11735
14602
10492
6548
14296
6986
3530
14840
12049
9051
8512
956
5589
3654
4448
2872
4428
482
8557
88
2576
14337
1797
13220
5139
13694
15005
6014
2782
4282
6523
2869
7236
1015
9417
9884
12353
1299
8724
12754
10350
1236
13710
4292
9242
2158
7164
2023
2641
15721
2111
9569
2410
8260
6790
11902
5955
10147
1916
13089
2781
8439
15958
10017
13806
9375
3901
14511
10674
978
11265
9377
6566
8976
13669
4161
11134
4833
