2000
3310
13693
2150
4622
1337
9495
12994
5894
8714
12055
15367
9041
6759
3865
530
5376
3118
4710
15970
3189
12568
15552
3513
2038
10826
11976
5421
7833
11025
13385
6281
14335
15430
8431
7309
768
1927
4303
6662
14993
4711
6029
12387
11470
14246
12917
5198
5716
1628
9521
8906
2548
13425
771
8938
8251
12747
14359
4437
7773
96
10718
10460
15526
7501
1770
294
9428
10425
11308
12774
15136
5689
9161
14959
8288
6078
4157
2356
12058
2030
15614
2958
15455
386
11896
12059
1485
10255
496
13610
14703
15566
12423
14230
7067
14193
2876
4848
12970
2537
1622
12107
8226
15135
15418
4866
9565
3575
7223
5624
9958
11189
12934
9413
11575
8831
5472
1413
7438
10320
15023
6142
9886
11446
4372
5306
13991
11600
10154
15314
14137
11776
11421
6364
10911
10839
15582
8828
2766
11157
14452
1076
6347
15739
14842
6274
8570
8666
7687
8
2987
11063
10502
1225
10861
3226
6531
13205
14827
685
12519
12964
813
12292
7680
76
11483
7263
8905
2601
2420
11709
3678
8767
11448
2520
15042
4018
11186
11081
8379
2525
10496
2881
3751
9710
6108
10282
6915
4935
15320
3434
6251
133
4078
13932
210
15561
5195
9115
2162
7615
4824
10192
4735
273
12712
8129
8643
12251
7562
1022
14776
2059
8256
2527
11769
2716
1162
2684
12003
482
10470
2254
615
2900
186
5177
2461
9733
14292
8975
1349
7469
3168
10436
12094
4232
2565
4737
483
10127
10112
15260
538
6720
6139
12307
9436
7301
3343
5439
12135
2165
12045
1103
5065
584
6280
11878
10317
8925
4854
18
394
8022
14806
12488
12254
1371
5577
1090
15851
15689
350
389
6409
10841
12697
15845
6495
4392
9636
2630
6558
10034
3733
15975
10618
14366
11854
9287
7291
708
13658
12037
13082
12464
8525
13688
13836
14102
14778
2039
2144
3480
2428
8553
14322
3477
12751
4817
7870
10739
11799
2780
4773
3885
2755
3743
2251
2961
1383
13894
3669
15041
9931
5103
11505
6808
7144
13693
9262
5922
4084
11406
13755
6513
8312
12077
9990
5063
5246
6212
4154
5397
8992
8928
9282
100
1023
15885
3061
2406
2131
11083
5799
414
186
5657
7222
7330
3350
485
1605
7435
243
15360
2300
8555
15789
642
1970
5035
6855
6125
14784
15847
3405
8067
4299
4428
12304
7361
11187
14436
2444
986
14850
6982
6643
10425
14313
14346
15262
4270
10133
3857
3630
12433
12413
7771
13075
2735
1158
8282
8860
15942
12482
617
12361
781
9398
8666
8142
4585
11454
10586
9923
14656
1569
567
9081
4234
3265
12695
12856
13398
553
486
14183
1318
12609
15610
4053
13767
7893
1266
13709
4375
1883
10071
5156
15633
7089
1651
4218
2543
589
2494
1199
6510
7413
14633
15096
10678
15680
11952
12428
233
12438
14963
1551
13399
14573
9957
11166
6466
11223
8876
15193
1458
7299
8702
1092
14388
10353
9662
5283
15294
12156
10834
5805
3569
13819
4901
2599
13500
854
15027
13733
1644
13990
3637
15044
916
13594
10210
11734
8817
7438
10928
14627
3089
7982
15719
5829
6687
13734
11112
5981
9890
10299
11786
1812
8118
5040
8763
5618
10246
12143
7704
11890
10133
11341
15286
15401
8935
13849
11136
6104
5287
10416
4731
12729
6750
8803
2558
13437
6537
13671
3418
4779
7970
3557
10943
4440
12949
3707
14411
7195
15850
6115
3085
14335
5808
6724
13737
14743
4573
13225
9199
14212
11993
13930
10941
2743
11085
13500
180
1622
11171
7950
10754
7493
15859
5697
285
12808
9404
14696
4003
9254
9163
11441
7590
14971
2165
9679
13714
6738
6904
11265
4950
7249
9196
15892
9992
8633
1744
14524
10256
1267
6474
5010
8760
10686
15059
13397
7494
8464
12094
15850
6070
5257
11291
13660
8581
1808
11691
6295
12898
6947
5913
6200
14196
3461
10444
8188
12094
12188
6712
6350
13455
1539
15712
10567
12225
14772
7965
8071
11588
8411
12273
1658
2020
7564
3671
10601
13724
15362
5249
10622
6310
11162
5175
4506
14623
15619
1047
10717
11808
12111
5420
13615
13650
9484
8183
14227
8256
4500
10651
8196
1263
6924
9855
3283
2841
13526
13885
565
1240
3134
15540
7550
2648
9067
409
1271
8686
1456
340
8846
13567
10112
6462
15570
3597
2997
2149
205
11849
12800
8402
13112
3725
2257
395
10918
4135
2632
15835
5375
10118
15375
1278
12766
8442
1687
2389
5481
7495
7082
14327
5062
1194
9141
8984
4791
490
11134
9349
12339
7934
1751
9451
11
8360
14199
10929
12495
831
10765
6222
10950
14492
7500
12068
11287
9187
14458
768
682
9892
3447
10097
11086
941
7433
4230
1431
2567
13579
13771
14854
15330
11574
3217
12042
9773
14147
8537
10605
13264
14759
9907
108
10612
5975
11395
8151
8785
515
13186
2677
8315
7283
2116
9256
3068
6346
10687
5636
8277
12810
8842
11959
8385
12059
8001
2158
14558
4890
1115
11822
8001
11022
11931
2613
5350
11678
10765
14135
546
7951
5165
8861
3586
11633
6469
6654
6331
5508
642
14608
2319
9484
10567
10704
5544
2568
1214
4102
11810
2330
4277
3811
13352
4560
6425
2702
238
5542
5190
5136
13493
10355
2349
5431
10340
8818
12085
671
2679
1080
15279
4998
10564
14198
4054
4460
5118
5268
8563
928
11950
12840
4739
9303
1400
11164
357
5990
706
5547
15479
2551
4254
1828
7982
14594
14999
8420
15265
6030
9500
14544
11028
4064
1094
3434
8525
6212
13054
5440
7140
9005
6632
11880
2308
12384
11396
7017
6726
455
12565
6205
3006
5171
12386
15341
3766
15737
7761
3031
5767
5613
5928
5147
14029
7022
8581
10906
13235
5635
346
8727
14640
6978
4607
5300
7714
4
670
14441
4811
13235
4646
12169
2406
5384
11510
10524
5121
7623
1908
10888
1588
7836
35
15618
3210
12968
10524
4797
6956
15223
13525
9948
6201
6484
15249
13916
10840
15919
709
15651
1506
9707
11821
8264
15092
11683
2789
4213
3307
4697
3454
4895
885
7841
8865
8447
9162
3390
1597
118
2613
3474
10066
13166
9958
13667
15434
9151
1938
143
8802
3444
9851
8975
61
13295
4659
7202
5860
12318
11899
13666
5565
1136
5508
14431
13935
14670
1821
3884
14788
8786
7358
13206
10304
5669
10874
9739
14820
12812
14234
7622
257
12437
4950
4670
9732
9609
11872
15593
5927
12123
13259
11492
1611
7119
9923
15546
10141
96
7783
13281
13234
15141
10488
7539
9162
5362
5630
7982
2174
3864
3957
6783
302
8907
11453
10034
2516
11677
13979
12795
7800
11239
8287
9411
6710
6563
13310
852
11011
5093
14133
8246
8586
12973
4137
1749
2335
9767
14083
8862
13631
2040
3997
2285
15299
15451
12320
1815
15480
14651
2962
7281
14242
11250
5044
4953
6165
2354
10157
1176
11799
12642
13774
4386
9616
1911
10487
303
30
8570
9165
13662
14963
13163
15947
14262
966
619
4430
446
15271
7392
12079
13513
6994
1124
6818
13159
7830
975
2688
3630
13618
4814
12368
11586
11078
6855
11889
11108
3777
9407
13122
2740
6570
1422
1003
11888
2041
5433
686
5664
12825
12766
7530
8172
13890
14348
5331
5720
3676
12371
13702
5646
1186
10070
1232
12264
5277
1473
11724
13407
10880
8847
147
5802
10269
5502
1690
662
15287
2377
10679
465
15143
2209
8637
1385
4909
2320
11457
12937
14692
9160
2583
15878
7582
8167
494
1212
9641
570
14619
4521
9417
3118
10324
8038
12973
12014
13053
12260
2743
7732
12725
6238
14293
9714
7623
7554
12035
7433
8844
10727
593
11427
14957
12527
7947
3803
13739
1588
4373
710
10461
2143
3829
4785
14533
802
5152
11586
1414
12247
7670
2492
2486
10315
12206
14461
6222
8241
10246
15066
7320
10839
14845
6277
11719
6792
10080
9458
12732
2806
10169
7194
4949
2350
331
3482
3152
9835
3421
8918
6083
15443
11410
12921
9759
7617
15734
4333
15858
9981
3399
11531
9172
6596
1808
4891
1741
241
2702
14473
7399
12871
10019
12348
3573
14703
4182
11077
8538
11955
3995
2973
11399
15406
15894
9510
7023
3981
2195
11233
13962
9946
6764
7134
542
12925
378
2283
1518
3080
5109
8917
4303
3480
9617
7876
2183
2151
2953
15074
14107
11300
2047
13858
10706
6294
11720
6081
10275
13915
1315
12589
7861
12431
8075
8403
13708
8453
15039
15226
11533
8500
12495
4188
11980
6112
416
2516
12616
3369
1590
10723
3022
7989
12933
13728
14283
8653
3810
12910
6568
9477
9499
2781
10260
1575
15536
7969
14380
14575
11547
14266
11427
12395
2454
11760
6859
2871
14276
3475
10592
4218
2550
13614
12207
15483
15695
14843
8136
3505
105
3056
1334
9605
5837
11594
15532
5374
7915
2264
8301
3463
530
3729
15858
7337
3841
11069
10208
2117
14545
9152
6335
1095
6767
6894
579
10814
5737
13067
2671
5843
4476
4005
3800
14665
3951
7684
8391
11867
9948
693
3682
14831
8774
7892
6168
12615
2961
4728
3084
1506
13880
9419
6954
8999
4665
11885
3813
10403
8952
6484
4598
1780
14841
12750
446
2793
4434
8837
14660
2734
13882
6694
5917
6656
14586
12085
7623
1547
813
10707
7406
3046
8478
14360
12045
13144
14597
4211
11899
7549
15047
4849
13682
13889
1599
14128
682
6033
6965
3694
13119
4848
14740
3037
15856
13326
3474
11832
3225
8640
10891
14983
11686
3370
1695
12083
4866
292
4646
5117
12194
3694
9966
9876
1583
11565
8004
6617
5950
3321
14663
7421
8169
13403
10458
12378
15081
2285
8210
6658
10925
3101
5642
6611
10823
7337
2694
4041
11982
7341
9158
8176
15387
7476
6404
5322
7393
14408
291
1695
1729
3306
9117
14251
709
7927
14981
4142
10212
11543
10800
5137
14644
4794
100
13820
484
2795
6213
12466
14488
15372
8994
2227
11200
15398
7549
2594
13806
7840
4289
3887
11146
1758
6490
207
9686
9823
8701
8250
5366
3501
1740
8363
12648
1840
10535
13132
8987
748
9598
11827
4472
2592
14054
15673
6342
5603
6619
4148
1795
15260
12387
1293
1019
7230
1500
15057
1053
10201
11659
10772
2055
13399
3135
14703
15240
13670
187
8227
14418
14137
4055
2891
5081
6461
6916
11423
12065
13535
3923
2212
12795
4662
3506
2166
11892
9358
1223
1298
7912
12883
12070
14319
10282
3557
1374
13874
5579
1561
6102
8349
15698
14509
15592
4779
4970
6508
4554
5387
8395
8477
7600
5191
13139
15458
7357
9032
8816
12933
14682
728
14168
15104
3399
8450
2661
4773
10677
12592
6334
779
4941
10384
3640
4534
3515
8610
15394
8069
13998
7790
546
9950
1333
13686
9408
13042
11070
2224
14327
9752
7305
12495
8856
10704
9298
15869
3830
3975
12461
10164
4754
5754
8901
8394
14640
12416
5356
14035
4486
3354
10177
5032
1656
15862
7070
11064
12904
2140
1641
11232
244
13298
12079
13452
12354
5377
1673
184
9352
2486
14701
2458
8241
7602
15204
11233
8370
4561
9268
12856
12267
7797
6241
13924
7659
1663
13340
8916
8156
14981
8500
12752
12279
4579
10205
12986
9957
230
13170
7661
2717
223
10120
15310
7825
9324
10543
4548
13885
8164
1404
14505
15961
11997
12429
11973
13661
9769
9241
10169
13103
6093
6921
13734
10672
1126
10720
8981
5709
12243
4995
12778
12466
15115
12088
8644
8439
10983
13192
10677
3147
2948
13534
7461
3298
9963
7786
5311
8084
1027
15480
9539
7120
6401
7274
6144
11880
6346
3478
1589
2589
8473
14367
3408
7588
14807
12052
4379
9790
13596
3408
1290
544
942
8751
3842
15257
537
13505
11694
5916
12985
5233
1388
7739
12507
7532
3619
2854
11010
9560
9795
7835
12279
13203
15423
11086
13607
8155
9228
11203
15915
10518
100
5210
7621
8294
4467
8158
5800
161
2426
2785
5395
3814
10524
6254
15699
2495
13460
15061
12055
7256
6897
12686
8811
10672
7772
6419
7179
5353
1622
7095
15871
6074
12305
7493
14369
5124
4003
4169
5286
10782
6954
15033
14596
5831
9639
2647
8326
7100
1709
8734
2708
8606
5420
11519
7630
1545
6290
14810
6898
12265
5905
11121
2339
6562
6966
708
38
15322
4877
5324
10104
184
8709
8700
6015
2349
15700
2693
9449
1409
11427
12157
14367
5200
12028
5997
11097
2319
4807
