2000
14456
15080
832
6575
1811
7216
3952
7950
5019
12840
8426
15244
6585
1008
4977
976
15766
10779
8050
11175
12516
9518
1268
13346
10401
9927
5957
359
11578
4810
99
14386
8242
5283
4962
10053
851
13266
6356
10222
10106
14782
9466
691
4142
2796
6019
3909
1927
14069
15084
14444
7587
352
142
6340
14631
6099
11051
10210
15261
15502
8596
7504
4786
1910
1557
9989
15176
7913
4212
13634
11048
2030
2677
15190
9178
8696
7451
15458
6765
10888
13902
2704
11240
14044
13396
9872
8495
8447
8434
7757
7950
5382
15261
1088
11645
5170
15429
15173
1436
3641
1160
12484
10024
3837
26
7554
12534
7478
7012
7651
2366
9266
10356
1958
11662
12104
182
4158
4552
12968
267
854
6703
15528
1942
2348
9050
1371
5873
10486
9365
7033
6970
7741
10871
11349
15295
11757
2827
10660
3408
9545
3926
2116
15855
15589
14221
4390
8099
7125
1358
8366
7979
8061
12246
9921
14761
5296
15644
8987
15783
9009
20
11105
5102
15243
6454
8750
11000
13633
3410
14409
7178
7336
525
11386
11277
3098
15776
3376
10223
1134
94
2202
13548
12340
475
12309
1637
120
5296
1420
13481
9669
877
2584
8912
7332
11334
3913
4965
3096
6674
496
10432
11551
11882
10062
14650
11658
1790
13225
1144
1885
15428
14692
14225
4255
15354
15862
4375
9002
5634
6209
7023
6512
13145
15936
2196
12831
8201
11513
15927
3227
12009
14711
14778
12243
8773
1780
7901
10564
15006
13398
12449
2786
12090
15026
7041
15796
14889
15769
13151
8875
5978
4174
3739
3123
8462
5935
15954
5015
5801
4233
8242
1810
2944
7021
14054
11718
8801
10307
10634
7807
7705
11435
14945
8148
10461
5987
12296
13702
5756
9447
6578
86
13622
14669
3209
10436
8957
7515
15452
14758
11748
7694
568
3044
14715
2974
3114
11869
13282
13748
8028
9339
9183
6974
1487
7997
1313
13784
5699
11421
11583
629
11507
13557
15299
14716
7994
12608
10583
7446
11366
10683
3492
286
13727
6560
3261
842
2429
4895
14590
14809
14234
12126
5783
4074
4123
11448
6210
14174
6869
1793
14804
2376
15351
14103
5444
11697
15063
27
7495
10429
15062
10987
10715
12790
1547
2328
13632
8328
11575
574
7138
14162
1052
1273
2236
9527
12722
8446
7702
3591
14591
6506
10320
13942
8961
15764
13991
8024
4144
5486
6805
3206
474
5872
15996
6373
8201
1980
3054
8128
6907
14544
6290
7959
4169
8526
1487
891
5324
13541
8835
8268
4047
7507
6210
1360
7271
8554
13736
15767
14040
4541
2974
2866
10413
7322
13592
6966
9303
646
15095
210
3542
5385
12521
7711
2264
2360
12955
11940
15901
10142
4208
3948
1649
14771
9660
13272
7325
7396
13040
9717
11937
4366
12584
10703
11688
10176
1669
9343
15174
5116
13905
2716
14854
10427
10427
5470
12787
7382
5762
1041
1524
9971
4989
7525
13094
3002
4798
8771
10398
6190
2488
10688
10556
3424
9743
10596
13600
15764
3940
1126
4881
1845
3842
8087
624
14270
13557
1764
10004
3319
2805
15881
1642
12146
7406
3088
15148
12204
11859
13899
6746
2700
12939
1302
10476
6682
11899
8077
10798
4191
13555
4031
6036
1398
12118
11013
4020
9675
12777
14024
12995
15582
13905
2989
80
9664
6078
15229
10220
1937
1480
967
8989
14419
2269
3466
9453
2520
15895
8603
6711
13450
12635
1100
3200
8753
12113
7220
2429
8890
9597
3776
12824
7502
11117
12904
5518
1195
485
15739
7485
6317
706
474
9088
2975
8292
6893
9848
8187
15497
559
9990
12132
1659
13190
9237
13772
8763
11666
11014
2360
3794
12190
14214
14912
13447
3733
4459
13932
3472
11944
8602
4178
771
1690
11505
9063
8584
9705
5603
8081
10265
15593
8565
276
1135
1802
14049
9898
1821
13415
610
9967
9606
3177
8879
11405
6910
13339
13689
14734
13635
6291
7264
14406
7982
7121
7470
566
827
13073
12999
11092
1018
5564
11368
6505
7366
13769
4756
13539
15537
5366
7507
13495
8543
386
8900
3805
2077
6589
2539
15713
12881
9803
2471
4863
925
9941
9781
1752
11366
6780
1196
12384
12344
916
2890
8062
14686
7646
9954
14223
1364
1461
11718
9908
6199
8970
13713
8277
15559
4605
12342
12440
14408
14813
5655
3685
13107
15436
9789
8473
10568
10985
9210
6912
11902
12100
3327
14940
8098
13281
1515
9462
14742
1585
7722
9293
10555
9788
5922
10114
14393
6616
10907
1153
5430
562
4839
6889
4351
2980
15362
14919
2318
8572
10184
2572
9024
1863
1512
5474
15144
3027
3289
2238
8964
11011
15883
3519
4799
5806
1985
7544
12422
12892
8698
6204
1807
1889
13093
6158
9221
808
9429
11539
13732
3613
14111
11109
5476
3975
583
8972
11354
3872
15562
4318
3236
15446
7837
12387
5252
9823
3932
6026
11067
982
12231
12874
7223
9324
7384
444
14484
814
11984
12217
4427
14447
7326
14256
2423
7909
7228
13777
134
11143
2096
3370
14941
14285
4109
8545
8108
12393
14571
7528
13375
10802
4402
8950
8479
11787
9395
6963
12601
9731
7532
5380
8178
14858
7988
10601
6768
15217
12731
11254
14712
14827
2976
13653
13112
7085
6198
9573
3479
9121
1101
5206
8276
9855
14157
755
9994
11904
12070
10947
5635
3603
328
13813
2461
8316
12767
13581
11885
9498
13187
14949
12677
163
12602
14141
11601
7152
12066
3432
4626
13167
8638
12902
11375
11147
2009
5369
7051
2431
317
1038
6034
645
3204
12848
13313
15971
14781
13551
13821
11969
12500
14850
484
13455
12991
12085
8959
9058
15517
13585
10577
12508
14839
5952
12007
848
11322
3059
3280
15991
8449
13666
636
11653
14866
2301
15976
13648
4204
13797
13969
705
12647
2805
2512
13991
3243
11471
7049
2760
13409
5978
3620
12248
11931
15628
1449
11605
7039
4729
11596
15488
6747
584
11142
5614
7237
11118
7614
11442
13268
9935
12147
14267
12740
14659
12258
15983
14482
7659
7096
243
13638
10716
12492
13921
14696
13941
9526
5735
7022
9474
5224
13769
10058
4718
7735
1295
15836
15349
12737
1456
9284
13236
15724
10377
247
11982
10360
3082
7994
5808
3325
5632
525
4169
7905
3573
6462
1431
9309
13484
15257
2885
15606
9315
7603
11693
14962
7439
11043
52
13248
8679
1640
12972
3056
1888
13306
1769
9322
5300
7577
12647
15284
12454
817
7189
28
7279
12972
13689
9116
12229
574
13074
9896
8177
8767
8859
3968
8162
13263
1216
5194
14903
14188
12602
5143
15847
14371
14465
9499
10301
11113
8784
11107
282
4325
11135
11913
1298
13176
9381
1879
13750
6455
11776
10279
3575
8987
14248
89
6250
3816
5283
9505
6357
1886
14649
6204
4609
13114
15703
3262
12579
12839
14370
12861
1165
13857
8775
6815
11034
2156
8694
13136
12964
8822
7416
4891
1809
5664
4980
12411
13832
14616
10269
4189
4854
8918
10393
13815
6032
14449
1078
2612
11288
15448
3825
805
1657
952
7620
12691
3109
4667
9828
4425
13489
5596
9316
3651
15612
2648
4414
13444
1264
14683
1634
6118
11953
379
3934
1986
14828
5012
8950
10117
8812
1127
10922
10469
2080
6895
11513
9541
11562
9693
13966
13403
15289
11634
5406
3253
14282
14173
697
15547
12856
6683
10017
8810
7063
13951
15148
5891
7315
12450
4360
4479
1929
3635
3301
4009
10530
3166
13550
10444
12859
15868
12199
500
11502
1606
3753
14137
15779
8802
13684
987
15486
12053
14149
10901
14357
1649
5144
10024
2451
9505
14504
4381
1492
6157
8390
12022
9323
10293
10818
6182
14513
7017
11034
10016
8623
3139
12505
12754
11941
14541
2094
15779
10594
4595
15032
8951
6245
4177
2976
13048
2034
5832
1429
3526
11989
14172
3900
5312
12817
14718
15846
11330
5735
10880
9698
14359
14019
6203
15465
14312
4744
1559
2444
15339
10507
1476
12642
752
10005
3970
2152
12039
9802
3582
3917
5791
6106
7817
15455
2923
6535
15301
14253
12271
10181
7952
14982
12552
2507
14447
15217
7252
4359
1661
10943
14866
7489
11937
3970
5847
15908
6122
6238
9710
14056
10156
3854
4162
1973
3309
11437
12861
2611
14043
9132
1144
10347
12466
13697
12854
15265
12914
8458
3624
2927
3401
6842
14768
15339
15164
4615
15247
9639
15206
13309
12047
9362
1163
4562
15687
4473
15999
12548
7084
14042
10032
12580
8389
6498
10277
9596
5764
11543
2054
13740
2822
9808
8935
1591
13499
12451
10558
1098
6090
9764
14407
6490
7478
15571
11052
11518
8396
15403
8066
3832
1798
6451
412
14539
12949
10690
8135
7065
10585
14542
4806
1760
8350
2093
7703
5849
14544
2261
6947
8987
378
9706
15477
12208
9277
14881
7726
6025
2636
4145
9857
4434
10596
10270
2974
11897
9312
15461
2963
8249
14003
7769
10009
6353
14214
1712
554
12758
8326
11853
10097
8704
5560
9574
9264
3189
12807
991
9215
15444
9488
3072
3878
4084
1694
11204
15981
11006
10666
2944
3256
13021
15065
1617
7727
13279
3330
8281
14390
11656
4135
8487
8712
9695
6414
1976
12884
3221
7319
10451
7017
807
13524
15248
4891
15218
10452
9225
14577
9470
521
6185
10844
15587
7802
2571
1218
15484
15204
15608
11140
3339
12448
3852
1386
2862
10181
2623
10435
5852
13074
1453
6660
14950
701
15903
14169
15505
13480
1098
13328
14002
11635
8172
13589
3437
10743
3159
2922
9947
7120
2414
1639
3568
10619
7377
10782
9152
10000
9569
15004
11427
15374
5664
10377
4427
9920
12898
3933
7400
13996
1261
5402
13983
13785
7343
1421
12880
14855
8695
11179
5975
15461
12818
13895
10080
8548
8677
7584
6900
6598
6589
2327
5973
605
12705
10400
10525
9603
2685
6278
11952
8298
11680
9935
6083
7376
15708
2963
6231
12755
14143
12206
569
15313
14453
15001
12213
11482
6586
3114
2080
13175
5441
8053
13780
6498
6806
8306
4454
9491
14584
406
1790
14616
14693
7873
5992
2754
15189
575
3861
1684
1133
4430
5349
15586
3432
1563
11068
10018
4677
13149
11545
14470
9554
9325
4969
360
5983
9423
9852
8919
14181
11642
11888
1226
7867
6232
3980
7056
6808
12194
8740
7941
4976
14090
11880
8408
4005
6948
6778
8682
8449
6675
7152
2004
1
473
6716
10336
9896
568
3256
8077
562
3496
13656
12782
9728
5988
3838
536
2182
931
12830
7159
3373
8710
3919
11730
4010
15050
4412
812
5725
15916
7168
10078
4742
13884
4415
14638
2805
12023
11068
7719
15519
8724
4501
9247
14712
12692
14136
5247
1975
15318
758
9700
12380
4677
5430
390
8079
14194
1202
13805
2462
12722
7883
7204
10607
650
5843
13412
12673
5263
9483
544
2339
13985
9792
1051
10677
12280
10650
1004
11598
11408
10704
7978
86
134
12720
12517
14328
2275
10322
790
14997
6558
7995
9604
11560
2190
11368
8234
11805
4852
8778
14144
7189
6922
3547
1866
7554
14198
2870
3152
9606
13574
11130
14044
2060
12203
10562
388
14478
9236
5530
13475
4146
1877
11432
15707
8419
6800
12293
4224
4
9423
6720
7193
346
10268
13411
12252
12818
281
15405
6424
2207
14887
8821
8619
11090
7735
13359
9568
5323
7242
11396
9470
9119
6828
13529
5891
1980
9822
14467
1985
3245
5188
9178
7943
3808
6590
4196
626
11223
3601
11402
1783
6840
4223
14754
1931
310
12114
15851
5634
3356
11247
3456
827
2075
985
6718
4056
10807
5186
10393
2404
14726
3571
10348
6886
14513
14544
7512
14089
6497
7266
4224
1689
15842
2978
3620
152
15092
3472
10138
2448
3071
13594
7628
5147
14579
14346
13555
13738
7884
7948
143
10962
15871
10491
1848
2737
13387
13712
826
8236
4979
5050
9925
4821
8028
1898
4973
11473
9722
15112
2273
12793
1058
9901
1940
15638
12600
3847
13376
4484
147
13519
3799
19
12362
5647
7108
9749
7712
7934
6337
12691
1336
263
1512
13716
6513
10837
9189
235
14301
15815
13028
15360
9716
3321
14998
6316
7168
726
15153
11668
2598
2952
11687
14960
12951
7147
13062
4663
15081
3399
5706
4769
8014
7218
6837
14527
6408
27
14762
4709
4194
143
4069
2262
3464
7419
12931
14984
8146
12084
10652
15096
3388
10691
14056
4691
1838
11118
13707
5271
2870
3413
10040
10884
14984
878
13764
