16000
4213
7490
3039
9404
600
4510
4896
15672
12588
11328
13734
7916
9947
15869
9067
3471
3909
7195
11885
6784
4790
807
9299
7286
15565
724
2082
9454
15334
10851
6502
7900
2341
9541
5656
7294
2403
10552
11318
14992
10233
13404
11260
4180
1625
4327
12003
5534
15875
12240
670
9017
13048
9970
303
12613
10694
6737
10419
14380
5941
5273
10632
12634
14814
289
8280
5569
10841
3599
4561
5074
5355
4174
13607
6981
12853
9610
867
12728
10203
1538
10098
7251
15860
10401
8216
14906
5491
6987
1638
15784
12260
12271
12418
15426
912
9051
4995
105
1002
13909
9532
6357
2083
7139
1690
14936
5101
2558
17
15304
8448
10115
10907
8308
8868
7475
11566
2711
14462
13204
2495
10722
13827
3266
10148
14739
12317
15144
14845
1671
1405
8377
8028
3488
3868
9719
6776
13321
629
11145
978
9077
5260
237
5737
2481
7713
1303
5192
6175
2859
7688
898
5039
15306
15398
8130
11623
2894
11327
13294
4299
8056
9674
7787
11924
7745
2916
13598
8374
14061
14576
5803
7674
14813
11540
10155
6526
1195
15347
1054
8407
11387
6304
13446
10693
5702
9928
6316
8597
5256
7962
12896
13312
5989
9036
13589
2086
304
11187
14813
14365
14115
4616
6039
12928
4509
194
7807
10056
3894
8861
6815
15281
3517
8613
9975
9219
2542
4643
6168
7798
12606
7417
5110
6947
453
2699
9033
5109
2238
7846
3474
353
815
13866
13282
9676
14060
9441
3732
1954
6654
14900
1236
10171
7513
15563
7742
10055
4206
13911
6205
5164
5328
15668
12111
10133
2367
9497
15242
8958
5695
2716
9311
6510
582
10945
4538
2995
4386
8271
9301
15392
11523
14889
9563
3036
14452
1306
1444
2659
15217
7649
7823
8897
7317
8287
3030
14037
1784
2272
6995
7479
9340
306
2342
14275
11252
6880
1270
3990
3503
14923
3383
3378
13813
1298
6415
617
6956
7859
3276
10525
15508
15452
3422
11178
7739
6452
9215
13875
13076
4562
9706
6417
4868
12048
4692
4472
7281
10314
12815
15136
9237
198
2515
11402
5848
13282
12020
12805
5141
3648
7330
9001
3100
10753
4179
15191
5557
1746
13066
2634
6308
6773
13403
15529
7173
2095
4001
14454
761
5168
1943
9998
9718
8810
9753
15567
6092
5773
12372
15585
9421
8054
8586
874
2807
1118
65
12717
2864
13132
15351
13525
3905
12754
13054
11078
3201
5407
13885
3962
10576
4180
2312
4294
1342
12065
3861
7434
6190
4585
7019
15612
992
3957
4838
8151
5075
4903
4868
12292
2035
8571
9817
10292
5325
6871
9723
12878
630
11960
5192
11206
4492
7505
3853
5834
3570
12066
13268
9761
5004
8639
13725
5996
12596
2563
14147
6024
7466
3016
2316
13854
11587
485
12498
5265
11708
6221
6495
12338
6533
11688
11897
11025
3193
15750
859
11115
11816
2479
9228
820
11118
6953
6816
12067
13868
4964
2091
9687
12332
4407
11893
7919
4892
8391
1536
600
2965
8032
1290
9498
3720
13187
8876
11265
12937
9735
6380
13106
567
15609
13926
11685
10914
9095
7752
8783
2411
14195
6822
14743
6954
2715
11014
198
11106
12551
5150
2423
8935
6441
11922
1007
3628
9150
12272
4918
2885
7004
2024
7804
6613
15950
3490
5880
13397
15594
14663
15808
2142
5485
14551
9096
12552
13918
9295
7658
14821
14445
14434
7756
4886
10356
13115
12867
3506
9387
1785
10743
391
3809
2548
11357
8111
10390
1237
5509
14336
4252
5317
478
14089
8221
9575
10641
6139
7222
6651
4960
5667
5085
1068
14906
3793
14183
11773
11651
11922
13558
6395
12313
1367
13295
12022
13830
12037
1611
3339
10373
5863
8657
15204
3952
5230
13131
2945
11369
4353
9597
4681
14372
3034
5749
1630
6828
3932
13403
2479
15854
15313
13226
519
5032
10521
894
2863
10910
2505
6202
9636
8369
3211
8840
673
8441
10323
3619
8162
3028
1568
12843
1400
4602
6944
3031
11430
15228
4786
2262
3434
4100
15488
3954
13484
14362
9200
347
9272
11705
6550
2908
8426
14113
100
9100
10907
10423
1071
3069
13451
2639
4265
3204
11593
15561
10587
11376
14790
15373
13638
2224
7825
13126
10530
5310
15840
3730
10009
13465
15436
4911
373
7862
3025
4826
5314
13932
3601
6385
5353
5405
13376
13970
8609
8970
13532
7548
4346
12322
11273
6336
2898
3099
3462
13429
12761
7655
1159
6770
5120
4947
11682
9845
1162
3059
14671
10828
991
6625
1214
10696
12030
2942
8667
4639
11912
6199
12187
4610
6873
7460
10946
9771
14911
2761
11552
24
10416
1064
11147
15536
10363
11181
13733
11525
14240
12405
6354
3583
3030
11920
14279
15060
14862
11298
8051
15127
5849
8590
8089
12722
4402
7388
10846
7666
10149
6398
7690
8917
7462
2837
12805
1826
14018
10538
1703
610
11295
12409
8545
2677
8329
11177
6089
11544
6475
2492
15023
12325
11082
7112
13399
15485
14500
8245
11503
13001
2996
3193
5918
10458
6031
2723
636
8401
1614
2340
13364
12909
3101
5909
3939
11431
1086
10028
11327
11914
12521
10350
12591
11955
1462
9990
15792
4315
6588
11295
1316
9584
14489
11587
8394
8872
2662
9031
5625
4276
15723
2989
5538
2824
13251
9477
2607
2689
7857
13934
14603
8730
8284
11194
4686
14099
5185
4478
2414
125
15774
8082
9709
2615
3669
2103
11487
6332
15486
5464
10608
15209
12806
4498
6386
10057
2327
13345
12746
10185
11280
15702
2915
7916
10896
7601
6015
4433
432
12781
4558
4558
4864
14267
7173
12885
4723
7012
3217
4209
12476
2178
7771
13634
6676
2509
7691
9004
15854
8790
7541
15486
8492
14808
7403
7740
6410
1770
526
11194
2904
5084
15752
12120
7704
6925
9005
779
2289
12223
4988
3117
14401
1111
752
9429
3620
12795
6785
7827
5585
14326
7313
2429
13135
3068
10170
7897
9191
15048
3091
12095
4132
7195
8215
188
14120
1220
967
409
1795
10308
7878
196
11419
8630
13978
3392
5426
4763
11219
15363
7442
6884
1793
8929
9953
315
826
3144
15363
8269
3591
7847
15464
11806
8036
1936
1378
13355
6697
3174
7663
14575
7722
3083
7206
5700
6475
984
14816
6046
347
10610
12930
6492
3539
6883
6807
8717
14379
10522
986
1970
2370
4802
2128
14758
11090
3507
12113
1787
6681
3777
4714
14403
11212
272
8456
6039
1256
11624
12085
1604
6234
13367
8096
9773
8603
3256
2490
6982
2130
7828
13305
4500
12630
15433
7610
12072
2940
3724
13859
13973
11853
6925
729
11417
7198
9185
1456
8454
4809
1893
14410
11043
15260
10859
9168
7863
2467
11658
3198
4597
7838
503
9098
8820
4288
5060
4892
7229
13136
7103
9554
13341
14028
10283
8758
5226
7820
14566
2033
12629
459
443
12024
4072
15654
5192
287
2121
5202
3485
6719
13040
8340
4169
5860
12629
9229
10752
8210
6366
1855
1764
8059
4236
12048
818
9462
3868
15384
11495
4850
4196
291
5226
8268
15945
10419
8555
6419
3973
393
13138
1014
8733
5659
11226
5362
3240
10331
13572
13958
538
15337
6018
4774
15737
6836
14237
7957
10572
14084
12807
14768
14375
2034
11388
2673
805
8296
9092
4778
8689
10582
10144
1422
4593
9723
11137
7833
4054
8709
5792
4592
12398
11810
13719
487
6998
308
8445
1570
14392
9604
339
1120
11638
79
8145
795
8375
5589
9926
1064
4523
4070
6839
9116
2145
1976
949
6199
10685
11093
15144
11436
6903
1215
11923
13901
1523
4368
15472
15915
2325
4163
5387
13963
4242
13532
3111
970
7473
13037
2034
11996
5459
13225
5112
7605
15201
10414
2156
14239
5507
1300
9675
12411
2515
9950
14664
8390
2671
2488
12658
4996
6651
2045
7311
15246
3930
10422
4568
11403
7459
10954
7400
1271
8180
864
8876
7381
11278
11032
5620
5138
685
3647
5901
7552
13598
4565
15943
269
7054
12601
5265
2057
2998
12576
5655
6928
11351
10223
6684
2810
9530
2436
4081
1710
7652
1309
13443
7283
694
3064
12421
1379
11063
2322
13283
8661
6887
1578
13282
2293
2531
6899
4351
9882
7828
14358
5162
3179
12934
11846
5989
6464
2634
14423
8174
10287
15732
5617
1570
4778
13033
13991
6157
8097
313
7793
5110
11552
13723
2393
13846
255
13644
6549
10137
5472
9259
15299
8651
6193
15498
2993
1009
2132
1416
13535
12419
5500
3153
2341
10279
4538
332
4788
987
4997
933
6098
4902
14657
12843
7100
3264
10487
2001
1753
4312
11260
5404
12963
5806
9254
15956
6815
11387
5724
4351
12158
15577
11856
14500
14208
4746
3184
7348
5734
12534
8282
184
5788
11291
1379
1240
2907
218
3241
4660
4530
2853
14416
5846
13011
7671
10154
3827
3058
4231
12530
3568
3808
12738
6420
6368
5836
13957
2068
11570
14843
14702
106
4631
9993
5837
5871
12900
6056
13464
5912
14938
317
4329
4784
13329
12000
14939
5508
3410
3170
6390
11330
11330
7480
1751
6050
13316
15708
8118
8887
2903
6821
13345
7534
814
3183
1757
2067
13591
15221
12331
12529
15538
660
1314
1219
1012
4605
6727
8774
7775
1469
4105
7457
8949
5856
13507
6266
9916
5625
3505
12819
12446
850
8705
1613
8385
10462
8032
5976
14035
4363
2506
1925
9376
8172
3145
10388
12777
14224
3163
8904
15694
7268
361
12995
1476
2220
3261
15744
7845
11118
12563
8644
321
9620
14609
8706
4082
6641
3035
6469
15356
5541
8394
8732
2065
11539
3121
14842
14116
10636
12098
2162
6256
12459
15157
12084
14679
2419
11828
10876
13537
12743
3520
2210
6363
6481
10917
14797
13122
13952
5266
12479
7845
13660
5211
9910
13552
12684
13104
11668
11672
9202
13830
6280
10013
1339
2364
13044
8110
14192
7920
10000
10935
15793
12210
5650
6274
7127
8799
7749
9431
14065
4228
5628
78
13791
15538
1982
14828
994
2002
14852
14548
15832
5133
12913
1171
7497
9957
9282
5690
6230
3282
4977
10375
3844
14980
5001
10972
7779
12750
4403
10197
5330
10032
14627
7474
13922
609
6302
3269
2611
5154
6169
6795
10287
3083
12318
6137
1392
9952
179
11974
1586
5156
10701
5431
8488
15703
403
268
12453
9158
14817
6136
7542
13444
13610
9817
14053
8264
1438
664
1770
7607
11811
410
15042
8129
6547
4787
2082
6726
5113
3668
234
15815
9099
8723
15518
13854
13343
323
7013
12160
10811
2907
9604
8421
1076
7657
5037
2514
12673
6808
14474
8484
7218
1868
4965
2117
6655
7047
8843
121
10716
13429
15936
8167
10504
3806
6022
7847
8481
1387
4007
3293
4294
1963
66
9723
13972
5104
12237
14997
264
10711
7481
11834
12580
12447
13951
7587
7846
11146
7708
2562
8575
11996
15082
3080
4154
5104
15279
12636
10843
7639
4281
3489
9602
8699
13212
7575
2155
9450
6572
2419
8513
2406
14253
5093
3205
12204
1033
11051
7350
13093
1966
4278
9090
1048
11710
13244
10504
10989
14232
5347
2628
2513
8836
12231
11213
10401
8158
13368
3851
14730
4140
12364
5488
2393
5810
13045
2950
11195
8097
10300
8288
14415
2930
1378
3815
14640
14623
2671
9630
12855
8018
12258
3721
5206
12841
3286
15607
4999
5006
7810
8082
9146
8527
13570
11540
2689
10616
14490
13884
7065
13142
6172
9832
4425
7551
13647
3065
10526
318
12695
11733
12688
13306
3806
6246
10147
7092
10206
15147
12099
6368
11581
9597
14895
13503
9489
1584
12471
7979
15468
3536
9474
9993
1720
13899
1544
15367
5316
422
4037
2012
12155
5077
3670
4314
11324
13817
11406
9882
1316
11857
250
12897
5455
3498
10401
14944
5082
6872
11276
8903
14761
9102
2896
481
11353
8792
4201
669
9214
8238
7033
9721
13316
10703
2387
12992
8521
13794
6874
9837
14003
11476
11087
7810
14974
9840
11107
8409
712
6383
1312
3825
3837
8560
4307
15190
1352
12860
4211
14918
5098
11245
12991
6766
5948
15379
8110
2821
1525
3336
1011
15528
14813
12098
11691
2139
5938
6798
10548
11002
13181
212
14828
5370
13124
7487
4560
14476
4347
13123
1746
13797
8368
3090
8916
2669
2469
1026
9842
8346
4363
10853
12226
7528
11303
7917
14019
5593
14715
8568
4948
248
13132
3776
5618
10257
15615
14530
13085
8314
11654
14832
6111
8374
6274
3379
11043
13095
4406
9238
5441
13121
4091
1667
9001
3747
9585
7020
9340
12652
3940
14288
12901
1073
6416
2519
11330
10383
1050
12767
2697
1056
15951
13161
9430
6225
540
8826
3320
9298
2064
13113
6419
6155
14781
3772
14254
12718
15145
7595
9370
3085
10235
10623
4158
5004
13143
3840
15387
2545
608
2085
3601
559
3598
13031
11137
4138
10209
14457
13437
12273
11571
8208
6781
14704
11981
5035
15774
11126
982
13496
2563
11218
8120
11074
4574
5263
3266
3961
12160
3874
10398
15761
8786
13996
1144
3923
2135
15706
6732
3924
11979
6655
12132
7112
5359
12465
500
9485
11943
1482
6982
14507
1052
15102
13933
5626
8717
1199
13940
4877
9426
8338
8990
2212
6335
14486
10487
12822
14192
5571
5098
14524
12227
5582
5636
5938
2048
6136
15424
2343
11971
10758
5202
13023
9860
3135
7002
6929
4335
4942
158
2113
13280
9148
8677
7967
11986
3164
9141
10179
13087
14239
13055
13666
3822
2691
7957
10222
13180
11733
12565
9151
6491
6120
10526
4703
9255
1528
11632
1942
6470
11790
4055
3751
9290
12732
70
5276
4248
9212
15455
5688
7451
12510
3354
11273
3554
11311
9847
5086
7044
10765
14237
1887
885
8763
6590
14492
10292
2222
435
5114
14012
8842
8865
7302
9927
13288
12579
2527
6500
386
8215
13951
1249
15922
13577
9155
11233
11776
14241
6630
6541
12478
8517
7426
9593
15108
5919
8237
1330
10706
13352
3695
7900
10569
15349
1827
7857
280
8707
14357
667
922
661
6268
844
2590
15423
430
14366
2016
7060
4908
2846
3929
12334
12439
3037
6605
9029
8720
1311
6381
767
13564
5302
116
15391
13160
397
8098
15869
5416
13373
4882
36
2569
7472
3811
2999
10191
5827
14411
15099
8673
2341
15785
5112
9730
10743
2493
6802
12054
8874
7569
9618
14177
12038
13362
15689
787
9812
3910
10555
11537
8793
10591
14107
265
14402
5458
10456
4229
8222
13907
12902
10563
2045
6366
8645
12788
8860
15448
13194
6086
11369
11165
8615
11759
12879
12656
12546
6691
567
7101
6581
9360
1692
4688
9625
4446
14498
8434
13027
6720
10693
9929
5635
12738
4648
14281
13878
1860
2081
11073
12298
1802
6238
4914
13562
3117
1570
14460
14160
2137
5562
4741
15849
11606
13781
13827
4405
12280
10613
1432
3000
5306
15714
12988
6397
8714
11269
4275
10574
1702
15348
11224
7856
9938
138
5418
1407
6061
8231
15568
12550
13793
8661
12400
13751
6443
10227
6508
7075
9192
7941
14427
14498
7655
11415
4895
369
11036
13523
15295
12738
1223
10519
4595
11162
15010
14365
921
9423
6596
489
10325
8741
9151
11077
10845
3946
9656
1353
11021
2848
9294
13800
1347
5301
9216
10594
10022
4252
12469
13669
5343
13693
8189
14290
13207
11551
1007
14128
9326
11956
14618
3651
4697
12121
14729
3894
4419
8385
5248
3792
15586
2894
1592
5285
12548
15160
15879
6570
7765
12349
4240
13108
14394
781
15750
11601
684
757
9729
10010
1065
12699
13661
5763
13172
742
14009
1591
13480
7609
9735
13066
14856
11328
2351
11404
14840
6582
6326
6605
7283
10566
3713
5677
15699
7815
1278
383
8573
15360
10393
9638
12059
12407
3753
13584
1501
6115
3527
14981
13724
13263
399
12580
12943
7102
7984
11783
13685
14311
2389
9320
13229
10454
14998
1281
2270
4628
1664
15195
3988
410
13185
4400
1169
5291
1984
2670
11406
5511
1652
13482
7126
6403
10063
4069
13506
6399
15853
15543
9062
6594
8863
10644
5400
12213
11925
7670
842
1941
11217
9182
6703
12755
13582
7872
2046
3918
10543
1804
9430
547
15286
556
6950
13701
8978
8808
8453
13183
12703
5867
3777
9919
4863
9177
6132
5140
5200
11326
7082
417
4509
2137
13172
6443
10010
3570
10362
4553
5374
8144
9452
9013
8700
402
11066
6030
13563
7871
3213
10266
2091
11342
4185
6954
8872
14670
447
14072
9996
11881
2841
2857
14018
4366
9301
8028
7936
8015
933
1663
159
10385
15028
13211
15140
14446
3242
12703
10670
6455
11321
12761
6150
3859
8067
15022
2529
8514
13094
877
4395
4287
8087
2414
8653
5740
14794
4942
13755
15728
10957
2266
10113
14337
15477
9253
12783
7071
10308
11805
1879
5630
8566
8029
9489
4986
7051
370
13500
8497
5599
6248
12784
2038
8662
9790
7778
7456
3084
9885
11536
14041
12151
5650
730
15981
14903
1865
7052
9212
13671
8931
3194
6237
5312
1035
15575
12363
1405
13076
9212
11356
3324
5997
13395
338
4139
9525
12146
7223
7763
7683
9616
8266
13333
10346
8247
588
12211
3652
14152
9882
935
1346
4472
6248
2381
4047
2611
8138
5475
176
3495
8799
10525
5242
13489
14664
3119
9636
10239
15234
1319
3855
7501
3004
2553
15748
3592
14764
7752
1745
12999
8688
3091
5823
14936
9825
14222
5899
1963
8050
6075
9810
5201
600
3404
2691
3616
10876
12327
13855
10110
1998
6062
1611
5002
12967
5712
8594
84
13464
14691
13083
6152
1783
7258
9440
15960
9832
15340
1923
1882
9767
86
7084
14720
7842
9775
2336
2718
10454
4544
12829
12452
14958
2792
5806
11926
8504
14400
12010
5969
13092
13445
473
3227
9055
9914
7539
2887
13606
13814
9122
7373
13900
206
6093
5743
14333
12782
12813
8787
1326
13994
9591
4636
787
15397
562
9291
2149
924
3612
15241
14369
4086
6820
11776
2352
14359
14664
15958
12174
7786
11683
14426
12344
1777
8521
10677
14559
9687
7816
4237
7681
1407
8873
8468
804
13788
1760
2953
14712
9724
6547
1434
2162
1719
13210
4514
4431
226
8824
4957
12364
4508
3383
8708
6285
257
7737
9196
9944
15553
1785
1625
960
10658
14446
6116
12798
4558
13422
15863
14282
8321
5649
445
10040
7211
9311
14471
7438
2136
3428
8154
6644
11164
5215
1281
11421
12952
10477
9717
858
614
11342
6170
15624
14140
639
12423
2698
14061
12286
981
6382
1935
5778
4774
13498
15089
7598
4936
1225
11026
1443
12221
10542
6658
13502
10315
7962
12331
4032
13172
12945
3727
3343
12570
1867
3982
13345
4566
6395
13983
9899
1129
4270
15677
5903
1768
14766
1853
11057
15992
1232
12500
12213
11774
7510
14068
6090
3824
10399
10122
997
11697
13849
4340
12619
4069
12674
9964
8635
3069
12299
2534
8550
569
2211
2805
2337
5329
4659
13394
5321
5891
14246
5887
6017
5756
8307
12107
9581
7058
10582
10578
2755
8431
3270
3726
852
15944
13690
13839
7365
9989
373
4267
14910
6936
7072
1248
12266
83
2994
5939
5974
1241
178
11992
6997
8485
12451
4930
3896
7033
15508
6651
3817
2778
14730
4669
7074
772
2509
2791
15114
7234
7058
14024
2523
2483
15272
3141
2566
6619
13432
12893
7860
13611
8885
3209
10448
9688
8140
14344
722
12000
9348
4539
3131
8078
13560
10205
13202
4421
1349
12316
11656
8407
10341
2531
10890
13965
5672
1809
4584
3104
14702
796
715
11939
4006
15516
5627
498
2212
6349
12498
15912
15240
3981
7990
1153
14187
9545
5574
3888
5861
5582
647
202
8113
15890
2520
13785
1699
11456
890
401
12253
5957
12340
4611
5473
6319
9461
12038
1021
10311
11950
261
14293
8293
1414
12480
1838
11341
4720
7699
923
5367
12254
9037
5257
14774
6822
6956
10230
12064
11709
10835
2022
12401
3798
11847
2721
13259
12237
3742
7571
8188
8355
5864
481
14122
6696
2319
9463
11416
14370
10386
5135
14976
7775
10393
13750
2950
5701
12333
15014
1411
11520
5388
2164
15319
1236
4885
930
1825
12979
8501
10013
5335
2717
10494
3457
9413
1165
12920
9181
3888
11658
14317
2864
3434
13062
4967
6384
2763
5652
9750
8526
1172
15139
10691
4843
4727
3928
5774
6552
908
2627
566
6243
5345
15412
9700
14758
4930
10972
12292
13170
10982
10609
34
2768
7671
9353
13504
14786
15005
7255
7313
4530
6394
6356
9373
15473
10284
15147
6025
15544
6127
10943
5787
11472
14708
3839
14582
3638
3163
10874
808
14146
5483
5194
914
1506
14548
2771
293
1905
10026
7606
6435
4772
2314
15809
4245
12598
3308
14622
495
9435
9566
6282
9259
12626
14474
7842
264
1637
2716
5424
4135
8200
14970
9402
14058
13518
12173
14351
15424
10551
10309
10211
15323
12623
14372
7920
13574
1681
6542
14069
15468
4460
8703
8728
1086
11529
570
5702
13167
7638
15478
5654
4190
14449
3408
2249
319
15581
4952
4095
10132
15262
14307
13807
237
12679
10079
2163
2712
4974
4584
6533
13786
1640
3613
14873
13169
8535
8927
14688
173
12758
4343
4364
11207
7751
10965
15878
11685
15917
3974
10169
3531
6633
12329
8121
3312
6408
10284
10377
11382
3221
5262
9169
4861
8875
12394
6382
1410
9673
5071
5935
6431
13766
14651
5990
9869
9616
5869
9906
13886
14195
4076
1417
4828
4757
13890
12492
11165
12527
6869
6548
15748
12131
4069
8961
9358
463
3695
15120
14488
8766
5056
4920
10884
8059
10910
9106
6028
5131
3012
3914
3326
11440
9683
8154
197
11926
4647
15715
8453
15868
6263
8201
352
14684
5514
9710
3499
9209
13183
1987
6328
2239
6907
5564
14650
6170
14670
4678
15653
6035
12944
2980
5827
10980
15486
6025
6906
8485
5740
15359
8354
355
11912
13058
3391
5778
6768
6890
14987
3951
8877
9667
10542
4137
15232
9193
10307
2254
2223
9960
8289
3520
1292
14117
14500
779
8494
9758
9264
2586
9117
5970
7293
9381
3028
10684
15159
14149
1574
2498
6452
14803
12166
995
2940
11398
14540
1599
13652
5115
15912
10294
8635
1204
12763
11487
6335
9609
5245
3952
12195
2714
9922
7840
12095
1303
6876
15606
15452
8450
2105
5904
11605
14271
11251
14546
9669
14143
145
11673
3259
57
10319
246
5614
7082
11734
11949
691
979
4253
1238
3694
2528
13430
4141
3831
4306
3748
7635
1108
5853
1891
12714
8476
1495
15612
6497
15638
4109
2170
7249
4167
12490
7496
14133
7924
3230
14434
12968
8561
2688
2558
607
9568
15989
4749
13399
8647
12849
9386
9756
7054
11277
10822
15530
12772
10434
6027
763
14543
12549
8012
7062
13391
15508
9547
5316
7090
7982
6636
15652
15022
9194
259
8590
13535
5008
10341
10535
6209
8079
4291
13263
3356
3465
12793
4481
2251
2820
9596
5146
3722
1608
12209
1113
5469
10108
10781
12559
6442
1417
12211
5464
14964
12471
2406
851
5831
1099
11386
12041
9178
4029
9304
887
7494
10450
5368
9745
1622
3316
14892
5344
4924
15453
6458
10393
9561
5591
11305
4
7009
7516
9820
10325
8339
579
11176
2523
1678
10915
14564
10857
14944
12220
96
10791
11022
9816
4536
12645
13132
7780
1989
2056
11585
12799
802
9499
2391
12107
13855
13752
7975
7675
12429
315
12606
7605
2838
14285
6872
5754
13494
5817
6326
13590
608
1349
7406
9496
13994
8890
5629
4335
15298
1214
1135
100
15065
7878
559
12920
9982
12887
8948
6411
13202
5554
2368
4392
8191
9241
14498
5685
15058
9176
7627
4018
10525
3385
13514
12871
12275
3143
1207
15926
8710
6694
4378
7775
2924
4938
9048
12906
1825
1996
3317
3379
7550
5685
12123
4094
14926
14973
14131
2336
8149
5759
6354
7027
13496
3869
3898
14124
11364
9457
14050
4074
4503
2428
202
7427
11718
13602
8685
1895
15598
12002
9626
11500
6040
5749
15594
4966
9074
13726
11655
5576
7837
2009
12603
9685
5878
4853
7809
5595
14311
10211
14021
7166
992
14223
2946
12710
11825
11631
2958
15775
11986
12584
15628
2026
6686
15222
11344
15760
1300
11351
5336
13489
13361
6291
7175
3239
11145
3336
8834
13808
1900
6856
4974
2892
9431
12272
3954
9609
12256
6912
13736
8242
7849
13364
14620
14535
939
14316
2647
2239
9668
7984
4081
7029
14275
15608
14620
13772
2944
11807
11580
9196
7015
4907
440
4798
1179
8747
14407
13435
15659
496
10029
11860
13860
8649
10395
14799
11318
13043
1039
9338
9379
9472
4719
12006
9080
3339
9779
376
3498
9711
9573
10513
14618
14365
3664
4150
7112
6423
1585
11124
6919
15967
6984
4780
8616
5732
3579
8286
2775
8970
1624
506
2442
6343
864
15874
14035
14995
251
5885
8707
14176
4751
11677
12541
8415
15827
8006
14838
5765
3130
5758
5732
14466
14890
2700
4198
2469
10987
11325
15792
963
11831
6586
11659
1048
6461
14046
43
11064
3931
8750
9240
8682
8780
10133
1097
8607
6491
15936
14372
9621
10046
4104
8088
8936
6805
638
15757
6144
11964
15549
11459
12147
10488
7118
13195
949
5164
13239
365
9096
10341
9605
1778
3121
8090
7228
81
14582
11516
14453
12555
5562
6910
8995
2850
2067
9634
2607
8211
9950
6509
8022
6097
997
15141
7645
6298
8657
9236
6663
1753
7929
4620
7884
15403
1062
15112
15484
3996
10628
2289
552
4542
13551
13899
7392
15618
11885
14351
12181
5835
9212
4204
285
10209
7697
7930
4859
354
5518
11522
2108
13447
4494
14344
12850
5557
1808
686
9553
788
2976
14457
5330
527
709
1074
4498
12594
3777
679
6782
12990
9235
7067
11551
932
3349
4763
1287
8867
4637
7747
10666
9132
6091
11869
3041
7899
12555
12594
8687
15531
15404
2369
4411
113
7795
8909
12707
11572
13940
3489
12914
11528
14908
12818
12460
6609
1581
2099
3828
6218
9846
14495
15350
4289
10364
2391
12188
6919
3338
9227
10803
2742
11596
3566
2855
7743
827
3914
3316
3119
11756
230
14647
15016
1400
11108
5626
2981
1559
9454
9200
11406
12301
12902
15695
11017
15294
236
6289
6984
9463
5444
9726
9412
9010
933
1155
9837
9199
8823
12956
4955
13406
15956
3972
14806
15416
13950
1788
975
7404
15340
12381
8058
12242
429
3075
15888
665
9364
6872
14480
3160
4950
7892
12170
10235
13400
10359
3435
10575
11668
12742
7981
11624
714
11140
11040
3016
1280
12015
14773
620
12749
6831
12862
13178
14258
1103
13843
11975
7975
12323
15135
12926
8568
11306
7161
5968
10017
14948
4895
5685
11691
12877
1309
757
12369
701
3774
13649
1069
2547
14269
13818
9378
15483
10996
7636
586
8839
7963
12914
9514
7099
9840
2082
6757
5353
12402
774
4302
1298
6460
15993
2527
12121
5102
14896
1175
8876
12545
2244
11423
15166
62
9153
14649
11058
5142
3588
8249
13105
502
1763
8556
14694
8198
15313
4047
4600
88
12701
10250
10900
1046
12777
11373
6149
11673
12548
15025
12570
3144
14801
11736
3206
12306
14738
2616
1448
6678
15217
2906
7180
5333
11462
5874
13531
10776
14273
6483
15216
10975
734
14468
373
1863
9841
6522
13537
10742
9900
14459
13886
13053
14548
5445
9359
13286
12413
15160
3964
15983
2066
15496
5316
1880
9722
7199
1008
7995
2034
4576
7322
7120
3044
7696
8984
1238
2570
10873
332
12470
13684
2570
9523
12232
12367
7235
13870
8781
6395
1834
13116
12813
5682
2432
14693
15404
13983
15702
11752
4369
4278
3074
11490
11675
15122
8826
12913
1693
8051
1597
14163
5735
4167
12039
1968
535
3274
15838
13668
9669
6025
10784
6482
59
1568
9527
15464
3903
13581
11216
8272
6212
2642
8114
1887
1765
5292
3152
3458
13343
4749
5973
3079
13268
2012
9399
13803
9638
13589
11471
7659
3614
6255
2493
3674
12175
12021
7490
78
9602
7058
8351
4166
9700
4817
6053
15817
10110
13557
7627
11805
6658
13601
3236
3927
3965
12635
6082
1956
10225
1554
9615
2191
12161
12109
10217
8337
12482
1707
12767
10436
8765
5118
14603
6818
14288
9008
6635
8398
6566
2615
4203
1576
216
11792
5503
8533
8427
15938
10489
7004
1492
8457
13548
2005
8918
7765
14694
5400
13825
11462
15836
10942
4932
14439
1760
3220
7448
12748
15970
2366
15363
8526
3942
3931
4318
13798
816
1097
13736
15658
12454
3580
8115
10002
9937
1033
6119
8632
6433
3944
8446
10621
14887
1730
13413
647
9303
9213
1747
9273
11579
5462
6151
3873
13745
14821
6023
14562
4271
3759
14220
725
11691
10687
10727
5629
11720
5198
2613
6505
9143
11059
5478
8030
1141
2891
13029
10444
12104
3129
8070
12035
8591
2573
15909
6337
1395
5932
4899
5666
14044
7471
10743
9735
2158
9822
15364
2230
15020
1977
13087
8163
1388
2565
4545
6882
5457
1575
1326
5913
4704
13748
1949
1647
322
1858
7984
6069
12142
1235
11735
10186
13058
10830
3922
3568
4652
7638
5798
3672
13968
2885
188
3708
5451
4733
10590
15260
10660
269
5173
3716
14017
7122
5364
14339
13332
1700
8760
9475
7288
8847
3661
4346
3677
11935
7915
8329
3574
2065
354
5894
4951
4894
9602
14754
13979
8545
14014
8640
8814
3187
12356
11183
14662
6072
13875
11994
7773
6635
5469
3413
15483
13483
7759
3160
13770
4026
15842
5696
6092
4548
11590
15395
9442
9545
2501
7421
2090
515
4413
10904
8054
5122
6087
11068
11194
3962
7063
7319
14950
884
10732
14433
2719
6844
1593
490
10870
5787
6186
5314
10335
1777
9061
8129
15674
11562
15551
1764
429
8316
1020
12836
13438
11459
7904
8633
3774
3319
15952
2724
8556
15037
1157
11275
5881
2750
117
751
12890
6304
10418
7225
12433
3479
15355
12107
3394
3258
13871
3823
11574
14891
5011
9013
14702
12916
5998
2476
4587
10302
5200
13143
9339
6357
8419
15220
13460
8536
4324
10350
3192
3094
1575
3977
6573
5282
84
14319
8540
2307
2143
4115
5550
7154
1480
4253
8422
11830
6729
13010
10484
11930
10153
3824
6639
6924
7396
4099
3813
72
2801
7005
3166
4377
10983
9740
9659
15419
12411
6552
1727
14554
15019
11629
10061
499
15882
6835
681
10964
3845
11165
11246
2351
14989
1885
13627
10738
5985
1440
10810
8786
12798
13977
1515
12133
12069
15527
11552
8480
10431
1631
11387
9450
1613
9800
14301
1495
635
14982
811
8833
10147
12057
15536
13489
13943
13163
8227
8280
2956
7389
5418
4106
9718
6934
239
5787
10813
143
2620
5244
6127
2359
14694
7740
12159
12995
13587
1146
329
14399
14331
10476
14808
2219
12317
12751
3735
4544
9383
6691
286
14802
10797
10004
10088
15388
4144
4901
3883
11116
14497
10010
13475
1543
1750
13986
2890
3690
3484
3219
2089
6168
2047
897
8387
14365
2001
12122
7261
11384
7165
7547
10186
6314
5904
4274
5702
10048
13527
9586
5164
376
7948
6991
6271
9699
4977
9161
13389
12813
732
3830
2981
7132
9079
11369
5497
11080
11843
1110
10817
3009
13010
5003
9323
2914
13630
3378
1314
15509
1316
10830
4238
9264
1821
10509
7315
11150
8023
9056
12315
8755
1238
15297
4239
10318
15018
9736
9750
10861
15199
4567
13870
12209
13923
11546
3475
15905
14924
9141
15414
4592
3971
3652
13856
10144
2514
9524
9646
10537
2580
5961
7644
3819
9610
11884
14137
8628
9972
12239
3490
9171
807
1360
9732
14730
12906
13207
2987
182
6348
2401
4774
14671
10406
6983
13167
1272
507
6813
11809
3087
1127
3453
11258
10737
15337
13747
3366
9310
9987
6856
6833
15146
12568
566
2228
13827
13773
5215
14009
8474
11968
7136
11497
10726
14119
8665
11998
14626
15478
12159
6065
4957
15613
5676
15695
3302
3423
7413
964
13410
2621
7798
908
15189
12716
3136
1368
10489
8351
3730
7315
4320
10866
2813
15046
13337
11478
15397
315
15308
11556
6380
4266
15521
12056
8313
2824
3832
15726
8140
5594
2347
4290
6503
5888
1006
9639
7257
11496
1991
15339
7163
10663
14557
9976
14061
11894
9806
13458
12209
9115
9015
6941
1733
8536
7350
10046
15712
11182
9772
7853
776
471
12143
7279
6359
13150
5271
1968
12998
11614
5659
8513
6277
4216
6842
4338
110
648
6149
671
14115
15164
7613
4200
12052
3315
14246
11765
14497
12370
7970
3625
12841
8465
10905
7553
9967
4528
13873
11317
142
3533
3831
10771
7749
15025
15109
12212
15673
5258
1235
2141
8774
13200
6341
9179
515
8940
9296
15012
5310
1266
2638
6504
14083
1895
2409
12403
6423
4634
7720
10917
8167
15903
5688
4269
14928
9149
4833
2954
2760
10420
5095
11534
7621
15788
4713
8136
8728
2361
11501
2391
3627
14139
13247
6063
4386
4008
2466
15161
8642
10186
10078
5162
14442
4118
13783
13370
13267
6968
324
27
1388
9771
15914
9009
13912
8979
5498
10992
11341
999
13383
3320
15138
14982
13735
7876
7342
201
7037
15985
14740
5467
9499
13182
9585
11634
14904
11204
2602
15229
15584
8342
13352
3850
1352
11264
1181
6850
6257
874
7849
7992
4195
11339
11327
6282
7567
2669
6484
14604
7006
9576
8423
4857
6758
2008
491
5662
1564
7445
9243
1148
15788
10948
9350
5492
6212
10532
694
821
11406
12895
13166
3953
8234
8493
10236
15801
15514
5072
2757
6521
14648
11180
11378
5406
1540
11870
15420
7456
7667
13016
12957
7455
7964
6307
12947
2528
839
13641
3350
598
10536
516
8903
7122
13361
3139
11275
12875
12563
2384
3396
11211
1916
3127
4969
7808
3349
8742
15265
11016
5758
12222
2472
13722
6881
15419
250
12073
1413
7952
12671
301
12820
5574
7424
10181
13066
7051
7057
13981
9436
14805
9193
11352
1932
2514
3161
5281
11256
6778
298
1014
3000
2770
3088
9881
6541
3339
5954
12306
15643
6977
12608
12464
904
8384
6645
2322
15435
2054
303
13223
860
9496
8576
2792
12011
89
8074
11619
6867
8372
12634
14219
15494
15722
8100
10387
7413
2407
6694
7057
9384
3302
7873
14640
38
14518
962
15473
573
1266
1049
5785
15114
9625
8577
15477
14066
5003
11097
4933
13375
12083
3152
1221
11805
15604
11609
3219
2011
2303
14628
15748
9957
6501
14388
9995
9371
3703
13820
14296
9321
14869
4081
8435
12846
1011
12265
10912
6014
11714
4197
3390
7797
11701
8963
7954
11306
4572
15525
1669
11227
14153
5769
9536
9006
8510
7883
6730
12213
5704
5026
5534
8925
13460
2321
10124
14471
2938
9388
4485
14652
1938
12227
10801
13639
5191
2756
13297
14115
2281
14967
9343
4787
9088
2879
2145
1598
10763
8875
2163
4819
2254
7697
2096
15714
14371
12220
14185
5661
9961
7022
4314
11899
3250
3467
13890
8441
10575
11188
6556
12857
14507
4251
5996
7595
7131
8141
13546
6246
5369
15709
11065
7623
7407
13161
7337
10130
13734
9874
15791
12047
896
8457
7946
4146
11925
5836
939
6500
5376
7496
7709
3883
99
2057
11479
7230
10199
9025
13476
15568
13086
12893
11543
8845
14407
2880
2975
493
12754
7119
12540
13650
15576
8838
1797
15853
3026
7088
10706
8403
14584
6767
12286
3036
8825
12117
10266
7376
9494
12095
11296
6581
13340
6839
15426
99
14071
2402
592
10825
13873
1484
12827
13449
10322
2976
1655
13349
10065
713
10104
13001
7480
6390
37
4657
2508
14656
385
12002
15103
33
6935
12443
11224
6362
12543
9295
13116
1487
8472
10989
7324
5300
12790
1646
8276
14445
3347
2341
3510
13451
3695
15343
8194
3732
4000
10702
2388
8738
11056
1491
8771
6344
2287
3996
12706
3182
1643
9822
4669
10116
9163
11993
15416
5953
1992
12044
8751
9691
2738
12261
11495
6433
11604
3689
14517
3957
2743
5258
12695
2151
11101
9818
8495
13388
2166
5201
570
3810
3375
9592
2278
12538
9937
6046
6844
281
2090
15595
9973
9180
11856
5468
15613
11813
13509
2483
4122
252
7741
817
2403
2842
14987
10899
231
5506
4452
5153
13668
12180
3097
15946
8718
13035
5992
15562
13316
12434
3509
11641
5615
3718
1109
9580
15531
14618
415
8005
3222
8156
13174
5626
15351
12161
4877
15582
1667
13681
9087
15335
9861
12185
3633
6932
13572
13977
10846
10888
10412
14356
6530
4379
2074
11991
2311
5957
14962
2727
13962
2184
15235
11136
7810
14586
11649
1039
2520
1669
14721
11608
5356
8582
12145
8990
15514
9717
6967
10361
8957
5731
13069
3839
14462
3495
15831
774
13804
3145
7853
11766
5329
7088
11254
1492
5675
11255
2531
12547
12924
1252
8155
6633
14187
8652
15623
2053
6721
10942
766
15679
5026
13835
7870
3488
5682
7701
8614
3486
15198
467
3604
4528
11908
3210
6020
5935
14466
12903
2482
15742
2508
14990
6375
695
11994
10350
7100
2716
9645
7867
6747
14671
10054
14617
6511
4089
6319
15126
7575
5517
3945
11180
14397
4205
14390
4417
10140
1208
5673
975
951
8181
4317
7326
13228
311
6029
4328
7379
15674
547
14126
2697
14954
12744
9208
3043
7415
12686
14970
1284
4984
10150
15682
9189
12893
8451
7682
14101
14124
13009
15052
6305
1326
10731
3533
5989
5112
12214
1721
4786
12761
15847
7483
11715
12591
5043
3110
4006
1730
2081
5291
11066
583
9325
4255
13476
1776
289
15930
4253
13298
3334
10558
2976
2417
2444
13318
7529
14658
15039
667
11419
14886
8150
11487
15830
1546
2949
3836
7628
5030
13479
2694
9966
6804
6949
11794
12933
11591
11724
1186
8889
15059
96
218
1476
2540
13536
9006
5550
927
9673
5322
4165
6176
5161
3995
12074
8110
12184
3702
1493
9663
6396
11459
4820
1697
7253
6105
13288
7330
7291
10530
6389
7387
15100
12217
14280
988
9575
3830
1915
7601
13504
6080
2129
2665
10076
14203
10776
6260
6257
621
4275
12653
12080
13447
2702
7685
3552
4343
15015
10843
3225
9756
6583
2325
5974
9215
3313
3901
1397
9580
11502
14902
15660
1983
1567
14088
186
12343
8700
6443
12964
1328
7448
13396
14775
14503
9434
6680
2846
12801
1523
10423
6558
12458
12748
884
5673
4413
4785
7071
2345
4640
10325
6357
6623
11892
4446
11162
12588
1498
5957
9552
7178
1758
11301
5954
261
4735
986
7459
1536
6861
1882
12446
3320
2982
13330
13345
7395
6468
8768
9740
15460
3093
97
10435
14986
8895
9949
11574
14746
15907
9478
5924
1665
9131
230
1926
2218
1216
9385
3755
8078
15619
4553
15750
2601
6236
13095
9996
1056
10216
8088
516
13309
12537
15303
647
9785
9253
573
8531
13512
14404
14455
15177
7535
3038
5455
9754
4254
3192
1861
684
2811
6414
434
5412
1002
13530
3760
2058
12098
200
2574
9407
1089
6230
14407
10874
15483
14980
3405
12995
13384
6213
524
4920
13603
10331
3026
1857
13523
4887
2542
4686
15653
7328
10098
656
9210
2210
2714
5308
6762
9641
14716
7851
15871
13123
2726
3706
455
10483
701
13840
5048
5577
7112
2651
15908
10138
8861
13431
15025
15755
6469
3030
7083
4919
8038
294
7129
10753
5602
2243
8746
8670
10094
8617
10145
1172
12323
10601
11656
1376
8441
5056
6953
3905
7708
11213
14043
569
12996
1420
324
3465
4450
11759
8384
12489
12053
3865
11594
6008
6108
4340
14678
4554
1309
13176
5727
1984
7777
5735
3360
4570
10791
14665
8475
2499
14230
10870
7420
11226
12290
12096
14691
5092
7856
11427
5933
3909
15292
5879
14269
9752
10219
12948
14306
15880
14476
4033
1864
10605
9768
9576
15175
4560
12593
12002
11411
10823
6872
7184
10401
7514
3280
9092
12606
11136
8871
6892
3398
12515
12771
1667
6267
11343
2967
4574
11223
1443
12959
1440
12048
11080
11016
15575
3992
7610
11577
3755
6785
6801
10939
1187
2667
14220
14631
3626
9356
7503
10518
12754
4018
7289
14422
14638
2632
5741
7564
13856
7185
4523
15296
7585
3955
14664
7161
7947
10626
7090
11703
1412
2244
6642
6951
4911
4862
5582
8537
2571
1437
3055
3677
9808
14697
6451
8446
1329
12193
4362
3537
3378
13237
7185
15315
1193
5850
6476
9140
4828
1919
9195
10592
4163
15838
1543
9074
9052
7126
5964
15975
12915
9019
3653
6723
12068
10104
15169
13398
6297
7883
5287
14027
5121
12473
13343
6314
6675
8171
3806
15855
10090
13002
10448
14253
1192
11991
11680
14596
7469
1644
14572
4385
15015
2225
11108
11084
681
14630
12834
11331
6513
2121
9358
11634
2946
11053
1948
13973
3225
5755
13829
13315
7109
8277
15921
8301
8620
11601
6897
90
1597
5469
4475
612
12046
15583
48
1080
2565
12882
12411
9079
3356
5769
9065
6302
5175
11014
8628
8400
5121
6457
10067
12230
3086
9988
8883
11706
9941
15780
148
11538
9602
4623
12151
10000
8559
12199
11080
11124
13434
7491
8555
790
1613
1621
11444
6788
987
4072
3540
10460
14881
13607
6690
6319
11948
3925
6378
5889
8057
6526
1428
1659
15502
13579
12
8061
14130
11092
7537
11564
6936
4445
706
8549
6066
12151
3689
11405
4575
7229
5865
3457
4836
907
14128
5136
4832
4506
11026
12889
11033
12454
2901
10535
14385
2913
6948
12515
2357
2837
12432
9293
7282
13138
6194
1700
13641
9883
13105
6569
5464
2970
10026
14653
3877
12506
3789
13061
1013
14815
14303
12046
11269
1204
10933
9654
8469
6233
10522
10826
9070
6954
8472
353
8444
14666
2053
10438
12902
15159
1007
2366
6481
15385
1019
14711
11891
4809
11772
12904
7976
10075
13302
3246
15631
12587
1252
8100
2820
11774
7279
11891
7080
15751
12244
3877
2769
2649
14315
15671
1808
15322
6390
12642
14707
11761
11353
10598
4922
11477
11855
12899
9905
13509
145
9536
10097
5749
5989
1269
1524
13268
13160
12956
1371
13756
833
4140
406
15148
8164
6566
2822
2906
3208
1529
14667
2913
480
3590
14391
687
489
12648
14196
4986
6184
12645
10735
525
13915
611
2145
11075
1920
3516
13184
2753
12009
13590
1902
4173
8508
4724
7079
69
10606
10098
2982
15438
13688
5725
125
2529
2373
2673
7515
12910
15319
6603
13435
13234
11566
15581
12661
13486
3097
9845
4592
3458
11787
6494
11983
4296
15570
7414
4365
14528
1513
7347
13966
3553
1425
2443
6083
3798
5117
1950
708
4436
8553
14144
1670
8472
2077
2683
10310
9526
12529
14902
12985
8316
9748
8968
964
13671
383
5329
12199
6248
1029
14518
9801
6806
961
15884
10604
6078
1835
11313
10514
14740
13809
536
7212
4238
7572
5875
13764
4101
4777
10749
769
14526
8070
6086
12197
12805
15767
12748
3053
796
11266
12854
7602
12228
1091
6559
6658
2926
6224
5525
6018
4033
10413
1583
12623
1985
7458
10387
10438
12235
9489
11208
15113
1559
5646
11310
2716
5413
8059
5769
10562
7677
6975
2164
8257
8066
13075
14916
15344
3299
8793
5363
11684
3206
6946
8307
5192
2756
2695
15630
3343
536
15190
2457
2095
4836
2119
9163
10250
14530
14932
4812
6208
5907
11328
14465
2326
12756
1733
1670
55
10526
7033
92
13733
2331
8399
7277
5087
15446
11259
12783
15982
10450
15240
6429
3638
1359
15592
2240
15890
2876
11404
6098
13136
11085
8915
15462
7841
10649
1132
12248
9527
12518
12340
7260
14849
9092
2889
8289
12890
14149
5072
12873
12951
8664
7654
589
10023
11599
7182
14265
2827
2586
8715
15963
2023
1631
15425
9864
632
558
10465
10159
1428
6805
5772
277
4249
13013
12918
1140
11162
6342
2365
8113
15006
14371
13055
13382
9970
8589
11647
12798
15527
4363
12761
1551
10346
539
15767
15330
5449
10232
13841
6877
5390
7965
11506
9639
4979
8425
15131
141
3119
1496
12607
2126
15868
14014
3860
9838
6603
15507
10988
6130
8222
12102
12033
6920
993
11801
10602
6442
10385
8444
13319
4127
409
8825
13767
5388
5602
12898
9882
8722
2747
6489
15200
2615
8855
3060
805
15458
6919
146
9940
3494
12248
5974
14766
13241
6127
9369
8035
512
1813
5354
4640
6574
2531
6759
315
8134
8009
10197
5208
10756
5038
4408
1723
13893
11820
2529
13351
2739
2675
7291
10585
3275
1617
9352
4868
7744
2721
12903
12609
8886
6609
1249
15460
9140
12360
15775
5626
4369
14324
10834
3478
3362
3594
5201
1255
15414
12082
2958
2154
14757
14602
1091
6384
4571
10443
11252
12316
13164
12507
8925
10402
3116
14526
9863
609
10886
13990
10587
3607
12315
9774
11437
15677
13368
639
5285
12783
12721
12595
3289
15831
15549
4380
6215
4121
3176
5820
437
4692
2327
13714
15095
9796
592
8958
14757
11478
6948
9344
3437
3263
7470
14875
7293
4839
3866
930
5974
587
13525
9263
4770
1427
1995
10986
5548
5171
806
10337
9864
7485
12403
13311
5633
12995
6269
4390
8473
1569
2087
262
9185
9557
3489
4830
2748
7355
5760
8722
12295
7637
6337
1065
9064
12685
12051
14612
1856
1209
13301
72
13047
9704
13383
2680
6699
8004
7071
3524
9574
13510
3787
7111
11419
7276
11941
14168
2984
1701
11242
15279
9338
1580
344
6755
2617
12396
5367
8825
1957
2669
8898
15004
725
10633
1685
7425
2638
13108
10949
564
14970
3088
12027
10389
14717
7968
12909
1701
14021
8152
980
11711
14084
1324
2466
701
2072
12186
9526
4030
3207
6776
7386
3932
5762
13423
11357
12752
10531
10659
1668
9501
13747
13695
8243
12464
10015
5152
14165
8036
1656
3497
8099
4092
4822
14918
4793
11246
11104
2672
3628
14311
13800
11015
2243
3562
8438
1953
314
7322
12612
1982
5175
10359
15677
13418
11176
9692
6923
13693
6080
8579
1191
2532
12672
10365
1450
5817
5611
906
8489
9240
15217
10642
8607
5812
14204
5397
12117
14519
12719
8729
501
6247
7441
4531
3665
6969
2575
10588
4662
13008
7520
10205
15540
4192
4570
5342
14361
10182
6248
11203
7774
9817
5845
4733
15629
4049
10130
99
6920
11202
13180
7422
1449
4621
305
9466
15942
2880
4055
4605
15888
15927
14810
15428
8471
7733
9122
6832
1915
15370
6387
14041
9187
12232
2774
13169
4634
12904
13268
11554
12458
10448
7328
13907
3422
7633
7374
3364
10514
15781
12321
10402
15708
15484
14183
12531
7217
7305
3363
13484
11028
9751
11525
4215
10335
2651
5736
14969
3907
3004
10524
366
1805
1852
14273
9579
9486
9999
1295
8352
9780
13617
2754
13840
1453
5289
10371
8670
12595
2087
6154
7623
190
6031
190
14877
8682
5927
13847
12589
13283
12723
1307
15088
2927
3933
8667
765
13932
14315
9117
12065
11932
11872
9905
13385
5513
8629
10407
2108
15068
4913
14083
3610
10944
2626
2487
7978
8553
334
8919
5836
1409
14579
9277
4337
2512
6296
5102
444
4611
14220
12509
4895
14444
10767
6632
3957
7748
1039
10418
6816
5952
12853
10426
5248
15479
1265
1578
12384
5952
14850
6573
7361
13429
4202
11698
15941
10498
5153
4737
3462
7725
5599
12709
6169
366
3342
14478
12466
4381
8896
3282
14686
10102
2060
8286
9581
3325
14217
10318
9277
13067
891
4991
14848
9445
5041
3141
3943
10194
7878
11757
6271
13477
8467
12440
2195
161
15271
14661
4542
8167
6295
7580
6621
8355
4219
4555
33
6788
14873
13662
8207
4116
2653
7055
13561
12047
10196
5856
6241
6426
5966
12513
3904
14433
13305
10451
14594
12576
9113
7488
9096
3760
3421
15717
468
11992
8624
501
2780
7497
2515
10987
15965
9521
6394
13526
5568
590
7735
161
7016
13701
1026
15272
486
14332
14076
3432
15260
7189
15272
12708
15301
7045
778
15769
3037
9402
4622
10169
5252
7138
9508
5217
5011
15902
7096
10579
492
14831
10740
11861
884
11767
15485
5722
14451
13561
13506
2063
9102
12778
14772
8404
8176
15550
12525
15565
8952
1148
9735
14204
12638
3243
7774
1649
3146
14870
580
7990
2053
15672
8203
2937
15791
7689
13011
14242
9602
10517
4658
2705
7295
3430
15461
3823
2980
11986
3389
284
13134
1476
2841
14124
9071
10615
15773
12217
13837
4705
8560
15890
4378
5115
7179
4169
12804
4190
2412
10759
14707
7070
13464
10354
14852
1277
14178
6184
13263
5919
10820
14750
7395
13661
12874
466
12628
1000
1036
10465
5705
13948
10355
10083
3063
1534
2605
4220
10076
9369
14979
8783
439
795
7490
3643
2072
5668
9827
3687
15939
4647
2437
7334
6661
3664
7800
3289
9016
13188
2107
3073
11136
12462
1509
14200
2349
4114
2420
12425
13483
5751
9561
2274
6546
1051
5917
8618
11071
4096
657
11010
13095
3095
6696
3756
11111
2848
11398
4127
37
13505
7200
11173
14319
8709
13725
5020
1175
4497
5798
14658
10248
15359
932
794
4762
11201
13764
4185
15297
2774
3547
12393
10221
10243
4501
5332
13091
15899
13811
13128
13404
9363
12654
76
6425
14731
5096
7600
3229
10894
6259
1829
14605
11543
6976
7719
6745
9092
11904
6042
11866
15451
6787
6087
14046
11289
11419
11138
11188
13582
12618
12945
6946
13624
1373
13371
12356
6469
4971
3937
5716
15582
5766
8673
11126
12742
4745
1871
10187
5001
12265
6053
8805
7405
12141
6851
2694
11912
6341
2234
9495
2960
3531
4793
4936
4904
2164
1292
15726
11487
9581
9794
15422
15348
2467
10548
442
11564
771
10629
566
1388
5035
9371
8793
1176
4574
11487
1440
10916
2074
15287
2228
5605
4080
7164
10510
10596
12809
14588
10436
6390
8382
9858
10090
15201
8758
14885
10766
9529
13866
11332
15269
2901
9055
8063
8429
1981
7902
9870
12897
9976
13509
3477
3934
1590
10642
2796
538
7451
1384
10974
2193
9766
9184
12284
8967
1942
15521
8085
11471
13387
7769
15093
289
5176
7156
8718
7158
3410
6940
4055
1739
4450
7533
5673
10392
6527
12821
15282
2330
14205
10257
4523
12323
3441
5159
9642
5384
4680
1728
5207
2068
9497
8652
6709
14674
15808
3779
5832
7571
10720
14239
9310
3522
10124
3335
2266
651
156
1548
7333
2713
157
11857
15036
3599
1016
8678
13335
5697
10406
6894
12117
8256
15547
2826
6930
3707
6605
1114
15630
5677
15353
8940
13551
13830
627
15817
2833
783
5718
10167
7848
5875
6024
6884
13826
11392
3915
15513
5441
2673
6408
1558
10929
10307
8736
6211
2366
3694
7325
1997
13723
11031
15289
11275
8861
15917
11092
11694
5052
810
10213
12901
11038
237
8137
8864
15982
12052
8378
5423
14726
3138
11334
14007
1797
8422
4219
8515
12116
15896
10512
9840
10927
9802
5115
8140
14071
4559
8187
3123
9722
2400
4376
4760
6990
12514
1976
11324
8566
10354
747
11644
1844
433
14004
3641
8856
6575
12157
9324
6471
11021
7516
5751
9175
983
2243
11598
5543
14782
14722
3617
5535
3098
12729
877
3964
3057
12201
883
13412
1300
879
3608
1734
14883
11602
14942
5458
12111
8266
282
7132
4135
10385
4660
5118
980
258
15013
15763
3332
2630
5298
6431
3711
6175
14747
6769
2376
15630
8533
8028
510
12141
9762
15393
12095
13056
9204
8206
9675
13838
15339
13810
12575
8351
2928
13555
8609
1942
13318
11942
8924
6968
6725
988
1495
5472
12109
8223
5103
4642
252
9965
5135
14366
9358
1231
11423
6914
9437
9450
4752
13128
7260
5679
9831
14540
3235
2441
4834
4905
2735
2111
226
13812
3099
1721
7636
15208
9945
1091
8202
14549
11056
13337
12915
8767
14568
12690
15681
12358
6140
8786
13838
1752
14465
7670
293
6052
14463
9479
10958
5550
11590
11184
3362
14689
12905
15350
2249
11202
442
10451
9751
15850
7789
11019
8617
10709
7709
12651
11419
2202
9789
9258
8306
8254
928
8599
2659
3743
6431
13617
9293
2021
13153
1007
711
10058
357
7312
9613
5151
1764
7716
5002
9553
2735
1971
8614
14797
2974
4034
5351
12763
1644
13657
9370
6924
10609
12029
10667
1040
13998
3960
3061
11151
4967
8124
9561
9676
15437
3174
14828
1201
10891
8182
15106
1978
14505
12072
775
5832
106
10478
2595
6102
8136
317
13026
2745
698
7693
8137
14696
5
11198
9847
9324
7675
3409
3001
7112
10935
6181
12665
10178
2715
123
12157
5572
12195
1284
11404
654
11763
2352
6756
8251
2669
3783
10996
3368
15828
3133
6416
4186
2683
4616
13510
14710
8025
4863
10174
7312
15396
6839
1491
2111
11314
13648
12036
7510
3284
7440
12516
15047
9792
3272
7298
814
11407
6646
8534
15588
14131
14950
3774
5167
3566
5636
3877
15943
10500
14052
7256
9896
9243
8747
360
4558
10747
748
420
2383
8188
12936
5783
1981
208
1433
7147
15968
8080
15681
15556
10563
2983
7682
15730
6550
13318
7960
10845
12170
6012
2101
10419
15255
15200
10779
8165
14299
11527
8585
683
8067
5521
6466
14400
10082
12251
5547
14402
4331
9580
2310
3247
12564
9992
2977
3114
7310
15289
2311
3481
5301
8765
2252
8909
12317
13031
5426
10617
12910
14012
15652
9329
7885
10470
7730
6319
6721
1629
9073
15405
11210
11383
2652
7774
5375
9981
15240
1038
9271
1551
8871
2924
10316
11123
185
6634
12506
5612
5603
13768
7976
9607
7097
4213
4077
3179
10533
15150
4809
3606
14555
19
3342
5559
12145
8717
3893
11385
14107
13164
12936
11330
4440
11605
10805
4626
2239
7311
14590
12194
9431
6566
5801
4881
10779
14230
8060
9664
13380
1221
1623
288
5592
4965
10199
1737
2034
14092
1474
142
15608
14411
11472
4049
10016
6278
8675
607
1941
11617
12801
15725
2183
6954
4606
1314
5184
1018
15331
2564
6592
954
7204
12184
5919
1404
2274
7953
15496
3748
12447
15105
6511
12272
3154
4879
6902
181
9838
13195
150
6639
12920
2333
1945
1526
7999
7129
6897
7330
9694
13489
8284
898
14025
2555
2302
4651
14861
6151
12752
11308
5256
3263
7580
12762
12495
2834
1295
6333
30
1445
1325
12950
8130
3270
2829
129
10400
9726
11812
4094
11567
4096
9344
13944
11004
15999
2596
9865
6150
15348
5173
15758
6963
1106
872
3458
3940
6519
9792
3970
12316
11117
5273
4446
14387
8102
8927
8787
6180
4739
1233
1747
13188
14930
15691
8192
3281
6639
2057
9431
5987
11582
13541
1303
12688
2765
4761
4981
9284
14553
8951
5600
14022
2576
14398
12410
10678
11677
9549
858
417
15135
6957
1957
2417
11001
14501
5698
1640
558
3481
11980
492
1022
13283
1533
8139
6396
6514
1423
4950
3817
11375
2972
6394
14125
3734
5424
9802
13284
6283
10219
771
1592
528
3188
12593
15029
8886
2586
3939
719
2918
4432
1741
4553
5965
14232
10949
831
15655
15899
4648
15382
7224
11042
13507
10958
4819
7309
12594
11102
5881
1717
1046
6409
9257
1992
5439
2143
8930
13730
7214
11848
2162
8955
401
12479
7187
11350
13310
11194
15602
6311
14928
11178
5705
12435
10488
10524
8097
11435
9978
13978
13152
11025
8739
6410
13017
2530
12905
5947
261
4120
6147
6775
1427
6548
3255
12967
6250
4917
12513
10204
11228
11442
9734
934
7877
4223
11458
4326
15658
5437
2304
12810
4814
11044
7572
1831
13574
4478
12130
2187
12950
6629
8963
14377
13177
570
11344
7779
5487
12210
6336
5068
7652
70
6002
3881
8645
5812
8208
8303
15601
10512
9466
4415
9908
1038
10598
11835
9868
6728
14022
11170
13357
6985
9548
14886
7555
9244
11018
1395
5454
5706
6463
1458
10128
12465
5340
2774
6629
13548
15429
6231
12412
13247
10646
10673
2638
5245
6508
858
325
4530
12029
2035
15868
5577
5273
7423
3173
4643
8818
12980
10349
3633
14438
8830
4450
8130
15956
11080
5678
15385
1311
6443
985
309
1116
3623
5554
11976
4481
10232
506
510
12267
4726
10439
5892
12150
1965
10536
9320
14945
9237
12954
1735
6419
5756
9866
6375
836
3896
10113
2147
10339
11098
2457
15807
14721
12363
11783
7554
6595
642
8065
7214
5368
6856
13107
5870
8821
11995
3543
12118
5232
4849
13854
11652
10605
12072
6379
11442
15968
492
1941
14660
11590
8750
2819
14663
9466
14603
6218
61
3597
2635
11628
8965
9491
8735
3188
2313
9082
6731
14431
14314
11580
12285
14318
10537
12709
4698
5979
12678
5190
12273
15690
5133
5023
2509
8148
14489
5464
14366
2903
9061
1001
14531
2027
10493
11618
9567
12806
4700
298
15589
7366
230
227
10037
10767
12936
14735
5099
9614
8277
1372
13656
1762
10747
166
9911
13589
5630
8277
4844
14692
13631
3375
5071
12476
3345
14638
13634
8045
3288
13223
3763
3518
13450
13800
2637
10387
887
7736
8353
9165
13460
6010
15279
12560
10528
9190
10149
158
5820
14993
3202
3451
6720
8273
4279
10065
11263
1913
6462
14551
15136
14577
2069
939
12378
4707
15678
13265
795
8031
10782
14256
2393
10062
10816
1273
3252
9317
1432
13424
8310
4634
5227
3382
1260
9506
13447
12523
11419
8261
11075
14908
6838
1496
15847
3216
6203
15525
4834
11351
11908
15616
9607
2654
14030
8775
3927
5635
2092
9711
3059
14754
2698
8287
2136
3958
1793
3935
4833
13213
12196
15908
12121
7386
1405
320
10603
11960
4197
3789
7311
105
7757
5270
7111
5788
2397
15391
11423
4489
9102
14482
7595
11800
11121
14083
4110
12915
2018
8944
14480
2566
8852
14953
9953
14609
15273
8908
14922
3470
12697
6233
7927
8806
15856
3391
14594
2253
2782
14369
11095
11884
12852
2690
12037
12325
774
147
9240
7144
9091
7720
9711
6296
6673
8016
4905
10298
924
3827
13768
1973
14413
10048
15131
2621
13439
13726
4874
4573
12095
4321
457
13299
7012
846
9625
12138
994
7217
7634
14437
3290
5697
4733
9963
13713
13991
4262
2989
6170
6382
9314
4583
4782
8446
11556
6573
10524
4783
11146
6619
9104
11604
8271
4468
802
6248
606
1796
1817
12593
4586
5107
2290
9319
15071
4
7310
7685
7345
13481
2419
660
6416
11554
13458
1973
2127
7982
6756
13274
2953
4212
13230
15576
8681
14032
5824
13639
4181
7642
10232
8767
1101
12523
2086
4524
879
13749
561
8224
11230
2981
13236
5998
2887
10694
12323
5014
7028
7431
2288
9982
11644
15518
9558
4325
1903
3735
1964
6084
15729
549
14851
830
13072
5289
5355
13951
3038
10268
10527
2620
13249
7764
12971
136
6810
9294
9503
13839
5078
11791
12173
5074
15662
10083
13751
1565
13818
4067
7649
1899
4616
6500
2730
1688
141
12437
3991
3180
6705
14519
10152
8307
10635
7123
12795
5797
418
6298
7988
9848
6442
4161
14922
6104
14245
12673
7669
415
740
15318
2315
5357
10170
9397
11397
14663
5834
15389
1843
891
2260
11996
13550
12895
3119
10346
7044
7889
4996
15033
6089
15790
3194
5011
5894
5791
6036
1915
6207
6777
1233
8522
486
15755
1919
11883
14419
12105
15624
4614
1348
1884
4962
14899
14779
12434
13597
10176
8675
2593
9209
14765
2384
12403
8128
12630
6547
14165
14546
12754
9294
4131
5276
9780
8239
11547
10015
11010
12004
9640
15624
13352
11524
8939
12251
14656
5373
14200
8832
14048
794
2041
12813
7530
2796
9294
8512
9343
7459
7058
6097
753
15542
15725
14885
7781
15624
8900
2791
11628
2540
6767
13333
2417
15706
13936
1073
9431
12137
14257
7480
1283
4650
8645
8813
7446
1939
5677
5142
13750
1088
15591
14503
630
3669
13388
8411
3293
10641
15554
3274
13181
10673
4959
3950
14732
2895
9375
8163
15032
7632
3995
315
12282
12641
13480
8081
2932
3158
13223
683
4246
1166
3538
4876
4835
927
1639
12481
15920
5545
4107
13101
218
9066
1052
14950
11961
14779
11466
10994
6412
15461
15661
7046
454
13142
15127
7739
300
702
8422
8898
1869
312
13774
11056
5591
3765
7537
5511
9310
11644
2613
13880
9062
8017
12831
5024
6796
12649
4370
1560
12110
8383
8607
12565
5525
12086
4304
10177
12789
1078
3075
3010
1390
5201
14066
6982
13318
9956
12493
6628
9952
3458
4509
3015
15827
5692
12391
10976
2341
5113
12536
2803
13496
9495
15368
3022
5582
8024
1551
6723
13454
4627
9733
14845
14180
12151
10179
11499
6107
6672
6479
4412
14483
15340
7427
14310
5032
3818
13638
11725
13283
10175
14529
10779
8022
2249
2153
1956
14626
3705
8679
12080
12684
6764
15277
10864
2916
9456
10715
13375
4481
1195
1787
2964
4887
13566
5626
14272
5736
3265
9997
3019
1792
12878
2151
9814
15128
4304
11771
2106
12361
8802
14186
9045
15567
13464
8262
6835
11272
7329
8562
15753
12876
14702
2717
1764
620
12696
36
6357
15961
10033
13728
6105
11264
15879
4271
14744
8536
4394
850
4897
13197
15036
2295
1116
852
10557
12303
12125
1886
4865
11878
14763
7919
2948
4879
8540
15644
4915
3249
3957
3300
977
10062
14564
5209
2685
13308
13745
7080
14158
2642
8629
1547
4937
14097
2399
3846
10400
2876
5733
3617
3107
8848
15889
6055
2079
8429
10051
6994
30
14008
10294
1007
12422
8859
6216
15107
10519
3961
10539
8678
10956
7520
14577
15893
5617
5328
3740
17
8205
13825
7987
11312
11025
7876
1367
13104
4657
15770
8450
4687
13778
2744
5694
14552
15955
263
13659
14827
8576
12551
11857
3532
4071
10434
7778
9689
15762
15870
14058
7967
13695
10397
7631
13072
2273
8998
14528
6930
13120
6978
11617
10898
14074
5664
9450
2382
10279
11462
1209
2855
12365
13066
6388
436
11852
14166
14477
11614
14036
888
7934
83
11285
15565
1507
13559
12916
35
8841
10036
11365
8811
4935
13791
2827
2737
173
13106
2551
5734
15961
14916
7152
10701
3705
3004
8867
6534
2971
11255
11774
10905
15690
7060
10470
1197
8971
7386
5584
6164
1423
949
3327
10710
3093
6154
1799
7618
3260
8703
13353
7574
7619
8857
6627
15676
11862
15495
10563
3185
15102
6337
14090
14793
1749
8560
4342
15072
4299
9927
5237
10074
15228
8564
9136
2321
3071
10935
9940
10683
3638
11645
2257
15610
4502
8885
3638
4716
12732
14201
12253
186
8891
10343
3331
10640
7256
7674
9713
11555
5953
3302
9981
9533
218
3117
11855
3289
14052
10147
13973
6043
10144
4582
10005
2998
13467
13643
12067
14551
197
8320
3090
9088
7016
6421
8080
14272
2447
6145
14179
8400
9447
8160
1934
9666
15629
2141
1307
2033
640
15280
8076
15136
3863
2081
2134
5682
4077
2553
8586
4274
10874
11676
13362
6242
2097
5442
4514
4545
11588
7045
1297
9387
15205
3231
7405
3186
9724
8713
5219
14716
12345
1648
13852
208
8081
15987
10243
12158
6892
2829
432
1766
14505
2146
8008
4954
11941
874
9499
11881
7919
15149
5268
11476
6732
1026
14662
457
9739
8234
15173
6084
9882
1378
10645
1963
1365
4888
14122
12609
12069
2906
2728
10574
5053
10736
15528
994
15963
13380
12875
12234
12529
6495
7711
3261
7521
10725
8070
5612
2959
11596
49
1193
12974
15046
3157
2691
8286
5631
15300
4355
8537
2028
14929
1942
1117
2809
7288
5432
4541
8515
1666
5422
3363
13729
13036
15236
8455
5106
4849
15766
5054
9250
960
2028
8296
4117
9071
582
14100
12724
4937
10989
14752
8218
1284
4221
15379
8572
9653
3921
5440
11320
13695
8803
9049
10731
12391
5856
15838
1240
5623
9244
14842
6583
15625
11490
15052
8696
12072
1504
5420
5361
12493
8525
1931
13777
12746
1311
10702
10752
9584
142
10424
7279
13297
7825
6363
9688
13682
10553
15281
7657
3797
2475
2592
3422
13966
5996
12119
10038
7500
5891
3752
3993
14416
5683
6123
15515
11346
825
14619
9282
5319
9043
4914
2616
868
11277
656
2902
5830
4289
14911
9627
6765
1503
13050
4731
7499
13521
3121
14999
3412
6873
7345
6181
909
13468
10048
607
14293
13019
9890
3612
6062
14804
10580
11282
14433
15588
2537
4263
3878
1448
13890
10643
2952
15292
3726
14803
12813
6847
2155
4578
2073
9500
15111
7334
11320
13511
7941
13965
10530
6183
5929
4944
4987
509
226
7772
97
7115
12035
8327
8564
9926
2970
15868
13570
6696
3023
14736
1896
5178
7666
3969
3030
11129
11303
2702
8640
7596
667
7522
13780
10948
12466
7119
15809
1044
14892
15907
8160
10927
12586
5076
9205
15557
4944
11128
10605
12319
9864
12501
5850
1530
4822
13232
12659
4477
15935
9651
12074
4954
1173
14206
15903
13639
5325
15712
3035
8569
3971
11195
7849
558
4623
1054
4467
13919
534
15072
10239
10398
15926
89
280
9100
13321
1291
13578
1608
10942
14004
6563
467
12210
6466
2458
5887
6178
5494
14457
14502
5041
6306
15060
9665
11712
3527
7584
12247
6951
6175
10997
11229
6264
15630
4330
7938
921
6260
9546
216
4264
4461
683
4826
10927
3142
10713
5458
8636
9170
3960
13677
3828
7372
11694
3893
15251
3279
4492
6202
13806
15489
5784
4071
3471
10114
361
4393
374
9907
4609
8990
14369
9644
13816
13648
12786
8529
7458
9774
6052
11418
11804
14232
2790
7498
2125
2041
15129
6617
12596
12936
10459
2380
5359
13930
846
5720
6675
1220
3979
15636
14562
6700
9281
12378
4349
6067
4907
11807
4194
15311
11578
15998
13544
2720
7496
15669
9114
10978
10639
5710
7914
5098
12442
13273
7380
13288
7345
2408
2860
11324
2044
1422
2025
11325
13800
10726
5745
7059
6533
14291
6371
6463
14289
3915
9184
5785
3584
2298
763
14223
12360
13029
7673
8802
14654
3406
6090
5999
5814
8950
1324
7858
10372
7701
7536
12524
2427
1633
3583
13312
15924
9954
3776
2565
13869
12960
8350
5806
3610
13466
8381
15970
14847
4407
8772
13502
7813
3214
3501
13627
12164
9177
9837
10888
878
5725
11764
3305
11710
15347
618
15986
13654
4394
2551
15875
5706
15254
5681
9316
1072
2415
9286
15919
11174
2058
1773
2987
9624
5275
4966
10140
14452
3155
5028
3683
8881
5144
6988
8943
4491
11958
8930
6497
352
11481
6373
6058
10735
406
3726
11807
2821
13012
79
13995
3422
1852
5334
13046
7127
10300
7186
9932
1808
566
13615
15041
5710
8955
7984
14554
4914
914
5051
9618
748
11424
4029
11483
11831
7755
11643
3004
9120
11722
5352
12542
13574
10686
13941
9054
9339
9479
2986
11147
10046
4953
10188
4108
2260
6524
7014
7174
11791
12066
5145
12539
11842
9174
12374
12025
929
8017
15030
10049
3739
4382
10944
5666
15068
13237
14720
12759
6716
6058
7906
5114
15363
6446
9223
1623
1323
237
13150
13114
655
2295
14005
850
11469
10379
12875
750
2397
257
15152
10488
4639
10096
154
8060
11685
3226
9171
2401
9284
5430
7516
8647
228
5091
14623
1551
9680
11773
3017
14688
14068
1022
15538
13889
11402
12413
14639
2151
12671
13791
991
5662
12239
5498
2074
7924
8724
11246
14678
6361
676
6194
3360
904
15637
1983
6808
9317
13756
9825
8005
176
10848
7543
2417
10602
8309
1057
12753
9332
3200
2096
14994
3792
7594
5421
68
319
667
14746
11032
5695
9292
14392
10951
8929
376
1759
6599
2484
11585
14604
7013
10785
10500
9430
5387
2809
14839
6492
12141
6392
8588
15487
14536
183
9260
14604
4854
14279
1703
15886
3974
15347
2630
14926
12629
7358
5037
3228
14195
4974
1832
5208
15759
684
2990
9498
3493
6182
15990
3986
12574
8579
7826
15462
13114
1086
14066
6320
15366
4121
6206
7692
7821
8836
10970
4450
195
8
7678
14390
4982
13862
7950
9094
14547
15292
2592
6392
5474
2583
14731
6400
15514
6557
5862
980
11995
8281
7300
11361
754
13506
7406
8575
10694
2376
13025
15241
6736
9055
1983
11719
11270
9933
9165
14169
13578
11757
8913
3052
14340
7644
13805
2206
2553
3667
3186
14549
300
10486
14262
1055
12344
5668
9630
7039
8045
11008
6280
14781
8415
8264
14852
8037
6549
8017
6206
4127
8127
15120
11532
6467
11116
9337
13026
13670
1356
212
12219
1657
10699
14833
2712
7043
4502
694
2434
899
54
13067
15680
12822
9683
2885
4859
4584
15254
11066
8712
7381
14538
8596
2201
9654
1933
15227
7324
3289
3791
7895
9298
2842
6729
362
14238
11231
1057
672
482
5463
13739
162
2285
11774
7399
7145
359
11006
6563
9071
2387
5101
6019
4588
14755
7952
8167
10432
15593
11959
6679
13244
14801
13408
13606
13039
12991
3015
2064
13473
8479
15803
1988
15116
11578
13739
6261
11937
8745
12824
9360
15485
6277
15379
4073
9385
11683
593
3817
15628
904
14848
1224
15705
609
14831
1097
1952
1846
3161
3778
14677
7316
10118
13794
7246
7857
4055
7535
4955
5232
5247
4440
15861
8978
12865
9246
9013
13458
1415
8642
14362
264
14218
2420
873
13049
3517
2825
14896
11030
6603
13573
2346
721
11367
9593
12931
3775
5480
1886
13359
10728
6326
13220
3706
3191
6467
12720
5002
7882
9714
3364
12498
7932
10136
13371
9334
13653
4549
8230
13035
11152
10155
15382
226
9875
13327
13157
2002
2807
3395
15361
1887
9721
933
5594
1264
7400
6666
6266
3635
4732
13983
133
12664
8119
1857
5998
10125
6406
2580
7160
5910
1088
6542
6136
15315
8221
7645
1317
15381
11040
5030
1268
9113
5963
11214
10378
1716
1880
644
9703
6612
14627
9836
7629
11099
45
13627
5224
6451
4560
12384
12362
10000
7279
6850
9315
15500
14496
10632
14881
13888
4014
150
11354
9977
15716
5732
45
1597
10728
9748
12561
13708
7937
4190
8807
7982
6170
14031
14434
15082
10415
15148
9082
1694
5998
2397
5547
8846
13029
4428
6735
1043
8930
2089
15372
8647
12173
15418
14596
6901
13518
11157
8961
5455
15348
1768
1790
9870
4151
4576
8952
14567
3724
2034
4613
14074
4431
10160
6921
5812
2941
2008
11207
11871
8449
10579
8870
4622
14349
7466
15875
220
2624
8837
10027
6324
14957
11817
194
3109
393
9146
6028
8469
11180
10641
6544
3963
9154
13465
9775
12095
15473
4982
12318
12274
3913
5189
896
6615
12655
5123
6835
3631
13960
862
9955
1270
1032
10149
4379
1425
3295
10407
14247
2827
5048
4791
6790
2554
6608
4917
14649
10433
14251
15320
6707
2165
4509
11955
13132
5516
1078
3967
9148
3391
9181
3103
4661
10213
13253
9040
15991
4900
3447
14238
7728
12847
7381
2870
15402
13989
12140
2403
12774
10391
1723
3481
908
10584
15436
14040
101
4866
6359
9249
8257
15541
12352
12918
9754
13957
10310
14097
2858
13757
12335
14938
14957
8068
6160
2711
6057
2300
9466
7183
12692
11190
10664
1952
10126
14452
15993
10227
3319
6352
3476
15928
10245
4181
12847
8352
2138
7157
6449
9348
9267
7137
8286
8224
15205
14447
15287
9615
5099
8753
798
1791
8295
15815
3744
2422
2619
8089
12649
5938
2793
4478
5867
13039
8659
7066
9743
15149
14223
192
8498
11842
11681
5136
8418
15239
7935
7705
8854
13035
459
14004
3178
8754
13819
11274
11176
439
3363
12178
10729
6157
656
4948
7548
13667
12014
1291
1168
14590
5835
14018
10432
5869
7507
2851
5108
15442
14908
13962
829
3719
11966
4008
12474
14138
15282
12002
2929
6998
12532
13658
1507
1540
2607
9055
3559
2973
14698
4728
1563
4533
7098
348
10402
14605
7551
15510
2400
6459
1824
3229
10179
2143
11589
11005
281
15224
11359
3210
6222
7892
5220
7729
9432
7827
784
12992
10801
3834
6072
716
8367
13170
1064
7122
11776
12967
10984
14176
3427
1161
5757
1958
3304
1347
12963
7937
571
8322
15499
11145
4566
9071
2874
2351
5251
8010
3695
52
11844
9767
5120
8563
11289
10537
15685
11417
7504
15022
13945
10931
4535
3703
12889
7839
5050
14204
4128
9973
10879
7979
5118
15445
1050
12344
1796
6301
4354
5491
10705
4550
3610
4178
13113
14900
14715
1151
10317
6219
4525
12615
5503
9060
318
6744
5251
9720
4949
9379
8045
4180
5710
13163
3625
11112
13859
9774
5766
6565
3617
471
11115
7228
9001
8228
10480
7716
13731
9149
2288
2256
5764
7791
11316
6082
2887
567
4154
12188
14298
12199
368
8360
13714
3994
3473
11573
2120
9239
2138
5737
14062
1605
12965
7064
9834
11797
3132
11917
4947
5420
14174
10711
1563
9490
5146
4451
14410
13652
4991
1060
9852
5360
9421
11918
13706
12894
11844
15826
10485
2334
5563
12899
3940
6881
3963
2126
2678
11448
14043
7625
868
12217
6689
6784
10060
187
11235
12822
13839
226
13882
12043
9938
7303
7962
7644
8549
8158
7470
7386
10492
1386
4286
14432
8267
12601
558
15297
8049
14602
11275
13270
15171
6316
4054
9231
6503
3641
10405
8694
8219
8288
9090
2158
3943
5404
14154
845
13562
9977
12583
8054
11363
869
6487
7982
1823
11397
7279
9872
9999
6906
7142
13523
13222
15548
11106
8077
3189
5512
772
15761
13800
9862
1919
6095
3618
73
11292
1180
10050
7876
13586
9765
8745
4073
6099
10568
3823
1731
8793
2174
8637
4287
15697
5860
3836
10804
13937
11377
316
3061
11138
2468
1275
1409
8563
4893
5835
8208
10425
4237
84
8012
14003
8829
437
4102
7750
4260
10185
543
10787
2823
9182
10484
13035
1370
5288
15324
12748
9956
2386
12238
12424
8013
13648
9340
1259
3483
1548
11684
7720
1632
8048
10075
14813
8486
2530
10915
1098
12715
15810
11885
15538
8993
10722
925
10363
10
250
11463
14319
6988
7702
15095
15001
9702
8435
4612
13185
14335
297
9257
4319
12697
3333
7485
9535
5863
2400
10634
6930
2211
10871
6469
15556
5593
7394
9919
9956
11996
5383
12627
2984
1437
11722
6338
11139
8510
10950
12676
6845
15599
5933
15517
12297
13618
7002
5832
7833
9402
4818
14764
11613
4042
9585
15521
13987
5331
9441
12295
1328
3176
8922
4312
8965
4645
15002
4104
13155
9953
5132
8352
9552
15417
7869
10201
13036
14871
4386
9221
8274
13556
7985
8239
1598
1570
7761
3938
11254
5554
233
12582
13082
9156
5246
6047
13801
4249
14503
10956
2554
3635
7660
458
7404
15530
10660
4440
14401
3398
13662
11027
954
9999
7619
6905
15922
3732
10843
11176
13638
11076
7758
10720
4232
1356
5119
6385
5605
3622
5693
12511
11609
13354
12970
3013
12884
11982
11806
15637
15380
13820
15017
4686
7819
6636
11591
7741
10368
10786
7269
8006
5863
15027
7078
14447
384
12197
9185
10341
4171
3230
6853
15780
584
8175
7145
1820
4157
2951
1458
7889
5123
4827
12575
1295
11463
12519
9036
10183
7305
306
6541
1520
3685
13619
4320
8421
14168
13505
7115
2339
735
2320
2119
5672
10495
13616
7492
3004
4920
13302
10893
10043
2129
7468
11338
1944
3987
8727
12127
15645
13385
7020
1165
5422
4639
9837
13844
2807
11694
4959
9498
12430
7279
15969
6454
6126
13586
2298
9130
2506
3953
4023
901
10434
15843
12240
12379
8183
9319
12858
7828
6704
3879
13345
12126
12870
7183
14322
4030
2877
7633
13528
3659
3264
13498
14465
9390
11084
764
2520
1942
4717
10895
2843
15151
15091
3435
15882
11626
1106
12741
3454
12162
620
5151
8289
1842
686
10963
5872
7916
2597
3401
15927
5861
5251
14393
15252
335
3509
6124
6629
12578
5372
13824
81
4463
5612
15964
4441
6718
1057
12247
2881
1677
1398
15522
3519
6437
10485
13744
2705
1434
1145
2632
7296
6396
5377
10900
11083
13238
5376
6064
9816
10748
3888
9898
3563
9500
14214
8004
4571
15271
4251
7452
5300
10002
6974
13171
4791
5811
10915
7496
7246
412
10128
2894
6808
3858
2146
6243
1096
7522
12307
15265
6623
196
9163
14538
14048
11729
10895
2619
11000
3498
10071
4652
1852
5397
1823
6643
15561
12739
14139
6807
13151
12620
14053
8312
478
199
14555
5926
12073
10863
5191
2696
15411
2706
5587
13459
14435
482
4431
13787
8332
2854
2439
10185
8252
4263
828
12165
5354
3320
2972
2505
15940
5377
15169
4770
5576
13725
10696
1649
12940
4240
8698
703
6946
14285
2514
9734
3119
6945
7521
11451
9800
9961
5636
6404
2576
10817
2569
7930
14137
9893
14787
2429
15270
13957
7199
9198
11682
6247
15199
12974
14839
7897
13677
5786
10534
191
3872
13653
11489
11393
9105
5289
9706
3093
45
12282
13910
6966
4212
399
5211
3000
2828
4481
957
14379
2031
991
8979
1230
2317
7818
13480
15994
1956
8014
4537
5828
5668
26
1222
3125
5315
15280
6218
9712
11563
8481
678
15775
8880
5889
7127
11709
14722
12436
14440
5105
13427
7419
10688
4096
15238
8168
4090
1194
182
8628
11375
10202
13006
949
1679
6674
229
12250
386
11792
4731
5417
15920
1963
15658
7047
2024
2733
3484
465
7838
5263
7884
2526
9360
11474
15046
1802
1021
3581
10430
12396
13783
7437
13345
3815
14111
13574
65
2849
13719
4796
12618
13639
6759
12277
9038
8784
15010
12522
13601
11200
6138
5485
2079
15498
960
1125
1300
1981
9058
83
2729
11194
11872
74
15009
14335
2000
15074
1184
4071
8222
13803
1710
3333
14432
10749
12117
1794
11623
9718
12994
1761
3556
3425
5611
8868
8903
6912
15201
1961
11347
1930
13155
7219
6356
12164
9906
12708
11238
15442
780
7812
1597
6842
11146
29
5943
11615
6175
1567
5334
7522
7680
13242
10947
13292
6110
3850
8556
5311
5812
8255
11593
7319
3826
1949
3484
13732
3009
3074
1526
3789
10887
3124
10632
10385
7505
4927
6000
13681
10846
15686
5203
2527
12928
150
4171
7390
8353
1079
12701
2517
9334
12646
9836
1512
2947
13320
3596
5957
4747
5122
9746
3986
8246
8730
14371
4104
13658
4371
1785
8504
4058
6988
15383
986
11490
7906
8377
8195
8985
9430
10712
6671
6077
8901
8183
9024
10573
11779
3333
15320
5254
1432
3306
1852
10162
1677
5956
12172
10401
7741
9029
14459
3081
12764
3797
2924
4671
12174
11119
13656
9957
10184
8680
4386
3085
5215
1762
13658
5347
5096
1331
10601
6528
4637
12453
5042
10667
6762
5567
9420
14503
14596
7879
5937
11360
11676
13213
31
12203
12684
2040
10512
6868
15072
14898
14305
8639
5012
316
13986
10108
1647
12939
4988
10636
13745
10031
9655
4507
3950
3075
3010
2546
15306
13299
2258
10983
10512
6642
11538
7197
13034
10402
2417
12106
13652
5075
4745
2664
5391
7084
1125
11390
4023
6113
10378
1768
4496
4034
6275
8446
11461
13638
15344
10768
10937
1603
10103
9802
8245
5641
5351
5279
4395
7768
5737
2047
1195
14834
4711
10938
5918
5836
6328
9942
302
707
11710
4798
9093
6338
1597
4554
3976
941
15322
3265
2544
13777
13067
15141
3418
2418
8772
12165
14539
14509
14212
4086
13344
2924
15025
3262
13112
9705
1556
13414
10412
1619
2213
7857
7957
3810
764
11933
9103
4438
3550
11648
2216
618
15141
9986
7388
7914
6152
5927
6423
4364
10014
3767
11640
13391
11382
8753
7096
12938
6167
5861
14557
12732
13718
10866
4894
2834
11151
13998
7273
14702
13998
9489
15320
13139
7827
6708
5053
13979
988
11477
6696
15354
3596
2336
12745
3330
15441
3841
4621
9961
9702
7530
6693
11773
2397
15940
14607
13548
13938
10232
12250
11936
8073
11570
9075
15901
6631
2481
2232
11971
2310
8928
11325
5906
15617
12422
13589
3410
4615
2210
13371
2670
9740
8417
14443
12137
8357
1402
14038
6295
11635
10288
6583
3708
10211
4010
7961
842
6491
10194
12813
8801
7474
12490
3060
11443
8912
649
14854
13527
7211
577
197
951
8994
2992
1441
1351
4395
15479
11998
4382
9767
2581
12442
3978
6592
4404
9172
1435
2950
5985
10237
14776
6827
13297
10220
15739
2298
13426
1619
9509
14003
1816
14812
11350
4809
253
1053
13556
4084
13052
6290
2204
3985
2732
10534
10577
11488
3707
12013
2790
14044
10602
1567
9224
12251
139
8963
14549
13565
10582
12410
15920
751
11222
15622
9912
15828
676
11820
3912
13728
2110
10468
1713
9194
5003
643
4683
13062
1008
11825
15458
15962
13392
8682
12213
13531
5998
10762
15448
580
11524
3721
5683
6746
3343
15595
6574
8371
15767
14839
6099
1877
9307
12165
11072
2662
1160
4107
4076
6520
15932
3535
6482
1677
569
2695
3560
6567
1809
7361
11500
13333
11082
1183
4079
2777
5131
15006
11149
4898
2197
5600
11128
15856
6117
10552
2519
7277
3011
6595
13797
2943
14482
4279
4620
15052
11326
12533
9971
13135
3894
5471
10468
14976
11007
2900
6105
138
6258
5606
9388
8455
11207
8868
8311
1324
7772
10830
12954
10783
5778
10751
13727
8612
3383
6699
12016
14709
3232
5988
11845
7126
11459
10665
10454
10818
1917
4912
15308
8175
10518
13049
630
10077
5917
8942
15754
13690
8124
12708
8473
13902
11811
10552
10867
15194
5604
6883
2256
13188
12871
2453
8667
12683
13118
7473
11853
15036
12385
11162
7211
11256
8211
12194
5333
14128
5136
5087
170
13260
6147
12996
15515
1959
7548
10382
5505
1504
5617
7761
14693
6841
10214
7360
7876
11685
14833
3729
15073
11219
14891
6284
6475
7102
6830
160
9583
11966
9600
9753
9227
15747
6749
13094
6058
2650
11828
15916
4154
1445
12029
2847
8286
6244
10207
162
6281
9041
3892
5354
8612
7135
15990
3439
14238
6821
7951
7821
2787
1551
5926
366
5651
12676
1812
61
3678
13640
15977
7832
15086
12007
15032
7372
6603
9239
11887
12884
6632
4131
6590
3596
11266
6580
11387
9504
13401
3339
5677
4541
4890
11604
9259
14893
12632
11072
14955
4662
8712
3284
12494
7798
15291
15878
3523
10246
13470
3762
11482
8454
7893
2072
12051
3159
13005
7438
1016
10406
10777
11045
3299
4020
11001
12559
2913
7633
11983
1868
12295
4695
5153
13142
846
8796
13020
8721
7395
10490
12483
2877
2945
4376
9302
3348
11887
6307
15138
1255
5065
9916
653
8365
2288
11654
9276
5201
7640
5259
11422
8287
9954
4927
5429
15152
2075
6802
7873
9470
5644
4356
12348
12941
13084
10002
4641
13324
309
3780
2931
5374
2048
3584
2091
4336
15239
11367
13889
6879
4978
9311
15166
3285
2590
8948
2437
4666
4102
14663
14136
9746
3019
14836
11040
4456
8838
15681
6132
13499
3461
13415
2874
5509
1000
9317
14197
4591
4685
12087
15822
14015
9750
3340
1300
12341
640
8090
1007
4742
6753
3495
2841
14124
6684
13881
2580
3874
1914
13064
1374
9728
10480
8600
3589
15832
1917
1787
4423
10954
2226
8597
8970
11976
11937
10270
8317
930
6712
13676
5672
13465
5524
12865
11590
12208
15098
2522
82
1013
3939
5808
15093
14419
14408
2682
14251
326
8821
7026
11280
11047
15623
4250
11376
15912
2873
3693
842
13937
5722
10867
11403
11246
7732
11345
11806
11183
13867
11888
12196
1806
6049
15641
4577
4457
2323
7180
4783
15497
2558
4416
14896
6533
8666
10272
6446
15891
2318
11640
13829
8040
10859
13584
7638
6944
8929
3444
2127
11148
3684
2675
1307
9733
2316
10236
14191
8991
1417
7326
8488
3975
11742
11737
10509
8761
6009
5307
13004
8327
5299
15185
4719
159
12769
12357
7103
10050
4153
13582
5199
7838
257
10858
5923
6925
5094
4114
15916
6511
15793
12757
14839
11535
8494
13700
8648
2855
3007
5653
15535
8306
4838
4254
12817
5960
4964
8272
10
13469
5854
9561
5307
10463
4419
11231
1388
9514
3697
1305
4377
3490
2414
3216
3378
10908
5268
12026
2115
8275
6031
1650
4934
15222
10257
6103
9534
3573
14376
9544
1042
8582
7458
6350
3046
11877
5933
8786
9743
13982
10091
2473
5825
857
10041
9203
11765
15310
9581
13881
11937
3965
3883
871
3187
14140
6975
12721
1713
9703
10617
2756
2285
6427
13458
9683
6657
3391
2470
400
5725
913
7225
11550
1771
1267
4753
1888
4929
2687
4121
866
6652
8005
6090
14191
6145
13065
15264
7859
11120
9881
14967
13405
309
12425
11441
11318
4168
13911
70
9893
3176
7296
5444
9299
12915
14549
11188
1844
1236
15309
7062
7888
7314
13152
6079
1812
10217
5343
14023
5337
3577
12990
7095
8238
9415
2536
3556
1935
4799
3626
11828
12327
15274
1272
5627
12189
15822
815
2385
5410
4476
9448
13299
143
6600
7730
1955
5170
1426
15978
14859
9355
12968
10306
1593
10735
1194
9501
1022
5993
1479
12850
6673
754
2475
12300
1295
6649
1467
8033
12059
5943
5833
13710
6086
12433
9793
8041
5955
11219
12371
9167
4574
13691
3473
10519
12778
4668
8372
13800
15013
9851
10651
5686
14957
1478
6338
4605
8127
7805
12638
8538
13749
2471
10601
8187
3256
4394
229
13564
3965
952
6731
12891
14644
10204
11762
11422
3224
4134
9223
2238
2337
8226
12276
1295
14056
2615
5900
10535
10420
6890
3073
12521
13713
2026
4709
5321
10772
9290
2885
14737
10242
9616
15980
13238
8173
11742
8661
11397
15876
6236
13635
6566
2814
9912
7861
870
12527
2113
11405
11299
13355
2830
7821
11068
4857
12530
389
15629
5820
7627
2719
4414
1243
2699
1653
9416
14442
14666
4814
2670
4902
6801
9236
12068
5065
5449
12938
1592
11914
8343
1244
9269
15525
9065
8689
4382
9947
9079
8364
4119
706
11083
8533
6301
13782
14538
4070
576
13204
13236
7599
6458
4037
5187
2526
9103
10637
15464
15047
10903
12159
291
4173
11685
13708
12862
4419
7655
10293
12783
126
15351
7866
8660
10005
10001
11550
14075
14929
8755
11311
6528
15213
3700
11716
1740
1155
10705
5556
203
5608
1716
4846
14133
1753
2555
10996
10524
14562
9641
7308
14689
8993
3526
11701
7350
1879
7251
5425
809
6
5088
7337
3572
8788
7405
5312
14296
6462
15220
14499
423
936
7697
14556
7041
10252
13904
1566
13167
11898
13226
11856
9243
752
7557
593
2632
3160
10370
7793
3167
15458
3482
6739
12598
15240
403
10894
5702
15623
13745
10477
4912
5443
13386
11953
4047
15642
1871
1214
11540
15097
1422
4783
4202
13331
9728
11186
492
4098
2979
3659
3556
10813
14750
4507
10053
15153
15401
4108
14776
13147
14585
8040
2590
323
8346
10989
15966
10217
12204
15858
13667
1978
8994
6221
15310
2722
1407
15802
6821
8738
3461
14729
3551
2211
3236
1957
5716
6990
6065
8844
4137
4650
885
11079
9326
13583
10420
9292
7800
6624
9150
9819
8603
2144
40
7913
9219
5799
12067
4392
2889
15528
3121
10793
6091
10710
12750
159
1700
7167
9003
10189
11817
14240
9620
5143
11823
4040
2787
7976
15017
11938
1795
11972
2434
6188
8237
11653
339
4304
45
7581
3832
7519
2374
14275
6581
3476
14434
12633
10643
11789
6822
10812
14382
4794
4308
10205
8834
7095
6533
7851
7385
12681
8175
14172
7221
412
14177
7560
4716
2575
3493
12900
10094
10219
11175
5027
2047
13961
1660
12690
14103
8482
11855
12485
13276
163
11042
10462
11610
5928
6666
7348
2609
14841
9872
9830
15254
8049
5742
3970
10624
13588
871
9070
7807
398
14097
9855
2712
15757
10897
5167
12591
6752
6004
14219
11267
5398
8682
11230
11326
15348
6930
2287
14189
802
469
1795
13203
10564
5766
7828
8152
10989
5250
4311
15739
7700
14166
6803
11809
13416
11970
8401
8520
6326
10972
8140
11725
8006
7722
11403
7354
14652
13691
9896
3806
14160
11691
1009
8724
5809
13189
5228
798
6792
9540
4890
14492
7706
11693
10301
9474
12016
7054
1995
2342
6379
10135
2419
14385
1857
13823
5740
4861
15866
3988
8667
14026
4031
14028
11103
9841
11218
331
14991
6362
9871
3881
4854
5930
3927
3507
15404
4295
14914
5751
6637
5293
4238
13409
3678
6095
15584
13770
15308
15450
1758
12327
13476
5790
10356
12931
3983
9926
13263
2974
288
11486
11208
9494
5768
3487
13001
5173
7782
11915
15276
2771
1208
3515
180
4887
13962
15764
7009
13271
15214
8768
9598
1043
2910
3954
2326
6893
2232
15589
14219
2520
15428
9427
366
5196
12914
13368
14721
4696
13635
13998
11820
14844
5865
12000
8083
3827
117
15092
1098
15331
12212
10697
4726
15122
3003
7053
10367
5236
10994
8587
12108
14774
6366
827
3971
7633
14195
7044
681
11830
9394
12501
15026
15259
12854
11461
3087
12971
10554
4185
654
11118
3234
5381
14593
6238
786
8960
15826
132
5899
286
14907
618
1113
7230
8251
3660
14274
8932
3843
12021
9786
2869
11280
6640
14331
2719
3611
13237
11257
8617
8355
14491
2350
6948
9081
3136
4261
13259
3269
10160
1898
6528
15130
7363
13758
7381
11024
384
4666
14867
12405
14452
6088
12038
5092
8771
3109
13055
6008
14366
5672
2716
12858
8023
14016
10291
15511
2277
7551
7132
790
13801
13660
15920
5164
15770
11654
188
155
320
3407
912
3124
13848
1302
8216
6619
4412
9623
980
2778
3647
8048
3988
11670
6064
2632
15534
12694
14535
6666
1836
12336
8679
6108
1500
8449
1762
6041
12956
6434
13800
13869
9558
11648
3523
6126
6620
7935
4101
11952
15066
7749
4000
7406
7771
14416
10038
7305
15462
8573
2324
5650
9261
11003
11759
15114
7804
1873
9507
4761
12660
7307
6982
6218
7308
10505
697
13928
2441
4798
14232
5859
12547
2232
13265
4319
648
11656
15976
4463
8581
6652
10113
6195
6007
5872
5309
13812
12098
14816
2573
8758
6123
13907
3328
1783
8412
8377
4063
15205
13176
2295
5064
14075
4527
6682
6746
9528
6690
11075
13991
3623
1727
12456
9818
7735
6681
15127
5547
2779
2295
12472
15889
12771
14731
7569
14554
7143
15947
6970
6349
1475
9265
15765
15550
2145
10799
10649
11673
5841
5724
14016
9465
7451
10472
7635
3538
1153
11115
13437
8284
13410
9909
12525
14533
8640
4095
1440
4136
8394
8410
14837
9869
1675
2954
13771
3820
2106
8420
3845
7947
2496
1861
5764
14300
686
1752
1838
6191
12867
15276
14476
14629
13537
11001
13163
10530
3448
2955
14666
11842
11365
1855
5711
13040
4809
7835
5213
6915
255
9058
3215
7104
15272
8979
5404
15958
15083
7242
10501
11950
10870
8977
14932
8408
8331
447
2938
11779
3402
5956
11974
14767
7811
1685
159
972
9520
5372
12240
14128
2783
15455
5232
2055
12786
14988
6365
11870
10582
866
12172
5453
14196
11104
2213
10879
15903
5151
11010
7657
15459
6984
10776
11622
13022
10936
946
10894
4660
13186
13374
11795
12641
6958
2202
9428
5946
8567
9650
529
13786
5822
5982
334
5279
8195
11213
5182
1698
6223
1192
5509
1560
11968
5483
2934
6904
6429
13828
15917
3616
11203
11712
4609
6513
13915
14037
12460
10834
12039
1341
8620
1862
11675
8954
11493
3870
8519
5027
9920
3095
6219
3781
9007
2188
9264
11941
13444
4045
9769
13361
12013
9324
13426
623
15838
15693
3012
650
10527
15052
1991
7500
5266
13666
4806
759
5888
1678
5786
4160
4773
358
7941
13780
2546
5557
9721
15990
13954
7842
1704
9968
5519
15130
10591
5357
3175
13603
10359
13702
12655
12350
9554
1921
10016
14361
7032
4256
39
12819
8416
9164
1529
4709
6944
4075
14618
5017
8417
12572
12859
14473
6540
2378
13603
5483
12087
5130
3087
6446
2833
4094
2796
12387
6016
1164
15100
13048
5420
3491
14219
2188
12655
15748
6897
3599
8175
9867
8616
4945
6440
9828
3418
1332
12206
5374
6816
12646
10504
14255
3092
1689
2349
10241
2429
8365
11405
1529
9766
5178
5021
12337
7366
1676
438
2616
9628
12965
835
6596
1910
7275
424
9681
12960
983
15055
8128
13629
13911
6383
5073
15601
8732
15314
2030
5450
10720
7911
3568
4250
12932
15905
15968
2961
4695
2584
941
1661
3420
7537
7923
15047
12314
1604
12007
1649
5011
8487
3630
2923
14870
8703
6876
7603
12370
13258
13053
7090
5169
621
15692
6454
4878
15660
9415
9574
2245
10356
11235
10017
6245
7510
13416
6911
9115
13776
12912
2478
6263
542
9753
5134
13598
629
1089
9968
13887
2494
5410
3057
3115
5102
9511
12345
9114
7278
5919
15711
5986
5506
9728
583
13017
11497
7495
10484
9273
4407
12962
15536
9302
6716
9022
6900
11697
10111
5220
9585
12605
14982
994
4072
8436
14857
4770
1550
6135
10689
1262
473
4548
10990
1056
5917
10839
12903
401
4112
5663
1715
8001
14965
12783
5375
10217
8481
3839
3789
6418
444
2771
7412
8869
11207
10621
13639
12757
756
12680
14019
5581
5580
13362
6637
11497
12553
7893
250
666
13556
1966
13019
12521
14749
2394
11090
11582
6233
14879
2000
11030
6002
13764
8251
1209
8385
10242
2318
13493
6922
4690
3074
855
6404
14064
12352
2957
5957
12603
3623
3513
2921
4994
4386
6022
11741
15476
1605
6326
14355
7957
5708
8709
5722
13959
9918
14107
12553
588
11601
7828
5278
3027
8683
11682
1091
5035
14640
7048
5990
6615
10561
8911
15962
14947
14934
11703
2775
4891
2029
5482
12848
12090
14191
6922
14401
8109
9382
10955
8698
9335
2783
2328
12362
15818
14011
13454
4853
1003
4502
15196
7618
3416
8107
7580
6715
11393
7635
9491
4636
14017
14973
5837
10107
13165
12759
8508
9626
6141
7815
6676
15476
14950
9005
191
14768
11368
13645
3622
12371
6499
7170
8341
14267
15277
4274
4983
15023
11909
14474
3659
14278
1799
9496
8385
3316
10608
5246
12943
5101
13061
3619
8930
12012
976
9121
10780
12344
11118
2754
13067
5969
9924
5409
4237
13554
9683
9220
12577
9944
12046
4588
8223
2197
2437
608
5514
1397
10206
6809
6498
7268
14780
3780
7632
15757
1253
6764
453
12371
13871
13521
2341
7795
2930
10930
9701
12613
8502
10630
10909
8900
15219
3132
11097
6008
8093
611
7405
2299
11772
2255
13919
10553
6036
9903
10310
7289
668
10763
8013
14539
12636
14706
10686
15566
9636
4388
531
2138
15018
11441
11038
14237
2925
10487
4245
11018
15451
2
1670
11223
2258
15589
5776
8294
9493
4438
3935
14513
3554
11948
13052
190
10654
7738
4109
8642
12126
4640
15132
15497
4433
14522
2086
11711
9010
6332
6729
8461
10686
8399
8036
12944
12341
13813
9590
10186
6603
13526
8699
10157
9474
5751
10348
8481
1841
14457
1123
2320
7449
256
1817
235
3130
3903
11946
12140
14587
7027
8953
9274
3779
990
10570
120
3155
4161
14658
9758
1687
7357
8268
15513
1460
2616
12346
3301
5425
1822
9973
1226
6430
11790
5813
9560
15694
6111
5701
2633
13139
3006
259
5270
3996
10830
5390
11503
14991
8400
9614
5030
15757
1882
4543
5569
8850
890
8870
14275
2712
2844
3853
9142
2986
9667
2702
7032
4130
12755
9666
1269
15762
9925
6539
8110
9107
281
3614
8098
8681
1580
13128
12790
3462
6024
2359
12312
6914
15582
14939
13978
6778
7144
11472
9764
5163
2526
797
9294
15282
14815
10563
3396
13092
5455
11506
6200
10088
3472
2650
7122
5052
4131
3912
8514
10155
6272
9178
5421
10206
8117
7751
984
3614
3223
10748
8777
5749
15897
2071
9383
3064
987
12779
4509
6442
8286
15061
530
110
1711
12004
5163
10194
15917
2029
8701
10541
11208
14122
4747
7677
5873
10083
11291
13448
9183
4069
7550
9081
10492
933
497
11479
2065
5006
1921
10351
4067
6804
10461
10131
2808
3976
8677
7077
6006
1379
1618
5566
15501
10717
13243
9727
4800
12887
11527
13984
956
3077
11417
15800
8363
266
11280
10428
9625
1553
9131
2044
12709
7944
527
15518
11921
9205
10947
1927
10584
918
7493
14437
11635
9088
12516
4788
5975
8044
7124
11283
11121
6893
11084
3484
11511
10716
2264
5136
12269
11395
7181
8979
3340
7708
12849
15261
5265
7796
5540
15849
8714
1385
2639
8702
14825
15155
1842
9153
7199
8966
4436
6673
4211
3872
14509
15722
14588
774
4859
15210
12169
392
8189
3861
12452
5038
7474
1718
1186
1366
5919
14253
2751
8558
6955
5929
12066
8797
15082
3265
6115
7870
9938
10326
95
12800
10048
14683
13574
3259
2245
9743
8003
10434
1957
4456
3824
9431
10526
5011
10798
4797
3264
1901
1708
14571
7830
13774
7368
11264
5391
13483
3135
15330
7809
3230
12130
6209
6265
14056
9469
8511
12151
5824
7297
14108
10280
11122
7540
9158
4485
2338
13956
7749
4239
15664
6320
422
1790
2040
11686
7181
3875
3173
10863
36
10755
11345
6245
1021
9401
4066
13884
5553
9891
5181
8013
8523
4655
15553
1682
9140
6243
3990
889
14835
8006
11561
15257
9796
1953
15295
977
5828
6821
193
5864
1576
11538
12110
2597
9292
4528
4833
14845
2771
10015
11210
11295
14670
10764
12977
12163
5359
5319
1404
4194
13325
12966
7803
7121
3271
11451
12450
9100
2272
12643
14964
3848
8182
15426
10798
5826
8307
15631
4671
11078
13998
4233
10725
1021
3349
7702
13184
8709
1373
14588
1255
14698
15906
13411
5819
3178
8862
2270
630
15486
3265
3946
7686
15799
7725
2484
5625
32
6468
14648
15462
8818
2882
10188
9839
6231
6242
11375
14940
7616
14316
4548
6314
2574
1959
12134
10104
15173
2756
10734
3011
6021
3033
10697
5821
10758
1534
15798
15142
12354
14447
14604
5172
1329
8792
3364
11912
15035
3091
15205
6651
1407
3753
1317
8334
10064
1803
2438
13589
4559
1525
600
14933
8910
15649
9106
3668
1183
8904
2810
13537
11703
1414
7062
1384
14559
10426
13297
1946
1869
12502
8597
7629
4607
14266
15963
3023
70
6753
612
4629
12630
5564
7914
5540
5213
1020
13560
10749
9925
370
12638
9980
6137
3700
11365
4696
2478
8662
6642
4348
9516
3591
11977
2475
6209
11940
5498
6279
7045
10462
10909
3676
26
2823
9216
5239
8196
6777
15988
6473
11499
979
453
5988
4679
11818
15036
7158
8832
10030
15858
2348
1973
11835
9175
8183
12127
14673
14462
3172
9135
13723
6848
13513
547
4417
2753
13095
15546
7093
3568
15397
8072
4021
5386
1104
4192
4422
12614
13024
14453
12472
3725
4778
8307
12900
12961
4434
15926
11424
11958
13413
9147
2807
10927
14046
11576
2032
11141
11122
13477
14709
14871
9902
7083
4257
15358
11275
13032
11972
12651
15837
8444
376
4615
5103
1629
1577
13889
5907
13001
9847
3320
10500
12654
2599
8547
12582
8983
3688
12056
10813
6750
10928
4715
2185
3537
4073
13460
569
4397
10111
406
12841
14840
9374
6296
4821
10951
4185
10728
12304
14032
2400
6804
15039
9352
3703
11621
2335
11744
7678
1500
2494
6958
6215
4679
10495
14640
6491
15417
3037
4954
15823
4230
8146
9197
10526
12967
8500
14711
12047
4804
12744
14448
15961
11783
12152
3664
11756
2839
15408
7786
4340
6254
14744
14907
15285
13592
