2000
2001
2000
2000
1999
1996
1996
1994
1995
1992
1991
1990
1989
1990
1987
1986
1986
1985
1985
1982
1981
1982
1980
1978
1977
1976
1975
1975
1973
1974
1973
1970
1969
1968
1969
1968
1966
1964
1963
1963
1962
1961
1961
1960
1957
1958
1955
1954
1954
1952
1951
1952
1950
1950
1949
1947
1945
1945
1943
1942
1941
1942
1939
1939
1937
1937
1937
1935
1935
1932
1933
1931
1930
1930
1928
1926
1926
1926
1923
1924
1923
1921
1919
1918
1917
1918
1915
1915
1914
1912
1913
1912
1910
1908
1908
1907
1907
1904
1903
1904
1901
1900
1900
1900
1897
1898
1895
1896
1895
1892
1893
1891
1891
1890
1887
1886
1885
1884
1885
1884
1882
1881
1881
1880
1879
1877
1877
1876
1874
1872
1872
1872
1869
1868
1869
1867
1867
1864
1864
1864
1862
1861
1859
1859
1858
1857
1857
1856
1855
1853
1852
1852
1849
1849
1848
1846
1847
1845
1843
1843
1842
1841
1840
1838
1838
1837
1837
1835
1835
1832
1831
1831
1830
1829
1827
1826
1826
1824
1823
1822
1823
1822
1819
1818
1817
1818
1816
1815
1814
1813
1813
1810
1809
1809
1808
1808
1805
1804
1804
1802
1802
1802
1800
1798
1798
1798
1796
1796
1795
1794
1792
1792
1790
1789
1789
1786
1786
1785
1784
1782
1781
1781
1780
1778
1779
1776
1775
1774
1773
1773
1771
1772
1769
1770
1769
1768
1767
1765
1764
1764
1762
1760
1760
1758
1759
1758
1756
1755
1753
1754
1752
1752
1751
1748
1749
1748
1745
1745
1743
1743
1743
1741
1739
1738
1738
1737
1735
1734
1733
1734
1731
1731
1729
1730
1727
1726
1726
1725
1724
1724
1723
1721
1720
1719
1719
1718
1716
1714
1713
1713
1712
1712
1709
1708
1707
1708
1706
1705
1703
1704
1702
1700
1701
1700
1697
1698
1697
1695
1694
1693
1693
1691
1689
1688
1687
1686
1687
1686
1684
1682
1681
1680
1679
1679
1677
1677
1676
1676
1673
1674
1673
1672
1669
1669
1668
1667
1666
1665
1663
1664
1661
1660
1660
1659
1658
1657
1657
1655
1653
1652
1653
1652
1650
1648
1648
1646
1647
1644
1645
1642
1643
1642
1641
1639
1638
1636
1637
1634
1634
1632
1632
1630
1630
1628
1629
1626
1627
1625
1625
1622
1623
1622
1619
1618
1617
1618
1615
1614
1613
1613
1611
1612
1610
1608
1608
1607
1606
1605
1604
1603
1603
1600
1600
1599
1597
1596
1596
1594
1594
1593
1592
1591
1590
1589
1589
1587
1585
1584
1584
1582
1583
1580
1580
1579
1578
1576
1577
1576
1575
1574
1571
1572
1571
1570
1567
1566
1567
1566
1564
1563
1561
1562
1561
1559
1557
1556
1556
1555
1554
1552
1551
1550
1549
1550
1549
1547
1547
1546
1545
1544
1543
1540
1540
1540
1537
1537
1535
1536
1534
1533
1533
1530
1529
1530
1528
1527
1527
1524
1524
1522
1522
1521
1520
1519
1518
1517
1516
1515
1514
1512
1512
1510
1509
1510
1509
1506
1507
1505
1504
1502
1503
1500
1499
1498
1497
1496
1496
1494
1493
1494
1491
1492
1490
1488
1488
1486
1486
1484
1485
1484
1481
1481
1479
1479
1477
1476
1475
1474
1474
1474
1473
1471
1469
1468
1469
1466
1466
1464
1463
1464
1462
1462
1460
1458
1459
1456
1456
1455
1453
1453
1452
1451
1451
1449
1448
1446
1446
1445
1445
1443
1441
1441
1439
1439
1438
1438
1436
1434
1433
1432
1431
1432
1429
1430
1427
1426
1426
1426
1424
1424
1422
1422
1420
1419
1418
1418
1417
1414
1414
1413
1412
1412
1411
1409
1407
1408
1406
1406
1403
1404
1403
1401
1400
1400
1398
1398
1395
1396
1394
1393
1393
1392
1390
1389
1388
1388
1386
1385
1384
1384
1383
1382
1380
1378
1379
1378
1375
1374
1374
1372
1371
1372
1371
1370
1369
1366
1366
1364
1363
1363
1363
1360
1360
1360
1359
1356
1357
1354
1354
1352
1351
1350
1350
1350
1347
1346
1346
1344
1344
1342
1342
1342
1341
1338
1338
1338
1337
1334
1333
1334
1332
1332
1329
1328
1328
1328
1326
1325
1323
1324
1322
1320
1321
1318
1319
1317
1315
1314
1315
1312
1312
1312
1311
1309
1307
1307
1305
1306
1305
1302
1303
1301
1299
1300
1299
1298
1297
1294
1294
1294
1291
1290
1289
1288
1288
1288
1286
1286
1283
1284
1283
1282
1280
1279
1278
1278
1275
1275
1275
1272
1273
1271
1271
1268
1269
1268
1265
1265
1263
1263
1263
1260
1259
1258
1258
1258
1255
1254
1254
1253
1251
1251
1250
1250
1247
1248
1246
1246
1244
1242
1241
1241
1241
1240
1239
1238
1237
1236
1234
1234
1233
1231
1229
1230
1229
1227
1226
1224
1225
1222
1222
1220
1220
1218
1219
1216
1217
1215
1213
1214
1213
1210
1209
1210
1209
1208
1206
1206
1205
1202
1203
1202
1200
1198
1198
1196
1197
1194
1193
1194
1191
1190
1191
1188
1188
1186
1186
1185
1185
1183
1181
1181
1180
1179
1178
1177
1175
1174
1173
1172
1172
1170
1171
1168
1167
1167
1166
1166
1164
1162
1163
1160
1160
1160
1158
1158
1155
1156
1153
1154
1152
1151
1149
1148
1149
1148
1146
1144
1143
1144
1142
1142
1141
1138
1139
1136
1137
1136
1135
1133
1131
1132
1131
1129
1129
1126
1126
1126
1123
1123
1123
1121
1119
1120
1118
1116
1115
1114
1114
1113
1111
1112
1109
1108
1107
1107
1105
1104
1104
1103
1101
1101
1099
1100
1097
1096
1096
1095
1095
1093
1091
1091
1089
1090
1088
1088
1087
1086
1084
1082
1081
1081
1079
1080
1079
1078
1075
1074
1075
1073
1072
1070
1069
1070
1067
1067
1067
1065
1063
1064
1061
1061
1060
1058
1057
1056
1056
1054
1055
1054
1052
1051
1050
1050
1047
1047
1046
1045
1043
1043
1041
1041
1041
1038
1038
1036
1036
1035
1035
1034
1032
1032
1029
1030
1028
1027
1025
1024
1025
1023
1021
1020
1021
1019
1019
1016
1016
1015
1014
1013
1012
1011
1009
1009
1009
1007
1006
1005
1004
1002
1001
1002
999
998
998
997
997
994
995
993
992
992
991
988
988
988
985
984
985
984
982
980
979
979
978
976
976
974
974
974
972
972
971
969
969
967
966
964
964
962
962
962
959
958
957
958
956
955
955
952
951
951
949
949
947
948
946
946
945
942
943
940
941
939
938
936
936
934
933
934
932
931
929
930
927
926
927
925
925
923
922
922
919
920
919
916
916
914
913
912
913
912
909
909
909
908
907
904
903
904
903
902
901
900
898
898
896
895
893
892
891
892
889
888
888
888
886
886
884
883
881
880
881
878
879
878
875
876
875
872
872
872
869
868
867
868
865
865
863
863
863
860
859
860
857
858
857
854
855
853
853
852
850
849
847
847
845
845
843
842
843
840
839
839
838
836
835
836
835
833
832
831
831
830
827
827
827
824
824
822
822
820
821
818
817
817
817
815
813
812
813
810
809
810
808
808
805
806
805
804
802
801
799
798
798
796
797
795
795
792
792
790
791
789
789
788
787
785
783
782
782
782
780
778
779
778
775
776
775
772
773
770
770
770
769
766
766
765
764
762
761
760
760
760
758
757
757
756
755
754
753
752
749
748
749
746
746
744
744
742
741
740
741
739
738
738
736
736
734
732
731
731
729
730
728
726
726
724
725
723
722
722
719
719
718
716
716
716
713
714
711
710
710
710
707
708
706
705
704
703
701
702
701
698
699
698
696
694
695
692
691
690
689
689
689
687
687
685
684
682
682
681
681
680
678
678
676
674
674
672
673
671
669
670
667
667
666
665
665
663
663
662
659
658
658
658
657
655
653
652
652
650
651
648
647
647
647
644
643
643
642
642
641
638
638
636
636
634
635
632
631
632
629
628
629
627
627
626
625
623
621
621
621
620
619
618
616
616
615
613
611
612
609
609
609
606
606
604
604
603
601
601
599
599
599
598
595
596
595
592
592
592
591
588
589
587
585
584
584
583
582
582
579
580
578
578
577
574
573
574
573
571
569
570
567
567
565
564
563
564
562
562
561
559
557
557
555
554
555
553
552
551
550
550
547
548
546
545
544
544
541
540
540
539
537
537
537
534
535
532
532
531
531
529
529
528
525
526
524
524
522
522
520
520
517
517
515
516
513
513
513
510
511
508
507
508
507
506
504
503
501
502
500
498
497
496
496
495
494
494
491
490
491
490
487
488
485
484
485
484
483
481
479
479
479
476
477
475
473
472
471
471
469
469
468
467
465
464
465
463
463
460
460
460
459
457
457
454
453
453
453
452
449
449
449
448
446
445
444
444
443
442
440
438
438
437
436
435
434
433
431
431
430
430
428
427
426
424
424
424
423
422
421
420
417
418
415
416
414
413
413
410
410
409
407
406
407
406
405
403
401
400
399
400
399
397
395
395
394
394
392
391
391
389
389
388
386
386
384
382
381
381
380
380
377
378
377
374
375
374
372
370
369
370
367
367
365
365
365
362
362
362
361
358
358
357
355
356
353
353
353
351
350
349
347
348
346
344
345
342
341
342
340
339
338
336
337
334
334
334
332
332
330
328
327
328
327
324
323
324
322
322
320
318
318
318
317
314
313
312
313
311
311
308
309
307
305
305
305
304
302
300
301
298
298
298
295
295
295
292
291
292
290
288
287
286
287
284
284
282
282
280
280
278
278
277
277
274
273
274
273
271
269
270
269
267
267
264
263
262
262
261
261
258
259
258
256
255
253
254
253
251
251
248
249
246
247
244
243
244
243
241
240
240
238
237
237
234
234
234
231
231
230
228
228
226
226
224
223
223
223
222
220
220
218
217
216
214
214
214
211
210
209
210
208
207
205
205
203
202
202
201
200
198
199
196
196
194
194
193
193
191
191
189
188
186
185
186
183
183
182
181
179
178
177
178
177
176
173
172
173
171
171
169
169
168
167
165
163
162
161
160
159
160
159
158
155
156
154
154
152
150
149
149
148
147
145
146
143
143
143
140
139
139
138
136
136
134
135
133
133
130
131
128
127
127
127
126
124
123
122
122
121
119
119
117
115
114
113
113
113
110
110
108
109
106
105
105
105
102
101
102
100
100
99
98
96
96
94
92
91
92
91
88
89
88
86
86
83
84
83
82
79
78
79
76
77
74
74
74
71
72
70
70
69
67
67
65
64
62
62
61
60
60
58
56
56
55
53
54
52
52
50
50
48
47
45
44
45
42
41
40
41
40
37
36
35
34
34
34
31
30
29
30
29
28
25
25
24
23
22
20
19
18
17
18
17
15
13
14
12
10
9
9
9
7
6
4
4
2
3
