8000
1
2
2
5
5
7
8
7
9
11
10
12
12
14
15
16
18
18
19
20
22
21
22
24
24
26
26
29
29
30
32
33
32
35
35
36
37
38
40
39
40
41
43
43
45
45
47
48
49
51
52
52
52
55
55
56
58
58
59
60
62
62
62
63
64
67
67
69
68
69
70
71
73
74
75
75
78
77
79
81
82
81
83
83
85
87
87
88
88
89
92
91
93
93
94
97
98
99
99
99
100
103
103
104
104
107
106
108
110
110
110
113
112
114
114
117
117
119
118
121
121
121
122
123
124
126
126
127
129
131
131
133
134
135
135
135
138
138
139
141
141
143
144
144
145
147
146
147
150
150
152
151
153
153
155
157
156
159
158
161
161
162
163
164
164
165
168
167
168
170
172
172
173
174
176
175
177
177
179
180
182
182
184
184
184
186
186
187
188
189
192
193
193
194
195
197
198
198
200
201
200
202
202
205
204
205
206
209
208
210
210
213
212
215
214
215
217
218
219
220
221
222
224
223
224
226
228
229
230
231
232
231
232
235
234
236
236
238
238
240
240
242
244
244
245
245
248
247
250
249
252
252
254
254
256
257
258
259
260
261
262
262
263
263
266
267
266
267
268
269
272
271
274
274
276
276
278
278
280
280
282
282
282
285
284
287
287
287
288
291
290
293
292
295
294
295
297
297
298
300
302
302
302
304
306
307
308
308
310
310
310
313
313
314
316
316
317
318
320
320
320
321
323
325
326
325
326
327
328
331
332
333
332
333
335
337
336
338
340
341
341
341
342
345
346
347
347
348
349
350
350
351
354
355
354
357
358
357
358
359
362
361
363
365
364
367
368
367
369
371
371
371
374
374
374
377
377
379
379
381
381
382
382
383
385
385
388
388
389
389
392
391
392
393
394
396
396
397
398
401
400
402
402
405
406
405
408
408
408
410
411
412
412
415
416
416
416
419
418
420
421
421
422
425
424
426
427
428
430
430
430
433
432
433
436
435
438
437
439
439
441
443
443
444
446
446
447
447
449
451
452
453
452
453
456
456
457
458
460
459
462
461
462
463
465
465
466
468
469
470
471
473
473
473
476
477
477
478
478
479
481
483
482
484
484
485
488
489
489
491
490
492
494
494
495
496
498
499
500
499
501
501
502
505
505
505
508
507
509
511
511
511
512
515
515
515
518
518
520
520
520
521
524
525
526
526
527
529
528
530
530
533
532
534
536
536
537
539
540
539
541
542
542
544
544
547
548
547
548
549
551
552
553
554
555
556
558
557
559
559
562
562
564
563
566
566
567
568
569
570
572
571
574
575
576
575
578
579
578
579
580
582
583
584
586
587
586
589
588
590
592
591
594
595
594
597
598
599
599
599
602
601
603
605
606
607
606
609
609
609
612
613
612
613
614
617
616
617
618
620
622
621
623
625
624
627
628
627
628
629
631
633
632
633
635
635
638
638
640
640
640
642
642
643
646
646
646
647
648
649
651
653
653
654
654
656
656
659
660
659
660
661
662
663
664
667
667
667
668
670
671
672
672
675
675
677
677
679
678
681
682
683
684
683
684
687
688
688
690
690
690
691
692
693
695
695
696
699
700
701
702
702
702
705
705
707
708
707
709
709
712
712
712
714
714
716
718
719
720
720
722
721
724
725
726
725
726
727
729
731
732
731
733
733
736
735
736
739
738
741
742
741
742
745
746
745
746
748
749
750
750
751
754
755
756
757
756
757
758
760
760
763
764
765
764
767
768
767
769
769
772
773
773
773
776
775
777
778
778
781
780
782
784
785
786
787
786
787
788
789
792
792
792
794
794
796
796
799
799
801
800
803
803
804
806
806
808
808
810
811
811
813
814
814
816
816
817
819
820
821
820
822
822
824
826
825
826
827
828
831
832
831
833
835
835
836
837
837
838
839
841
842
842
843
846
845
848
848
849
850
850
853
852
853
855
855
856
858
858
859
862
861
862
863
866
867
868
867
868
871
871
872
873
875
876
875
877
879
880
879
880
881
884
883
885
887
886
889
888
890
891
893
893
895
895
897
898
897
898
901
900
901
903
904
904
906
907
908
908
910
912
912
912
915
915
916
917
919
919
921
921
923
922
923
926
927
928
928
930
930
931
933
933
935
935
937
937
937
940
940
940
942
944
943
945
946
948
947
949
949
951
953
952
955
956
957
957
957
959
960
961
963
963
963
966
967
968
967
970
971
972
973
973
974
976
977
976
978
979
980
980
983
982
983
985
987
986
989
988
991
991
992
993
995
996
996
997
997
1000
999
1002
1002
1003
1004
1004
1006
1008
1007
1009
1009
1011
1012
1014
1015
1016
1016
1018
1017
1019
1019
1022
1023
1024
1024
1025
1027
1026
1029
1028
1031
1030
1033
1033
1035
1036
1036
1037
1038
1040
1039
1041
1042
1043
1044
1044
1046
1046
1049
1049
1050
1050
1052
1052
1053
1056
1057
1056
1057
1059
1059
1062
1063
1062
1063
1064
1067
1068
1068
1068
1071
1072
1073
1072
1074
1075
1075
1078
1078
1078
1080
1082
1083
1084
1083
1086
1087
1088
1089
1090
1090
1090
1093
1094
1093
1094
1097
1097
1099
1099
1100
1101
1101
1104
1105
1105
1105
1106
1107
1110
1109
1112
1113
1112
1114
1114
1117
1116
1117
1120
1119
1122
1123
1124
1124
1125
1127
1126
1129
1130
1130
1131
1132
1134
1133
1134
1135
1138
1137
1139
1141
1141
1141
1144
1143
1146
1147
1148
1147
1148
1149
1150
1151
1152
1153
1155
1156
1156
1159
1159
1161
1161
1161
1163
1163
1165
1167
1167
1168
1168
1171
1170
1172
1172
1173
1176
1177
1176
1179
1180
1180
1180
1181
1184
1183
1184
1185
1186
1187
1188
1190
1190
1192
1193
1195
1196
1196
1197
1197
1200
1200
1200
1202
1202
1203
1206
1205
1206
1207
1208
1209
1212
1211
1212
1215
1214
1216
1217
1218
1220
1220
1220
1223
1223
1225
1225
1225
1226
1227
1229
1230
1231
1233
1234
1235
1234
1236
1236
1238
1239
1239
1242
1242
1242
1243
1245
1246
1248
1249
1248
1250
1251
1252
1254
1255
1254
1256
1256
1258
1260
1261
1262
1262
1263
1265
1265
1266
1266
1268
1269
1271
1271
1271
1273
1275
1274
1275
1278
1277
1278
1279
1282
1282
1283
1285
1285
1286
1286
1288
1288
1289
1290
1291
1294
1294
1296
1295
1297
1297
1298
1299
1300
1303
1302
1305
1306
1306
1306
1309
1310
1309
1312
1313
1313
1314
1315
1317
1316
1319
1319
1320
1320
1323
1324
1323
1326
1325
1326
1328
1329
1329
1331
1333
1332
1335
1335
1335
1337
1339
1338
1340
1342
1343
1343
1344
1345
1345
1347
1348
1348
1350
1350
1352
1353
1354
1355
1355
1357
1358
1360
1359
1360
1361
1362
1364
1364
1367
1367
1369
1370
1371
1371
1372
1373
1373
1374
1375
1376
1377
1379
1379
1382
1381
1384
1383
1385
1385
1388
1387
1388
1390
1390
1391
1392
1394
1396
1395
1397
1397
1398
1400
1402
1403
1404
1404
1404
1406
1408
1407
1410
1410
1412
1412
1413
1414
1416
1415
1416
1418
1418
1419
1421
1423
1423
1424
1424
1425
1428
1429
1429
1430
1430
1432
1433
1434
1434
1436
1436
1439
1439
1441
1441
1442
1443
1443
1444
1445
1446
1448
1448
1451
1451
1452
1454
1453
1454
1455
1456
1459
1459
1461
1461
1462
1462
1465
1464
1466
1466
1468
1469
1469
1471
1473
1473
1475
1476
1477
1477
1478
1478
1480
1481
1483
1482
1484
1486
1485
1487
1487
1488
1491
1492
1491
1494
1493
1496
1495
1497
1497
1500
1501
1501
1501
1504
1505
1505
1507
1506
1509
1509
1509
1511
1511
1512
1515
1515
1515
1518
1518
1519
1519
1520
1521
1522
1523
1525
1526
1527
1527
1530
1530
1531
1531
1533
1534
1534
1537
1537
1537
1540
1539
1541
1541
1543
1545
1544
1545
1548
1547
1549
1550
1551
1553
1554
1555
1555
1556
1557
1559
1560
1559
1561
1561
1562
1565
1565
1566
1566
1567
1569
1569
1571
1571
1574
1575
1574
1577
1576
1578
1578
1581
1582
1583
1582
1585
1585
1586
1587
1588
1589
1590
1591
1593
1593
1593
1596
1595
1597
1597
1599
1599
1601
1603
1604
1603
1605
1605
1606
1607
1609
1609
1612
1612
1614
1615
1615
1617
1616
1617
1618
1620
1621
1623
1623
1625
1626
1626
1626
1628
1630
1631
1630
1631
1633
1635
1635
1636
1636
1637
1639
1641
1640
1641
1643
1644
1645
1647
1647
1648
1650
1651
1651
1652
1653
1653
1656
1656
1657
1657
1658
1661
1660
1661
1664
1664
1664
1667
1666
1668
1670
1670
1671
1671
1672
1675
1676
1676
1678
1677
1678
1681
1682
1683
1682
1685
1684
1685
1686
1689
1689
1690
1691
1692
1694
1695
1694
1695
1697
1698
1699
1700
1700
1703
1704
1704
1706
1707
1706
1709
1710
1710
1712
1711
1713
1713
1716
1716
1717
1717
1720
1721
1721
1721
1722
1724
1726
1726
1728
1728
1730
1730
1730
1732
1734
1733
1736
1736
1736
1737
1738
1741
1742
1741
1742
1743
1745
1747
1746
1749
1748
1751
1751
1753
1754
1755
1755
1755
1756
1757
1759
1760
1760
1761
1764
1765
1764
1766
1766
1767
1770
1771
1770
1772
1774
1774
1774
1776
1777
1777
1778
1781
1782
1783
1784
1785
1786
1785
1788
1788
1790
1791
1792
1793
1794
1795
1796
1795
1796
1797
1799
1800
1802
1803
1804
1803
1805
1807
1808
1807
1810
1809
1810
1813
1812
1813
1816
1815
1816
1818
1820
1819
1821
1823
1824
1823
1825
1827
1827
1829
1828
1831
1830
1831
1834
1834
1834
1835
1836
1838
1839
1840
1841
1843
1843
1845
1846
1845
1846
1847
1848
1851
1851
1852
1853
1855
1854
1857
1857
1859
1858
1860
1862
1861
1864
1865
1865
1865
1866
1867
1869
1869
1871
1871
1874
1875
1874
1877
1877
1878
1878
1881
1881
1882
1883
1883
1885
1886
1887
1887
1889
1890
1891
1892
1894
1893
1895
1896
1897
1898
1900
1899
1902
1902
1903
1905
1905
1907
1908
1909
1908
1909
1911
1913
1914
1913
1914
1916
1918
1918
1919
1920
1920
1923
1922
1925
1925
1926
1927
1927
1929
1930
1930
1931
1934
1935
1934
1936
1937
1937
1938
1941
1940
1941
1943
1943
1945
1947
1947
1948
1949
1949
1950
1952
1952
1953
1956
1957
1956
1958
1960
1960
1960
1962
1964
1965
1965
1966
1967
1967
1969
1969
1970
1971
1972
1975
1975
1977
1978
1977
1978
1980
1980
1982
1983
1984
1986
1986
1987
1987
1990
1990
1992
1991
1994
1995
1995
1996
1996
1999
2000
1999
2002
2001
2003
2003
2006
2007
2008
2009
2010
2010
2011
2011
2014
2013
2015
2017
2017
2017
2020
2020
2022
2022
2022
2025
2026
2026
2027
2029
2029
2029
2030
2032
2032
2034
2036
2036
2037
2039
2038
2040
2040
2043
2043
2043
2044
2046
2046
2048
2049
2051
2051
2051
2054
2054
2055
2056
2058
2059
2059
2060
2060
2061
2064
2064
2066
2067
2066
2068
2070
2071
2072
2071
2073
2075
2075
2075
2076
2078
2080
2081
2082
2081
2083
2085
2085
2087
2087
2088
2090
2091
2090
2091
2092
2093
2096
2095
2096
2099
2099
2099
2101
2102
2103
2104
2104
2105
2108
2108
2109
2110
2112
2111
2114
2114
2114
2116
2116
2118
2119
2121
2122
2123
2122
2125
2124
2125
2128
2128
2128
2130
2132
2131
2132
2134
2136
2136
2137
2138
2139
2139
2142
2142
2144
2145
2146
2147
2147
2147
2149
2149
2152
2151
2154
2153
2154
2155
2157
2157
2159
2161
2162
2163
2162
2163
2164
2167
2166
2169
2168
2171
2172
2171
2172
2175
2174
2177
2178
2179
2178
2180
2182
2183
2184
2185
2185
2187
2188
2187
2188
2191
2192
2192
2193
2193
2195
2197
2198
2198
2199
2199
2201
2202
2203
2204
2205
2206
2207
2208
2208
2210
2212
2211
2214
2215
2214
2216
2218
2217
2219
2219
2220
2223
2224
2225
2226
2225
2227
2227
2228
2229
2230
2232
2234
2234
2234
2236
2238
2239
2240
2239
2242
2243
2243
2244
2246
2246
2248
2248
2250
2250
2252
2253
2252
2254
2256
2256
2258
2258
2259
2259
2262
2262
2263
2265
2264
2267
2267
2267
2268
2269
2271
2273
2272
2273
2274
2277
2278
2277
2279
2281
2281
2282
2284
2283
2286
2287
2288
2289
2289
2289
2292
2292
2294
2295
2294
2297
2297
2298
2299
2300
2302
2301
2302
2303
2304
2306
2306
2309
2309
2310
2312
2312
2314
2315
2316
2315
2317
2318
2320
2319
2322
2323
2323
2324
2325
2327
2328
2327
2329
2329
2330
2332
2332
2333
2335
2336
2338
2338
2340
2340
2341
2342
2342
2343
2344
2347
2346
2347
2349
2350
2350
2351
2353
2353
2354
2355
2358
2359
2358
2361
2362
2361
2362
2363
2366
2365
2367
2369
2370
2369
2370
2371
2374
2375
2376
2375
2377
2379
2379
2380
2381
2381
2384
2385
2384
2387
2388
2387
2389
2389
2392
2392
2393
2394
2396
2395
2398
2398
2398
2400
2402
2402
2402
2405
2404
2407
2407
2409
2410
2411
2411
2412
2414
2414
2414
2415
2416
2418
2419
2419
2422
2422
2423
2423
2424
2427
2428
2429
2428
2431
2432
2431
2433
2435
2434
2437
2438
2438
2438
2440
2441
2442
2442
2444
2446
2446
2447
2448
2448
2449
2451
2453
2452
2453
2456
2455
2458
2459
2459
2459
2460
2461
2463
2464
2464
2467
2468
2469
2468
2471
2471
2473
2472
2475
2474
2476
2477
2477
2480
2480
2481
2482
2482
2484
2485
2485
2486
2489
2488
2490
2492
2492
2494
2494
2496
2495
2496
2498
2500
2500
2501
2502
2503
2505
2504
2507
2507
2508
2510
2509
2510
2513
2513
2514
2514
2515
2518
2517
2520
2519
2522
2523
2523
2524
2525
2526
2527
2529
2529
2530
2530
2533
2532
2535
2536
2536
2538
2537
2539
2541
2541
2542
2543
2545
2544
2547
2547
2547
2548
2549
2550
2552
2552
2554
2554
2557
2558
2559
2560
2559
2561
2561
2563
2565
2564
2565
2567
2569
2569
2571
2572
2571
2573
2574
2575
2577
2577
2579
2580
2581
2580
2583
2582
2584
2585
2586
2587
2589
2589
2589
2590
2591
2592
2594
2594
2596
2598
2598
2599
2600
2601
2602
2604
2603
2604
2605
2606
2608
2610
2609
2610
2611
2612
2615
2616
2617
2616
2618
2620
2621
2622
2621
2624
2625
2625
2627
2628
2628
2629
2629
2630
2631
2633
2633
2635
2636
2636
2639
2638
2640
2642
2643
2644
2643
2645
2647
2647
2649
2648
2649
2651
2653
2652
2654
2656
2655
2658
2659
2660
2660
2660
2661
2664
2665
2665
2666
2668
2669
2669
2671
2670
2671
2674
2673
2676
2675
2678
2677
2678
2679
2681
2683
2682
2685
2685
2685
2686
2687
2688
2691
2691
2691
2692
2694
2695
2696
2696
2697
2699
2700
2700
2703
2702
2703
2704
2707
2707
2707
2708
2711
2711
2713
2713
2714
2715
2715
2718
2719
2719
2719
2722
2721
2723
2723
2726
2727
2728
2727
2730
2729
2731
2732
2732
2734
2735
2735
2737
2739
2739
2741
2742
2741
2744
2745
2746
2746
2748
2747
2749
2750
2751
2752
2754
2755
2755
2757
2756
2758
2760
2759
2762
2763
2763
2763
2764
2767
2766
2767
2768
2771
2772
2773
2772
2775
2776
2776
2777
2779
2779
2779
2781
2781
2784
2784
2786
2785
2786
2787
2790
2789
2791
2793
2794
2795
2796
2795
2796
2798
2799
2799
2801
2803
2802
2805
2805
2805
2807
2807
2808
2811
2810
2812
2812
2815
2816
2815
2817
2817
2819
2820
2821
2823
2822
2824
2826
2825
2828
2829
2830
2830
2830
2831
2832
2834
2834
2837
2838
2838
2838
2841
2841
2843
2842
2844
2845
2845
2848
2847
2849
2850
2852
2851
2852
2853
2855
2855
2857
2858
2858
2859
2860
2862
2862
2864
2866
2867
2867
2868
2868
2871
2871
2871
2873
2874
2875
2875
2878
2878
2879
2880
2882
2881
2884
2883
2885
2885
2888
2887
2888
2891
2890
2891
2893
2895
2895
2896
2897
2897
2898
2901
2900
2903
2904
2904
2905
2907
2908
2909
2908
2910
2910
2912
2912
2915
2916
2916
2916
2918
2920
2919
2921
2921
2923
2923
2926
2926
2928
2928
2930
2929
2932
2933
2934
2934
2935
2937
2937
2937
2939
2939
2942
2943
2944
2943
2946
2946
2947
2949
2948
2950
2950
2953
2952
2955
2956
2957
2956
2959
2960
2961
2960
2962
2963
2963
2964
2967
2966
2967
2969
2970
2970
2972
2972
2975
2975
2975
2976
2977
2978
2980
2982
2982
2984
2985
2984
2987
2988
2988
2990
2991
2990
2993
2993
2993
2994
2995
2998
2998
2998
3000
3000
3001
3004
3005
3004
3006
3008
3008
3010
3011
3010
3013
3012
3015
3016
3017
3018
3019
3018
3020
3020
3022
3023
3024
3025
3027
3027
3028
3029
3031
3030
3032
3034
3034
3034
3035
3038
3037
3040
3041
3040
3043
3043
3044
3046
3046
3047
3048
3050
3050
3051
3053
3054
3055
3054
3056
3058
3057
3058
3059
3062
3062
3064
3063
3066
3065
3066
3067
3068
3071
3072
3072
3074
3075
3074
3077
3076
3079
3080
3081
3080
3081
3084
3083
3084
3085
3088
3087
3089
3089
3091
3091
3092
3094
3095
3097
3098
3097
3100
3099
3102
3101
3104
3103
3106
3105
3106
3107
3110
3111
3111
3111
3112
3113
3115
3116
3117
3118
3119
3121
3120
3123
3123
3123
3125
3125
3128
3128
3128
3129
3131
3132
3133
3134
3135
3136
3137
3138
3139
3141
3142
3141
3144
3145
3146
3145
3146
3148
3148
3151
3152
3151
3152
3154
3155
3157
3157
3158
3158
3159
3161
3162
3163
3163
3164
3165
3167
3167
3170
3170
3172
3172
3174
3174
3176
3176
3176
3179
3179
3179
3182
3181
3183
3183
3185
3187
3188
3189
3188
3191
3192
3191
3193
3194
3194
3197
3197
3197
3200
3201
3201
3202
3202
3203
3204
3207
3206
3207
3208
3210
3211
3211
3214
3213
3214
3215
3218
3219
3218
3220
3221
3222
3224
3225
3226
3225
3228
3229
3228
3230
3231
3233
3232
3235
3234
3237
3236
3238
3240
3239
3240
3243
3242
3245
3246
3246
3248
3247
3248
3249
3251
3253
3253
3254
3256
3257
3257
3259
3260
3259
3261
3262
3264
3263
3264
3265
3268
3268
3269
3271
3271
3272
3273
3275
3274
3276
3277
3277
3279
3281
3281
3281
3283
3283
3285
3287
3286
3289
3290
3291
3290
3292
3293
3293
3295
3297
3296
3298
3298
3299
3301
3301
3303
3303
3304
3305
3307
3309
3309
3309
3311
3311
3312
3314
3316
3316
3316
3319
3320
3319
3320
3323
3323
3324
3324
3326
3327
3328
3330
3329
3332
3332
3333
3333
3336
3336
3337
3338
3339
3339
3342
3342
3343
3345
3346
3345
3348
3347
3348
3351
3350
3352
3354
3354
3356
3355
3356
3359
3360
3359
3362
3362
3363
3364
3366
3366
3366
3369
3368
3371
3370
3371
3372
3374
3376
3375
3378
3379
3378
3379
3382
3382
3383
3383
3384
3386
3386
3388
3388
3389
3391
3391
3394
3393
3396
3396
3396
3397
3399
3399
3402
3402
3402
3403
3404
3405
3406
3407
3409
3409
3410
3412
3414
3415
3415
3417
3416
3419
3418
3421
3422
3423
3422
3424
3425
3425
3427
3428
3429
3431
3431
3431
3434
3435
3434
3437
3436
3438
3440
3440
3441
3441
3442
3444
3446
3447
3446
3447
3450
3451
3452
3452
3453
3454
3455
3457
3458
3457
3458
3459
3460
3463
3462
3465
3466
3466
3467
3467
3470
3470
3472
3472
3473
3473
3476
3476
3476
3477
3480
3481
3482
3483
3483
3485
3484
3485
3488
3487
3488
3490
3490
3493
3492
3494
3495
3496
3498
3498
3500
3501
3500
3502
3503
3505
3504
3506
3507
3508
3510
3509
3511
3513
3513
3515
3516
3517
3517
3519
3518
3521
3520
3521
3523
3524
3526
3525
3528
3529
3529
3530
3530
3532
3533
3534
3535
3536
3537
3538
3538
3540
3542
3542
3542
3543
3545
3545
3546
3549
3550
3549
3552
3551
3553
3553
3555
3555
3557
3559
3559
3559
3560
3562
3564
3565
3564
3566
3567
3568
3568
3570
3572
3571
3574
3574
3574
3577
3577
3578
3579
3580
3582
3582
3583
3584
3584
3585
3588
3588
3590
3589
3592
3592
3594
3595
3594
3595
3597
3599
3600
3601
3601
3601
3604
3605
3605
3605
3607
3607
3610
3609
3612
3612
3614
3613
3616
3615
3617
3617
3619
3620
3620
3621
3624
3624
3624
3625
3628
3629
3628
3630
3631
3633
3633
3634
3635
3635
3637
3637
3638
3640
3640
3643
3642
3643
3644
3645
3646
3649
3648
3649
3651
3653
3653
3654
3654
3657
3657
3657
3660
3659
3661
3661
3664
3664
3666
3666
3667
3667
3670
3671
3672
3671
3674
3673
3675
3675
3677
3679
3680
3679
3682
3682
3682
3685
3686
3686
3687
3688
3689
3689
3691
3693
3693
3694
3695
3696
3696
3697
3699
3701
3700
3702
3702
3705
3706
3707
3706
3708
3710
3709
3712
3711
3713
3715
3716
3716
3716
3718
3718
3720
3722
3723
3723
3724
3725
3725
3728
3728
3729
3729
3732
3733
3732
3733
3736
3735
3736
3737
3739
3741
3740
3742
3744
3743
3744
3747
3747
3747
3748
3750
3751
3753
3754
3754
3754
3755
3757
3757
3760
3759
3761
3763
3764
3765
3766
3767
3768
3769
3770
3771
3770
3772
3772
3775
3775
3776
3776
3779
3780
3780
3782
3783
3783
3784
3784
3787
3788
3789
3788
3791
3790
3793
3794
3795
3796
3796
3798
3798
3800
3801
3801
3803
3802
3805
3806
3807
3807
3809
3809
3809
3811
3812
3814
3813
3814
3815
3816
3819
3820
3820
3822
3823
3823
3824
3826
3825
3826
3829
3828
3829
3832
3833
3834
3833
3835
3835
3838
3837
3838
3840
3842
3842
3843
3845
3846
3846
3846
3848
3850
3849
3850
3853
3853
3855
3854
3856
3856
3858
3859
3860
3860
3862
3863
3865
3865
3867
3866
3867
3869
3870
3870
3871
3872
3874
3876
3875
3876
3877
3880
3881
3882
3883
3883
3883
3885
3887
3888
3887
3890
3890
3891
3893
3894
3895
3896
3897
3896
3897
3898
3900
3901
3901
3904
3904
3906
3907
3908
3907
3908
3911
3910
3913
3914
3915
3914
3916
3918
3919
3919
3920
3921
3921
3923
3925
3924
3926
3927
3927
3929
3930
3931
3931
3932
3934
3936
3935
3937
3937
3939
3940
3942
3943
3943
3945
3946
3946
3947
3948
3948
3949
3951
3951
3953
3955
3956
3957
3957
3957
3960
3961
3962
3963
3962
3963
3964
3965
3967
3968
3969
3971
3970
3972
3974
3974
3975
3976
3976
3977
3979
3980
3981
3981
3984
3983
3986
3986
3986
3988
3990
3991
3991
3993
3994
3995
3994
3996
3996
3999
3998
4001
4002
4002
4002
4005
4004
4007
4007
4008
4010
4011
4010
4012
4014
4015
4016
4015
4017
4019
4020
4020
4022
4021
4022
4023
4024
4026
4027
4028
4028
4031
4031
4031
4033
4035
4034
4037
4038
4038
4039
4041
4042
4043
4043
4044
4046
4045
4048
4047
4048
4050
4051
4053
4052
4054
4056
4055
4056
4058
4058
4060
4061
4062
4064
4065
4065
4067
4068
4068
4069
4069
4071
4072
4074
4075
4074
4076
4076
4077
4080
4080
4082
4081
4082
4085
4084
4086
4087
4088
4088
4090
4090
4092
4092
4093
4096
4097
4098
4098
4099
4100
4100
4103
4104
4103
4106
4105
4106
4107
4108
4111
4111
4113
4113
4114
4114
4117
4116
4118
4119
4120
4120
4122
4122
4123
4125
4127
4126
4128
4130
4131
4130
4133
4133
4133
4134
4136
4137
4137
4139
4140
4140
4143
4143
4145
4146
4146
4147
4149
4148
4151
4151
4151
4152
4155
4156
4157
4158
4159
4159
4160
4162
4163
4163
4164
4166
4167
4166
4167
4170
4170
4172
4171
4173
4175
4176
4175
4177
4177
4178
4181
4180
4183
4182
4185
4186
4187
4188
4188
4190
4189
4190
4193
4192
4195
4195
4195
4197
4198
4199
4201
4201
4203
4204
4203
4206
4207
4207
4207
4208
4210
4210
4213
4213
4214
4215
4215
4216
4217
4220
4219
4221
4221
4222
4224
4226
4227
4228
4229
4229
4230
4231
4233
4233
4234
4234
4235
4237
4238
4239
4241
4241
4243
4244
4243
4244
4245
4247
4248
4248
4250
4250
4253
4254
4253
4254
4257
4258
4257
4260
4261
4262
4261
4264
4264
4266
4265
4267
4267
4270
4269
4270
4271
4274
4275
4275
4275
4276
4277
4278
4280
4282
4281
4282
4285
4284
4287
4287
4288
4290
4290
4290
4293
4294
4295
4295
4297
4296
4299
4299
4299
4300
4302
4303
4303
4306
4305
4307
4307
4309
4310
4312
4311
4313
4313
4316
4315
4318
4319
4319
4321
4320
4323
4324
4323
4326
4325
4326
4328
4328
4330
4331
4332
4332
4333
4336
4335
4338
4337
4340
4339
4340
4342
4344
4345
4345
4346
4348
4349
4349
4350
4351
4353
4353
4354
4354
4356
4358
4358
4358
4359
4360
4363
4363
4364
4366
4365
4368
4368
4368
4370
4370
4372
4372
4375
4375
4377
4377
4377
4379
4379
4380
4382
4384
4384
4384
4385
4386
4389
4389
4389
4392
4393
4394
4393
4395
4395
4397
4398
4400
4399
4400
4403
4403
4404
4406
4407
4406
4408
4409
4409
4412
4413
4414
4415
4414
4417
4416
4419
4419
4421
4422
4423
4422
4423
4424
4426
4426
4429
4430
4431
4430
4431
4434
4434
4435
4436
4438
4438
4438
4440
4442
4443
4442
4444
4444
4445
4446
4448
4450
4449
4450
4451
4452
4454
4454
4455
4458
4457
4458
4461
4462
4461
4464
4465
4464
4466
4467
4469
4469
4471
4470
4471
4474
4473
4476
4477
4477
4477
4479
4480
4481
4482
4483
4484
4485
4487
4486
4487
4490
4489
4491
4493
4494
4494
4496
4497
4496
4498
4499
4500
4500
4503
4503
4503
4506
4506
4506
4507
4508
4510
4512
4512
4513
4514
4515
4517
4516
4519
4518
4519
4520
4522
4522
4525
4524
4527
4528
4527
4529
4529
4531
4532
4534
4533
4534
4537
4536
4537
4538
4539
4542
4541
4544
4544
4546
4546
4546
4549
4548
4549
4550
4553
4552
4554
4555
4555
4557
4559
4559
4561
4562
4561
4563
4563
4565
4566
4566
4568
4570
4570
4571
4573
4574
4575
4575
4576
4576
4578
4579
4581
4582
4583
4583
4585
4584
4585
4586
4588
4590
4591
4591
4591
4592
4593
4595
4597
4597
4598
4598
4600
4600
4601
4603
4603
4606
4607
4607
4609
4609
4609
4611
4613
4612
4613
4616
4616
4617
4618
4619
4619
4620
4623
4622
4625
4626
4626
4627
4629
4629
4631
4631
4632
4634
4634
4635
4637
4637
4637
4638
4640
4641
4643
4642
4645
4644
4645
4647
4648
4649
4649
4652
4651
4654
4654
4656
4655
4658
4658
4658
4659
4660
4663
4664
4664
4665
4666
4666
4667
4670
4670
4672
4673
4673
4673
4675
4676
4676
4677
4678
4679
4680
4681
4683
4683
4685
4686
4687
4688
4690
4691
4692
4693
4693
4693
4695
4695
4698
4697
4699
4701
4701
4702
4703
4705
4705
4707
4707
4709
4709
4711
4712
4712
4712
4714
4716
4716
4718
4717
4718
4720
4720
4721
4724
4725
4725
4725
4726
4727
4728
4731
4732
4733
4732
4734
4736
4736
4738
4738
4739
4739
4741
4742
4744
4744
4744
4747
4747
4747
4748
4750
4751
4752
4754
4754
4755
4755
4758
4759
4760
4759
4761
4763
4764
4765
4765
4765
4766
4768
4770
4771
4771
4771
4772
4773
4774
4777
4776
4778
4780
4780
4782
4782
4782
4783
4784
4786
4787
4789
4789
4789
4792
4793
4792
4793
4795
4797
4796
4799
4798
4801
4801
4803
4802
4803
4804
4805
4808
4808
4809
4811
4810
4813
4812
4813
4816
4815
4818
4817
4820
4819
4822
4821
4824
4825
4824
4826
4828
4828
4829
4831
4831
4831
4833
4834
4835
4837
4838
4838
4838
4839
4840
4841
4842
4844
4844
4847
4847
4849
4849
4851
4852
4852
4854
4855
4855
4855
4857
4857
4860
4861
4862
4861
4863
4864
4865
4867
4867
4868
4869
4871
4870
4872
4874
4873
4874
4876
4877
4879
4879
4881
4882
4883
4882
4885
4885
4887
4886
4888
4890
4891
4891
4893
4892
4895
4895
4896
4898
4899
4899
4899
4901
4902
4903
4905
4905
4907
4907
4909
4910
4911
4912
4912
4913
4913
4915
4916
4918
4918
4920
4920
4920
4921
4923
4924
4924
4927
4926
4927
4930
4930
4930
4932
4934
4935
4934
4937
4938
4938
4939
4941
4942
4943
4943
4943
4946
4947
4948
4947
4948
4951
4951
4952
4952
4954
4956
4956
4956
4957
4959
4959
4962
4963
4964
4965
4965
4965
4968
4968
4968
4969
4971
4973
4972
4973
4974
4975
4978
4977
4979
4979
4982
4983
4984
4983
4984
4985
4988
4989
4989
4990
4992
4991
4992
4995
4994
4997
4996
4999
4999
4999
5001
5003
5002
5004
5006
5005
5008
5007
5009
5009
5011
5012
5013
5013
5016
5017
5016
5019
5020
5021
5020
5023
5022
5024
5025
5026
5027
5029
5029
5029
5032
5031
5032
5035
5036
5036
5037
5039
5039
5041
5040
5043
5043
5045
5044
5046
5048
5049
5049
5051
5051
5052
5053
5054
5054
5056
5056
5059
5058
5061
5060
5061
5062
5064
5064
5067
5066
5069
5069
5070
5070
5071
5073
5074
5076
5076
5076
5079
5078
5080
5082
5083
5083
5084
5085
5086
5088
5089
5090
5089
5092
5093
5093
5095
5095
5097
5098
5098
5098
5100
5100
5101
5103
5104
5105
5107
5106
5109
5110
5110
5111
5113
5112
5115
5115
5117
5118
5118
5120
5120
5122
5123
5123
5123
5125
5126
5127
5127
5128
5130
5132
5132
5134
5134
5134
5136
5136
5137
5138
5140
5142
5143
5142
5143
5146
5147
5146
5148
5149
5149
5150
5151
5154
5155
5156
5156
5157
5157
5160
5160
5162
5163
5164
5165
5164
5165
5166
5169
5169
5171
5170
5172
5174
5174
5176
5176
5177
5179
5178
5181
5180
5181
5182
5183
5184
5187
5188
5188
5188
5191
5190
5191
5193
5193
5196
5197
5197
5198
5199
5199
5200
5203
5204
5205
5206
5206
5206
5207
5210
5210
5210
5211
5212
5214
5215
5215
5218
5217
5220
5221
5222
5221
5223
5224
5225
5226
5226
5227
5230
5229
5231
5231
5232
5234
5236
5237
5237
5238
5238
5239
5240
5242
5243
5243
5244
5247
5247
5249
5248
5250
5252
5251
5254
5253
5255
5256
5256
5259
5260
5259
5262
5261
5263
5265
5266
5266
5266
5267
5268
5269
5271
5272
5274
5273
5276
5275
5276
5277
5278
5279
5282
5283
5283
5285
5285
5285
5287
5288
5290
5289
5291
5293
5294
5293
5294
5297
5298
5297
5298
5301
5301
5303
5303
5304
5306
5306
5307
5309
5310
5310
5311
5313
5314
5313
5316
5316
5316
5318
5320
5320
5322
5322
5322
5325
5324
5326
5327
5329
5329
5330
5332
5332
5333
5334
5336
5335
5338
5338
5339
5341
5340
5341
5344
5343
5344
5347
5347
5348
5348
5350
5352
5351
5353
5354
5356
5356
5358
5358
5358
5361
5360
5361
5362
5364
5365
5365
5368
5368
5370
5370
5371
5372
5373
5373
5375
5377
5376
5377
5378
5380
5382
5382
5384
5383
5386
5387
5387
5389
5388
5391
5392
5393
5392
5395
5394
5397
5397
5397
5399
5399
5401
5401
5403
5403
5405
5405
5408
5409
5409
5409
5411
5411
5413
5413
5415
5416
5416
5417
5418
5421
5420
5421
5423
5424
5424
5426
5426
5429
5428
5431
5430
5432
5432
5434
5434
5437
5438
5439
5439
5440
5440
5441
5444
5445
5445
5446
5446
5449
5449
5451
5451
5453
5452
5453
5455
5456
5457
5457
5459
5461
5462
5463
5463
5463
5465
5467
5466
5468
5469
5471
5472
5471
5474
5475
5476
5475
5477
5478
5478
5480
5481
5483
5483
5485
5486
5485
5486
5489
5488
5491
5491
5491
5493
5493
5494
5495
5498
5498
5500
5501
5500
5503
5504
5503
5504
5506
5508
5508
5508
5511
5512
5512
5514
5514
5514
5516
5518
5519
5518
5521
5522
5523
5524
5524
5524
5526
5528
5527
5530
5531
5532
5532
5534
5534
5535
5537
5536
5537
5540
5541
5541
5543
5542
5543
5544
5547
5548
5549
5550
5550
5552
5552
5553
5555
5554
5556
5557
5557
5559
5560
5560
5561
5564
5563
5566
5567
5566
5568
5568
5571
5570
5572
5574
5574
5575
5575
5577
5578
5579
5579
5582
5581
5582
5583
5584
5585
5588
5588
5590
5590
5590
5593
5594
5593
5594
5597
5598
5598
5598
5599
5601
5602
5604
5604
5606
5606
5608
5608
5608
5609
5612
5611
5613
5615
5615
5617
5617
5617
5619
5620
5622
5623
5622
5625
5624
5626
5628
5627
5630
5629
5631
5632
5633
5634
5634
5636
5636
5639
5640
5640
5640
5641
5644
5645
5644
5645
5647
5648
5649
5650
5652
5653
5652
5654
5655
5656
5658
5658
5658
5661
5661
5663
5662
5663
5665
5665
5667
5668
5668
5671
5670
5672
5672
5675
5675
5675
5676
5677
5678
5681
5681
5681
5684
5683
5685
5685
5687
5688
5690
5691
5690
5692
5694
5695
5695
5695
5696
5697
5700
5701
5700
5701
5702
5703
5704
5707
5708
5707
5708
5711
5710
5713
5714
5715
5716
5717
5716
5718
5718
5721
5721
5723
5722
5723
5725
5727
5727
5728
5729
5730
5730
5733
5733
5735
5734
5736
5737
5737
5738
5741
5742
5742
5744
5745
5745
5746
5747
5749
5748
5749
5750
5753
5754
5754
5756
5755
5757
5758
5760
5759
5762
5762
5764
5765
5764
5765
5767
5769
5768
5771
5772
5771
5773
5775
5774
5775
5776
5779
5780
5781
5782
5783
5783
5784
5785
5786
5788
5787
5788
5791
5790
5791
5792
5795
5794
5796
5796
5799
5799
5800
5801
5802
5804
5805
5804
5805
5806
5809
5810
5809
5811
5811
5812
5813
5816
5816
5818
5819
5820
5819
5822
5823
5823
5825
5824
5826
5827
5828
5829
5829
5832
5832
5832
5834
5835
5835
5838
5839
5838
5841
5842
5843
5842
5845
5846
5847
5848
5849
5850
5851
5852
5852
5854
5854
5855
5855
5857
5859
5859
5859
5861
5862
5863
5864
5865
5865
5868
5867
5870
5870
5870
5873
5872
5873
5876
5876
5877
5879
5879
5879
5882
5881
5884
5885
5884
5885
5888
5889
5889
5890
5892
5893
5894
5895
5895
5895
5898
5898
5900
5901
5902
5903
5904
5903
5904
5906
5908
5909
5909
5909
5912
5911
5913
5914
5916
5916
5918
5919
5919
5920
5920
5923
5923
5923
5925
5927
5928
5928
5929
5930
5930
5932
5932
5933
5936
5936
5937
5938
5938
5939
5942
5941
5943
5943
5946
5945
5946
5949
5948
5950
5950
5952
5952
5954
5956
5956
5957
5958
5958
5959
5960
5962
5963
5964
5965
5966
5966
5967
5968
5970
5971
5973
5973
5973
5976
5977
5976
5977
5979
5981
5982
5983
5982
5983
5984
5987
5986
5989
5989
5989
5990
5993
5994
5995
5995
5995
5996
5998
5999
6000
6002
6001
6002
6005
6004
6005
6007
6008
6010
6009
6011
6012
6014
6015
6016
6016
6018
6019
6019
6020
6020
6022
6022
6023
6024
6027
6026
6028
6029
6029
6032
6032
6033
6033
6035
6037
6037
6037
6038
6039
6040
6041
6044
6044
6046
6047
6046
6048
6050
6050
6050
6053
6052
6055
6056
6056
6057
6058
6060
6059
6062
6063
6064
6063
6064
6066
6068
6069
6069
6069
6071
6073
6072
6074
6075
6075
6076
6078
6080
6079
6080
6083
6082
6083
6086
6086
6087
6088
6088
6089
6092
6093
6092
6094
6094
6096
6098
6097
6099
6100
6100
6103
6103
6105
6104
6105
6108
6109
6110
6110
6110
6111
6114
6114
6114
6117
6116
6117
6118
6120
6120
6121
6123
6125
6125
6126
6126
6128
6129
6131
6130
6131
6133
6133
6136
6135
6137
6138
6138
6139
6141
6142
6142
6144
6144
6147
6146
6148
6150
6151
6152
6151
6154
6154
6154
6157
6156
6158
6158
6161
6160
6163
6162
6163
6166
6167
6167
6167
6169
6171
6170
6171
6173
6175
6175
6176
6178
6177
6178
6180
6180
6181
6184
6185
6186
6185
6187
6189
6190
6189
6192
6191
6194
6193
6195
6197
6198
6197
6200
6201
6202
6201
6204
6203
6206
6207
6206
6209
6208
6209
6211
6211
6213
6214
6214
6215
6218
6219
6219
6221
6220
6222
6224
6225
6224
6226
6227
6229
6230
6230
6232
6233
6233
6233
6234
6237
6236
6238
6239
6240
6242
6242
6243
6243
6246
6246
6248
6249
6249
6250
6251
6252
6252
6254
6255
6255
6258
6257
6259
6261
6261
6261
6264
6264
6265
6265
6266
6268
6270
6271
6272
6273
6272
6274
6274
6275
6276
6279
6278
6281
6281
6282
6283
6285
6284
6287
6288
6287
6288
6290
6290
6293
6294
6293
6294
6296
6298
6297
6299
6300
6301
6302
6303
6305
6304
6306
6306
6308
6310
6309
6310
6311
6312
6315
6316
6316
6318
6317
6319
6319
6322
6321
6324
6325
6324
6326
6327
6327
6330
6331
6331
6331
6332
6333
6334
6336
6338
6338
6340
6340
6342
6342
6343
6343
6344
6347
6347
6347
6348
6350
6351
6353
6353
6355
6356
6357
6356
6358
6358
6361
6360
6363
6363
6364
6364
6367
6366
6367
6369
6371
6371
6371
6373
6373
6375
6377
6376
6377
6380
6380
6381
6382
6384
6383
6384
6386
6387
6388
6388
6391
6390
6391
6393
6394
6396
6397
6397
6399
6400
6401
6400
6402
6402
6404
6406
6407
6406
6407
6410
6410
6412
6413
6412
6414
6416
6415
6416
6418
6419
6419
6420
6423
6423
6425
6426
6425
6428
6427
6429
6431
6430
6432
6433
6434
6434
6435
6436
6439
6440
6439
6440
6442
6442
6443
6444
6446
6447
6447
6450
6449
6450
6451
6452
6455
6454
6457
6458
6459
6458
6459
6462
6462
6464
6464
6466
6466
6468
6467
6468
6471
6470
6472
6472
6475
6476
6475
6476
6478
6479
6481
6481
6483
6482
6485
6485
6485
6488
6489
6489
6489
6490
6492
6493
6493
6494
6496
6497
6498
6499
6501
6500
6503
6502
6505
6505
6507
6508
6508
6508
6511
6511
6513
6513
6515
6515
6516
6516
6518
6518
6521
6521
6522
6522
6523
6525
6526
6528
6527
6530
6529
6530
6533
6532
6533
6535
6536
6538
6539
6538
6539
6542
6543
6544
6544
6545
6546
6548
6549
6548
6549
6551
6551
6554
6555
6554
6556
6557
6557
6558
6559
6561
6561
6562
6564
6565
6565
6566
6568
6568
6570
6572
6573
6573
6574
6574
6575
6576
6578
6579
6581
6581
6583
6584
6583
6586
6587
6588
6588
6588
6591
6591
6593
6594
6593
6595
6596
6596
6599
6598
6600
6601
6601
6602
6605
6606
6606
6607
6608
6610
6611
6610
6612
6614
6615
6615
6617
6618
6618
6618
6620
6621
6621
6623
6625
6625
6627
6626
6629
6628
6630
6630
6632
6633
6633
6636
6637
6638
6637
6638
6641
6642
6641
6642
6644
6644
6647
6647
6649
6650
6649
6650
6651
6652
6654
6654
6656
6658
6658
6659
6661
6660
6662
6662
6663
6666
6667
6668
6668
6668
6671
6670
6671
6672
6674
6676
6675
6678
6678
6680
6680
6681
6682
6684
6685
6686
6685
6687
6689
6690
6691
6691
6693
6692
6695
6694
6695
6698
6699
6700
6700
6702
6701
6703
6705
6704
6706
6706
6709
6708
6710
6711
6712
6714
6714
6716
6717
6717
6717
6720
6720
6720
6721
6724
6724
6724
6727
6728
6728
6728
6731
6732
6733
6734
6733
6734
6735
6738
6737
6740
6739
6741
6742
6744
6744
6744
6746
6747
6749
6750
6749
6751
6751
6753
6754
6756
6755
6756
6758
6759
6759
6760
6762
6763
6764
6766
6766
6767
6769
6769
6771
6772
6772
6772
6773
6776
6775
6777
6778
6779
6780
6782
6783
6783
6784
6785
6786
6788
6788
6788
6790
6790
6793
6794
6795
6794
6797
6796
6799
6800
6801
6801
6803
6803
6803
6806
6807
6807
6809
6808
6811
6810
6811
6814
6813
6816
6815
6818
6818
6818
6821
6822
6822
6824
6825
6824
6825
6828
6827
6828
6830
6830
6833
6834
6835
6834
6837
6837
6839
6839
6841
6841
6841
6844
6845
6844
6847
6848
6847
6849
6849
6850
6852
6853
6853
6854
6856
6856
6857
6860
6860
6862
6862
6864
6865
6865
6867
6868
6867
6869
6870
6872
6872
6873
6873
6875
6877
6878
6877
6880
6881
6882
6881
6882
6883
6884
6887
6886
6888
6888
6889
6891
6891
6894
6893
6894
6895
6898
6897
6898
6901
6901
6902
6903
6904
6905
6907
6906
6908
6908
6910
6910
6913
6913
6915
6915
6917
6917
6919
6919
6921
6922
6923
6924
6923
6924
6925
6926
6928
6929
6931
6931
6931
6932
6935
6936
6936
6938
6937
6938
6939
6941
6942
6943
6943
6945
6945
6946
6949
6950
6949
6952
6953
6952
6955
6956
6956
6956
6958
6960
6960
6960
6961
6964
6963
6964
6967
6967
6967
6968
6971
6970
6973
6972
6975
6975
6976
6978
6979
6979
6981
6982
6982
6984
6984
6985
6987
6988
6988
6988
6990
6990
6991
6994
6993
6994
6995
6998
6999
6998
6999
7002
7002
7002
7003
7005
7007
7006
7008
7009
7010
7011
7013
7013
7014
7014
7017
7016
7019
7018
7020
7021
7021
7023
7024
7025
7025
7027
7029
7030
7030
7032
7033
7032
7033
7034
7036
7038
7037
7039
7041
7042
7043
7043
7043
7045
7047
7048
7048
7050
7049
7052
7052
7054
7055
7056
7055
7058
7058
7058
7061
7060
7061
7064
7063
7064
7065
7066
7068
7069
7070
7070
7072
7073
7075
7076
7077
7077
7079
7079
7080
7081
7082
7084
7084
7085
7087
7088
7088
7088
7089
7090
7091
7092
7093
7095
7096
7096
7098
7100
7101
7100
7103
7103
7104
7106
7106
7107
7108
7109
7109
7112
7113
7114
7115
7114
7115
7117
7117
7120
7121
7120
7123
7122
7124
7124
7127
7128
7128
7128
7131
7131
7132
7134
7135
7134
7135
7136
7139
7139
7140
7140
7143
7144
7143
7145
7145
7146
7148
7149
7149
7150
7153
7154
7154
7154
7155
7157
7158
7160
7160
7161
7162
7162
7163
7165
7166
7167
7169
7169
7169
7171
7172
7172
7173
7175
7176
7178
7179
7178
7179
7182
7183
7182
7185
7185
7186
7186
7189
7190
7189
7190
7191
7193
7195
7196
7195
7196
7197
7200
7200
7201
7201
7202
7205
7206
7207
7208
7208
7209
7211
7211
7212
7213
7215
7214
7217
7218
7218
7220
7220
7221
7221
7222
7223
7224
7225
7226
7227
7228
7231
7232
7231
7233
7235
7236
7235
7237
7238
7239
7239
7242
7241
7243
7244
7245
7247
7248
7247
7249
7250
7252
7253
7254
7253
7255
7257
7256
7258
7260
7261
7262
7262
7262
7264
7265
7267
7267
7267
7270
7269
7270
7273
7272
7275
7274
7277
7278
7279
7278
7280
7281
7282
7282
7283
7285
7287
7286
7289
7289
7289
7292
7292
7292
7295
7296
7297
7298
7298
7298
7300
7301
7302
7303
7305
7306
7305
7308
7309
7310
7309
7310
7312
7313
7314
7314
7315
7317
7318
7318
7319
7321
7323
7323
7325
7325
7326
7328
7327
7328
7329
7330
7332
7333
7334
7335
7336
7337
7338
7338
7341
7342
7341
7342
7343
7346
7346
7347
7347
7350
7350
7350
7353
7352
7355
7355
7356
7357
7357
7358
7360
7360
7361
7364
7363
7366
7366
7367
7369
7368
7371
7371
7373
7372
7375
7374
7377
7378
7379
7380
7380
7380
7381
7382
7384
7386
7387
7386
7388
7388
7390
7392
7393
7394
7395
7396
7397
7397
7398
7400
7400
7400
7402
7403
7404
7405
7406
7407
7407
7408
7411
7412
7412
7414
7413
7414
7415
7416
7418
7419
7420
7420
7422
7422
7425
7425
7425
7428
7429
7429
7430
7431
7431
7434
7435
7436
7436
7437
7437
7439
7441
7442
7442
7442
7443
7444
7446
7447
7447
7449
7451
7451
7452
7453
7455
7455
7456
7458
7458
7458
7461
7460
7461
7464
7463
7466
7466
7468
7468
7470
7470
7471
7473
7472
7475
7474
7475
7478
7478
7479
7479
7481
7481
7484
7484
7484
7485
7488
7487
7490
7489
7492
7491
7492
7494
7494
7495
7496
7497
7500
7501
7501
7502
7504
7505
7506
7507
7506
7508
7509
7511
7512
7512
7512
7514
7516
7515
7517
7519
7518
7520
7522
7521
7524
7523
7526
7527
7527
7529
7530
7530
7530
7532
7532
7535
7535
7537
7536
7539
7539
7541
7541
7542
7542
7544
7546
7545
7548
7548
7550
7549
7550
7553
7553
7555
7554
7555
7557
7558
7559
7560
7560
7562
7563
7563
7565
7567
7566
7569
7569
7571
7572
7572
7572
7575
7576
7577
7576
7579
7580
7581
7580
7583
7584
7585
7586
7587
7586
7588
7589
7591
7591
7593
7593
7595
7594
7595
7598
7599
7600
7600
7601
7602
7604
7603
7606
7605
7606
7609
7608
7611
7612
7612
7614
7613
7614
7616
7618
7619
7620
7621
7621
7621
7624
7624
7624
7625
7627
7629
7630
7630
7631
7633
7633
7634
7636
7636
7637
7639
7638
7641
7640
7641
7642
7645
7644
7647
7646
7648
7650
7649
7651
7651
7654
7654
7655
7657
7657
7657
7660
7661
7660
7661
7664
7665
7665
7667
7666
7668
7670
7670
7671
7673
7673
7675
7675
7675
7678
7679
7680
7680
7680
7681
7682
7685
7686
7687
7687
7688
7688
7689
7690
7692
7693
7693
7694
7696
7698
7697
7698
7701
7701
7702
7703
7703
7705
7706
7707
7708
7708
7709
7712
7711
7713
7713
7714
7715
7716
7719
7718
7720
7720
7721
7724
7723
7726
7725
7728
7728
7728
7731
7731
7733
7733
7733
7734
7737
7738
7739
7739
7741
7740
7743
7743
7743
7746
7746
7747
7749
7749
7750
7750
7751
7752
7753
7754
7757
7756
7757
7758
7760
7760
7763
7763
7764
7764
7767
7767
7767
7770
7769
7772
7771
7774
7773
7774
7776
7776
7779
7780
7780
7780
7781
7784
7783
7785
7785
7786
7788
7788
7790
7791
7791
7793
7795
7796
7797
7798
7798
7800
7800
7802
7803
7804
7805
7805
7805
7807
7808
7810
7809
7810
7812
7813
7813
7816
7817
7816
7817
7819
7820
7822
7821
7824
7824
7824
7827
7826
7829
7829
7829
7832
7831
7832
7835
7836
7836
7838
7837
7840
7839
7842
7842
7844
7843
7845
7846
7846
7849
7849
7851
7851
7852
7852
7854
7856
7856
7857
7857
7859
7861
7861
7862
7864
7865
7864
7867
7866
7868
7868
7870
7871
7873
7872
7874
7876
7876
7878
7877
7878
7881
7880
7883
7882
7884
7885
7886
7886
7889
7889
7890
7891
7891
7892
7894
7894
7896
7897
7898
7900
7900
7902
7902
7903
7903
7906
7906
7907
7907
7910
7909
7912
7911
7912
7913
7915
7916
7917
7918
7919
7920
7920
7921
7924
7924
7925
7927
7926
7929
7928
7929
7930
7932
7934
7935
7935
7937
7937
7938
7940
7939
7941
7943
7942
7945
7945
7947
7947
7949
7949
7951
7951
7952
7954
7953
7954
7956
7956
7958
7958
7960
7961
7962
7964
7963
7965
7965
7967
7969
7969
7969
7970
7971
7973
7973
7974
7977
7978
7978
7980
7979
7980
7982
7984
7983
7986
7985
7987
7987
7989
7991
7991
7991
7993
7994
7995
7995
7998
7999
8000
8001
