16000
16001
16000
15998
15998
15998
15995
15996
15994
15993
15991
15991
15991
15990
15987
15988
15987
15986
15984
15984
15982
15981
15981
15979
15979
15977
15975
15974
15974
15972
15972
15972
15971
15968
15969
15966
15965
15966
15963
15963
15962
15960
15961
15958
15957
15956
15955
15954
15953
15954
15953
15950
15950
15950
15949
15946
15946
15944
15944
15944
15941
15942
15941
15938
15939
15937
15935
15936
15935
15933
15932
15931
15930
15929
15929
15928
15927
15926
15923
15923
15923
15922
15920
15919
15919
15916
15916
15914
15913
15912
15912
15911
15911
15909
15908
15908
15905
15904
15905
15904
15903
15900
15900
15899
15899
15896
15896
15896
15893
15893
15891
15890
15890
15890
15889
15887
15887
15886
15885
15882
15883
15881
15880
15878
15879
15876
15877
15874
15874
15874
15871
15870
15869
15870
15868
15867
15867
15864
15863
15862
15863
15861
15861
15858
15857
15857
15857
15854
15853
15854
15851
15850
15850
15850
15847
15847
15847
15844
15845
15843
15841
15842
15841
15840
15839
15838
15835
15836
15835
15833
15831
15831
15829
15830
15827
15827
15826
15824
15824
15824
15823
15822
15821
15820
15818
15816
15815
15816
15814
15814
15811
15812
15811
15809
15808
15808
15805
15805
15805
15804
15803
15802
15800
15798
15799
15798
15796
15795
15793
15792
15791
15790
15791
15789
15789
15788
15786
15784
15784
15782
15781
15782
15779
15778
15777
15777
15777
15774
15774
15773
15771
15771
15770
15768
15769
15767
15765
15764
15765
15762
15763
15761
15761
15759
15757
15758
15755
15756
15753
15754
15751
15750
15749
15749
15748
15746
15745
15745
15745
15744
15741
15740
15740
15740
15737
15737
15735
15736
15735
15733
15731
15731
15731
15730
15727
15728
15725
15725
15724
15723
15723
15722
15721
15720
15718
15717
15715
15716
15715
15714
15712
15710
15709
15708
15707
15707
15706
15704
15703
15703
15702
15701
15701
15699
15698
15696
15696
15696
15693
15693
15691
15692
15689
15688
15688
15686
15686
15685
15685
15683
15683
15681
15681
15678
15679
15678
15676
15675
15673
15672
15673
15672
15671
15668
15669
15667
15665
15664
15664
15662
15662
15661
15661
15658
15658
15657
15656
15654
15654
15652
15653
15650
15651
15650
15647
15648
15647
15646
15644
15642
15643
15640
15641
15640
15637
15637
15636
15636
15633
15634
15631
15632
15629
15629
15629
15626
15627
15624
15623
15622
15622
15620
15619
15620
15617
15617
15616
15614
15614
15614
15611
15611
15609
15608
15608
15607
15607
15606
15604
15602
15602
15602
15601
15600
15598
15596
15597
15594
15594
15593
15593
15591
15590
15588
15587
15588
15587
15585
15585
15583
15582
15580
15581
15580
15578
15576
15576
15575
15575
15572
15572
15571
15569
15568
15568
15567
15566
15565
15565
15562
15563
15562
15560
15560
15557
15557
15557
15554
15553
15554
15553
15551
15549
15549
15547
15547
15545
15546
15543
15544
15541
15541
15541
15538
15537
15536
15537
15535
15535
15533
15533
15532
15530
15529
15528
15528
15527
15525
15525
15522
15522
15521
15521
15520
15517
15517
15515
15514
15513
15514
15512
15511
15509
15508
15508
15507
15506
15504
15504
15502
15503
15500
15499
15498
15499
15498
15497
15496
15494
15494
15491
15492
15490
15488
15488
15488
15486
15484
15483
15484
15483
15481
15479
15478
15479
15478
15477
15474
15473
15472
15473
15472
15470
15470
15468
15467
15467
15465
15465
15463
15463
15462
15459
15458
15457
15456
15455
15456
15453
15454
15453
15450
15449
15448
15447
15446
15445
15444
15444
15442
15442
15440
15440
15439
15438
15436
15437
15435
15435
15433
15433
15431
15431
15430
15427
15426
15425
15425
15423
15423
15421
15422
15420
15420
15417
15416
15417
15414
15414
15413
15413
15411
15409
15409
15409
15407
15406
15406
15405
15402
15403
15401
15399
15399
15398
15396
15396
15396
15395
15394
15391
15390
15391
15388
15389
15386
15386
15386
15384
15384
15382
15381
15379
15379
15379
15378
15377
15375
15373
15374
15371
15372
15370
15368
15367
15367
15366
15366
15363
15362
15363
15361
15360
15360
15359
15357
15357
15354
15354
15353
15352
15350
15349
15349
15348
15346
15347
15346
15345
15344
15343
15342
15340
15339
15339
15338
15337
15335
15335
15332
15332
15331
15331
15328
15327
15328
15327
15324
15323
15323
15321
15321
15320
15319
15317
15316
15316
15314
15313
15313
15313
15310
15309
15309
15309
15306
15306
15305
15305
15302
15303
15301
15299
15299
15299
15296
15295
15295
15295
15294
15291
15290
15289
15289
15288
15286
15285
15284
15284
15282
15283
15280
15279
15278
15279
15278
15277
15274
15274
15273
15273
15270
15269
15270
15269
15266
15265
15264
15263
15264
15261
15260
15259
15259
15257
15258
15257
15254
15253
15253
15252
15250
15251
15248
15248
15246
15245
15244
15243
15244
15241
15240
15239
15239
15239
15236
15235
15234
15235
15233
15231
15232
15231
15229
15227
15228
15226
15224
15223
15223
15223
15222
15220
15219
15219
15217
15216
15216
15215
15212
15213
15212
15209
15208
15209
15207
15205
15204
15204
15204
15202
15202
15201
15198
15198
15196
15196
15194
15194
15193
15193
15190
15190
15189
15189
15186
15185
15185
15184
15184
15183
15181
15181
15179
15178
15178
15177
15174
15175
15173
15171
15171
15170
15168
15168
15166
15166
15166
15164
15164
15163
15160
15159
15158
15159
15156
15157
15156
15155
15153
15153
15152
15151
15150
15147
15148
15147
15144
15145
15143
15142
15142
15139
15138
15137
15137
15135
15136
15135
15134
15132
15132
15129
15130
15129
15128
15125
15126
15123
15122
15121
15122
15119
15118
15119
15117
15115
15115
15114
15114
15111
15110
15111
15108
15107
15106
15107
15106
15105
15104
15102
15102
15100
15099
15099
15098
15097
15094
15094
15094
15091
15090
15091
15089
15088
15087
15087
15085
15083
15082
15081
15080
15080
15080
15077
15077
15076
15074
15074
15072
15071
15070
15069
15070
15069
15066
15066
15065
15063
15062
15062
15061
15060
15058
15059
15058
15057
15056
15053
15054
15051
15050
15051
15049
15047
15046
15045
15045
15045
15044
15041
15040
15041
15039
15039
15038
15036
15035
15034
15034
15033
15030
15030
15028
15029
15027
15027
15025
15023
15022
15023
15020
15019
15020
15018
15017
15016
15016
15014
15012
15013
15012
15009
15009
15007
15008
15005
15004
15004
15004
15003
15000
15000
15000
14998
14996
14995
14995
14994
14994
14992
14991
14991
14990
14988
14988
14987
14986
14985
14982
14983
14981
14979
14978
14977
14976
14977
14975
14974
14974
14973
14971
14971
14968
14968
14968
14965
14965
14964
14964
14961
14960
14960
14959
14957
14958
14956
14956
14955
14953
14953
14951
14949
14948
14948
14946
14946
14945
14945
14944
14941
14942
14940
14939
14939
14936
14936
14934
14935
14934
14932
14930
14931
14928
14929
14926
14925
14925
14923
14924
14923
14920
14919
14920
14917
14918
14915
14916
14914
14912
14911
14912
14909
14910
14908
14906
14905
14906
14904
14902
14903
14900
14900
14900
14897
14898
14895
14894
14893
14893
14893
14890
14890
14888
14889
14886
14887
14884
14883
14884
14882
14881
14881
14879
14878
14876
14877
14876
14873
14874
14871
14872
14871
14869
14869
14866
14865
14864
14863
14864
14863
14860
14861
14859
14857
14858
14857
14855
14855
14853
14852
14851
14851
14848
14847
14847
14846
14846
14844
14843
14843
14841
14840
14840
14838
14838
14837
14836
14835
14834
14832
14832
14829
14828
14829
14828
14825
14825
14823
14822
14821
14821
14821
14818
14819
14818
14817
14814
14815
14813
14812
14810
14809
14808
14809
14807
14807
14805
14804
14802
14802
14802
14799
14800
14798
14798
14796
14796
14795
14794
14793
14792
14789
14790
14787
14786
14787
14784
14783
14782
14783
14782
14779
14780
14779
14778
14777
14774
14773
14772
14772
14772
14769
14769
14768
14768
14766
14766
14764
14763
14762
14762
14759
14760
14758
14758
14757
14755
14753
14752
14752
14752
14751
14750
14749
14746
14746
14745
14743
14744
14743
14741
14740
14739
14737
14736
14735
14736
14733
14732
14731
14730
14729
14730
14727
14727
14727
14725
14723
14724
14722
14722
14721
14719
14718
14718
14717
14714
14715
14714
14713
14712
14710
14710
14707
14708
14707
14706
14705
14702
14701
14700
14699
14698
14697
14697
14697
14696
14693
14692
14693
14691
14689
14689
14687
14686
14686
14686
14683
14682
14683
14681
14681
14679
14677
14677
14676
14674
14674
14673
14671
14671
14671
14670
14668
14666
14666
14665
14665
14663
14663
14662
14659
14658
14658
14657
14656
14654
14654
14653
14652
14651
14649
14649
14647
14646
14645
14646
14644
14643
14641
14642
14641
14639
14638
14637
14636
14634
14633
14633
14632
14630
14630
14629
14627
14626
14625
14626
14623
14624
14622
14622
14620
14620
14618
14617
14615
14616
14615
14614
14611
14612
14610
14608
14608
14606
14607
14606
14603
14604
14602
14602
14601
14598
14598
14596
14595
14596
14595
14594
14593
14591
14591
14588
14588
14586
14587
14585
14585
14583
14581
14580
14581
14579
14577
14576
14577
14574
14574
14572
14573
14572
14569
14568
14569
14568
14565
14565
14565
14563
14561
14562
14559
14558
14559
14557
14555
14556
14555
14552
14552
14550
14550
14549
14549
14548
14546
14546
14545
14542
14541
14542
14541
14539
14539
14536
14536
14534
14535
14533
14532
14532
14529
14529
14527
14526
14525
14524
14525
14524
14522
14521
14521
14518
14517
14518
14517
14514
14515
14513
14511
14510
14509
14508
14508
14506
14506
14504
14504
14502
14502
14500
14499
14500
14499
14496
14497
14496
14494
14492
14492
14490
14491
14490
14487
14486
14487
14486
14483
14483
14482
14480
14481
14480
14478
14478
14475
14474
14475
14473
14472
14472
14471
14469
14468
14467
14467
14466
14463
14462
14463
14460
14460
14459
14459
14457
14456
14455
14454
14454
14451
14452
14450
14450
14447
14448
14447
14444
14444
14444
14441
14442
14440
14440
14438
14436
14436
14435
14435
14434
14433
14431
14429
14429
14428
14428
14425
14424
14424
14423
14421
14422
14421
14419
14417
14418
14416
14416
14413
14414
14413
14410
14411
14408
14408
14407
14407
14406
14405
14403
14403
14402
14400
14398
14398
14398
14395
14396
14395
14392
14392
14392
14391
14388
14388
14386
14385
14384
14383
14384
14381
14382
14381
14378
14378
14376
14376
14375
14373
14374
14373
14371
14370
14368
14369
14366
14367
14364
14365
14362
14361
14361
14359
14359
14359
14358
14356
14355
14353
14354
14351
14351
14349
14348
14349
14348
14347
14345
14343
14344
14341
14342
14340
14338
14338
14336
14335
14335
14334
14333
14332
14332
14329
14330
14327
14328
14327
14324
14323
14322
14323
14321
14320
14320
14319
14316
14316
14315
14313
14313
14312
14310
14311
14308
14307
14306
14306
14306
14304
14304
14301
14301
14301
14298
14297
14296
14295
14294
14293
14294
14291
14290
14289
14290
14287
14286
14286
14286
14285
14283
14282
14281
14281
14279
14279
14276
14276
14274
14273
14273
14271
14271
14271
14268
14269
14266
14265
14264
14263
14263
14263
14261
14261
14259
14257
14258
14257
14256
14255
14254
14251
14252
14250
14248
14247
14246
14246
14244
14244
14244
14242
14242
14239
14238
14239
14236
14235
14235
14233
14233
14231
14231
14231
14230
14227
14226
14227
14226
14223
14222
14223
14220
14221
14218
14218
14216
14216
14214
14213
14212
14213
14211
14211
14208
14208
14206
14205
14206
14204
14204
14201
14202
14199
14200
14198
14196
14196
14195
14193
14193
14192
14190
14191
14189
14188
14187
14187
14184
14184
14184
14182
14182
14181
14179
14179
14177
14176
14174
14174
14172
14173
14172
14171
14168
14167
14167
14166
14165
14164
14163
14163
14162
14161
14160
14159
14157
14155
14155
14155
14152
14152
14151
14151
14149
14149
14147
14145
14146
14145
14144
14141
14142
14140
14139
14137
14137
14137
14135
14133
14132
14132
14132
14130
14128
14127
14126
14127
14125
14125
14124
14122
14121
14119
14119
14117
14117
14116
14115
14114
14112
14111
14111
14110
14109
14109
14107
14106
14104
14104
14103
14102
14100
14101
14100
14098
14098
14095
14095
14093
14092
14092
14090
14091
14088
14088
14086
14086
14084
14084
14084
14083
14081
14080
14078
14077
14077
14077
14076
14075
14073
14073
14070
14070
14069
14068
14066
14066
14065
14065
14064
14063
14060
14061
14060
14058
14058
14057
14056
14055
14053
14053
14052
14049
14050
14047
14046
14045
14044
14044
14042
14043
14040
14039
14039
14039
14037
14037
14034
14034
14034
14031
14031
14029
14028
14027
14028
14025
14024
14024
14022
14023
14022
14019
14020
14018
14016
14015
14016
14014
14013
14013
14011
14011
14008
14007
14007
14005
14006
14005
14003
14002
14000
14001
13999
13997
13996
13995
13995
13994
13992
13992
13990
13989
13990
13989
13987
13986
13986
13983
13984
13983
13980
13980
13979
13977
13977
13975
13974
13974
13974
13973
13970
13969
13970
13969
13967
13965
13964
13965
13963
13962
13962
13961
13959
13958
13958
13955
13954
13953
13952
13951
13950
13950
13950
13948
13946
13947
13946
13944
13942
13941
13941
13940
13938
13937
13937
13937
13936
13935
13934
13932
13932
13930
13929
13927
13927
13926
13925
13924
13923
13923
13922
13920
13920
13917
13917
13917
13916
13913
13912
13913
13910
13910
13909
13909
13906
13905
13906
13903
13903
13902
13901
13899
13899
13897
13897
13897
13896
13895
13893
13892
13890
13891
13889
13889
13888
13887
13886
13884
13882
13883
13880
13881
13880
13877
13877
13875
13874
13873
13872
13872
13872
13870
13870
13867
13866
13866
13864
13865
13863
13863
13860
13860
13859
13859
13857
13855
13855
13853
13853
13853
13851
13851
13850
13847
13846
13845
13844
13845
13843
13842
13841
13839
13838
13838
13837
13835
13836
13834
13832
13831
13831
13830
13828
13829
13827
13827
13824
13823
13823
13823
13820
13821
13818
13819
13816
13815
13814
13814
13814
13812
13812
13811
13810
13807
13806
13806
13805
13803
13802
13802
13801
13801
13798
13799
13796
13797
13794
13793
13792
13792
13790
13790
13788
13787
13786
13786
13785
13784
13784
13783
13780
13780
13779
13779
13778
13777
13775
13773
13772
13773
13770
13770
13769
13768
13768
13766
13764
13765
13764
13762
13760
13759
13760
13758
13757
13755
13756
13753
13753
13752
13752
13750
13748
13748
13747
13747
13745
13743
13743
13742
13742
13740
13738
13738
13736
13735
13734
13734
13734
13731
13730
13731
13729
13727
13727
13727
13724
13723
13722
13721
13722
13719
13719
13719
13718
13715
13716
13714
13712
13712
13712
13709
13710
13707
13708
13706
13704
13703
13704
13703
13700
13699
13700
13698
13696
13695
13695
13695
13693
13692
13692
13689
13690
13688
13686
13685
13686
13683
13683
13681
13681
13680
13679
13679
13678
13676
13674
13673
13673
13671
13670
13671
13668
13667
13667
13667
13665
13665
13663
13661
13661
13660
13659
13659
13658
13656
13656
13654
13654
13651
13650
13651
13649
13649
13648
13646
13645
13643
13644
13643
13641
13639
13639
13639
13636
13637
13635
13635
13634
13631
13630
13630
13629
13629
13626
13626
13625
13623
13622
13623
13620
13619
13619
13617
13616
13616
13616
13614
13613
13612
13611
13611
13610
13607
13607
13606
13604
13604
13603
13603
13601
13600
13600
13597
13597
13597
13595
13593
13592
13593
13592
13590
13589
13588
13588
13586
13586
13585
13583
13582
13581
13581
13579
13578
13576
13577
13576
13573
13572
13571
13571
13569
13568
13567
13566
13567
13564
13565
13562
13562
13562
13559
13558
13557
13557
13555
13554
13554
13554
13552
13552
13551
13549
13548
13546
13547
13545
13543
13542
13543
13541
13541
13538
13539
13538
13535
13536
13533
13532
13533
13532
13529
13528
13527
13527
13527
13524
13525
13523
13522
13521
13520
13518
13517
13517
13515
13516
13515
13513
13511
13512
13511
13510
13508
13506
13507
13506
13505
13502
13501
13502
13501
13499
13497
13498
13495
13494
13493
13492
13493
13491
13490
13489
13488
13488
13487
13486
13485
13484
13481
13480
13479
13479
13477
13477
13476
13474
13473
13473
13471
13471
13469
13468
13467
13467
13465
13465
13465
13463
13462
13461
13459
13458
13459
13458
13455
13454
13454
13452
13453
13450
13449
13450
13449
13447
13445
13444
13445
13444
13443
13440
13439
13440
13439
13437
13436
13436
13435
13432
13432
13431
13431
13430
13428
13426
13427
13426
13423
13423
13423
13422
13421
13418
13419
13417
13416
13414
13415
13413
13413
13411
13409
13408
13409
13408
13407
13405
13405
13403
13403
13402
13399
13400
13399
13398
13397
13395
13395
13394
13391
13391
13391
13388
13389
13388
13387
13386
13385
13384
13381
13380
13380
13378
13377
13376
13375
13374
13375
13372
13372
13372
13371
13370
13368
13367
13366
13366
13363
13363
13362
13360
13360
13359
13358
13356
13356
13355
13355
13354
13352
13351
13351
13350
13349
13346
13345
13344
13343
13342
13342
13342
13341
13339
13338
13337
13335
13334
13333
13333
13333
13330
13331
13328
13329
13327
13325
13325
13323
13323
13321
13321
13319
13320
13317
13318
13315
13315
13313
13312
13312
13312
13311
13308
13308
13307
13305
13305
13304
13303
13303
13301
13301
13300
13298
13298
13296
13294
13294
13293
13293
13291
13289
13290
13288
13286
13287
13286
13285
13283
13283
13280
13279
13280
13279
13278
13276
13274
13274
13274
13273
13271
13271
13270
13268
13267
13267
13264
13265
13262
13263
13261
13261
13260
13258
13257
13257
13256
13253
13254
13251
13250
13250
13248
13249
13247
13245
13244
13244
13244
13241
13240
13240
13238
13237
13236
13237
13236
13233
13233
13233
13232
13230
13230
13229
13226
13225
13226
13225
13222
13223
13222
13219
13219
13218
13216
13217
13216
13213
13213
13212
13212
13210
13208
13209
13208
13205
13206
13205
13203
13202
13202
13200
13198
13198
13196
13195
13194
13193
13192
13191
13192
13189
13190
13187
13188
13187
13184
13185
13183
13182
13181
13180
13178
13177
13176
13177
13175
13173
13174
13171
13172
13171
13169
13169
13167
13167
13164
13164
13164
13162
13160
13161
13158
13159
13156
13157
13156
13153
13154
13151
13152
13151
13149
13149
13148
13145
13144
13143
13143
13141
13140
13140
13140
13137
13136
13136
13134
13134
13132
13133
13130
13130
13130
13127
13126
13125
13124
13125
13123
13121
13121
13119
13118
13117
13118
13117
13114
13113
13112
13113
13110
13111
13108
13107
13108
13105
13106
13105
13102
13101
13102
13099
13099
13099
13097
13097
13096
13095
13094
13091
13090
13089
13089
13087
13087
13086
13084
13085
13084
13082
13082
13079
13078
13079
13077
13075
13075
13074
13072
13072
13072
13071
13070
13068
13068
13066
13064
13064
13062
13063
13062
13061
13059
13058
13058
13055
13056
13053
13052
13053
13052
13051
13048
13047
13046
13047
13044
13045
13043
13041
13041
13039
13038
13038
13037
13037
13036
13034
13033
13031
13031
13030
13030
13027
13028
13025
13025
13025
13023
13023
13022
13019
13020
13017
13016
13015
13016
13014
13014
13011
13011
13009
13008
13009
13007
13007
13005
13004
13003
13001
13000
12999
12999
12997
12998
12995
12994
12993
12994
12993
12990
12991
12990
12988
12988
12985
12985
12985
12983
12982
12982
12981
12980
12977
12977
12977
12974
12973
12973
12972
12971
12970
12970
12969
12966
12966
12964
12964
12964
12962
12961
12959
12958
12957
12957
12956
12955
12953
12952
12953
12951
12950
12948
12949
12948
12947
12945
12943
12943
12941
12942
12941
12940
12939
12936
12935
12935
12934
12933
12932
12932
12931
12930
12928
12927
12926
12924
12923
12923
12922
12920
12920
12918
12917
12916
12915
12915
12915
12913
12911
12912
12910
12910
12909
12907
12905
12904
12905
12904
12903
12901
12901
12899
12897
12897
12895
12896
12894
12892
12892
12891
12890
12890
12888
12887
12885
12885
12883
12884
12881
12880
12881
12880
12878
12876
12876
12875
12873
12873
12872
12870
12869
12869
12869
12867
12865
12864
12864
12862
12862
12862
12860
12860
12859
12858
12856
12856
12855
12854
12853
12852
12849
12850
12849
12847
12845
12844
12844
12843
12841
12840
12840
12838
12839
12837
12837
12834
12833
12833
12831
12831
12830
12829
12827
12826
12826
12826
12823
12822
12823
12822
12819
12818
12817
12816
12817
12814
12815
12813
12812
12812
12811
12809
12807
12807
12805
12806
12805
12803
12803
12802
12801
12798
12798
12796
12796
12795
12793
12793
12792
12790
12791
12790
12788
12788
12785
12786
12785
12784
12781
12782
12780
12778
12778
12778
12775
12776
12774
12774
12772
12770
12769
12769
12769
12768
12767
12765
12763
12762
12761
12762
12760
12760
12758
12756
12757
12756
12755
12752
12753
12750
12749
12749
12748
12748
12745
12745
12744
12742
12742
12740
12740
12739
12737
12736
12737
12736
12734
12734
12731
12732
12731
12729
12729
12728
12727
12726
12724
12723
12721
12721
12719
12718
12717
12717
12717
12715
12713
12713
12712
12712
12711
12710
12708
12706
12706
12704
12705
12704
12701
12700
12701
12698
12699
12698
12697
12696
12695
12693
12692
12692
12689
12689
12689
12687
12685
12686
12685
12682
12681
12681
12679
12678
12678
12678
12675
12676
12673
12672
12671
12671
12669
12670
12668
12667
12667
12665
12663
12664
12662
12662
12661
12659
12658
12657
12657
12655
12654
12654
12651
12652
12649
12649
12649
12648
12645
12644
12645
12643
12641
12640
12641
12640
12638
12638
12635
12634
12633
12633
12632
12631
12629
12628
12628
12627
12625
12624
12624
12623
12622
12621
12619
12620
12619
12616
12617
12614
12614
12614
12612
12611
12611
12609
12608
12606
12605
12605
12605
12604
12603
12600
12600
12598
12598
12598
12597
12595
12594
12592
12591
12592
12591
12589
12588
12587
12587
12586
12585
12582
12582
12581
12579
12579
12577
12577
12575
12575
12574
12572
12571
12571
12570
12568
12569
12568
12567
12566
12564
12563
12561
12562
12560
12558
12557
12557
12557
12554
12553
12554
12552
12551
12549
12550
12547
12547
12546
12545
12544
12542
12542
12542
12540
12540
12539
12537
12537
12534
12534
12533
12532
12531
12529
12528
12528
12527
12526
12526
12525
12523
12522
12521
12519
12520
12518
12517
12517
12516
12513
12512
12511
12511
12511
12510
12508
12508
12506
12505
12503
12504
12503
12501
12499
12500
12499
12496
12496
12495
12495
12493
12491
12490
12489
12489
12487
12487
12485
12486
12485
12483
12483
12482
12481
12478
12479
12477
12475
12474
12475
12472
12473
12472
12471
12469
12469
12468
12466
12465
12463
12462
12461
12462
12460
12458
12457
12458
12457
12454
12455
12453
12453
12452
12451
12448
12447
12447
12446
12444
12443
12444
12441
12442
12440
12438
12437
12438
12435
12436
12433
12433
12433
12430
12429
12429
12428
12427
12427
12424
12425
12424
12421
12420
12420
12418
12417
12418
12417
12415
12413
12414
12412
12411
12411
12409
12409
12406
12405
12406
12403
12403
12402
12400
12401
12400
12399
12396
12396
12396
12394
12393
12392
12392
12390
12390
12389
12387
12387
12384
12384
12383
12383
12380
12381
12379
12378
12378
12377
12376
12375
12372
12371
12370
12369
12368
12367
12366
12365
12365
12365
12362
12362
12360
12359
12358
12358
12357
12357
12355
12354
12353
12353
12350
12350
12349
12347
12347
12346
12344
12344
12342
12341
12340
12340
12338
12337
12337
12336
12336
12334
12333
12333
12330
12331
12330
12327
12326
12326
12324
12325
12324
12322
12322
12319
12319
12318
12317
12315
12314
12314
12313
12311
12311
12310
12310
12309
12308
12307
12304
12304
12302
12301
12301
12300
12300
12298
12297
12295
12294
12295
12294
12291
12291
12290
12289
12289
12286
12287
12286
12284
12282
12283
12281
12280
12278
12278
12277
12275
12274
12275
12274
12272
12272
12269
12270
12269
12266
12266
12264
12263
12263
12261
12260
12259
12260
12257
12256
12255
12256
12253
12253
12251
12250
12250
12249
12248
12246
12245
12246
12243
12243
12242
12242
12240
12238
12239
12237
12235
12235
12234
12233
12231
12232
12231
12228
12227
12228
12225
12225
12225
12223
12221
12220
12220
12219
12218
12217
12216
12214
12213
12214
12212
12212
12211
12210
12207
12208
12206
12205
12203
12203
12201
12200
12200
12198
12197
12197
12195
12196
12193
12192
12191
12191
12189
12188
12187
12186
12186
12186
12183
12184
12183
12182
12181
12180
12179
12176
12176
12176
12175
12173
12171
12170
12169
12169
12168
12167
12166
12165
12163
12164
12161
12162
12160
12158
12157
12157
12156
12156
12154
12154
12152
12150
12150
12149
12149
12148
12146
12145
12144
12143
12143
12141
12141
12138
12137
12136
12137
12136
12134
12134
12132
12131
12131
12130
12127
12126
12126
12125
12125
12124
12123
12121
12119
12118
12117
12116
12115
12116
12114
12113
12112
12112
12109
12108
12107
12108
12105
12106
12104
12102
12101
12100
12101
12100
12097
12096
12096
12094
12095
12092
12093
12091
12091
12089
12089
12086
12087
12085
12085
12083
12083
12082
12080
12079
12079
12077
12075
12075
12075
12074
12072
12072
12071
12069
12069
12067
12067
12064
12064
12063
12063
12061
12059
12060
12059
12056
12057
12054
12054
12054
12053
12052
12050
12048
12048
12048
12047
12045
12043
12043
12041
12042
12040
12039
12037
12038
12035
12036
12035
12033
12032
12031
12029
12030
12028
12027
12025
12024
12024
12024
12021
12020
12021
12020
12018
12016
12016
12015
12014
12014
12012
12010
12010
12010
12009
12008
12006
12006
12004
12004
12002
12000
12000
12000
11999
11996
11995
11994
11994
11994
11992
11992
11991
11988
11989
11986
11986
11985
11983
11982
11982
11981
11980
11980
11977
11976
11977
11974
11973
11973
11971
11972
11971
11969
11969
11967
11967
11964
11963
11963
11961
11961
11959
11960
11958
11956
11956
11954
11955
11953
11952
11950
11951
11950
11947
11946
11946
11944
11944
11943
11943
11941
11940
11939
11937
11937
11935
11934
11934
11932
11932
11932
11931
11928
11929
11927
11925
11925
11925
11924
11921
11920
11919
11918
11918
11917
11915
11916
11915
11914
11912
11911
11910
11908
11909
11908
11906
11906
11903
11903
11902
11901
11899
11898
11898
11896
11897
11894
11894
11894
11893
11891
11889
11888
11888
11887
11887
11884
11883
11883
11881
11882
11881
11879
11877
11877
11876
11876
11874
11873
11871
11872
11869
11869
11868
11866
11867
11865
11863
11863
11861
11860
11860
11860
11857
11858
11855
11856
11853
11854
11852
11850
11851
11848
11847
11848
11847
11845
11845
11844
11841
11840
11840
11839
11839
11836
11837
11836
11835
11834
11831
11830
11829
11829
11827
11827
11827
11825
11825
11824
11822
11821
11820
11819
11819
11817
11816
11816
11813
11813
11812
11811
11811
11809
11809
11807
11807
11806
11803
11803
11803
11802
11799
11798
11797
11796
11795
11796
11795
11794
11791
11791
11789
11790
11789
11786
11786
11786
11783
11783
11782
11782
11779
11778
11777
11778
11775
11774
11775
11773
11773
11772
11769
11768
11767
11767
11766
11764
11764
11763
11763
11762
11759
11759
11758
11756
11757
11754
11755
11754
11753
11750
11749
11750
11748
11747
11745
11745
11745
11744
11741
11742
11741
11739
11739
11736
11735
11735
11733
11734
11731
11731
11731
11728
11727
11727
11725
11726
11725
11722
11721
11721
11720
11718
11718
11718
11717
11715
11714
11714
11712
11712
11710
11710
11708
11707
11707
11705
11703
11702
11701
11700
11701
11698
11698
11696
11697
11695
11693
11693
11693
11691
11689
11689
11689
11687
11686
11685
11683
11683
11681
11680
11679
11680
11679
11678
11676
11675
11673
11674
11673
11671
11669
11668
11669
11667
11665
11665
11663
11663
11661
11660
11661
11658
11659
11658
11657
11655
11654
11652
11653
11652
11649
11648
11649
11648
11647
11645
11644
11644
11641
11642
11641
11638
11639
11637
11637
11634
11635
11634
11633
11632
11629
11630
11627
11626
11627
11624
11625
11622
11622
11621
11621
11620
11617
11618
11615
11616
11613
11613
11611
11611
11610
11610
11608
11606
11605
11605
11605
11602
11602
11601
11599
11600
11597
11596
11596
11594
11594
11592
11591
11590
11591
11589
11589
11588
11586
11586
11585
11584
11583
11582
11579
11578
11579
11576
11576
11574
11574
11572
11571
11570
11571
11568
11568
11566
11566
11566
11564
11564
11563
11562
11561
11560
11558
11558
11557
11554
11555
11553
11551
11551
11550
11549
11549
11547
11547
11545
11544
11543
11543
11542
11541
11539
11539
11536
11536
11535
11533
11532
11532
11532
11529
11529
11527
11527
11526
11526
11525
11523
11522
11520
11521
11518
11519
11517
11516
11515
11515
11512
11511
11511
11511
11508
11507
11508
11506
11506
11503
11504
11501
11501
11501
11498
11498
11498
11495
11496
11494
11492
11491
11490
11490
11488
11487
11487
11486
11486
11485
11484
11483
11480
11480
11479
11478
11478
11475
11474
11475
11474
11473
11472
11470
11468
11468
11468
11467
11465
11465
11464
11463
11462
11461
11458
11459
11457
11456
11456
11453
11454
11453
11451
11449
11448
11449
11447
11447
11445
11445
11444
11442
11442
11441
11440
11439
11436
11437
11436
11435
11433
11433
11431
11429
11430
11427
11427
11426
11426
11423
11423
11422
11422
11421
11420
11417
11416
11416
11414
11415
11413
11413
11410
11409
11410
11409
11406
11407
11405
11403
11404
11403
11400
11401
11399
11397
11398
11397
11395
11395
11392
11391
11391
11391
11389
11387
11388
11386
11386
11383
11383
11382
11381
11380
11379
11378
11377
11377
11375
11373
11372
11372
11370
11370
11368
11369
11367
11365
11365
11363
11362
11362
11362
11361
11359
11357
11356
11357
11356
11353
11352
11351
11351
11350
11350
11347
11346
11345
11344
11345
11343
11342
11341
11339
11340
11339
11338
11337
11334
11335
11332
11331
11330
11331
11328
11327
11326
11326
11326
11325
11324
11323
11320
11320
11319
11319
11317
11317
11314
11313
11314
11313
11311
11309
11310
11308
11306
11305
11305
11304
11304
11303
11302
11301
11299
11297
11298
11295
11296
11295
11294
11292
11292
11289
11288
11288
11288
11285
11285
11283
11282
11281
11281
11280
11278
11277
11276
11276
11275
11275
11272
11271
11271
11271
11269
11267
11266
11266
11264
11263
11263
11262
11262
11260
11259
11259
11258
11256
11256
11253
11252
11251
11251
11250
11249
11248
11248
11245
11244
11245
11244
11242
11242
11240
11240
11238
11238
11237
11234
11234
11232
11233
11230
11229
11228
11229
11226
11225
11224
11224
11223
11222
11221
11221
11218
11218
11217
11216
11215
11213
11212
11212
11211
11209
11210
11207
11208
11207
11205
11203
11203
11203
11202
11200
11200
11197
11196
11197
11195
11195
11192
11193
11190
11191
11190
11189
11187
11186
11184
11185
11183
11181
11180
11180
11178
11177
11178
11177
11174
11173
11172
11173
11172
11171
11168
11169
11166
11167
11166
11164
11163
11161
11161
11161
11158
11158
11157
11156
11154
11154
11153
11152
11152
11150
11148
11147
11148
11145
11144
11143
11142
11143
11142
11140
11139
11137
11136
11135
11136
11133
11134
11132
11131
11130
11129
11129
11128
11127
11126
11125
11124
11121
11122
11120
11118
11119
11118
11117
11116
11114
11114
11112
11110
11110
11110
11109
11106
11107
11104
11105
11102
11101
11101
11101
11099
11097
11098
11096
11094
11094
11094
11093
11090
11090
11090
11087
11087
11087
11086
11084
11083
11081
11082
11081
11079
11079
11078
11077
11075
11073
11074
11072
11070
11070
11069
11069
11068
11066
11065
11065
11062
11061
11062
11059
11060
11059
11057
11055
11055
11054
11054
11052
11052
11051
11048
11047
11047
11045
11045
11044
11043
11041
11040
11040
11040
11039
11037
11036
11035
11033
11033
11032
11031
11030
11030
11028
11026
11025
11026
11023
11024
11021
11021
11020
11020
11019
11016
11017
11014
11014
11012
11012
11012
11009
11008
11009
11006
11007
11005
11004
11004
11003
11000
11000
10999
10997
10998
10997
10995
10995
10992
10993
10992
10990
10988
10989
10987
10986
10986
10985
10982
10981
10980
10979
10980
10978
10976
10977
10975
10974
10973
10972
10972
10971
10968
10967
10966
10967
10964
10964
10964
10962
10960
10961
10958
10959
10956
10957
10954
10955
10953
10953
10950
10951
10950
10949
10947
10945
10946
10945
10944
10942
10940
10940
10938
10938
10938
10935
10935
10933
10932
10932
10932
10929
10930
10929
10928
10927
10924
10924
10924
10922
10920
10919
10919
10917
10916
10915
10915
10913
10914
10912
10911
10909
10910
10907
10908
10905
10905
10904
10903
10902
10900
10899
10898
10899
10896
10895
10896
10893
10893
10893
10892
10891
10890
10888
10887
10885
10886
10885
10883
10882
10881
10881
10880
10879
10876
10876
10876
10873
10872
10871
10871
10870
10868
10869
10867
10866
10864
10864
10864
10863
10861
10861
10860
10857
10857
10856
10855
10853
10852
10853
10852
10851
10848
10848
10847
10846
10845
10844
10843
10843
10841
10840
10838
10839
10836
10835
10834
10833
10833
10833
10830
10831
10830
10827
10826
10825
10825
10825
10822
10823
10822
10819
10820
10817
10816
10815
10816
10814
10814
10812
10811
10809
10810
10807
10808
10805
10804
10804
10803
10802
10801
10801
10799
10798
10798
10796
10795
10793
10793
10791
10790
10791
10789
10789
10788
10786
10785
10785
10782
10781
10782
10781
10780
10778
10778
10777
10776
10775
10772
10773
10771
10771
10769
10769
10766
10766
10765
10765
10764
10761
10760
10759
10758
10759
10757
10757
10754
10753
10752
10753
10751
10751
10749
10748
10747
10746
10745
10745
10743
10743
10741
10741
10739
10737
10738
10737
10736
10734
10732
10733
10731
10729
10728
10729
10726
10727
10724
10725
10724
10721
10721
10721
10718
10717
10716
10717
10715
10714
10713
10713
10711
10709
10710
10707
10707
10706
10705
10703
10704
10702
10700
10701
10700
10699
10697
10696
10695
10694
10692
10693
10692
10691
10689
10687
10688
10687
10684
10683
10683
10683
10682
10679
10678
10678
10677
10677
10674
10673
10674
10671
10672
10670
10670
10669
10666
10667
10665
10664
10663
10663
10661
10661
10659
10659
10658
10655
10656
10655
10652
10652
10652
10649
10650
10647
10648
10646
10646
10645
10644
10643
10640
10640
10638
10637
10637
10636
10634
10633
10632
10633
10632
10631
10629
10627
10628
10627
10625
10625
10623
10622
10621
10620
10620
10618
10618
10617
10616
10614
10614
10613
10611
10609
10610
10609
10607
10606
10605
10604
10604
10603
10601
10600
10599
10597
10596
10595
10596
10594
10592
10592
10591
10591
10589
10587
10586
10585
10584
10584
10584
10583
10580
10580
10580
10577
10576
10576
10576
10574
10574
10572
10570
10571
10568
10569
10568
10565
10564
10565
10564
10562
10561
10559
10558
10559
10557
10557
10555
10554
10552
10551
10552
10550
10550
10549
10548
10547
10545
10544
10543
10542
10540
10541
10538
10537
10537
10535
10535
10533
10532
10532
10532
10531
10529
10527
10528
10527
10526
10523
10524
10521
10521
10521
10520
10517
10518
10517
10515
10514
10513
10513
10510
10510
10510
10508
10507
10507
10504
10503
10504
10502
10501
10501
10498
10497
10498
10496
10494
10493
10493
10491
10490
10490
10490
10487
10488
10486
10486
10483
10483
10481
10480
10481
10480
10477
10476
10477
10476
10474
10474
10473
10470
10471
10469
10468
10468
10466
10466
10463
10463
10463
10460
10459
10459
10457
10456
10455
10454
10454
10453
10452
10451
10450
10448
10448
10447
10446
10445
10444
10442
10441
10441
10440
10438
10437
10438
10435
10436
10433
10432
10432
10432
10431
10429
10427
10428
10425
10424
10425
10423
10422
10420
10419
10419
10418
10418
10417
10414
10413
10414
10412
10412
10409
10410
10409
10407
10406
10404
10403
10404
10402
10402
10400
10399
10398
10398
10395
10396
10394
10392
10391
10390
10390
10389
10388
10386
10386
10386
10384
10384
10382
10382
10380
10379
10378
10377
10375
10374
10374
10373
10371
10370
10370
10370
10368
10366
10367
10364
10365
10363
10362
10360
10360
10360
10358
10357
10355
10356
10353
10353
10353
10352
10349
10349
10347
10348
10345
10345
10343
10342
10343
10341
10340
10339
10337
10336
10336
10334
10334
10332
10333
10332
10329
10329
10328
10328
10325
10326
10325
10323
10322
10322
10319
10320
10318
10317
10317
10316
10313
10314
10313
10311
10310
10309
10309
10308
10307
10305
10303
10302
10303
10300
10301
10298
10299
10297
10295
10296
10294
10294
10291
10290
10289
10289
10287
10288
10287
10286
10284
10282
10281
10281
10280
10279
10277
10276
10276
10276
10275
10274
10273
10272
10271
10270
10269
10267
10265
10264
10264
10264
10263
10261
10259
10258
10259
10256
10257
10256
10253
10253
10253
10251
10249
10249
10247
10246
10247
10246
10245
10244
10242
10242
10240
10239
10238
10237
10237
10236
10234
10232
10233
10232
10231
10230
10229
10228
10225
10224
10225
10224
10223
10222
10219
10220
10218
10217
10217
10215
10214
10214
10211
10210
10211
10208
10209
10207
10206
10206
10203
10203
10201
10201
10199
10198
10198
10196
10196
10196
10194
10192
10193
10190
10189
10188
10189
10187
10187
10186
10183
10183
10183
10182
10181
10179
10179
10177
10175
10175
10174
10173
10173
10172
10169
10168
10167
10167
10167
10165
10163
10162
10163
10160
10161
10158
10158
10157
10157
10154
10155
10152
10153
10151
10149
10149
10148
10148
10146
10145
10144
10144
10141
10142
10141
10138
10139
10138
10135
10136
10135
10133
10132
10131
10131
10128
10129
10126
10127
10126
10124
10123
10121
10121
10120
10119
10119
10116
10115
10114
10115
10114
10111
10111
10110
10108
10108
10108
10106
10105
10104
10102
10101
10102
10101
10098
10097
10098
10095
10094
10095
10094
10093
10090
10089
10089
10088
10088
10086
10086
10084
10084
10082
10082
10079
10078
10077
10078
10075
10075
10075
10073
10073
10070
10071
10069
10067
10068
10066
10065
10063
10062
10061
10061
10060
10058
10059
10058
10055
10056
10055
10054
10052
10052
10051
10049
10047
10046
10045
10044
10045
10042
10042
10041
10039
10039
10039
10036
10037
10035
10034
10034
10033
10032
10029
10029
10029
10027
10026
10025
10023
10024
10021
10022
10020
10018
10017
10017
10015
10015
10014
10014
10013
10010
10010
10008
10007
10008
10006
10006
10004
10002
10003
10000
9999
9998
9999
9996
9997
9996
9994
9994
9992
9990
9990
9990
9987
9988
9986
9986
9984
9984
9983
9981
9979
9979
9979
9976
9975
9975
9975
9973
9972
9970
9971
9970
9967
9966
9965
9964
9965
9963
9963
9960
9960
9959
9959
9956
9956
9954
9955
9954
9951
9951
9950
9949
9949
9947
9947
9944
9945
9944
9943
9941
9941
9938
9938
9936
9935
9935
9934
9934
9931
9930
9929
9930
9929
9926
9925
9924
9923
9924
9922
9921
9919
9918
9917
9917
9916
9914
9914
9913
9911
9912
9911
9908
9909
9906
9907
9906
9904
9902
9903
9902
9901
9900
9899
9898
9897
9896
9894
9892
9893
9892
9890
9890
9887
9887
9886
9886
9885
9882
9881
9880
9881
9878
9878
9877
9876
9875
9874
9872
9871
9870
9869
9870
9869
9866
9867
9866
9865
9862
9863
9861
9859
9859
9859
9856
9855
9854
9855
9852
9852
9850
9850
9849
9848
9846
9845
9844
9845
9843
9841
9842
9840
9840
9839
9837
9837
9836
9833
9832
9831
9832
9831
9829
9828
9827
9826
9826
9823
9824
9823
9821
9821
9819
9817
9816
9817
9815
9814
9813
9811
9810
9811
9810
9809
9807
9806
9805
9804
9804
9802
9802
9799
9800
9797
9797
9795
9796
9793
9793
9792
9790
9789
9789
9789
9787
9787
9785
9785
9784
9781
9780
9781
9780
9777
9777
9777
9776
9773
9773
9772
9770
9770
9769
9769
9768
9766
9766
9765
9763
9762
9760
9761
9760
9759
9757
9756
9754
9753
9753
9753
9751
9751
9749
9748
9748
9745
9745
9744
9742
9741
9740
9739
9739
9737
9738
9736
9735
9733
9733
9731
9732
9730
9729
9729
9728
9725
9724
9723
9723
9722
9722
9719
9718
9718
9718
9715
9715
9714
9714
9713
9711
9709
9708
9707
9707
9705
9706
9703
9702
9701
9701
9699
9698
9699
9698
9697
9694
9693
9694
9693
9692
9691
9688
9687
9687
9687
9686
9683
9683
9682
9682
9681
9680
9677
9677
9676
9676
9673
9673
9673
9671
9669
9669
9668
9666
9665
9665
9664
9664
9662
9661
9660
9659
9659
9658
9657
9656
9655
9652
9651
9651
9649
9649
9648
9647
9645
9645
9643
9642
9643
9640
9641
9638
9639
9637
9637
9635
9633
9632
9631
9631
9629
9630
9629
9628
9626
9626
9625
9623
9623
9621
9619
9619
9617
9618
9615
9614
9613
9613
9612
9611
9611
9610
9609
9608
9605
9605
9603
9603
9601
9600
9599
9599
9599
9596
9595
9595
9593
9592
9591
9591
9590
9588
9589
9587
9586
9586
9585
9584
9581
9580
9580
9580
9579
9577
9576
9575
9573
9574
9571
9571
9571
9568
9569
9568
9565
9564
9564
9564
9562
9561
9559
9558
9557
9558
9557
9556
9554
9553
9552
9552
9551
9548
9549
9546
9547
9545
9545
9542
9542
9542
9541
9540
9539
9538
9536
9535
9533
9534
9531
9531
9531
9528
9529
9526
9525
9525
9525
9524
9521
9521
9520
9518
9519
9516
9516
9515
9515
9512
9513
9512
9511
9510
9508
9508
9506
9506
9503
9504
9501
9501
9500
9500
9499
9497
9497
9496
9493
9494
9493
9491
9489
9488
9489
9486
9487
9484
9485
9484
9482
9482
9480
9478
9478
9478
9475
9475
9473
9474
9472
9470
9469
9468
9467
9467
9467
9464
9464
9462
9463
9461
9461
9458
9459
9457
9455
9456
9455
9452
9453
9450
9449
9449
9448
9448
9446
9445
9444
9443
9441
9440
9441
9440
9437
9438
9435
9434
9435
9433
9432
9431
9431
9428
9428
9426
9426
9424
9425
9423
9422
9421
9420
9419
9417
9418
9416
9416
9414
9412
9412
9412
9409
9409
9409
9407
9405
9406
9405
9404
9402
9400
9400
9399
9398
9396
9397
9394
9393
9393
9392
9392
9389
9390
9389
9387
9386
9384
9384
9382
9383
9380
9381
9380
9378
9377
9376
9375
9374
9372
9372
9370
9370
9368
9369
9368
9365
9365
9363
9364
9363
9361
9361
9358
9357
9357
9357
9356
9353
9352
9351
9352
9350
9348
9348
9348
9347
9345
9344
9343
9343
9340
9340
9339
9337
9336
9336
9336
9335
9332
9333
9332
9330
9329
9329
9328
9325
9324
9325
9322
9322
9322
9319
9318
9317
9317
9315
9314
9313
9312
9312
9310
9309
9309
9309
9308
9307
9305
9305
9304
9302
9301
9300
9298
9299
9297
9295
9296
9294
9294
9291
9291
9289
9288
9288
9287
9285
9285
9284
9282
9283
9280
9280
9279
9279
9276
9275
9276
9273
9274
9272
9271
9269
9270
9269
9268
9266
9266
9263
9263
9261
9261
9261
9258
9259
9257
9256
9254
9253
9252
9252
9250
9249
9248
9248
9246
9245
9245
9245
9243
9242
9241
9239
9240
9238
9238
9237
9236
9233
9234
9232
9230
9231
9228
9227
9227
9226
9226
9224
9222
9223
9222
9219
9218
9217
9217
9215
9216
9213
9212
9211
9211
9211
9208
9208
9206
9206
9204
9203
9204
9202
9202
9201
9198
9198
9196
9197
9194
9195
9193
9191
9191
9189
9188
9188
9188
9186
9184
9184
9184
9182
9181
9180
9179
9177
9178
9177
9176
9173
9172
9172
9172
9169
9169
9169
9167
9166
9166
9164
9163
9161
9162
9159
9159
9157
9158
9155
9154
9153
9153
9153
9150
9149
9149
9149
9147
9146
9145
9143
9144
9143
9142
9140
9140
9137
9137
9136
9136
9133
9132
9131
9130
9129
9129
9129
9127
9125
9126
9124
9123
9123
9121
9120
9118
9119
9116
9116
9116
9115
9114
9112
9111
9110
9108
9108
9107
9107
9104
9103
9102
9102
9101
9100
9099
9099
9096
9097
9094
9094
9093
9093
9090
9089
9089
9088
9086
9087
9086
9085
9084
9082
9082
9079
9080
9079
9076
9076
9076
9073
9073
9073
9071
9069
9070
9068
9066
9067
9065
9063
9063
9061
9061
9061
9059
9059
9056
9057
9056
9055
9052
9052
9051
9051
9050
9048
9048
9045
9046
9044
9043
9042
9042
9039
9039
9038
9037
9036
9035
9033
9032
9031
9031
9030
9028
9027
9026
9026
9024
9023
9023
9022
9021
9020
9019
9019
9018
9015
9016
9015
9012
9012
9010
9011
9010
9007
9007
9005
9006
9005
9003
9003
9000
8999
8999
8998
8996
8995
8994
8995
8992
8993
8990
8989
8988
8989
8988
8986
8984
8985
8982
8981
8981
8980
8978
8977
8978
8976
8975
8975
8974
8971
8972
8971
8969
8968
8967
8967
8965
8965
8964
8963
8962
8961
8960
8957
8957
8957
8955
8953
8954
8953
8950
8949
8949
8949
8946
8946
8945
8945
8942
8941
8942
8940
8939
8938
8938
8935
8935
8934
8932
8931
8931
8929
8928
8928
8926
8925
8925
8925
8922
8921
8921
8920
8918
8917
8916
8916
8916
8915
8913
8911
8912
8910
8909
8908
8906
8906
8906
8905
8904
8901
8900
8901
8898
8898
8896
8895
8896
8894
8894
8893
8890
8891
8888
8888
8888
8887
8885
8885
8883
8883
8880
8880
8879
8878
8877
8875
8875
8873
8872
8871
8870
8870
8868
8868
8866
8866
8865
8865
8862
8863
8861
8860
8859
8859
8858
8856
8855
8853
8853
8851
8850
8851
8848
8847
8847
8846
8844
8845
8843
8841
8841
8841
8840
8838
8836
8837
8834
8835
8834
8832
8831
8830
8830
8827
8827
8827
8824
8823
8822
8823
8822
8820
8819
8819
8817
8817
8814
8815
8814
8813
8811
8809
8810
8807
8808
8805
8805
8805
8804
8801
8800
8801
8800
8797
8796
8796
8794
8793
8794
8791
8792
8790
8790
8788
8787
8786
8785
8784
8782
8782
8781
8781
8779
8777
8776
8775
8774
8775
8773
8772
8772
8770
8769
8769
8768
8766
8765
8765
8762
8762
8760
8759
8758
8759
8758
8755
8755
8753
8754
8751
8751
8750
8750
8747
8748
8745
8745
8744
8744
8743
8742
8739
8740
8738
8736
8737
8734
8735
8734
8731
8731
8729
8729
8729
8728
8726
8726
8725
8724
8723
8722
8719
8718
8718
8717
8715
8716
8713
8713
8713
8711
8710
8710
8707
8708
8705
8706
8703
8702
8703
8701
8700
8700
8697
8697
8697
8695
8694
8693
8691
8690
8689
8689
8688
8686
8685
8686
8683
8683
8682
8682
8681
8678
8679
8676
8675
8674
8673
8673
8671
8672
8669
8670
8668
8667
8665
8664
8665
8663
8661
8661
8661
8659
8659
8657
8656
8655
8654
8654
8653
8650
8651
8650
8647
8648
8647
8645
8645
8644
8641
8642
8640
8639
8639
8636
8637
8636
8634
8634
8633
8631
8629
8630
8627
8627
8627
8626
8625
8622
8623
8622
8620
8619
8618
8617
8616
8614
8614
8612
8613
8611
8609
8609
8607
8608
8606
8606
8605
8604
8601
8602
8600
8598
8599
8598
8597
8595
8595
8593
8593
8591
8589
8588
8587
8588
8587
8585
8585
8582
8583
8582
8579
8580
8578
8577
8577
8576
8575
8574
8571
8572
8570
8570
8567
8567
8566
8564
8565
8563
8563
8562
8560
8559
8559
8558
8555
8554
8555
8553
8552
8551
8550
8550
8548
8546
8546
8545
8545
8542
8541
8540
8539
8538
8539
8536
8536
8535
8534
8534
8531
8531
8531
8529
8527
8528
8525
8525
8523
8524
8523
8521
8521
8519
8518
8517
8517
8514
8515
8514
8511
8511
8509
8508
8508
8508
8506
8504
8504
8502
8501
8502
8501
8498
8497
8498
8495
8495
8494
8492
8493
8491
8490
8489
8487
8486
8487
8484
8483
8483
8483
8481
8479
8480
8478
8477
8475
8475
8473
8474
8472
8470
8470
8468
8467
8468
8465
8465
8464
8463
8462
8460
8459
8459
8459
8457
8456
8455
8454
8454
8452
8451
8449
8449
8448
8446
8446
8445
8444
8443
8441
8440
8441
8440
8438
8437
8436
8436
8435
8432
8431
8431
8430
8430
8429
8427
8426
8424
8423
8422
8421
8421
8421
8420
8418
8416
8415
8414
8413
8414
8412
8411
8411
8408
8408
8406
8406
8404
8403
8403
8402
8400
8399
8398
8397
8398
8397
8396
8393
8394
8391
8392
8391
8390
8388
8386
8385
8386
8383
8383
8382
8382
8379
8378
8377
8378
8376
8374
8375
8373
8373
8372
8371
8370
8369
8367
8367
8365
8363
8364
8362
8360
8361
8358
8357
8356
8356
8355
8355
8354
8351
8351
8350
8349
8348
8346
8345
8344
8343
8342
8343
8340
8341
8338
8339
8338
8336
8336
8334
8334
8333
8330
8329
8330
8328
8326
8327
8324
8325
8322
8323
8322
8320
8320
8318
8317
8317
8315
8315
8312
8311
8312
8309
8308
8309
8306
8306
8305
8305
8304
8301
8301
8299
8298
8297
8298
8296
8295
8295
8292
8293
8292
8290
8289
8289
8288
8287
8286
8285
8282
8283
8282
8281
8278
8277
8278
8275
8275
8273
8272
8273
8271
8271
8268
8268
8266
8267
8264
8265
8264
8261
8261
8259
8260
8257
8258
8257
8254
8255
8253
8251
8251
8250
8248
8247
8248
8247
8244
8244
8242
8242
8241
8241
8239
8238
8237
8237
8236
8234
8234
8232
8230
8229
8229
8229
8227
8226
8225
8225
8223
8221
8222
8219
8219
8217
8216
8216
8214
8214
8212
8213
8210
8211
8209
8209
8206
8205
8205
8203
8203
8201
8202
8200
8200
8198
8197
8195
8194
8193
8194
8192
8191
8189
8190
8187
8187
8187
8186
8184
8183
8183
8180
8181
8180
8179
8177
8176
8176
8174
8173
8172
8171
8169
8169
8168
8166
8167
8166
8163
8162
8163
8162
8160
8158
8159
8156
8156
8156
8155
8153
8152
8150
8150
8148
8149
8147
8145
8144
8144
8143
8143
8140
8139
8138
8138
8138
8135
8135
8135
8133
8132
8132
8130
8129
8127
8127
8126
8126
8123
8123
8121
8121
8120
8118
8117
8118
8116
8115
8115
8113
8111
8112
8110
8108
8107
8106
8105
8105
8105
8102
8103
8101
8100
8099
8099
8098
8097
8095
8094
8093
8092
8090
8091
8090
8087
8086
8086
8085
8084
8084
8083
8082
8080
8079
8077
8078
8077
8075
8074
8073
8071
8071
8070
8069
8068
8067
8065
8065
8064
8064
8063
8062
8061
8060
8058
8058
8055
8055
8055
8052
8052
8052
8051
8048
8048
8046
8045
8045
8045
8044
8042
8042
8040
8040
8038
8038
8035
8035
8034
8033
8031
8030
8030
8029
8027
8026
8025
8025
8025
8024
8023
8020
8021
8019
8018
8017
8015
8016
8015
8012
8012
8011
8011
8009
8007
8007
8005
8006
8003
8004
8002
8001
8000
7998
7999
7997
7996
7994
7993
7993
7991
7992
7991
7990
7989
7986
7986
7984
7983
7984
7981
7982
7979
7978
7978
7978
7976
7974
7975
7973
7973
7971
7971
7968
7968
7968
7965
7964
7963
7962
7963
7960
7960
7959
7958
7957
7955
7956
7954
7952
7952
7951
7949
7948
7948
7948
7947
7944
7945
7943
7942
7942
7941
7939
7938
7938
7936
7935
7933
7933
7933
7930
7931
7928
7928
7927
7927
7925
7923
7923
7923
7920
7919
7919
7917
7917
7916
7914
7915
7913
7912
7910
7909
7909
7907
7908
7906
7905
7903
7904
7901
7900
7899
7898
7898
7898
7896
7896
7895
7894
7891
7892
7891
7889
7887
7886
7885
7886
7883
7882
7881
7882
7880
7880
7879
7877
7877
7874
7873
7872
7871
7871
7869
7868
7868
7868
7866
7864
7864
7862
7863
7862
7861
7858
7858
7857
7855
7855
7854
7854
7852
7850
7850
7849
7847
7846
7847
7846
7845
7842
7843
7842
7840
7838
7838
7836
7835
7836
7833
7834
7833
7831
7831
7830
7828
7826
7826
7826
7825
7822
7822
7821
7819
7819
7819
7816
7816
7814
7815
7812
7811
7810
7810
7810
7807
7808
7807
7805
7804
7802
7803
7801
7801
7799
7798
7796
7797
7794
7793
7794
7791
7790
7789
7788
7788
7787
7786
7784
7784
7783
7783
7781
7780
7778
7778
7776
7775
7775
7775
7774
7773
7771
7769
7769
7767
7767
7767
7764
7765
7764
7761
7762
7761
7759
7757
7757
7757
7756
7755
7753
7752
7751
7749
7750
7749
7748
7745
7746
7743
7742
7742
7742
7740
7740
7738
7738
7736
7734
7733
7733
7732
7730
7729
7729
7729
7728
7725
7726
7724
7724
7722
7722
7720
7720
7717
7716
7716
7714
7713
7714
7712
7712
7711
7709
7708
7708
7706
7706
7705
7704
7701
7701
7699
7700
7697
7698
7697
7694
7693
7692
7691
7691
7690
7689
7688
7688
7687
7686
7683
7682
7683
7682
7681
7678
7677
7676
7677
7675
7673
7674
7672
7672
7670
7670
7669
7667
7667
7665
7665
7664
7663
7662
7660
7659
7658
7658
7655
7655
7653
7653
7652
7652
7649
7648
7647
7647
7646
7646
7643
7643
7643
7642
7640
7639
7638
7636
7637
7635
7634
7634
7633
7631
7631
7628
7629
7626
7626
7625
7625
7623
7623
7621
7620
7618
7619
7618
7617
7614
7615
7614
7613
7612
7610
7609
7607
7606
7606
7606
7605
7603
7603
7602
7601
7599
7599
7598
7597
7595
7593
7593
7591
7590
7591
7590
7588
7588
7587
7584
7585
7583
7581
7580
7580
7579
7578
7578
7575
7574
7573
7572
7572
7572
7571
7569
7568
7568
7567
7564
7564
7564
7561
7561
7560
7558
7558
7558
7555
7555
7553
7552
7551
7551
7549
7550
7547
7548
7546
7544
7544
7543
7541
7540
7541
7538
7539
7536
7535
7535
7534
7534
7532
7531
7530
7530
7527
7526
7525
7524
7525
7523
7522
7520
7521
7520
7519
7516
7517
7516
7514
7512
7512
7512
7510
7509
7507
7507
7506
7505
7505
7503
7501
7501
7499
7499
7498
7496
7497
7495
7494
7494
7491
7490
7489
7490
7487
7486
7487
7486
7483
7483
7482
7482
7480
7478
7478
7478
7477
7474
7473
7474
7472
7471
7469
7468
7467
7467
7465
7465
7463
7462
7462
7461
7459
7459
7457
7457
7457
7455
7454
7452
7451
7450
7449
7450
7447
7448
7447
7444
7443
7444
7443
7440
7440
7438
7437
7438
7437
7435
7433
7433
7432
7432
7431
7429
7427
7427
7425
7424
7425
7424
7421
7420
7421
7419
7417
7417
7415
7416
7414
7413
7411
7411
7410
7409
7408
7408
7406
7404
7403
7404
7402
7402
7400
7400
7398
7398
7395
7396
7393
7392
7392
7390
7389
7389
7389
7387
7387
7384
7384
7383
7383
7382
7381
7379
7378
7377
7375
7374
7374
7374
7373
7371
7370
7370
7367
7366
7367
7364
7365
7364
7361
7361
7361
7359
7358
7358
7355
7354
7354
7354
7353
7351
7350
7349
7347
7348
7345
7345
7343
7342
7341
7341
7340
7340
7337
7338
7335
7336
7333
7332
7332
7331
7329
7329
7329
7327
7327
7324
7324
7323
7323
7321
7321
7318
7317
7316
7316
7316
7315
7313
7313
7312
7311
7309
7307
7306
7305
7304
7305
7302
7301
7301
7301
7298
7298
7298
7296
7294
7293
7293
7292
7292
7289
7289
7288
7287
7287
7284
7283
7283
7282
7282
7280
7280
7277
7277
7275
7275
7274
7273
7273
7270
7269
7269
7267
7267
7266
7264
7265
7263
7262
7261
7260
7260
7257
7256
7255
7256
7253
7253
7252
7250
7250
7250
7247
7248
7247
7244
7243
7243
7242
7240
7240
7240
7239
7236
7236
7234
7233
7233
7233
7232
7231
7229
7228
7228
7227
7226
7225
7222
7222
7220
7219
7218
7218
7216
7215
7214
7214
7213
7213
7211
7211
7210
7208
7208
7207
7206
7203
7202
7202
7200
7199
7199
7199
7198
7196
7195
7194
7193
7192
7191
7191
7190
7188
7186
7185
7185
7184
7184
7181
7181
7180
7178
7178
7178
7177
7174
7175
7174
7172
7171
7169
7170
7167
7168
7166
7165
7165
7162
7161
7160
7160
7158
7158
7156
7156
7155
7155
7152
7152
7150
7151
7150
7147
7146
7147
7144
7144
7142
7141
7140
7141
7139
7139
7138
7136
7135
7134
7132
7132
7130
7131
7129
7127
7126
7126
7126
7125
7124
7123
7121
7121
7120
7118
7116
7115
7116
7114
7114
7111
7111
7111
7110
7109
7108
7107
7105
7103
7102
7102
7102
7100
7098
7098
7097
7096
7094
7094
7093
7093
7091
7089
7090
7089
7087
7087
7084
7084
7082
7081
7081
7079
7078
7078
7078
7075
7074
7074
7072
7073
7071
7069
7068
7069
7067
7065
7065
7063
7064
7061
7062
7060
7058
7059
7056
7057
7056
7054
7053
7052
7052
7049
7049
7049
7048
7045
7044
7045
7042
7042
7042
7040
7040
7037
7037
7037
7035
7035
7034
7031
7032
7030
7030
7027
7027
7025
7024
7024
7024
7023
7022
7021
7020
7017
7017
7016
7015
7013
7014
7013
7011
7010
7008
7008
7008
7007
7004
7003
7004
7001
7001
6999
6998
6998
6996
6996
6996
6994
6992
6993
6990
6991
6989
6987
6986
6985
6986
6983
6982
6982
6982
6981
6979
6978
6977
6976
6975
6975
6972
6971
6970
6970
6969
6967
6966
6965
6966
6965
6963
6961
6961
6961
6958
6957
6958
6957
6955
6955
6954
6952
6952
6950
6950
6947
6946
6945
6945
6944
6942
6943
6942
6939
6939
6938
6937
6936
6935
6935
6934
6931
6930
6930
6930
6927
6928
6927
6924
6923
6923
6923
6922
6920
6920
6919
6917
6917
6916
6914
6914
6912
6910
6911
6910
6909
6906
6906
6906
6905
6903
6902
6900
6900
6900
6899
6898
6897
6896
6893
6894
6892
6890
6889
6888
6887
6888
6887
6885
6883
6883
6881
6881
6881
6880
6877
6878
6877
6876
6874
6874
6872
6870
6871
6870
6867
6868
6865
6866
6865
6863
6861
6861
6860
6859
6859
6856
6856
6855
6854
6854
6851
6852
6850
6848
6848
6846
6845
6845
6843
6844
6842
6842
6841
6839
6839
6836
6837
6834
6834
6833
6832
6832
6829
6829
6828
6828
6826
6826
6825
6822
6821
6820
6821
6819
6817
6817
6816
6814
6815
6814
6811
6811
6811
6808
6807
6807
6806
6806
6805
6804
6802
6801
6801
6800
6799
6796
6796
6795
6794
6792
6793
6791
6789
6789
6787
6787
6787
6786
6783
6784
6783
6780
6780
6780
6778
6777
6776
6775
6774
6773
6772
6770
6769
6769
6767
6766
6766
6765
6763
6764
6761
6762
6760
6759
6758
6758
6755
6755
6755
6753
6752
6752
6751
6748
6748
6748
6747
6744
6743
6744
6743
6741
6739
6738
6739
6736
6735
6736
6734
6733
6733
6732
6730
6730
6728
6726
6726
6726
6724
6723
6721
6721
6719
6718
6718
6718
6717
6715
6715
6712
6711
6712
6711
6709
6709
6708
6706
6705
6705
6703
6703
6700
6699
6699
6699
6697
6696
6694
6694
6693
6692
6691
6691
6690
6687
6687
6687
6686
6683
6684
6681
6681
6681
6678
6679
6678
6675
6676
6674
6673
6671
6672
6670
6668
6667
6666
6665
6664
6664
6663
6663
6660
6660
6659
6659
6657
6655
6655
6654
6652
6651
6652
6651
6648
6647
6646
6645
6646
6645
6643
6641
6640
6639
6639
6637
6638
6636
6635
6635
6632
6632
6631
6629
6628
6627
6628
6627
6625
6624
6622
6622
6622
6620
6620
6618
6618
6615
6615
6614
6614
6611
6611
6611
6610
6607
6606
6606
6606
6603
6603
6603
6601
6601
6600
6598
6596
6597
6595
6594
6593
6593
6590
6590
6588
6587
6588
6586
6584
6584
6584
6583
6582
6581
6580
6578
6576
6576
6576
6573
6574
6572
6570
6569
6568
6568
6568
6565
6564
6563
6564
6563
6562
6559
6559
6558
6556
6556
6556
6554
6552
6553
6551
6551
6549
6549
6548
6545
6545
6545
6542
6541
6541
6540
6539
6538
6538
6536
6534
6534
6534
6531
6531
6531
6528
6527
6527
6527
6525
6523
6523
6523
6521
6519
6520
6517
6516
6516
6514
6514
6513
6512
6512
6511
6508
6507
6507
6505
6505
6505
6503
6502
6500
6501
6499
6498
6498
6497
6495
6494
6493
6493
6491
6491
6489
6488
6488
6486
6486
6484
6483
6482
6482
6479
6479
6479
6477
6475
6474
6473
6472
6473
6470
6469
6470
6468
6466
6467
6465
6464
6463
6463
6462
6461
6460
6457
6457
6455
6456
6455
6453
6451
6450
6449
6449
6449
6447
6445
6444
6445
6443
6442
6441
6440
6438
6438
6436
6435
6435
6433
6434
6431
6432
6430
6428
6427
6428
6427
6424
6423
6424
6423
6421
6421
6418
6417
6418
6416
6415
6413
6413
6411
6412
6410
6410
6409
6406
6406
6404
6405
6403
6403
6402
6400
6400
6398
6398
6397
6395
6395
6394
6391
6391
6390
6390
6387
6388
6385
6385
6384
6382
6382
6381
6379
6380
6378
6378
6375
6374
6375
6372
6373
6370
6371
6369
6369
6367
6365
6366
6365
6363
6361
6362
6359
6360
6357
6356
6356
6355
6353
6354
6353
6351
6350
6348
6348
6347
6345
6345
6344
6343
6342
6341
6340
6340
6337
6337
6335
6335
6333
6333
6333
6330
6330
6329
6327
6328
6327
6326
6323
6324
6322
6320
6320
6318
6317
6316
6316
6315
6315
6312
6313
6311
6311
6308
6308
6308
6307
6304
6304
6302
6302
6301
6300
6300
6297
6298
6297
6294
6295
6294
6291
6290
6289
6290
6288
6287
6285
6284
6283
6282
6282
6282
6281
6279
6278
6277
6276
6274
6274
6272
6272
6272
6271
6268
6269
6267
6265
6266
6264
6264
6263
6262
6259
6258
6259
6258
6257
6254
6253
6254
6251
6251
6251
6248
6247
6246
6247
6246
6243
6242
6241
6240
6240
6238
6237
6237
6236
6235
6233
6232
6232
6230
6229
6229
6228
6228
6226
6225
6225
6224
6221
6221
6220
6218
6218
6218
6215
6215
6215
6214
6211
6212
6211
6209
6207
6206
6205
6205
6205
6203
6203
6200
6200
6198
6199
6196
6197
6196
6194
6192
6192
6192
6190
6188
6187
6186
6185
6185
6185
6184
6181
6180
6179
6178
6179
6176
6176
6176
6175
6173
6171
6172
6171
6170
6169
6168
6165
6164
6165
6163
6161
6160
6161
6160
6157
6158
6157
6155
6153
6154
6152
6152
6151
6150
6147
6147
6147
6146
6144
6144
6141
6141
6139
6138
6139
6138
6135
6136
6135
6134
6133
6130
6129
6129
6129
6127
6125
6126
6123
6123
6123
6122
6119
6120
6118
6117
6116
6115
6114
6112
6112
6112
6110
6109
6107
6107
6107
6104
6104
6103
6101
6101
6099
6099
6099
6098
6095
6094
6095
6093
6092
6090
6089
6088
6089
6088
6086
6084
6083
6082
6081
6081
6081
6078
6078
6076
6076
6074
6074
6072
6073
6070
6071
6070
6068
6067
6065
6066
6065
6062
6061
6062
6059
6059
6059
6058
6055
6055
6054
6053
6053
6052
6050
6049
6049
6048
6047
6046
6045
6044
6041
6042
6041
6038
6039
6037
6037
6034
6035
6034
6031
6032
6031
6030
6029
6028
6027
6024
6024
6022
6023
6020
6019
6019
6019
6016
6016
6016
6013
6013
6012
6011
6009
6009
6008
6006
6007
6005
6003
6003
6002
6002
6001
5998
5998
5998
5997
5994
5995
5993
5993
5992
5990
5988
5987
5987
5986
5985
5984
5984
5983
5982
5979
5979
5978
5978
5976
5975
5973
5974
5972
5972
5970
5968
5967
5966
5967
5965
5964
5964
5963
5961
5961
5960
5958
5958
5955
5955
5955
5954
5951
5952
5951
5949
5947
5946
5946
5946
5944
5944
5943
5942
5940
5939
5937
5936
5936
5934
5934
5932
5932
5931
5931
5928
5927
5927
5927
5925
5925
5924
5921
5922
5921
5920
5918
5916
5917
5916
5915
5914
5913
5912
5911
5909
5907
5907
5907
5906
5905
5902
5901
5900
5901
5900
5897
5896
5896
5895
5895
5893
5892
5892
5890
5888
5887
5886
5886
5886
5883
5883
5883
5880
5880
5878
5879
5878
5876
5875
5873
5872
5871
5870
5871
5868
5867
5866
5865
5865
5864
5862
5861
5861
5860
5860
5858
5857
5857
5854
5854
5852
5851
5851
5850
5850
5848
5847
5846
5844
5843
5844
5842
5840
5841
5838
5838
5836
5836
5834
5833
5832
5831
5830
5830
5829
5829
5827
5827
5826
5825
5824
5821
5822
5819
5819
5819
5818
5815
5816
5815
5812
5812
5810
5811
5809
5809
5806
5807
5805
5804
5804
5803
5800
5799
5800
5798
5796
5796
5796
5793
5792
5792
5791
5790
5790
5789
5786
5786
5784
5785
5783
5781
5781
5781
5780
5777
5778
5776
5776
5773
5774
5771
5771
5771
5769
5767
5768
5766
5765
5765
5764
5763
5761
5759
5758
5757
5756
5756
5756
5753
5753
5752
5751
5751
5749
5748
5748
5746
5744
5743
5744
5741
5740
5739
5738
5738
5736
5735
5734
5735
5734
5731
5732
5730
5728
5729
5728
5726
5725
5725
5724
5721
5720
5720
5718
5719
5716
5716
5714
5713
5713
5713
5711
5711
5709
5707
5707
5706
5704
5704
5703
5702
5701
5700
5700
5697
5696
5697
5696
5693
5693
5692
5691
5689
5688
5688
5686
5686
5686
5683
5684
5682
5680
5680
5679
5679
5677
5677
5675
5675
5674
5671
5670
5669
5670
5668
5667
5665
5664
5663
5662
5663
5660
5660
5660
5658
5657
5657
5656
5653
5652
5653
5650
5651
5648
5648
5647
5647
5646
5643
5642
5642
5641
5639
5640
5637
5637
5636
5635
5635
5634
5632
5632
5631
5629
5629
5626
5627
5624
5623
5622
5622
5620
5619
5618
5618
5616
5615
5616
5615
5613
5613
5611
5609
5608
5607
5606
5605
5605
5604
5604
5603
5601
5601
5599
5599
5596
5595
5595
5593
5593
5593
5592
5590
5588
5587
5587
5586
5585
5584
5583
5583
5580
5581
5580
5578
5578
5576
5575
5575
5572
5573
5572
5570
5570
5567
5567
5567
5565
5563
5562
5561
5560
5559
5560
5558
5557
5556
5556
5553
5554
5551
5552
5549
5548
5547
5548
5545
5545
5544
5544
5542
5540
5541
5539
5538
5536
5537
5534
5535
5532
5532
5532
5529
5530
5527
5527
5525
5525
5524
5522
5523
5521
5519
5520
5518
5517
5517
5515
5513
5513
5513
5510
5511
5510
5508
5506
5507
5504
5505
5502
5502
5501
5499
5500
5497
5496
5495
5495
5493
5493
5493
5492
5489
5490
5489
5488
5486
5486
5485
5483
5481
5482
5480
5478
5478
5476
5476
5476
5475
5473
5473
5470
5471
5468
5467
5468
5467
5465
5463
5464
5462
5460
5461
5460
5459
5457
5455
5455
5453
5454
5452
5451
5451
5448
5449
5446
5447
5445
5443
5443
5443
5440
5441
5439
5438
5436
5436
5434
5435
5434
5431
5431
5431
5430
5427
5428
5425
5424
5425
5423
5421
5421
5419
5420
5418
5418
5416
5415
5414
5414
5413
5411
5409
5410
5409
5408
5407
5405
5405
5404
5401
5400
5400
5398
5399
5398
5396
5396
5393
5392
5392
5392
5390
5390
5389
5386
5387
5384
5385
5384
5381
5382
5379
5379
5378
5377
5375
5376
5375
5372
5373
5371
5369
5369
5369
5366
5366
5364
5365
5363
5362
5362
5360
5358
5359
5357
5357
5356
5354
5353
5352
5352
5350
5348
5347
5347
5346
5345
5344
5343
5342
5340
5341
5340
5338
5338
5337
5336
5333
5332
5333
5332
5329
5329
5329
5328
5327
5326
5325
5323
5322
5322
5320
5318
5319
5316
5316
5314
5314
5314
5312
5311
5309
5310
5307
5308
5307
5305
5305
5304
5302
5302
5301
5299
5298
5296
5296
5294
5295
5293
5293
5291
5289
5290
5288
5288
5287
5284
5283
5283
5281
5280
5281
5278
5279
5277
5277
5275
5275
5272
5272
5271
5269
5270
5267
5267
5267
5266
5263
5264
5261
5260
5259
5260
5259
5258
5257
5255
5255
5253
5252
5250
5250
5248
5248
5246
5247
5245
5245
5243
5242
5241
5239
5240
5237
5236
5236
5236
5235
5233
5233
5231
5229
5228
5228
5228
5225
5224
5225
5222
5223
5220
5220
5218
5218
5218
5216
5215
5213
5212
5213
5210
5211
5209
5207
5206
5206
5205
5203
5204
5202
5200
5200
5199
5197
5198
5196
5195
5193
5192
5191
5190
5190
5189
5188
5186
5186
5184
5184
5184
5181
5181
5181
5178
5179
5178
5176
5176
5175
5174
5172
5171
5169
5168
5169
5167
5167
5165
5163
5162
5163
5160
5160
5159
5159
5156
5156
5154
5153
5154
5153
5151
5151
5150
5147
5147
5147
5146
5144
5144
5142
5142
5139
5140
5137
5136
5135
5134
5135
5132
5132
5132
5130
5128
5127
5126
5125
5124
5124
5123
5121
5121
5120
5120
5118
5117
5117
5115
5113
5112
5112
5112
5110
5109
5108
5107
5105
5105
5105
5104
5101
5101
5101
5100
5098
5098
5096
5094
5093
5094
5092
5091
5090
5090
5087
5086
5086
5084
5085
5083
5082
5080
5080
5080
5079
5078
5076
5076
5075
5073
5073
5070
5071
5069
5069
5068
5067
5065
5065
5064
5062
5061
5059
5058
5059
5058
5056
5054
5055
5052
5053
5051
5050
5048
5047
5046
5046
5044
5044
5043
5042
5040
5040
5040
5037
5037
5036
5036
5033
5032
5033
5031
5030
5029
5028
5026
5025
5026
5025
5022
5021
5021
5021
5019
5019
5016
5017
5015
5013
5013
5013
5010
5010
5008
5009
5007
5005
5004
5004
5002
5001
5002
5000
5000
4997
4996
4996
4995
4994
4992
4992
4991
4991
4989
4987
4988
4987
4984
4984
4982
4982
4981
4979
4978
4977
4976
4975
4974
4973
4974
4971
4971
4970
4970
4969
4968
4965
4964
4963
4963
4962
4960
4960
4958
4959
4958
4957
4955
4953
4953
4951
4951
4950
4948
4949
4947
4946
4946
4944
4944
4943
4942
4940
4939
4938
4936
4936
4935
4934
4934
4932
4932
4931
4928
4929
4928
4927
4926
4924
4924
4923
4921
4920
4918
4917
4916
4916
4916
4913
4912
4912
4910
4911
4908
4908
4907
4906
4906
4903
4904
4903
4901
4900
4900
4898
4897
4897
4895
4895
4894
4891
4891
4889
4889
4889
4887
4885
4885
4883
4883
4882
4882
4880
4879
4877
4876
4877
4876
4874
4872
4872
4871
4871
4869
4867
4867
4865
4865
4864
4864
4861
4861
4860
4859
4858
4856
4856
4855
4854
4853
4851
4850
4850
4850
4848
4848
4847
4845
4844
4842
4843
4840
4840
4840
4839
4836
4836
4834
4834
4834
4833
4832
4831
4830
4828
4826
4825
4826
4825
4824
4822
4820
4819
4818
4819
4818
4815
4815
4814
4814
4811
4810
4809
4809
4807
4808
4807
4806
4805
4803
4802
4800
4799
4798
4797
4796
4796
4794
4795
4793
4791
4791
4790
4789
4787
4786
4785
4784
4783
4783
4781
4780
4779
4779
4779
4776
4775
4776
4775
4773
4771
4772
4771
4770
4767
4768
4767
4764
4765
4764
4762
4760
4761
4759
4758
4756
4757
4756
4753
4754
4752
4751
4751
4749
4749
4748
4745
4744
4744
4742
4743
4742
4741
4739
4738
4737
4735
4735
4734
4732
4733
4730
4730
4730
4728
4726
4727
4726
4725
4722
4722
4722
4721
4720
4717
4717
4716
4715
4715
4712
4713
4712
4709
4710
4708
4706
4705
4706
4704
4704
4701
4701
4699
4699
4698
4698
4697
4694
4694
4694
4693
4691
4690
4689
4687
4686
4685
4685
4684
4683
4683
4681
4679
4680
4679
4678
4677
4674
4674
4674
4671
4672
4670
4669
4669
4666
4666
4666
4664
4662
4663
4660
4661
4659
4658
4658
4657
4654
4654
4653
4653
4651
4649
4650
4647
4648
4647
4645
4645
4644
4642
4640
4641
4638
4638
4637
4635
4635
4634
4632
4632
4631
4629
4629
4629
4626
4625
4626
4623
4623
4621
4622
4621
4619
4619
4616
4615
4614
4615
4613
4611
4611
4611
4610
4609
4608
4607
4604
4603
4602
4601
4602
4601
4599
4597
4598
4597
4594
4594
4594
4593
4592
4591
4589
4587
4588
4587
4586
4585
4582
4582
4582
4580
4578
4577
4577
4577
4574
4573
4574
4571
4571
4570
4569
4567
4567
4565
4566
4565
4564
4562
4561
4561
4559
4557
4558
4556
4554
4555
4553
4552
4550
4551
4548
4548
4548
4547
4545
4545
4542
4542
4540
4540
4538
4539
4538
4535
4534
4534
4534
4533
4531
4530
4529
4529
4527
4526
4525
4525
4523
4521
4520
4521
4518
4518
4517
4517
4515
4513
4514
4512
4512
4509
4510
4507
4506
4507
4504
4504
4503
4501
4501
4499
4500
4497
4496
4495
4495
4495
4493
4491
4490
4490
4489
4487
4486
4487
4484
4484
4482
4481
4480
4479
4479
4478
4477
4477
4474
4475
4472
4473
4470
4470
4470
4469
4467
4465
4464
4464
4464
4462
4462
4459
4458
4457
4457
4456
4455
4454
4452
4453
4452
4450
4448
4447
4446
4447
4444
4443
4444
4442
4440
4439
4438
4437
4438
4437
4434
4435
4433
4431
4431
4430
4428
4429
4428
4426
4425
4424
4422
4422
4421
4421
4418
4419
4417
4415
4415
4414
4414
4412
4410
4409
4409
4407
4406
4406
4405
4404
4403
4401
4402
4400
4400
4397
4396
4397
4396
4395
4392
4392
4390
4391
4388
4389
4387
4386
4386
4383
4382
4383
4382
4380
4380
4377
4378
4375
4376
4374
4374
4373
4372
4370
4368
4368
4368
4366
4365
4363
4362
4361
4361
4360
4360
4359
4356
4356
4356
4354
4354
4351
4350
4350
4349
4348
4346
4347
4345
4343
4342
4342
4342
4339
4338
4339
4338
4335
4334
4334
4333
4332
4331
4329
4328
4329
4328
4326
4325
4325
4322
4321
4320
4321
4318
4318
4316
4315
4315
4315
4312
4313
4311
4310
4308
4308
4306
4307
4306
4305
4304
4301
4301
4299
4298
4299
4298
4296
4295
4293
4292
4293
4292
4290
4289
4289
4287
4287
4286
4285
4284
4281
4282
4279
4279
4277
4278
4275
4274
4274
4272
4273
4272
4270
4268
4267
4267
4265
4266
4263
4264
4261
4262
4261
4260
4259
4257
4255
4256
4254
4252
4253
4252
4251
4250
4249
4248
4246
4246
4243
4243
4241
4242
4240
4239
4237
4237
4235
4236
4234
4232
4233
4232
4230
4229
4228
4226
4225
4226
4223
4223
4221
4222
4219
4220
4219
4216
4215
4215
4213
4213
4213
4210
4210
4208
4207
4208
4205
4204
4205
4204
4203
4202
4201
4199
4197
4197
4197
4195
4194
4194
4193
4191
4191
4188
4189
4188
4186
4184
4183
4183
4182
4181
4179
4180
4179
4176
4177
4174
4174
4173
4173
4171
4169
4170
4169
4167
4166
4165
4163
4162
4162
4160
4161
4159
4158
4158
4155
4154
4155
4153
4153
4150
4149
4150
4149
4146
4145
4146
4144
4142
4142
4142
4140
4138
4138
4138
4137
4134
4133
4132
4132
4132
4129
4128
4128
4128
4127
4125
4123
4124
4122
4120
4121
4119
4117
4118
4117
4116
4114
4113
4113
4111
4109
4109
4108
4107
4105
4105
4103
4103
4102
4101
4100
4098
4098
4096
4095
4095
4095
4093
4092
4091
4091
4088
4087
4088
4087
4084
4085
4084
4082
4081
4080
4079
4077
4076
4076
4074
4074
4073
4073
4071
4069
4070
4068
4068
4067
4065
4063
4064
4061
4062
4060
4060
4059
4058
4057
4056
4055
4054
4053
4052
4050
4048
4048
4048
4045
4046
4043
4044
4042
4040
4039
4039
4037
4038
4035
4034
4034
4033
4033
4032
4029
4029
4028
4026
4025
4025
4023
4023
4023
4022
4019
4018
4017
4017
4015
4015
4015
4012
4011
4011
4010
4009
4008
4007
4006
4005
4004
4003
4002
4002
3999
4000
3997
3998
3995
3996
3995
3993
3991
3991
3990
3989
3989
3988
3985
3986
3984
3984
3981
3982
3981
3978
3978
3976
3976
3974
3975
3973
3972
3970
3969
3970
3968
3967
3965
3966
3963
3962
3961
3961
3961
3959
3957
3958
3956
3955
3955
3954
3952
3952
3951
3948
3949
3946
3946
3946
3945
3943
3941
3940
3941
3939
3938
3936
3937
3936
3935
3933
3933
3930
3929
3930
3927
3927
3926
3925
3923
3922
3922
3921
3921
3918
3917
3916
3917
3915
3915
3913
3911
3910
3911
3908
3908
3907
3906
3905
3903
3904
3903
3900
3901
3899
3899
3898
3897
3894
3894
3894
3891
3890
3890
3889
3888
3887
3887
3885
3884
3883
3881
3881
3881
3878
3878
3877
3877
3875
3875
3872
3871
3870
3870
3868
3868
3866
3866
3865
3864
3864
3862
3862
3859
3860
3858
3858
3857
3854
3854
3852
3852
3852
3850
3849
3849
3847
3847
3846
3845
3844
3841
3840
3839
3840
3837
3838
3835
3835
3833
3834
3833
3831
3831
3828
3828
3826
3825
3824
3824
3824
3822
3820
3820
3818
3817
3816
3817
3816
3813
3814
3813
3811
3811
3810
3808
3806
3807
3805
3803
3804
3802
3802
3800
3799
3797
3796
3796
3795
3794
3792
3791
3790
3791
3789
3788
3788
3786
3784
3785
3784
3783
3782
3780
3780
3779
3778
3777
3776
3775
3774
3773
3770
3771
3769
3768
3766
3767
3764
3764
3762
3763
3761
3760
3760
3759
3758
3756
3756
3753
3753
3753
3750
3749
3750
3749
3747
3746
3744
3744
3743
3743
3740
3741
3738
3739
3736
3735
3735
3735
3732
3731
3732
3730
3730
3728
3728
3725
3724
3725
3722
3722
3721
3721
3720
3717
3717
3716
3714
3714
3714
3712
3712
3709
3709
3707
3706
3707
3704
3705
3704
3701
3700
3700
3698
3697
3696
3695
3695
3693
3694
3692
3692
3689
3688
3689
3688
3685
3685
3685
3684
3681
3681
3681
3678
3677
3678
3676
3675
3674
3674
3671
3672
3671
3668
3667
3666
3665
3664
3664
3664
3663
3661
3661
3658
3659
3658
3655
3656
3653
3654
3651
3651
3650
3648
3648
3648
3646
3645
3643
3644
3641
3641
3641
3640
3638
3636
3636
3634
3633
3634
3633
3630
3629
3629
3628
3626
3625
3626
3623
3623
3622
3621
3621
3618
3619
3617
3615
3615
3615
3612
3611
3610
3611
3608
3608
3607
3605
3606
3605
3604
3603
3601
3599
3598
3597
3598
3596
3595
3594
3594
3593
3592
3590
3589
3587
3587
3586
3585
3585
3582
3583
3580
3580
3580
3577
3578
3576
3576
3575
3572
3572
3571
3569
3570
3568
3567
3566
3564
3563
3564
3562
3560
3561
3558
3557
3558
3556
3555
3553
3553
3552
3550
3551
3548
3549
3546
3545
3545
3545
3544
3541
3541
3540
3538
3537
3536
3536
3536
3535
3534
3532
3530
3529
3528
3527
3526
3525
3526
3525
3523
3521
3520
3521
3518
3519
3516
3515
3516
3515
3513
3511
3512
3511
3509
3507
3507
3507
3506
3504
3503
3502
3500
3500
3500
3498
3497
3495
3496
3494
3494
3492
3491
3490
3489
3488
3486
3487
3484
3483
3484
3482
3480
3480
3479
3479
3478
3475
3476
3475
3474
3471
3471
3471
3468
3468
3466
3467
3466
3463
3463
3463
3462
3459
3458
3458
3458
3456
3455
3453
3453
3451
3451
3449
3450
3449
3448
3447
3444
3444
3443
3443
3440
3440
3440
3437
3436
3435
3434
3435
3433
3432
3432
3430
3430
3427
3426
3427
3425
3424
3424
3422
3422
3419
3419
3419
3416
3415
3416
3414
3412
3412
3411
3409
3410
3407
3407
3407
3406
3404
3402
3402
3400
3401
3398
3397
3396
3395
3394
3395
3394
3393
3390
3391
3388
3389
3387
3386
3385
3383
3382
3383
3380
3380
3380
3379
3376
3376
3374
3375
3374
3371
3370
3369
3368
3368
3367
3365
3365
3364
3362
3362
3361
3360
3358
3359
3358
3357
3355
3353
3352
3353
3352
3350
3348
3349
3348
3345
3344
3343
3342
3341
3340
3341
3340
3338
3336
3335
3336
3333
3334
3331
3331
3330
3330
3329
3327
3327
3326
3323
3324
3321
3322
3321
3318
3319
3318
3317
3315
3313
3314
3312
3312
3309
3309
3308
3307
3307
3305
3304
3304
3302
3302
3299
3298
3297
3296
3297
3296
3293
3292
3291
3292
3291
3290
3289
3288
3285
3286
3284
3283
3282
3281
3279
3279
3279
3277
3275
3275
3273
3272
3271
3271
3271
3270
3269
3268
3265
3265
3265
3263
3262
3262
3260
3259
3259
3256
3257
3254
3255
3252
3253
3251
3250
3248
3247
3247
3247
3244
3243
3244
3242
3242
3240
3239
3238
3238
3236
3235
3234
3233
3231
3231
3230
3229
3229
3228
3227
3226
3225
3224
3221
3222
3219
3220
3217
3216
3216
3214
3215
3214
3211
3211
3210
3209
3209
3206
3206
3206
3205
3202
3202
3200
3200
3198
3199
3197
3197
3196
3194
3194
3193
3192
3189
3188
3188
3186
3186
3185
3184
3183
3181
3181
3179
3180
3177
3176
3177
3176
3173
3173
3173
3172
3171
3169
3169
3168
3167
3166
3165
3163
3162
3161
3159
3159
3159
3156
3157
3156
3155
3152
3151
3152
3151
3149
3149
3146
3147
3146
3145
3142
3142
3141
3141
3139
3139
3137
3136
3136
3133
3133
3133
3130
3129
3130
3129
3127
3125
3124
3123
3124
3122
3121
3121
3119
3117
3117
3116
3114
3114
3112
3111
3110
3111
3108
3109
3108
3107
3105
3105
3103
3101
3101
3100
3098
3099
3097
3096
3096
3094
3094
3091
3091
3090
3090
3089
3088
3087
3085
3085
3083
3083
3080
3080
3079
3078
3077
3076
3076
3075
3072
3071
3072
3069
3070
3068
3068
3065
3066
3064
3062
3063
3062
3061
3059
3057
3058
3055
3056
3053
3052
3051
3052
3050
3048
3048
3046
3046
3044
3045
3044
3042
3040
3040
3039
3039
3038
3035
3034
3033
3032
3032
3030
3029
3028
3029
3026
3027
3026
3023
3024
3021
3022
3021
3019
3019
3017
3017
3015
3015
3013
3011
3011
3011
3008
3007
3007
3005
3005
3005
3002
3003
3000
3000
3000
2999
2996
2995
2995
2993
2992
2993
2990
2991
2990
2987
2988
2987
2986
2984
2983
2983
2982
2981
2979
2977
2976
2975
2975
2975
2972
2973
2972
2970
2969
2968
2966
2967
2966
2963
2962
2962
2962
2960
2959
2959
2957
2957
2955
2954
2953
2951
2950
2949
2948
2949
2947
2946
2944
2943
2943
2941
2942
2939
2938
2938
2936
2936
2935
2933
2934
2933
2932
2930
2928
2928
2928
2927
2924
2923
2923
2923
2921
2921
2920
2919
2917
2916
2914
2915
2913
2911
2912
2911
2908
2907
2906
2906
2904
2905
2904
2903
2901
2900
2900
2897
2896
2896
2896
2894
2893
2892
2890
2889
2888
2888
2886
2886
2886
2884
2882
2883
2881
2880
2879
2879
2878
2877
2874
2875
2874
2871
2872
2869
2868
2868
2866
2865
2866
2863
2864
2862
2861
2861
2859
2859
2856
2856
2855
2854
2852
2853
2851
2851
2848
2849
2847
2846
2846
2843
2842
2842
2841
2841
2840
2838
2837
2835
2836
2833
2834
2833
2830
2830
2830
2829
2827
2825
2826
2823
2824
2821
2822
2819
2820
2818
2816
2817
2816
2815
2812
2811
2811
2810
2809
2808
2806
2807
2806
2803
2803
2802
2802
2800
2798
2798
2796
2797
2796
2795
2794
2793
2792
2790
2788
2787
2786
2785
2786
2783
2783
2783
2781
2779
2778
2779
2778
2776
2776
2774
2774
2771
2770
2771
2770
2768
2768
2765
2764
2765
2762
2763
2762
2760
2759
2759
2757
2755
2755
2753
2752
2751
2752
2751
2748
2747
2748
2745
2744
2745
2743
2743
2742
2741
2740
2739
2736
2737
2734
2734
2733
2732
2730
2730
2730
2727
2728
2725
2724
2723
2723
2722
2721
2720
2720
2719
2718
2716
2716
2715
2712
2711
2712
2710
2709
2709
2707
2707
2705
2704
2703
2701
2702
2701
2700
2697
2698
2696
2694
2693
2694
2691
2690
2689
2689
2689
2688
2685
2685
2685
2682
2681
2681
2679
2679
2679
2676
2677
2675
2675
2673
2673
2670
2669
2668
2669
2667
2665
2665
2663
2664
2662
2660
2661
2660
2658
2658
2657
2654
2653
2654
2652
2651
2649
2650
2649
2648
2645
2645
2644
2642
2641
2642
2639
2640
2639
2636
2635
2636
2635
2632
2632
2631
2629
2629
2628
2626
2626
2624
2623
2622
2623
2621
2620
2620
2619
2617
2617
2616
2613
2613
2613
2611
2609
2608
2607
2606
2605
2604
2605
2603
2603
2602
2599
2600
2597
2597
2597
2596
2594
2592
2593
2591
2589
2588
2588
2588
2587
2585
2584
2582
2581
2581
2581
2578
2578
2576
2576
2576
2574
2572
2572
2570
2569
2569
2568
2568
2567
2564
2565
2563
2563
2562
2559
2558
2557
2558
2557
2554
2553
2553
2552
2550
2549
2548
2548
2547
2545
2546
2544
2544
2542
2540
2539
2539
2539
2537
2536
2536
2535
2532
2532
2531
2531
2530
2528
2527
2526
2525
2524
2522
2521
2520
2519
2518
2518
2516
2517
2516
2515
2513
2512
2511
2511
2509
2508
2508
2507
2506
2505
2502
2502
2500
2501
2499
2497
2498
2497
2494
2493
2493
2491
2492
2490
2489
2489
2486
2486
2486
2485
2484
2482
2481
2480
2479
2477
2478
2475
2475
2473
2472
2472
2471
2470
2468
2469
2466
2467
2464
2463
2463
2462
2460
2459
2459
2459
2458
2456
2455
2455
2454
2452
2451
2450
2450
2449
2447
2445
2445
2443
2442
2443
2441
2440
2439
2437
2437
2436
2434
2434
2434
2432
2431
2431
2430
2427
2428
2425
2426
2424
2424
2422
2420
2421
2420
2419
2417
2417
2414
2413
2414
2411
2410
2411
2410
2409
2406
2407
2405
2403
2403
2402
2402
2401
2398
2399
2396
2395
2396
2393
2394
2393
2391
2391
2389
2389
2386
2385
2386
2383
2384
2383
2381
2381
2380
2378
2377
2377
2374
2373
2372
2373
2371
2369
2370
2369
2368
2365
2365
2365
2362
2362
2362
2361
2359
2358
2358
2357
2356
2355
2352
2352
2352
2350
2350
2349
2347
2346
2346
2344
2344
2343
2341
2340
2338
2338
2337
2335
2335
2333
2334
2333
2332
2331
2329
2328
2327
2327
2324
2324
2323
2322
2320
2320
2318
2319
2317
2316
2316
2313
2313
2312
2310
2311
2308
2308
2307
2307
2305
2303
2304
2303
2302
2301
2300
2299
2297
2296
2295
2294
2292
2291
2290
2289
2290
2288
2287
2286
2284
2283
2284
2283
2281
2279
2278
2278
2277
2276
2274
2273
2274
2271
2272
2270
2268
2269
2267
2266
2265
2263
2262
2262
2261
2260
2259
2258
2256
2255
2254
2254
2252
2253
2251
2249
2248
2248
2248
2247
2246
2244
2244
2243
2241
2239
2240
2239
2236
2235
2235
2234
2233
2231
2232
2229
2230
2228
2228
2227
2226
2225
2222
2221
2222
2221
2218
2219
2216
2215
2215
2214
2214
2211
2210
2209
2208
2209
2207
2205
2205
2203
2204
2203
2200
2200
2198
2199
2196
2197
2196
2193
2193
2191
2190
2189
2188
2189
2188
2187
2184
2184
2182
2183
2181
2180
2178
2177
2178
2176
2175
2173
2172
2172
2170
2169
2168
2167
2167
2166
2166
2163
2163
2161
2161
2159
2159
2159
2158
2156
2155
2153
2154
2153
2152
2150
2148
2149
2148
2147
2146
2145
2142
2141
2140
2139
2138
2138
2136
2136
2134
2133
2132
2133
2131
2130
2130
2129
2126
2127
2124
2124
2122
2121
2120
2121
2120
2119
2116
2117
2116
2113
2113
2111
2110
2111
2108
2108
2107
2107
2105
2105
2104
2102
2102
2100
2100
2099
2097
2096
2096
2093
2094
2091
2090
2090
2088
2087
2087
2086
2084
2083
2083
2082
2080
2081
2079
2078
2077
2077
2075
2073
2074
2071
2071
2070
2070
2068
2067
2066
2066
2065
2063
2061
2062
2060
2060
2057
2056
2055
2056
2053
2052
2052
2051
2050
2049
2049
2046
2045
2046
2044
2042
2042
2042
2041
2039
2039
2036
2037
2035
2033
2033
2033
2030
2030
2029
2029
2028
2026
2026
2024
2023
2021
2022
2019
2020
2018
2016
2017
2015
2014
2013
2013
2010
2011
2009
2008
2008
2007
2005
2003
2002
2001
2002
1999
2000
1997
1996
1996
1996
1993
1992
1992
1990
1989
1990
1987
1988
1985
1984
1984
1984
1981
1981
1981
1980
1977
1977
1976
1974
1973
1974
1971
1970
1970
1969
1969
1968
1967
1965
1965
1964
1962
1961
1960
1960
1957
1958
1957
1955
1953
1952
1951
1950
1951
1949
1947
1947
1947
1946
1944
1944
1942
1940
1941
1940
1938
1936
1935
1935
1934
1934
1932
1930
1930
1928
1927
1926
1927
1924
1924
1922
1922
1920
1920
1919
1918
1918
1917
1915
1914
1913
1912
1910
1910
1908
1907
1907
1906
1904
1905
1902
1901
1901
1900
1899
1899
1897
1896
1896
1895
1893
1891
1890
1891
1890
1888
1887
1886
1885
1883
1882
1882
1881
1879
1880
1879
1877
1875
1875
1874
1872
1872
1872
1871
1868
1869
1868
1866
1864
1865
1862
1863
1860
1860
1860
1857
1856
1855
1856
1855
1853
1853
1850
1851
1848
1848
1848
1847
1845
1844
1843
1843
1842
1840
1840
1837
1836
1837
1835
1834
1834
1833
1832
1829
1828
1828
1826
1826
1824
1825
1824
1822
1820
1819
1820
1818
1817
1816
1814
1813
1812
1812
1810
1809
1808
1809
1806
1805
1806
1805
1802
1802
1801
1801
1800
1799
1796
1795
1796
1794
1793
1793
1790
1790
1790
1787
1788
1786
1786
1785
1783
1783
1781
1780
1780
1779
1777
1777
1774
1774
1773
1771
1770
1769
1770
1767
1766
1766
1765
1763
1764
1763
1762
1759
1759
1759
1756
1755
1754
1755
1752
1753
1751
1750
1749
1748
1747
1745
1744
1745
1743
1743
1742
1740
1738
1737
1736
1736
1735
1734
1733
1731
1731
1731
1730
1729
1727
1727
1724
1725
1722
1721
1721
1721
1720
1719
1717
1717
1716
1715
1713
1712
1710
1710
1708
1707
1707
1705
1705
1705
1704
1702
1701
1700
1699
1697
1696
1697
1694
1694
1693
1692
1692
1689
1690
1687
1686
1685
1686
1685
1682
1681
1681
1679
1679
1678
1678
1676
1674
1674
1672
1673
1670
1671
1670
1668
1668
1665
1664
1664
1664
1663
1660
1660
1660
1659
1657
1657
1654
1654
1654
1652
1651
1650
1650
1648
1647
1646
1646
1644
1643
1641
1641
1640
1638
1637
1636
1637
1635
1633
1633
1632
1631
1631
1628
1628
1627
1625
1626
1625
1623
1623
1621
1620
1619
1618
1618
1617
1615
1614
1613
1613
1612
1609
1608
1609
1608
1605
1604
1604
1604
1602
1602
1600
1599
1599
1598
1596
1594
1594
1593
1593
1591
1591
1588
1587
1587
1585
1586
1585
1584
1582
1581
1580
1579
1577
1577
1575
1575
1574
1573
1572
1570
1569
1570
1569
1567
1565
1564
1565
1564
1562
1562
1560
1559
1559
1557
1557
1556
1554
1554
1553
1552
1550
1549
1548
1548
1547
1546
1545
1542
1542
1540
1539
1540
1538
1536
1536
1536
1533
1533
1532
1532
1529
1529
1527
1527
1527
1524
1524
1524
1521
1521
1521
1520
1519
1517
1515
1516
1514
1514
1511
1510
1509
1509
1509
1507
1507
1506
1503
1502
1502
1500
1499
1500
1498
1496
1496
1495
1494
1492
1492
1492
1491
1489
1487
1488
1487
1484
1484
1482
1481
1482
1479
1478
1477
1477
1475
1476
1473
1473
1471
1472
1471
1468
1468
1467
1466
1464
1463
1463
1462
1461
1459
1458
1457
1456
1457
1454
1454
1453
1452
1452
1449
1450
1448
1447
1446
1445
1444
1444
1441
1442
1440
1438
1437
1436
1436
1435
1433
1434
1431
1432
1431
1429
1429
1428
1427
1426
1425
1424
1422
1421
1420
1420
1418
1418
1416
1416
1414
1412
1412
1410
1411
1408
1407
1406
1405
1406
1405
1404
1403
1400
1400
1399
1398
1398
1395
1395
1395
1393
1392
1391
1391
1389
1388
1386
1385
1386
1383
1382
1383
1382
1379
1380
1379
1377
1377
1374
1373
1374
1371
1370
1369
1370
1368
1368
1367
1364
1363
1363
1362
1360
1359
1359
1358
1358
1357
1356
1355
1354
1353
1352
1351
1348
1349
1348
1346
1344
1345
1342
1341
1340
1339
1338
1337
1336
1337
1334
1333
1332
1332
1331
1329
1330
1329
1327
1327
1325
1324
1323
1322
1321
1320
1318
1319
1317
1315
1315
1315
1314
1313
1312
1309
1308
1309
1307
1305
1306
1304
1303
1301
1301
1301
1299
1298
1298
1295
1294
1294
1293
1292
1290
1289
1288
1288
1286
1287
1285
1285
1283
1282
1282
1280
1280
1277
1277
1276
1275
1273
1273
1273
1271
1271
1270
1269
1266
1267
1264
1263
1263
1263
1262
1260
1258
1257
1258
1255
1256
1253
1253
1252
1252
1249
1250
1249
1247
1245
1245
1245
1243
1243
1241
1239
1240
1238
1236
1235
1234
1234
1232
1232
1231
1229
1228
1228
1227
1227
1224
1223
1222
1222
1220
1221
1220
1219
1218
1215
1215
1214
1214
1211
1211
1210
1209
1207
1208
1205
1205
1203
1203
1202
1201
1201
1199
1198
1198
1195
1195
1195
1193
1193
1191
1190
1190
1187
1187
1186
1185
1183
1182
1182
1181
1180
1178
1177
1178
1177
1174
1173
1172
1173
1172
1171
1170
1169
1167
1166
1166
1165
1162
1162
1162
1161
1158
1158
1158
1157
1155
1154
1154
1152
1152
1150
1149
1149
1146
1146
1146
1143
1142
1141
1142
1141
1140
1139
1138
1135
1135
1133
1132
1131
1131
1129
1130
1127
1128
1125
1126
1123
1123
1123
1122
1121
1120
1117
1118
1117
1116
1115
1112
1113
1110
1110
1110
1107
1107
1105
1105
1105
1102
1101
1102
1101
1098
1099
1098
1095
1096
1095
1093
1092
1090
1090
1088
1089
1088
1085
1086
1085
1082
1083
1082
1079
1078
1079
1077
1077
1074
1074
1074
1071
1071
1070
1070
1069
1067
1065
1065
1064
1064
1063
1060
1061
1058
1058
1058
1055
1055
1054
1054
1053
1052
1051
1049
1047
1048
1045
1044
1043
1043
1041
1040
1039
1040
1037
1037
1036
1034
1035
1032
1032
1031
1029
1029
1029
1028
1026
1024
1024
1022
1021
1022
1019
1018
1018
1017
1015
1015
1015
1012
1011
1010
1009
1008
1009
1008
1006
1005
1003
1002
1003
1001
999
998
998
998
995
996
993
994
991
990
991
989
988
986
985
986
984
982
981
982
979
979
978
978
975
974
975
974
973
971
970
970
968
968
967
966
964
964
963
962
961
960
957
957
957
955
954
953
952
952
950
949
947
948
946
946
945
942
942
942
940
940
938
937
937
934
934
932
933
931
929
928
927
927
927
926
925
922
922
921
919
920
919
917
917
915
913
912
913
911
911
909
907
908
905
904
905
903
903
900
901
900
897
898
897
896
895
894
892
890
890
889
888
887
885
885
885
882
882
882
881
880
878
877
876
875
874
872
871
870
870
870
868
867
867
864
865
864
861
861
861
859
857
857
855
855
853
852
853
852
849
850
848
848
845
846
844
843
842
841
839
840
838
837
837
835
835
833
831
832
829
829
829
826
825
824
824
822
822
821
819
820
818
818
817
815
815
813
811
811
809
808
808
808
806
804
804
802
803
802
800
800
798
796
795
795
794
794
793
792
790
788
789
788
787
786
783
784
782
781
779
779
779
776
776
775
773
772
773
770
769
768
767
767
766
765
765
764
762
762
759
758
759
758
755
754
755
753
753
750
749
749
747
746
746
746
745
744
743
741
739
738
737
737
736
735
733
734
733
731
730
730
727
728
727
725
725
724
721
722
719
719
717
717
717
716
714
713
713
711
709
710
709
706
706
705
703
704
702
702
700
698
699
697
695
695
693
694
692
691
691
690
689
686
686
686
685
684
682
682
681
679
677
677
675
675
673
672
671
672
669
668
667
668
667
664
663
662
661
662
660
660
659
657
657
654
653
652
652
651
649
648
647
646
647
645
643
644
642
641
640
640
638
638
636
635
635
632
632
632
629
628
627
626
626
626
623
623
621
622
619
620
619
617
615
615
613
612
612
612
611
608
609
607
605
605
605
602
603
601
600
600
598
597
597
596
594
593
592
590
589
590
589
587
586
586
585
584
581
581
580
578
577
577
576
575
574
574
572
570
569
570
568
566
565
565
563
562
563
562
559
559
558
558
555
554
555
554
553
550
551
550
547
548
546
546
544
544
542
542
540
540
537
538
537
535
533
533
532
531
529
529
529
528
526
526
524
523
523
521
520
520
518
518
516
514
515
514
511
511
509
509
507
507
506
505
505
504
501
502
499
498
497
496
495
494
493
494
492
492
490
488
487
488
485
485
483
484
483
482
479
478
477
478
476
476
474
472
473
471
469
470
469
467
465
464
465
462
461
460
459
460
457
456
456
455
453
452
452
450
451
448
447
446
445
445
443
444
443
442
440
438
439
436
437
436
434
433
433
431
431
429
428
428
426
424
424
424
422
421
421
418
418
418
415
415
414
414
412
411
410
410
409
407
405
406
404
403
401
402
400
400
397
398
397
396
393
394
393
391
389
390
389
388
387
385
384
383
381
382
379
380
378
378
376
375
374
372
371
372
371
370
369
366
367
366
363
362
363
360
359
358
357
358
357
354
354
352
352
351
351
350
349
347
347
344
343
344
342
340
340
339
338
338
336
335
334
334
332
331
329
329
328
326
327
324
323
322
322
320
319
319
319
318
317
316
313
314
312
312
309
309
307
307
305
306
305
304
303
302
299
300
298
298
296
295
295
294
293
291
291
288
289
287
285
285
285
282
282
280
281
279
279
276
276
276
273
273
273
270
269
270
267
266
266
265
264
263
262
261
261
259
259
257
255
256
253
252
251
251
250
248
248
247
246
244
244
244
242
241
241
238
237
237
236
234
233
234
233
232
230
228
228
226
227
226
224
222
223
222
221
218
219
216
217
216
213
213
212
210
211
210
208
206
205
206
204
203
202
201
200
198
198
198
197
194
195
192
192
191
189
189
189
188
186
186
184
182
181
180
180
178
177
178
175
174
174
174
172
170
169
168
168
168
165
165
163
164
163
162
160
160
157
158
157
156
154
154
153
152
149
149
149
146
145
144
143
144
143
142
139
138
137
138
135
134
133
133
131
130
129
130
127
126
126
126
123
122
122
121
121
119
119
118
116
115
113
114
111
110
109
108
108
106
105
105
104
102
101
102
100
98
99
97
96
94
95
94
93
91
90
89
88
86
86
86
84
84
81
80
81
78
77
76
76
75
73
74
73
70
71
70
69
68
66
65
63
62
62
62
61
60
59
57
56
55
54
54
51
51
51
50
49
47
46
44
43
44
42
40
39
39
39
36
35
35
35
33
33
30
31
30
27
27
25
25
25
24
22
20
20
20
17
17
16
16
14
13
12
10
11
8
8
8
5
6
4
4
2
