1000
1001
1000
998
998
998
996
995
993
992
992
992
990
990
988
988
986
984
983
983
982
982
981
978
977
978
977
976
974
973
972
972
969
968
967
968
965
965
964
963
962
960
959
958
959
958
956
956
955
954
951
952
950
949
949
948
945
946
945
943
942
940
939
940
937
938
937
935
933
933
933
930
929
928
927
928
925
926
925
922
923
921
919
918
919
918
915
914
915
914
912
910
909
910
907
907
906
905
903
902
903
900
900
900
898
898
895
896
895
892
891
891
891
889
889
888
886
884
885
883
883
881
879
878
878
876
877
874
875
872
872
870
870
870
867
866
867
865
865
864
863
861
859
860
859
856
857
854
853
853
853
851
849
848
849
848
846
846
843
843
843
842
840
840
839
837
837
835
834
834
832
830
830
830
829
826
825
826
824
822
822
821
821
820
818
818
817
814
814
814
812
812
810
808
808
808
807
804
803
802
801
802
800
799
798
798
797
796
794
793
792
790
789
788
787
788
785
786
783
782
783
782
781
779
779
777
775
776
775
774
772
770
771
768
769
767
765
764
764
764
763
762
759
760
757
757
757
755
754
754
752
750
750
749
747
747
747
744
745
743
741
740
741
740
738
736
737
736
733
732
733
730
729
730
729
726
726
726
725
722
723
720
720
719
719
717
715
715
715
714
712
710
709
709
707
708
706
706
705
704
701
701
701
698
697
696
696
694
693
693
691
692
691
689
688
686
685
686
685
682
683
680
679
679
677
677
676
676
674
672
673
671
670
670
669
668
665
666
665
662
662
660
660
659
659
658
656
654
655
653
651
652
651
649
647
648
646
645
645
644
643
642
641
638
639
638
635
634
634
632
632
632
630
630
629
626
627
624
624
623
622
622
620
619
618
618
616
616
614
613
613
610
609
609
608
607
607
606
604
602
601
600
600
599
597
596
595
594
593
593
593
590
590
589
589
586
585
585
583
584
581
582
579
578
579
578
576
575
574
572
573
572
570
568
567
568
566
565
565
562
561
561
559
560
557
556
557
556
554
554
553
551
551
550
547
547
546
546
545
542
541
542
541
540
537
537
537
536
535
533
533
530
529
528
529
527
525
526
524
524
522
520
520
519
519
518
515
516
514
512
513
512
509
508
508
506
507
504
503
504
503
502
499
498
497
496
497
494
493
492
491
492
489
490
487
486
486
485
485
484
483
480
481
480
478
477
475
474
473
473
473
470
470
468
468
468
466
464
463
464
462
461
460
460
458
456
456
456
455
452
451
452
450
448
449
448
447
446
443
442
442
441
440
439
438
438
435
434
434
433
433
430
430
430
427
428
425
425
425
424
423
420
420
419
417
416
416
414
413
412
412
412
410
410
407
406
407
405
404
402
401
401
400
399
398
398
396
395
394
393
392
390
390
388
389
388
386
386
383
384
383
381
381
379
378
376
376
376
375
372
373
372
371
369
368
367
366
364
363
364
362
362
360
358
357
356
355
355
353
352
352
352
349
348
347
348
346
344
344
342
341
342
340
340
338
336
337
334
333
334
331
332
331
329
327
328
325
325
324
322
323
320
320
320
318
318
317
314
315
313
312
310
309
310
307
308
305
306
305
302
303
302
299
300
299
296
297
296
295
293
291
291
291
289
289
286
286
286
283
283
281
282
281
279
279
276
275
276
273
272
271
271
269
268
268
268
266
264
265
262
263
260
261
259
259
257
257
255
253
252
251
251
249
250
249
246
245
244
243
244
242
241
239
240
239
237
237
234
234
232
233
231
230
230
229
226
225
225
225
223
221
220
221
218
217
216
216
215
213
214
211
212
210
209
209
206
205
206
204
203
203
201
199
198
197
196
197
194
193
193
193
190
190
190
188
187
187
186
183
182
183
181
179
178
177
176
176
174
173
172
173
170
171
168
169
168
165
165
164
163
161
160
160
160
157
158
156
154
155
152
152
152
150
149
149
148
147
145
143
142
142
142
140
138
137
136
135
136
135
133
131
132
131
130
129
126
127
125
123
123
122
121
119
118
118
116
115
115
114
113
113
110
110
108
108
106
106
105
105
103
101
100
101
98
97
97
96
94
93
93
92
92
90
88
87
86
86
85
84
82
81
80
80
80
77
78
75
76
75
74
72
70
69
68
68
67
67
66
64
62
63
60
61
58
58
56
55
54
53
54
52
50
49
50
47
46
47
44
44
44
41
40
39
39
38
37
37
34
35
32
32
31
30
30
28
26
27
26
23
22
23
21
20
20
18
18
17
15
13
13
12
10
10
10
9
8
6
5
4
2
3
