2000
11830
13757
13792
12170
9682
13931
10075
738
1406
3265
8254
1499
2107
12239
4239
10981
4461
5228
12182
95
13225
15417
14757
14894
10834
9822
15817
15885
7990
1835
8832
8172
15593
10977
4343
13627
8908
2770
2717
14666
6035
10971
165
12494
11562
8756
7475
4375
2337
3657
4470
15562
7427
7580
2808
6613
1402
2625
10850
9392
8813
8035
1564
12758
3012
10259
10385
272
13029
1454
3290
7416
12426
7807
8263
7988
564
4090
716
7253
12100
5186
11167
3527
12766
13975
14492
2520
4952
13694
264
2117
5729
1829
14875
13093
440
13612
13365
1822
15067
5007
9238
11493
12815
5853
7833
1731
9944
8549
8984
6044
2088
4151
13923
3206
2126
767
5727
11430
14461
5991
13548
8543
12172
12423
5636
12613
10036
7354
14435
13455
12361
12025
13300
9176
1879
5133
10907
175
2035
8243
6219
8475
12394
8494
11681
2872
9261
5760
2655
7722
11752
203
4617
12276
978
10254
13241
15366
5960
11676
12821
2321
12054
10121
15850
2285
3607
10757
2460
5642
3001
13031
2469
3747
5525
14150
6620
3138
3911
13627
15212
4015
13830
3830
291
3160
2436
13533
2527
8396
13561
15348
10717
13967
9470
10567
4604
13077
9677
7064
7071
1030
8447
9540
4777
13972
12042
15749
5462
15953
13376
4675
8320
15558
8505
12964
2719
10941
14849
5246
7689
762
4594
2406
3082
2416
1326
7686
15493
11003
14751
10916
12033
7198
4456
5162
9523
499
4912
3337
4804
6640
8012
1477
6199
4869
2793
8918
4162
1642
14164
11851
6756
7110
2610
9838
9527
3936
1525
13372
14939
4628
8289
15324
11826
1097
4486
9701
5948
13750
1391
15105
4391
9403
582
10590
2625
3375
7860
6787
9369
6024
2639
125
1486
5249
14316
11013
13537
15841
12738
828
4469
5027
152
4647
10476
8990
2701
425
6741
4092
15530
15484
13495
4464
14426
120
12191
6286
11260
5560
662
2251
10037
2148
11852
8353
1514
9389
8194
14252
10217
1015
7631
14721
5663
2107
12063
12716
6884
2804
808
6414
6640
2655
10878
5066
7128
7069
11352
2388
981
12014
8991
11019
2515
4843
7724
4029
14232
4271
6633
12801
5286
14264
15874
15301
4723
11937
12017
11608
3094
1177
6374
9734
3833
1253
3153
10961
12674
14505
1701
2008
14872
10692
1379
1387
15535
9103
5416
2119
13374
401
3272
7013
3017
3146
10666
7740
3435
11036
7700
6529
12213
14075
4616
46
3680
7769
15359
4706
6274
1060
6714
9498
11752
8093
10885
15639
5549
4653
1758
7275
5054
9382
2640
8071
12528
13307
4164
15964
8343
11864
10845
8908
14291
15461
13307
6323
11582
12666
11030
6209
2079
6096
15707
2183
2542
10593
1823
8091
3598
7933
15366
8653
5668
2007
724
2196
3666
9240
6512
361
5105
5710
9269
7748
9523
10928
14072
5106
7595
13454
15667
14026
7902
15374
209
10444
14319
6384
2535
1918
2670
6254
14923
8338
12613
15647
14886
279
13240
9751
4992
6697
15461
14261
14445
13336
9190
869
2442
5137
14323
6461
7515
6226
5836
7724
5022
8507
2461
11910
10425
9483
2164
9348
1821
3129
13348
5059
3408
10588
14810
8400
1285
2623
11013
4082
15960
8555
4952
6754
2044
7627
13216
9559
2205
7404
5636
7228
15911
12449
3138
14689
5932
9654
12389
7753
12783
9737
12812
4543
8677
15975
1295
14314
2598
12308
6749
6910
9216
11701
13665
15612
3328
15233
9172
5534
6637
3160
1114
10900
15609
4252
9589
5541
13906
5979
1646
10689
4068
2810
15232
1098
2785
527
15412
9736
1187
6161
646
14755
6214
2663
14368
13895
6248
11892
7781
12885
15052
8895
12138
3013
13147
5727
8554
15405
11706
10200
10094
4127
1362
13678
5225
4148
2557
8989
13884
8096
3503
2882
6852
9717
9898
9572
7612
146
5464
3745
1384
8868
12640
13522
11881
9787
7601
8787
13544
7660
7339
7638
11787
8701
9668
1012
1201
577
14353
15085
8674
1856
6320
3878
15926
4570
13450
11890
4716
7266
15636
10452
4486
12276
7974
367
10416
15576
13506
7960
7236
4845
3951
7375
1898
13619
12739
3100
14197
11092
6537
11223
1301
12857
15101
1227
1427
903
13117
10496
8169
12753
4948
12655
13382
1275
1374
7798
851
14880
4110
12439
8077
8061
3814
9975
10033
553
13075
12582
15997
3613
12157
1298
4822
11258
2525
10602
513
3995
5098
13034
5100
14398
14041
2482
15673
3767
14632
524
2647
2743
1315
15076
15156
5129
13403
13541
10034
14831
10123
10032
2444
6280
11330
11618
5890
2208
6220
6403
6203
15670
7789
11303
14069
5830
2138
13742
9597
770
2619
596
7865
3934
4024
7022
13416
1428
4563
7450
259
3039
5834
7055
13671
5517
7025
3562
7725
13246
14317
2280
1268
10459
13583
3689
289
4073
1432
14239
4844
8403
14835
12709
12337
2860
8083
14105
8640
999
5556
8899
8390
15742
4306
6061
5259
11331
13975
1336
12929
645
7968
14198
11104
5552
1887
11393
13977
7671
9632
2821
74
12820
3883
764
4032
318
14869
12672
1317
8777
9923
9707
8520
14229
4121
2131
9560
2096
7820
6490
2741
15788
9040
13845
9692
15279
13591
7670
11303
11575
14843
15729
8395
2726
493
779
3045
15363
13451
8714
12492
7374
6774
9364
5603
10895
11496
3516
12991
7668
14358
4085
7456
11750
6282
5501
15381
3873
13171
10684
3801
12014
10414
548
3093
15259
1328
6138
2974
14779
3204
15467
10506
9978
8831
4461
4873
8679
7977
6217
347
10687
10302
12156
6437
584
1657
10171
8810
3180
4855
12611
15194
3621
13159
6639
2881
14487
1129
10207
1619
4334
9674
477
14312
6858
4938
7538
15537
1268
13755
4237
11955
12409
4745
6745
12993
6402
5268
10155
9582
10123
6766
13128
2097
8278
3768
9330
11117
4897
3537
12736
13583
1564
13213
11896
8422
6504
7786
12311
7772
5541
4900
8079
1950
9645
3176
3295
4399
8444
1803
13981
6920
12921
15462
9017
5199
7582
6699
317
831
10236
1405
14415
152
14619
14663
12926
9475
6449
9238
1247
342
2490
9326
6644
12136
855
14291
535
9299
94
2869
4571
13016
6683
1940
2215
14265
8639
6884
15096
7228
8290
1863
7380
11261
526
4307
4736
11327
1897
10335
11669
8739
8013
2313
4875
8868
605
9763
6520
5051
984
11091
2067
7667
13032
8635
10284
5671
15519
13732
12899
12161
15596
8632
7422
4474
12939
510
15802
3188
10845
15823
11927
2859
6489
5155
11727
7094
3270
2247
12145
4254
1691
2565
273
14723
11200
14909
8746
15071
12641
5646
11233
589
2630
2655
5064
15569
7518
9218
7109
2363
9041
3036
5222
3882
12543
5302
10976
15813
11901
11474
8419
13592
2391
8692
667
13591
7601
9414
12662
8595
3412
12247
9184
6042
3255
2600
9963
10773
11818
1072
13136
9212
8460
6711
13094
5004
365
12423
4817
618
12249
13237
14211
14640
10281
3230
583
1883
12644
1597
10478
56
13845
8014
6098
1100
10615
61
225
10785
5485
1713
8349
13946
8424
9796
2950
13141
6219
7767
13760
6820
9356
323
5460
3638
3553
6043
9873
198
7640
8703
4606
9837
717
15057
10937
15684
3470
11162
10470
8956
12876
7171
6902
9652
967
14204
6794
11538
5971
8906
2358
3680
9229
12170
7318
1134
6565
5543
1332
14206
14246
10291
12395
3315
9348
7333
3000
12818
6847
1822
5774
8075
8993
1028
1728
9961
15232
12874
5499
9556
10132
12210
13236
3361
8380
8906
4495
3298
14449
10180
5856
1047
8823
2251
4362
2171
9584
7362
3341
4784
9184
13468
12859
2178
14496
2939
491
13729
4165
10342
11637
14297
10904
8873
6010
7637
6131
14858
10935
8932
13390
791
9979
6213
3042
14341
8384
979
5704
77
5763
3240
13545
6974
9770
12042
14266
10261
14123
2431
8956
9760
729
3860
6985
11091
11497
13116
9949
6432
6048
7339
7223
27
13552
14618
2720
10288
15597
8424
10366
9712
17
7911
686
9787
8305
14952
8401
6428
5736
1357
4540
6465
5217
11525
1556
5067
12993
15858
11499
7393
7197
7075
7420
9102
5693
14493
3390
5290
11269
2108
15002
11286
10020
4040
5074
2325
7345
1827
13106
13081
3184
1646
7898
12753
13172
13806
1820
14517
13664
13320
5911
9214
4395
1683
2316
10088
176
10058
3730
11446
12167
7084
6732
10539
11124
158
1216
6821
1985
14322
8254
9521
4321
4504
6275
1493
2311
8095
10
4327
9767
10273
13541
2514
11957
4209
954
12133
14268
9036
7579
14787
120
2664
9326
15597
2822
14894
10770
4808
1569
3025
2681
5890
7529
8956
7383
14192
5404
11745
2520
3523
6019
61
10390
6328
8623
15696
2461
6891
8733
14393
10030
8853
1057
3356
12802
3879
6602
7573
13039
8171
14950
15721
14061
6479
13029
9796
4672
2433
5542
11544
10309
15913
11605
4699
6241
8580
4395
13054
15471
1480
11447
9501
10334
12504
1209
11488
4736
7812
3061
1775
15983
2011
5848
2397
12843
2878
12193
5867
9663
6087
1411
3972
10352
1368
13023
4945
9949
5771
2000
13772
7251
13447
7274
5937
9952
12835
5778
14688
8999
8839
4815
13335
15203
10664
15732
398
1894
11925
6265
15909
6365
7676
8234
717
13396
5257
5663
7345
15380
7663
5118
10984
9462
744
921
7766
1931
6699
10806
10931
3891
15622
8266
7446
14638
12350
7844
4884
12627
2461
4793
2992
14489
13027
8062
11885
6637
13725
3231
6017
9740
12701
1001
3202
13445
6275
10969
15376
1326
5775
14659
9569
9749
11277
1015
12739
7627
13211
1623
8607
15672
6417
15951
14161
7796
8013
10047
14433
10090
1630
8803
3830
14331
9804
11385
11776
4431
10706
15504
5758
4833
14164
15327
14583
13793
4695
15674
5421
1906
1298
2380
5931
12067
2331
4092
3863
14697
2491
2297
8787
4121
11100
970
2452
9256
707
2580
2040
11413
6437
12150
246
4601
15829
3181
2394
4524
2856
12167
10783
8506
2899
714
4573
5231
4806
8436
3928
7298
15085
1067
15771
14537
6389
2224
7794
7096
9156
9834
2509
15593
10336
7108
8546
10165
14641
15293
14690
5849
15812
9473
14355
2712
10187
7280
7943
3345
4069
223
14995
3154
5642
14767
1692
12032
5343
13838
3128
14499
12024
9990
2445
6360
5450
10991
525
4091
14636
3567
14293
14449
13040
1000
1161
11579
8281
13456
3277
12350
2031
2272
3856
7673
1039
5548
8057
6382
3386
11186
9234
15410
9528
11679
10122
14978
11022
10648
3069
9659
14215
5714
12460
15608
6715
13621
11187
14996
11077
2816
15698
1460
5089
3554
9133
10480
13455
5543
5215
841
729
14449
4604
10257
14480
14726
13587
13854
13726
656
11865
11942
6371
8325
11550
1438
5946
11089
434
5375
13906
4484
11187
7347
8038
8673
1827
9845
14216
7042
15039
3297
9843
7995
13554
12675
6721
15493
10530
8800
4501
6395
4742
10872
3073
4644
662
13371
4085
1096
7099
6343
9932
2286
13690
6323
10959
3870
168
9175
10912
15207
12472
9108
7202
14378
5783
2276
13871
313
11076
2373
11061
4170
1597
14134
13166
2260
15857
5603
7708
6956
299
5993
9243
2341
12316
8554
6211
836
1730
5476
44
2554
14584
11598
5285
4367
2226
3156
9033
1654
9881
8446
10176
15831
10932
11694
6443
10789
1298
14151
1746
1597
8496
15341
3938
4812
7895
14502
5649
13977
3978
10045
532
6914
9995
5817
11281
574
13325
8666
2228
7207
1112
757
11390
12044
12451
1833
6834
13749
4336
12932
3698
12833
12273
7637
5997
4168
10491
11646
2146
14469
10043
7030
5383
8391
12847
5016
8965
10172
2035
11193
5731
3147
11950
1121
15192
12754
7306
10378
10503
11643
7310
14202
8476
3583
10191
14473
7751
9034
14472
14249
7503
12867
5279
1238
5258
6478
10606
14223
5003
12641
13769
10734
4141
14071
208
3333
10825
7514
13711
5329
7509
5021
7883
15985
12956
6426
2811
9059
15460
1283
7309
11315
14150
940
905
7761
7419
11511
5984
12422
12505
3753
11508
646
1825
11716
8331
12650
7583
10394
6331
15092
15415
2566
3430
723
8992
6241
9782
8452
11876
1091
8119
14378
2032
9024
6139
9451
8888
476
10225
5393
4229
5733
10391
10406
1450
2722
11409
13385
13116
1740
829
883
8659
4259
1606
1651
14852
15740
