16000
3463
8470
5369
6099
12902
12776
99
13222
9577
13759
378
11920
3811
15552
437
6395
3517
4576
3828
2008
9979
7301
1823
1490
4380
3718
12091
11836
6507
12388
5871
9970
4859
11240
70
1761
12368
4521
14983
5945
2281
3714
6218
6092
3266
11007
839
11136
15583
9020
13144
9562
321
14967
11052
4701
7038
7143
537
13545
7884
10760
11868
12743
6000
11938
2856
6720
4811
6191
12666
11444
9905
2884
1536
13172
13891
6728
12660
1826
15748
9804
11388
4421
8772
6440
9123
15810
1936
14012
1707
9820
8773
13575
10915
3125
13865
13771
9846
2677
3962
10864
14121
13868
13748
4010
15392
15991
15090
12052
1817
14838
5856
1557
3259
2980
7997
734
7142
14285
3099
8850
8105
224
10777
7372
7701
8643
5143
5899
15672
9106
763
2145
11326
14511
6155
10718
2854
9597
6770
4671
8435
978
10580
47
8311
2578
5133
15453
5215
8232
12655
13321
12808
7433
4693
4510
4428
14189
10409
8452
11647
11173
10597
6973
14036
5105
6043
891
14702
1165
9914
11490
2143
4495
11537
10454
11425
670
14260
640
13255
10915
2313
10063
6700
11359
14573
15480
9548
13335
7932
5195
8508
6882
520
10896
11987
6563
139
15041
7728
10054
10531
14223
2901
6068
13030
2678
11091
11290
3318
8346
10557
9984
2409
5610
5343
5335
9442
3243
7022
1375
12790
3882
12609
13310
14778
8596
3873
14918
7637
15953
13324
2169
14176
4577
12589
15558
7255
7680
15200
14925
4378
14110
8909
11140
3720
14252
475
1514
1495
7497
7241
14285
11379
3850
15947
14509
12446
8172
13427
8436
8125
15103
14957
10654
3680
15898
14564
10935
7579
13765
14213
309
11875
7122
11449
3947
9727
11924
5461
15574
7773
12703
2212
7504
553
2159
10366
1352
10332
7793
14140
6809
11249
13097
5815
14929
12995
4380
14217
8926
6497
12430
9236
6724
7904
9037
10671
1631
4962
4484
1206
1087
1187
3418
12944
6093
5577
7310
11797
4261
3455
9937
15423
14704
11386
9590
1986
12733
2322
4555
5660
8819
5337
3248
15543
13241
12285
10214
14873
5599
3051
4431
11039
4238
7849
7983
14683
1778
3645
10480
10392
11452
4417
9815
14509
15803
7757
495
12537
10080
9402
6549
2899
14739
14149
6795
332
14786
5361
15205
4386
8412
7988
3777
12651
15837
112
15686
5968
3757
10167
360
3561
2936
14527
2070
7092
6284
2565
7981
364
319
2882
7616
15058
1031
14411
3743
4169
3772
2948
12907
12185
15289
684
13188
15126
796
12874
5094
8905
11393
9806
12467
2682
8333
14537
9774
2970
5455
6107
3334
5774
8989
10950
9185
14372
9361
12928
2541
1486
4228
15449
13671
3517
4485
10859
6996
5282
12085
442
2539
11831
10249
15006
14513
6934
1896
12639
9904
11703
2746
1591
1477
87
12541
15014
2811
10255
11942
5352
93
4523
9153
13764
8040
13639
12975
15036
7273
13412
15479
9812
9243
14080
13171
7756
5014
3419
4395
14919
15122
11493
510
4951
11580
1403
3966
14391
10
15908
8096
103
8783
5601
2219
824
3240
3546
4212
14865
959
8043
13030
10202
6123
14553
6311
11138
1972
15058
14409
5446
10552
3271
10397
10484
9026
14363
13228
9037
2624
5324
13492
11407
15277
4064
583
6870
7610
4796
5735
12921
12839
2765
11476
2963
5670
1787
2453
7642
5197
862
1440
4101
4133
11838
14586
1511
10201
166
10548
1177
9842
12393
12585
9119
4809
13168
15989
771
6316
5725
13693
3156
12842
9169
10471
2513
15308
12924
14507
4505
13786
15948
8607
6271
138
11545
7782
10339
11711
6683
15869
5553
7428
806
3024
12237
13974
3014
13008
8643
13091
15053
11799
9933
8222
6270
798
11882
7546
3658
388
5332
3606
13347
15955
3744
13244
12089
2435
13307
2772
6656
7212
14552
7462
10236
15141
9789
13250
502
2432
14693
15555
2583
8627
12130
8853
13777
8012
399
1435
12752
10083
9393
14451
14390
1489
11695
10479
8277
9002
1604
14933
214
156
6396
14803
15298
4537
405
15800
6969
15099
3707
9552
12078
15837
6757
9855
12202
11508
15643
8954
5591
13388
7406
8333
14878
7453
2812
11507
4808
4416
10440
9374
8925
5188
8177
12575
14077
8583
727
5046
12034
4434
2950
8112
8624
9707
6319
4826
9567
5962
13780
15158
7703
9538
11843
6581
5344
14656
2088
10152
7424
880
7878
349
10421
4408
12924
8498
1343
13651
1897
13377
6438
4847
9841
15062
2907
160
3888
12474
10475
6020
15985
2178
3911
11828
13111
9255
14836
3551
7759
6261
8783
3989
6610
3204
8397
7887
55
9740
9890
1952
7117
328
6799
958
3742
14058
5471
7630
10533
15946
2003
14870
6476
5914
10698
3587
3521
9535
7138
15632
4148
15921
3621
15110
7478
371
6997
7533
10111
5240
9485
5581
9920
4636
6539
13663
2695
12010
9645
1580
308
11648
450
6784
5914
11148
14723
13787
9035
10213
1771
13183
10135
5393
12294
5965
10116
7643
13498
4227
1235
11335
9808
11156
15971
4700
13171
7018
5062
6816
8598
5371
6817
9048
507
1083
8549
15231
14871
1584
9444
642
3120
7931
10387
3766
13896
4503
15761
15746
13083
997
11081
11243
12153
15405
15943
13676
6423
5006
8844
15022
14729
4013
12422
15236
5097
4971
2819
8320
10908
12264
13314
2380
4195
12054
6146
6444
4909
5907
10542
1992
6904
5624
1588
7409
9381
1531
5085
4156
10889
2282
7530
9618
6295
3953
13207
15744
13276
26
8064
8184
642
5379
10564
9190
5785
5062
15634
10694
10970
10176
1039
6226
4152
2627
13636
1885
4158
7073
6042
3400
9355
13572
1370
4003
5877
14577
3747
3154
2956
11812
15690
3598
5543
14607
12788
15680
3669
774
10374
2991
10951
15765
9218
3455
2392
11206
9693
10903
6631
15735
14303
15987
1659
15673
8342
7537
2603
12089
15043
5559
12253
3085
9157
1796
1692
10298
1476
5362
11072
203
12705
6023
15968
5923
13831
6713
5481
7524
1616
12113
11611
4271
452
13270
3944
8794
9159
10899
4883
12554
458
1137
15640
13968
7285
5684
8266
13114
15398
3338
1669
12104
13714
1637
2027
15897
8350
7509
7421
14318
7974
7384
2589
8426
4654
10886
1220
2166
5785
6103
3072
10596
11592
2712
8564
7230
12749
830
4344
12147
8520
6013
8251
6234
12002
14631
6131
8705
10492
1904
7023
2466
9288
9613
10892
2295
8851
12112
4461
14636
6567
11885
9232
6512
2950
6148
13742
15699
11330
6438
11846
3851
12451
4098
10085
12805
7081
217
5510
1573
2121
12534
4039
15762
10499
3283
2057
3350
3747
6518
6338
10314
6755
3923
826
9705
10071
2920
9404
5402
9358
5251
9253
10161
13701
7690
6967
4782
12259
829
6355
14381
1715
14746
14143
12214
2029
4552
3916
5776
15422
14607
4442
6177
2530
9621
15883
953
12541
9287
10707
5900
2890
3960
61
591
3
11380
9725
12262
12210
4432
14995
13925
3178
1490
14492
9559
6042
6760
3687
5464
5367
12482
11642
12249
6103
11525
13203
6996
9164
7910
12896
12055
223
1310
998
4578
1042
10724
840
1604
15156
15836
3882
6687
1326
6726
246
7369
13486
8286
12833
7206
4768
12827
3455
15223
8352
5010
6219
1517
1273
7468
1924
5848
13130
2922
10426
14172
1998
11266
4129
1155
15454
8011
7842
781
14737
12440
12502
575
9078
13687
7781
13846
10515
15589
1421
2867
4599
7641
8736
10224
3461
15012
72
591
1935
14850
3115
3933
14469
7244
9440
13923
15255
5634
3056
2344
6427
15558
2920
15505
13246
10701
1704
7761
14642
3125
14980
7594
15118
12069
1818
2579
11081
6243
7522
13016
9445
10638
5302
7914
6234
3094
5838
9842
13081
13246
12186
3508
12805
15106
3013
14403
14160
4717
10516
12802
12195
9496
8748
11313
5565
10567
2245
4999
5162
9767
6367
14607
4405
11669
6522
14992
3116
712
8834
197
2310
5020
3705
3467
8479
11070
1870
10991
4140
738
12145
335
10235
4894
0
4152
3813
2245
9151
13327
12013
15519
11934
4770
15540
6808
3762
7008
11872
12596
7205
14183
5969
15262
1650
2800
10333
7873
13791
14473
8611
14288
3160
7198
7534
7512
15703
11347
9758
13206
8674
10123
12725
8961
14893
618
4121
2656
7626
15994
3604
3184
2529
13925
2446
8531
725
1131
404
2868
3956
13368
1157
11468
4566
13043
2981
8621
12743
12739
5828
5417
6862
6905
2730
10107
7523
6852
12763
3502
11198
4720
11038
13727
2645
13484
6258
7723
2968
11015
10591
6924
12735
100
2393
5653
13144
5374
14275
9887
6465
4103
3656
13327
11008
10739
7434
6884
1591
8550
14738
12789
1622
9776
14868
4267
11612
5126
11990
14580
4493
10934
5505
1228
11034
12250
6882
12530
1624
5157
10769
8089
13612
14426
9768
12972
13517
5554
3856
15108
2456
2594
249
4078
722
15117
12698
12335
8595
13040
15267
1441
7974
4772
2669
7361
1022
13903
3891
6998
7412
14661
3439
5024
1439
1559
1997
14956
7114
10205
2416
13922
1152
7017
2001
1874
6134
3051
2561
3081
91
1829
4522
8066
10953
11544
15427
328
9447
7670
7326
860
10683
15118
10236
12122
677
12233
15430
12143
10791
6198
10066
11943
13215
12067
13817
7701
15118
4731
10783
3561
6560
3657
11627
1513
15201
15406
1841
13001
11429
13520
2213
6112
12638
12449
6587
13315
13035
10369
9459
7826
568
7877
3769
2135
8296
5938
9837
7414
10669
8972
15327
5581
981
15307
7095
183
3065
13288
1536
14494
10808
3749
8959
11798
198
15546
9114
1585
14267
6925
9411
14835
14802
1532
5323
7098
11823
15160
2864
6492
12484
6543
426
13465
5850
7521
2000
8916
9161
3536
11762
3970
11637
4721
15768
11836
8619
13234
13421
6887
8511
11185
10074
11665
12717
3749
7115
8540
2909
14331
3385
3745
4875
3811
1211
10725
15684
7563
7993
8845
15452
3756
1167
11089
12829
936
11277
5449
2522
13051
688
11034
8236
15114
11051
9305
2864
2167
6198
10125
498
9583
13871
5373
1746
3434
4451
5782
10997
12444
14627
10449
4552
4147
9891
1382
9435
5168
11183
11957
2219
223
11343
14807
15337
6395
8113
6553
8562
14311
679
13412
12246
2902
2786
2344
6336
11589
8126
5685
12385
11105
4487
5290
15252
14378
6672
8687
3546
6207
8997
10118
6430
4340
8925
10119
10735
1038
673
7649
3701
1352
5062
4299
8606
12200
6643
14942
7789
3121
4627
8526
14227
9114
13816
1831
7492
8840
10519
15391
15047
3516
9509
9829
12208
2434
3949
11296
7825
8974
2945
15878
10326
12359
4178
7284
8559
15173
6226
4700
2295
15205
13227
522
12672
15395
2353
4164
8236
1224
7907
11635
9092
1416
5465
5301
8203
9414
597
4380
2388
7894
4258
1066
4254
8436
8350
1165
7610
2928
5866
9905
2133
7445
14779
14805
6840
5484
7322
15076
6709
3581
10712
15801
9350
4529
9454
1553
2295
10051
5933
9035
6298
14543
10101
10552
6980
6803
11717
2942
14083
1583
1199
4568
13380
15978
7726
4221
5462
15048
7649
523
6981
6713
4677
331
11242
14131
6236
13537
12535
521
6572
2833
15065
5025
13385
6045
180
13454
13339
14263
3390
14538
2832
770
14516
14910
4991
8330
2310
993
13206
9291
7706
1883
9623
2949
4366
15859
486
901
4733
11411
3734
3798
436
5471
14195
617
7278
11534
3232
10668
10072
10416
11438
12940
9326
4782
5270
11636
5775
6828
4928
13481
8711
2903
4782
13078
7114
5269
2331
11847
680
10418
15645
5468
15889
13840
10437
11519
13726
13670
6187
7798
12438
1626
9090
10117
10760
2713
5753
4887
9541
15033
2368
2253
6288
7151
3683
13403
772
6014
13602
5804
432
1600
15624
4674
3792
10062
193
1519
12084
10733
13669
8522
711
6760
2639
11471
9473
12745
358
7366
130
7078
9619
10771
2581
1654
12526
7705
12021
10128
13509
805
11728
13134
9831
15521
11548
14377
5392
7632
9110
3061
4506
9821
9821
11498
5292
7646
12595
10002
15013
12725
1080
12984
11848
8014
2991
8374
15719
15012
2503
1581
15817
2583
14715
9649
2104
14615
8026
11848
10599
5488
14910
15105
15309
13083
10603
8953
9082
11550
7307
8095
12628
12739
9431
8476
4753
12422
851
4473
15786
7706
6054
15604
10289
9121
13605
746
12088
9983
12594
6687
3823
11504
5792
3132
12940
4748
437
6022
298
7744
2469
12926
4483
11900
9755
13589
12675
10606
2062
12461
2312
12468
417
12601
9941
2374
1699
6029
709
14294
12716
4532
14150
2508
12016
11090
11608
12453
1112
259
8549
7933
1537
1385
8186
11292
14974
4861
10250
1036
5674
914
1856
10444
1868
11797
12818
3567
6178
1880
1861
2894
6412
12
9754
6781
11102
5363
3234
567
9974
136
8500
11511
1521
686
11156
495
9899
5406
5883
15574
6321
7739
14370
8189
7888
11188
11756
14066
1420
1970
5312
7833
1982
15066
2966
1436
8781
6200
6355
2755
6336
3208
14267
12209
8246
9423
12704
2146
3181
2587
6072
9502
14678
4442
6043
10918
3982
6152
8984
5403
8122
14296
1588
14456
1715
4554
4244
10496
15106
14952
1604
9795
2160
4223
6004
10406
13646
2709
904
5179
9648
6976
3034
12679
15770
9077
7597
8105
3581
4934
13508
11703
3230
3448
14511
9297
8002
7108
3794
7108
6060
5398
5255
12572
9621
11260
11330
11619
2321
12235
798
321
7563
8184
13000
11686
1262
4598
3791
4843
13884
1299
4899
5466
4747
7762
14764
1101
14870
2558
12561
9282
12308
1817
5854
10281
1429
1185
5900
3750
1772
11050
4071
9335
3235
5424
5021
8849
14374
8812
2044
12258
14463
6943
1724
7562
3058
488
13015
6280
7398
9577
15563
3706
15746
9769
13987
1175
15306
8239
9277
5430
3290
1700
14766
10877
7124
8139
3726
5498
5304
10122
6108
8119
1066
7833
15682
8476
12673
12697
14756
4072
10626
2671
12130
10372
793
10118
11547
99
6709
9176
9882
14351
10877
8648
9228
2001
5139
1306
11852
10443
11429
6312
6915
847
14145
6597
9323
15171
7646
12431
3243
2273
15103
3725
12645
15896
2195
12545
4347
8905
10073
14229
7256
4950
11229
4837
11304
4721
10495
11508
3516
5924
1820
10431
11123
4318
5380
8798
3489
13027
5230
11084
15300
8685
14809
297
12933
1005
1194
5632
14262
11268
8214
5518
4570
7795
14707
15874
12516
9203
11382
33
3479
1555
14816
2955
5873
4197
11753
13714
1224
5335
8798
4876
2372
11959
9525
15305
1316
15072
4938
3930
10340
13152
13801
14910
4947
12508
3137
5816
5711
14519
10201
13543
74
9017
498
10299
13214
12251
8013
2790
5939
5163
12018
8311
5475
5544
7617
6791
4616
907
10722
3308
2411
12875
6570
7358
9383
9707
1526
3447
12579
11727
990
1005
4745
1488
11305
6311
2091
7670
13454
8030
1186
13824
342
6661
3368
12311
1804
12336
13218
878
3996
15629
13753
10567
11339
7137
8626
12866
10584
5205
12945
15926
10563
6042
1414
10220
706
7857
6242
14160
15888
7428
11984
4582
14089
3705
893
15894
4393
2463
772
12742
6444
2878
7309
6135
10015
4287
3001
8951
13845
4299
8877
8408
10341
14643
6980
11047
6500
13222
13559
10740
4651
9544
15322
2740
1601
4567
6986
10346
7030
12111
7088
1826
14989
2749
7962
13356
7037
15315
10659
9234
3614
3536
1642
13956
6531
12974
13355
1383
10196
10915
12124
14847
8811
15798
5940
10412
4366
1278
4758
15748
13389
199
1575
730
2948
9537
2438
14337
8852
13097
7571
819
4985
13565
14775
15868
10539
12130
1252
9088
11397
13376
12287
4208
13174
2227
14620
5892
7858
7731
5641
9599
12282
11568
14682
15230
5105
1120
1920
2309
14218
13843
3128
7555
11409
6255
7424
10300
6738
8676
7740
2135
10404
4028
6344
11930
10607
9316
1823
2465
1047
11816
12065
13329
7384
10747
912
841
11867
7184
3150
14437
5027
10631
10345
4788
886
1769
3441
11976
14797
11181
14112
13553
15209
8808
9483
9817
2124
11306
12282
7524
11474
12699
9205
2858
7446
14469
3699
7666
5653
11202
10455
10681
5833
9152
15469
11071
10921
2910
7048
14070
2444
5160
11623
1653
13968
5107
15822
4444
4765
12105
11968
240
13156
5174
7450
8955
3643
11150
621
9297
10704
15428
8330
537
8581
12151
11608
7854
3414
2656
5925
5858
12168
5900
7511
14488
15359
11686
2933
4125
12143
14901
8717
9299
4075
167
2254
12071
15669
7227
9720
10373
11008
2050
15262
3589
14201
10871
15795
1615
1879
10072
11825
2400
15973
7689
888
15332
3375
3821
7809
15518
7075
4878
8817
15502
9398
11072
11573
9067
6651
5293
7793
1659
7343
7055
9600
9897
6278
9396
15864
12510
7820
11690
14910
12145
3379
15798
15830
6754
7972
7639
6272
15047
870
3441
14549
10268
2865
10123
3335
9517
3768
15480
15528
15464
6536
9129
9361
1166
6877
9225
13676
14697
9267
12586
15195
12646
737
15025
3400
13061
11016
14024
12108
11886
1466
15009
6154
8683
13484
13842
2200
1253
13322
1729
5069
8210
15210
14430
13729
10439
12007
11405
13488
5275
12344
12683
6273
1433
11708
14026
14494
6725
12050
14954
2611
1868
13963
13118
10552
11448
10960
1104
1053
12634
7185
6122
9197
10747
8904
6926
5186
9263
6683
2675
2890
7379
15358
9164
8812
15419
7190
11658
10496
7592
10612
1459
13813
12928
14577
8365
12728
13889
13821
2133
10524
5007
12607
3721
15754
5511
14999
4941
3126
5682
11968
6017
13062
15678
3533
10226
3449
15075
5885
13945
6667
4849
15405
4480
1777
13982
1197
2857
11872
15019
4990
10748
8378
1597
2821
8132
11460
1820
1425
14587
7502
1745
8956
8916
1424
12489
3143
4873
15916
13380
7171
6583
2229
6576
15416
8359
8910
4965
15568
9134
3984
4559
3882
714
6156
6703
8847
5969
12875
14624
4556
8730
370
1864
1646
6146
2705
9141
15371
2621
10873
6542
13556
1455
1470
1324
9814
10381
6290
9382
7867
14626
2293
11750
15341
12802
6805
12540
2771
3681
11164
11679
763
15886
13543
2409
6032
248
15903
9756
7221
10776
4650
4777
12231
6121
10454
10397
4854
744
8132
1073
3722
10425
12823
3063
11579
7981
3955
14350
14
15120
10029
777
3358
11924
7538
13743
524
7441
7499
7745
6570
12149
875
7153
6622
11329
1551
15828
425
14035
902
4147
12812
2077
11563
8392
14410
15518
11094
14424
2990
9476
3553
6349
5400
11092
4092
5925
6885
15943
2022
1807
444
7249
8961
7067
6930
14864
11247
7355
12899
12149
15855
14063
2579
11418
6455
989
15288
1550
15414
2279
15378
7319
8628
4778
2411
1072
15055
13649
1015
5430
15456
1459
12679
8417
12878
3610
7281
12478
15317
8532
8627
15172
6596
11206
14942
1403
12196
14231
7305
15962
510
6683
7281
13490
15814
14045
14562
14869
11694
3929
8651
11150
9740
5331
7920
10971
13293
3553
7449
962
438
4428
135
7034
15635
15077
12789
183
1660
8447
4497
2170
15130
130
4012
3296
14175
2574
6518
14221
10855
15169
9372
4596
8852
5644
15567
10497
9197
11368
11460
9635
15796
11595
5021
15431
15024
6163
3966
685
14610
12815
7207
2092
12946
11220
5389
11121
13794
11907
9343
13002
11076
7067
1598
3929
12711
5517
14426
10260
5237
9886
8248
5033
9833
1621
8817
8858
7784
12783
13895
6394
9599
5102
8487
6545
322
13876
6018
2469
9783
15361
15471
9211
10780
5421
1492
7491
15290
4271
6104
4527
2509
2704
9560
12343
4325
2377
9553
12110
3513
7448
6856
1464
902
15343
12361
1225
1571
6731
8046
15706
6093
7517
8918
5225
1290
10410
1069
580
3033
7173
9459
5543
9877
3019
6238
14202
9749
15791
14664
1614
11591
5521
7430
845
4864
8143
6422
10788
14874
14468
10494
9319
10337
3412
14545
11627
2175
15614
559
5208
11139
10018
15103
5016
1390
5341
7570
15491
9484
6235
5457
9427
108
12887
10273
9324
5030
695
4112
8256
15164
14607
1576
13853
6371
121
9481
12898
4087
14392
6459
15226
8411
5562
4242
14153
10904
164
13644
8740
10751
3101
2168
10859
4340
12441
4184
13722
1488
12648
5978
5004
11255
7554
2858
1627
12027
691
14525
114
15083
4984
15340
11846
14899
7934
9999
14155
8099
11995
6895
7202
3448
13415
6414
7788
14208
10598
9862
15697
11598
15841
4701
6854
11747
11911
12833
7775
12602
15710
7889
11686
9047
7230
7532
7946
3516
1532
10453
15967
1879
1348
7170
5328
3116
13584
1468
1324
12534
11331
1021
8132
11172
10075
3338
6919
5986
171
3046
2589
15882
10936
14275
13281
6518
10159
5227
14386
43
15680
14354
1923
5380
5524
7251
8496
7460
13071
9821
3994
8402
15194
478
7926
13621
3817
3198
7960
8340
6244
10549
8222
5532
13176
5503
402
11687
15082
14789
11731
3114
13143
13654
12847
7019
9257
5343
2831
6328
3516
11177
14731
7063
11655
11009
9036
3824
14207
996
12165
8804
15897
8739
14336
1425
2595
14739
13113
1677
1880
8844
9144
3375
6498
5991
10394
15755
15686
13225
10435
7555
8402
9166
2970
8409
4176
12006
12234
6735
1355
8399
15539
1252
1138
13876
2678
3733
967
15791
9763
2847
12987
7259
6222
7837
13250
4968
11944
1288
6545
6379
8843
3299
3898
165
11708
8074
12172
12294
3161
1879
9045
2701
3131
14536
4929
10161
6621
5896
9952
384
13095
11291
11995
7669
3128
9245
12637
15072
14886
7534
5452
12081
10833
9350
12247
10893
5776
12771
11540
8937
14650
4585
15990
6133
3121
4919
295
14095
10815
14599
14479
12262
9891
10475
3931
13019
8072
4920
444
6958
12454
10248
7392
11639
3598
3639
10885
13726
4762
6425
11015
3412
15362
11006
9545
6836
15925
14192
4931
15093
12792
7762
11355
11035
6589
3639
12406
3014
8559
12850
14324
9366
7098
5716
9357
15048
9355
8594
1126
2469
3371
12142
5881
2734
11500
3779
13922
15777
6323
2853
14870
3115
10615
14578
14150
5557
2217
10557
8571
15128
11759
6895
12846
2858
12612
6204
6258
10319
14798
7385
12789
2170
7879
7022
9256
3379
15153
7178
3156
5477
10031
6379
8592
8998
9309
11095
14555
11526
10004
11478
15006
5763
2374
11853
12973
3338
2057
3232
13657
5207
14969
10446
11729
6848
5821
4985
14579
4974
12163
6087
10451
10546
818
7396
7897
10127
2491
10804
5653
12495
6283
4660
6610
8657
4865
3584
11995
11274
11168
14004
481
14489
12803
12211
9689
2624
5548
12620
7598
1712
2707
2050
610
3526
9446
8507
13653
289
3312
7659
1136
13947
671
7746
6604
5536
15682
6951
810
15202
9307
5643
13691
6110
6206
11732
8734
11755
8352
4685
1819
11060
11087
2429
2938
4533
15289
4943
9174
2601
12602
10310
548
1625
6408
11504
11513
6091
6807
12323
9645
4466
6319
11689
10577
12525
7421
7663
8280
15774
700
14451
15186
11787
881
6476
4672
4522
11419
13846
7123
12374
12508
12023
13999
2917
11879
9513
13360
7038
10188
7005
11504
507
7046
10433
1385
14468
2097
9665
2594
7149
8117
1780
2937
13350
8256
7609
1872
8027
5456
13347
4401
1964
13722
6753
9233
13953
266
6593
4991
10454
1951
4847
15314
8997
15281
699
7465
5730
14716
14411
12879
11185
191
4168
12887
12799
11778
14759
9179
5586
458
13580
11902
2532
4333
5136
485
8951
81
9828
7758
2032
3028
7072
11030
2309
12123
6847
12391
10839
5259
13622
10377
9802
1791
7264
10954
1921
10376
4133
7507
15186
6065
3409
1719
14751
12897
6556
7702
12979
385
15460
3363
7765
10884
2745
14426
7007
13945
10817
6199
3204
12791
4928
1358
14582
12192
12312
503
10920
4797
12362
10107
10863
4124
11826
9614
1021
6734
5668
2352
11471
9481
10068
3236
4365
1165
1662
15725
15110
831
10276
6666
13623
15204
8025
557
15748
8689
1061
10669
1839
1775
4776
12702
5899
4954
10668
11273
40
4688
1977
11512
14169
12045
14748
6887
13211
411
6612
12321
1242
5240
7340
3217
4444
15365
3775
4192
12406
9188
3213
14245
10963
12341
15299
863
5647
14319
12136
5688
3008
14113
1200
5529
14511
4300
12416
74
4711
3028
747
10306
8268
8087
13523
1064
7452
5650
9609
8211
14838
12822
6456
9802
13516
5756
10665
3163
4075
11153
13203
11435
13618
14403
965
12129
7056
13381
555
11767
4762
1303
10425
13030
9390
12301
2447
5195
1951
12056
13406
5142
13230
3862
14944
10746
13970
13961
2262
2046
13466
15465
13481
11084
2221
2798
11566
9277
180
12121
9396
4942
13424
8174
6324
11167
8827
8771
362
15130
9179
2120
4272
10762
5982
3216
9860
3953
5529
12122
10351
2995
15940
12184
14080
6513
14983
13998
4142
3515
10119
13538
8457
11896
10064
3133
11415
2891
11905
129
2022
9436
2249
6294
4198
8231
13863
2411
536
3392
14533
15239
10740
2825
11424
13172
13690
14759
11170
1832
2274
9641
15371
10731
9889
9435
2216
5304
679
2473
5433
2701
11910
12034
13347
4460
8618
11210
6871
9154
2955
9757
12746
13695
934
12522
10867
14625
11281
10389
457
13555
8382
4180
12638
2272
1968
14854
11928
2647
1328
5714
5348
1590
1748
2695
10402
10366
2258
1274
7873
5213
15383
4619
7260
317
1141
6479
14942
774
5220
3752
2681
13602
7932
15319
15874
9900
2525
155
12547
8205
5869
6247
14147
11969
13295
8550
6336
15553
14176
2561
9118
13559
11532
378
13876
1025
11209
1171
1799
429
4923
4480
14031
1207
8151
2258
11108
15028
2413
12007
7234
8282
2255
5381
4251
15550
2283
14939
3455
459
1500
12573
14018
1384
1303
247
2409
12512
5770
4208
1293
15045
13040
15324
252
5191
1582
15712
4220
8347
11720
15806
629
13975
9539
9233
1877
11823
12524
5332
634
2377
6257
3005
3761
7560
7604
6171
8424
13374
14731
9717
771
124
13393
1023
5315
3328
736
13887
11675
12456
13693
657
14783
11585
9890
5012
11760
6414
10344
12394
8791
601
15399
905
12513
11355
7076
4937
8729
10159
3006
9500
10283
399
14876
3951
8079
3964
1838
3755
4772
3884
4412
7907
3821
2654
12919
15581
9068
7263
327
6212
12216
4079
7117
8729
15434
2545
2018
12516
1056
5024
6016
11340
9775
9244
3643
1855
13208
9833
9962
6332
13717
14374
14239
5890
1028
11158
5471
14448
6773
10151
9012
2989
14230
4481
70
13664
7026
6440
10180
8083
15816
4549
7775
9592
2145
11418
15799
3706
5251
9761
10038
7321
12487
8278
13211
1867
7788
7035
4667
2914
1186
13680
10255
3768
2161
10326
1432
13540
5118
15965
9975
4935
4514
6102
14527
6659
1520
2678
10365
11123
791
8756
6796
13278
5386
8360
15145
13174
15395
3812
4440
4933
5844
14696
8701
12358
9022
14485
14250
14140
14450
8225
7427
7316
14327
5954
13976
4199
12984
12693
3674
13775
5449
10471
11053
15187
7183
14550
714
10930
6715
5154
15863
12559
3850
12916
13269
12872
11401
11519
15365
14204
3744
6792
5520
6423
1099
7848
14974
2435
4542
2649
211
14343
1472
15616
13531
8655
14167
14245
3585
9234
7751
7800
10145
11602
9068
7415
12826
4469
2934
12191
7025
11031
7336
12546
5806
12787
4394
4781
15222
13288
11782
3785
11632
1606
3402
13515
14613
5921
112
6550
3507
7863
2702
13652
3465
11770
9419
292
4591
12354
835
11617
11737
12523
8163
5895
13662
909
15028
1237
14198
15162
5022
14182
768
12776
11697
3733
7049
161
10283
10556
12376
12985
12561
4194
8755
5980
4486
1699
6686
9673
13316
6775
10549
5479
12671
8211
10740
11699
9448
8938
10862
2823
7120
15982
3951
7169
3716
15353
11682
2351
14261
8059
15337
10822
12253
12444
803
5091
14143
11841
3116
11459
2617
13665
5290
3640
10229
31
15339
8029
13321
14553
10852
4442
2888
3156
15963
6604
2509
11646
8955
770
3705
12644
11593
4310
13441
748
9401
11584
12589
12517
11396
3558
10183
5038
7198
4412
9421
10890
12441
6743
13795
11646
15537
683
14802
15500
11639
5663
15498
8947
6433
3203
5591
2026
11865
3032
7126
5266
2969
8068
6136
14365
11626
319
7755
2825
9083
1177
13715
9876
7920
15862
9874
7457
546
13028
11309
12185
2691
10808
9484
9125
2363
3428
15503
14229
6460
6630
7847
13781
14698
13983
12146
14676
2654
8254
1501
89
9431
3568
14318
1351
3431
8192
13160
8329
5221
12821
8866
12264
7629
2351
5389
14345
5779
9245
926
591
4227
8773
14373
2925
11109
14871
1601
13763
7125
7455
2205
556
11023
523
6259
2806
8715
7771
11135
2288
4593
4002
2905
574
10705
8294
14919
484
5891
4197
1075
10118
1323
15448
1395
12432
2672
7349
14547
9797
14804
752
10354
14179
1275
4965
5338
14343
12737
473
631
1330
8827
3536
1904
3532
183
5176
4016
10426
9373
9444
4545
10696
13244
5940
11480
15916
13289
10028
14066
445
10780
8420
14625
408
1737
3963
14751
14474
8788
3734
4156
1616
11623
10413
9500
158
15589
1869
10584
13314
15665
15129
12363
12909
9422
12195
1178
11063
6223
15244
15861
5356
12016
2838
5764
13753
11153
8867
580
3941
12601
4736
9909
8224
15149
7762
12734
3090
9631
7319
4757
9296
10800
5472
10557
8574
1667
11735
3638
12243
15331
7851
5951
11347
10689
11715
13453
5842
8934
14033
9783
5535
7121
8045
2112
10623
15807
14846
13713
13790
10517
6822
11438
5318
12294
5995
13892
2314
6083
5882
2909
5414
13733
8860
5114
12774
8927
6919
2616
1861
4952
752
7396
425
13149
13860
11048
12956
1059
13114
15098
11576
3936
10536
894
4583
4883
3139
11249
10966
13373
14158
4733
15459
7018
14199
12233
15945
5118
3202
1806
10070
3954
13554
10495
1103
15767
9896
2411
826
7010
1509
12402
10946
397
1649
3881
5280
9140
15130
4599
10865
13288
9332
14676
4306
7531
15262
8603
12649
2464
10409
11071
10770
12316
9918
225
12083
3814
2636
12909
15176
8497
13663
10123
13246
15312
2356
6878
12804
1487
11477
7670
14775
4809
6346
7434
692
9960
37
1693
12424
14799
1116
11546
11115
11035
11771
11550
3201
2759
12811
2378
15608
10474
853
12854
14139
3209
3733
10943
4696
15210
6965
7824
8372
1664
3610
13416
11624
3647
15110
12401
6798
226
7947
6265
15613
3719
1815
7167
6478
14626
9545
6087
9101
14750
7293
11592
1959
15378
10887
11008
2941
1853
7184
15665
7869
10794
13081
3493
2793
543
15894
9592
5122
12194
15857
9087
15913
6025
254
10743
4651
9799
5182
2104
8549
12476
2048
14861
206
12936
14221
3147
14789
5405
2812
11010
4551
4246
14503
7344
9141
2750
5288
14263
14944
5146
7351
3209
15523
11957
13952
8526
5757
3135
10631
2658
3963
1031
5871
8521
13967
4092
11669
1108
9497
2833
12118
14048
7079
14974
9745
4573
1724
15033
2836
5020
8531
14539
8229
8054
10497
10533
581
4606
2020
15564
11616
10335
595
1488
2857
2915
9932
14526
4023
3430
5711
4494
5830
1143
3468
3927
5716
9544
2961
12904
14564
15844
11444
11145
7899
10293
5678
12832
3251
12051
748
14867
6386
5695
4707
9243
8610
14640
12121
986
6422
1833
5480
604
7328
8948
4532
13044
2492
11845
9948
5408
11689
9744
4905
7940
8389
14935
4772
11640
10986
9872
14860
5725
15568
7919
14968
8178
6559
15442
9164
1333
5627
2996
1938
12955
296
10822
14351
2788
6667
8299
12548
2356
6396
1453
14649
14785
4741
7773
14778
15727
1646
13638
5452
1214
5557
8773
9392
469
12567
6909
1802
2194
14257
3740
3501
14554
14562
1852
5694
9581
14503
2243
290
4899
8048
14939
8037
12789
6712
6815
869
8358
4453
10673
9572
14362
3446
7317
14831
4365
2578
4986
10911
835
8726
14412
15389
11641
4616
5084
5222
3120
11679
5512
12371
8079
8803
4408
9221
15516
11223
10090
7874
4028
4763
5799
2391
12562
1468
5574
927
4046
10560
11839
9233
7639
14603
12975
7632
3220
6411
12854
10692
6442
6719
7063
14521
15522
11472
7742
3390
6695
6184
15617
10724
10948
5416
1467
11862
11236
11393
1141
3634
5954
12980
12867
1945
15936
14194
9577
3156
4605
10783
13848
11047
5854
4911
13921
5377
4735
5663
13119
15783
200
12736
10507
11148
6504
326
11362
1740
11719
12503
5374
6025
13836
2242
12322
13772
436
5899
928
9394
5035
3128
8793
10889
12391
6714
4618
1127
730
1738
5262
930
14474
4121
12078
4979
4447
11792
6719
4518
8295
446
14896
6131
2688
11218
8255
7476
5470
13535
5222
10505
663
14016
9746
1407
4730
14365
6886
5460
4455
12148
6390
7281
269
6820
612
9068
2612
7332
13586
15260
12130
12482
9743
14818
12053
1999
10646
1523
3886
15869
380
4550
2237
14478
10309
6967
1195
1195
780
5650
1695
7170
12932
6316
2343
1896
15384
9307
9228
12970
8567
9710
13805
6663
12880
14210
13014
7527
15733
900
11748
4465
9802
2337
2943
4111
9304
8491
9658
14436
14141
15705
5607
15425
6021
12302
1322
5405
5609
14902
6728
2529
8613
8885
13544
5493
7095
10558
1372
11180
11458
1472
15645
5261
3809
6940
13724
1466
15431
11735
15902
1925
11440
9861
5702
1462
6163
7024
11219
125
10279
6299
7006
7244
15184
4550
12737
6279
3460
2462
1459
3270
3934
5456
12883
12096
749
10608
13562
4532
10695
13464
6457
6135
11678
12160
11949
1841
7536
11521
6318
1815
1820
1676
13411
1005
6226
10149
11636
14038
963
1448
1309
9249
11256
14192
5345
12005
13152
2907
538
7847
4724
11347
2335
402
11859
14284
6595
3396
14157
12914
9563
15978
2942
6975
5335
9169
5476
5323
11559
6439
6771
12868
4040
2028
11061
9386
2385
8213
645
7275
4413
5369
2623
6748
10123
14482
5032
719
6230
7542
1985
15794
7520
4927
11121
1207
2448
597
6530
14008
11388
1654
15228
15428
3682
14641
8814
10419
6855
13812
1695
15620
3181
8670
6368
1657
11504
15752
6728
1735
7294
8713
1529
3166
1992
12650
4373
8793
1599
10904
11153
12987
12558
10381
767
4592
9023
13934
3363
4230
11746
9410
3850
3279
2080
14570
4936
13585
14322
11664
15320
9969
8729
5201
13135
15074
6203
1509
12219
7802
765
7372
9141
1675
6105
14260
10619
15128
12194
13982
7710
12292
11745
15912
15572
13825
14482
8860
15762
1157
8877
3434
11126
1606
8635
12613
5032
3190
2474
1251
15344
3239
12975
8485
9266
3081
11098
8237
6561
7292
10572
14272
3585
6317
14184
7509
4142
1019
369
8257
2176
9246
11691
1654
15205
4327
14267
4237
11869
742
9841
11214
8333
11168
8051
5952
14249
3149
14189
4811
10442
8761
7435
2379
15078
9971
9888
7573
10990
10257
15830
1518
7856
11521
3172
7061
4200
1440
15650
70
6534
13843
11284
14867
9012
3335
4819
7261
6485
7361
424
5279
122
12211
12010
15201
6183
10250
6774
5525
8859
10956
7044
715
6477
14568
7776
15030
8
7427
3452
10894
5270
14736
14114
2634
6423
7285
9896
1260
14646
14672
10891
14769
10884
6901
2322
5419
5503
13448
10944
14363
8404
1988
15078
3233
557
6855
6615
4917
2634
10067
4164
12256
13155
2278
14891
3579
9563
13139
9191
8210
163
8435
11331
15399
3688
13653
4818
9192
15453
4115
7555
7857
10455
6633
15442
15364
1840
6058
8634
8826
125
12798
9435
13281
15076
12678
5212
12991
14169
2755
9553
14332
11190
4884
2084
14879
6889
6902
8071
6342
15369
15626
2551
9825
10611
1994
9189
12452
8052
1823
9630
12529
14621
3065
14162
2049
15743
3374
15041
2264
6130
12946
597
1320
1831
7033
4551
8720
2287
12622
3415
1657
600
5966
11482
11212
7960
4671
12016
4364
10847
5646
5246
9468
13064
3408
15870
1159
6783
3263
3424
1265
209
8373
6937
2040
15406
11489
15113
1693
8111
2528
3350
13064
12846
14832
8276
9159
7856
8644
13523
2703
2642
7121
523
15706
10530
393
5218
5665
3656
8642
6930
3866
1015
2219
10258
4773
13708
9371
6466
10172
251
14169
7236
13098
1353
3864
6257
9209
12508
8132
264
15150
15254
788
3209
9784
5533
8427
15449
9190
1069
10731
13056
6436
12950
7314
15561
15011
5038
6027
9183
5289
8548
419
2387
9902
4283
12996
7463
5143
5129
7728
4293
4383
12868
7502
2519
2401
15929
6320
15943
5350
1051
12999
138
2353
8666
15699
5716
2056
10079
14899
11697
2627
3670
14085
881
12305
15433
8345
1448
4562
4425
10094
8945
5645
1596
15816
8046
5878
6136
7990
15580
11539
9341
15719
13893
6359
3770
3609
8415
13849
6861
4113
4829
10531
6550
5710
11189
10335
2407
12637
14898
6832
6731
12195
829
12680
12012
8876
6910
2148
5218
6490
13688
14559
10561
15933
9271
2684
7894
6038
533
3107
14503
9714
1991
9405
15425
13180
3741
6184
14169
2639
1369
4901
3186
2198
5933
15198
15426
12843
5699
4644
7685
7739
7556
6599
12024
827
9283
3918
6865
14168
11378
9721
7883
13369
3126
11660
10549
6867
1844
8718
13858
3213
1971
1045
9764
12256
4595
9190
13451
10294
13835
5137
2033
5391
88
14057
10570
9371
6328
5787
7539
1706
15508
15422
15075
2635
15434
13976
13854
1279
11046
11713
8844
1370
1110
2608
13626
5705
11799
11078
4352
13986
4567
10737
3377
4655
8795
2299
14026
3475
8086
9917
9533
7595
13692
12960
14582
13126
10936
12436
2757
10334
12501
11602
11704
1963
2562
9331
7669
2713
8761
373
699
13328
11110
8428
1983
3905
10727
4361
11732
2814
14278
5265
10409
11970
2225
13343
9097
1513
9779
11854
11848
10633
11808
11904
12596
14371
5235
8617
1084
13996
8990
6136
15676
4101
14564
1659
12358
9292
10372
12443
12106
8651
6060
10867
8973
12638
8210
6422
14151
6341
2277
14351
5326
2437
10256
6275
5160
3843
14892
10597
6192
12235
733
5868
4688
15297
11880
5398
12941
6252
6193
13399
3255
12254
8266
12229
8892
4828
2651
11395
15522
9280
9747
4848
11718
8355
11123
5230
12198
14368
15827
6742
14955
560
12611
7995
4210
12843
13393
1151
7447
3587
14551
10703
4193
11169
11284
13085
15998
13935
12832
3872
7216
10931
13072
7286
3286
8196
868
3837
10916
696
10579
9871
1256
11542
1866
9818
8385
3611
10970
15833
11550
9521
14888
15743
4690
10172
1180
9040
8107
14013
1264
3675
8944
14337
15313
583
10885
182
4420
5801
878
14999
4024
6486
10542
10242
305
7279
13853
15627
7112
13756
9148
10352
13499
2190
4524
3032
15583
984
5397
847
4659
2693
15184
8325
3276
10069
8507
12048
4222
13737
11048
8246
8575
9942
2488
13232
1221
4694
12859
12686
2450
10359
7038
4301
12550
11563
11685
485
899
1082
1332
5558
3776
4869
2235
11404
3290
15094
7453
7513
12831
6853
4111
9759
795
10952
6991
2016
15646
3851
3054
6448
2562
10093
10749
15112
10008
10787
15597
10907
11869
5282
4817
3997
10151
7053
3754
1793
6147
11207
9306
7331
2060
13418
1090
7207
8370
8081
13575
12368
284
630
2816
2847
15075
1917
6311
9083
12704
10261
8342
12926
15543
13159
923
14046
8564
9029
15839
14712
4236
13498
6043
10648
15268
11485
6207
11990
7918
3783
8358
8203
8765
15526
15402
7840
5795
5713
5275
2500
4326
13617
3778
3869
15128
9053
6267
7693
2083
10459
10757
10671
7957
800
5320
11577
637
15879
7567
8555
8014
4277
5110
779
8155
4512
12971
13950
14578
6598
4802
2904
8567
8580
11126
7696
1634
5745
15389
8069
204
10146
2740
12513
15298
12412
12442
4287
12292
4009
12842
4306
12638
1953
9438
4793
10817
6409
2744
13747
1360
11898
652
9927
4479
130
1623
10465
10227
5364
2534
14784
3862
9626
15649
7512
6039
12092
11799
6683
4453
12994
10989
5444
3299
8779
10237
14116
3541
1333
11864
4901
13232
868
14828
1711
5350
4804
528
15577
14520
7414
14361
2383
1040
2363
14247
7079
14455
14399
13762
7260
11393
13104
12704
14692
5883
6942
1160
9424
12627
1376
14325
9859
2244
1506
15922
11946
10662
450
11524
9182
7864
14237
15917
13257
4952
14165
4336
3407
916
6451
15020
12309
3555
11724
15353
9438
7018
4865
7215
3646
6242
9892
13505
8486
11398
1780
8785
6060
2230
8661
15243
14447
11250
3512
11704
203
6029
4392
3610
6945
10843
6982
7606
2750
2707
11311
12189
9725
177
7756
13371
6419
1648
15229
3257
13047
1009
12042
7459
7591
4703
11054
10390
15954
14567
10446
157
4596
14839
8119
15894
14034
15102
7500
785
6161
2812
1326
15886
2989
9082
1610
13760
10730
5191
1017
12129
10552
13060
7941
2143
6115
2995
886
6069
5914
11332
10578
14863
10171
7050
3109
8206
6152
10609
13343
12313
1773
14669
551
9114
12103
6513
6874
6833
11704
7892
7315
6256
9304
3608
12752
15419
10955
13638
9841
870
8970
4419
4085
7494
11469
7194
4052
5973
6155
1395
6638
12281
4416
11542
5395
519
2055
622
11704
2112
12866
3019
12720
6170
10979
9472
9941
5935
11462
3782
11157
8785
12554
15242
279
12375
10788
8683
2349
5295
10078
8987
1576
14494
8881
11324
3365
10937
11946
15069
1401
8812
6441
14121
3334
1420
11946
1627
7355
11760
9762
6864
4545
6316
10458
9176
2691
5246
1859
9392
10542
289
6732
470
3135
15613
11794
6500
14902
7740
5570
303
4904
12011
14425
12590
13431
14723
2570
9139
10483
12332
3
3381
7000
10462
12557
14043
4060
14417
7436
2954
3058
14168
3425
6194
2133
15219
1046
1036
11312
10968
1339
216
6979
4116
1159
8763
2839
3729
6254
1675
4413
10609
5056
11413
5071
5965
13808
13484
8734
5244
438
11793
7764
3863
6339
9898
3083
7385
15286
14395
2354
625
2963
13685
9094
8474
10800
285
555
1054
1960
4968
11664
11368
4733
5087
1334
2542
6923
10068
7786
7362
10213
3903
15577
552
2153
7012
12290
1439
9759
2996
6416
12723
5033
15510
9549
15834
15796
10105
5240
6108
15073
5256
1477
3807
14696
7163
10701
5619
5583
2487
1333
15797
10742
911
4701
12895
12275
5343
2686
6035
12691
9103
7110
1725
12965
659
5911
12761
10764
15503
7222
14190
4760
8699
6349
7808
4214
1050
13427
9797
7889
3113
13946
2632
8376
2648
3879
4651
12343
10918
10686
9035
8373
1796
15112
5338
2456
9375
6452
1572
8878
13674
4114
1990
10725
10463
9798
3291
15865
7226
13088
7755
14691
11035
14739
7067
2035
6970
11718
14378
1888
6405
11765
14613
12553
10877
8304
3361
8604
14756
4934
1483
782
13400
3473
15859
12216
13272
3150
12081
8850
4590
8188
7541
15625
6927
2960
6012
2250
14678
8743
8490
5083
4508
7104
1637
3738
15408
9350
12342
2516
14284
13825
7650
37
5651
11861
12253
2923
3363
12686
125
7953
4875
12018
11931
154
14978
1943
2404
13656
10686
10895
7092
3547
6351
13081
7285
10111
6431
7979
979
9068
10157
12981
9105
15808
8842
9710
7083
12205
6396
7208
4158
11271
7578
89
11426
6556
6385
2182
8564
5423
1429
4008
8970
12132
1089
255
6243
11873
12587
11574
4941
6744
8555
2398
6552
1397
12108
13635
1954
6856
9195
10465
2128
5125
14906
1906
33
5291
8440
8597
10715
9870
12606
3685
10354
2047
8293
598
13920
9232
12172
7213
15976
9080
9611
6528
14829
10071
8515
784
928
6062
11249
7408
15539
14507
13666
15572
3799
6106
8169
2866
4328
9127
10903
14683
15527
7548
15281
13447
780
15805
4661
756
8885
2624
11636
7715
1048
8503
12851
6328
2917
12452
13736
2456
10959
11402
6380
3110
1508
14550
10328
5837
12029
5232
8872
11556
1132
8153
13356
6265
12310
6369
11373
9548
8993
7010
5615
14393
3865
6818
4721
11135
3270
2457
13591
2581
2211
8324
5692
3720
6874
4372
13909
7255
13956
6781
7164
15089
3286
4520
5354
3948
10889
727
1848
8234
12089
7463
6628
4307
2633
11349
15442
5903
13807
1385
8485
18
9709
2529
8090
4935
6901
10351
12191
4858
5484
3355
8299
8770
7875
2005
1071
7116
2732
2919
15350
3174
14735
5978
7481
1368
1328
6923
7272
3487
8308
4109
7857
6370
10990
4300
11305
6243
14651
11848
15453
8488
3555
12104
1258
11430
14109
6681
6898
842
9601
6249
8368
8336
12227
15849
9704
1907
11124
5328
5394
3432
13789
1604
14154
13131
10256
9460
7727
13259
9660
7180
5747
13216
3285
7006
12998
5746
13687
3897
6588
11640
10146
3308
3976
6373
3157
2033
12633
14281
11713
6379
6066
13855
7983
4220
10986
6591
2032
2713
3851
11693
14246
9598
8909
5883
4956
5907
11629
6996
9804
6570
2636
8302
9878
10965
3028
1388
1350
15661
15669
13063
6040
5735
15270
2376
14308
10257
8967
4692
1322
12818
385
3920
6417
13646
9803
11373
7906
9785
6721
6062
355
9358
14365
14585
8675
1393
15973
10025
5406
3995
11440
11446
14082
10711
13822
12390
9320
11142
5435
10642
7960
5820
2915
2729
7819
12718
2455
4077
10855
9176
10139
15562
6886
12856
14148
15561
2601
2473
9586
8007
6468
9379
3454
4551
4090
5628
5293
13410
770
10728
12404
13083
4901
15319
15812
12720
390
6619
797
15597
15796
15288
15160
6682
12145
13308
6244
14746
15781
4182
11106
10602
13561
14560
15153
6003
8540
8798
3413
13663
3527
4170
15098
12780
7841
3262
13852
12583
9882
14649
12181
9678
2289
11341
4712
14434
13001
15308
1533
1134
3491
12639
11736
5404
15551
15241
11408
12443
12392
3173
14458
4271
7343
13556
1051
3537
819
14903
4472
15053
1904
653
13083
4193
346
1795
6980
1699
1104
12865
2834
8947
13856
2922
14351
13407
6516
9759
14202
7260
12933
12661
11531
4276
14569
12582
12165
15388
11485
638
14441
1741
5643
11524
5934
5990
1672
1266
12041
2776
14131
14875
11723
11987
6150
10074
13746
1018
3834
301
8278
5119
12962
3809
9395
11531
4743
9913
15272
228
10551
2065
6321
4546
1942
12255
14888
3614
1874
10930
10742
4357
14157
10817
4697
4307
4891
2443
9677
13077
2744
1955
2196
4058
10116
15944
3942
14859
14209
3214
3439
8760
5279
9760
1658
11573
10368
547
15187
12242
11477
9929
599
9634
9098
5296
2294
2342
12092
11971
15419
3188
2279
5968
11599
12395
10264
15541
11255
12825
2755
14694
9937
12386
8455
11595
7960
2823
12142
11499
3417
7619
9781
8368
1254
2879
2017
7900
5221
2461
3871
8993
5649
6150
3313
1248
6898
13577
5141
2153
14754
7896
5199
8691
8635
13654
4286
595
4829
429
446
12598
8048
10227
4967
13654
13107
11336
5554
2328
13797
13778
11321
7798
8280
14634
13399
15178
563
2540
5683
15317
14789
10883
8008
7424
12889
12295
12371
6071
1076
12817
7021
13476
7045
340
11131
8504
11676
5037
10832
13825
7167
10506
5624
3800
9140
3023
7330
14056
5563
13014
1725
8704
12249
14086
128
13490
14733
851
3561
15809
2021
10583
13285
13418
15275
12768
5922
10952
6158
5106
8777
1677
15612
2753
5477
13105
5776
12808
15513
15692
14174
1238
8396
10423
15324
12877
7913
14057
2080
15827
2218
4101
14762
3856
5871
14037
624
11793
13341
6782
5252
10471
8460
4864
13224
2289
6321
3001
15097
5834
7045
1623
7073
15441
12046
10749
670
8312
13159
2751
12491
15377
11204
11253
3233
1076
13642
8210
1221
10984
3344
6473
5455
156
11338
7031
2446
1659
10032
5895
11846
1077
7519
7271
4871
7917
6372
9893
4581
3531
996
1072
7261
12201
677
14846
1629
2672
11408
2850
13656
14753
9324
7463
14909
9014
2846
5707
15025
12879
15955
10871
2308
11826
2142
11531
3743
8515
9777
12677
398
10773
13749
12011
11326
2779
10858
12955
5451
6266
15806
7459
9371
13482
3274
12633
6496
6120
6692
5521
7351
6647
393
9660
2473
6887
9543
10569
3754
3320
7246
8505
2446
9347
4516
13772
12126
3726
10728
5929
14345
14886
13388
12068
12368
5014
8701
2864
11135
15394
12737
2486
6041
1482
498
12867
8370
14394
7436
476
6066
14682
13333
8512
8029
1850
6285
8508
9928
5365
14437
12625
8603
11826
8694
4971
840
1395
12187
327
5141
8924
7166
15535
10407
7664
12402
7129
10410
3838
11957
477
6872
9291
8989
14901
15493
3626
7409
13773
13343
5847
10399
5946
6025
7445
10917
11217
8840
11456
11545
2334
8733
2711
1869
3140
14727
14271
14621
9138
6461
14930
13967
13333
12573
11308
586
12066
3287
7996
14192
630
2195
8591
6577
8220
36
5846
3437
13228
1303
14982
3914
10036
6045
5783
1528
4773
8406
4501
2263
3219
3431
4582
552
5
15890
1139
423
7529
13487
14615
8160
15682
11558
3089
12254
15946
8935
4043
13175
14590
7378
1089
12978
13423
11225
2858
6548
7983
7359
13163
11203
15143
1745
107
3500
5988
5598
8275
13517
3085
11243
10029
7119
6801
13118
7725
6748
10406
11769
8275
8996
3147
13716
10327
570
13293
13185
11471
5277
8897
8634
480
12392
14732
4939
4244
9072
10538
12519
10941
1975
12114
4971
13447
2916
2089
5172
14016
12495
5293
10643
9844
8440
8359
4171
13363
5653
1356
8834
15282
14605
5820
4114
10997
8904
9053
15241
6328
7943
11761
1270
9919
7875
6241
11718
15143
12682
890
1511
13530
6184
12154
7374
2976
8866
15897
339
2871
1253
13525
2153
15859
7698
6267
10856
4954
3672
14450
11283
11616
14563
905
5535
10790
11498
5605
9934
8180
10847
15797
10062
1031
11952
1436
8360
9170
1333
13051
12041
6939
14929
2546
11150
10979
13165
10358
15933
837
8808
15568
12453
7371
4825
6340
2162
323
297
448
12856
11145
245
6918
12176
549
12707
8888
14071
14040
5940
14464
9331
4869
1010
4481
4200
2527
3192
4133
3365
12000
8054
4170
7724
12879
14863
9886
13203
15160
14686
10059
10305
14931
5329
10834
3833
2036
8074
1904
4429
14014
369
13760
7235
5731
6594
11435
8259
9786
3921
15976
10138
11975
8498
1862
13206
11713
100
14761
10874
14786
13172
9531
2070
2502
8717
5903
4538
792
12159
13319
14806
880
11080
10394
10964
6026
10181
7575
4164
14102
11903
14302
14429
4401
4517
11636
115
4617
14749
15341
3404
11922
13224
9826
14424
5942
4081
7314
6734
240
4634
9892
5473
4066
4286
4789
10092
14468
12364
2608
922
8267
5262
3704
1020
9779
3692
5487
14397
2441
4828
6153
14363
2053
15979
1139
12347
4060
8454
3081
8652
13088
12973
2477
5506
5612
7266
3950
8432
3630
6558
9354
249
11820
13058
1270
5600
5102
6757
8349
7544
15938
14502
5907
6343
2833
7047
7042
11245
3853
10123
3897
5293
11448
6375
10799
1060
1993
14749
9492
5624
9659
7199
10225
5479
8609
11495
15431
13712
6605
7780
5256
10895
10634
15515
5590
13467
10914
12632
8712
14767
11107
962
8412
6555
11689
3211
7616
13682
6312
5460
7658
15971
12659
1884
9803
9621
13379
9234
11685
8336
1015
941
7583
1
4808
13173
13469
4075
14157
10533
7194
9264
11495
15607
15820
11536
7170
11788
9219
13483
1248
877
1806
2260
2761
11609
11881
4493
4844
11918
1181
10211
1211
13117
10212
6019
14642
7681
10094
12800
6567
5641
10416
6414
5248
10236
1951
12418
10376
11170
14253
11625
399
60
2237
7513
21
2470
358
4865
14388
5891
15076
15599
3008
13641
5618
1651
5322
4065
2803
241
9706
13219
6656
3306
11808
8607
4076
6184
8129
2330
6161
8528
6742
8398
4393
6763
10868
4751
15981
9256
10643
3409
8855
13651
1050
2826
3654
10725
11243
6457
10966
9301
3677
1622
12607
15485
14581
5035
10021
6710
11717
183
3591
2459
8581
7984
13575
3450
1088
13556
1058
83
965
14266
2086
6368
5444
5741
1093
687
12198
411
14340
4227
2034
15299
8064
4967
4334
2086
11678
52
6621
3621
6863
15202
15957
4438
7004
1045
6346
8063
1128
11664
10681
7567
2032
125
13308
7477
5164
13858
7888
3504
6438
14274
2803
14502
3242
11489
4940
3272
11541
11561
6893
2405
15116
6850
11195
6120
12248
1542
2535
1728
1558
13216
9295
3590
1693
6603
15419
6857
8814
7307
14713
15252
5582
5868
2106
13176
1358
11399
448
12899
6960
11693
3656
10428
6895
14852
549
3143
4746
7436
4872
6304
9005
14167
14246
10698
9123
2017
5908
6289
9324
8973
9893
3258
14842
11999
4786
200
11750
5234
1451
7063
5279
9460
1491
12175
12664
2040
15318
1410
13829
8542
12066
6834
11062
14664
1532
4185
5033
11792
14826
2709
4766
8719
5968
7960
9070
15106
8160
4821
4341
13963
11884
9620
7423
13375
10147
8439
3768
9466
9849
1597
2008
10267
8431
13070
13283
14315
5607
2316
14460
4433
5026
7578
1504
15346
15538
10575
14452
12050
3748
7145
14365
15632
5118
5789
1359
15265
2580
9479
13083
782
11076
15092
11049
7859
514
12685
10527
6122
3353
8987
14907
12731
4917
412
429
4455
15339
3234
505
3087
14731
14870
2719
3849
9011
8430
7467
11592
1910
4550
726
1338
7994
11775
9198
12861
12812
8077
7335
166
5416
6242
1249
10333
11006
1679
14788
10345
4913
3645
13432
3644
6867
4503
11846
4231
12934
7665
4175
3196
567
4901
4534
8562
5028
2084
9775
1841
14513
1110
6359
3929
7352
11960
14262
6711
13639
1402
1056
6904
9399
2841
14901
4619
11696
10747
8850
12982
6764
1377
178
7331
6278
9065
4245
15658
15501
14020
5851
14015
15130
562
1944
10835
12523
4559
5898
14514
5961
6954
5419
3713
14147
4320
8332
9844
3419
1182
11178
14535
6911
11357
5866
1541
8774
10112
1199
8275
8132
7051
6290
11615
7613
8235
10802
4136
1146
700
2651
11459
12006
12422
15172
10154
5094
7504
8350
12865
13038
3528
11400
3949
3237
1266
5490
12011
15730
11042
8639
12215
2093
14929
7830
14058
11516
6984
6547
12662
7684
13550
8122
3690
9972
11646
2196
3418
7503
14898
283
4541
6779
11683
12843
14368
1301
6685
14732
1032
6079
7371
1599
8172
6300
13781
10583
6169
4765
1130
7183
12449
3032
3657
4491
1356
15304
11040
4774
6807
14290
5057
15700
9421
5092
895
7790
10745
11933
6522
129
2012
13893
1728
14537
8545
15509
9120
14714
4274
14602
5898
5075
1634
9555
13919
2990
13211
13311
7764
4018
11601
1173
8071
5023
10617
8966
1165
9714
4899
7687
9844
11264
9932
15924
9801
2477
15434
2921
5544
8060
5875
15794
1488
7509
13701
15407
14851
10913
12718
10967
3283
12671
492
15706
6046
11109
8673
7211
9175
1924
3250
3019
1540
1534
7296
11341
8364
6730
2614
13908
3142
8489
2054
4630
4350
15755
4037
3201
15020
5107
2520
2304
6131
3012
2010
12177
2473
15035
7741
11649
5312
10991
3020
6852
878
10316
6546
9242
5398
9160
7150
8541
6002
13556
13171
10352
13311
5561
1906
684
10668
4426
7340
799
11791
13702
1329
14264
12738
9070
14265
6402
8413
1286
1606
9291
11602
8152
2533
1001
1313
14035
13894
11667
11591
11065
10371
13255
626
12277
13939
15647
5056
5279
4798
5199
2981
6127
3463
4071
3549
1729
14825
315
7367
432
9606
7321
8584
492
12674
14249
2879
10568
9916
2823
9986
4288
78
10612
4917
2369
14611
14325
12000
3410
3524
3333
9537
11340
11757
1439
1421
10582
1754
8788
15366
15712
109
7951
4556
12784
10552
7436
11704
8821
10259
5690
1461
14689
4655
6378
5410
3266
9056
5762
6676
12580
9095
4566
7920
9204
6005
9341
8139
12111
6481
7505
11823
6591
3808
380
7727
14361
12168
7783
11534
10779
13474
12995
9468
2129
7725
3230
5395
781
8992
424
13362
6439
9342
9634
3996
3699
7328
12135
15810
13809
3640
11633
8752
11801
365
4831
10162
12533
12615
5696
7312
10089
7043
5132
570
14768
12714
10317
15550
10058
15093
1264
4850
8435
10898
8846
12134
2226
4981
11944
36
12973
11930
13140
8774
12295
1972
7288
13181
14587
1336
8845
13028
8379
2330
13598
7148
15044
12267
11050
9103
11361
12314
2305
3796
7212
11151
4283
13791
4484
227
2179
5809
509
15319
14584
1157
1291
10224
14338
4230
11561
7183
1258
8292
13865
3208
3792
12910
3828
14842
10365
15189
15508
12670
7337
6721
12173
15972
8864
5009
200
11043
10818
5061
10362
13754
6218
6
7979
4556
4236
7892
92
9847
4536
13957
13055
8329
15219
5235
11523
13936
4424
11032
14958
114
6105
11131
86
14969
140
4638
14364
15311
9700
8726
13065
15918
13084
9396
8827
5673
1288
13271
15520
10177
15580
927
2506
14800
6163
2381
1088
14939
13413
47
15053
3518
15530
3492
6839
4023
12482
5203
3334
6182
2282
399
10453
3718
9796
3280
9391
15436
4903
13263
9613
4483
14191
471
7635
8706
2853
8724
7645
4618
8771
11051
12489
12653
2895
3328
676
15377
12884
4010
5560
15166
8762
4365
2884
2558
11997
628
6346
900
13891
4312
5383
12082
9135
13019
9140
11988
5743
786
4959
2866
189
1448
3871
3084
9128
4548
6813
6012
8558
725
5178
1320
5090
12415
8230
1087
13043
2929
1987
10934
7241
7371
11369
376
8742
4509
717
2837
9647
5676
10055
14188
11476
13926
5624
4604
2474
12438
10617
11033
13163
4147
705
2254
4914
13288
7693
1957
217
9681
1244
7458
5404
965
12186
14146
5474
1255
983
3474
11283
11038
1662
6759
8964
7287
15716
15791
8077
10333
15176
5240
2832
15881
11846
7747
13169
3540
14056
1738
1573
3652
13548
6977
4617
9735
9475
14444
15342
14810
6270
10626
14200
7932
1385
7164
3571
1101
6955
0
15786
6131
9593
6971
10365
9791
3070
11886
13331
5478
13625
3256
9131
11173
14585
2100
9260
8060
544
8603
11222
6814
3229
9422
3099
8966
587
11022
14420
11894
11023
2558
6378
8968
9529
5095
2759
12599
981
4443
2078
2958
7699
15561
14132
10637
1661
11744
2697
6558
4347
2272
1724
11928
11694
9175
4895
633
4198
3315
12528
3573
5873
7258
12541
3755
12353
3652
4706
1686
8095
11136
4645
4147
10697
7129
14784
711
2873
5833
7269
7221
8105
13345
3149
3800
6521
12396
4433
10719
4063
5313
2644
14289
923
3537
2044
1628
7189
11102
3315
15285
6239
12312
7784
5288
3441
6568
5999
10666
753
1620
1887
8859
14966
9389
1011
5487
10137
5444
4558
14201
15110
7202
12490
33
15091
14534
6014
6280
13988
9329
9917
4227
9993
6053
9516
1786
12621
3867
12452
13375
9840
2692
10586
8806
433
11597
2645
10570
5393
11555
8771
4503
7109
5261
8889
6200
8147
14903
832
6136
12584
10750
14715
6577
803
12583
12715
1777
451
9167
3504
14643
11859
14090
11801
644
9687
14446
11215
15080
10001
3986
7936
5462
13600
825
11662
10099
4080
12494
4587
5016
11596
3303
15945
752
15886
12660
2529
4689
5827
10385
3332
6039
8475
15133
6683
6514
1931
6250
5594
284
10237
1882
5746
12189
7059
5760
10640
11139
2255
15228
155
2203
6883
100
2955
11121
12760
9836
4163
6940
4221
7495
12979
1048
10981
8014
7562
1264
14265
1509
5901
12854
3391
15999
13395
10451
5760
8035
9942
12367
11615
14450
14570
2498
14550
5878
13620
15663
4066
1783
6603
12640
13630
7934
13688
12963
4300
9603
2580
2565
15464
8481
3771
2855
12832
1166
1658
2592
9202
15953
3311
4817
14403
6234
11668
1305
12112
13640
968
4530
15423
11923
1170
1405
8209
3211
14369
12510
1166
5301
3427
630
13782
11551
7837
10614
12717
13848
1559
10271
13801
4870
3441
12204
15456
15109
13509
15920
12749
2830
4451
524
3105
9973
1929
11315
13184
4650
12177
2702
9951
3956
3332
12085
15507
15522
11052
12225
13370
963
10848
11171
10185
14289
11727
9642
1750
13588
9562
14499
4770
2365
3375
7876
12339
5305
7543
13875
14307
8072
578
12611
12028
8262
13048
15888
7784
8100
465
9506
13415
11313
9029
7601
9603
4756
1243
15705
6697
15157
14205
11467
1523
1580
7695
13862
11237
3590
89
13897
11662
667
10508
7691
8930
7556
11931
5066
4009
12396
14573
1424
7709
7602
9025
5664
711
14620
5370
11760
2130
7927
11579
8005
13859
3275
10219
9097
6865
10308
11346
6880
10976
5854
2923
8258
1762
14854
1676
5771
11250
249
11548
2959
12204
8925
12976
1267
7546
2346
13027
14028
14625
8606
6033
12484
233
252
9933
11451
10560
5279
2331
9888
15485
5254
6498
1248
4108
8175
7019
15358
12776
6919
6669
13332
15845
7997
14599
11743
10343
11626
9771
13320
8585
4156
9805
8818
4408
3738
4269
3320
13370
6600
1561
12855
206
8059
14103
4314
4586
9475
8024
5715
394
3046
3047
239
11043
1647
11982
9739
1625
10105
7059
10210
14261
864
7381
7021
8955
2
10342
6325
10955
255
7532
11161
12666
5636
3828
1253
3463
11852
6968
8209
14898
14367
8449
14294
14
8783
8033
5992
2889
15092
4554
5502
4309
11935
12524
1616
11938
11218
12293
6893
15825
3825
6406
12491
9461
10234
2096
1276
6087
13416
9486
9337
11784
6287
11983
150
15070
4016
6142
6311
7461
10697
166
11770
10984
1042
13386
6922
12260
9679
2167
12085
1856
8574
12928
15670
2808
15025
946
13247
12441
10432
10937
8225
719
6920
8376
4142
15289
2870
14805
6750
1919
3323
2520
12904
4365
4258
8178
625
2289
14698
1062
4145
7272
13991
3815
14432
1368
9114
32
13809
7898
15321
6035
12970
6241
2763
1112
5530
9985
4269
12280
11905
7593
3152
13161
11958
11762
5339
936
2403
8389
6350
10901
15661
8693
3068
2446
10061
12182
2478
7871
4081
6151
2258
1051
12392
9373
6515
6275
3358
15136
6907
15263
11081
14412
776
11392
10174
6116
680
930
14505
7030
11831
2519
4076
3251
9317
14137
15434
147
10360
7867
6298
12618
13270
2690
5991
3785
13317
13702
7273
4225
1317
2355
2637
2094
2099
1163
8210
2779
2093
11067
9809
2276
1938
13885
5528
11255
375
9314
15754
10735
1181
6052
11706
14451
13095
6049
6588
10412
3751
2213
14637
5069
8920
5626
7163
11019
11142
3725
13798
1587
3144
11960
3864
9435
14197
13744
4690
2924
11410
4445
13660
12591
14849
9366
15394
11944
3767
10334
6357
7519
899
9346
940
9820
3325
8103
4839
14467
180
6990
54
7676
7302
8270
1111
5499
10366
5802
8424
5776
14599
10436
6719
13448
8154
10465
13745
11921
9151
4102
7792
10051
1800
8732
3871
9477
5187
13062
7944
5367
8404
12351
13044
15706
8973
14155
9558
7692
8309
6334
13468
11260
5122
8540
13061
1628
3005
10806
13549
12157
3260
9694
10560
9412
2426
2783
2890
11966
4197
15186
5685
12602
11537
2729
660
8863
5237
14570
555
1898
9256
2375
1511
14378
10915
14572
6
2273
13730
1908
2782
5342
11602
13342
14754
2380
4477
1644
14346
8674
5183
4032
9628
5072
11113
10289
13935
4702
13211
2842
10953
6468
5218
12464
9198
4485
15388
9205
11110
1470
15465
13892
6812
15419
15586
5566
6151
4063
11563
8850
1090
746
12882
10718
5818
12347
5007
8106
5402
2219
10948
355
13039
166
1171
6237
9004
4911
3794
4114
6381
3259
6359
13193
7030
5945
7111
13182
14361
2674
6032
15451
7772
7266
10169
1943
7965
3529
10049
13367
10100
4997
2074
7139
9516
7597
13376
6872
12508
1171
10986
7241
8782
1345
8786
15813
11643
15898
1347
10004
6924
11731
13807
3049
2997
7976
4992
15314
15857
3393
12682
9957
8390
3108
5448
6258
10706
2825
13130
11566
8348
8117
2808
5482
13814
15946
5295
9457
4196
10994
7813
11121
6725
5620
2522
14074
1949
7514
13389
1806
10907
14423
116
7649
1531
5564
2260
589
12741
15390
12156
5089
11859
3316
10572
14026
3262
4219
7483
7459
3566
15297
6932
10291
9269
13806
12718
11218
9672
14459
1377
8931
12882
1493
580
2765
11409
7192
3355
8151
6583
3863
1592
6794
7179
516
9172
14793
4736
656
10604
8302
4305
5888
6945
1926
3694
3663
13145
13366
6474
2874
10649
3356
4367
11230
6122
4128
6774
13829
12279
13357
1692
2224
8504
13223
2740
1676
12016
11828
6684
10973
8482
15341
861
15428
1268
8908
7443
2765
10626
13918
5639
5276
5626
14358
4858
11748
2486
11632
13929
3118
13342
15621
9694
10198
12844
12434
11874
13213
8263
6911
8186
745
10604
9047
4525
11872
6307
11969
2989
934
14239
8628
10562
3865
11338
15420
3966
13825
11052
1895
5295
12746
5869
14989
6944
2713
15775
7171
15926
8038
2434
8112
13136
13038
5512
1661
8911
11819
1982
11900
1105
4573
8881
11667
12791
4219
15439
757
6396
14844
7004
43
11590
12873
3384
2535
3939
3160
14058
3865
15550
492
330
12686
13530
5842
2700
10793
6013
9034
11046
11471
13608
8279
7138
10399
12498
6578
15508
7247
5422
10864
7290
5364
12090
10675
12251
29
2187
10309
8246
1737
15153
8576
2776
1036
2770
5476
11829
13136
2862
11227
8607
470
3506
4097
15221
4357
10675
3081
15956
4449
2298
11598
9814
14388
6273
6065
14417
8460
4727
6663
14550
3880
3592
1326
4916
6362
6802
5098
7850
9664
4677
457
14487
12536
4555
2060
5245
3582
9494
5201
12384
11792
799
6198
10180
11425
615
12949
8237
9694
3612
6787
1927
11556
12465
11195
6271
7619
293
14121
5636
9323
2931
4123
10211
7486
10535
15456
15420
8381
9009
11804
4173
9808
6354
2705
9585
11322
15654
6175
5016
7619
1314
6943
7527
13780
2139
13798
5399
6784
11920
11035
4459
14851
3510
14670
10689
2398
14126
14461
10779
7135
14618
3305
5296
4972
10362
3233
4646
14369
9408
14015
10340
15075
4958
1867
1207
11449
15666
6606
6586
15938
5994
11045
14789
13856
14068
13830
4606
12194
12291
3738
7682
10909
11395
1330
4234
5757
4563
8880
4126
2324
6895
2818
5751
206
4686
6958
7
4352
1916
10945
4290
12262
10343
7431
10119
8411
5261
3077
8957
5904
6815
639
814
2210
6321
5048
12320
15237
2280
446
5913
13528
3265
11664
2086
12303
2622
2093
5007
4538
1391
13649
801
11734
5080
15272
4145
14693
2349
13102
4597
13517
2094
9763
4079
12767
3163
399
12004
5444
5198
1917
7324
12815
1933
9410
9118
8907
15855
14125
1798
1246
11774
6951
12980
5206
6223
5477
8251
12924
6932
12848
14793
13378
10964
2873
10145
14127
3272
10502
7923
8470
771
15247
5285
2705
8657
14403
15964
8513
880
1762
14111
1006
8713
15444
6212
14936
4921
14463
213
205
15664
15006
13583
10628
1879
12081
13107
9504
6583
5031
1974
11706
4278
11612
2763
1288
14367
2728
14153
15248
4490
12264
254
13204
11708
10819
492
4982
13634
5057
5187
1650
4064
7123
630
10295
3204
13738
3799
14139
7121
10126
14197
11399
5738
961
1039
8457
8041
15192
7705
12531
15809
12312
14087
15869
11483
2932
4851
13469
7989
14391
15120
12053
5514
15750
10701
13070
1840
2852
15561
8961
1330
13758
8713
7068
14719
9752
15526
6760
13297
11583
7644
13106
12247
10083
1327
7730
13015
10531
5200
5005
8922
8672
5410
2788
8422
111
4210
14615
7316
3771
7576
8646
1529
4641
4067
4601
2746
7945
15713
43
3528
7357
1501
4128
5793
7180
11858
2808
1711
5410
7813
14985
14082
13224
1773
10857
1687
5983
9472
9003
14106
5400
1650
15636
10042
5717
8589
12788
13662
8302
1183
5542
4012
7036
9670
9805
14216
9881
12613
15928
15291
8779
14913
1726
6003
5039
12583
12042
15374
10407
5046
13481
15807
11048
1469
14201
5117
10058
15341
7131
2360
524
1025
10724
11912
10696
4529
10129
8929
5495
10057
12572
14274
13322
2650
8629
2361
15233
4671
1736
13992
14069
3569
2152
9117
5038
353
2586
15096
15695
9717
5808
4571
10743
533
484
9791
5062
14965
7072
10557
13374
3644
8831
10696
6295
5812
1410
9880
10484
3146
7873
8553
6715
10025
6023
11753
14730
8609
15201
2777
2327
5009
11701
1422
5542
12185
11213
10605
15502
6637
9514
12876
10281
6698
7572
4928
12510
8982
14809
11346
480
11034
3900
11547
9411
9923
11652
12493
2532
15205
15271
9211
4215
10972
14985
9757
11509
14550
8714
11011
5187
6581
7887
15469
13279
3811
8749
14141
1146
7558
9488
1626
6944
1740
1526
355
11663
1530
1201
2547
736
472
111
4951
11444
15096
3060
11305
13647
127
6316
2834
6708
14203
6655
8339
6366
15405
10832
7512
11315
4320
13491
2260
10412
15017
6967
6075
4899
12520
12975
5635
12992
1438
14938
12788
534
1999
8093
2533
6478
14409
9720
13186
964
375
9877
7331
4132
9061
14843
3800
13382
686
10412
12146
4055
1379
2222
8955
13900
3549
2942
15244
4987
1881
12033
9873
8232
8478
12407
14710
6888
10479
248
12204
10854
10125
7887
3339
3186
11083
7139
4920
11769
1551
1067
15825
7282
7641
13132
9534
15542
74
8779
8881
1955
9164
2754
10187
1642
3513
8897
12882
13992
13497
13439
13199
11974
5326
4890
3513
409
12029
8433
531
1932
13852
4708
9214
9845
1840
2749
13739
1914
15880
6620
8222
13396
13727
2409
3390
1240
15659
4625
3585
13156
2064
784
9131
11742
5674
12644
504
6055
9429
1035
7987
11634
5743
5553
9831
11935
12654
7571
13849
12534
2543
6071
14282
270
12833
1673
1511
12492
6298
9448
14000
12714
14584
11483
8456
8610
8127
8960
14665
5909
14347
11004
5895
8442
557
15726
4377
13212
11649
6579
14098
14193
12650
12381
14463
13835
2406
4326
14679
8704
13774
12680
9770
12358
12515
2226
4968
8995
15539
7985
14904
13886
2989
4799
6329
3547
8877
15058
759
4527
5637
14857
2720
6640
15590
1183
4475
1996
9862
3155
15052
7636
4187
8822
8347
702
15401
13315
9697
3292
5301
12953
5530
12642
6104
211
189
14982
15270
5300
3509
4907
8510
10581
11547
8100
116
4375
14449
9978
11882
13501
1615
69
10676
9962
5123
14429
11629
3173
1721
5282
126
7251
1925
6231
11815
6466
9565
11085
11767
1426
4344
8629
12007
4244
5081
12123
8619
3530
10454
4501
1032
421
8922
60
14735
14045
14489
10364
5570
4562
3999
5697
11813
5924
280
7628
742
14197
7065
861
15623
11410
9490
11630
4006
14572
12105
12625
6454
6559
5478
11838
11332
2752
11898
10067
5149
14739
8784
10720
3301
12783
4769
3467
7059
9401
15447
7801
7598
6513
8663
7221
6275
6505
2851
10281
9429
3308
11258
15884
14220
5088
11722
9552
7840
11973
3620
12989
10712
12404
7709
14014
13539
830
1481
4598
10231
928
751
1829
11793
13766
9050
2068
4272
253
701
2053
3562
311
1937
1782
5399
2012
11334
13239
2337
3306
14581
13049
4062
6290
15415
1601
11473
5248
10551
5704
10529
15655
7534
6322
13421
584
12743
6045
838
1796
8099
4400
2108
14388
10534
7507
400
10220
9099
7089
13527
7680
4139
5941
2322
7906
7543
13795
1507
6446
3500
12036
6101
11034
6710
7875
15970
7805
13920
808
9602
6019
9560
11710
4408
8446
7569
9160
2667
668
250
4546
12700
8741
10487
15023
4999
2030
12818
6506
12829
318
2542
7282
15704
13605
15157
15675
5410
13078
4835
15012
3097
2748
15074
11857
11194
6644
9370
13861
11664
13972
2407
8365
11065
12895
7388
64
3277
4206
6571
4458
8877
13465
11741
12933
11070
10898
12608
481
7976
5796
15493
15426
8544
2920
15635
3738
9564
9005
5952
5228
11329
12711
1945
6394
13958
9333
6459
5588
1892
1382
10046
15121
14847
5787
12054
14270
5038
13015
14751
1366
2811
2596
792
15707
9868
4780
7797
3432
2137
2101
13013
13467
14813
14958
3861
1123
12644
14672
6711
14536
54
5110
2009
3254
10897
14063
1524
4287
15430
4627
5654
6593
11575
10798
6300
5444
15578
14098
13228
1716
4551
10241
15183
3364
13552
7396
8840
10196
6069
15551
8732
6123
4661
10741
9377
3911
13156
15253
12550
12587
3880
2204
3180
3808
13003
13833
13604
933
283
10832
2649
4834
5074
6184
12551
2626
13581
5391
1174
3650
9294
9906
9773
13956
8999
7503
6219
10507
6756
2769
11446
14989
9326
2979
7149
10681
812
4753
11614
5447
15585
14264
10281
9011
4448
6832
15989
2029
12223
1163
10031
9870
15421
3805
12178
8420
15660
2397
7280
10768
9518
2726
14109
7196
10057
5258
1877
10869
10011
13492
4668
13949
108
14950
6960
4556
10134
6950
10938
10710
8113
4969
4580
7535
13126
758
4307
1138
7507
15939
11907
1025
2666
10016
12574
1075
3627
14451
11945
13638
295
4965
15939
403
3915
6900
9312
14050
13850
8602
13112
10315
1923
1692
1850
15050
2450
10510
4540
9957
10449
4799
15334
1467
3168
11908
2543
6795
14712
2840
8785
3359
7805
8725
3763
73
15625
1427
2475
1827
10029
15587
12142
11952
1279
2345
15354
8081
1207
3895
6390
11656
8694
5724
1476
11862
5985
4019
7009
9049
6859
15795
12408
3016
8520
171
3089
12497
5950
5564
14324
15979
5151
14818
11932
10782
5515
11286
2863
6722
3533
13605
6731
580
3330
8207
794
13667
12226
7804
6716
7437
7599
7476
10453
4471
12000
1895
968
1950
11811
3644
1930
5315
6814
13862
97
12330
13500
7313
3052
5386
4918
9783
5966
12600
6342
6760
14619
2568
14564
5335
14357
10515
12812
13163
14986
8812
15058
4306
15114
10869
12302
1044
184
3117
3258
4634
3799
5111
299
11203
10497
5217
9339
463
6170
15681
7223
4789
6602
10140
14477
4959
4655
15641
2122
7994
12805
5532
652
11919
4754
12955
12964
4938
4424
222
13924
12575
9685
14223
7778
4182
7793
1117
4645
13963
5151
221
7104
11753
14713
5581
712
3368
5222
7187
15714
2027
1071
367
2299
5825
1674
15263
15116
6098
3837
13040
7025
13523
11264
14803
6057
7409
4273
10703
5372
9424
15276
828
5177
13989
6410
10241
5709
15984
5780
5424
6364
6852
10143
8663
12677
11817
12278
145
6267
4467
13186
13292
6342
12802
447
12400
4211
4720
11455
13935
14144
15083
14763
7673
13072
9525
1915
7133
9510
12047
909
4226
2899
11052
1241
3929
11221
13519
4074
5840
6338
5612
7484
12681
2414
7932
13433
10977
12652
8888
8912
15149
7971
12028
6822
9395
5553
8737
4880
3415
9137
5790
11993
12036
5194
13234
4317
4768
10753
8392
14960
1092
14004
6445
2125
4771
14377
15558
15748
15381
12798
13013
14530
9121
9041
9705
6868
2946
6794
11748
10714
15931
5890
6707
11968
15437
3942
285
8557
3047
13029
7517
8491
15386
13962
10616
4157
691
14526
8257
73
11324
5270
2955
8797
2663
12660
15665
5610
3455
11414
4676
3386
5656
11383
3706
5093
3677
8344
13650
11077
5373
5168
3568
4759
7482
2537
13268
8174
1063
5526
12599
740
15148
3906
9537
1812
4919
9203
11774
12726
8969
450
112
14625
185
8171
8071
8215
515
5721
3292
10240
15241
6860
3352
11076
9397
4972
3250
14813
10498
4201
3905
13999
12459
13442
15811
1378
10997
15937
14104
8318
387
2569
11296
4924
15092
3367
13139
3959
13440
431
14199
12682
11644
5903
12110
9393
10876
3712
8206
9726
7913
463
7725
8724
13906
11888
10103
13255
11825
12559
5574
564
3480
870
9841
2572
8589
6980
6531
6029
11764
9083
7063
7408
14986
3173
801
9862
6885
13360
3589
3150
13823
15666
11875
81
11555
10330
1689
11732
6889
11615
649
14722
12485
10490
1294
9426
1470
12178
15455
1586
5261
10871
8994
8599
2396
14148
2462
9282
11508
10403
784
13683
14421
12659
13765
14328
11341
15454
10061
6583
11069
10710
5305
11906
5200
6599
9684
11022
7129
13491
12609
12390
8362
9955
4990
10759
8103
11804
8393
7963
10559
9177
5647
8980
10189
7764
7309
5530
11570
5722
12113
10991
4784
1418
11249
9984
12370
4933
9358
3499
2424
5967
4242
10787
15923
13584
9898
12378
13740
2291
4342
8299
11468
14341
5631
5657
6105
1292
15540
1675
7014
11653
1018
11798
1424
12267
10134
13794
1200
7845
5645
3624
2164
9887
2763
2087
11823
12661
2818
9563
3304
7160
6214
14773
9853
11846
8782
15958
13138
8322
5985
8505
8328
7003
8655
9752
3270
7142
11898
8822
14987
1543
12446
1151
15783
3562
7591
15958
4575
10409
9522
7880
5921
4088
11005
15774
15934
8139
4084
1425
4814
10069
14282
13142
1072
6937
11246
8694
2431
7144
1516
1418
13039
2314
2570
12822
5876
14513
12781
14804
8922
10655
6684
3195
14743
6041
2969
3030
14180
11405
8807
2994
5474
7089
4488
10898
2378
15734
3592
4810
11230
5108
10580
8270
11774
1502
9444
6003
15
10577
4807
8937
5232
15843
484
8328
5884
7805
11358
4064
3210
8517
11411
8684
15606
15899
3582
6336
3986
11526
15498
15216
4986
10079
11838
761
11581
5283
6764
15949
15860
11571
13238
9445
11414
13723
1773
5650
5528
1483
14066
8739
10000
9477
5775
9606
13729
13710
4294
6067
9236
8145
9635
14223
6576
5474
14984
6509
15109
5748
6458
3321
5671
3697
12766
5437
1420
14539
11087
11300
22
9153
4039
14374
6983
14167
12332
4712
11877
627
10779
5113
8772
8766
7688
15348
14240
6672
5857
13349
772
668
671
10795
4365
1789
232
5785
4681
11319
1085
9055
8825
9477
7430
15808
7644
3762
8872
7873
8741
8003
12986
5865
769
4675
5213
3362
15699
15423
711
4824
91
5734
15619
8808
7524
15852
2945
557
15523
8382
9612
12700
1859
1042
12508
13855
4805
9732
5728
1898
1735
7067
7764
6857
94
1329
10219
15793
752
15282
4617
5195
9369
8589
2355
5245
12793
5300
5802
668
13683
15414
13369
3894
4809
14229
6102
13966
7962
182
15864
14049
7249
7628
9258
11695
8958
3477
11489
14062
2760
4458
3258
12129
1399
9965
1374
14192
15266
11528
14861
1301
10942
582
5195
15751
14811
15649
13717
11125
15832
13582
9175
11433
5210
2433
7129
2520
10263
6970
583
1375
15780
8193
13504
1180
2158
3230
3724
1424
14758
6937
7077
14052
7519
625
13804
6331
274
15873
1456
4458
1807
14983
15892
7018
5769
11373
13890
32
6695
14473
1407
10827
6666
3263
359
8825
10845
4084
14601
9603
15373
5679
12007
6893
6304
9811
1576
6578
14037
7384
15389
15844
10720
15281
11214
489
15006
9105
4873
10053
7578
6280
4880
14245
13895
5240
11422
8740
13676
10023
6695
13049
4054
2702
3942
10358
866
9870
5289
14903
1255
4678
14747
11975
8311
9962
816
11669
7419
5689
5722
14997
321
10602
1594
14216
4194
13016
6956
1870
7040
2003
14920
11094
4705
7214
9805
5571
1085
15094
8826
6692
8124
7574
7019
4787
5888
7835
456
13307
13524
10530
656
2197
5132
2251
413
13679
15267
11721
15549
10659
13724
2821
10106
6781
10036
3911
705
15473
7357
9531
10517
15481
5457
1536
4268
11345
13723
9076
13004
11247
3606
13661
13444
13090
15912
2209
10769
3531
13930
14671
14191
6
1492
8297
6787
15880
12208
7492
3705
7917
5376
14222
7398
10833
4110
18
10531
1833
13446
7535
1432
1052
5196
3228
2494
9460
5437
13264
12992
7719
11935
15535
7725
1779
7832
2865
1660
8392
14709
5365
309
4085
7940
12059
14919
12050
429
9450
13884
13875
5337
15316
3279
14886
6897
5773
8346
12334
7389
9690
4054
3324
9225
131
9456
5409
2996
11116
2153
6058
4833
2462
10143
1125
2873
13414
13176
3302
11216
15412
5529
554
3080
13160
3792
9977
2934
12138
6312
14675
10181
14718
2000
7758
14849
15808
1520
6198
10924
3673
12256
4109
10488
10751
5235
13361
12518
2411
5016
12086
6175
14897
12640
9255
12058
4784
7585
3344
5275
2249
2019
15456
967
8371
7214
4168
8179
8734
14718
7455
760
15326
11565
11248
14430
800
8609
10948
7563
1977
7034
2090
875
8027
11345
1285
12811
7282
8981
2086
9531
11000
5894
14850
7724
1461
7371
4255
14547
6089
11711
15307
9768
7276
10555
8198
12428
7517
3146
8343
13846
14532
10433
3073
6559
10130
4358
7723
1413
13339
14161
10944
12692
4056
14147
4416
5517
5518
8671
4064
15959
8734
7724
9727
4362
6631
1925
790
14148
9423
13485
11995
7956
7918
3420
2867
2049
7779
10590
3462
9470
8752
2758
6162
12808
5257
14930
6677
10775
11954
15093
10735
4688
6817
8814
9051
13449
10740
14193
15949
4163
11679
296
12119
7949
3717
14987
9998
15848
13929
1812
9318
6681
8923
3833
7841
14180
7115
2870
13308
7421
1964
12395
12110
13133
5209
9513
10582
15949
12058
14884
8465
7737
15180
8936
4039
7249
12275
14037
7097
10205
4202
416
5238
1477
8601
1432
15657
15716
8654
1317
7138
10618
13712
7600
12104
7274
5465
6686
11575
1523
9922
4040
13613
9103
1329
1652
352
13604
4041
7450
12161
8243
12218
5752
14072
9171
11536
2082
13239
4190
3399
8729
3161
5464
4681
15265
12738
10146
10303
8313
22
4226
706
13635
1681
2035
3639
2033
3991
7680
13835
4505
4276
14405
14609
2348
11928
10145
4430
9168
2687
12182
1897
5848
1646
6579
5113
14384
5077
15417
11049
5099
7995
11755
2734
9676
2142
10725
61
10486
6758
13897
14991
11034
654
13600
1734
12583
12097
10517
10103
14784
6699
12000
4633
12697
6931
14098
15433
12009
1867
10482
5460
9862
10590
12547
3538
12732
7272
7952
7218
14030
5849
10561
13416
10855
12513
15151
11790
8610
14020
5893
11747
9071
6246
4732
5768
1529
2830
5201
13538
9050
4035
7351
2912
14625
3898
10803
15710
11170
2755
11280
9201
12956
5842
6617
12163
6707
10120
7954
15318
8140
2199
15417
1211
8445
4149
11331
9975
11331
4884
11865
4381
8920
3216
11646
7545
7114
10801
11607
6637
1908
6888
15838
3216
1082
10807
15379
7789
9280
11685
11459
1420
13885
10876
6984
10682
3377
6667
4657
14709
11552
4875
7442
4472
8091
3088
369
3558
2241
11977
10195
4149
2865
14385
7365
8299
9192
11097
88
6824
11134
15900
8245
9019
15128
3581
8054
2506
10248
12711
5567
5800
5938
13009
14624
2382
4450
14994
5940
11043
15323
4487
3545
6540
2872
15262
14839
416
10359
3279
7241
5494
7531
3838
2865
6660
11771
10919
13518
6019
11983
3085
172
1921
4446
3148
4303
13248
2142
14595
12644
5817
3082
189
12357
10306
15451
11196
15075
9811
2828
10668
3657
10359
2858
10874
5371
14629
5794
2889
9000
6129
10326
13524
12402
3125
673
706
373
7167
3653
13017
12985
11088
1558
9342
9746
1010
8891
8821
10821
11719
7841
2830
6078
10699
13704
11450
9328
7850
2691
6681
13979
13018
4205
10382
143
4878
15440
4868
12046
3093
6238
9031
2533
7796
2373
12280
8806
11264
9453
7979
11335
5647
15161
5766
346
12866
1216
14027
4716
8259
4708
7048
5277
8913
1430
9772
2144
5222
2993
14190
12667
13583
7221
15201
9731
13946
15833
6890
13563
13638
14869
8898
3285
2383
14664
7984
3601
4232
10363
12669
12492
15071
3717
6121
12336
9499
4246
14480
14721
11591
1022
15741
9174
12595
14942
2905
10542
3127
9795
12457
5117
13017
5355
8403
3752
8372
4739
7353
12604
15102
4022
13448
2525
7740
7922
3213
5591
12168
6046
4313
7759
7068
4054
5285
3664
7348
12542
2558
14827
6338
15015
3944
7707
8722
699
11459
1094
5438
2812
2051
8892
6834
15499
15769
2926
7421
2983
8518
7941
9029
1183
4052
4449
9589
9337
12465
5289
5880
3375
4116
570
6742
12412
12629
15465
13112
8088
4911
6902
15252
6962
4147
10438
6462
3916
13365
13883
6899
10235
10177
4280
11418
14229
13082
5007
7567
9547
10296
1799
1275
2764
2369
8017
15176
3350
7482
12288
11438
746
7543
10690
7708
11690
9480
14170
15606
6845
406
10858
1080
10583
3490
850
13164
572
10209
4731
14472
4505
10882
15747
11621
1603
7764
10798
4953
3599
7086
391
4345
2981
15433
12053
14671
13266
14576
2630
4111
3334
13488
9544
13917
5330
14746
11081
5903
8956
4165
4375
13461
3399
8474
9083
5003
4590
8233
9956
12541
3671
14700
886
6653
2485
1292
5324
15751
4220
12306
8215
7554
9794
6111
9823
3477
4857
9256
9380
13813
1773
2107
15627
5173
14933
13062
10176
3523
5295
8484
65
8966
11536
5303
15619
14022
10947
9296
2125
15167
5602
14692
6721
3749
4803
4896
7226
9661
14153
4958
11826
15926
11417
11453
9451
10350
8515
3627
2225
2162
464
2290
11129
12000
7594
15100
14374
2541
12748
500
6061
6703
3544
12782
14804
8348
6031
10382
6361
4184
15340
2187
8462
15109
13641
1914
9459
10508
9893
11684
12671
10357
2327
12152
6358
9921
15604
9084
814
705
13936
6875
7408
1481
8010
6212
9829
2393
594
4542
6577
4286
6729
3391
3395
4370
5305
1206
3231
15199
12890
15902
13908
3569
406
8618
1842
10
1703
2657
5067
3991
13884
12475
5472
10246
7039
3653
12639
7633
8195
7568
271
14925
10960
3666
7647
4617
4872
10878
8168
6115
15132
6077
9684
15538
14695
11527
3901
4750
2536
8968
8742
420
9796
2566
15019
835
6220
11658
12821
2767
7579
13092
6044
2539
759
13692
7156
9983
12922
15325
98
12055
9754
14135
15945
12801
9662
8198
1552
550
5519
14646
5322
15315
1212
4341
4502
11784
4352
1323
2904
11931
14416
8948
2822
3527
10992
9978
1862
7915
13655
1961
8322
7409
4448
12619
4211
2462
9170
10115
3012
14689
13113
8334
2356
2677
1028
11210
14462
5380
12534
1366
1311
15302
14666
4133
2829
9659
2463
4691
5926
4471
11004
2600
11880
3804
15219
4443
6266
12741
2910
9278
15782
23
5965
2138
7053
6993
13349
5515
12373
14235
11233
2036
13537
14251
10521
4718
7910
12984
13761
2188
1455
13118
4788
1688
922
8360
10483
11541
5101
1746
9171
4884
6121
15136
11374
13174
6129
13075
7041
6854
15662
6626
8890
13199
4878
7763
6269
1140
9100
8383
3329
14907
9853
8117
595
15127
4829
15431
10668
9931
5529
3840
3167
11650
2976
2893
8825
13458
15969
4218
8664
15631
10845
5907
1183
15723
13670
11804
863
6770
4187
8544
5678
14040
662
10625
13168
9843
10056
12188
3774
3937
28
11293
15588
7357
14187
12765
9167
14156
983
1831
2139
180
7738
3322
15903
5409
3479
5119
531
7666
2015
6209
10059
2677
5187
11579
873
3595
7767
4647
7533
12148
15941
7121
7857
2480
3886
1024
636
9221
2855
7127
9402
14946
14802
13657
8707
2281
7128
9238
14299
9144
3800
8358
173
8987
8289
1046
12582
4409
10046
4115
557
14339
15588
8414
819
7826
13790
5807
5400
645
12934
14802
3943
88
811
12650
2369
7940
5889
669
5436
14041
13379
5609
7028
5669
11008
7962
14430
5054
430
14987
3393
18
11753
8564
7845
9543
14371
13245
14540
15657
399
2484
15746
1210
3486
2115
13502
13727
7136
7290
11768
8868
1252
2796
14537
12260
15111
12967
5666
15541
306
13411
15559
411
5975
11756
9954
4346
13353
12846
4003
13752
3682
3749
3315
7169
10217
5169
4896
5705
12460
665
14573
13712
7813
1462
14324
6924
14429
3990
10817
3087
1401
10377
3498
7376
10485
1804
74
7839
3003
8429
5591
6685
531
13258
2206
10748
6780
11455
4805
3240
472
3379
5304
12637
4841
3628
7914
7623
11970
2731
10710
13371
13108
2561
9099
7594
8717
13525
3785
11720
5954
13728
6758
10837
10987
13316
9937
1767
13123
14743
9359
13595
2122
14663
10233
11315
6643
2147
2938
6965
9230
2001
4336
10691
4562
1787
6637
1631
3664
10422
1704
13970
8150
12814
8808
7489
10130
2745
13608
7254
1488
6967
9201
7962
9982
3434
3278
4977
9933
6216
11942
7516
12569
4630
2207
5483
10769
8844
7115
14433
7618
8819
12404
15768
5633
5212
7258
4115
12309
4866
15721
2150
186
8923
10112
10168
709
13390
15146
14995
7959
15440
6511
4528
4071
13070
10012
14840
10266
1127
13274
1884
14298
14030
1652
8283
7594
13262
750
3903
6481
472
6053
6667
13747
166
5187
2808
1908
8685
1803
14219
8126
12666
2748
12197
9736
12760
15389
8354
2239
1015
10238
4889
15045
11891
1524
6639
13505
2274
14895
3986
7098
4948
15005
4845
9466
8545
7654
15727
1230
13809
13946
13708
14828
5046
14257
12916
1806
13647
5271
8397
14662
15509
1638
2060
15752
3162
8699
13258
9789
11946
5596
887
5247
8954
10085
3065
1499
1739
2792
7081
3900
5091
9142
2728
10137
7399
15645
296
9398
4916
8693
12413
8777
14684
14473
8530
1846
11524
10140
11635
7471
4088
875
12718
13042
10960
15783
2893
1051
6928
14327
4951
12019
11821
12032
6156
3220
11677
6452
971
4945
3498
1736
13722
2182
209
6252
8380
85
392
8368
7556
8833
9243
8626
5875
4203
12762
13121
9606
3690
11448
14557
4061
11621
10589
10217
14841
10618
5022
4164
15563
8520
5900
1638
15054
10461
7890
7434
10547
12635
4154
6455
9820
13397
3434
15695
5952
196
1168
15558
8238
968
2468
651
12589
1409
15220
15783
12028
4242
3947
15943
1114
14200
1581
168
8661
13824
11955
7560
14811
109
2368
8631
1859
5802
12678
12163
10350
13847
11722
2588
14815
2542
3239
11405
3951
2459
15540
4331
11054
3487
8627
12168
6039
10208
689
14701
12384
996
10613
15547
5457
12981
12530
7316
2783
9209
3480
13133
11408
3554
4073
14575
10448
11664
14332
14399
2476
13872
7083
1882
5712
15710
14050
11751
14270
3091
14804
10655
4087
9418
14554
9545
10751
11085
5213
13535
8646
13045
15020
8406
4951
7446
6981
15399
7462
9666
2151
9938
7538
9234
11820
13250
8944
14223
9002
7214
1314
7806
6221
9754
5576
9128
3299
328
4213
12864
2215
1211
9910
5587
9617
14861
1385
4950
2613
8848
14616
4764
2786
6155
2350
2959
7757
15646
5534
759
6860
6848
12918
1434
4954
6846
10562
12605
11526
3127
9470
13741
4338
7732
7681
2307
6593
9066
7257
13558
1914
5874
2322
9053
381
9024
364
8138
8670
5898
13250
3883
12746
10168
5317
6053
5366
4231
2658
893
7358
12128
2986
48
3860
10667
6707
14806
8086
13964
12364
10000
8190
3039
3053
8571
415
3417
5062
9086
13667
2312
12969
14766
832
6638
4819
6198
10869
7477
11443
6579
3606
14430
10979
11818
13449
1686
10624
5535
4002
11341
15536
545
2732
6941
13468
3147
14711
2530
12233
12378
9194
9202
11144
10026
4192
15963
4577
15061
11793
20
9992
15399
2802
4971
11217
252
11009
10194
5787
3364
9887
9675
3909
12619
617
1377
15766
3680
3908
352
58
13102
13906
15555
11481
2099
3870
4410
5512
15663
4430
15505
3414
11585
8828
2984
11837
8190
13178
1624
11554
11417
11300
15463
8036
269
5192
12154
3949
9100
12506
8359
10555
10413
12266
10388
864
4489
14798
6376
4152
7580
5881
11919
3165
3062
14903
15002
11252
433
4979
11158
11850
4631
10621
3886
4900
4165
4392
13201
13266
899
9912
12173
15664
10531
10913
4880
15020
9711
11256
7524
5643
5490
3443
8809
12904
2346
12163
8156
7131
1142
3314
2981
10125
2287
11219
3377
6452
15612
4930
8070
4863
14843
8595
8879
13726
7860
13759
1098
1571
13367
8622
11567
7209
418
4376
4113
7116
4891
12269
14248
6034
3935
1229
159
10574
12449
7889
5379
413
12819
1801
9628
14
10397
2507
13740
2257
4618
14838
8181
6337
11813
8100
13547
12231
12476
1660
7699
1367
2282
5947
11753
6217
7177
265
5144
7978
8154
10523
12743
4973
676
6371
4988
15425
13230
7080
6035
6200
10271
14216
12537
10436
6316
10084
11019
7144
11745
2718
12863
14027
8666
12969
8596
4195
1586
2092
525
14092
12615
13268
7417
13292
7991
757
12717
5221
7838
7104
15773
6461
5320
12310
897
15988
10747
11916
11484
10844
14634
12700
13223
11652
14021
5819
15847
15607
7912
372
13699
8879
1992
9468
10523
9983
10226
11593
3556
6416
2697
3329
12877
12370
3992
2126
710
14739
14042
547
9583
1028
13247
11158
1033
11268
977
5232
15227
13241
5605
1278
10473
11949
10746
9348
5933
9324
4941
13841
15740
11991
1171
12617
8361
9515
3095
13423
8254
5489
13970
6189
6518
15569
1347
11903
10837
6676
1135
14416
8270
6740
15694
2743
7042
14793
12091
12975
8117
5385
15168
7858
1376
339
8827
14089
9854
11923
11512
6460
1412
13835
1001
12282
13404
2348
8185
12594
13377
9321
11010
5647
4413
15057
8390
11455
13850
8833
12782
5967
14218
11951
2177
3946
642
15357
2035
14849
11280
1900
9661
1044
15735
10663
13327
1491
1363
9864
14085
14740
7537
13448
4387
303
12505
12777
110
14707
9963
1245
9026
12533
1548
11204
480
2190
10561
6867
5391
10193
8767
15053
11237
12854
14068
12916
2698
15431
11133
783
14172
2670
2583
2559
7325
15088
3689
7436
2147
13652
8681
11174
10185
10229
10730
15017
771
5291
5885
10515
3836
3004
13920
3425
4211
11988
342
6909
11419
15827
12044
13943
6849
14628
503
14175
13716
8544
5611
4216
10548
14292
15390
9085
12873
10120
8103
13644
3763
2340
12511
7599
5344
10431
11024
13907
6419
15718
4816
6191
3897
861
4134
10747
3841
8989
8922
5909
5885
14533
10125
433
1177
9515
9519
14050
7987
5974
46
11750
8314
12558
7701
2010
11341
7078
15918
6113
11148
4734
12304
15046
9947
4790
9793
2140
2132
2715
8050
8017
1248
2175
12803
6777
11691
6322
4827
8030
12296
9225
3781
4610
10135
11482
6620
5477
6912
10890
11590
2061
3977
12246
1107
2276
5388
10900
4417
7520
1967
12467
3890
3215
14642
693
9992
14685
11367
3171
6716
12015
12396
14849
4977
6532
14683
15949
361
5596
10840
11951
7657
14817
8197
13116
1093
1937
8016
5510
13810
9983
6329
1700
1550
4972
6745
15894
8009
6464
7417
3077
2479
8165
1926
7456
3049
610
11757
3410
10558
6597
3713
2215
9766
262
3683
10860
2200
11699
4722
10
10034
11052
6062
15936
4376
12807
4182
737
7623
15951
3815
10102
8116
10093
5910
11166
10703
1667
2928
9613
12617
6642
11828
6383
6904
3863
5595
9104
15562
10318
13466
13948
9722
3528
2236
14098
4687
10770
14835
12310
10721
7002
10764
7190
1096
674
2356
11799
6694
9636
9765
3311
278
9945
14046
7183
13809
3642
4639
13371
13960
2106
15672
7682
5634
6260
10132
10322
5383
13319
10984
104
4322
5749
7294
5418
6423
14002
5569
1469
7639
15334
9132
12269
9280
7179
3452
7089
10821
12444
8812
13133
14550
12836
9167
8536
7449
3299
7210
12832
4970
2195
12936
9292
7944
8583
14710
2719
10937
8632
4189
2576
7966
13321
14846
5598
4500
6650
12687
3673
3094
9852
806
5996
6688
14325
2885
14137
5976
10095
15321
10947
12290
610
4239
4234
9193
7302
6954
8482
4286
15495
11059
604
12816
14257
6203
5669
9259
7242
9342
706
1094
14501
11054
12135
12826
13939
14624
2803
8035
13946
2102
8677
14556
10693
12912
12101
6347
8218
4583
10633
7713
3994
11238
4529
6603
5793
14550
4215
13035
7893
4921
2482
10746
4327
2969
7572
2267
1593
14727
14654
3891
5181
7331
6799
15875
4243
2900
10574
813
11836
5208
8526
15830
4798
1408
10786
14943
15958
15001
11978
12203
3922
2812
6949
8249
5781
2874
14868
7375
5953
13522
15618
15487
4854
6418
3714
13449
9318
14288
14263
5154
7848
11141
9337
998
901
4123
15941
5212
3124
272
1415
11398
3084
12717
7999
8866
3943
11220
4593
14248
8742
4211
13735
1948
10629
1449
3750
8300
4090
6365
13454
11938
1506
11143
12937
6760
3618
1230
11972
6742
1502
1739
6492
4587
2808
2844
13453
11103
14064
6398
9352
11158
10609
11439
13107
5239
1241
857
1891
9683
7222
3697
5621
13080
14841
6910
8192
2459
8141
4164
13554
9643
10256
8398
2582
1416
11242
4387
12520
13658
10785
10224
8817
5395
10015
5924
14986
11256
11133
877
4939
6707
4574
14913
8139
7767
10175
332
14579
6668
8848
12133
4664
3104
8883
7246
4521
4126
11634
5393
1784
6419
15617
10601
166
9632
4877
3504
9241
4362
4381
2532
15421
13308
1445
7561
9427
15973
7893
8006
6641
5093
8491
11305
8198
1375
6904
1071
9853
2538
6464
11637
13309
6081
10591
13476
4065
3820
980
13306
12535
9714
15839
11956
11374
5636
7869
9153
5609
4114
5512
12251
9208
14003
11908
5758
3730
2812
6829
13583
5350
1645
13573
7012
7726
12516
4488
143
4688
9820
13450
5575
7886
13289
5884
7612
2925
13753
766
8535
1868
6278
9138
15428
8633
5046
5186
12364
12211
367
14299
5913
2012
11872
12925
14090
12740
5765
14233
5781
15586
11683
11356
11824
13324
1240
3437
4602
3346
4203
13137
9566
10481
10627
8994
7466
4025
2532
3830
236
7251
2130
6150
9263
2354
7427
11705
3447
13193
14290
9228
1131
9974
4584
12955
11650
10177
392
252
13523
4595
1741
7089
3428
12368
83
10895
4746
6967
3077
9334
14218
9559
15484
7481
11914
11264
7538
15361
8457
5828
12941
9588
4154
1525
6543
15805
54
11288
4409
13577
4235
6151
4666
7664
6871
9101
6911
11617
68
9988
4952
14286
3548
8788
10119
3814
4052
1657
7527
861
11838
4468
14801
15992
10345
9697
4149
10400
4985
8559
7977
9220
3062
12644
5236
9933
10097
499
9903
10166
10488
14855
12804
2388
11995
6924
10554
4400
12933
2081
9613
8771
10901
8415
13116
5246
2112
1265
15646
11449
14176
11976
9021
1238
12972
14258
11172
7069
14757
5075
5587
13597
8282
2392
4337
8629
13668
14891
1381
10601
972
10995
7725
225
3410
4841
5472
9874
10458
9470
9675
8635
5446
2696
9873
6770
954
9397
2192
4064
2824
7779
1661
15458
10171
5999
8088
7839
9242
9469
6793
14567
4464
2870
14792
12226
7711
4264
10452
6521
2087
4127
15156
11885
6824
13382
2656
12130
11131
4848
194
13956
979
6208
13414
11151
559
5502
7342
9801
3324
14135
8368
12140
1005
11513
8367
13068
4129
7171
7942
6216
11299
11450
2102
6475
8832
9110
2605
3964
2310
2800
6272
3289
13360
3686
2792
13919
13541
10135
12072
865
12622
8793
13005
1980
4306
9724
3400
8435
896
