1000
543
6078
13031
4811
5626
8104
389
3412
687
6296
13035
10252
441
13675
5604
15770
8342
10284
917
5274
6702
2046
53
14829
6450
2116
14463
4229
3786
10198
4857
4329
276
1888
9140
10254
9992
9530
2018
15031
4178
3405
9284
4619
1080
3240
8742
9423
1876
9659
3049
12931
57
3102
11760
10859
9571
14575
15088
13357
8773
3945
6038
13401
10186
3531
7655
8530
1413
9673
7562
5591
13079
5198
14563
14159
12790
7305
7582
14666
5316
14984
11597
5373
2086
11710
4584
9
10285
3673
1718
7411
11970
7757
4812
10508
11288
12468
3039
12701
10493
14953
6644
11924
4151
9559
10084
5293
864
6018
3959
10532
5002
3909
4257
11441
15619
8842
15802
14256
12515
1521
5667
12837
13630
14832
7346
8918
15652
10385
9971
10145
13690
4967
6070
1841
14527
4506
11486
3743
14876
15445
14276
3879
7706
6885
3672
11677
15727
3474
14286
594
9347
3953
13432
6977
7137
9130
4247
6789
3515
2570
5287
1205
7538
15709
7398
10417
4215
2884
2512
3091
6681
5140
11322
2740
12026
3346
14417
105
6821
1055
700
168
5009
2484
11498
498
11614
15745
7288
3481
2316
927
9038
14206
636
4788
12975
9203
12024
15487
646
7057
4628
11969
9797
654
3667
12567
5111
10488
13622
5811
15009
6983
12647
10507
7482
12613
14604
3122
94
920
8401
13484
3478
9037
2272
453
6592
14296
15941
7238
5354
8921
7559
15151
13927
11227
70
3038
10067
13693
13202
13428
9028
9849
7935
510
10815
10892
7984
10909
164
385
12746
3643
13774
15018
8448
4366
13315
12741
15957
7021
5662
11868
10524
7941
7095
10595
10980
5515
12640
8182
2943
5668
6383
15231
10531
1198
10123
6867
460
14639
7253
13206
2282
5027
12224
10731
13746
13891
11824
13703
9264
1487
13923
3789
9428
9371
2736
8760
14886
15376
942
6181
9396
11678
9764
8279
12876
8239
15147
13336
6879
10752
14894
9161
4131
11119
8244
1877
13362
4069
3932
6627
9908
1856
14768
7688
11227
1504
449
14465
5232
5743
4646
2980
5773
14411
11260
2650
6650
14759
4338
13529
9511
3233
11043
1994
2704
7639
8224
4418
60
12156
15397
9968
2364
14165
6009
1943
15669
6458
4760
4901
553
13759
12234
6327
522
11846
13329
11524
10605
6019
9054
8468
13604
8449
10462
4660
4440
2686
9079
4501
3195
8476
14469
9911
6642
8830
207
10663
3640
4967
3917
4194
7078
151
14873
7600
11997
12202
3125
6602
6573
531
3422
4178
8980
2236
8838
13420
4923
1917
1921
12470
14746
4743
10733
9740
1925
10940
4403
5566
4260
8320
14112
11338
12823
12985
2939
8820
13539
10416
3774
4112
10947
7196
8290
3927
13785
5481
5699
7060
11750
11973
3530
10496
5068
2615
4236
6993
13556
12992
911
6168
9664
15023
5858
6488
12008
13149
15308
13899
7565
7435
6364
2512
2983
14654
10791
768
8487
4843
7828
4238
816
15710
14734
10236
2326
7323
5581
4234
4315
6493
10402
13979
5516
260
4467
5877
1762
8128
3776
9327
15563
10140
11840
6898
13147
6631
7667
5634
11474
15495
14224
642
3558
12959
15230
5884
8634
4812
10118
12949
15657
8872
15280
5173
13484
8100
15402
15246
4580
7531
8574
8495
6023
8766
15393
7522
15397
7060
13157
15224
10908
11381
4218
14466
12692
3449
8702
5326
12613
7172
6627
12270
44
10260
5795
13528
2360
9550
1127
6940
1081
14053
3787
7104
6819
3180
14627
10568
14593
136
14144
13853
15869
2363
671
914
10164
9373
10592
11129
545
1220
11751
4941
11480
5898
6821
2192
15448
7948
13484
529
6001
1271
11986
1172
8803
14965
11741
7396
3453
9885
5249
7674
600
10272
8588
10764
3645
3181
5893
8542
8753
5996
13483
8585
11895
8657
10777
11343
605
8261
225
10959
13884
563
12131
6687
15528
12224
2436
7333
6110
12037
15007
6710
6310
7596
5827
14307
15129
72
11202
12234
6069
13037
4819
1964
5694
3948
13307
10652
561
13532
5611
14445
14095
6094
9484
1975
2319
11920
9308
8429
7958
12668
3491
2620
4264
9318
927
7745
9391
12129
3979
3812
9167
13150
5776
14861
1098
3083
13865
1659
4968
3476
104
7415
13923
13940
13743
242
9861
11403
13023
1819
8071
4866
4439
687
14185
9718
8432
11928
5848
763
15740
3367
13913
9868
6580
3363
1303
4446
5022
6271
12274
9478
2039
10197
7419
15782
10439
5632
15537
11814
7451
7609
681
242
8296
3218
14312
5081
3498
8512
5844
7590
11879
8110
1458
6812
15825
7113
15610
4848
13385
11884
2678
3776
6082
14449
7910
4873
4081
7447
5040
15884
15056
10073
4478
7353
13291
2791
786
5141
11303
10982
12731
11535
7444
2541
2347
7270
9654
1957
470
11391
2193
3148
3519
8275
1598
11429
1501
5679
2877
10893
9916
6285
4966
14394
1990
2257
1185
2776
11750
12489
13759
12833
12376
5203
3726
14723
12473
1732
5032
12943
13124
7225
4444
643
3853
10394
425
9706
4425
7654
4599
14341
13939
9565
12736
15930
174
13921
7058
11924
14762
9169
13109
11138
14373
835
14213
15198
2567
3245
494
4043
14823
9290
4687
7028
3684
9464
734
8109
1118
9685
6451
15057
7602
3187
3339
7776
5460
10398
8052
4223
7919
5161
15361
6292
10348
13575
9843
12915
5172
14689
959
8347
7979
9998
15375
15
3462
4461
8124
8932
14146
2927
7989
5748
10466
15681
1876
15927
14431
14280
4150
6350
7793
7863
995
2141
9790
15190
3409
3315
13879
4368
11662
10210
2718
15390
10225
6180
3851
6701
15112
1998
13981
11453
12098
8447
15486
2327
8374
13917
607
876
8620
8401
13092
9615
14894
6882
8805
2303
14549
11036
11023
10212
9598
13741
9602
8175
8273
1805
3228
11737
3803
1209
7191
4254
9657
6677
6581
6383
8947
11540
7260
1567
8293
4352
15534
11540
15586
12691
13843
14136
7727
8867
12700
1325
10960
10654
13852
3234
12459
1080
14971
4615
2290
10514
13221
299
5544
8154
6682
14491
3694
13942
4410
340
6646
3944
11880
10585
635
14075
13073
12714
6942
9773
2391
6255
4427
243
