4000
7785
11771
9935
1371
13490
15031
2796
276
7469
5356
10227
8739
5298
15792
11344
1917
11798
2308
12905
822
697
6832
4689
9426
8591
12008
4825
12114
1940
4272
535
9726
4396
10470
15449
1886
9502
6597
6514
971
11953
5094
14062
5604
4886
13758
11873
5037
66
8778
10211
5115
3963
3252
2894
906
15260
7719
13020
1201
343
1908
15279
4739
12378
3080
10978
10232
9678
1492
15555
9983
6586
13617
3939
15825
11375
15812
9214
15793
8591
3425
4909
906
11030
7803
1812
10290
3874
14832
15843
8569
740
3474
1661
1471
6555
12639
11703
233
2483
11259
14568
13422
13228
2508
1599
8604
2320
10813
8397
15263
2590
1658
169
13620
13813
1981
12263
6039
5166
12106
14609
10258
15581
4622
11729
10488
5613
11785
15073
8096
11396
13641
9870
8624
149
11469
5580
6822
6282
13978
6085
13225
15636
10607
10845
1802
12588
7108
7841
6106
3215
6450
365
7148
15424
446
5988
5037
12231
5061
1486
11979
2702
11356
4604
7204
6826
14536
14026
1460
12514
4111
14685
503
14718
13883
2305
15659
4991
10146
5765
12558
4949
10482
8058
4373
10929
14046
13763
11512
7459
15249
11844
10162
10605
4800
5718
5783
3336
3744
11596
4203
12207
14633
4706
15278
12516
11363
14937
1508
9861
9054
2418
3162
3537
10477
11888
2818
12875
9651
2682
4335
8900
14526
2849
7857
3326
8567
1993
11015
12311
13589
15218
12870
12222
3924
12148
13091
3639
15437
2951
1852
12844
5369
5015
381
4198
903
7551
1074
10554
14585
5409
7806
1464
8258
15663
9142
5177
6008
4157
5840
3597
3375
2710
4172
11651
3211
1263
15290
2648
8566
5495
15492
13935
10510
4225
6486
11413
128
7560
10319
14714
1321
6477
4530
13931
10492
13672
3108
501
1830
13300
8450
5205
10
12622
5209
7573
2237
8851
14574
10803
14346
2418
13091
8856
6644
3577
8621
11124
11137
7292
14190
810
13769
2720
14741
12614
393
1849
13115
2223
15149
5565
11780
3511
6540
989
15437
8777
9841
14011
7933
12539
429
5024
5396
11425
8601
2369
6550
8090
14014
4740
8900
135
11813
7641
12749
12206
13842
9864
2781
1343
3782
2913
9206
10322
3903
8643
7451
2096
6654
15384
2987
7084
8760
12735
2509
1361
15105
13411
13803
13119
6504
11055
13254
2317
7048
10004
2875
9242
8220
10008
10585
354
12921
8144
15028
5176
5139
6480
11624
11794
10216
14612
7230
2977
11347
14091
8690
10452
11503
6494
11923
6359
5901
13530
8676
12950
11886
15903
6192
8458
9911
5130
8813
6832
1626
7841
12009
6765
2673
7633
2559
12890
10597
14141
4219
5945
12233
12909
4749
12088
7755
673
2447
13657
2555
15475
14959
14441
15378
9503
6899
9289
14633
4064
4473
4611
258
482
11377
2931
12468
13936
4173
7065
430
8392
13010
1015
9654
6112
13103
5761
11137
3902
7770
13692
3377
6729
12133
7107
4585
7384
396
3218
11449
4869
7830
11707
9704
7559
2990
6172
9847
7164
1589
10277
3908
2952
11292
1914
9064
12747
7676
4201
649
3798
1893
8378
10528
2378
15485
15113
9762
4233
6683
9563
9103
2865
5270
7159
10424
8261
13331
4272
3777
3272
2901
12037
6224
14194
2304
3640
10941
14332
7841
15943
2130
14086
8321
1010
4816
12159
123
14579
392
11159
12494
13847
2376
1765
5006
1153
14378
6689
9777
6507
9962
12678
2544
186
15224
4848
8179
14518
7532
20
14461
9663
2459
11134
10673
7275
11645
15149
10206
12038
14660
6701
9885
1036
12818
14892
6541
11196
5581
318
1703
3895
1349
8599
4082
573
1800
613
15091
9332
633
1904
2995
7444
1391
2021
14720
1388
1170
13278
13426
15830
8331
11664
866
5149
14908
11760
4697
8841
12078
10752
12737
13427
3352
5171
2353
9504
5784
5796
7188
10769
12053
10184
2214
1796
12205
5286
3184
1727
2564
4963
1557
10896
627
6775
4397
15535
2535
9095
8376
2966
3847
5113
393
11551
14636
7098
5055
4420
12895
12244
15190
13300
10780
1404
15096
11337
11042
2280
13064
13606
7243
2973
12854
12222
9748
1252
11757
12284
14699
8486
15250
2546
1951
3995
14098
588
15446
3153
9360
12341
3749
8550
9641
14529
14306
13089
14218
9348
15369
11282
11307
10965
14255
8161
7187
12356
13765
2945
12992
12464
15783
12242
3363
1734
4589
1461
6674
4035
8966
35
4728
1068
8585
2721
3949
11244
15810
2168
4592
15180
1802
15899
10145
4410
8061
5684
766
10178
8629
13758
10995
12764
14352
14358
14499
7293
4171
5173
11329
13137
9560
4409
2557
6498
7131
6507
1742
6941
8675
6334
10473
10477
6234
8970
14887
2647
14655
4005
1177
11636
1763
12172
8401
4467
10530
11252
11761
14701
4777
11442
191
14338
15851
2748
4836
11334
13607
6578
6628
6282
12912
1101
5112
7498
10072
8351
14497
13079
12357
15675
8715
2472
11847
1116
6940
10730
12368
2701
13783
5498
14143
2326
3836
2346
9427
8672
13681
7034
3602
4309
1669
4866
9762
6781
12365
8186
3484
10862
5265
15841
14889
2333
2314
15089
7801
9254
9819
8522
307
11954
14020
2802
14281
1856
5148
12060
14880
7181
7446
2482
15842
9115
7348
13957
4248
8065
6143
7733
7280
15761
7574
6169
2094
14240
5258
9895
7494
3429
2417
7801
15384
4789
10603
2017
6645
4104
2429
9877
15637
9875
12359
15480
7343
8060
1789
11591
125
7932
7676
7405
7693
3603
13575
14139
1843
7185
12387
9338
10615
3156
5491
14351
7946
4447
368
14591
12903
7149
8469
12540
1024
9180
372
8367
1240
2161
8311
5718
14446
15987
13123
10491
3590
15050
8631
9786
10588
9370
3124
5203
12526
12967
7906
4472
5766
12626
7416
2669
3775
4237
3562
4799
13417
8286
1519
3010
14800
14182
13080
13246
14169
14555
12089
6112
13606
4720
15898
12546
2442
7374
1749
14969
8693
9655
3441
14460
6281
15209
5481
14408
3446
13395
3207
5216
10034
9078
12578
8834
7260
9658
6080
9782
8213
2169
15894
10171
11242
4144
6717
13684
11518
12818
1005
8563
6473
4447
11375
1106
8008
5209
15514
11455
2604
7074
671
990
4504
1601
9824
11765
11259
4256
9899
3472
10778
9793
13644
10372
2289
4361
12408
2159
1180
13414
10722
12005
6213
6098
1464
14221
15659
5330
14028
6615
756
14699
7606
5261
4652
1430
1026
15911
5687
10925
3384
465
9070
5380
15189
15711
14093
11597
1870
3625
9011
12592
3983
15224
7042
5447
13446
6701
15129
11474
13317
15886
14526
4923
5147
3178
10705
10525
7442
4744
9802
15178
5209
7224
4558
8750
6935
7003
4348
8805
10629
13359
9749
14612
12584
5144
8411
14382
197
11892
14208
1866
11778
1086
11141
5277
8617
5847
4154
59
10591
2308
15237
4153
9532
8147
12903
4819
15150
1251
1976
14131
14611
78
1095
15547
5222
13858
2281
9771
9751
489
11638
9881
5928
6779
3511
14545
978
7665
14604
11570
9974
2193
4075
7858
10340
5330
1030
13842
6582
3006
11974
9545
7436
13069
13444
12658
10928
4077
10782
4679
4566
6420
2912
14846
1551
6423
13391
2530
14089
347
2452
12415
2540
6527
8625
1232
209
9655
15075
11143
1014
11049
9040
8450
12470
6484
9461
7398
10561
4243
429
3480
15015
3342
2326
566
9765
4070
3096
12206
4417
9900
12973
11310
4779
5599
12542
4989
3606
11617
132
8972
11018
9173
5775
7489
4009
15236
3239
2923
7831
3669
6403
6846
7011
13081
11764
776
1151
3213
12983
5569
13113
9956
879
1893
3907
1773
11234
11866
1743
11366
4838
1113
8891
14965
8602
12901
14201
194
15824
10384
3863
10579
5582
10874
12012
1347
2
13164
4560
12985
7085
1673
11294
12316
7918
3553
14089
3152
3771
4184
2871
8610
5298
11762
11927
2252
13015
14481
2446
1191
8865
6309
122
14448
5535
12135
15795
5538
13651
8707
6875
4736
14732
6521
5404
6651
10075
7845
9803
13846
12030
1026
10808
5680
12789
6736
7932
14156
5217
14731
15348
2434
5040
15470
5234
14928
11605
9381
4466
13608
2088
15693
2344
821
6215
7748
7472
4642
3946
5627
6840
15976
11006
6001
5656
7795
1089
1940
5951
6306
671
9651
13092
10064
9122
2327
8992
9079
11708
13458
6688
13797
13151
13384
2970
7718
9485
14794
12360
13431
8773
3201
1759
3779
9202
11767
11574
10291
13707
5878
4949
14379
15529
6393
8443
13003
8720
5787
10435
8781
3245
5475
10930
4748
7211
13900
12467
696
12694
13179
2479
5467
380
4238
13599
13934
5
13525
12577
2065
3403
5878
4796
7285
12272
13239
8640
4992
3026
7427
2125
10623
1254
13055
3723
8466
10955
4542
13514
12001
1722
15994
5821
6454
8584
3420
4389
12942
945
5318
15007
8701
11197
8155
4338
7469
5394
12978
813
12772
8758
2939
11747
10012
15994
3822
2478
15302
8365
15993
15655
10087
4339
5476
4893
1275
13248
13634
14217
2546
2953
1576
15599
14150
9731
3937
9971
3477
5267
10784
4601
14025
2075
4700
8038
6422
8523
14868
10076
888
3213
9731
15327
7552
3560
4220
8828
5160
1855
11397
7706
9160
12974
7305
7310
11057
15594
5633
14535
4862
4769
7488
7239
6845
12189
3629
1619
4712
2498
11695
9952
5711
5426
9279
1616
13338
13499
14796
2499
3706
10193
14557
12866
11519
10215
8528
6577
9809
14161
9464
3023
7283
5304
10263
2480
1493
13892
4099
10557
4742
4146
4509
14806
13924
13788
422
11263
15640
15218
13762
3346
13763
671
4565
13635
10886
1445
8564
4696
3959
2028
12071
11242
7332
6334
13722
13178
8579
6173
7735
13321
10319
12245
12127
8243
14385
901
7858
14025
4471
9972
5724
2235
10644
14641
15870
5530
86
8434
14578
4045
14814
10650
15287
10498
5336
1361
7676
13915
7534
3764
15589
6205
9
68
2801
14394
970
10659
772
5441
4632
6496
12028
15276
5137
250
9158
5223
13036
7737
13621
202
6739
12908
15053
12075
2622
11081
14343
14508
14845
2284
4714
3206
2352
11867
1601
3322
6526
6725
13116
15510
13221
13496
14786
6710
2099
12297
285
15135
8386
13906
3690
15125
15167
2743
15552
6141
13824
2247
4649
1022
4531
13715
4228
6884
13934
10181
14558
4461
906
26
3971
2479
13523
7110
9189
15622
3407
13827
3109
11793
85
6799
15270
3604
13894
3174
14097
11719
5422
2747
1093
9953
4814
5321
5189
2749
15503
8100
11562
409
8126
3885
2889
5649
10995
430
9623
2754
2609
12733
2899
2695
7884
2169
10651
5779
5344
8749
5850
15118
15848
6943
13423
9014
12264
2613
115
119
15065
11677
529
7191
15563
7770
12841
14910
8200
10816
1665
15162
7549
4564
6209
3786
11086
860
13917
4782
13961
3767
3900
13809
15062
1323
11176
15678
8288
11291
15798
7353
11321
4679
2897
15236
12449
15738
14146
9001
14906
4163
8163
10808
8728
2724
14594
8166
3585
12511
12948
1546
4630
848
3708
8044
6523
14884
7722
3164
14527
11872
14869
9848
551
1766
9084
13000
5856
7231
10354
4763
15746
6869
15571
12826
9594
14165
4992
1531
15028
1940
7429
8010
7140
11137
54
2016
14373
7776
5180
12901
3649
4049
6749
8552
5816
4186
9905
11672
11417
4259
4787
11163
15480
4358
12342
9074
6875
1334
10605
5903
7627
2035
13913
14767
1524
2319
783
15898
10096
10315
1151
2097
14365
12252
10649
8533
438
4554
8557
207
13165
13345
11371
12646
1703
7713
10072
12931
13399
9030
7186
5026
15417
9452
8146
941
11771
13281
5191
10219
7597
6342
12316
10314
2595
11318
2847
7385
4224
15756
7593
5742
13101
7316
6740
3157
3381
812
88
780
14194
7274
5807
13611
726
2305
2905
12498
15586
8096
6717
7183
2791
7386
1497
9738
2704
8696
1123
11280
8453
8716
1022
9906
32
7762
13063
3413
12927
13151
8546
11121
8778
14353
8733
13856
5010
11638
10354
4596
8086
5424
11780
10877
1162
1629
4615
8218
10326
10091
3498
7131
2807
8873
1037
7192
635
14101
10605
13562
15604
3151
13036
12734
5856
5769
10591
10866
1407
9297
15463
13845
3073
15595
8723
4235
1224
1690
12453
15902
11781
4304
7033
14589
13177
8071
10133
2164
10524
4738
15727
14480
12242
12763
11215
6450
6884
5806
5669
12643
3455
9484
10488
6529
9079
3211
10764
14655
9254
7218
14558
5035
15874
5591
7976
13051
2014
2109
15215
12538
6848
3294
15371
7442
4409
10586
13892
11293
4744
7913
12288
8199
1397
6777
14728
10476
14340
9493
9132
7594
5063
12042
12630
9289
5985
8958
6340
8000
11068
9907
8890
6268
13202
8261
13710
1611
7199
15954
1257
11943
7868
1897
4143
13617
8674
7223
8094
11367
5068
5578
2961
14483
5972
3943
7772
11957
12902
14112
8309
12322
12372
1200
2590
9574
13813
4652
15537
5013
8958
5146
956
5178
7044
9451
2796
4070
675
15242
15437
10095
9172
6751
8579
15144
15046
4703
11101
300
7168
3411
12622
3540
8963
15212
13114
6776
8216
1003
11789
1175
6150
1098
6353
1546
10549
9149
5616
15576
8391
5054
14024
1563
157
6603
5059
15203
15658
4513
15504
6826
7924
478
10366
5239
4043
11832
12015
12259
12836
12157
13434
7338
13255
3788
8884
12156
1289
14500
85
14033
7906
14109
3948
8063
9064
9008
11619
8722
13521
15475
15549
9797
15953
14267
3388
3996
10100
15403
256
11288
15912
2042
6978
13167
10182
15862
13676
11472
2714
13761
13857
14973
11870
1805
11388
4934
15165
7007
13656
1038
6482
1557
15187
6436
15825
2575
14784
9925
6331
3392
9565
6243
5435
543
7763
15617
4757
5439
15441
7471
3200
13298
10796
3422
3456
6185
8356
2621
13192
10364
8012
3675
11922
7199
14463
99
9775
13247
14376
106
640
7941
6349
10427
8484
14112
14396
1593
7903
13838
9064
11103
15488
3861
2877
7296
10046
15585
14270
11590
9950
6282
3617
10224
13481
2080
10323
7256
3680
8699
11714
8672
4992
2064
3099
1828
4528
1495
3421
12432
3685
837
11887
7526
4698
3117
14822
3096
2702
1444
3039
12652
7726
6656
11228
5208
13089
5551
816
5121
2602
12531
13793
7594
2947
5244
13774
11827
11091
1195
12611
14777
2033
12851
10655
11083
15968
9477
2532
2670
15274
5571
3675
7000
579
14903
560
13668
8807
5729
2789
11409
6612
4934
7356
13911
10178
5130
9738
5270
10678
10702
8399
1063
7553
3054
12146
11873
883
3030
14543
157
12953
2218
7158
13533
5474
12070
11201
14281
1799
2343
14042
8411
7277
5398
6322
1456
14881
4413
6726
13911
15115
3477
14974
6668
6531
15472
2541
7414
2503
5436
11924
15456
12007
3082
1341
1481
3504
12543
4114
5304
14886
2156
13715
10515
11907
8390
11971
15140
12803
7049
13051
11918
10526
377
6938
1057
4201
9479
12824
6704
3267
8748
10513
15274
182
11854
5107
3686
12749
9221
13342
15987
11378
11058
10503
11637
3448
6474
10777
4603
1876
12180
521
12402
909
7459
1812
5110
5290
2988
167
8557
88
10680
7832
270
10886
1291
8308
11988
10513
5651
11975
10243
5061
10830
5880
12861
5657
5009
1464
7533
5541
1985
8287
6450
13796
10099
11560
3086
1439
11727
15995
1527
10759
12179
6149
9998
13471
14458
5986
7984
8461
6313
6579
13522
1144
811
14735
6801
5820
199
14334
11361
6536
6621
1811
8684
5073
1723
11770
6512
13451
117
8040
12562
12297
2541
6560
9768
999
898
6104
9460
7212
12683
11334
12708
13494
10069
3509
7666
14620
6195
3027
5156
1168
9190
13840
10593
10913
13962
5458
12716
14080
1850
9279
10377
4391
4191
8497
5391
5090
14601
3203
654
11284
2890
13362
13130
12959
5223
4796
11580
15770
12175
5088
938
5365
2929
15884
4630
5243
5342
1347
3323
7192
14978
2052
11583
7521
10549
974
12611
9150
8530
1617
8786
11420
3331
10268
12731
12906
15064
8311
12676
11239
13400
1967
4956
4681
1851
13939
9924
11545
15286
1600
2737
2616
3652
14320
10137
2554
3647
11101
56
529
1070
8843
11949
4402
3111
8680
5660
6528
5344
6689
6119
2744
8656
15428
11777
14859
13367
10053
10404
1005
11653
1493
3621
3658
15813
13758
10564
7812
13211
10620
8341
14282
3463
4290
7036
10927
1323
12696
5807
6667
3385
278
13763
393
15706
13892
3604
13073
7945
14008
14078
7951
15501
6051
15961
3667
8162
10525
11479
5373
5145
8173
8007
12961
12463
15043
12240
2138
92
2047
8805
7829
2325
10920
8223
6384
8812
11827
3457
758
14188
5888
8709
2041
11939
8670
10060
8453
7547
9892
13827
12692
2065
10186
9653
2880
9230
10245
5019
13674
12292
13824
5503
2970
8745
13726
9354
5909
13906
1163
6667
446
7051
3728
2487
7343
750
900
15796
8297
10792
1975
4990
12857
12162
2995
15737
9744
13241
4756
11770
13885
6933
1273
855
4030
3352
14561
9939
1258
15725
4959
6056
11128
8687
12895
2471
13790
13795
6620
6087
8587
12947
15429
9796
9109
6777
9534
7205
4018
2642
2975
6255
9575
8601
11463
1957
11953
10024
11897
1563
14101
856
7619
9230
13895
4514
53
11685
6662
6673
6125
3601
3621
5554
13398
1082
12331
6932
12640
4701
9574
3967
10957
7502
12568
10772
9459
8521
4796
9708
14436
7250
14916
6055
480
1164
14922
4885
12849
9936
11559
7326
13537
3532
12881
10935
8966
13564
6219
5606
2266
4146
13926
1575
11648
10494
12347
9459
7368
5495
7520
10156
12745
6436
4564
1577
7600
7838
6463
8802
1774
6374
128
15311
9906
1361
10247
7224
14926
4818
1183
1192
8964
15109
7119
8964
13955
3466
2424
9675
13313
9944
3832
10059
4732
8396
15988
685
234
10803
13839
2008
1177
13967
5671
15435
3681
4270
6660
2607
9089
12195
8151
2053
11304
15270
11018
9259
7088
1794
2935
4401
90
11119
2812
9174
3515
2801
9859
8101
13604
7698
10109
3134
10018
15780
2569
13699
4051
13581
4658
1492
9776
12809
3545
9432
431
2915
7044
7519
9061
14331
11920
13503
9450
3085
6678
1317
5886
537
9418
7842
12588
3527
10976
10958
7659
1898
13009
62
3831
1667
1554
1960
2828
9452
11392
3259
719
2436
15130
9781
5119
15402
7284
14569
2487
2314
15886
12725
2852
9304
8920
3792
1183
3896
14750
13195
10146
11759
13257
2330
1778
3164
8642
4606
968
4034
12217
1687
10823
15699
15820
15942
15101
11457
2864
5941
13771
2750
2666
4975
407
11586
8767
1590
3835
11869
14785
2333
7628
395
9015
9406
7911
1657
2364
13231
10044
14581
3270
9219
14280
3091
13513
1734
2900
377
7675
5023
7480
14693
9999
7887
14632
7118
13829
6819
2988
967
9152
14968
1362
2168
12727
13625
8177
15091
10856
2221
2025
14126
11440
4657
5569
8954
6391
12821
9331
2418
1845
811
5464
196
13050
4096
7314
10880
10915
14654
11847
8419
13623
1561
14939
14702
3538
7117
13793
14394
9338
4170
872
9131
8828
10794
2085
3571
7615
15768
10342
9460
4932
15806
9656
1982
3902
5323
1214
3169
3977
13061
11588
5952
2974
10528
4654
6512
5997
6800
9258
15335
15322
10131
8466
12502
9277
14903
74
892
14672
10416
14705
3604
14574
12713
9938
2476
2036
11153
9997
10366
12566
5585
4670
3893
4465
13677
10405
14814
8829
8016
2502
8151
6499
15320
4654
15776
14224
9080
668
12896
7848
3725
4852
6422
439
14790
13250
6827
14295
7247
1193
10862
1184
10216
14755
10002
7893
13512
8816
722
5528
15670
13225
12027
14991
1879
155
13215
15311
824
14463
7159
4549
3315
1933
9340
6457
15183
168
4753
10782
1361
3967
319
15929
7074
14673
7822
4586
11841
8544
14467
11512
5770
10494
10503
12001
15002
7718
15665
15826
10533
6824
8727
13848
13110
2068
8657
645
2236
1762
15780
7949
5729
99
7879
12803
3124
4053
5742
14965
950
4209
10477
11072
3055
9332
11425
2057
1050
11090
6235
11583
6267
14963
13783
3377
5383
10793
4022
11971
12555
3802
8272
6637
8253
4503
3440
11377
8557
9182
14695
9507
1743
13524
4579
4799
6857
4
6856
12259
15447
13092
12195
5714
407
9978
9091
10142
9123
1465
6113
5679
9620
14385
668
6225
2889
4108
5955
15798
1643
4650
9305
7738
2174
2236
12537
9031
6592
7746
9643
6039
9190
5838
105
13949
4168
9196
8091
13292
15014
14204
7323
8634
12589
7991
14859
3830
451
4814
3628
6446
13816
1285
14185
15991
7873
15074
13374
14466
6820
11369
8857
4362
1207
8963
2311
5376
6511
10402
7020
5525
8606
14343
2511
9548
10686
1371
1730
11137
10537
5359
1584
8354
6644
4121
12697
14518
3195
14423
1336
14368
9793
14545
2730
11000
11860
5042
4728
6724
15444
11748
12249
12403
10091
14761
5951
9129
4484
7681
4267
15021
1392
10203
11727
12389
14324
8424
15259
5871
6848
4947
4239
641
3492
6970
15993
3705
364
4722
10429
15808
470
6678
563
14914
9791
10866
8043
14275
6900
662
1649
8292
15217
13376
4681
1893
5801
8292
7765
1001
13239
356
5994
5084
7326
5987
8789
7690
15061
3218
11851
3884
14248
12414
7150
8040
7281
15193
10667
14181
4208
668
10825
3425
14045
3859
5319
8198
12151
1436
9199
9391
1792
3545
14475
9119
13884
7264
5161
12946
14834
5364
830
13082
1779
7980
9474
13412
11525
8494
15945
4085
9162
10770
7511
11559
14629
1182
3757
10781
2618
1308
8524
4410
9205
6999
1881
7090
2615
11395
4036
1449
759
9218
2883
6890
5550
12358
8654
1075
4852
8599
5161
2366
7722
1024
13926
10703
2206
6035
9836
4824
11696
2360
9234
4901
13711
15468
343
326
10863
4379
6127
11622
1949
9011
6865
7499
5369
15519
12927
14573
8119
6440
5291
15841
7464
3217
14896
14022
13605
8733
7198
13653
11093
4784
6906
8805
4252
7250
13483
15115
11629
3611
15090
1931
12622
5955
9430
6343
5474
10709
9268
1945
1149
14559
6138
12965
6129
5035
15339
8086
13768
6537
5739
8861
11322
12645
6018
15574
3895
3502
3042
3877
11465
2132
5808
8087
12439
3590
2782
6265
14300
12050
8211
3801
10609
14349
5119
5090
7736
4458
13176
5504
10996
2915
2718
10670
3913
13088
10244
7808
590
1638
37
12055
8122
10197
8494
4561
13788
11276
10827
440
11678
7390
8593
10640
10091
13712
15730
1828
2171
12907
11684
1519
4174
2754
12189
8087
15843
10785
4248
4785
776
4285
5193
8898
2835
13687
1812
623
13316
991
5415
8994
8381
14008
3634
6824
73
3365
8652
6596
4624
8689
12467
8798
11443
8656
886
11286
7793
9486
4424
12921
13771
9617
5820
606
11656
11984
5581
8972
12975
15348
6319
9708
1709
14305
532
1782
6022
13537
8378
10646
6226
9197
7797
1669
1853
8683
1308
13998
2169
10084
10920
4292
3701
5092
9251
15357
1076
3184
12682
2403
6885
3001
12111
8594
5658
12643
14728
11681
14532
11458
6327
4758
4655
14124
10780
10860
11159
440
13210
1680
10524
8130
10325
14225
1574
7928
1934
7002
15464
14616
9405
6349
5969
5516
14943
11628
6512
2023
7309
5044
13481
1988
14155
2136
4465
8935
1348
3976
9375
14559
10009
8251
11041
4334
6476
12616
12262
12762
3618
78
15731
1376
6428
5700
6892
9723
5680
1756
11747
1341
11153
13580
3330
9308
15717
12147
6595
5417
123
15970
3976
10132
12573
15018
2818
3049
11634
3432
4163
3604
3511
3894
4980
9939
9595
225
3662
3627
6333
3761
4969
1486
1342
8299
15146
5411
8798
5741
10828
8921
10063
14805
7406
6636
13823
10224
14037
13809
2009
2201
5765
5520
6095
10746
3811
4042
15323
11825
7670
5656
15587
12639
7143
929
9290
6289
10692
6440
383
5520
15361
10446
8677
11119
1083
10852
9696
15120
8661
11705
5673
2779
5577
11769
13525
9388
4163
1200
5213
11833
6856
9152
12824
2351
14433
10466
8641
9125
906
9024
2998
4620
7822
11675
15739
8905
6528
13787
12378
3541
13844
2051
6320
3421
2172
8197
1161
6336
9397
10727
6521
4606
8231
3346
6957
6665
2164
3950
4142
3071
1326
7140
7691
9149
2816
11782
6406
13696
13922
2784
1237
11766
9188
11910
3540
11360
8459
9053
1696
6209
3780
8218
10815
364
15916
1772
7029
6432
5723
11171
9503
11401
2312
5546
4550
9480
5681
10957
11528
7955
2093
12765
3721
11281
13027
11613
6642
5487
4667
12690
11696
12799
9260
10863
13163
9176
12635
8544
3961
6710
8068
13464
2112
14732
7363
11014
8212
1396
10323
3740
9351
12417
4857
1424
7698
6237
13038
14340
76
6057
15383
124
7208
