4000
8643
10987
8724
6172
11974
1268
10133
7037
9336
11949
13501
8068
3312
8515
4632
4708
2839
12724
14059
3608
5934
15484
11306
523
874
13999
599
6931
13382
723
2491
10377
62
11215
549
12036
836
10682
7425
14524
6632
4926
6593
14296
1794
15577
7357
8985
654
9768
12593
10940
13604
12251
11463
14478
14602
414
9761
11984
5489
12253
6362
5551
11820
11263
5939
12656
5946
13365
11181
930
2291
6126
15226
8437
10055
6583
1422
15061
352
14015
10001
13956
14619
5464
787
13221
10230
14900
13558
15719
15505
8272
5270
11326
3535
11210
12334
13833
12927
7515
14763
3570
1993
2342
12008
401
13277
13430
15462
1981
15798
9464
4290
2769
3280
5077
15990
13511
3977
13548
13230
7835
5820
6853
3161
13708
6415
15495
11541
3342
11363
10305
6912
1708
999
7272
2109
14276
9055
1572
258
8853
11036
8900
15974
2668
13977
15964
179
6306
13513
13410
14141
7685
4263
5654
5393
15030
9502
935
2372
9217
15592
13636
10925
591
4909
13035
3219
13964
2959
7829
11169
2347
729
11143
5015
3058
11107
5195
13717
12972
6957
210
9010
15572
10217
14403
14602
3719
3690
974
12936
7634
14610
12213
12577
7871
13600
15797
5835
559
11978
1004
2906
12708
499
7922
4118
11607
13117
1835
12931
8426
6398
5941
7998
615
4345
6600
8686
12387
11926
5622
4022
14888
6187
599
6760
3788
4748
947
4347
727
1952
11606
1787
2451
3528
5905
2410
4997
12093
15342
1775
6843
9635
9773
7458
2332
4725
4496
14720
5003
10118
7094
3891
4657
7693
15003
8445
12442
15951
1145
1521
6255
12751
3308
8706
4631
13565
15469
13980
9658
3163
15755
4853
12798
9528
663
15131
2605
5159
2203
7608
15277
9297
15851
8287
990
3207
732
1784
3158
1877
3305
9413
2980
6613
6471
7611
4179
10292
9943
2189
13455
9698
7043
14606
7578
12058
13737
10183
1218
4292
6143
4847
13589
10347
13134
2931
13554
13867
4716
5064
4096
12373
2829
11429
2987
9300
7392
11518
7945
1336
2059
9752
11034
13454
8358
2613
9513
10447
1148
10731
14739
11644
15578
680
5991
12713
3612
7897
14932
12680
12961
7380
9053
15790
7161
392
13442
14554
262
5387
15890
2322
15140
15276
4128
7498
1889
13641
6298
7390
12724
5037
3034
655
5718
9025
1720
13682
922
652
10362
2235
12384
3415
2025
3546
3808
3819
6452
8422
9207
6342
10744
12699
9970
14873
8549
212
866
14847
7602
1943
8237
14988
2598
2307
8013
4318
15989
13287
9322
10351
15522
5706
2118
5899
13604
10278
9718
4056
2701
7277
14750
13445
3976
8721
670
12526
13285
5889
15725
4887
7832
7962
3875
10430
10269
240
14748
14610
1879
12422
8961
5753
2128
11080
11652
4085
9710
9722
12493
12411
1000
11244
14209
9328
8317
3231
10206
5602
9120
9932
14841
952
6246
7068
15734
4868
7308
2834
3478
9187
15256
12440
3292
5737
11872
14944
9822
5582
13018
6315
6346
14018
5911
4555
7347
2580
7786
1553
8182
907
15837
11375
6211
6084
2443
10298
10952
14103
13132
14430
11642
741
15222
14934
6478
15446
2230
4652
9381
15249
15319
15727
13267
9583
4282
4614
12163
420
10520
8698
5679
10357
4073
11891
441
10869
10541
15745
8972
12025
2528
4615
12766
1750
3549
7596
1197
5780
600
14930
5029
15920
14657
6648
13855
2939
15615
10018
3359
10135
2716
9039
4492
11142
9282
9286
6011
8175
13383
14983
4200
15911
7950
967
1662
11500
12915
7211
5632
13516
6141
10661
1788
9150
1309
15643
12089
924
9661
3800
15411
730
1191
8256
224
14825
1542
6235
7000
3277
9570
11201
3189
1521
520
9203
13021
13435
414
7005
10951
10907
1666
12739
4057
7327
734
4498
12604
10396
12650
367
15478
2194
8623
15702
5371
14517
10289
12372
1795
3859
11925
4984
5380
797
14187
6753
14232
2953
13758
13536
2212
3776
14627
6269
15456
15362
15119
12060
14110
121
779
13588
6667
9403
1642
12039
7920
11931
12763
14067
15790
8688
3051
9523
9485
5590
4628
12069
8543
2387
9605
10755
10515
12585
5376
9971
299
8847
10383
14409
8969
11163
349
3988
8918
1991
27
838
13922
12790
14906
2064
5478
6309
11587
3315
11900
216
15385
8795
6955
13342
3551
5822
14279
13279
4146
14578
6127
14529
12987
3448
14044
13336
7436
6962
3679
7464
12153
1601
8606
15411
3666
2437
10072
3605
5752
5972
8173
9489
14768
15128
11184
6671
9303
9463
8302
13449
12394
14429
330
9381
6229
14375
11070
2018
9689
14749
13834
10194
4703
6440
9605
12721
8877
3678
326
2982
14002
8500
823
1122
11980
12007
12145
5283
9823
4448
2732
6217
7229
7415
3950
13459
5790
3372
15477
3831
6474
13311
14026
11177
3751
11983
7898
981
15661
12576
3963
2016
5076
9138
7490
5409
5146
3636
10692
3321
8084
1777
13890
15313
9192
1840
1124
3334
9565
601
7165
39
13912
9543
11216
6016
5527
7466
11349
9540
4042
3664
11556
13471
12802
3047
2880
6300
11035
1924
9621
3119
3701
7511
6784
1245
13704
7909
4579
7269
12862
97
7308
10775
9640
6876
5143
15167
14342
492
8708
6736
8508
8616
4207
5310
15
7087
11611
11050
9012
5232
2521
1065
1096
9306
2311
14800
5567
11242
6069
2429
11339
1729
1556
9332
8605
11051
8499
11299
15895
5559
2035
8403
2528
10595
13714
2543
1682
9325
1946
15046
2909
4467
4464
4005
2125
11127
7157
7692
6369
13226
14474
6061
3307
30
15393
264
11082
12244
11563
15329
6156
13599
7733
8684
8194
5447
15579
14228
14772
1525
1627
1681
10345
10443
10039
12470
5570
1196
8515
291
2775
11341
10704
6082
11371
14449
6347
10805
10694
6262
10135
850
8213
6220
13886
4759
11667
13465
7340
14791
3343
13319
4824
13688
7762
14863
14510
1684
60
11377
1975
7187
6718
1032
13269
6442
15481
7968
5599
10175
2583
4086
15377
10796
10306
1615
15556
10325
3433
6896
9116
6776
4215
13941
8816
329
12804
11678
2013
1216
11408
8340
8403
2126
9372
10025
12920
8854
6345
6872
7381
8928
10958
11111
3725
9617
12726
7633
3942
4511
2881
13059
11287
11448
15352
8455
11777
12156
8486
2142
1725
3894
10482
14480
6020
3855
8505
7293
1061
3203
14165
12794
12131
13475
7905
4208
11444
8984
193
15387
13495
3074
798
13135
2874
150
5590
14651
658
14076
793
2383
1970
11276
864
12343
3483
13721
7988
8896
5276
10505
5690
1408
12332
13596
9968
7777
6580
14514
11516
8427
1588
12314
5562
4463
12464
11153
7466
1474
13581
12612
3858
3904
12240
9074
4599
15723
11147
939
8619
424
11444
2661
6184
7776
257
4504
15553
11189
3018
11069
3617
8959
11735
9179
1774
12551
8684
9240
14026
10618
5852
6236
2874
6444
15310
7473
6167
14809
12764
3138
15233
8208
5800
9769
4336
10409
14274
8242
9951
5644
7663
13568
14603
3399
11099
377
15950
8136
13970
2328
2754
8174
8564
9980
14619
12226
1453
9138
11036
14217
629
14621
10777
10781
12743
15113
5190
15369
7355
3493
5013
15019
1061
7969
6770
513
12698
6720
8649
10668
9049
15755
7195
5965
9735
10166
2192
15540
3304
13228
2109
3933
201
1238
3066
12944
351
8257
12313
12059
11750
5679
15430
1164
13648
6200
6029
10346
1272
3030
9367
14673
2785
562
4639
872
10728
6831
4764
2384
8411
11225
10670
8612
12463
13736
5557
1166
10345
6222
1577
6096
11901
1007
11612
9549
7207
5993
8248
8480
9023
1615
7153
160
2177
144
1032
1257
6975
10148
7993
15386
5373
2663
12351
6188
400
6260
11706
10745
12482
13284
5193
8384
14291
5157
6285
9851
11150
14533
6683
4173
148
2188
4333
6677
2333
9717
12286
9308
8217
4280
13047
1942
11295
9398
8130
11695
15658
3837
10793
492
5473
15986
13228
8116
9496
3514
1967
4646
6399
8650
13172
10900
15191
5857
5929
1524
15575
2216
15184
7792
10848
12231
14087
6143
9981
6217
6191
13991
14406
984
14484
8231
5322
64
348
14818
3578
2315
7817
14330
15318
4989
9230
14509
10846
3511
4385
14773
5727
3569
10918
4927
4153
9005
11071
2486
15222
5614
478
1981
6598
3314
10212
11920
3378
14912
15091
11309
1228
6908
9639
4898
249
7221
7759
11095
10732
12144
9869
4812
15713
9139
9739
8218
2144
9162
10705
5718
14776
15535
7699
9726
2849
6264
9999
10579
5176
9090
5888
10756
4350
3879
15654
4599
11100
7413
4046
10185
7909
2267
14997
11975
11406
13088
4193
13550
10603
3250
3269
13731
2785
15320
7458
9986
9936
1457
4566
15113
14899
14806
14221
7601
2686
2228
12200
2138
9641
246
12323
1551
6866
11320
1878
2272
12761
6071
15823
7364
13674
7444
5095
4811
6764
12553
3150
701
2362
12068
4166
5613
10874
2387
13214
13560
4615
13766
4051
2609
2365
374
8512
9231
11695
10390
11503
8456
4813
15678
4172
2487
7122
9267
7299
13887
10173
14801
2940
12535
10869
7106
6501
5743
9493
3715
7656
2461
1482
11707
5070
8199
12081
13582
1430
12128
12324
12933
8936
1137
12612
13108
3625
3734
6376
15276
5973
4901
14077
8913
1436
8946
19
12289
3041
13865
4357
15049
326
10191
10756
5396
2390
11190
7330
3820
7318
3654
753
4607
9143
1717
6067
12768
9804
795
396
15777
5696
2825
13043
7133
123
13062
7774
3165
15279
12131
2214
15605
6322
1323
9353
8712
12513
5035
12532
8183
13041
1638
1142
6185
3355
7210
7305
13159
8005
7702
1289
13702
14879
14332
9187
15003
15746
961
6520
15026
13093
8734
2983
3415
14409
12337
480
15274
5724
13012
7458
2766
14650
12952
8951
6358
4162
256
3517
12168
12310
9158
14222
11190
7490
7409
14545
7237
12722
5065
6263
9815
2151
9246
1583
561
9935
2063
15835
15660
3427
11645
6778
6430
8598
15729
12788
12760
4337
4657
13280
5000
13816
15854
190
5306
7263
3087
895
8338
8152
11510
2153
10303
9109
8088
10864
3044
14503
15052
7056
6283
10697
13834
12713
3295
1915
9501
4408
10605
2510
6040
15605
326
5895
4147
9985
1510
7234
15232
9848
15386
10743
354
14041
3852
8442
8906
6896
11298
7958
2305
1581
7007
4491
2646
10303
6407
499
3063
1012
3009
9103
4969
7688
14998
13468
1673
509
4702
905
10357
8440
0
10711
6481
3852
7506
3739
15101
7156
49
1406
13089
7057
5897
4087
5712
656
4586
8775
6020
7595
6230
15341
3635
9581
12809
9660
14442
1511
10566
13151
14303
14918
12215
9137
2771
8073
1228
1872
15229
1278
7630
670
12687
1879
4757
6751
6888
9343
3878
12908
5290
10108
602
8926
8041
13411
2586
6483
3275
1504
3635
1578
423
15850
15067
7546
7923
296
13770
11504
1574
9752
12174
2613
11631
931
9364
6871
14626
13242
3780
8268
11702
4382
1194
3744
6145
8133
14579
9420
13989
2214
10999
2764
6416
10066
10310
14339
14714
8080
9843
4640
1832
10369
7253
1816
15652
4969
8687
14278
6563
819
10899
2266
9553
445
10362
15699
8578
8941
9119
10920
15508
8470
13684
5924
6889
12347
4264
5603
8779
2459
14596
14964
1181
5849
780
833
10819
13819
3464
5734
2991
14363
8000
12544
14808
6714
595
11739
15656
14067
6659
3516
10889
8695
9440
1778
5042
13704
11734
13822
4516
14682
1138
5697
4531
6270
10882
3702
4089
2698
9437
7080
1061
5789
7977
4222
856
12924
15961
4864
10991
10972
8380
5881
3667
1820
12011
13062
3877
12097
15236
8393
10779
374
2442
3663
6644
1676
7365
15085
4375
5154
6166
9788
15296
2495
14010
152
15419
2323
5016
10411
1647
13396
4644
9667
15216
655
11081
3093
1105
10317
15838
11884
10691
6632
15547
5687
12661
11265
4772
1036
419
15290
15176
15715
1785
1539
4219
5557
8214
9235
4320
9862
6631
8964
7881
10200
13971
2962
1645
15076
13279
5836
10961
12322
820
14860
2009
13481
10125
11133
14517
14897
10424
2046
2964
561
3585
7184
10470
11799
419
14790
10013
11403
12106
1894
9955
10078
4856
11600
13506
6487
5788
12819
2809
6609
11680
9170
4090
10157
4304
6960
9054
3080
9006
12019
7993
943
3203
2464
12742
7974
1254
6756
7729
1713
8650
1684
11791
1859
1637
13649
8346
7425
10469
11156
14034
10501
8678
6477
4658
12982
1789
2065
4414
10795
2436
12408
90
9991
14872
12832
1965
4478
7940
9695
6191
591
15731
6334
2450
1368
3984
15148
8794
2805
10304
11180
1658
2983
1657
10668
4317
3446
12733
8732
2593
3521
9492
7035
13512
8364
3868
3830
1194
11808
1877
7386
751
1608
2072
7553
2977
10408
6702
123
13213
5358
11303
14871
12693
1313
9540
5363
9111
10625
14095
57
14147
11939
7092
11
8655
10960
3841
9849
11121
5718
5587
224
7327
7660
12130
14656
2068
7184
14779
15282
894
10082
2505
13588
11395
397
2951
8859
15375
5398
8916
13522
1337
8
13533
9992
15321
5727
8193
14794
11445
13781
15018
7124
5441
15500
5780
11861
11036
4559
15495
11931
2994
2001
9519
2741
6750
822
11600
6125
10572
4516
7999
261
8877
9885
14605
8198
15612
6798
6992
11057
4579
10362
2182
14372
9863
12314
10234
4899
5226
9729
830
8220
82
14701
15313
6833
3875
15266
1310
14447
3782
9310
14708
12659
3195
13313
9209
2807
8464
201
2216
1395
10564
8750
4120
8779
5065
14354
2030
14643
12435
2861
6863
870
5914
10528
12055
14142
9794
13365
12589
1929
11027
15650
2940
2574
1315
12150
5381
9779
703
11950
15527
11267
4700
3647
8398
14117
6353
10429
12760
2788
1642
7975
8010
11908
2504
4065
10050
650
5783
10992
2579
810
10642
5520
3385
309
6022
13118
10089
6725
9068
13968
6345
2121
1615
14743
238
7968
9172
12999
15108
10814
9326
7119
11075
182
11184
5125
833
5319
117
7764
6130
10759
1636
13867
15421
7658
15337
9510
14384
8406
11830
9081
14879
13445
7824
15117
5413
5349
468
4521
4515
9795
15992
15590
14329
15529
4716
15162
4848
4833
6927
15330
3945
12915
13197
3366
4574
12535
1228
7310
9293
13058
391
8172
14855
8215
11641
4268
1916
12110
13141
6432
10257
13134
6022
12938
1015
10738
12101
5863
3924
7380
5194
12221
4295
6743
15587
13221
7630
5167
8883
5275
2225
9274
1799
1080
5842
13441
9700
7758
13903
11193
14190
12512
12679
8565
9450
13694
3303
9903
7910
11579
1283
1456
7800
9931
12551
7387
11504
4182
906
4388
13809
7483
2014
15609
12915
7856
13050
6615
3967
15305
6161
6509
11817
2840
15074
5267
4887
6730
15171
12797
2309
4806
14253
10110
3089
10804
5849
14594
3338
6756
7334
1148
2591
9348
5109
15507
5557
2159
10474
9524
5816
635
4385
1633
7828
3460
6900
12715
10190
10423
9512
851
3582
7765
10961
6671
6921
5163
9617
10260
271
5303
15760
2862
14652
4869
2369
8561
11380
12844
6437
1196
1831
10822
2829
9659
2634
14081
6374
1176
12857
15886
2028
439
12003
1341
11462
7277
6504
9432
5889
11127
14735
5649
13990
1739
14870
4711
10300
10250
5907
5089
15798
7739
15912
2627
1398
6898
5060
12125
8075
6269
363
10103
6708
719
15796
2171
7996
6301
11603
13885
1428
14690
3534
3770
430
6756
8482
15082
1006
14389
4172
804
10480
8436
7783
231
15334
1195
12356
11761
7465
1071
5864
2525
1790
10013
9048
9786
314
9003
12023
6094
7694
3909
14217
8124
10665
6699
11558
23
9440
15730
827
8273
12518
12962
8504
11853
2510
9212
7614
14327
10283
1831
852
426
11844
9901
10212
510
2904
6236
10956
14950
10145
9173
11426
4811
4224
6985
4834
2017
11067
10014
14642
7586
11328
7146
3439
2190
4710
15405
517
3345
5588
1370
3771
5784
15623
13984
10646
6879
8572
9955
5830
7069
3128
1256
232
11705
12593
9419
2074
7661
3433
716
15247
3113
12214
7038
5304
924
10795
10173
8621
384
15895
12393
10520
15518
14729
5167
10750
7301
15122
580
14370
6602
6188
14603
6659
2782
8022
13085
10443
15807
2153
14042
7272
14367
5080
928
3643
4227
11102
12265
4611
15349
8658
3484
3220
7387
8651
13970
3040
12125
2902
5762
7079
9090
8717
13739
224
739
15176
15019
4898
1330
13061
523
15697
6493
1451
7693
10721
905
8310
3684
4607
968
11520
7827
12707
4171
5797
4099
4648
8699
9861
11728
6141
2579
13819
6366
7670
12995
9737
921
14325
6799
1444
2375
1644
7247
10068
717
12505
2378
8754
1112
7698
4274
13291
8757
12798
7440
12856
1446
139
11069
1526
10632
13648
3697
5350
5319
693
15088
10592
3370
10239
12036
5745
11883
7635
4165
953
8492
10895
9707
13956
6945
13981
11247
4054
10779
2687
910
578
7178
11980
6456
1811
13980
10154
11513
7651
10847
10601
2243
2569
4840
2631
8315
5076
14619
832
10381
7111
80
4088
5068
7025
6421
4667
11080
1201
7355
342
6131
2885
674
12587
9048
14655
6741
4562
10658
5940
3515
12902
8510
12708
3885
5177
1784
2504
6009
517
13968
6089
4605
3036
1467
11026
12055
899
579
3410
1241
6710
10648
1916
7650
3696
4923
2743
8258
15581
8684
11774
835
1194
8482
4721
6371
14618
11577
732
15135
9545
11174
8092
933
993
7470
12989
1892
8050
4751
3133
3112
15399
9401
15114
7448
2676
1858
15706
2258
10542
15832
7445
88
12666
518
10811
15636
12096
15895
3123
9993
11069
15567
15279
12062
7038
12268
2306
15088
5371
5440
6552
9123
3193
5667
571
5870
7525
4629
8128
2067
8814
3925
6507
5480
4444
1318
9469
4892
1213
12592
14885
635
12160
14164
1049
7550
14784
3356
6638
8508
8796
13190
1631
341
2857
6554
6211
10382
11183
2691
801
3997
6617
11660
13830
11061
12978
7299
4305
2544
8243
3190
3179
8755
5707
4228
305
8843
7584
11295
5703
4732
8486
11686
5074
15695
2240
11285
14430
1776
2329
3583
5773
8946
15244
7955
8359
574
15254
12664
3118
11850
4206
6297
8957
14265
10526
9263
7109
6462
8910
1164
11195
5748
12851
4621
5444
15091
4258
8226
5219
6587
11809
10993
15533
15405
2948
12244
15980
6555
13260
3098
6757
1467
13748
15714
15732
12626
13329
11193
3088
6240
12358
2635
11988
9209
7256
5784
12652
15867
14010
1872
6454
14172
1217
10340
1929
8517
6584
1909
15072
3845
9360
10181
9664
7108
9896
9396
3734
7225
8942
6822
13465
5300
13810
13806
2861
5066
3590
3865
9285
5953
10089
15740
8477
11306
14432
10406
8176
5016
12316
11600
13213
5676
5782
11229
1136
15678
8978
4870
11255
1920
44
13073
11572
13854
10879
14433
7273
2821
6650
558
8774
5092
298
1251
4750
14730
11658
12926
8099
12326
8527
9664
6354
2661
4894
7490
2339
13872
12360
1946
4144
12404
15019
15716
10259
9898
2501
5884
1072
9151
6442
9846
14243
11093
15450
2994
14175
15460
4272
10626
11786
1151
4291
6492
3812
13537
13982
6151
15761
14694
8098
3905
11098
11469
7973
9709
5368
10474
3945
6440
7977
10388
4638
10573
9833
8440
1919
8008
7900
6191
2635
8038
7343
11278
14530
11155
8815
864
5659
12928
15558
2109
5185
15009
13578
13158
13070
7298
7632
1016
2090
3961
15756
6729
14534
9589
3521
4805
1597
11422
15349
4232
7812
11044
3862
6343
10551
12677
11559
210
13957
11118
6671
3142
10127
4250
300
11549
15900
12284
12565
1991
246
12321
13072
3132
5910
593
12290
11860
367
11639
4444
8180
6683
8307
2875
1234
4984
14434
5797
2942
13904
12468
10436
12383
5070
10737
7933
4971
7021
4498
11314
11619
5172
8386
3104
15434
13331
15394
11294
13699
15385
15739
5879
10420
8046
13106
6
1382
11540
5803
8676
9445
6624
3113
5828
46
2202
13761
9369
13575
6612
4683
9195
136
1421
651
15570
14753
4397
15217
804
3782
14956
6683
14202
11354
3789
14208
1088
3681
8364
9765
13126
3340
1230
7307
3386
3432
9420
1108
5359
32
10143
14554
4520
11565
3557
8443
14670
7954
7660
15474
88
10968
10509
2642
10674
2650
5203
11762
6331
13567
9879
7810
5259
11109
3469
12997
2893
12889
14105
8253
1274
8249
11159
5794
8166
3069
14237
11188
11023
10249
15014
15464
5217
9523
2106
15891
525
7309
11654
11208
9228
9885
7370
14487
4995
10839
11485
12240
7729
9590
4493
13355
6191
4005
7501
2709
7074
10091
13897
6449
4340
1263
5913
9558
15138
8020
13801
15663
3681
13807
15224
12910
7693
6594
11397
1040
1434
11234
13280
13515
9177
6126
15222
3720
14483
6723
6430
5557
814
8679
358
9507
14295
6272
7417
13433
2644
5218
13097
6325
3026
12321
7587
15071
7267
7337
111
13053
2571
1743
14920
100
12221
14142
3821
10704
9218
14603
4613
14384
11634
4972
7891
9929
15596
15308
7363
2240
4527
8812
12917
11905
9485
8857
15328
752
194
3791
2158
7117
5534
1078
11570
6108
3573
15391
812
12791
2346
9778
11175
13980
3102
3067
7910
2698
6727
3625
9290
11254
12437
10559
11511
5922
3416
10839
11026
7962
14630
13184
3432
8517
2615
15002
14625
6188
2745
3789
2979
5091
13567
2506
7423
669
9925
15333
7719
653
7310
1009
259
3747
15921
11771
14021
7689
10962
13400
15652
9593
14936
7436
6462
1551
10790
5087
12091
13535
8876
3422
6978
10796
5929
14401
15817
15854
2087
7537
4859
9397
12898
5119
1497
12819
890
3870
4509
11852
1270
8513
9797
4559
4301
259
6110
15091
9698
6554
978
6927
9976
7956
6075
15905
10709
5892
4112
12796
1781
13323
10546
3032
2442
12043
15851
7684
4265
8712
7889
5536
5577
6038
14447
9878
10650
8909
13321
4348
15463
14299
11275
9440
10607
1350
13697
5317
11595
6161
2113
13376
3485
1011
408
10279
13054
4612
6316
1320
1676
14205
11208
11606
4243
9655
9836
3245
6916
7158
7594
6380
9809
7221
15820
4417
12924
1869
9734
8519
8031
11847
10247
15868
1211
15008
14499
14265
3620
4815
3937
9648
3020
3497
5254
11616
1504
15091
14861
8421
10601
10807
14801
4410
2029
2973
8827
14953
9194
2561
11824
5577
2761
6071
5445
3972
5079
8297
6589
13051
13112
14879
11052
133
2376
306
101
8233
3749
3314
654
2702
14122
3807
7113
151
11132
4292
3456
8678
11206
15280
14256
2319
5351
8053
10643
14783
350
1232
186
13463
4463
11238
1948
11192
15897
6401
3425
7998
9715
8431
10701
7837
590
6166
12340
74
14810
4148
8752
10016
3428
11360
12335
13132
3414
11330
267
8116
12563
453
9931
5378
44
11879
570
15941
6632
3995
7939
348
778
6992
12537
1368
1510
13230
1442
321
1378
14547
10337
9159
9907
11025
10643
1673
6355
15262
14142
7270
15715
8073
12649
15759
8305
1571
4052
14937
9919
344
3637
10697
7336
175
418
8847
1757
1860
13520
7487
4759
7857
646
3019
7234
15641
4692
1942
14903
2834
9212
2971
10908
10213
7082
7565
11785
11135
6502
5704
15831
10140
401
7167
14667
5171
4366
4776
11384
6238
12263
143
2448
1262
3162
9682
903
12207
11624
15807
15041
9189
7130
14301
7754
14212
10218
3539
9347
721
13595
13530
15213
2349
4698
2232
7520
13416
7008
2904
3655
3271
3048
10455
4533
10562
4137
9789
6769
4114
13948
10163
1655
5078
12816
9409
3290
7035
12949
990
12108
14896
14520
11321
1245
7570
1905
8766
9339
8913
22
1346
536
7422
11801
5070
1985
4290
3211
13106
8404
1159
7269
10059
6237
4086
3469
13879
11121
4770
3221
7229
8018
6094
6902
9264
2016
8807
6382
11355
6072
6404
12701
6608
13827
12854
30
4164
1145
3241
1270
13901
4400
8540
7961
14989
978
15782
1221
451
8904
4442
12032
922
14888
2934
14538
905
93
4920
12260
6165
15677
13314
12773
1856
14520
1156
6020
15665
4397
7290
13567
13150
4182
9880
491
5160
14014
1712
5611
11270
10507
1643
12192
9395
8929
15083
10300
9022
8355
10913
3539
8032
12579
4665
14240
11099
5821
4260
15117
14570
15903
12684
11720
4085
10916
12212
13598
8930
2276
7561
4200
12783
13557
4744
10531
6486
3827
9183
3861
12183
4096
11752
8567
5027
417
6808
127
10590
15420
15244
9161
15323
280
9233
7761
11196
5445
9711
8478
12074
5624
12678
8857
3181
5774
3388
14020
9602
924
1881
10137
5020
1985
2704
14400
6755
13864
2879
1345
1637
6475
14858
5312
6755
