4000
4001
4000
3999
3999
3996
3997
3996
3994
3992
3991
3990
3989
3990
3988
3987
3987
3985
3984
3982
3982
3980
3979
3979
3978
3976
3977
3975
3973
3973
3973
3972
3969
3969
3967
3968
3966
3964
3965
3964
3962
3960
3961
3960
3959
3957
3955
3956
3955
3953
3951
3952
3949
3948
3947
3948
3945
3946
3945
3943
3942
3941
3939
3938
3937
3936
3935
3935
3935
3932
3931
3930
3929
3928
3929
3928
3925
3924
3924
3924
3922
3922
3921
3920
3919
3918
3917
3915
3915
3913
3913
3912
3909
3908
3909
3906
3906
3906
3905
3902
3901
3902
3900
3898
3897
3897
3895
3894
3894
3892
3892
3891
3891
3888
3888
3886
3885
3884
3884
3882
3883
3881
3881
3880
3879
3878
3875
3875
3875
3874
3873
3870
3871
3870
3868
3866
3865
3866
3863
3862
3863
3861
3860
3860
3859
3858
3855
3854
3854
3853
3851
3850
3849
3848
3848
3846
3845
3845
3845
3844
3843
3842
3839
3839
3838
3838
3836
3836
3834
3832
3833
3832
3831
3829
3829
3827
3826
3826
3825
3822
3822
3820
3820
3819
3818
3816
3816
3815
3815
3813
3813
3811
3810
3808
3807
3808
3805
3806
3805
3804
3803
3801
3800
3798
3797
3796
3796
3794
3795
3794
3791
3791
3789
3790
3787
3788
3787
3786
3784
3784
3782
3780
3779
3778
3778
3777
3777
3775
3775
3772
3772
3772
3770
3768
3769
3766
3766
3766
3763
3763
3762
3760
3759
3759
3757
3757
3755
3754
3753
3753
3753
3752
3749
3749
3749
3747
3745
3744
3744
3744
3741
3740
3741
3740
3737
3738
3735
3736
3734
3732
3732
3732
3731
3730
3728
3728
3725
3725
3725
3722
3722
3720
3720
3720
3719
3717
3716
3716
3714
3714
3713
3712
3709
3710
3707
3708
3706
3704
3704
3703
3703
3700
3699
3699
3699
3698
3696
3696
3694
3693
3692
3690
3690
3688
3689
3686
3686
3685
3684
3683
3682
3681
3679
3680
3678
3677
3676
3676
3675
3672
3671
3671
3670
3670
3667
3666
3667
3665
3664
3663
3663
3662
3661
3660
3659
3658
3655
3655
3654
3654
3653
3650
3649
3649
3647
3647
3647
3646
3645
3644
3643
3640
3639
3638
3639
3637
3636
3636
3635
3634
3632
3630
3631
3629
3627
3628
3626
3625
3624
3622
3622
3621
3619
3619
3619
3616
3616
3616
3615
3612
3613
3612
3609
3608
3607
3606
3607
3606
3603
3603
3602
3601
3601
3599
3597
3596
3596
3596
3595
3594
3593
3590
3590
3588
3589
3586
3586
3584
3583
3583
3581
3582
3579
3580
3579
3576
3575
3576
3575
3572
3572
3571
3569
3569
3567
3566
3567
3565
3563
3564
3563
3562
3561
3558
3559
3558
3557
3554
3554
3552
3552
3551
3549
3550
3547
3548
3545
3545
3543
3542
3543
3541
3541
3540
3537
3536
3535
3534
3535
3533
3533
3531
3530
3530
3527
3527
3527
3526
3525
3522
3523
3522
3521
3520
3519
3517
3517
3514
3515
3514
3511
3512
3510
3509
3508
3506
3506
3506
3503
3502
3502
3500
3499
3500
3499
3496
3496
3496
3493
3493
3493
3492
3490
3488
3489
3487
3487
3485
3484
3483
3483
3480
3480
3479
3478
3476
3476
3476
3473
3474
3471
3471
3471
3469
3468
3468
3466
3466
3465
3463
3462
3462
3460
3458
3459
3456
3456
3455
3453
3453
3452
3452
3450
3448
3447
3446
3445
3444
3445
3443
3443
3440
3439
3440
3439
3438
3436
3435
3433
3432
3432
3432
3429
3430
3427
3426
3426
3426
3423
3424
3421
3421
3421
3420
3418
3416
3417
3416
3413
3414
3412
3412
3410
3410
3408
3407
3406
3404
3405
3403
3402
3401
3400
3399
3399
3398
3395
3394
3395
3392
3391
3391
3390
3390
3387
3386
3387
3385
3385
3382
3382
3381
3379
3380
3378
3378
3375
3374
3373
3372
3373
3371
3371
3369
3368
3367
3366
3365
3365
3362
3362
3362
3360
3358
3358
3358
3356
3355
3354
3352
3353
3352
3351
3350
3349
3347
3347
3346
3345
3344
3341
3342
3341
3339
3337
3336
3337
3335
3335
3334
3332
3330
3330
3329
3328
3326
3325
3326
3325
3324
3321
3322
3320
3319
3318
3317
3315
3316
3314
3314
3312
3312
3310
3308
3307
3308
3306
3305
3303
3302
3301
3300
3300
3300
3298
3298
3297
3296
3295
3294
3292
3291
3291
3288
3287
3288
3287
3284
3284
3283
3281
3282
3280
3280
3278
3276
3277
3276
3274
3274
3271
3271
3269
3269
3267
3268
3267
3265
3264
3264
3262
3260
3259
3259
3258
3256
3255
3254
3254
3253
3252
3252
3250
3250
3248
3248
3247
3244
3245
3243
3242
3240
3241
3240
3238
3237
3237
3235
3233
3232
3232
3232
3230
3229
3228
3226
3225
3225
3223
3224
3221
3222
3220
3218
3219
3216
3217
3214
3215
3214
3212
3210
3209
3210
3207
3206
3205
3206
3204
3203
3202
3202
3199
3200
3199
3196
3195
3194
3195
3193
3193
3190
3189
3189
3188
3188
3186
3185
3185
3183
3182
3182
3180
3180
3178
3178
3177
3176
3175
3173
3171
3170
3170
3169
3167
3167
3166
3164
3164
3164
3162
3160
3159
3160
3159
3157
3157
3155
3155
3154
3153
3151
3150
3150
3148
3148
3147
3144
3144
3144
3142
3142
3139
3139
3139
3136
3137
3135
3135
3133
3131
3130
3131
3128
3127
3128
3126
3124
3124
3124
3121
3121
3119
3120
3118
3117
3117
3114
3113
3114
3112
3112
3111
3109
3107
3107
3107
3104
3104
3103
3103
3102
3099
3099
3097
3097
3095
3096
3095
3093
3093
3092
3089
3088
3088
3087
3087
3086
3083
3084
3082
3082
3079
3079
3077
3076
3075
3074
3074
3074
3071
3070
3070
3068
3067
3068
3067
3064
3065
3063
3061
3062
3059
3059
3059
3056
3055
3054
3053
3053
3051
3051
3049
3048
3049
3047
3046
3044
3045
3042
3041
3042
3040
3040
3037
3038
3036
3036
3035
3033
3031
3030
3030
3029
3028
3027
3027
3024
3024
3024
3022
3022
3020
3020
3017
3018
3016
3015
3013
3012
3013
3011
3009
3009
3007
3006
3005
3006
3003
3002
3003
3001
3000
2999
2998
2996
2995
2994
2993
2992
2991
2990
2989
2989
2987
2986
2985
2985
2983
2983
2983
2980
2979
2978
2979
2977
2977
2976
2973
2974
2971
2970
2970
2970
2969
2968
2966
2965
2963
2963
2962
2960
2960
2959
2957
2958
2957
2954
2954
2954
2953
2951
2949
2950
2948
2948
2945
2944
2945
2944
2942
2940
2939
2938
2937
2937
2935
2935
2935
2932
2931
2930
2930
2930
2929
2927
2927
2926
2925
2923
2923
2920
2921
2920
2917
2916
2915
2916
2915
2914
2913
2910
2911
2908
2907
2907
2906
2904
2905
2902
2902
2900
2900
2900
2898
2897
2896
2895
2894
2894
2893
2891
2889
2889
2887
2886
2887
2885
2883
2884
2882
2882
2879
2879
2878
2877
2877
2876
2874
2874
2872
2870
2871
2870
2867
2867
2867
2864
2865
2862
2863
2861
2860
2858
2857
2858
2855
2855
2854
2854
2851
2852
2851
2849
2847
2846
2847
2845
2843
2844
2841
2842
2839
2838
2838
2837
2837
2835
2834
2834
2832
2831
2830
2830
2828
2828
2825
2824
2823
2823
2823
2822
2820
2819
2818
2818
2815
2814
2813
2812
2811
2811
2811
2809
2809
2807
2805
2806
2803
2803
2802
2802
2800
2798
2797
2798
2795
2794
2793
2793
2793
2792
2789
2788
2789
2787
2787
2786
2783
2782
2781
2781
2780
2778
2777
2777
2777
2775
2773
2774
2773
2770
2769
2769
2767
2766
2766
2765
2763
2764
2762
2762
2759
2760
2757
2758
2757
2756
2755
2754
2753
2750
2750
2750
2747
2748
2745
2746
2743
2744
2741
2741
2741
2738
2739
2736
2735
2735
2733
2733
2732
2731
2730
2729
2728
2727
2726
2724
2724
2722
2721
2722
2719
2720
2718
2717
2716
2716
2713
2714
2712
2710
2709
2709
2708
2706
2705
2706
2705
2702
2702
2700
2701
2700
2699
2696
2696
2694
2694
2693
2692
2692
2689
2690
2688
2688
2685
2685
2684
2682
2682
2681
2681
2680
2679
2676
2677
2676
2674
2673
2671
2672
2671
2668
2667
2667
2667
2666
2665
2663
2661
2660
2659
2659
2659
2658
2655
2656
2654
2654
2652
2652
2650
2648
2648
2646
2646
2644
2644
2644
2641
2642
2641
2638
2637
2638
2637
2634
2635
2634
2632
2630
2629
2629
2628
2628
2626
2626
2623
2622
2623
2621
2621
2618
2619
2617
2616
2615
2613
2612
2612
2610
2609
2609
2608
2607
2606
2605
2604
2602
2602
2602
2600
2599
2598
2596
2596
2595
2593
2593
2592
2590
2589
2589
2588
2588
2585
2586
2585
2582
2581
2580
2580
2578
2579
2576
2577
2574
2574
2572
2572
2572
2569
2568
2567
2568
2566
2564
2563
2563
2562
2562
2561
2558
2558
2556
2555
2555
2555
2554
2551
2550
2551
2549
2548
2548
2546
2544
2545
2543
2541
2542
2539
2539
2539
2538
2536
2534
2535
2533
2533
2531
2530
2529
2528
2526
2526
2526
2523
2523
2522
2520
2521
2520
2518
2516
2516
2515
2514
2514
2513
2512
2510
2510
2509
2507
2507
2504
2504
2503
2503
2500
2499
2500
2499
2497
2497
2494
2494
2494
2492
2490
2491
2489
2489
2487
2487
2485
2483
2483
2481
2482
2479
2479
2479
2478
2477
2476
2473
2473
2472
2470
2471
2470
2469
2467
2467
2466
2465
2462
2463
2462
2459
2459
2457
2456
2455
2454
2455
2452
2452
2452
2449
2450
2449
2446
2447
2446
2443
2442
2442
2441
2440
2439
2438
2437
2436
2434
2433
2432
2432
2432
2429
2430
2429
2427
2425
2424
2424
2424
2422
2420
2421
2420
2417
2418
2417
2414
2414
2412
2411
2410
2411
2410
2409
2407
2405
2404
2405
2403
2402
2400
2399
2400
2397
2396
2396
2395
2394
2392
2391
2390
2390
2388
2389
2387
2387
2384
2383
2384
2381
2380
2381
2380
2377
2378
2376
2375
2375
2372
2373
2372
2371
2369
2368
2368
2366
2364
2363
2362
2361
2361
2359
2360
2359
2356
2356
2356
2354
2353
2353
2351
2349
2349
2349
2347
2346
2344
2345
2343
2343
2340
2340
2339
2338
2338
2335
2334
2333
2334
2333
2331
2330
2330
2328
2326
2325
2326
2323
2323
2323
2322
2320
2320
2319
2316
2316
2314
2314
2312
2313
2311
2310
2309
2309
2306
2306
2305
2304
2304
2301
2301
2300
2300
2297
2298
2297
2296
2295
2293
2292
2292
2289
2290
2289
2288
2285
2284
2283
2282
2283
2281
2280
2278
2279
2278
2276
2275
2273
2272
2272
2271
2270
2270
2267
2268
2267
2264
2264
2262
2262
2260
2261
2258
2257
2258
2255
2255
2253
2254
2252
2252
2249
2248
2248
2246
2247
2246
2244
2244
2241
2240
2240
2239
2237
2238
2235
2234
2233
2232
2232
2232
2229
2228
2227
2227
2225
2225
2223
2224
2221
2221
2221
2219
2219
2216
2216
2216
2213
2214
2213
2210
2209
2209
2209
2207
2206
2204
2205
2204
2202
2200
2201
2200
2198
2196
2195
2194
2195
2193
2193
2190
2189
2189
2188
2186
2185
2186
2183
2182
2183
2180
2181
2178
2178
2177
2177
2174
2175
2174
2171
2170
2169
2168
2169
2168
2166
2164
2165
2163
2163
2162
2160
2160
2159
2158
2155
2154
2155
2153
2151
2151
2150
2150
2149
2146
2147
2146
2144
2143
2142
2141
2141
2139
2139
2137
2136
2135
2135
2133
2133
2131
2131
2128
2128
2127
2125
2126
2124
2124
2121
2122
2121
2120
2117
2118
2117
2116
2115
2113
2112
2111
2110
2108
2107
2106
2105
2106
2105
2102
2102
2102
2101
2098
2097
2097
2097
2095
2094
2093
2093
2092
2091
2090
2088
2086
2086
2084
2085
2082
2081
2081
2081
2079
2079
2076
2076
2074
2073
2073
2071
2072
2070
2068
2068
2068
2067
2065
2063
2062
2061
2060
2061
2058
2059
2056
2055
2055
2055
2052
2053
2052
2050
2050
2047
2047
2047
2046
2044
2042
2043
2040
2040
2038
2038
2038
2037
2035
2033
2032
2032
2031
2030
2030
2028
2026
2027
2026
2025
2024
2023
2022
2021
2020
2018
2016
2015
2016
2013
2012
2011
2010
2010
2009
2007
2008
2005
2004
2003
2003
2002
2000
1999
2000
1999
1998
1996
1996
1995
1992
1991
1992
1989
1990
1988
1988
1985
1986
1985
1983
1983
1982
1980
1979
1978
1978
1976
1976
1973
1974
1972
1971
1971
1970
1969
1967
1967
1964
1965
1963
1962
1962
1960
1960
1959
1956
1956
1954
1953
1953
1952
1950
1949
1948
1949
1948
1945
1945
1945
1942
1941
1941
1941
1938
1937
1937
1937
1934
1935
1934
1933
1930
1930
1928
1929
1927
1926
1925
1925
1924
1923
1921
1921
1919
1919
1918
1915
1914
1913
1912
1912
1911
1911
1908
1909
1906
1907
1906
1904
1903
1903
1900
1901
1899
1898
1898
1895
1894
1894
1892
1891
1891
1891
1888
1889
1887
1885
1885
1885
1883
1882
1881
1879
1878
1879
1878
1877
1874
1875
1872
1872
1871
1870
1869
1868
1866
1867
1865
1865
1863
1862
1862
1861
1859
1859
1856
1856
1855
1854
1852
1853
1852
1851
1848
1848
1846
1845
1844
1843
1844
1842
1842
1841
1840
1839
1836
1835
1835
1835
1834
1833
1832
1831
1830
1827
1828
1827
1825
1823
1822
1823
1820
1819
1820
1817
1818
1817
1814
1813
1812
1812
1811
1810
1808
1808
1806
1806
1806
1805
1802
1803
1801
1801
1800
1798
1796
1796
1795
1794
1792
1793
1791
1790
1788
1789
1788
1787
1786
1783
1784
1781
1781
1780
1780
1779
1776
1777
1774
1773
1773
1772
1772
1769
1769
1768
1767
1766
1764
1763
1763
1762
1760
1759
1758
1757
1756
1755
1754
1753
1753
1751
1751
1750
1748
1747
1746
1745
1746
1745
1742
1742
1741
1739
1739
1739
1737
1735
1736
1733
1733
1732
1732
1730
1730
1727
1727
1725
1725
1724
1723
1721
1720
1719
1720
1717
1716
1717
1714
1713
1714
1712
1711
1710
1709
1707
1708
1706
1704
1705
1704
1702
1701
1701
1700
1697
1696
1696
1695
1694
1692
1693
1692
1690
1690
1688
1687
1685
1686
1683
1682
1682
1682
1681
1679
1678
1676
1675
1674
1675
1674
1673
1670
1669
1668
1668
1667
1665
1664
1663
1664
1662
1660
1661
1658
1658
1657
1656
1655
1653
1654
1651
1650
1650
1648
1648
1646
1646
1645
1643
1642
1642
1641
1640
1640
1638
1638
1635
1636
1633
1632
1632
1632
1631
1629
1629
1626
1625
1625
1624
1622
1623
1621
1619
1618
1619
1618
1615
1615
1613
1613
1613
1612
1609
1609
1608
1607
1606
1606
1603
1604
1601
1601
1600
1600
1598
1597
1597
1595
1594
1593
1592
1590
1589
1588
1587
1586
1587
1586
1585
1583
1582
1581
1580
1579
1577
1576
1577
1576
1573
1572
1573
1570
1571
1570
1568
1566
1565
1564
1565
1564
1563
1562
1559
1559
1559
1558
1556
1556
1554
1554
1552
1550
1550
1548
1548
1547
1546
1545
1544
1543
1543
1541
1540
1539
1537
1538
1535
1535
1534
1534
1533
1531
1530
1530
1529
1527
1527
1526
1524
1522
1522
1520
1520
1520
1517
1518
1517
1516
1514
1513
1511
1511
1509
1508
1507
1506
1505
1504
1503
1503
1501
1500
1499
1500
1499
1496
1495
1496
1495
1494
1491
1490
1489
1490
1488
1487
1487
1485
1484
1484
1483
1482
1479
1478
1479
1477
1476
1475
1475
1473
1473
1470
1471
1468
1469
1468
1467
1464
1465
1463
1461
1460
1459
1458
1457
1457
1457
1455
1455
1452
1452
1452
1450
1450
1449
1446
1446
1445
1444
1442
1441
1442
1440
1438
1437
1437
1435
1436
1435
1432
1433
1430
1430
1430
1428
1426
1426
1424
1424
1423
1423
1420
1419
1418
1419
1417
1416
1415
1415
1413
1413
1410
1409
1409
1408
1407
1405
1406
1404
1402
1403
1400
1399
1400
1397
1397
1397
1395
1395
1393
1391
1391
1390
1388
1389
1386
1386
1385
1383
1383
1383
1382
1379
1378
1378
1377
1376
1376
1374
1372
1373
1371
1370
1370
1367
1367
1366
1364
1363
1363
1362
1360
1359
1360
1359
1357
1356
1355
1355
1353
1352
1352
1350
1349
1349
1346
1347
1345
1343
1343
1343
1342
1339
1339
1337
1337
1336
1336
1335
1334
1332
1331
1329
1330
1329
1326
1326
1324
1324
1322
1323
1322
1321
1319
1318
1318
1316
1315
1313
1314
1311
1310
1311
1309
1309
1306
1305
1305
1305
1302
1301
1301
1300
1299
1298
1296
1297
1296
1294
1293
1291
1291
1290
1288
1289
1287
1287
1286
1283
1282
1282
1280
1280
1279
1279
1277
1277
1274
1273
1274
1271
1270
1270
1269
1269
1266
1265
1265
1263
1263
1261
1261
1259
1258
1258
1256
1256
1255
1253
1253
1252
1250
1251
1248
1249
1247
1246
1246
1244
1243
1243
1242
1239
1239
1238
1236
1236
1236
1235
1234
1231
1231
1230
1229
1229
1228
1225
1224
1223
1222
1223
1222
1219
1220
1217
1216
1216
1216
1215
1212
1213
1212
1209
1210
1207
1208
1205
1206
1204
1204
1202
1202
1199
1200
1199
1198
1197
1196
1193
1192
1193
1190
1191
1189
1187
1186
1187
1186
1184
1183
1181
1180
1180
1178
1177
1177
1175
1175
1173
1174
1171
1172
1169
1170
1168
1168
1167
1165
1165
1163
1162
1161
1161
1159
1157
1156
1155
1156
1155
1153
1152
1151
1151
1150
1149
1146
1145
1144
1144
1142
1141
1142
1141
1138
1138
1137
1135
1136
1135
1134
1132
1131
1131
1128
1128
1126
1126
1125
1123
1123
1121
1121
1121
1120
1118
1118
1117
1116
1113
1113
1112
1110
1109
1108
1109
1106
1105
1106
1105
1102
1101
1101
1101
1098
1098
1096
1095
1094
1095
1092
1093
1092
1089
1090
1088
1088
1086
1085
1085
1084
1083
1080
1079
1078
1079
1076
1075
1076
1073
1072
1073
1070
1070
1070
1068
1066
1065
1066
1064
1062
1061
1060
1061
1059
1058
1057
1055
1054
1053
1052
1051
1050
1049
1049
1048
1046
1046
1045
1045
1043
1041
1040
1039
1039
1037
1037
1037
1036
1034
1033
1033
1032
1031
1030
1028
1026
1026
1026
1024
1024
1021
1022
1021
1019
1017
1016
1017
1016
1013
1013
1011
1010
1011
1009
1008
1006
1006
1006
1003
1004
1001
1002
1001
1000
998
998
996
995
994
994
991
992
990
988
987
988
987
986
984
984
983
982
979
980
979
978
975
974
974
972
971
971
969
969
969
968
965
964
963
964
961
961
960
959
959
957
956
955
955
954
951
952
951
949
948
947
945
946
944
944
941
940
940
938
939
936
936
936
934
933
933
931
929
928
927
926
927
925
924
924
922
922
920
919
917
917
917
914
914
914
911
911
909
910
907
908
905
905
905
904
901
901
899
898
898
898
896
895
893
894
892
890
891
888
888
888
886
885
884
882
882
882
881
879
878
876
875
874
874
874
871
871
869
869
867
868
865
865
865
864
863
861
861
859
858
857
857
855
855
853
852
851
849
849
849
846
846
845
843
842
841
840
841
840
838
836
837
834
834
833
833
830
831
829
827
828
827
826
823
824
821
822
819
819
819
817
816
815
815
814
813
810
811
810
807
808
807
804
805
802
802
802
801
800
797
796
796
794
793
793
791
791
790
790
789
786
785
785
785
782
781
781
780
779
777
778
776
774
775
773
772
771
769
769
767
767
766
765
765
763
761
762
761
760
758
756
757
756
754
754
753
752
750
749
748
748
746
746
745
742
741
741
740
739
739
738
737
735
734
733
731
732
731
729
728
726
726
725
724
722
723
720
721
718
719
718
716
714
715
712
712
711
710
709
709
708
706
704
704
704
703
701
700
699
699
696
695
695
693
693
692
690
691
690
688
686
686
686
684
682
681
680
680
680
678
678
676
676
675
674
673
671
671
670
668
668
665
665
664
663
663
662
660
659
659
656
656
654
653
652
653
651
650
649
648
646
646
644
643
642
642
642
639
638
638
637
637
636
635
633
632
632
630
628
627
627
626
624
623
623
622
622
619
618
618
618
615
614
615
612
612
610
609
609
608
608
607
605
605
604
603
600
600
599
598
598
596
596
593
593
593
592
590
588
589
588
587
584
583
584
581
582
580
579
578
578
576
575
574
572
571
572
571
570
568
566
567
566
564
562
561
561
561
560
558
558
555
555
555
552
551
550
549
550
548
548
547
544
544
543
542
542
540
539
539
536
537
535
533
533
533
532
531
530
528
527
526
525
525
523
521
520
520
519
517
517
515
514
515
514
513
511
511
509
507
507
507
504
504
502
502
500
501
499
498
498
497
496
494
494
492
492
491
488
488
488
487
486
483
483
483
480
479
480
479
476
476
475
474
474
473
472
470
470
468
468
467
464
465
463
463
461
460
460
459
456
455
456
455
452
453
452
450
450
448
447
445
444
445
443
441
440
440
439
437
438
436
436
433
433
432
430
429
430
427
428
427
424
423
422
423
422
421
419
419
417
415
414
415
412
413
412
409
408
409
406
405
404
403
403
403
402
400
398
398
397
395
396
393
392
391
392
391
390
387
387
386
385
384
383
383
380
380
380
378
376
375
376
374
372
371
372
369
369
369
368
366
364
365
363
362
360
360
359
357
358
356
356
354
352
352
350
351
350
347
347
345
344
344
344
343
341
341
340
338
337
337
336
335
334
332
330
329
328
327
327
327
326
324
322
323
322
320
319
317
318
315
314
313
313
311
310
309
310
308
307
306
305
304
303
303
300
301
300
297
298
295
294
294
293
292
292
290
289
287
287
285
285
285
283
281
280
279
280
277
277
276
276
273
272
271
272
270
270
269
268
265
266
263
264
263
261
260
259
257
256
255
255
255
254
251
251
249
249
247
247
247
245
243
244
243
241
239
239
238
238
235
235
235
233
233
232
231
229
227
227
227
224
225
224
222
222
220
219
217
217
217
214
213
212
212
210
210
209
208
206
206
206
205
203
201
201
200
198
197
198
196
196
194
193
193
192
190
188
187
186
187
184
184
182
181
182
179
178
178
178
175
174
175
174
171
170
170
170
168
168
166
165
165
164
163
160
160
159
157
156
156
154
154
153
152
152
149
150
149
146
147
146
143
143
143
141
141
139
137
136
136
136
134
132
133
131
129
130
128
128
127
124
123
122
122
121
121
120
117
118
115
116
115
113
112
112
109
108
107
106
106
106
103
102
102
100
101
100
99
96
96
96
94
94
93
92
89
90
89
87
87
86
84
84
82
82
80
79
77
76
77
74
75
72
71
70
69
68
67
66
66
66
65
62
63
61
61
58
58
58
57
55
55
52
51
50
50
49
49
48
46
46
45
43
43
40
41
38
39
38
35
34
33
34
31
32
30
28
29
28
25
25
23
22
21
21
20
20
17
17
17
16
14
12
12
11
10
9
8
6
6
6
3
3
3
