1000
1000
1001
1000
999
998
996
995
994
993
993
991
990
990
988
988
985
986
984
982
981
981
981
980
977
977
975
976
975
974
973
970
969
970
967
968
966
965
964
962
961
961
960
958
958
958
957
955
955
953
952
950
951
950
949
948
946
944
945
943
942
942
940
939
939
937
936
935
934
932
932
932
930
930
929
928
927
924
924
924
922
921
919
920
917
916
917
915
915
914
913
910
911
909
908
908
906
906
903
902
901
901
901
900
897
896
897
894
893
893
891
892
889
889
888
886
887
885
885
883
882
880
880
878
879
876
877
874
875
874
872
871
870
869
867
867
867
864
865
864
863
862
861
860
858
857
855
855
853
853
851
851
850
849
849
846
846
846
845
843
842
840
841
840
839
836
836
835
835
833
832
832
830
829
829
826
825
824
824
822
822
821
821
820
817
817
816
816
813
813
813
812
811
810
809
808
806
805
804
802
801
801
801
799
797
798
797
795
793
793
792
791
790
789
789
787
787
784
785
782
782
781
779
779
777
778
775
776
774
772
773
771
771
768
767
766
765
766
764
762
763
762
759
758
757
758
757
754
753
753
752
752
749
749
747
748
746
746
744
744
743
741
740
740
739
737
737
736
735
732
732
731
729
729
728
727
725
724
725
722
721
720
721
718
718
718
717
714
715
713
711
712
709
709
708
708
705
705
705
704
702
700
700
700
698
698
695
696
694
694
691
691
689
688
689
688
685
686
685
682
682
680
679
679
678
677
676
674
673
672
671
672
671
670
669
666
666
664
664
662
661
661
660
659
659
657
656
654
654
653
651
652
651
648
648
647
645
646
644
642
641
642
639
640
638
638
636
634
633
634
632
631
629
628
629
626
627
625
623
623
621
622
619
620
619
617
615
616
614
614
611
612
611
609
608
607
606
606
604
603
603
600
599
599
598
597
596
595
595
592
591
592
591
589
588
587
586
584
585
584
581
580
580
580
578
577
575
575
574
574
571
571
569
569
569
568
567
565
564
564
562
561
559
558
558
558
555
556
555
552
552
552
549
549
549
546
547
546
544
543
541
541
541
539
537
538
536
534
535
534
531
530
531
528
529
526
525
524
525
522
522
520
521
520
519
516
517
515
513
513
511
510
510
508
508
507
506
506
503
502
501
500
500
500
498
497
495
495
495
494
493
490
489
488
488
486
485
485
485
482
481
480
481
480
479
476
475
474
474
472
472
472
470
468
468
466
465
466
463
462
462
460
461
460
457
456
455
455
454
452
453
452
450
449
448
446
447
444
444
443
442
442
439
439
438
438
436
436
434
434
433
430
430
429
427
427
426
424
423
422
422
420
419
418
419
418
415
416
415
414
412
410
411
410
408
407
407
405
403
403
402
400
401
400
399
396
397
395
394
392
393
390
389
390
388
386
387
385
385
383
382
381
381
380
378
377
375
374
375
374
373
372
369
369
368
368
366
364
364
362
361
360
360
359
358
358
356
354
354
354
353
350
349
350
347
347
346
345
345
344
341
342
340
338
338
336
336
335
334
334
333
332
330
328
329
328
325
324
325
323
321
322
321
319
319
318
315
316
314
313
312
312
309
308
308
308
305
306
303
304
302
302
299
300
297
298
297
294
293
292
291
291
291
290
289
286
285
284
285
284
282
281
281
280
278
276
277
275
275
272
273
272
269
270
269
267
266
264
263
263
261
260
261
258
257
258
256
255
253
252
251
252
250
249
249
246
246
245
245
244
242
241
241
240
237
238
236
236
235
233
231
232
231
228
228
228
225
226
225
222
222
220
219
218
218
216
216
214
214
213
211
210
209
210
208
207
206
204
203
203
203
200
200
199
198
198
196
196
195
192
191
190
191
189
187
186
186
186
183
184
181
180
180
178
177
176
176
176
173
173
172
172
169
170
168
167
165
164
164
164
163
162
159
159
157
157
156
156
154
152
153
151
150
149
147
148
146
145
145
143
142
140
140
139
139
136
135
136
135
134
133
131
130
128
127
128
127
126
124
123
123
122
119
120
117
116
116
116
113
113
112
112
110
109
107
107
107
105
105
103
101
101
99
100
97
97
95
94
94
93
92
91
90
90
87
88
86
86
85
84
81
81
80
80
79
78
76
74
73
72
73
72
71
68
69
66
67
66
63
62
63
62
61
58
57
56
55
55
53
54
51
51
50
49
48
47
45
44
44
43
41
41
39
38
39
37
36
35
33
34
33
30
29
30
28
26
27
26
24
22
23
22
21
18
17
17
16
15
14
12
13
12
11
9
7
7
7
6
5
2
3
