16000
16000
15999
16000
15998
15998
15997
15996
15993
15994
15991
15992
15990
15988
15988
15988
15987
15984
15984
15983
15981
15982
15979
15978
15978
15976
15976
15974
15973
15972
15971
15970
15970
15968
15967
15968
15967
15966
15963
15962
15963
15960
15960
15959
15958
15958
15955
15954
15953
15953
15953
15951
15951
15950
15948
15946
15946
15944
15943
15943
15942
15941
15941
15940
15937
15936
15935
15934
15935
15932
15933
15932
15930
15928
15928
15928
15925
15925
15924
15922
15922
15921
15919
15918
15918
15917
15916
15914
15915
15913
15912
15910
15909
15908
15907
15906
15905
15904
15904
15903
15902
15900
15900
15898
15898
15896
15897
15895
15895
15893
15893
15890
15889
15890
15888
15888
15887
15886
15885
15883
15882
15881
15879
15880
15879
15877
15875
15874
15875
15873
15873
15870
15871
15868
15867
15866
15866
15864
15865
15863
15861
15860
15861
15859
15857
15857
15856
15856
15853
15853
15853
15850
15851
15850
15849
15847
15845
15846
15845
15844
15843
15841
15839
15839
15837
15837
15835
15836
15835
15832
15832
15832
15829
15830
15828
15827
15825
15826
15824
15823
15821
15820
15820
15818
15819
15817
15817
15814
15815
15813
15811
15811
15810
15808
15807
15808
15806
15805
15804
15803
15803
15801
15800
15798
15797
15796
15797
15795
15793
15793
15793
15791
15791
15790
15788
15786
15785
15785
15783
15782
15782
15781
15780
15780
15779
15776
15777
15775
15775
15773
15771
15772
15771
15769
15767
15768
15767
15764
15764
15762
15763
15761
15761
15760
15758
15756
15757
15756
15753
15752
15751
15751
15750
15750
15748
15748
15747
15744
15743
15742
15743
15741
15741
15740
15737
15736
15737
15734
15734
15733
15731
15730
15729
15730
15729
15727
15725
15726
15723
15722
15721
15721
15720
15720
15718
15716
15716
15715
15714
15714
15712
15711
15709
15710
15707
15707
15707
15704
15705
15702
15703
15702
15701
15700
15699
15698
15696
15694
15695
15692
15692
15690
15690
15688
15689
15686
15687
15686
15683
15682
15682
15682
15680
15678
15678
15678
15676
15675
15673
15672
15673
15670
15669
15669
15668
15666
15667
15666
15663
15663
15661
15662
15661
15658
15657
15657
15656
15656
15654
15653
15653
15650
15650
15650
15647
15648
15646
15646
15644
15643
15641
15641
15641
15638
15637
15636
15635
15636
15633
15632
15632
15632
15630
15628
15629
15627
15625
15624
15624
15623
15623
15621
15620
15619
15617
15618
15615
15616
15614
15614
15612
15612
15609
15609
15609
15607
15607
15604
15604
15602
15603
15602
15599
15598
15597
15598
15597
15595
15593
15592
15593
15592
15591
15590
15587
15587
15587
15586
15583
15584
15582
15582
15580
15580
15578
15577
15576
15574
15574
15574
15572
15571
15569
15569
15568
15567
15566
15564
15565
15564
15562
15561
15561
15560
15558
15557
15555
15555
15553
15553
15551
15552
15549
15549
15549
15548
15547
15544
15544
15544
15541
15540
15539
15539
15539
15536
15537
15535
15533
15533
15531
15530
15529
15528
15529
15528
15527
15526
15523
15524
15521
15521
15520
15519
15519
15517
15516
15514
15514
15514
15513
15512
15511
15508
15507
15508
15505
15504
15504
15504
15502
15502
15501
15498
15497
15497
15495
15496
15494
15493
15493
15491
15491
15489
15487
15487
15487
15485
15484
15483
15482
15481
15480
15480
15479
15478
15476
15474
15475
15472
15473
15472
15469
15469
15467
15467
15465
15464
15464
15463
15462
15460
15459
15458
15459
15457
15457
15456
15453
15454
15451
15452
15449
15450
15448
15446
15447
15444
15444
15444
15442
15441
15441
15440
15438
15438
15436
15436
15435
15432
15432
15431
15430
15430
15429
15427
15425
15426
15423
15424
15422
15422
15420
15419
15419
15416
15415
15416
15413
15414
15412
15412
15409
15409
15409
15408
15405
15405
15405
15403
15402
15401
15401
15398
15397
15398
15397
15396
15395
15393
15392
15390
15390
15388
15389
15386
15385
15386
15385
15383
15382
15381
15380
15378
15379
15377
15375
15375
15373
15372
15373
15370
15370
15370
15367
15366
15366
15365
15363
15362
15361
15361
15360
15359
15358
15357
15357
15356
15354
15354
15351
15351
15349
15350
15348
15347
15347
15346
15345
15344
15341
15342
15341
15339
15338
15337
15337
15335
15333
15334
15333
15330
15329
15329
15329
15328
15325
15326
15325
15323
15322
15321
15321
15320
15317
15317
15316
15314
15314
15313
15311
15311
15309
15308
15307
15306
15307
15304
15304
15304
15303
15301
15299
15299
15299
15298
15296
15294
15294
15294
15293
15290
15289
15289
15287
15287
15286
15286
15285
15284
15282
15280
15280
15279
15277
15277
15276
15275
15275
15272
15271
15270
15269
15270
15269
15266
15266
15265
15264
15263
15261
15260
15260
15258
15259
15258
15257
15254
15255
15254
15251
15250
15251
15249
15249
15246
15246
15246
15244
15243
15241
15240
15240
15238
15239
15237
15236
15235
15233
15234
15233
15230
15229
15230
15229
15228
15226
15226
15224
15223
15222
15222
15220
15219
15218
15218
15217
15214
15214
15214
15212
15211
15209
15209
15207
15208
15207
15205
15204
15204
15201
15201
15200
15199
15198
15197
15195
15196
15193
15194
15192
15192
15191
15188
15187
15187
15187
15184
15184
15183
15183
15180
15180
15180
15178
15177
15177
15176
15175
15173
15172
15170
15169
15168
15168
15167
15166
15166
15164
15164
15163
15160
15160
15160
15158
15158
15156
15155
15153
15152
15151
15150
15149
15149
15148
15146
15147
15145
15145
15144
15141
15141
15141
15138
15139
15136
15137
15135
15133
15134
15132
15132
15131
15128
15129
15127
15125
15124
15123
15123
15122
15121
15120
15120
15117
15116
15115
15116
15115
15114
15113
15112
15110
15109
15108
15107
15107
15104
15103
15104
15101
15102
15099
15098
15099
15096
15096
15096
15094
15094
15092
15092
15089
15088
15089
15086
15085
15086
15083
15082
15083
15082
15079
15079
15078
15077
15077
15075
15075
15072
15072
15070
15071
15070
15067
15068
15067
15066
15065
15063
15063
15061
15061
15058
15059
15057
15056
15054
15055
15054
15052
15052
15051
15049
15048
15047
15045
15045
15043
15044
15042
15041
15041
15040
15037
15036
15036
15034
15034
15033
15033
15030
15031
15029
15027
15028
15025
15026
15023
15022
15023
15022
15019
15020
15017
15017
15015
15015
15013
15012
15011
15010
15011
15009
15009
15006
15006
15005
15004
15004
15003
15001
14999
14998
14999
14998
14995
14994
14994
14992
14992
14991
14989
14990
14987
14986
14986
14985
14985
14982
14983
14980
14979
14980
14978
14978
14975
14974
14974
14973
14972
14971
14971
14969
14969
14968
14965
14964
14963
14962
14962
14962
14960
14960
14958
14956
14955
14954
14955
14952
14951
14951
14950
14948
14948
14948
14945
14946
14943
14944
14942
14941
14940
14940
14938
14937
14936
14936
14934
14934
14933
14931
14930
14930
14928
14926
14925
14925
14924
14924
14923
14922
14920
14918
14918
14916
14915
14916
14913
14913
14913
14911
14909
14909
14907
14907
14907
14904
14904
14904
14903
14901
14900
14899
14897
14898
14897
14894
14894
14893
14891
14891
14890
14890
14889
14888
14887
14884
14885
14882
14883
14881
14880
14880
14877
14876
14877
14875
14873
14872
14871
14870
14870
14870
14869
14866
14866
14866
14864
14862
14861
14862
14861
14859
14858
14858
14856
14854
14853
14853
14852
14850
14849
14850
14847
14847
14845
14846
14845
14843
14843
14840
14841
14840
14839
14837
14837
14835
14833
14832
14832
14832
14829
14830
14828
14827
14826
14824
14825
14824
14823
14820
14819
14818
14818
14816
14817
14815
14813
14813
14811
14810
14811
14810
14809
14808
14806
14806
14804
14802
14802
14800
14801
14799
14799
14796
14795
14795
14794
14792
14792
14791
14790
14789
14789
14788
14786
14785
14783
14784
14782
14781
14779
14779
14778
14776
14776
14774
14774
14774
14772
14770
14769
14768
14768
14766
14766
14766
14765
14763
14761
14760
14761
14759
14759
14758
14756
14755
14755
14754
14752
14751
14750
14749
14749
14748
14745
14745
14743
14744
14743
14741
14741
14738
14739
14736
14737
14736
14734
14733
14731
14731
14729
14728
14727
14728
14726
14726
14724
14722
14722
14720
14721
14720
14719
14718
14715
14714
14714
14713
14713
14711
14709
14709
14708
14706
14705
14704
14705
14703
14701
14702
14699
14698
14698
14697
14695
14696
14693
14694
14691
14691
14689
14690
14689
14688
14686
14684
14684
14682
14682
14680
14680
14680
14677
14677
14675
14674
14675
14672
14673
14672
14669
14670
14667
14668
14665
14665
14664
14662
14662
14661
14661
14660
14658
14657
14656
14656
14655
14652
14651
14651
14651
14650
14648
14648
14646
14645
14643
14643
14643
14642
14640
14638
14639
14636
14635
14634
14635
14633
14632
14630
14629
14628
14629
14627
14625
14625
14624
14624
14621
14622
14620
14620
14617
14616
14616
14615
14615
14613
14613
14612
14610
14610
14609
14607
14607
14606
14604
14603
14602
14602
14601
14599
14597
14598
14595
14595
14593
14592
14592
14590
14591
14588
14587
14588
14585
14585
14584
14582
14581
14581
14581
14580
14578
14576
14575
14574
14573
14574
14573
14570
14571
14569
14569
14566
14566
14564
14564
14562
14561
14560
14560
14558
14558
14558
14555
14556
14553
14554
14551
14552
14549
14549
14548
14548
14546
14544
14543
14544
14543
14541
14541
14540
14539
14538
14535
14536
14533
14534
14533
14530
14530
14528
14527
14526
14527
14525
14525
14522
14521
14520
14519
14520
14519
14517
14517
14514
14515
14512
14511
14512
14510
14508
14509
14508
14505
14506
14504
14502
14503
14500
14500
14498
14497
14497
14495
14494
14494
14493
14492
14492
14491
14489
14488
14487
14485
14485
14484
14482
14483
14482
14479
14478
14479
14476
14477
14476
14475
14472
14473
14472
14470
14468
14467
14468
14465
14464
14463
14464
14463
14461
14460
14459
14457
14457
14457
14455
14455
14453
14453
14451
14450
14450
14449
14446
14447
14445
14444
14444
14441
14441
14441
14439
14437
14436
14436
14435
14434
14433
14431
14431
14429
14430
14429
14427
14425
14426
14423
14422
14421
14422
14420
14420
14417
14417
14416
14416
14414
14414
14411
14412
14410
14408
14407
14408
14405
14404
14403
14404
14403
14401
14399
14398
14398
14396
14397
14396
14393
14394
14391
14391
14389
14388
14388
14386
14386
14386
14383
14384
14383
14380
14380
14378
14377
14376
14375
14375
14374
14373
14372
14370
14370
14369
14368
14366
14367
14365
14365
14362
14362
14360
14359
14359
14357
14357
14356
14356
14354
14354
14351
14350
14349
14350
14348
14347
14345
14346
14343
14343
14343
14341
14339
14338
14338
14337
14335
14335
14333
14332
14333
14332
14330
14330
14328
14328
14326
14324
14325
14322
14321
14322
14320
14318
14319
14316
14317
14314
14313
14312
14313
14310
14310
14310
14308
14306
14307
14305
14305
14304
14302
14302
14301
14299
14299
14297
14295
14294
14295
14294
14291
14292
14291
14290
14287
14286
14287
14284
14283
14282
14281
14282
14279
14280
14279
14277
14275
14275
14273
14274
14272
14270
14270
14270
14268
14267
14265
14265
14264
14262
14263
14262
14261
14260
14258
14258
14257
14254
14255
14254
14253
14250
14249
14250
14247
14246
14247
14244
14244
14244
14241
14240
14241
14240
14239
14237
14235
14234
14233
14234
14231
14230
14230
14228
14229
14226
14225
14226
14224
14222
14223
14220
14221
14218
14218
14218
14215
14214
14213
14214
14213
14210
14209
14208
14209
14206
14206
14206
14204
14204
14203
14202
14201
14198
14197
14196
14196
14195
14193
14192
14192
14190
14191
14189
14188
14186
14185
14185
14184
14183
14182
14180
14180
14179
14178
14177
14177
14175
14174
14172
14171
14170
14170
14169
14168
14167
14167
14166
14165
14164
14162
14161
14161
14158
14157
14157
14156
14155
14153
14154
14151
14151
14149
14150
14147
14148
14146
14146
14144
14144
14142
14141
14139
14140
14137
14137
14136
14136
14135
14132
14133
14131
14130
14128
14128
14128
14126
14126
14124
14123
14123
14121
14119
14120
14118
14116
14116
14116
14114
14114
14113
14110
14111
14108
14107
14106
14107
14105
14104
14104
14103
14100
14099
14098
14097
14097
14095
14096
14094
14094
14092
14090
14090
14090
14087
14088
14085
14086
14085
14084
14081
14082
14079
14078
14077
14076
14075
14076
14075
14074
14073
14071
14069
14068
14067
14067
14067
14065
14064
14063
14061
14060
14059
14060
14057
14057
14056
14055
14054
14053
14053
14052
14050
14050
14049
14047
14046
14045
14045
14043
14041
14042
14039
14039
14039
14037
14035
14036
14035
14033
14033
14030
14031
14030
14029
14026
14026
14025
14023
14024
14022
14022
14019
14020
14018
14018
14017
14014
14014
14014
14013
14010
14010
14008
14009
14007
14006
14006
14004
14003
14003
14000
14000
14000
13997
13997
13995
13995
13995
13992
13992
13991
13989
13990
13989
13988
13985
13985
13983
13983
13982
13980
13981
13980
13977
13978
13975
13975
13975
13974
13973
13971
13969
13969
13969
13966
13967
13966
13965
13964
13961
13962
13961
13958
13958
13957
13957
13955
13953
13952
13952
13951
13949
13948
13948
13947
13945
13945
13945
13942
13943
13942
13941
13940
13938
13937
13936
13935
13934
13932
13932
13931
13929
13928
13929
13928
13927
13924
13924
13924
13921
13920
13919
13920
13919
13917
13915
13916
13913
13913
13911
13910
13910
13908
13907
13906
13906
13905
13904
13902
13903
13900
13901
13898
13898
13896
13895
13894
13893
13893
13893
13891
13891
13888
13887
13887
13886
13885
13884
13882
13881
13882
13879
13879
13879
13876
13877
13875
13875
13873
13873
13872
13871
13868
13867
13867
13865
13864
13865
13862
13863
13862
13860
13859
13857
13856
13855
13856
13854
13852
13851
13851
13851
13848
13847
13848
13847
13844
13844
13844
13843
13841
13841
13839
13838
13838
13835
13835
13835
13833
13833
13832
13830
13829
13828
13827
13826
13824
13824
13822
13821
13821
13821
13818
13817
13816
13817
13814
13814
13812
13813
13810
13811
13810
13809
13806
13806
13805
13805
13804
13803
13802
13801
13798
13798
13796
13797
13794
13794
13793
13792
13791
13789
13788
13789
13786
13786
13785
13784
13784
13781
13782
13779
13780
13779
13776
13776
13775
13775
13773
13771
13771
13771
13770
13769
13767
13766
13766
13764
13764
13761
13760
13761
13760
13759
13757
13755
13754
13753
13754
13752
13751
13750
13749
13748
13746
13747
13746
13744
13743
13743
13740
13739
13739
13739
13736
13737
13734
13733
13733
13732
13731
13731
13728
13727
13727
13726
13725
13725
13724
13722
13720
13719
13718
13717
13718
13715
13716
13715
13714
13712
13711
13711
13710
13707
13706
13705
13704
13704
13703
13703
13702
13701
13700
13699
13697
13696
13696
13693
13692
13692
13692
13691
13690
13689
13688
13687
13684
13684
13683
13681
13680
13680
13679
13678
13678
13676
13675
13673
13672
13671
13670
13670
13670
13667
13667
13666
13665
13663
13664
13662
13662
13660
13658
13659
13656
13657
13655
13654
13654
13653
13652
13649
13649
13647
13647
13646
13646
13643
13644
13643
13640
13639
13638
13638
13636
13637
13636
13634
13634
13631
13630
13631
13629
13628
13627
13625
13625
13625
13623
13622
13620
13619
13620
13618
13616
13615
13614
13613
13613
13611
13610
13611
13608
13608
13606
13606
13604
13603
13604
13602
13601
13599
13598
13599
13598
13597
13596
13593
13594
13593
13590
13591
13588
13589
13588
13586
13584
13583
13584
13583
13581
13581
13580
13579
13577
13577
13575
13575
13572
13572
13571
13570
13569
13569
13568
13566
13566
13565
13562
13562
13561
13559
13559
13559
13556
13556
13555
13553
13553
13551
13550
13551
13549
13547
13546
13547
13544
13544
13544
13542
13542
13540
13538
13539
13537
13537
13535
13533
13534
13532
13532
13530
13529
13528
13526
13526
13526
13525
13522
13522
13520
13520
13519
13518
13517
13517
13515
13514
13512
13512
13510
13510
13510
13509
13507
13506
13505
13505
13504
13502
13501
13501
13499
13497
13496
13496
13494
13494
13494
13491
13492
13491
13489
13488
13487
13487
13485
13483
13483
13483
13481
13481
13479
13479
13477
13477
13474
13473
13472
13472
13470
13471
13468
13468
13468
13466
13464
13463
13464
13461
13460
13461
13460
13458
13457
13456
13455
13453
13454
13451
13452
13450
13448
13448
13447
13447
13445
13445
13442
13443
13440
13439
13439
13438
13438
13437
13434
13434
13434
13433
13431
13429
13430
13429
13428
13426
13425
13424
13423
13422
13422
13419
13418
13417
13418
13416
13416
13415
13412
13411
13411
13411
13410
13408
13406
13407
13404
13404
13402
13401
13401
13399
13399
13398
13396
13396
13394
13394
13392
13392
13390
13389
13390
13387
13386
13385
13385
13383
13384
13381
13380
13380
13378
13377
13378
13376
13374
13373
13372
13372
13371
13371
13369
13369
13367
13366
13365
13364
13363
13362
13362
13360
13360
13359
13358
13357
13356
13354
13352
13353
13352
13350
13350
13349
13348
13346
13345
13345
13342
13343
13341
13341
13339
13337
13338
13337
13336
13334
13332
13332
13330
13329
13330
13327
13328
13327
13326
13323
13324
13322
13320
13320
13318
13319
13318
13317
13316
13314
13314
13313
13310
13310
13309
13308
13307
13306
13305
13304
13304
13303
13302
13299
13300
13297
13296
13297
13296
13293
13292
13293
13291
13290
13289
13288
13287
13286
13286
13283
13284
13282
13280
13279
13280
13279
13278
13275
13275
13273
13274
13271
13272
13271
13269
13269
13268
13267
13265
13263
13263
13261
13262
13259
13259
13258
13256
13255
13254
13255
13253
13251
13250
13250
13248
13247
13248
13245
13245
13243
13242
13242
13241
13239
13239
13237
13236
13236
13234
13233
13234
13232
13230
13231
13230
13229
13227
13227
13226
13223
13223
13221
13220
13221
13218
13218
13216
13215
13216
13214
13212
13211
13211
13211
13209
13209
13206
13207
13205
13204
13204
13202
13202
13199
13199
13199
13198
13197
13195
13194
13192
13191
13190
13190
13190
13188
13186
13185
13185
13185
13184
13183
13180
13180
13179
13179
13176
13177
13176
13174
13172
13173
13170
13169
13170
13168
13166
13166
13166
13165
13162
13163
13160
13159
13158
13157
13158
13155
13155
13154
13152
13152
13150
13150
13150
13147
13146
13145
13144
13143
13144
13142
13142
13139
13139
13138
13137
13137
13134
13133
13134
13132
13130
13131
13130
13128
13126
13127
13126
13125
13122
13121
13120
13120
13119
13117
13118
13115
13115
13115
13112
13112
13110
13110
13109
13109
13108
13105
13106
13103
13104
13103
13102
13101
13100
13098
13096
13097
13094
13093
13094
13093
13091
13089
13089
13088
13088
13085
13085
13083
13082
13083
13081
13079
13078
13077
13076
13076
13076
13075
13074
13072
13072
13070
13069
13068
13066
13066
13065
13065
13062
13062
13061
13061
13060
13059
13056
13056
13054
13055
13052
13051
13050
13051
13049
13048
13047
13046
13044
13043
13044
13043
13041
13040
13039
13039
13037
13037
13035
13033
13034
13033
13031
13029
13030
13028
13026
13027
13024
13023
13022
13022
13021
13019
13018
13019
13018
13016
13015
13013
13013
13012
13012
13009
13009
13009
13008
13007
13006
13005
13004
13002
13001
13000
12999
12997
12998
12996
12995
12993
12994
12993
12991
12989
12988
12989
12986
12987
12985
12985
12984
12981
12981
12979
12979
12979
12978
12976
12976
12975
12972
12972
12970
12971
12970
12969
12966
12967
12964
12965
12962
12961
12961
12961
12959
12959
12958
12956
12955
12954
12952
12953
12952
12951
12950
12947
12947
12947
12946
12943
12943
12941
12942
12941
12938
12939
12937
12936
12936
12935
12933
12931
12932
12931
12930
12928
12928
12927
12926
12923
12923
12921
12922
12920
12919
12919
12917
12917
12916
12915
12913
12912
12912
12910
12908
12909
12907
12907
12905
12903
12903
12903
12900
12900
12900
12897
12898
12896
12894
12895
12894
12892
12891
12891
12888
12889
12886
12887
12886
12883
12883
12882
12882
12880
12878
12877
12877
12876
12874
12875
12874
12873
12870
12869
12869
12869
12866
12866
12865
12865
12863
12862
12861
12859
12859
12859
12858
12857
12856
12855
12852
12851
12851
12851
12849
12848
12846
12845
12844
12844
12843
12843
12841
12840
12838
12837
12837
12836
12835
12835
12832
12831
12831
12831
12829
12827
12828
12826
12826
12824
12823
12823
12821
12821
12820
12817
12817
12816
12816
12814
12814
12812
12811
12810
12808
12808
12807
12806
12806
12804
12803
12801
12802
12801
12798
12799
12796
12797
12794
12794
12792
12792
12790
12791
12788
12788
12786
12787
12786
12783
12782
12783
12781
12781
12779
12778
12776
12775
12774
12774
12774
12773
12772
12769
12770
12767
12768
12765
12766
12765
12763
12761
12761
12761
12758
12759
12757
12755
12756
12754
12753
12751
12751
12749
12749
12747
12746
12747
12745
12743
12742
12742
12740
12739
12740
12739
12736
12736
12734
12735
12733
12733
12730
12731
12730
12727
12726
12726
12725
12723
12722
12721
12720
12721
12719
12719
12716
12716
12716
12714
12714
12713
12710
12711
12709
12707
12706
12706
12705
12703
12704
12701
12700
12701
12698
12697
12696
12695
12695
12695
12692
12693
12692
12691
12690
12688
12687
12687
12684
12684
12684
12683
12682
12681
12678
12677
12676
12675
12675
12675
12673
12671
12670
12670
12668
12669
12668
12666
12666
12664
12662
12662
12661
12659
12659
12658
12657
12655
12654
12654
12654
12653
12652
12650
12648
12647
12648
12646
12644
12643
12643
12642
12642
12641
12639
12639
12637
12635
12634
12634
12634
12632
12630
12630
12629
12629
12628
12627
12625
12623
12624
12621
12621
12620
12620
12619
12617
12616
12615
12615
12614
12613
12611
12610
12609
12609
12607
12605
12604
12604
12602
12601
12600
12600
12599
12598
12597
12596
12595
12595
12592
12591
12590
12591
12590
12587
12587
12586
12586
12585
12582
12582
12581
12580
12579
12578
12578
12577
12576
12573
12574
12573
12570
12571
12570
12567
12567
12565
12565
12563
12562
12563
12560
12560
12559
12559
12558
12557
12554
12554
12554
12552
12550
12550
12548
12548
12546
12547
12546
12543
12544
12542
12541
12540
12538
12537
12537
12537
12534
12533
12534
12532
12530
12529
12530
12528
12528
12527
12526
12523
12522
12522
12522
12519
12518
12517
12516
12515
12514
12515
12513
12512
12511
12511
12510
12509
12506
12506
12506
12504
12503
12503
12502
12501
12498
12499
12497
12495
12495
12494
12494
12493
12492
12490
12488
12487
12487
12485
12485
12483
12482
12481
12481
12480
12478
12477
12478
12475
12476
12475
12473
12471
12471
12470
12469
12468
12466
12467
12464
12465
12462
12463
12461
12459
12458
12459
12456
12455
12454
12453
12452
12452
12450
12451
12448
12449
12446
12447
12446
12445
12443
12443
12440
12440
12438
12438
12436
12437
12435
12433
12433
12433
12430
12429
12428
12429
12426
12426
12426
12423
12423
12421
12421
12419
12418
12417
12416
12415
12414
12413
12414
12411
12412
12411
12409
12408
12407
12406
12404
12405
12402
12402
12402
12399
12400
12397
12398
12397
12395
12395
12393
12392
12390
12389
12390
12387
12386
12385
12384
12384
12382
12381
12381
12380
12378
12377
12378
12377
12376
12375
12374
12373
12371
12371
12368
12369
12368
12365
12366
12365
12362
12361
12361
12360
12359
12358
12358
12356
12355
12353
12352
12353
12352
12351
12348
12349
12348
12347
12346
12345
12344
12342
12342
12341
12339
12337
12337
12336
12335
12333
12333
12333
12332
12329
12328
12327
12327
12325
12326
12323
12324
12322
12320
12320
12319
12318
12317
12316
12315
12313
12313
12311
12311
12309
12310
12307
12307
12306
12304
12303
12302
12302
12302
12301
12300
12297
12296
12296
12295
12293
12292
12291
12291
12289
12290
12287
12288
12285
12286
12283
12282
12282
12282
12281
12280
12279
12277
12276
12275
12274
12273
12272
12270
12270
12269
12267
12268
12267
12266
12263
12264
12261
12261
12261
12259
12257
12256
12255
12254
12255
12253
12252
12251
12250
12248
12247
12246
12246
12246
12245
12242
12242
12240
12240
12238
12239
12238
12235
12235
12235
12232
12232
12232
12231
12229
12227
12226
12226
12225
12223
12222
12221
12221
12220
12219
12219
12218
12217
12216
12215
12214
12213
12211
12209
12209
12209
12206
12206
12206
12205
12202
12201
12201
12199
12198
12199
12197
12195
12194
12193
12193
12191
12190
12189
12190
12189
12188
12185
12186
12184
12184
12183
12182
12180
12180
12177
12177
12175
12175
12174
12172
12171
12172
12170
12169
12169
12167
12167
12164
12164
12162
12162
12160
12160
12159
12157
12157
12157
12155
12154
12153
12152
12150
12149
12148
12149
12147
12147
12145
12143
12143
12142
12140
12140
12138
12138
12137
12136
12136
12135
12133
12131
12130
12131
12129
12127
12128
12127
12124
12124
12123
12122
12120
12120
12120
12117
12118
12116
12114
12113
12114
12113
12112
12110
12109
12109
12106
12107
12105
12105
12103
12101
12102
12099
12100
12098
12097
12097
12095
12094
12093
12092
12092
12090
12090
12089
12086
12087
12085
12084
12082
12082
12081
12081
12080
12079
12078
12075
12076
12073
12072
12071
12071
12069
12069
12067
12068
12067
12066
12065
12062
12062
12060
12060
12058
12057
12057
12056
12054
12053
12052
12051
12052
12050
12048
12049
12047
12045
12046
12044
12043
12041
12042
12041
12040
12038
12038
12036
12035
12035
12032
12033
12031
12029
12029
12027
12027
12025
12025
12025
12022
12022
12020
12019
12019
12017
12016
12015
12015
12014
12013
12013
12011
12009
12009
12007
12008
12006
12006
12004
12003
12001
12001
11999
12000
11999
11996
11995
11996
11995
11992
11992
11990
11989
11990
11989
11988
11985
11986
11983
11983
11981
11980
11979
11980
11978
11978
11977
11974
11975
11972
11973
11972
11971
11970
11968
11968
11965
11966
11963
11962
11963
11961
11960
11959
11958
11957
11955
11956
11953
11952
11951
11952
11950
11950
11949
11947
11946
11945
11944
11942
11943
11941
11941
11940
11938
11938
11937
11935
11934
11934
11933
11932
11929
11929
11927
11928
11927
11925
11925
11924
11922
11920
11921
11919
11919
11917
11917
11915
11913
11913
11912
11910
11911
11910
11909
11906
11906
11905
11903
11902
11901
11902
11899
11899
11898
11896
11897
11894
11894
11893
11892
11891
11891
11888
11889
11888
11885
11886
11883
11883
11881
11880
11881
11878
11879
11878
11876
11875
11874
11874
11873
11872
11869
11868
11869
11867
11866
11865
11865
11863
11861
11861
11861
11860
11859
11858
11857
11856
11854
11853
11852
11852
11850
11848
11849
11847
11845
11845
11845
11844
11842
11842
11841
11839
11839
11837
11835
11835
11833
11834
11833
11831
11830
11830
11828
11827
11827
11825
11824
11822
11823
11820
11819
11818
11817
11818
11817
11815
11813
11813
11811
11812
11811
11808
11807
11807
11807
11805
11803
11803
11802
11800
11799
11798
11797
11798
11797
11796
11794
11792
11791
11790
11790
11788
11789
11788
11787
11785
11784
11783
11782
11780
11780
11778
11777
11778
11777
11774
11774
11772
11773
11770
11770
11768
11768
11768
11767
11764
11764
11762
11763
11762
11761
11758
11759
11758
11755
11754
11754
11754
11753
11752
11751
11748
11747
11746
11745
11744
11744
11743
11742
11742
11739
11740
11739
11737
11736
11736
11733
11733
11732
11732
11729
11728
11727
11726
11725
11725
11723
11723
11722
11720
11721
11719
11718
11718
11717
11715
11713
11713
11712
11711
11709
11710
11709
11706
11705
11705
11703
11703
11703
11701
11700
11700
11699
11698
11696
11696
11694
11694
11691
11690
11689
11690
11689
11687
11685
11685
11683
11682
11683
11682
11679
11679
11679
11678
11676
11675
11674
11673
11673
11671
11669
11669
11668
11668
11666
11666
11665
11664
11663
11661
11659
11660
11658
11658
11656
11655
11654
11654
11651
11650
11649
11649
11649
11646
11646
11645
11644
11644
11641
11641
11639
11640
11637
11636
11636
11635
11635
11634
11632
11632
11629
11629
11629
11627
11625
11625
11624
11623
11623
11621
11621
11618
11617
11616
11615
11615
11615
11614
11611
11612
11610
11610
11608
11607
11607
11605
11603
11604
11601
11601
11601
11599
11597
11598
11597
11594
11594
11593
11593
11591
11589
11590
11588
11586
11585
11586
11584
11584
11582
11580
11581
11578
11579
11577
11576
11575
11573
11573
11571
11571
11569
11568
11569
11566
11565
11564
11564
11564
11562
11561
11559
11558
11559
11558
11555
11556
11554
11552
11553
11551
11549
11550
11548
11548
11545
11545
11543
11544
11543
11541
11539
11539
11539
11536
11536
11536
11534
11533
11532
11530
11531
11530
11527
11527
11526
11526
11525
11524
11523
11521
11519
11518
11517
11518
11515
11515
11514
11513
11511
11510
11511
11509
11509
11507
11507
11506
11504
11502
11501
11500
11499
11500
11499
11498
11497
11494
11494
11493
11491
11490
11489
11489
11488
11487
11486
11485
11485
11484
11483
11481
11480
11479
11479
11476
11476
11476
11475
11472
11473
11472
11470
11468
11467
11466
11467
11464
11464
11462
11463
11462
11460
11460
11457
11456
11455
11456
11454
11452
11453
11450
11450
11448
11447
11447
11446
11446
11443
11443
11443
11440
11441
11438
11439
11438
11436
11435
11433
11432
11431
11432
11431
11430
11429
11426
11425
11426
11423
11423
11421
11420
11419
11420
11417
11417
11415
11416
11413
11414
11412
11412
11411
11408
11407
11407
11405
11406
11404
11402
11403
11402
11399
11400
11398
11398
11397
11395
11395
11393
11392
11392
11390
11390
11389
11388
11385
11384
11385
11383
11383
11381
11379
11380
11378
11377
11377
11376
11373
11372
11371
11370
11371
11368
11369
11367
11365
11364
11364
11362
11363
11360
11359
11358
11359
11356
11355
11354
11354
11354
11352
11351
11349
11350
11347
11348
11346
11346
11344
11344
11341
11341
11339
11338
11339
11336
11337
11336
11334
11333
11331
11330
11330
11329
11327
11327
11327
11325
11324
11322
11322
11320
11320
11318
11317
11318
11317
11316
11315
11313
11313
11310
11309
11308
11309
11306
11305
11305
11303
11304
11303
11301
11301
11299
11297
11297
11297
11296
11293
11292
11293
11292
11290
11289
11289
11287
11285
11286
11284
11282
11282
11281
11280
11280
11278
11276
11277
11276
11275
11273
11273
11272
11269
11268
11267
11267
11266
11266
11263
11264
11261
11260
11260
11259
11259
11258
11255
11256
11255
11254
11251
11250
11249
11250
11247
11248
11245
11245
11243
11242
11243
11242
11239
11238
11239
11236
11236
11235
11233
11234
11231
11230
11229
11228
11229
11228
11227
11224
11225
11223
11221
11220
11221
11219
11219
11218
11217
11214
11214
11214
11212
11210
11210
11209
11208
11208
11206
11206
11203
11204
11203
11201
11199
11200
11199
11198
11197
11196
11194
11194
11192
11192
11191
11188
11188
11186
11185
11184
11183
11184
11181
11182
11179
11178
11178
11176
11177
11175
11175
11174
11171
11170
11170
11169
11167
11166
11166
11164
11163
11164
11163
11161
11160
11159
11159
11156
11156
11154
11154
11152
11151
11152
11149
11149
11149
11147
11146
11145
11143
11144
11142
11141
11141
11138
11139
11138
11136
11135
11133
11134
11132
11132
11129
11128
11129
11127
11125
11125
11125
11124
11123
11122
11120
11120
11118
11117
11117
11115
11113
11114
11112
11111
11110
11108
11109
11107
11105
11105
11103
11104
11102
11101
11100
11100
11098
11097
11095
11094
11093
11094
11093
11092
11091
11089
11087
11088
11085
11086
11083
11082
11083
11081
11080
11079
11079
11078
11077
11074
11074
11072
11073
11072
11070
11070
11069
11067
11065
11064
11064
11063
11061
11061
11060
11059
11057
11057
11055
11054
11054
11053
11052
11051
11049
11048
11047
11046
11047
11044
11043
11042
11042
11041
11039
11038
11038
11036
11037
11035
11034
11033
11031
11032
11031
11030
11027
11026
11026
11025
11024
11024
11021
11022
11019
11018
11017
11018
11015
11014
11013
11014
11011
11011
11010
11009
11008
11008
11007
11005
11003
11002
11003
11001
11001
11000
10997
10997
10997
10995
10995
10993
10992
10991
10990
10988
10988
10988
10987
10984
10985
10984
10983
10980
10979
10978
10979
10976
10977
10975
10974
10972
10973
10972
10969
10968
10968
10967
10967
10966
10964
10964
10961
10962
10959
10960
10957
10958
10956
10956
10955
10953
10953
10952
10950
10949
10947
10948
10946
10944
10943
10942
10941
10941
10941
10939
10938
10937
10935
10934
10934
10933
10931
10931
10930
10929
10928
10928
10925
10924
10925
10922
10922
10920
10921
10919
10918
10916
10915
10914
10913
10912
10912
10911
10911
10909
10907
10907
10905
10905
10905
10903
10903
10900
10899
10899
10898
10896
10896
10895
10893
10894
10893
10892
10891
10890
10887
10887
10887
10885
10885
10884
10883
10880
10879
10880
10878
10877
10875
10876
10875
10872
10872
10872
10870
10870
10868
10868
10865
10864
10864
10862
10863
10860
10859
10860
10859
10857
10855
10856
10855
10854
10852
10852
10850
10850
10848
10846
10846
10846
10843
10842
10841
10842
10839
10839
10839
10838
10835
10836
10835
10833
10831
10830
10831
10828
10829
10828
10827
10825
10824
10823
10822
10820
10819
10820
10817
10818
10815
10815
10813
10813
10812
10810
10809
10810
10809
10806
10806
10804
10805
10804
10801
10800
10801
10800
10798
10797
10795
10794
10795
10793
10793
10791
10791
10789
10787
10788
10786
10785
10784
10783
10783
10782
10779
10778
10779
10776
10776
10775
10773
10773
10771
10770
10771
10770
10768
10766
10767
10766
10764
10763
10761
10761
10759
10758
10759
10758
10755
10756
10753
10753
10751
10751
10750
10748
10749
10747
10745
10744
10743
10744
10742
10741
10739
10738
10738
10737
10736
10734
10733
10734
10733
10732
10730
10728
10727
10727
10727
10725
10723
10722
10723
10722
10720
10719
10717
10716
10715
10715
10714
10713
10712
10710
10711
10709
10708
10707
10706
10704
10705
10704
10702
10701
10700
10698
10699
10698
10696
10696
10694
10692
10691
10691
10691
10690
10687
10688
10685
10685
10684
10683
10683
10682
10680
10680
10678
10676
10676
10674
10675
10672
10673
10670
10671
10670
10667
10667
10666
10665
10663
10662
10663
10661
10660
10660
10657
10657
10657
10654
10653
10653
10652
10650
10650
10649
10647
10646
10647
10646
10643
10643
10643
10640
10640
10640
10639
10637
10635
10635
10634
10634
10632
10630
10629
10628
10628
10628
10627
10624
10625
10622
10623
10621
10620
10619
10617
10618
10616
10616
10614
10614
10612
10611
10609
10608
10607
10608
10607
10605
10604
10603
10602
10600
10601
10598
10597
10596
10597
10595
10594
10593
10592
10591
10589
10588
10589
10586
10587
10586
10584
10583
10582
10580
10581
10580
10577
10576
10575
10574
10573
10574
10572
10571
10571
10569
10569
10567
10567
10565
10565
10563
10562
10560
10561
10559
10559
10558
10555
10555
10554
10554
10552
10551
10551
10549
10547
10546
10545
10545
10544
10542
10541
10542
10540
10538
10538
10537
10536
10535
10533
10532
10531
10531
10530
10528
10528
10526
10527
10526
10523
10523
10522
10522
10521
10519
10517
10516
10516
10514
10515
10514
10511
10512
10509
10508
10507
10507
10507
10505
10503
10504
10503
10501
10501
10500
10498
10497
10497
10495
10493
10492
10493
10492
10491
10490
10488
10486
10487
10486
10484
10483
10481
10480
10480
10478
10477
10477
10477
10474
10474
10473
10473
10471
10471
10470
10467
10467
10465
10465
10465
10463
10462
10462
10459
10459
10458
10457
10457
10454
10455
10452
10453
10452
10449
10449
10447
10447
10445
10446
10444
10444
10442
10442
10440
10439
10438
10437
10435
10434
10435
10434
10432
10431
10431
10428
10427
10426
10427
10426
10423
10423
10421
10420
10420
10420
10419
10417
10415
10414
10415
10414
10411
10410
10410
10409
10409
10406
10406
10406
10403
10402
10403
10400
10401
10400
10397
10396
10397
10396
10393
10393
10392
10391
10391
10390
10387
10388
10387
10384
10383
10383
10381
10380
10381
10380
10379
10376
10375
10374
10373
10373
10372
10370
10370
10370
10369
10367
10367
10364
10364
10362
10362
10360
10360
10359
10357
10358
10355
10356
10353
10352
10352
10351
10351
10350
10347
10347
10347
10345
10345
10344
10342
10341
10339
10340
10337
10336
10337
10334
10334
10332
10332
10330
10330
10330
10328
10327
10327
10326
10325
10324
10321
10320
10320
10320
10319
10316
10316
10316
10314
10313
10313
10312
10309
10310
10307
10307
10305
10306
10304
10303
10301
10302
10300
10299
10299
10297
10295
10295
10293
10294
10293
10291
10290
10288
10289
10287
10285
10285
10284
10284
10281
10280
10281
10279
10277
10278
10277
10275
10275
10274
10271
10272
10271
10270
10268
10268
10265
10266
10264
10263
10263
10260
10259
10259
10258
10258
10256
10256
10254
10254
10253
10252
10249
10250
10247
10246
10247
10244
10244
10242
10243
10240
10241
10238
10239
10238
10237
10234
10234
10233
10233
10231
10229
10230
10228
10228
10225
10226
10224
10224
10223
10221
10220
10220
10218
10218
10215
10214
10215
10212
10211
10210
10209
10209
10207
10206
10205
10204
10204
10204
10203
10200
10200
10200
10197
10198
10196
10194
10195
10193
10193
10191
10191
10189
10188
10187
10185
10186
10185
10183
10181
10181
10181
10178
10179
10176
10175
10174
10173
10173
10173
10170
10171
10169
10167
10168
10166
10166
10164
10163
10162
10161
10160
10159
10157
10158
10157
10154
10155
10154
10153
10152
10149
10149
10149
10148
10146
10144
10143
10144
10142
10142
10139
10138
10137
10137
10136
10136
10134
10134
10133
10130
10129
10128
10129
10126
10127
10126
10125
10122
10122
10121
10121
10120
10117
10116
10117
10116
10113
10114
10113
10112
10111
10108
10107
10106
10106
10105
10103
10102
10101
10102
10100
10099
10097
10097
10097
10094
10093
10093
10091
10092
10089
10088
10088
10087
10085
10084
10083
10082
10083
10080
10079
10079
10077
10077
10076
10076
10075
10074
10071
10070
10071
10069
10069
10068
10067
10065
10064
10064
10062
10061
10061
10059
10058
10056
10055
10056
10053
10053
10052
10050
10051
10049
10049
10046
10047
10046
10043
10042
10043
10040
10040
10040
10039
10037
10037
10034
10035
10032
10033
10030
10029
10030
10029
10027
10025
10024
10025
10024
10023
10020
10021
10020
10018
10016
10017
10016
10015
10012
10011
10012
10010
10009
10009
10007
10007
10006
10004
10004
10001
10001
10000
9999
9998
9997
9995
9996
9995
9992
9993
9992
9989
9989
9988
9988
9987
9985
9985
9984
9983
9980
9981
9979
9978
9977
9977
9975
9974
9973
9973
9970
9970
9968
9968
9968
9967
9966
9965
9963
9963
9961
9960
9960
9958
9956
9955
9955
9953
9952
9952
9952
9950
9948
9948
9946
9946
9945
9945
9942
9941
9942
9939
9939
9939
9938
9937
9936
9935
9934
9932
9931
9930
9928
9929
9926
9926
9924
9924
9923
9921
9922
9920
9919
9917
9918
9917
9916
9914
9914
9911
9912
9910
9909
9908
9907
9905
9904
9903
9904
9901
9902
9901
9900
9897
9897
9895
9896
9894
9894
9892
9892
9889
9890
9888
9886
9887
9885
9883
9884
9881
9880
9881
9880
9879
9876
9876
9874
9875
9873
9871
9870
9871
9870
9867
9866
9866
9864
9865
9862
9863
9861
9859
9860
9858
9857
9856
9854
9853
9853
9851
9850
9849
9850
9847
9846
9846
9845
9843
9842
9841
9842
9840
9840
9839
9837
9837
9835
9835
9834
9832
9832
9829
9830
9827
9827
9825
9825
9823
9823
9821
9820
9821
9818
9818
9818
9816
9816
9814
9814
9811
9812
9811
9809
9809
9806
9805
9804
9804
9802
9803
9800
9801
9799
9798
9798
9795
9795
9794
9792
9792
9792
9791
9788
9787
9786
9785
9786
9783
9783
9781
9780
9780
9780
9779
9777
9777
9774
9774
9773
9771
9771
9769
9770
9769
9767
9765
9764
9763
9763
9762
9761
9759
9758
9759
9758
9756
9754
9754
9753
9753
9751
9751
9749
9749
9748
9745
9746
9745
9743
9743
9740
9739
9738
9737
9736
9736
9734
9734
9734
9733
9732
9731
9729
9728
9728
9725
9724
9725
9723
9723
9722
9720
9720
9717
9717
9717
9715
9714
9714
9711
9710
9709
9709
9708
9706
9707
9704
9704
9702
9701
9701
9699
9700
9699
9698
9697
9696
9693
9693
9693
9690
9690
9689
9687
9686
9685
9686
9684
9683
9683
9682
9679
9680
9677
9677
9675
9674
9675
9674
9671
9670
9669
9669
9667
9666
9667
9666
9663
9662
9662
9660
9659
9660
9658
9657
9657
9655
9654
9653
9652
9651
9650
9649
9647
9648
9645
9645
9645
9644
9641
9640
9639
9638
9639
9636
9636
9635
9633
9632
9632
9631
9629
9630
9628
9628
9626
9625
9624
9622
9621
9622
9620
9619
9618
9618
9615
9616
9614
9612
9613
9611
9609
9609
9609
9607
9606
9606
9605
9604
9603
9602
9600
9600
9599
9596
9597
9595
9595
9593
9592
9592
9590
9588
9589
9587
9585
9584
9584
9583
9582
9580
9581
9580
9579
9576
9575
9576
9575
9573
9573
9571
9570
9568
9567
9566
9566
9565
9565
9563
9563
9561
9560
9559
9559
9557
9557
9556
9555
9552
9552
9551
9551
9549
9547
9547
9546
9546
9543
9542
9541
9542
9541
9540
9538
9537
9537
9534
9535
9533
9532
9532
9530
9528
9527
9526
9527
9524
9523
9523
9522
9521
9519
9518
9518
9516
9515
9516
9513
9512
9512
9511
9510
9509
9507
9508
9507
9504
9505
9504
9503
9501
9500
9498
9499
9496
9496
9495
9493
9494
9491
9492
9490
9488
9487
9488
9487
9484
9485
9484
9482
9481
9480
9480
9479
9477
9477
9474
9475
9474
9473
9470
9470
9470
9468
9467
9467
9464
9465
9462
9461
9461
9461
9459
9458
9456
9456
9454
9453
9453
9452
9450
9449
9450
9447
9448
9446
9444
9443
9444
9441
9440
9441
9440
9439
9436
9435
9436
9434
9434
9433
9431
9429
9430
9427
9426
9425
9426
9424
9423
9422
9422
9420
9419
9419
9418
9416
9415
9413
9414
9412
9410
9411
9408
9407
9408
9406
9404
9405
9402
9402
9401
9401
9400
9397
9398
9397
9395
9395
9393
9391
9390
9390
9390
9388
9387
9387
9384
9383
9384
9383
9381
9380
9380
9378
9377
9377
9374
9375
9373
9372
9371
9369
9369
9367
9366
9365
9365
9363
9363
9361
9360
9360
9359
9357
9356
9357
9354
9354
9354
9351
9351
9349
9349
9347
9348
9346
9344
9343
9343
9342
9342
9341
9339
9337
9336
9337
9336
9334
9334
9331
9331
9329
9329
9327
9327
9327
9324
9325
9322
9321
9322
9321
9319
9319
9318
9316
9314
9315
9314
9313
9311
9310
9309
9309
9306
9306
9304
9305
9303
9303
9302
9301
9299
9297
9296
9295
9295
9294
9292
9292
9292
9291
9289
9288
9288
9286
9284
9285
9284
9283
9282
9279
9280
9277
9277
9277
9274
9274
9274
9273
9271
9270
9270
9267
9267
9266
9265
9265
9264
9262
9262
9261
9260
9258
9256
9256
9254
9254
9254
9253
9251
9250
9249
9248
9246
9245
9245
9244
9244
9241
9240
9240
9240
9237
9238
9237
9235
9234
9234
9232
9230
9231
9228
9229
9226
9227
9224
9225
9223
9223
9222
9219
9220
9217
9216
9217
9215
9215
9213
9211
9210
9210
9208
9207
9207
9207
9206
9203
9203
9203
9202
9200
9199
9197
9196
9195
9194
9195
9194
9192
9192
9190
9190
9188
9186
9187
9185
9185
9184
9183
9181
9179
9179
9178
9176
9176
9175
9174
9174
9173
9170
9170
9169
9169
9167
9167
9166
9165
9163
9163
9161
9161
9160
9158
9156
9155
9154
9153
9154
9151
9152
9149
9148
9148
9148
9147
9144
9143
9142
9143
9140
9140
9138
9139
9136
9135
9136
9134
9134
9133
9131
9130
9129
9127
9128
9127
9124
9123
9124
9122
9121
9119
9120
9119
9118
9117
9116
9115
9114
9113
9111
9109
9109
9109
9108
9107
9106
9103
9103
9101
9102
9101
9099
9097
9097
9096
9094
9095
9094
9091
9090
9090
9089
9087
9088
9085
9084
9084
9084
9083
9082
9080
9078
9077
9076
9075
9076
9074
9072
9072
9071
9069
9070
9067
9066
9066
9065
9065
9062
9062
9062
9061
9058
9058
9056
9057
9055
9053
9053
9052
9050
9049
9050
9048
9047
9045
9044
9044
9043
9042
9040
9041
9040
9037
9038
9035
9035
9034
9034
9033
9030
9031
9029
9028
9026
9027
9025
9024
9022
9023
9022
9020
9018
9019
9018
9017
9014
9013
9012
9013
9012
9010
9010
9008
9007
9007
9005
9005
9003
9003
9000
9001
8999
8998
8996
8997
8996
8995
8993
8993
8991
8991
8989
8989
8988
8987
8985
8983
8984
8981
8980
8980
8980
8979
8976
8976
8975
8975
8973
8971
8972
8970
8970
8967
8967
8965
8964
8964
8964
8961
8961
8961
8960
8957
8957
8956
8954
8954
8952
8951
8952
8949
8948
8948
8948
8945
8944
8944
8942
8943
8942
8941
8939
8939
8937
8937
8934
8934
8932
8931
8931
8929
8930
8928
8926
8927
8925
8924
8923
8922
8921
8919
8919
8918
8917
8916
8914
8915
8914
8911
8912
8911
8909
8907
8906
8907
8905
8904
8902
8903
8901
8899
8900
8899
8897
8895
8895
8893
8894
8893
8891
8890
8888
8887
8886
8887
8885
8883
8884
8883
8882
8880
8879
8877
8876
8877
8876
8874
8872
8871
8871
8869
8869
8869
8868
8866
8866
8864
8863
8863
8860
8860
8859
8857
8857
8856
8854
8853
8852
8851
8850
8849
8849
8849
8846
8847
8846
8843
8843
8841
8841
8839
8838
8837
8836
8837
8835
8835
8832
8831
8832
8830
8829
8827
8828
8826
8824
8823
8824
8822
8820
8821
8819
8819
8817
8817
8814
8814
8812
8812
8812
8811
8810
8809
8808
8807
8804
8804
8802
8801
8800
8801
8798
8799
8797
8797
8794
8795
8794
8793
8790
8789
8790
8789
8787
8786
8786
8784
8784
8783
8780
8781
8779
8777
8778
8777
8774
8775
8773
8771
8770
8770
8769
8767
8768
8767
8764
8765
8764
8761
8762
8759
8760
8759
8758
8755
8754
8755
8754
8752
8752
8751
8748
8748
8746
8745
8744
8745
8744
8741
8742
8739
8740
8738
8737
8736
8734
8734
8733
8731
8730
8730
8728
8729
8726
8727
8724
8725
8723
8721
8721
8719
8718
8718
8716
8716
8714
8713
8712
8713
8711
8709
8708
8708
8708
8707
8704
8703
8703
8703
8701
8700
8698
8698
8697
8697
8696
8695
8694
8692
8692
8689
8688
8687
8688
8685
8686
8685
8683
8681
8680
8679
8678
8677
8678
8675
8674
8675
8673
8671
8672
8669
8669
8667
8667
8666
8664
8663
8662
8663
8660
8660
8658
8657
8657
8655
8654
8653
8652
8652
8651
8649
8649
8648
8648
8646
8646
8643
8643
8642
8640
8640
8639
8637
8638
8635
8635
8633
8634
8633
8630
8631
8628
8628
8628
8626
8626
8623
8624
8623
8621
8620
8619
8618
8616
8616
8616
8613
8613
8612
8612
8609
8610
8607
8606
8607
8604
8605
8602
8603
8601
8599
8600
8599
8597
8596
8595
8594
8593
8593
8592
8590
8588
8587
8588
8586
8586
8585
8583
8581
8581
8580
8579
8578
8577
8576
8574
8573
8572
8571
8570
8569
8570
8567
8568
8566
8566
8564
8562
8563
8560
8561
8558
8559
8556
8555
8554
8555
8554
8551
8552
8550
8549
8549
8546
8546
8544
8543
8544
8543
8542
8541
8540
8538
8536
8537
8536
8533
8532
8531
8532
8531
8530
8527
8527
8527
8524
8525
8524
8521
8520
8521
8520
8517
8517
8517
8515
8515
8512
8511
8511
8511
8508
8508
8507
8506
8504
8505
8503
8502
8500
8500
8499
8498
8497
8497
8494
8495
8494
8492
8492
8489
8488
8488
8487
8487
8484
8485
8484
8483
8480
8481
8480
8477
8476
8476
8476
8475
8473
8471
8471
8471
8470
8469
8466
8466
8466
8465
8462
8462
8460
8459
8460
8457
8458
8455
8454
8454
8452
8451
8450
8449
8450
8449
8448
8446
8445
8444
8442
8441
8440
8440
8438
8439
8437
8435
8435
8433
8434
8433
8431
8431
8430
8429
8426
8425
8426
8424
8423
8421
8422
8420
8419
8419
8416
8415
8415
8413
8414
8413
8410
8411
8409
8407
8408
8407
8405
8404
8404
8402
8401
8401
8399
8398
8397
8396
8395
8393
8392
8393
8391
8389
8389
8387
8388
8387
8385
8385
8382
8381
8381
8379
8378
8377
8378
8376
8374
8373
8374
8371
8371
8369
8368
8367
8366
8366
8366
8364
8364
8361
8362
8360
8358
8357
8358
8355
8354
8353
8354
8351
8351
8351
8350
8349
8346
8346
8344
8343
8344
8342
8341
8340
8340
8338
8338
8337
8336
8334
8334
8331
8332
8331
8329
8329
8328
8325
8324
8324
8323
8322
8321
8319
8319
8317
8316
8316
8316
8314
8314
8312
8310
8310
8308
8307
8306
8307
8304
8304
8303
8301
8301
8299
8300
8297
8296
8297
8294
8294
8292
8293
8290
8291
8288
8288
8287
8285
8284
8283
8284
8281
8282
8279
8280
8277
8277
8277
8276
8275
8273
8272
8270
8271
8270
8269
8268
8265
8265
8263
8264
8263
8260
8259
8260
8257
8258
8256
8255
8253
8253
8251
8250
8250
8249
8247
8247
8245
8244
8244
8242
8243
8240
8239
8239
8239
8238
8236
8234
8235
8234
8231
8232
8231
8229
8228
8228
8225
8226
8224
8222
8223
8220
8220
8218
8218
8217
8217
8214
8215
8213
8211
8211
8211
8209
8207
8207
8205
8206
8203
8202
8203
8200
8199
8199
8198
8198
8197
8196
8193
8192
8191
8192
8190
8189
8187
8186
8186
8184
8184
8183
8183
8181
8179
8179
8179
8176
8175
8174
8173
8172
8173
8170
8170
8170
8169
8166
8167
8166
8163
8164
8162
8161
8161
8160
8157
8156
8155
8155
8153
8153
8151
8152
8151
8148
8148
8148
8146
8144
8144
8144
8142
8140
8139
8138
8139
8138
8136
8135
8135
8134
8133
8130
8130
8129
8127
8128
8126
8125
8124
8124
8123
8122
8121
8118
8119
8118
8117
8115
8115
8112
8111
8110
8110
8108
8108
8107
8106
8104
8104
8102
8101
8100
8100
8100
8098
8098
8097
8095
8093
8092
8092
8091
8091
8088
8088
8086
8087
8085
8084
8084
8081
8080
8079
8079
8078
8077
8075
8076
8075
8073
8071
8070
8070
8070
8067
8066
8067
8066
8065
8064
8061
8060
8060
8058
8059
8058
8056
8056
8054
8054
8053
8052
8051
8050
8047
8047
8046
8045
8044
8043
8043
8042
8041
8039
8038
8038
8037
8035
8035
8034
8033
8032
8029
8028
8027
8028
8025
8025
8025
8024
8022
8021
8021
8019
8018
8018
8015
8014
8014
8014
8012
8011
8010
8009
8007
8006
8005
8004
8005
8002
8003
8001
8001
8000
7998
7996
7997
7996
7995
7994
7993
7990
7990
7989
7987
7986
7987
7984
7984
7982
7983
7982
7980
7979
7977
7978
7975
7975
7975
7974
7972
7972
7970
7969
7969
7968
7966
7966
7963
7963
7963
7962
7961
7959
7959
7958
7956
7955
7954
7954
7953
7951
7951
7948
7948
7946
7946
7945
7945
7942
7942
7940
7939
7940
7939
7936
7937
7935
7933
7932
7931
7930
7929
7929
7928
7926
7926
7924
7924
7924
7921
7920
7921
7919
7918
7916
7917
7916
7915
7914
7912
7910
7909
7909
7907
7908
7906
7906
7905
7904
7901
7900
7901
7899
7898
7897
7896
7895
7895
7892
7891
7890
7890
7888
7888
7888
7886
7885
7883
7882
7882
7881
7879
7879
7877
7877
7877
7876
7874
7873
7873
7872
7871
7870
7868
7868
7866
7864
7863
7862
7861
7861
7860
7860
7859
7857
7856
7854
7853
7854
7852
7851
7850
7850
7849
7848
7847
7845
7845
7843
7841
7841
7839
7838
7837
7838
7837
7836
7835
7834
7833
7830
7829
7830
7829
7826
7825
7825
7824
7822
7823
7820
7820
7818
7817
7816
7817
7816
7813
7813
7811
7810
7809
7809
7807
7807
7805
7804
7804
7802
7803
7801
7799
7799
7798
7796
7796
7795
7793
7792
7792
7792
7790
7788
7787
7786
7787
7784
7785
7784
7783
7781
7781
7778
7777
7777
7775
7775
7774
7773
7773
7772
7769
7769
7768
7768
7766
7764
7764
7764
7763
7761
7760
7758
7758
7758
7755
7754
7753
7753
7751
7752
7751
7749
7748
7748
7745
7745
7744
7744
7741
7741
7740
7738
7739
7736
7735
7735
7734
7734
7732
7731
7729
7728
7728
7728
7725
7724
7724
7722
7722
7721
7720
7719
7717
7718
7716
7714
7714
7713
7711
7711
7711
7710
7708
7708
7705
7706
7704
7704
7703
7700
7699
7698
7698
7698
7697
7696
7695
7692
7692
7691
7689
7690
7689
7686
7687
7685
7684
7682
7681
7681
7680
7678
7678
7676
7677
7675
7673
7673
7672
7672
7671
7670
7669
7667
7667
7664
7664
7663
7661
7662
7660
7658
7658
7656
7657
7655
7655
7652
7653
7652
7651
7648
7649
7646
7646
7646
7643
7644
7643
7642
7639
7640
7639
7638
7635
7635
7633
7633
7631
7631
7631
7629
7629
7626
7625
7625
7623
7622
7623
7622
7619
7620
7617
7616
7616
7616
7614
7614
7613
7610
7610
7610
7609
7606
7605
7604
7605
7602
7603
7601
7601
7599
7599
7598
7595
7594
7594
7592
7592
7592
7591
7590
7589
7586
7587
7584
7583
7582
7583
7580
7579
7580
7577
7576
7577
7574
7573
7572
7573
7570
7570
7569
7568
7567
7566
7565
7565
7563
7563
7560
7559
7560
7559
7556
7555
7556
7554
7554
7551
7551
7551
7549
7548
7546
7545
7546
7544
7542
7543
7541
7540
7538
7539
7537
7536
7536
7535
7533
7531
7532
7531
7529
7529
7527
7526
7524
7525
7522
7523
7522
7519
7519
7518
7517
7515
7515
7513
7514
7511
7512
7509
7509
7507
7506
7507
7504
7505
7502
7502
7502
7499
7499
7497
7496
7495
7494
7493
7494
7491
7490
7491
7488
7489
7487
7485
7486
7483
7483
7482
7481
7480
7480
7477
7478
7475
7474
7475
7474
7472
7472
7471
7469
7467
7466
7466
7464
7463
7462
7462
7462
7459
7458
7457
7458
7457
7454
7453
7453
7453
7451
7451
7449
7448
7446
7445
7446
7444
7443
7442
7440
7439
7439
7437
7437
7437
7435
7435
7432
7433
7430
7431
7430
7428
7427
7425
7424
7424
7422
7422
7421
7421
7420
7417
7417
7417
7415
7413
7413
7411
7412
7411
7409
7408
7408
7407
7404
7404
7403
7403
7401
7401
7400
7398
7397
7395
7395
7395
7392
7393
7392
7390
7390
7388
7386
7386
7384
7385
7384
7381
7382
7381
7378
7377
7376
7375
7376
7375
7373
7372
7372
7369
7368
7368
7366
7367
7364
7365
7364
7361
7362
7360
7360
7359
7356
7357
7354
7354
7353
7351
7351
7349
7348
7349
7347
7346
7346
7344
7343
7343
7340
7339
7338
7338
7337
7335
7336
7334
7333
7332
7332
7330
7328
7329
7326
7325
7326
7324
7324
7322
7320
7321
7320
7317
7317
7317
7316
7314
7312
7311
7310
7310
7309
7307
7307
7306
7306
7303
7304
7301
7302
7299
7299
7299
7296
7297
7294
7295
7293
7293
7290
7290
7290
7288
7288
7286
7284
7285
7284
7282
7280
7279
7278
7278
7277
7277
7274
7274
7274
7272
7271
7270
7269
7267
7267
7266
7264
7264
7262
7263
7261
7261
7259
7258
7257
7255
7254
7254
7252
7253
7250
7250
7248
7248
7246
7246
7244
7244
7242
7243
7242
7241
7239
7238
7237
7237
7236
7234
7233
7231
7231
7230
7230
7227
7228
7225
7225
7225
7224
7223
7222
7219
7219
7217
7217
7217
7215
7213
7213
7213
7212
7210
7208
7209
7208
7206
7205
7205
7202
7202
7202
7199
7200
7197
7196
7197
7195
7195
7194
7192
7190
7191
7190
7188
7188
7186
7185
7184
7183
7183
7181
7181
7179
7178
7177
7176
7174
7173
7172
7171
7171
7169
7169
7168
7167
7167
7164
7165
7164
7161
7160
7161
7160
7157
7157
7156
7156
7153
7152
7152
7150
7151
7148
7149
7147
7147
7144
7144
7142
7143
7142
7141
7140
7138
7137
7135
7134
7135
7132
7131
7130
7130
7128
7127
7128
7127
7124
7125
7122
7121
7121
7119
7118
7118
7116
7116
7116
7115
7112
7113
7111
7111
7109
7108
7107
7105
7106
7103
7102
7103
7100
7100
7099
7099
7097
7096
7095
7094
7092
7093
7092
7091
7090
7087
7088
7085
7085
7084
7082
7082
7080
7080
7080
7079
7078
7075
7075
7074
7072
7073
7070
7071
7068
7067
7067
7067
7065
7063
7063
7063
7062
7060
7060
7059
7058
7056
7054
7053
7054
7051
7050
7049
7049
7047
7046
7046
7044
7044
7042
7043
7040
7041
7040
7038
7038
7035
7035
7033
7033
7033
7030
7030
7028
7029
7027
7027
7024
7025
7023
7021
7020
7021
7018
7017
7018
7016
7015
7013
7012
7013
7010
7010
7010
7009
7008
7006
7004
7003
7004
7002
7000
7001
6998
6999
6998
6997
6996
6993
6993
6991
6991
6990
6988
6989
6987
6985
6985
6984
6983
6983
6981
6980
6978
6977
6977
6975
6975
6974
6974
6972
6971
6971
6968
6969
6967
6965
6965
6964
6963
6961
6962
6959
6958
6958
6956
6957
6955
6955
6952
6951
6952
6951
6950
6949
6948
6946
6944
6944
6942
6943
6942
6941
6938
6938
6938
6936
6935
6933
6932
6931
6932
6930
6929
6929
6926
6927
6925
6924
6924
6921
6922
6920
6920
6919
6917
6915
6915
6914
6914
6913
6912
6911
6908
6909
6907
6907
6905
6903
6902
6901
6901
6901
6900
6899
6898
6897
6896
6894
6892
6892
6891
6889
6890
6888
6886
6885
6885
6885
6882
6882
6880
6881
6879
6877
6877
6877
6876
6873
6874
6871
6870
6870
6869
6869
6868
6865
6865
6864
6864
6861
6860
6859
6859
6857
6858
6855
6855
6854
6854
6852
6852
6851
6848
6847
6846
6847
6844
6843
6842
6842
6841
6840
6840
6837
6837
6836
6834
6833
6833
6831
6831
6830
6829
6827
6827
6826
6824
6823
6822
6822
6821
6819
6819
6819
6818
6817
6816
6813
6814
6811
6811
6810
6810
6809
6807
6805
6805
6803
6803
6803
6800
6801
6799
6799
6797
6796
6795
6794
6793
6793
6790
6790
6788
6787
6787
6787
6784
6785
6782
6783
6782
6781
6780
6779
6777
6775
6776
6774
6772
6772
6770
6770
6769
6767
6768
6767
6765
6764
6764
6761
6760
6759
6760
6758
6756
6756
6755
6753
6753
6752
6751
6750
6749
6747
6746
6745
6745
6745
6744
6741
6741
6739
6740
6738
6736
6736
6735
6735
6734
6732
6730
6729
6730
6727
6728
6725
6725
6723
6723
6723
6722
6719
6719
6717
6717
6716
6715
6715
6714
6711
6710
6709
6709
6707
6708
6707
6705
6704
6704
6702
6702
6699
6699
6699
6696
6696
6694
6693
6693
6693
6690
6690
6688
6689
6686
6686
6684
6684
6682
6681
6680
6681
6679
6679
6678
6676
6675
6673
6674
6672
6672
6669
6669
6669
6666
6665
6664
6664
6663
6661
6660
6660
6659
6658
6657
6657
6656
6653
6654
6652
6650
6651
6648
6649
6648
6647
6645
6643
6642
6642
6640
6639
6640
6638
6638
6635
6636
6635
6633
6631
6630
6629
6628
6627
6627
6626
6626
6625
6623
6622
6620
6619
6619
6617
6618
6615
6614
6613
6614
6611
6612
6611
6608
6609
6607
6605
6606
6604
6602
6603
6602
6600
6598
6599
6597
6597
6596
6594
6593
6592
6592
6590
6589
6589
6588
6586
6586
6583
6584
6582
6581
6581
6579
6579
6578
6575
6574
6575
6574
6571
6571
6570
6569
6569
6568
6566
6566
6565
6564
6561
6560
6561
6558
6557
6557
6555
6555
6554
6553
6552
6550
6551
6549
6547
6547
6546
6544
6544
6542
6543
6542
6539
6539
6539
6538
6536
6534
6534
6532
6531
6532
6530
6530
6527
6527
6526
6524
6523
6522
6522
6522
6520
6519
6518
6517
6516
6516
6515
6512
6511
6512
6510
6509
6508
6506
6505
6504
6504
6504
6502
6501
6501
6498
6498
6496
6497
6494
6493
6492
6491
6490
6491
6490
6489
6487
6486
6484
6483
6483
6483
6481
6479
6478
6477
6478
6476
6475
6473
6474
6472
6471
6470
6468
6468
6466
6466
6465
6464
6463
6462
6461
6461
6458
6458
6456
6456
6455
6454
6452
6453
6450
6451
6450
6447
6446
6447
6446
6444
6442
6443
6440
6440
6438
6438
6436
6437
6436
6434
6432
6432
6432
6431
6429
6429
6428
6427
6426
6423
6422
6421
6422
6421
6420
6419
6416
6415
6416
6413
6414
6413
6412
6411
6409
6408
6406
6406
6404
6405
6402
6401
6401
6401
6400
6397
6396
6397
6396
6393
6394
6391
6390
6390
6390
6387
6388
6385
6386
6384
6382
6382
6382
6381
6380
6377
6376
6375
6374
6374
6372
6371
6371
6371
6369
6369
6366
6367
6365
6363
6362
6363
6360
6360
6359
6358
6358
6355
6355
6354
6352
6353
6351
6349
6350
6347
6346
6346
6345
6344
6344
6342
6340
6341
6339
6339
6338
6337
6335
6333
6334
6333
6330
6329
6328
6329
6327
6327
6326
6323
6324
6321
6322
6319
6318
6318
6317
6317
6314
6315
6312
6311
6312
6309
6310
6308
6306
6306
6305
6305
6304
6301
6301
6299
6299
6298
6296
6295
6296
6295
6293
6292
6291
6289
6290
6288
6286
6286
6285
6283
6282
6283
6281
6279
6278
6277
6278
6276
6276
6273
6272
6271
6271
6269
6268
6267
6268
6265
6265
6265
6262
6261
6261
6261
6258
6257
6257
6256
6255
6255
6252
6251
6252
6251
6248
6248
6246
6247
6244
6243
6242
6241
6240
6241
6239
6238
6236
6236
6236
6234
6232
6231
6231
6231
6230
6227
6226
6226
6226
6223
6224
6223
6220
6221
6220
6218
6216
6215
6216
6213
6213
6213
6212
6211
6210
6207
6206
6207
6206
6204
6203
6202
6201
6199
6199
6198
6196
6196
6195
6193
6194
6191
6190
6191
6188
6187
6187
6186
6185
6183
6183
6181
6180
6179
6178
6178
6178
6176
6174
6174
6174
6173
6172
6169
6168
6168
6166
6166
6164
6165
6163
6163
6162
6159
6158
6159
6156
6157
6155
6155
6152
6151
6150
6149
6149
6147
6147
6145
6145
6143
6142
6142
6140
6139
6140
6138
6138
6137
6134
6133
6133
6133
6132
6130
6130
6127
6128
6126
6126
6123
6122
6121
6121
6119
6120
6117
6116
6116
6115
6115
6113
6112
6110
6111
6110
6107
6107
6107
6106
6104
6104
6103
6101
6101
6098
6098
6096
6095
6096
6093
6094
6091
6091
6089
6089
6087
6087
6087
6085
6083
6084
6081
6082
6081
6078
6079
6076
6076
6075
6073
6073
6071
6070
6069
6068
6068
6068
6066
6066
6065
6063
6063
6060
6061
6060
6057
6056
6057
6056
6055
6054
6053
6050
6051
6048
6048
6048
6045
6044
6044
6043
6042
6042
6040
6040
6037
6036
6037
6035
6033
6033
6031
6032
6031
6029
6029
6028
6026
6025
6023
6022
6022
6022
6019
6019
6019
6018
6016
6015
6013
6014
6013
6012
6011
6010
6009
6008
6005
6005
6004
6002
6001
6002
5999
5998
5997
5996
5995
5995
5995
5993
5991
5991
5989
5989
5987
5987
5986
5985
5983
5984
5983
5982
5980
5979
5978
5977
5977
5975
5975
5972
5973
5970
5969
5968
5968
5966
5966
5966
5963
5963
5961
5961
5961
5959
5959
5957
5955
5955
5953
5952
5951
5952
5949
5948
5948
5948
5946
5944
5945
5944
5942
5942
5941
5940
5937
5937
5937
5936
5933
5932
5931
5931
5930
5928
5927
5928
5926
5924
5923
5924
5922
5922
5921
5920
5917
5916
5917
5915
5914
5914
5911
5910
5911
5909
5909
5908
5907
5906
5904
5903
5902
5902
5901
5898
5899
5898
5897
5896
5893
5893
5893
5892
5890
5889
5889
5887
5887
5885
5885
5883
5882
5881
5881
5879
5877
5877
5876
5876
5875
5874
5871
5871
5871
5868
5868
5868
5865
5865
5864
5863
5861
5860
5859
5859
5857
5856
5855
5856
5853
5852
5852
5852
5850
5849
5847
5847
5845
5845
5845
5842
5842
5842
5840
5838
5837
5836
5835
5835
5835
5834
5833
5830
5829
5829
5829
5826
5826
5826
5823
5824
5823
5820
5820
5819
5818
5817
5815
5816
5813
5814
5811
5812
5809
5810
5807
5807
5807
5805
5805
5804
5802
5800
5801
5799
5799
5797
5795
5794
5794
5792
5791
5791
5790
5790
5787
5788
5787
5785
5783
5784
5782
5780
5781
5780
5779
5778
5775
5774
5773
5773
5773
5772
5771
5768
5768
5767
5767
5766
5765
5763
5761
5760
5759
5760
5757
5756
5757
5756
5755
5754
5753
5750
5751
5750
5747
5746
5747
5746
5744
5742
5742
5740
5739
5738
5738
5738
5737
5736
5734
5733
5732
5731
5731
5729
5728
5726
5727
5725
5723
5723
5721
5722
5719
5719
5717
5717
5716
5716
5713
5714
5711
5711
5709
5709
5709
5706
5706
5705
5705
5702
5702
5700
5699
5699
5699
5697
5696
5696
5695
5694
5691
5690
5691
5689
5688
5688
5685
5684
5685
5683
5683
5681
5680
5678
5679
5676
5675
5676
5673
5672
5673
5671
5670
5670
5667
5666
5666
5666
5665
5662
5662
5661
5660
5658
5657
5658
5656
5654
5655
5652
5651
5652
5650
5649
5647
5648
5646
5645
5644
5644
5643
5641
5640
5638
5638
5637
5636
5634
5633
5633
5631
5632
5629
5628
5628
5627
5627
5626
5625
5622
5621
5622
5621
5618
5618
5616
5617
5615
5615
5613
5611
5611
5611
5608
5608
5607
5606
5604
5604
5602
5601
5600
5599
5598
5597
5597
5597
5596
5594
5592
5593
5590
5589
5588
5587
5588
5585
5586
5583
5584
5582
5581
5579
5578
5578
5576
5577
5575
5573
5572
5573
5571
5569
5570
5567
5567
5567
5566
5564
5563
5561
5561
5560
5559
5559
5557
5556
5554
5554
5554
5551
5552
5549
5550
5548
5546
5547
5544
5544
5542
5542
5541
5541
5538
5537
5538
5536
5534
5535
5532
5533
5530
5529
5529
5529
5528
5526
5525
5523
5524
5521
5521
5519
5519
5517
5517
5517
5514
5515
5513
5511
5510
5511
5510
5507
5507
5507
5504
5504
5504
5502
5500
5499
5499
5497
5496
5497
5495
5494
5494
5491
5492
5490
5489
5488
5487
5487
5485
5485
5483
5481
5480
5479
5478
5477
5477
5476
5475
5474
5472
5472
5470
5471
5469
5469
5468
5467
5465
5463
5463
5463
5461
5460
5458
5457
5458
5455
5454
5454
5454
5451
5452
5449
5448
5447
5447
5446
5445
5443
5443
5442
5441
5441
5438
5439
5438
5435
5436
5434
5432
5431
5430
5431
5429
5428
5426
5426
5425
5423
5422
5423
5420
5419
5420
5417
5416
5416
5414
5414
5413
5413
5410
5411
5410
5409
5408
5406
5406
5404
5402
5402
5402
5400
5399
5397
5396
5396
5394
5395
5393
5391
5391
5389
5388
5389
5387
5386
5384
5385
5384
5383
5381
5379
5380
5378
5376
5377
5374
5373
5373
5372
5371
5370
5368
5369
5368
5365
5365
5365
5362
5363
5360
5361
5358
5358
5358
5357
5356
5355
5353
5353
5352
5350
5349
5349
5348
5346
5346
5343
5343
5341
5342
5339
5340
5337
5336
5337
5334
5334
5334
5332
5332
5330
5329
5327
5328
5325
5326
5323
5322
5323
5322
5319
5318
5317
5318
5315
5314
5314
5313
5312
5310
5310
5308
5309
5307
5306
5306
5305
5303
5301
5300
5300
5299
5299
5297
5296
5294
5295
5293
5291
5291
5291
5290
5288
5286
5286
5286
5283
5283
5282
5280
5281
5280
5278
5278
5275
5276
5275
5272
5271
5272
5270
5270
5267
5267
5266
5265
5265
5262
5262
5260
5261
5258
5257
5257
5255
5255
5253
5254
5251
5252
5251
5250
5248
5246
5247
5244
5243
5244
5242
5242
5241
5240
5238
5236
5236
5234
5235
5233
5232
5230
5231
5228
5228
5228
5226
5224
5224
5222
5223
5220
5221
5220
5217
5217
5217
5214
5215
5214
5213
5211
5210
5209
5208
5207
5206
5205
5204
5203
5201
5200
5201
5200
5197
5197
5197
5194
5194
5193
5191
5191
5190
5188
5187
5188
5187
5186
5183
5182
5183
5180
5180
5180
5179
5176
5175
5176
5174
5173
5172
5171
5171
5168
5168
5167
5167
5165
5165
5162
5161
5162
5160
5160
5157
5157
5156
5154
5154
5152
5151
5152
5149
5150
5148
5146
5145
5145
5143
5143
5141
5141
5140
5139
5137
5138
5137
5136
5134
5133
5132
5132
5130
5128
5128
5128
5125
5125
5125
5124
5122
5120
5120
5120
5119
5116
5117
5114
5115
5112
5113
5110
5111
5108
5108
5108
5105
5105
5103
5104
5103
5102
5100
5099
5097
5097
5095
5095
5095
5094
5092
5091
5089
5088
5087
5087
5086
5084
5084
5082
5082
5081
5080
5079
5079
5076
5076
5075
5074
5074
5071
5071
5071
5068
5069
5066
5067
5064
5065
5063
5062
5061
5059
5059
5059
5056
5055
5055
5054
5052
5053
5050
5051
5049
5049
5048
5047
5044
5044
5044
5041
5042
5039
5038
5039
5037
5035
5035
5034
5033
5031
5032
5031
5029
5029
5028
5027
5026
5023
5023
5021
5020
5020
5018
5019
5016
5015
5016
5014
5013
5012
5012
5009
5010
5007
5007
5006
5005
5003
5004
5003
5002
4999
5000
4998
4998
4996
4995
4995
4992
4993
4991
4990
4989
4988
4987
4987
4986
4983
4983
4982
4982
4980
4980
4979
4978
4975
4975
4973
4974
4972
4971
4971
4969
4968
4966
4966
4964
4964
4964
4962
4961
4959
4960
4957
4958
4955
4956
4954
4954
4953
4952
4951
4948
4948
4948
4945
4944
4943
4943
4941
4941
4941
4938
4938
4937
4935
4936
4935
4932
4933
4930
4931
4930
4928
4926
4926
4926
4923
4922
4922
4922
4921
4919
4917
4918
4915
4914
4913
4913
4913
4911
4910
4909
4908
4908
4906
4906
4905
4902
4901
4902
4900
4898
4899
4896
4895
4895
4893
4893
4892
4892
4890
4890
4888
4887
4887
4886
4883
4882
4883
4882
4880
4878
4878
4878
4875
4876
4875
4874
4871
4870
4871
4868
4867
4868
4865
4865
4864
4862
4861
4860
4860
4860
4857
4856
4856
4856
4855
4854
4851
4852
4850
4849
4849
4846
4846
4846
4844
4843
4841
4841
4841
4840
4839
4836
4837
4834
4835
4832
4832
4832
4830
4830
4829
4828
4825
4825
4825
4823
4821
4820
4819
4820
4819
4816
4817
4815
4813
4812
4813
4810
4809
4810
4807
4808
4807
4806
4805
4803
4802
4802
4800
4798
4799
4797
4797
4794
4795
4794
4792
4790
4789
4789
4789
4788
4787
4786
4783
4782
4781
4781
4779
4779
4777
4777
4775
4775
4775
4773
4773
4770
4770
4769
4768
4766
4767
4764
4763
4764
4761
4762
4761
4759
4759
4757
4755
4755
4754
4753
4752
4752
4749
4748
4747
4748
4747
4745
4743
4743
4741
4740
4741
4739
4737
4736
4737
4734
4735
4732
4731
4730
4729
4730
4728
4728
4726
4726
4723
4722
4722
4720
4721
4718
4718
4716
4717
4714
4714
4712
4711
4712
4710
4708
4707
4707
4707
4704
4705
4704
4702
4700
4701
4699
4699
4696
4696
4695
4693
4694
4693
4691
4689
4689
4688
4687
4687
4685
4683
4683
4683
4681
4680
4679
4679
4678
4675
4675
4673
4672
4671
4672
4669
4668
4668
4666
4665
4666
4665
4663
4663
4662
4659
4658
4658
4658
4657
4655
4654
4652
4651
4650
4651
4650
4649
4648
4646
4644
4644
4644
4641
4640
4640
4639
4637
4638
4637
4636
4635
4634
4631
4632
4631
4628
4627
4627
4626
4626
4623
4624
4622
4620
4619
4618
4619
4616
4617
4615
4613
4613
4612
4611
4610
4608
4607
4608
4606
4604
4604
4603
4601
4602
4600
4600
4597
4597
4596
4595
4595
4593
4592
4590
4591
4590
4587
4588
4587
4585
4584
4582
4581
4580
4580
4579
4578
4578
4576
4574
4575
4572
4573
4572
4569
4568
4567
4566
4565
4565
4563
4564
4562
4561
4559
4558
4558
4557
4556
4554
4555
4552
4551
4552
4549
4548
4548
4548
4547
4544
4543
4543
4542
4542
4541
4539
4537
4536
4536
4534
4535
4534
4531
4530
4531
4528
4529
4526
4527
4524
4525
4523
4521
4522
4521
4519
4519
4516
4515
4516
4514
4513
4512
4512
4509
4509
4507
4507
4506
4504
4505
4502
4503
4500
4501
4499
4498
4497
4495
4495
4495
4494
4491
4492
4491
4488
4488
4488
4486
4486
4485
4482
4482
4480
4481
4480
4479
4477
4476
4474
4474
4473
4473
4471
4471
4469
4468
4466
4465
4465
4465
4464
4461
4460
4461
4460
4458
4456
4457
4456
4453
4454
4453
4451
4449
4448
4448
4446
4446
4446
4444
4442
4442
4441
4440
4439
4439
4438
4435
4436
4434
4432
4433
4432
4430
4429
4429
4428
4427
4426
4424
4422
4423
4421
4420
4418
4419
4416
4416
4414
4414
4412
4411
4410
4411
4410
4409
4408
4405
4406
4405
4403
4401
4401
4400
4399
4398
4397
4395
4394
4393
4393
4391
4390
4389
4388
4388
4386
4386
4384
4383
4382
4382
4381
4380
4379
4378
4377
4376
4375
4374
4373
4371
4371
4369
4369
4369
4367
4365
4364
4365
4364
4363
4360
4359
4359
4358
4357
4356
4354
4355
4354
4351
4351
4349
4350
4347
4348
4346
4345
4343
4344
4343
4342
4340
4340
4338
4337
4336
4336
4334
4333
4332
4331
4330
4329
4329
4326
4325
4324
4324
4322
4321
4322
4320
4320
4317
4317
4316
4315
4315
4312
4313
4311
4311
4308
4309
4306
4307
4305
4303
4302
4303
4301
4301
4299
4297
4297
4296
4295
4293
4292
4292
4290
4289
4288
4289
4286
4286
4285
4285
4284
4283
4281
4280
4279
4279
4276
4277
4276
4275
4272
4273
4271
4271
4270
4267
4266
4266
4266
4264
4263
4262
4261
4259
4259
4258
4258
4257
4254
4254
4254
4251
4250
4250
4250
4248
4247
4245
4246
4243
4242
4243
4240
4241
4240
4237
4238
4235
4236
4233
4232
4232
4231
4230
4229
4227
4226
4227
4224
4223
4222
4223
4222
4220
4218
4219
4216
4217
4216
4213
4214
4211
4212
4210
4208
4207
4207
4205
4204
4204
4203
4201
4201
4199
4199
4197
4196
4197
4196
4193
4193
4191
4191
4189
4190
4189
4188
4185
4186
4185
4183
4183
4180
4180
4178
4178
4177
4177
4176
4173
4173
4172
4170
4171
4169
4167
4166
4165
4166
4165
4162
4162
4160
4161
4159
4157
4158
4155
4155
4154
4152
4153
4150
4150
4149
4148
4148
4145
4145
4144
4143
4141
4140
4140
4138
4139
4138
4136
4136
4133
4133
4131
4131
4129
4128
4127
4126
4127
4125
4125
4123
4123
4122
4120
4118
4118
4116
4115
4116
4115
4114
4111
4110
4111
4110
4108
4108
4105
4104
4105
4102
4102
4100
4101
4099
4098
4096
4095
4095
4095
4094
4093
4092
4091
4089
4087
4087
4085
4084
4083
4082
4081
4081
4080
4079
4077
4078
4075
4074
4075
4072
4072
4072
4070
4069
4068
4066
4066
4065
4064
4063
4062
4061
4060
4059
4057
4058
4057
4055
4053
4052
4053
4051
4050
4048
4047
4048
4046
4044
4044
4043
4042
4042
4039
4038
4037
4038
4035
4034
4033
4034
4033
4032
4030
4029
4028
4028
4025
4025
4024
4024
4022
4020
4020
4018
4019
4017
4015
4014
4015
4014
4012
4012
4010
4008
4009
4006
4007
4005
4003
4002
4002
4000
4000
3998
3999
3996
3995
3994
3995
3994
3993
3991
3989
3989
3989
3988
3987
3984
3985
3982
3983
3981
3981
3979
3978
3978
3976
3975
3974
3974
3971
3970
3969
3970
3968
3966
3967
3966
3963
3963
3962
3961
3959
3960
3957
3956
3956
3954
3954
3953
3952
3951
3950
3948
3949
3948
3947
3945
3945
3943
3942
3942
3941
3939
3939
3937
3937
3935
3933
3933
3932
3932
3931
3930
3929
3926
3927
3924
3923
3923
3921
3922
3921
3919
3919
3918
3916
3914
3914
3912
3913
3910
3909
3910
3909
3908
3905
3906
3905
3902
3901
3900
3899
3898
3899
3898
3895
3896
3893
3894
3891
3891
3890
3888
3889
3888
3887
3884
3883
3884
3882
3882
3881
3880
3878
3877
3875
3876
3874
3874
3873
3872
3871
3870
3869
3868
3865
3865
3864
3863
3862
3862
3861
3858
3857
3857
3857
3854
3855
3852
3853
3851
3851
3850
3848
3847
3847
3845
3843
3842
3841
3840
3839
3838
3838
3836
3837
3835
3835
3833
3833
3830
3830
3830
3828
3828
3826
3825
3825
3822
3823
3820
3821
3820
3817
3816
3817
3816
3815
3814
3811
3812
3810
3809
3807
3806
3807
3804
3804
3804
3802
3801
3799
3798
3798
3798
3797
3796
3794
3794
3793
3791
3789
3789
3788
3787
3787
3784
3783
3783
3782
3781
3780
3780
3777
3777
3777
3774
3774
3773
3771
3770
3769
3768
3767
3767
3765
3764
3763
3764
3762
3760
3760
3759
3759
3758
3755
3756
3753
3753
3752
3752
3749
3750
3748
3747
3747
3745
3745
3742
3741
3742
3740
3738
3737
3738
3737
3735
3733
3732
3731
3731
3729
3729
3727
3726
3727
3725
3723
3722
3721
3722
3721
3718
3719
3716
3717
3715
3715
3714
3713
3712
3711
3709
3707
3707
3705
3706
3705
3703
3701
3700
3699
3698
3699
3697
3697
3695
3693
3692
3692
3690
3691
3689
3688
3687
3687
3686
3683
3683
3682
3680
3680
3680
3678
3677
3675
3676
3674
3674
3672
3672
3669
3669
3667
3666
3665
3664
3665
3662
3661
3662
3659
3658
3657
3658
3656
3654
3655
3654
3653
3650
3651
3650
3647
3647
3646
3644
3644
3642
3641
3640
3641
3639
3638
3636
3637
3634
3634
3634
3631
3631
3631
3630
3628
3626
3627
3625
3624
3623
3621
3621
3621
3619
3617
3616
3617
3615
3613
3613
3613
3611
3610
3608
3607
3607
3606
3606
3604
3602
3603
3602
3601
3599
3598
3598
3597
3594
3593
3592
3592
3591
3591
3589
3589
3586
3587
3584
3583
3584
3582
3580
3580
3579
3577
3578
3575
3574
3574
3574
3571
3571
3570
3568
3567
3567
3567
3564
3564
3564
3563
3561
3560
3559
3557
3557
3555
3556
3554
3552
3553
3551
3549
3549
3549
3548
3545
3546
3545
3544
3543
3540
3540
3538
3537
3537
3536
3534
3535
3533
3533
3531
3529
3529
3527
3527
3525
3524
3523
3523
3522
3520
3521
3518
3519
3518
3517
3516
3515
3513
3512
3511
3510
3508
3507
3507
3505
3505
3505
3502
3501
3502
3500
3498
3498
3498
3496
3495
3494
3494
3491
3492
3489
3488
3489
3488
3485
3486
3484
3482
3481
3481
3481
3480
3478
3478
3477
3476
3474
3473
3473
3472
3470
3469
3467
3466
3466
3464
3465
3462
3463
3462
3459
3460
3458
3457
3457
3456
3453
3453
3453
3452
3449
3450
3449
3448
3447
3445
3445
3443
3442
3441
3440
3438
3438
3437
3435
3434
3434
3433
3431
3432
3429
3428
3428
3428
3426
3426
3424
3422
3422
3422
3421
3419
3418
3417
3415
3415
3414
3412
3411
3412
3409
3409
3407
3407
3405
3406
3404
3404
3401
3401
3401
3399
3399
3397
3396
3396
3393
3392
3393
3391
3391
3389
3389
3388
3385
3385
3384
3383
3382
3381
3380
3380
3377
3378
3375
3374
3374
3373
3371
3371
3369
3370
3369
3366
3366
3364
3363
3363
3362
3362
3360
3359
3357
3357
3356
3354
3355
3354
3351
3352
3350
3349
3348
3347
3345
3344
3345
3343
3343
3340
3341
3338
3337
3336
3336
3336
3333
3333
3332
3332
3329
3330
3329
3327
3326
3324
3325
3323
3321
3322
3319
3320
3319
3316
3316
3316
3314
3312
3313
3310
3309
3310
3307
3307
3307
3306
3303
3303
3302
3302
3299
3300
3299
3296
3295
3294
3295
3293
3291
3292
3290
3289
3289
3286
3286
3284
3284
3282
3282
3280
3280
3278
3279
3278
3276
3276
3275
3272
3271
3271
3269
3269
3268
3268
3265
3266
3264
3264
3261
3261
3261
3258
3259
3257
3255
3256
3255
3253
3253
3250
3251
3248
3248
3248
3246
3244
3245
3242
3242
3240
3240
3239
3239
3236
3236
3236
3233
3234
3232
3231
3230
3229
3228
3228
3225
3224
3225
3222
3223
3221
3219
3220
3217
3218
3217
3215
3213
3213
3213
3211
3210
3209
3207
3206
3205
3205
3204
3202
3203
3200
3200
3199
3199
3197
3195
3196
3195
3194
3193
3191
3191
3188
3188
3188
3185
3184
3184
3183
3183
3181
3181
3178
3177
3176
3177
3174
3173
3173
3172
3172
3170
3169
3167
3166
3167
3166
3163
3163
3162
3162
3159
3158
3158
3158
3155
3155
3155
3154
3151
3152
3150
3148
3147
3146
3147
3144
3143
3144
3143
3142
3141
3139
3138
3136
3137
3135
3135
3132
3133
3131
3129
3128
3129
3127
3127
3125
3124
3122
3121
3122
3119
3118
3117
3117
3115
3116
3113
3113
3112
3112
3110
3109
3108
3108
3107
3105
3103
3103
3103
3100
3099
3100
3098
3097
3097
3095
3095
3093
3092
3090
3089
3090
3087
3087
3086
3085
3084
3084
3081
3080
3080
3079
3079
3076
3076
3075
3074
3074
3071
3070
3069
3069
3067
3067
3067
3066
3063
3064
3062
3060
3061
3060
3059
3057
3056
3055
3053
3054
3051
3050
3051
3050
3047
3048
3045
3046
3043
3044
3042
3041
3041
3040
3037
3036
3035
3034
3034
3034
3033
3032
3031
3030
3029
3027
3026
3024
3024
3024
3021
3021
3019
3020
3018
3017
3017
3015
3013
3012
3011
3010
3011
3008
3009
3008
3006
3005
3005
3004
3001
3002
3001
3000
2997
2997
2996
2995
2995
2994
2992
2992
2990
2990
2987
2986
2985
2984
2985
2984
2981
2980
2981
2978
2978
2977
2975
2974
2973
2973
2971
2970
2969
2970
2969
2967
2967
2966
2963
2963
2962
2962
2960
2958
2959
2958
2956
2955
2955
2953
2951
2952
2951
2948
2947
2946
2947
2946
2944
2942
2941
2941
2939
2939
2938
2937
2935
2934
2933
2933
2933
2932
2929
2929
2928
2926
2925
2924
2924
2924
2922
2922
2919
2919
2919
2917
2915
2915
2913
2913
2913
2910
2909
2908
2907
2908
2907
2904
2903
2902
2902
2902
2901
2900
2898
2897
2895
2895
2894
2893
2892
2890
2890
2890
2889
2886
2885
2886
2883
2883
2881
2882
2881
2879
2877
2878
2875
2874
2873
2872
2871
2872
2869
2869
2869
2868
2867
2864
2863
2863
2863
2862
2861
2859
2859
2857
2857
2854
2853
2852
2853
2852
2849
2850
2848
2847
2845
2846
2844
2842
2841
2840
2840
2839
2839
2836
2835
2835
2834
2834
2831
2831
2830
2828
2827
2827
2826
2826
2825
2822
2821
2822
2819
2818
2818
2817
2817
2815
2814
2814
2811
2812
2811
2809
2808
2807
2807
2804
2803
2802
2803
2802
2801
2799
2799
2798
2795
2795
2795
2792
2793
2792
2791
2790
2787
2788
2787
2784
2783
2782
2783
2781
2779
2780
2779
2776
2775
2775
2773
2773
2771
2772
2769
2770
2768
2766
2767
2766
2765
2763
2761
2762
2760
2758
2757
2757
2757
2756
2754
2752
2751
2751
2751
2750
2747
2748
2747
2745
2745
2744
2741
2742
2741
2739
2739
2737
2737
2736
2734
2734
2731
2732
2730
2730
2729
2727
2726
2726
2724
2722
2721
2722
2721
2720
2719
2716
2715
2715
2715
2714
2712
2712
2711
2709
2709
2707
2705
2705
2703
2704
2701
2701
2700
2700
2698
2697
2696
2696
2694
2694
2691
2691
2691
2688
2689
2687
2686
2686
2683
2682
2683
2682
2680
2679
2678
2676
2675
2676
2675
2673
2672
2672
2669
2668
2668
2667
2666
2664
2663
2662
2662
2661
2660
2658
2659
2657
2655
2654
2653
2653
2651
2652
2650
2649
2648
2648
2647
2645
2645
2643
2643
2640
2640
2640
2638
2637
2636
2634
2634
2634
2631
2632
2630
2628
2628
2626
2626
2625
2623
2624
2623
2621
2621
2619
2618
2617
2617
2614
2613
2613
2611
2611
2609
2609
2607
2607
2607
2606
2605
2603
2603
2600
2600
2598
2597
2598
2596
2596
2594
2593
2593
2592
2589
2589
2588
2587
2585
2584
2583
2583
2581
2580
2581
2578
2578
2576
2577
2575
2573
2574
2571
2570
2569
2570
2567
2567
2567
2565
2563
2563
2561
2560
2560
2560
2557
2556
2556
2554
2554
2553
2553
2551
2551
2550
2549
2547
2546
2546
2543
2543
2543
2541
2539
2538
2537
2536
2537
2534
2533
2532
2531
2531
2530
2529
2527
2527
2526
2526
2525
2522
2522
2520
2521
2519
2519
2518
2515
2515
2515
2512
2512
2512
2511
2509
2507
2508
2507
2506
2504
2504
2501
2501
2501
2499
2499
2498
2495
2496
2495
2493
2491
2491
2490
2490
2487
2487
2486
2484
2484
2483
2482
2482
2480
2478
2477
2477
2477
2476
2474
2473
2471
2471
2471
2470
2468
2466
2467
2466
2465
2464
2462
2462
2460
2460
2459
2458
2457
2455
2455
2452
2451
2450
2451
2449
2447
2446
2445
2444
2443
2444
2443
2441
2441
2440
2437
2436
2437
2435
2433
2434
2432
2432
2431
2430
2429
2428
2426
2425
2424
2423
2423
2421
2420
2420
2418
2418
2415
2415
2415
2413
2412
2412
2411
2409
2407
2407
2406
2406
2405
2404
2401
2400
2400
2400
2397
2398
2396
2396
2394
2394
2391
2391
2391
2390
2387
2386
2387
2386
2385
2384
2381
2380
2381
2378
2379
2376
2377
2374
2375
2374
2372
2372
2369
2368
2367
2366
2367
2365
2363
2363
2363
2361
2359
2359
2358
2357
2356
2354
2353
2352
2351
2350
2351
2348
2349
2347
2345
2346
2343
2342
2343
2341
2340
2340
2339
2337
2336
2336
2333
2334
2332
2332
2330
2329
2327
2326
2325
2326
2324
2323
2321
2322
2321
2318
2317
2317
2317
2314
2314
2314
2312
2311
2310
2310
2307
2307
2306
2306
2304
2304
2303
2300
2300
2299
2299
2296
2296
2296
2295
2294
2291
2290
2291
2288
2288
2288
2287
2285
2285
2283
2281
2281
2281
2278
2278
2277
2277
2274
2273
2273
2273
2272
2270
2269
2267
2267
2266
2266
2263
2264
2263
2262
2259
2260
2257
2258
2256
2256
2253
2254
2253
2251
2250
2249
2248
2246
2247
2245
2243
2243
2243
2240
2240
2239
2239
2238
2237
2235
2235
2233
2232
2232
2230
2230
2229
2227
2226
2226
2224
2224
2223
2220
2219
2218
2217
2216
2215
2216
2214
2214
2212
2212
2211
2208
2207
2208
2205
2205
2205
2202
2201
2200
2201
2199
2197
2196
2195
2196
2195
2193
2192
2191
2189
2188
2189
2186
2186
2184
2183
2182
2183
2182
2181
2178
2179
2177
2177
2176
2173
2173
2173
2170
2169
2170
2169
2166
2167
2166
2163
2164
2162
2162
2159
2160
2157
2158
2157
2155
2153
2153
2153
2150
2149
2150
2147
2146
2145
2144
2143
2143
2143
2140
2140
2140
2139
2137
2136
2134
2133
2134
2133
2130
2130
2129
2129
2126
2126
2124
2124
2124
2122
2121
2119
2120
2118
2116
2115
2116
2114
2112
2112
2112
2109
2108
2109
2106
2107
2104
2104
2102
2101
2102
2100
2098
2097
2098
2095
2096
2093
2094
2093
2091
2090
2088
2088
2086
2086
2085
2083
2083
2083
2081
2079
2078
2077
2078
2076
2076
2074
2072
2071
2071
2069
2070
2069
2067
2067
2066
2063
2064
2063
2060
2060
2059
2057
2058
2056
2056
2054
2054
2051
2050
2050
2049
2048
2048
2046
2046
2045
2044
2041
2042
2041
2038
2039
2037
2036
2035
2035
2032
2031
2032
2029
2029
2028
2027
2026
2024
2024
2024
2023
2022
2019
2019
2017
2017
2015
2015
2015
2014
2013
2012
2009
2010
2008
2008
2006
2006
2005
2002
2001
2002
1999
1999
1999
1997
1995
1994
1994
1994
1992
1992
1990
1990
1987
1988
1987
1985
1984
1983
1981
1980
1980
1979
1979
1978
1976
1975
1975
1973
1973
1972
1970
1969
1968
1966
1965
1966
1965
1962
1962
1961
1961
1958
1958
1958
1957
1954
1953
1953
1952
1952
1951
1948
1947
1946
1945
1946
1945
1944
1941
1942
1939
1938
1937
1938
1935
1935
1935
1932
1932
1931
1931
1928
1929
1927
1925
1926
1924
1923
1921
1921
1920
1919
1919
1917
1916
1916
1915
1912
1911
1910
1911
1909
1907
1907
1905
1906
1903
1902
1903
1901
1901
1900
1899
1897
1895
1894
1893
1894
1892
1892
1889
1888
1888
1886
1885
1886
1883
1884
1881
1880
1879
1878
1879
1877
1877
1876
1874
1874
1872
1870
1870
1868
1867
1867
1867
1865
1865
1862
1863
1861
1859
1858
1859
1857
1856
1856
1854
1854
1853
1852
1849
1848
1848
1848
1846
1844
1845
1844
1842
1840
1840
1840
1837
1838
1837
1836
1835
1833
1832
1832
1829
1829
1829
1828
1825
1824
1825
1824
1821
1822
1821
1818
1817
1816
1817
1816
1814
1814
1811
1812
1811
1810
1807
1807
1807
1806
1804
1803
1801
1802
1799
1798
1799
1797
1796
1794
1795
1793
1793
1790
1791
1790
1787
1788
1785
1785
1784
1784
1782
1782
1780
1779
1778
1777
1777
1775
1774
1774
1771
1771
1770
1770
1767
1767
1765
1766
1764
1762
1762
1762
1759
1758
1758
1757
1757
1756
1753
1754
1752
1751
1751
1748
1749
1747
1745
1744
1743
1743
1743
1741
1740
1739
1738
1738
1735
1736
1734
1733
1731
1730
1729
1728
1728
1726
1727
1725
1725
1724
1722
1721
1720
1719
1719
1717
1717
1716
1714
1712
1713
1711
1711
1709
1709
1707
1705
1706
1703
1704
1703
1700
1701
1698
1699
1696
1695
1696
1693
1694
1693
1691
1690
1689
1689
1687
1685
1686
1684
1684
1683
1680
1679
1678
1679
1676
1676
1676
1675
1673
1673
1672
1669
1670
1667
1666
1665
1664
1665
1662
1662
1662
1659
1658
1658
1658
1656
1655
1655
1653
1652
1652
1650
1649
1649
1648
1646
1645
1644
1644
1642
1642
1641
1639
1638
1638
1636
1636
1634
1632
1632
1630
1629
1629
1627
1628
1626
1624
1623
1622
1622
1622
1620
1618
1618
1617
1617
1614
1613
1614
1611
1611
1610
1608
1607
1606
1605
1605
1603
1603
1603
1601
1601
1598
1597
1596
1597
1596
1594
1593
1591
1592
1589
1589
1589
1588
1585
1584
1583
1583
1583
1581
1581
1579
1578
1578
1576
1576
1574
1573
1572
1571
1570
1569
1569
1567
1567
1566
1563
1562
1562
1561
1559
1560
1557
1556
1557
1555
1553
1552
1553
1550
1551
1549
1548
1546
1546
1544
1543
1544
1541
1540
1540
1539
1539
1537
1537
1535
1534
1533
1533
1530
1529
1530
1527
1527
1525
1526
1523
1524
1521
1522
1521
1518
1519
1518
1516
1514
1513
1514
1511
1510
1509
1510
1508
1508
1506
1506
1503
1504
1502
1500
1499
1500
1497
1496
1495
1494
1494
1492
1493
1492
1490
1488
1489
1486
1485
1484
1483
1482
1481
1481
1481
1478
1478
1476
1477
1476
1473
1472
1471
1471
1470
1468
1468
1467
1467
1466
1463
1462
1461
1460
1461
1459
1458
1458
1457
1455
1455
1453
1451
1450
1449
1450
1448
1448
1445
1445
1445
1443
1443
1442
1439
1439
1438
1438
1435
1434
1434
1432
1432
1432
1431
1429
1428
1426
1425
1424
1425
1424
1423
1420
1419
1418
1419
1418
1417
1416
1414
1414
1412
1411
1409
1410
1407
1407
1406
1405
1405
1402
1403
1400
1401
1399
1398
1397
1397
1396
1393
1394
1392
1392
1391
1388
1389
1388
1385
1386
1385
1384
1381
1381
1379
1378
1377
1377
1377
1376
1373
1374
1371
1372
1371
1370
1368
1367
1366
1365
1363
1364
1362
1362
1360
1359
1357
1358
1355
1354
1355
1354
1353
1352
1350
1349
1347
1347
1347
1346
1344
1342
1342
1341
1341
1339
1339
1337
1335
1335
1333
1333
1331
1331
1331
1329
1329
1328
1326
1324
1324
1323
1322
1321
1319
1320
1319
1317
1317
1316
1314
1312
1313
1311
1309
1310
1307
1308
1306
1305
1303
1304
1301
1300
1299
1300
1299
1296
1295
1296
1294
1293
1291
1292
1291
1289
1289
1286
1285
1285
1285
1282
1283
1282
1280
1278
1279
1277
1277
1274
1273
1272
1273
1271
1270
1268
1268
1268
1266
1265
1264
1264
1261
1262
1259
1258
1257
1256
1256
1256
1255
1252
1253
1251
1249
1249
1249
1248
1245
1246
1243
1243
1242
1240
1241
1240
1237
1236
1236
1236
1233
1232
1231
1230
1231
1228
1228
1227
1225
1226
1223
1224
1221
1220
1220
1218
1218
1217
1216
1215
1215
1213
1213
1210
1210
1210
1209
1206
1206
1206
1203
1203
1203
1200
1200
1200
1198
1196
1195
1196
1195
1193
1193
1190
1190
1189
1189
1188
1185
1184
1184
1184
1183
1182
1181
1179
1179
1176
1176
1174
1175
1172
1173
1172
1170
1170
1168
1166
1167
1166
1163
1164
1161
1160
1160
1159
1159
1156
1156
1156
1153
1152
1151
1152
1149
1148
1147
1148
1146
1144
1144
1143
1142
1140
1140
1140
1137
1138
1137
1136
1135
1132
1131
1130
1130
1129
1129
1126
1127
1124
1123
1124
1122
1120
1121
1120
1119
1116
1115
1114
1114
1113
1113
1112
1111
1108
1109
1106
1105
1106
1103
1102
1103
1101
1100
1098
1097
1096
1096
1096
1094
1094
1092
1091
1091
1089
1087
1087
1087
1084
1083
1083
1083
1082
1080
1080
1079
1076
1075
1076
1075
1073
1071
1070
1069
1070
1068
1066
1065
1064
1063
1063
1063
1062
1059
1060
1058
1058
1057
1055
1053
1054
1053
1050
1050
1048
1047
1047
1046
1045
1044
1044
1043
1041
1041
1040
1038
1036
1035
1035
1034
1033
1032
1031
1029
1029
1029
1028
1026
1026
1024
1024
1022
1021
1019
1018
1019
1016
1017
1015
1015
1012
1011
1011
1009
1008
1009
1007
1006
1004
1003
1002
1002
1001
1001
1000
997
997
995
996
993
993
992
992
991
989
987
986
987
986
984
984
981
982
980
978
977
976
977
975
974
974
973
972
970
968
967
968
966
964
965
962
962
960
959
960
959
957
957
956
954
953
953
951
949
948
949
947
946
946
943
944
943
940
939
940
937
937
936
936
934
933
931
930
930
929
929
927
925
925
924
923
923
920
920
918
917
916
916
916
913
914
913
911
909
908
907
907
906
906
904
902
901
902
899
900
898
896
896
895
894
894
893
892
889
889
887
886
885
886
884
883
883
880
881
878
878
876
876
876
875
874
871
870
870
868
869
866
865
865
864
862
862
862
859
859
857
856
855
854
855
853
853
852
851
850
849
846
845
845
843
842
842
840
840
838
837
837
836
836
833
832
833
831
831
828
828
827
825
825
825
823
823
822
819
819
819
817
817
814
815
814
811
811
809
810
807
807
806
806
803
804
803
800
800
798
797
798
797
795
794
793
793
790
790
788
789
787
786
785
784
784
782
782
780
780
779
778
776
775
774
773
772
772
769
770
767
767
765
766
765
763
762
762
759
760
758
758
756
754
755
752
751
751
749
750
748
748
746
744
744
742
743
742
739
740
738
736
736
736
735
733
732
730
731
729
728
726
726
724
724
722
722
722
719
719
718
717
716
716
714
714
711
710
711
709
708
707
706
704
704
703
702
702
699
699
698
698
696
696
695
692
692
690
691
690
689
687
685
684
684
684
681
680
679
680
678
678
676
675
675
672
671
671
669
668
667
667
665
666
664
662
661
660
660
658
659
658
656
654
653
652
651
651
649
650
648
646
646
644
644
643
641
641
639
638
637
636
637
634
633
633
632
631
631
629
628
626
625
624
623
622
623
622
621
620
618
617
615
616
615
613
612
610
609
610
608
607
605
605
604
603
601
601
599
600
599
598
597
594
594
593
591
591
589
589
587
588
585
585
584
584
581
581
579
579
577
578
577
575
574
574
571
571
569
569
568
566
566
566
563
564
561
561
560
559
559
558
555
556
554
554
551
552
549
548
548
548
545
545
543
543
541
541
541
539
539
537
536
535
534
533
532
531
529
528
527
528
525
524
523
524
521
520
521
519
518
516
516
516
513
513
511
510
509
509
509
506
505
504
505
503
501
501
501
498
499
496
495
494
493
492
491
490
490
490
489
486
486
485
485
483
481
480
480
479
478
477
476
475
473
473
473
470
469
470
468
466
467
465
463
462
463
460
461
458
457
458
456
455
454
452
453
451
450
450
449
446
445
445
445
443
441
441
440
438
439
438
435
435
434
433
433
431
431
430
429
426
426
425
424
424
423
421
419
419
417
416
417
415
413
413
411
410
409
410
409
406
407
404
405
403
401
402
401
400
398
398
397
394
394
394
391
391
389
389
387
387
385
386
383
382
382
380
380
378
377
376
375
374
375
372
372
372
371
369
368
367
366
366
365
362
362
360
361
360
358
358
356
355
353
353
353
351
351
349
349
346
347
344
343
344
341
342
340
339
337
337
335
335
334
332
333
330
329
329
329
326
326
324
325
324
323
322
320
320
318
317
317
315
314
312
312
312
311
308
307
306
307
305
303
302
302
302
300
298
299
296
295
295
294
294
291
291
291
289
287
287
287
285
283
283
283
282
280
278
277
277
275
275
273
273
273
270
271
269
267
267
266
265
265
263
261
262
259
259
258
257
257
255
255
252
253
250
249
248
247
248
245
245
243
242
241
242
239
240
237
237
236
234
235
232
232
231
229
230
229
227
225
226
223
223
222
221
220
219
218
217
215
216
215
212
211
210
210
209
207
207
206
205
205
202
203
201
201
198
197
198
195
195
195
192
191
191
191
189
189
187
185
185
184
182
183
182
181
178
178
178
175
176
175
172
171
172
171
168
168
166
167
165
165
164
163
162
159
160
157
157
156
155
155
154
153
152
149
150
147
147
146
145
144
143
142
142
141
139
137
136
137
134
135
133
133
131
131
129
128
126
127
126
125
123
121
122
119
118
118
117
117
114
113
113
113
110
109
109
109
107
107
105
105
103
102
102
101
98
97
97
95
96
94
92
92
91
91
88
89
86
87
85
84
82
81
81
80
80
77
76
75
76
73
72
72
72
71
69
67
66
67
64
63
64
63
62
60
59
57
57
55
56
53
54
51
51
50
50
47
47
46
45
44
43
42
42
40
39
37
37
37
35
35
32
32
31
29
30
28
26
25
26
23
23
22
21
19
20
17
16
16
15
14
12
11
10
9
10
8
7
5
6
3
3
1
