8000
0
1
4
5
4
7
8
7
10
10
12
11
13
13
16
16
16
17
19
19
20
23
24
23
25
26
27
28
30
30
32
31
33
34
36
37
36
39
39
40
41
41
43
45
44
47
47
47
50
49
51
53
52
54
56
56
56
58
58
59
60
61
63
63
65
66
68
69
69
69
70
73
72
73
74
76
78
79
78
80
80
83
83
83
84
86
88
87
88
91
90
92
92
95
96
97
97
98
99
99
102
101
104
103
105
105
106
107
108
109
111
111
114
113
114
117
116
119
118
120
122
121
124
125
124
126
128
129
129
130
132
132
134
135
136
135
137
139
139
140
142
141
144
144
145
145
147
149
148
150
150
151
152
154
155
156
156
157
158
160
162
161
162
165
164
165
168
169
170
170
171
171
174
174
176
176
177
178
178
181
180
182
183
183
186
187
187
188
188
191
192
191
192
194
196
197
197
197
199
200
201
201
203
203
205
206
207
208
208
211
210
211
213
214
216
216
217
218
220
221
221
221
222
225
225
227
227
229
228
229
231
231
233
233
234
235
238
237
239
241
240
243
242
244
246
247
247
247
250
249
250
251
252
253
254
257
257
259
260
260
260
262
264
264
266
265
268
268
269
269
271
272
273
275
275
275
276
279
279
281
280
281
282
285
284
285
287
289
288
290
292
292
292
294
295
297
298
297
299
299
302
301
302
303
306
306
307
307
309
311
312
312
314
313
314
316
318
317
318
321
321
321
323
325
326
325
327
328
328
329
330
331
332
333
334
335
337
339
339
339
342
342
343
345
344
345
347
349
348
351
351
353
352
353
355
357
356
357
359
361
360
363
364
363
366
366
367
368
368
371
371
371
374
373
374
377
376
379
379
379
382
381
384
383
385
385
388
389
388
390
391
392
392
395
395
395
396
398
399
399
401
403
404
403
404
405
406
408
410
411
412
413
412
415
416
417
417
419
419
421
421
422
423
425
424
425
426
428
429
431
432
431
432
434
435
435
437
439
440
440
441
442
442
445
446
445
447
447
450
450
450
452
452
454
456
455
458
457
460
460
462
462
463
465
464
466
466
468
468
469
472
473
474
473
476
476
476
477
480
480
482
481
482
485
486
487
488
489
490
491
491
493
493
493
496
496
497
497
500
501
500
501
504
503
504
506
506
509
510
509
511
513
513
514
515
516
517
519
518
519
521
523
522
525
525
525
526
527
529
530
530
533
534
535
536
535
537
539
540
539
541
541
542
545
544
547
546
548
549
551
552
551
554
554
554
555
558
558
559
559
560
563
564
565
565
566
566
567
570
569
570
571
574
574
574
577
577
578
579
579
581
582
582
584
586
586
588
588
589
590
591
593
592
593
594
597
596
598
600
601
601
601
602
604
606
605
607
608
610
611
611
612
614
613
614
616
618
617
618
619
622
623
623
625
625
626
628
628
630
631
631
632
634
635
635
635
636
639
639
639
640
642
644
645
645
647
646
647
650
650
652
652
654
653
655
655
658
658
660
660
660
662
662
664
664
666
668
667
670
669
671
673
673
674
675
677
676
679
679
680
682
681
682
685
685
685
688
687
690
691
692
691
692
695
696
696
698
698
699
700
702
701
702
705
706
707
708
707
710
709
711
712
713
713
714
717
717
717
720
719
720
722
722
723
726
725
728
728
730
730
732
733
734
733
735
736
738
737
740
740
741
742
743
743
746
747
746
747
749
751
750
752
754
755
754
757
758
759
758
761
761
761
764
763
764
765
768
767
769
771
772
771
773
773
775
775
776
778
778
781
781
782
782
784
784
785
786
788
789
790
791
793
793
793
795
797
797
797
800
801
800
803
803
805
806
807
808
807
809
809
812
811
814
814
814
815
818
817
819
819
820
821
823
824
824
827
827
829
828
830
830
832
832
834
834
836
837
838
840
839
842
843
842
845
845
846
846
847
848
851
852
851
852
853
855
856
858
857
859
861
862
862
863
863
866
865
868
868
869
871
871
871
874
875
874
875
877
878
879
880
880
881
883
884
884
885
886
887
890
890
891
893
894
895
896
897
898
899
898
900
902
902
902
904
904
905
908
909
910
909
910
913
913
915
916
917
916
919
918
919
920
922
924
925
925
927
927
929
930
930
931
932
932
934
936
936
938
938
939
940
940
942
944
944
946
946
947
949
948
950
952
952
952
955
954
955
957
959
958
960
961
962
964
965
964
965
966
967
970
970
972
973
973
975
974
975
977
977
978
980
981
981
984
983
986
985
987
988
988
990
992
992
992
993
994
996
996
998
1000
1001
1000
1003
1002
1005
1005
1005
1006
1007
1008
1010
1011
1011
1013
1014
1015
1016
1018
1017
1020
1021
1022
1021
1023
1025
1024
1027
1027
1028
1028
1030
1031
1032
1032
1034
1034
1037
1036
1037
1040
1040
1041
1042
1044
1043
1044
1046
1048
1047
1049
1049
1052
1051
1052
1054
1055
1056
1056
1057
1060
1059
1061
1062
1064
1065
1064
1065
1067
1067
1069
1070
1071
1071
1072
1074
1076
1076
1078
1078
1079
1081
1081
1081
1084
1085
1085
1086
1087
1089
1089
1089
1090
1091
1094
1095
1096
1095
1097
1098
1098
1099
1100
1103
1102
1103
1104
1105
1107
1108
1108
1109
1110
1113
1112
1113
1116
1117
1118
1117
1120
1120
1122
1121
1124
1125
1124
1126
1128
1128
1128
1129
1131
1131
1134
1133
1136
1135
1136
1138
1140
1139
1142
1143
1142
1143
1146
1145
1147
1149
1148
1149
1151
1151
1152
1153
1156
1156
1158
1159
1160
1161
1162
1163
1163
1165
1166
1166
1166
1169
1170
1169
1171
1172
1174
1174
1176
1177
1177
1178
1178
1181
1181
1183
1183
1183
1186
1185
1187
1189
1189
1190
1190
1192
1192
1194
1194
1195
1198
1198
1198
1201
1201
1202
1203
1204
1204
1206
1208
1209
1210
1211
1212
1212
1213
1213
1215
1216
1218
1217
1218
1219
1222
1222
1223
1223
1226
1225
1227
1229
1230
1231
1230
1232
1233
1235
1234
1236
1236
1239
1239
1239
1242
1241
1244
1244
1245
1246
1248
1247
1249
1250
1251
1252
1254
1255
1254
1255
1258
1258
1258
1261
1261
1261
1263
1265
1266
1267
1267
1267
1268
1269
1271
1273
1272
1274
1275
1277
1278
1278
1278
1280
1280
1282
1282
1284
1285
1285
1288
1288
1290
1291
1291
1292
1293
1295
1295
1295
1296
1297
1300
1299
1300
1301
1304
1304
1306
1306
1307
1309
1309
1310
1311
1313
1312
1315
1314
1317
1316
1317
1318
1321
1320
1323
1323
1325
1326
1327
1326
1329
1330
1331
1332
1331
1333
1333
1335
1336
1338
1337
1339
1340
1340
1341
1343
1344
1346
1347
1346
1349
1348
1350
1352
1352
1352
1353
1354
1356
1356
1358
1358
1359
1361
1362
1362
1363
1366
1367
1367
1369
1369
1369
1372
1372
1372
1374
1376
1377
1376
1377
1380
1380
1381
1382
1382
1383
1386
1386
1387
1387
1388
1391
1390
1393
1393
1394
1396
1395
1397
1398
1399
1401
1402
1401
1403
1405
1406
1405
1406
1407
1409
1411
1412
1413
1414
1413
1416
1416
1418
1417
1420
1419
1421
1421
1422
1425
1426
1427
1427
1428
1429
1431
1431
1432
1432
1435
1435
1437
1436
1438
1440
1440
1441
1443
1442
1443
1445
1446
1448
1448
1450
1451
1451
1451
1452
1454
1454
1455
1457
1459
1459
1459
1462
1463
1464
1465
1465
1465
1468
1469
1470
1471
1470
1471
1472
1475
1476
1476
1477
1479
1480
1479
1482
1482
1484
1485
1484
1485
1486
1488
1490
1490
1492
1492
1494
1494
1495
1496
1498
1498
1499
1501
1500
1503
1503
1504
1505
1505
1508
1509
1510
1511
1511
1512
1512
1513
1514
1515
1516
1518
1520
1519
1520
1521
1524
1523
1525
1525
1527
1529
1530
1531
1531
1531
1534
1535
1536
1536
1538
1539
1540
1540
1542
1541
1542
1543
1545
1546
1548
1549
1548
1551
1552
1551
1554
1554
1555
1556
1558
1557
1559
1560
1560
1563
1563
1563
1566
1565
1566
1569
1568
1571
1572
1571
1574
1575
1574
1576
1577
1579
1578
1581
1582
1581
1582
1584
1586
1587
1586
1588
1588
1590
1590
1591
1594
1595
1596
1596
1597
1599
1599
1600
1601
1601
1604
1604
1604
1607
1608
1608
1608
1609
1610
1611
1613
1614
1616
1615
1616
1618
1620
1619
1622
1621
1623
1625
1626
1625
1627
1627
1628
1629
1632
1632
1632
1634
1634
1635
1638
1637
1638
1641
1641
1641
1642
1645
1646
1647
1648
1647
1648
1651
1650
1652
1654
1653
1654
1657
1657
1659
1658
1661
1662
1661
1663
1663
1666
1665
1668
1668
1668
1671
1671
1673
1672
1674
1675
1675
1677
1679
1678
1681
1682
1683
1682
1685
1684
1687
1688
1688
1690
1689
1691
1693
1692
1694
1696
1695
1697
1698
1700
1700
1701
1702
1703
1705
1704
1706
1708
1709
1709
1709
1712
1711
1712
1713
1714
1715
1718
1717
1720
1720
1721
1722
1722
1725
1726
1726
1726
1728
1730
1729
1731
1732
1734
1735
1735
1737
1737
1738
1740
1741
1741
1743
1742
1745
1746
1746
1746
1747
1750
1751
1751
1752
1754
1753
1754
1757
1757
1759
1759
1759
1762
1763
1764
1765
1766
1766
1768
1768
1770
1770
1771
1773
1773
1774
1776
1776
1777
1779
1779
1780
1780
1781
1784
1785
1784
1785
1788
1788
1790
1789
1790
1793
1792
1793
1795
1795
1798
1798
1800
1800
1800
1801
1803
1803
1804
1805
1807
1809
1808
1809
1810
1812
1813
1815
1815
1817
1816
1817
1819
1820
1821
1823
1822
1825
1824
1825
1826
1827
1830
1831
1832
1833
1833
1834
1836
1837
1837
1838
1839
1841
1842
1842
1843
1844
1845
1847
1847
1848
1848
1851
1850
1853
1852
1854
1856
1855
1858
1857
1858
1860
1860
1863
1863
1864
1865
1867
1866
1867
1869
1871
1870
1872
1872
1873
1874
1876
1878
1878
1879
1879
1881
1882
1882
1884
1884
1885
1888
1887
1888
1889
1891
1892
1892
1893
1894
1896
1898
1898
1900
1900
1901
1902
1904
1905
1905
1905
1908
1908
1909
1909
1912
1912
1914
1913
1914
1916
1916
1918
1919
1920
1921
1922
1922
1925
1925
1926
1928
1928
1928
1931
1932
1933
1932
1933
1936
1937
1936
1938
1940
1939
1942
1943
1944
1945
1946
1947
1947
1947
1949
1949
1952
1951
1953
1953
1954
1955
1958
1959
1960
1960
1962
1963
1962
1963
1966
1967
1967
1967
1969
1969
1971
1971
1974
1973
1975
1977
1976
1979
1978
1981
1982
1981
1982
1984
1985
1986
1988
1988
1989
1990
1992
1992
1993
1993
1996
1996
1997
1998
1999
2001
2002
2001
2003
2005
2005
2007
2008
2009
2009
2011
2012
2013
2012
2013
2014
2017
2017
2018
2019
2019
2022
2022
2024
2024
2025
2027
2026
2029
2029
2031
2030
2032
2032
2034
2034
2037
2036
2039
2039
2040
2040
2042
2042
2043
2046
2047
2048
2048
2049
2049
2052
2052
2054
2055
2054
2056
2058
2058
2059
2059
2060
2062
2064
2064
2066
2066
2067
2067
2069
2069
2072
2072
2072
2073
2076
2077
2076
2079
2079
2080
2081
2082
2082
2083
2085
2086
2088
2087
2090
2091
2091
2091
2092
2095
2096
2096
2096
2098
2099
2101
2102
2102
2103
2105
2104
2106
2108
2107
2108
2110
2110
2113
2114
2114
2114
2116
2116
2117
2119
2121
2122
2122
2124
2123
2125
2127
2128
2129
2129
2129
2131
2132
2132
2133
2134
2135
2137
2137
2139
2139
2142
2142
2144
2145
2144
2145
2147
2147
2149
2149
2150
2151
2153
2154
2155
2155
2157
2157
2160
2159
2162
2162
2164
2165
2166
2167
2168
2169
2169
2169
2172
2171
2172
2175
2174
2176
2176
2178
2178
2181
2182
2181
2184
2184
2185
2186
2188
2187
2189
2191
2191
2191
2193
2193
2194
2196
2196
2199
2198
2201
2201
2201
2202
2205
2204
2206
2206
2208
2210
2209
2210
2213
2214
2213
2216
2216
2218
2219
2220
2220
2221
2221
2222
2223
2225
2225
2228
2227
2229
2229
2232
2233
2232
2233
2236
2236
2238
2237
2238
2240
2242
2242
2244
2244
2245
2246
2248
2248
2248
2249
2250
2253
2252
2253
2256
2255
2257
2258
2258
2261
2262
2261
2264
2265
2264
2266
2268
2269
2270
2269
2272
2272
2273
2275
2274
2276
2277
2277
2280
2281
2280
2281
2283
2285
2285
2287
2288
2287
2289
2289
2292
2292
2292
2295
2295
2297
2297
2297
2300
2299
2300
2302
2304
2303
2305
2305
2307
2309
2309
2309
2311
2312
2314
2314
2315
2315
2316
2318
2318
2320
2321
2321
2324
2323
2324
2327
2328
2328
2330
2330
2330
2332
2333
2335
2335
2337
2336
2339
2338
2341
2340
2342
2343
2345
2346
2345
2347
2347
2349
2350
2352
2352
2354
2355
2355
2357
2357
2358
2360
2361
2360
2363
2362
2364
2366
2367
2368
2367
2370
2371
2372
2371
2373
2374
2375
2377
2378
2379
2380
2380
2380
2383
2384
2384
2384
2386
2387
2388
2390
2389
2391
2391
2394
2395
2396
2395
2397
2398
2398
2400
2400
2401
2404
2403
2406
2405
2408
2408
2410
2411
2410
2411
2414
2413
2415
2417
2417
2417
2419
2421
2420
2422
2424
2424
2424
2426
2428
2427
2429
2431
2431
2433
2432
2433
2436
2437
2436
2438
2439
2439
2442
2443
2443
2444
2444
2447
2447
2449
2448
2449
2451
2453
2453
2453
2455
2455
2456
2457
2458
2460
2462
2463
2462
2464
2464
2466
2466
2468
2468
2469
2472
2473
2472
2474
2474
2475
2477
2479
2480
2481
2480
2482
2484
2485
2486
2485
2486
2487
2489
2490
2492
2491
2493
2494
2495
2497
2498
2497
2498
2501
2501
2501
2504
2504
2506
2505
2508
2508
2508
2510
2511
2512
2512
2513
2515
2516
2517
2519
2519
2521
2520
2523
2522
2525
2524
2527
2527
2527
2528
2529
2532
2532
2533
2535
2534
2536
2536
2539
2538
2540
2541
2542
2542
2545
2545
2546
2547
2547
2549
2549
2552
2551
2554
2555
2556
2555
2558
2559
2558
2561
2562
2561
2563
2564
2564
2567
2568
2567
2569
2571
2571
2572
2573
2574
2575
2575
2577
2579
2578
2581
2582
2583
2582
2583
2586
2585
2586
2588
2590
2591
2592
2593
2594
2594
2594
2597
2597
2598
2599
2599
2601
2601
2604
2603
2604
2605
2606
2608
2610
2610
2611
2611
2613
2613
2615
2615
2616
2618
2618
2619
2621
2621
2622
2624
2625
2625
2627
2627
2630
2629
2632
2632
2632
2634
2636
2636
2638
2639
2638
2641
2641
2643
2642
2643
2646
2646
2647
2647
2649
2650
2651
2653
2653
2654
2655
2656
2658
2657
2659
2661
2660
2662
2663
2664
2664
2665
2667
2667
2668
2670
2672
2671
2673
2673
2674
2675
2678
2679
2679
2679
2682
2683
2683
2683
2685
2687
2688
2688
2688
2690
2691
2692
2694
2695
2696
2695
2696
2697
2698
2700
2702
2701
2703
2703
2705
2707
2708
2707
2710
2710
2712
2712
2714
2713
2716
2715
2716
2719
2720
2719
2721
2721
2723
2724
2724
2726
2728
2728
2730
2729
2730
2733
2733
2735
2734
2737
2738
2737
2739
2741
2740
2742
2742
2745
2745
2745
2746
2749
2750
2750
2752
2752
2753
2753
2754
2755
2757
2757
2760
2760
2761
2763
2763
2763
2766
2765
2766
2769
2769
2771
2771
2772
2772
2775
2775
2777
2778
2777
2779
2779
2781
2782
2783
2783
2785
2787
2786
2788
2788
2789
2790
2793
2792
2795
2796
2795
2796
2799
2800
2800
2800
2801
2803
2803
2806
2805
2807
2807
2808
2811
2810
2812
2814
2815
2814
2815
2818
2817
2820
2819
2821
2821
2824
2823
2826
2827
2826
2827
2830
2829
2831
2831
2833
2833
2834
2837
2837
2838
2838
2841
2842
2841
2844
2845
2844
2847
2848
2849
2848
2851
2850
2851
2854
2853
2854
2857
2856
2857
2860
2859
2861
2862
2862
2864
2866
2865
2867
2868
2868
2870
2870
2871
2874
2873
2876
2877
2878
2879
2878
2879
2882
2882
2883
2885
2885
2886
2887
2888
2890
2889
2891
2893
2892
2894
2895
2897
2896
2899
2899
2900
2901
2903
2904
2904
2904
2907
2907
2909
2909
2910
2910
2913
2914
2914
2915
2917
2916
2917
2919
2919
2921
2922
2922
2924
2926
2926
2927
2927
2929
2929
2932
2933
2932
2934
2935
2935
2937
2939
2938
2940
2942
2942
2942
2945
2944
2946
2947
2948
2950
2949
2951
2952
2953
2955
2954
2956
2956
2957
2958
2960
2961
2963
2963
2964
2966
2967
2968
2968
2969
2969
2972
2971
2973
2975
2974
2977
2978
2979
2978
2980
2980
2983
2982
2984
2985
2987
2987
2988
2988
2991
2990
2992
2994
2994
2995
2997
2997
2997
2999
2999
3000
3001
3003
3005
3005
3007
3008
3008
3008
3009
3010
3011
3013
3014
3014
3017
3017
3018
3020
3021
3021
3021
3022
3023
3026
3026
3026
3027
3028
3030
3031
3031
3034
3034
3034
3036
3037
3037
3040
3040
3040
3042
3044
3044
3044
3047
3048
3048
3049
3051
3050
3053
3054
3054
3054
3056
3057
3057
3058
3060
3062
3062
3064
3063
3064
3065
3068
3069
3068
3069
3070
3073
3073
3075
3075
3076
3078
3077
3078
3080
3080
3081
3083
3083
3086
3087
3087
3088
3090
3091
3090
3091
3094
3093
3094
3097
3097
3099
3100
3101
3100
3101
3104
3104
3104
3105
3108
3108
3110
3111
3112
3113
3112
3114
3116
3116
3116
3119
3120
3119
3122
3122
3122
3124
3126
3126
3128
3127
3130
3130
3130
3133
3134
3135
3135
3135
3137
3138
3140
3139
3141
3142
3142
3145
3144
3146
3146
3147
3149
3150
3152
3151
3152
3153
3154
3157
3158
3159
3160
3161
3161
3161
3164
3164
3164
3165
3168
3168
3168
3170
3172
3173
3172
3173
3175
3176
3178
3177
3180
3179
3182
3182
3183
3185
3186
3186
3187
3189
3189
3190
3191
3191
3193
3193
3196
3197
3198
3198
3199
3199
3200
3202
3204
3203
3206
3206
3207
3208
3210
3210
3212
3212
3212
3214
3215
3217
3217
3217
3220
3221
3222
3222
3222
3224
3226
3225
3227
3229
3230
3229
3232
3233
3233
3235
3234
3235
3236
3239
3240
3239
3241
3243
3244
3245
3244
3246
3247
3248
3249
3251
3252
3252
3252
3253
3254
3255
3257
3258
3260
3259
3262
3263
3263
3264
3266
3266
3267
3267
3268
3270
3271
3273
3272
3273
3276
3277
3278
3278
3278
3281
3280
3281
3282
3284
3285
3286
3287
3287
3289
3291
3291
3291
3294
3295
3296
3297
3296
3298
3298
3301
3301
3303
3304
3305
3304
3307
3307
3307
3308
3309
3310
3312
3313
3314
3314
3317
3316
3318
3318
3321
3321
3323
3322
3324
3326
3325
3327
3328
3328
3331
3331
3332
3333
3333
3335
3337
3338
3337
3340
3339
3341
3341
3343
3345
3346
3346
3346
3347
3349
3350
3352
3353
3352
3353
3355
3356
3357
3357
3360
3360
3360
3361
3362
3364
3365
3366
3367
3368
3370
3370
3371
3372
3372
3373
3375
3377
3378
3379
3380
3379
3380
3383
3383
3385
3386
3385
3386
3388
3389
3391
3390
3393
3394
3393
3395
3396
3396
3397
3400
3401
3402
3401
3404
3405
3405
3405
3408
3408
3408
3410
3412
3412
3413
3414
3414
3417
3418
3418
3418
3420
3421
3422
3422
3424
3425
3427
3428
3429
3428
3430
3430
3432
3434
3435
3434
3435
3436
3437
3440
3439
3442
3441
3443
3445
3445
3445
3447
3448
3449
3450
3450
3452
3454
3455
3456
3457
3457
3459
3459
3459
3461
3463
3463
3464
3465
3467
3466
3468
3468
3471
3472
3471
3472
3475
3476
3477
3478
3477
3479
3480
3482
3483
3484
3483
3486
3485
3488
3488
3488
3490
3491
3492
3493
3493
3494
3495
3496
3497
3498
3499
3500
3503
3503
3504
3506
3506
3507
3508
3509
3511
3511
3513
3514
3514
3516
3517
3517
3518
3519
3520
3520
3521
3523
3525
3525
3526
3527
3529
3530
3530
3532
3533
3533
3535
3534
3536
3536
3539
3538
3539
3540
3542
3544
3545
3544
3546
3546
3549
3548
3550
3551
3552
3553
3553
3556
3557
3557
3557
3560
3560
3561
3563
3562
3563
3565
3567
3567
3569
3569
3569
3572
3573
3573
3574
3576
3577
3576
3577
3580
3580
3581
3582
3582
3583
3585
3587
3587
3587
3590
3589
3591
3592
3594
3595
3596
3596
3598
3599
3600
3601
3602
3602
3603
3603
3605
3606
3607
3608
3609
3609
3610
3613
3614
3614
3614
3616
3616
3618
3620
3619
3621
3622
3624
3625
3624
3626
3627
3628
3628
3629
3630
3631
3632
3634
3635
3636
3636
3637
3638
3640
3640
3642
3644
3643
3646
3645
3647
3647
3650
3649
3651
3652
3654
3654
3655
3657
3656
3657
3658
3660
3661
3662
3664
3665
3664
3666
3666
3667
3669
3671
3672
3673
3673
3675
3674
3677
3678
3678
3678
3680
3682
3683
3683
3685
3684
3687
3687
3688
3688
3689
3691
3691
3693
3694
3696
3697
3696
3698
3698
3701
3700
3701
3703
3705
3704
3706
3707
3707
3708
3711
3712
3711
3714
3713
3716
3717
3717
3718
3720
3720
3722
3722
3723
3725
3726
3726
3727
3727
3730
3731
3732
3731
3732
3734
3736
3735
3736
3739
3739
3740
3741
3742
3743
3743
3746
3746
3746
3747
3748
3749
3752
3752
3753
3754
3754
3756
3758
3759
3759
3761
3762
3762
3762
3763
3766
3766
3767
3769
3768
3769
3770
3773
3774
3775
3776
3777
3777
3777
3778
3779
3781
3781
3783
3783
3786
3787
3786
3789
3789
3791
3792
3792
3793
3793
3795
3795
3797
3797
3799
3801
3801
3802
3803
3804
3806
3806
3806
3807
3810
3811
3810
3812
3814
3815
3815
3816
3817
3818
3820
3819
3822
3823
3824
3823
3826
3826
3827
3829
3828
3831
3831
3833
3834
3833
3834
3837
3837
3839
3840
3840
3841
3842
3844
3843
3844
3846
3846
3847
3848
3851
3851
3853
3853
3854
3854
3856
3858
3859
3858
3861
3862
3863
3864
3865
3864
3865
3867
3868
3870
3871
3871
3871
3872
3873
3875
3876
3878
3879
3880
3880
3881
3881
3883
3883
3885
3887
3888
3889
3890
3889
3892
3892
3894
3895
3895
3897
3898
3897
3900
3901
3902
3901
3902
3903
3905
3906
3906
3909
3910
3911
3910
3912
3913
3914
3916
3915
3917
3919
3920
3919
3922
3923
3924
3923
3926
3926
3926
3928
3930
3931
3931
3933
3932
3934
3934
3935
3936
3937
3940
3941
3941
3943
3944
3943
3945
3946
3946
3947
3949
3949
3950
3952
3952
3953
3955
3957
3958
3959
3959
3961
3962
3963
3964
3964
3965
3967
3967
3968
3969
3969
3972
3971
3972
3974
3974
3976
3976
3977
3979
3981
3981
3981
3982
3984
3984
3985
3987
3988
3988
3991
3990
3993
3994
3995
3994
3995
3998
3999
3998
3999
4002
4001
4002
4003
4006
4005
4008
4007
4009
4010
4012
4011
4014
4013
4016
4015
4017
4017
4019
4020
4021
4023
4024
4023
4025
4027
4028
4027
4030
4029
4032
4033
4033
4035
4034
4035
4037
4037
4038
4039
4042
4041
4042
4045
4045
4045
4046
4047
4049
4051
4051
4051
4053
4053
4055
4055
4057
4058
4059
4060
4061
4061
4063
4065
4065
4067
4066
4069
4070
4070
4072
4073
4074
4075
4075
4076
4076
4079
4079
4081
4081
4081
4082
4085
4085
4086
4088
4087
4088
4089
4091
4093
4094
4093
4094
4095
4096
4097
4100
4101
4100
4103
4104
4105
4106
4106
4106
4107
4108
4111
4110
4112
4112
4113
4115
4117
4116
4117
4120
4119
4122
4122
4122
4124
4125
4125
4128
4128
4130
4131
4132
4133
4133
4134
4135
4135
4136
4139
4140
4140
4141
4143
4142
4145
4144
4146
4147
4147
4148
4150
4151
4151
4154
4154
4156
4157
4156
4158
4159
4161
4160
4161
4163
4164
4166
4167
4168
4167
4170
4171
4172
4173
4174
4175
4175
4175
4178
4178
4179
4179
4182
4181
4182
4183
4186
4187
4186
4189
4189
4190
4191
4192
4194
4193
4194
4197
4197
4197
4198
4199
4200
4203
4202
4205
4204
4207
4206
4209
4209
4210
4210
4212
4213
4213
4215
4215
4216
4218
4218
4220
4221
4223
4224
4223
4224
4225
4226
4228
4228
4229
4232
4231
4232
4233
4234
4235
4236
4237
4238
4240
4242
4241
4244
4243
4245
4247
4248
4248
4249
4249
4250
4253
4254
4253
4254
4255
4256
4257
4260
4261
4261
4261
4262
4265
4264
4266
4266
4268
4270
4270
4270
4273
4274
4273
4274
4276
4276
4277
4278
4281
4280
4283
4283
4284
4286
4285
4288
4288
4288
4291
4290
4291
4294
4293
4294
4295
4298
4297
4300
4299
4302
4303
4304
4305
4304
4305
4307
4308
4309
4311
4310
4313
4313
4315
4314
4317
4318
4317
4318
4320
4322
4322
4324
4325
4325
4327
4326
4329
4330
4329
4332
4333
4334
4335
4336
4335
4338
4338
4339
4340
4340
4343
4343
4343
4346
4346
4346
4349
4349
4349
4351
4352
4353
4353
4355
4355
4358
4359
4360
4359
4362
4363
4362
4365
4365
4367
4366
4368
4368
4370
4370
4372
4373
4374
4376
4376
4377
4379
4379
4379
4380
4381
4382
4385
4385
4387
4386
4388
4390
4389
4392
4393
4392
4395
4396
4396
4397
4397
4398
4401
4402
4403
4403
4404
4404
4406
4408
4409
4409
4411
4410
4413
4414
4414
4415
4415
4416
4419
4420
4419
4421
4422
4422
4425
4424
4425
4427
4429
4428
4429
4432
4433
4434
4435
4435
4435
4437
4438
4438
4441
4440
4442
4444
4443
4446
4446
4448
4447
4449
4450
4451
4451
4453
4454
4456
4457
4458
4459
4458
4461
4462
4461
4464
4464
4466
4466
4467
4467
4469
4471
4471
4473
4473
4473
4474
4476
4478
4479
4480
4481
4481
4482
4484
4485
4484
4485
4486
4489
4490
4489
4492
4492
4492
4494
4494
4496
4497
4499
4500
4499
4502
4501
4504
4504
4506
4507
4506
4509
4510
4509
4511
4513
4513
4514
4516
4516
4518
4519
4518
4520
4520
4523
4522
4524
4525
4525
4528
4527
4530
4531
4530
4533
4532
4533
4535
4535
4536
4539
4540
4540
4542
4542
4542
4543
4544
4545
4547
4547
4548
4551
4551
4551
4554
4554
4556
4556
4558
4559
4560
4560
4562
4561
4564
4563
4565
4565
4566
4569
4570
4569
4571
4572
4574
4575
4576
4577
4578
4578
4580
4579
4580
4582
4583
4583
4584
4586
4587
4589
4589
4589
4592
4592
4594
4594
4595
4595
4597
4599
4598
4600
4602
4602
4602
4605
4605
4607
4608
4608
4609
4609
4611
4612
4614
4613
4616
4615
4616
4617
4618
4620
4622
4623
4624
4624
4624
4626
4627
4629
4628
4631
4631
4633
4633
4634
4636
4635
4637
4637
4639
4639
4640
4641
4644
4645
4646
4646
4646
4649
4650
4650
4651
4653
4652
4653
4654
4657
4658
4659
4660
4661
4661
4662
4664
4664
4664
4667
4667
4667
4670
4669
4670
4671
4673
4673
4674
4675
4678
4678
4678
4680
4682
4682
4683
4683
4686
4686
4686
4688
4689
4689
4690
4691
4694
4694
4695
4695
4697
4697
4699
4699
4700
4701
4703
4705
4705
4706
4706
4707
4710
4710
4710
4713
4712
4714
4715
4715
4716
4718
4720
4721
4722
4722
4722
4725
4726
4725
4726
4727
4728
4731
4731
4732
4734
4735
4734
4735
4737
4738
4739
4740
4742
4742
4743
4743
4746
4747
4747
4747
4749
4750
4750
4752
4754
4754
4755
4757
4758
4759
4758
4761
4761
4762
4762
4764
4765
4766
4767
4768
4768
4771
4772
4771
4773
4774
4775
4777
4777
4779
4780
4779
4782
4782
4783
4784
4784
4785
4788
4789
4790
4791
4791
4793
4794
4793
4794
4796
4797
4799
4800
4801
4800
4802
4802
4804
4804
4807
4806
4809
4808
4810
4812
4813
4814
4813
4815
4815
4818
4817
4820
4820
4820
4821
4822
4825
4824
4826
4826
4827
4829
4830
4830
4832
4832
4834
4834
4836
4837
4838
4838
4840
4840
4843
4842
4843
4845
4846
4846
4847
4850
4851
4852
4851
4852
4854
4854
4857
4858
4858
4858
4859
4862
4861
4864
4863
4866
4865
4867
4867
4870
4871
4872
4873
4874
4875
4874
4876
4877
4877
4879
4880
4880
4883
4884
4883
4884
4887
4888
4889
4889
4889
4891
4892
4893
4894
4895
4895
4897
4898
4899
4899
4900
4902
4902
4903
4904
4905
4908
4909
4909
4910
4911
4912
4912
4913
4914
4915
4917
4917
4919
4919
4921
4921
4923
4925
4925
4926
4926
4927
4930
4931
4931
4931
4932
4933
4934
4936
4937
4939
4938
4940
4941
4943
4944
4945
4945
4945
4946
4947
4950
4951
4950
4951
4954
4954
4954
4955
4958
4958
4959
4961
4961
4962
4964
4965
4965
4965
4966
4967
4968
4970
4971
4973
4974
4975
4976
4976
4978
4977
4979
4980
4980
4983
4984
4985
4984
4985
4986
4988
4990
4991
4991
4991
4992
4994
4996
4996
4998
4997
4999
5001
5002
5002
5004
5005
5004
5007
5006
5009
5008
5010
5012
5011
5012
5015
5014
5016
5017
5017
5018
5019
5022
5023
5024
5025
5025
5027
5027
5027
5028
5030
5032
5031
5034
5035
5036
5035
5038
5037
5040
5041
5042
5043
5042
5043
5044
5045
5048
5048
5049
5049
5052
5052
5052
5055
5056
5057
5058
5057
5060
5059
5062
5063
5063
5065
5064
5066
5068
5069
5070
5069
5070
5072
5072
5073
5075
5075
5077
5077
5080
5079
5081
5083
5083
5085
5085
5085
5087
5088
5090
5090
5092
5093
5093
5094
5096
5096
5096
5099
5099
5101
5100
5102
5102
5104
5104
5107
5107
5108
5108
5110
5112
5113
5113
5113
5116
5115
5118
5118
5118
5120
5120
5121
5122
5125
5126
5125
5127
5129
5129
5131
5132
5132
5134
5133
5134
5137
5136
5139
5139
5140
5141
5141
5142
5143
5145
5145
5146
5147
5148
5150
5152
5152
5154
5154
5154
5156
5158
5159
5159
5159
5162
5162
5162
5164
5166
5165
5167
5167
5168
5171
5172
5173
5174
5175
5176
5177
5177
5177
5180
5180
5181
5181
5184
5184
5185
5185
5188
5188
5188
5191
5192
5193
5192
5193
5196
5195
5196
5197
5198
5201
5200
5203
5203
5203
5204
5206
5208
5209
5210
5209
5211
5212
5213
5214
5214
5217
5217
5217
5218
5221
5222
5221
5223
5223
5225
5225
5227
5227
5229
5231
5232
5233
5234
5233
5234
5235
5238
5237
5240
5241
5241
5241
5243
5245
5246
5247
5248
5247
5248
5249
5252
5251
5253
5255
5255
5257
5256
5259
5260
5261
5262
5263
5263
5265
5265
5267
5266
5267
5268
5270
5271
5272
5274
5273
5275
5277
5278
5277
5278
5281
5281
5282
5282
5283
5284
5286
5286
5287
5290
5289
5290
5292
5293
5295
5295
5297
5298
5299
5298
5301
5300
5302
5303
5303
5305
5307
5308
5308
5308
5309
5312
5311
5314
5315
5314
5317
5318
5318
5318
5320
5320
5322
5322
5324
5326
5327
5326
5328
5329
5330
5331
5333
5332
5333
5336
5337
5336
5337
5339
5340
5341
5342
5343
5343
5345
5345
5348
5347
5349
5349
5352
5352
5354
5353
5356
5356
5356
5357
5358
5360
5362
5362
5363
5363
5366
5366
5368
5367
5369
5369
5372
5373
5374
5375
5374
5376
5378
5377
5380
5380
5381
5381
5382
5384
5384
5385
5386
5388
5389
5389
5392
5392
5392
5394
5395
5397
5398
5397
5398
5401
5402
5403
5404
5404
5406
5405
5408
5408
5408
5409
5410
5413
5412
5414
5414
5416
5417
5418
5420
5419
5422
5423
5423
5425
5424
5427
5428
5427
5429
5431
5430
5431
5434
5434
5436
5437
5438
5437
5439
5439
5440
5443
5442
5443
5444
5446
5448
5447
5448
5450
5450
5453
5452
5455
5456
5456
5458
5458
5460
5459
5460
5462
5462
5465
5466
5465
5468
5468
5469
5470
5471
5472
5472
5475
5476
5477
5477
5478
5480
5480
5482
5483
5483
5483
5486
5485
5488
5489
5489
5490
5492
5493
5492
5494
5495
5497
5498
5498
5499
5499
5500
5502
5504
5504
5505
5506
5506
5509
5510
5511
5511
5513
5512
5515
5514
5517
5516
5519
5520
5520
5521
5523
5522
5525
5525
5525
5528
5527
5530
5531
5531
5531
5532
5533
5535
5536
5537
5539
5540
5540
5542
5541
5543
5543
5545
5546
5547
5548
5549
5549
5551
5553
5552
5555
5556
5556
5556
5559
5560
5559
5561
5561
5562
5565
5564
5567
5567
5569
5570
5569
5571
5573
5574
5575
5574
5575
5577
5578
5580
5581
5582
5581
5584
5583
5584
5586
5588
5588
5589
5591
5592
5591
5592
5595
5596
5597
5598
5598
5600
5600
5602
5602
5604
5604
5605
5607
5608
5608
5609
5611
5610
5612
5612
5613
5615
5616
5616
5619
5618
5620
5622
5623
5622
5623
5625
5627
5628
5628
5629
5629
5630
5633
5634
5635
5635
5635
5638
5638
5640
5639
5641
5641
5644
5644
5645
5646
5647
5648
5649
5650
5651
5651
5652
5654
5656
5657
5657
5658
5659
5659
5662
5663
5664
5664
5666
5665
5666
5669
5670
5671
5670
5672
5674
5673
5674
5676
5676
5679
5678
5680
5680
5683
5682
5684
5684
5687
5686
5689
5689
5689
5690
5692
5692
5693
5696
5697
5697
5697
5700
5701
5700
5702
5702
5705
5705
5706
5707
5709
5708
5709
5712
5711
5714
5713
5715
5716
5716
5717
5719
5721
5720
5722
5722
5723
5726
5726
5726
5728
5730
5729
5730
5733
5733
5734
5734
5735
5736
5739
5739
5740
5742
5741
5744
5743
5745
5747
5747
5748
5750
5751
5750
5751
5753
5755
5755
5756
5757
5758
5760
5759
5762
5761
5762
5764
5766
5765
5768
5769
5770
5770
5770
5771
5773
5773
5775
5775
5778
5779
5779
5781
5782
5782
5782
5784
5785
5786
5788
5789
5790
5790
5791
5793
5794
5795
5794
5796
5796
5797
5799
5799
5801
5803
5802
5803
5804
5806
5806
5807
5809
5811
5812
5811
5814
5815
5816
5815
5817
5818
5819
5820
5820
5823
5823
5825
5826
5826
5828
5829
5828
5829
5832
5832
5832
5833
5834
5836
5838
5838
5839
5841
5841
5843
5844
5843
5846
5847
5846
5848
5849
5851
5852
5853
5854
5854
5854
5856
5858
5859
5858
5859
5860
5861
5862
5863
5865
5865
5867
5868
5870
5869
5870
5871
5872
5874
5874
5877
5877
5879
5878
5881
5882
5881
5884
5885
5885
5887
5887
5889
5890
5891
5892
5893
5892
5893
5896
5897
5896
5899
5899
5899
5900
5903
5903
5903
5904
5905
5908
5909
5910
5910
5911
5912
5913
5914
5915
5916
5917
5917
5919
5919
5920
5922
5922
5924
5926
5925
5927
5927
5928
5931
5930
5931
5933
5933
5934
5937
5936
5937
5939
5939
5941
5942
5944
5944
5944
5946
5946
5949
5950
5950
5950
5953
5954
5954
5955
5956
5958
5959
5960
5961
5961
5961
5962
5964
5964
5965
5966
5968
5969
5971
5971
5971
5973
5974
5976
5976
5978
5979
5979
5980
5980
5983
5983
5985
5985
5985
5988
5988
5990
5990
5991
5992
5994
5994
5996
5996
5998
5997
6000
5999
6000
6002
6002
6004
6006
6005
6006
6009
6010
6011
6011
6013
6013
6013
6014
6015
6016
6019
6019
6019
6021
6021
6023
6023
6025
6026
6028
6027
6030
6031
6031
6033
6033
6033
6035
6035
6036
6039
6040
6039
6041
6042
6044
6043
6045
6047
6047
6048
6050
6051
6051
6051
6054
6055
6056
6056
6057
6058
6059
6059
6061
6062
6062
6065
6065
6067
6066
6068
6070
6069
6071
6072
6073
6074
6076
6077
6077
6077
6078
6080
6081
6083
6084
6084
6084
6087
6086
6088
6090
6091
6092
6091
6092
6093
6095
6096
6096
6098
6098
6099
6102
6102
6103
6103
6104
6106
6106
6107
6110
6110
6111
6112
6114
6114
6116
6117
6117
6117
6118
6119
6120
6121
6122
6124
6125
6127
6127
6129
6129
6131
6130
6132
6133
6134
6135
6137
6136
6139
6138
6139
6142
6142
6143
6144
6144
6146
6146
6148
6150
6149
6151
6151
6154
6153
6156
6156
6156
6157
6158
6160
6162
6161
6164
6164
6166
6167
6167
6167
6169
6170
6170
6172
6172
6175
6176
6175
6177
6179
6180
6180
6181
6182
6184
6183
6186
6186
6188
6187
6190
6191
6192
6192
6192
6195
6194
6195
6198
6198
6199
6200
6200
6203
6202
6203
6206
6207
6207
6208
6208
6210
6212
6212
6212
6214
6216
6215
6218
6218
6219
6221
6221
6221
6224
6225
6224
6227
6228
6229
6230
6230
6231
6233
6233
6234
6234
6235
6237
6239
6239
6240
6241
6242
6242
6244
6246
6245
6247
6249
6250
6251
6252
6252
6253
6254
6254
6256
6257
6258
6259
6259
6260
6261
6263
6264
6266
6267
6268
6267
6269
6270
6270
6273
6274
6274
6275
6277
6276
6278
6280
6281
6281
6283
6283
6285
6285
6287
6287
6289
6289
6289
6291
6293
6292
6295
6295
6297
6298
6298
6298
6299
6302
6301
6302
6303
6304
6306
6308
6307
6310
6311
6310
6312
6314
6314
6315
6315
6318
6319
6319
6320
6320
6323
6323
6323
6326
6325
6326
6328
6329
6330
6332
6332
6334
6333
6335
6337
6338
6339
6338
6339
6341
6342
6344
6345
6344
6345
6348
6349
6348
6349
6352
6352
6352
6353
6356
6355
6356
6359
6360
6361
6361
6363
6364
6364
6366
6365
6367
6369
6368
6371
6370
6371
6372
6375
6376
6375
6378
6378
6379
6379
6380
6381
6384
6384
6384
6387
6386
6388
6389
6391
6391
6392
6392
6393
6396
6397
6398
6397
6400
6401
6400
6403
6404
6403
6405
6407
6407
6409
6410
6409
6412
6413
6412
6415
6415
6416
6417
6419
6418
6419
6420
6423
6423
6423
6426
6426
6428
6428
6430
6429
6432
6431
6434
6435
6435
6437
6438
6437
6439
6440
6440
6442
6443
6443
6445
6445
6446
6449
6448
6449
6450
6451
6454
6455
6454
6455
6456
6457
6460
6460
6460
6462
6463
6464
6466
6465
6466
6468
6469
6471
6472
6472
6473
6474
6474
6477
6477
6477
6478
6480
6480
6481
6483
6483
6484
6487
6487
6488
6488
6489
6490
6492
6492
6495
6496
6497
6496
6497
6498
6500
6500
6501
6504
6505
6505
6505
6508
6509
6508
6511
6512
6513
6512
6514
6514
6516
6517
6518
6518
6521
6521
6522
6522
6524
6524
6526
6526
6527
6529
6530
6531
6533
6533
6535
6536
6537
6538
6538
6538
6540
6541
6541
6542
6545
6545
6545
6547
6547
6549
6550
6552
6551
6552
6554
6556
6556
6558
6557
6560
6560
6562
6562
6563
6564
6565
6565
6568
6568
6568
6571
6572
6572
6574
6573
6575
6576
6576
6579
6580
6581
6581
6583
6582
6585
6584
6585
6586
6589
6588
6591
6592
6591
6593
6593
6596
6595
6598
6598
6600
6601
6601
6603
6603
6604
6604
6607
6608
6608
6610
6610
6611
6611
6613
6615
6616
6617
6618
6619
6618
6619
6620
6623
6623
6625
6626
6626
6626
6628
6628
6631
6631
6632
6633
6635
6636
6637
6637
6639
6639
6640
6642
6643
6644
6644
6645
6646
6646
6648
6650
6649
6651
6651
6654
6653
6656
6655
6658
6659
6660
6661
6662
6662
6663
6665
6664
6665
6668
6667
6669
6669
6671
6671
6672
6674
6675
6677
6676
6678
6678
6679
6680
6681
6682
6683
6685
6685
6686
6688
6689
6690
6690
6692
6692
6695
6695
6696
6696
6698
6699
6700
6701
6702
6704
6705
6704
6705
6708
6708
6710
6709
6711
6711
6713
6715
6714
6717
6717
6719
6718
6721
6720
6723
6722
6723
6725
6727
6728
6729
6728
6730
6732
6733
6732
6734
6736
6736
6738
6739
6738
6741
6740
6743
6744
6744
6746
6745
6746
6747
6750
6751
6750
6751
6753
6754
6755
6755
6757
6758
6760
6761
6760
6762
6764
6764
6765
6767
6768
6767
6769
6771
6770
6773
6774
6773
6774
6777
6776
6779
6778
6779
6781
6781
6783
6785
6786
6785
6788
6788
6789
6791
6790
6793
6794
6793
6794
6795
6796
6799
6798
6801
6802
6802
6802
6805
6805
6805
6807
6808
6808
6811
6812
6812
6814
6814
6814
6817
6817
6817
6818
6819
6820
6823
6824
6823
6824
6825
6826
6827
6830
6830
6831
6833
6834
6834
6836
6835
6838
6837
6839
6839
6842
6842
6844
6845
6844
6846
6848
6849
6849
6849
6850
6853
6852
6853
6856
6856
6856
6859
6860
6861
6861
6862
6862
6863
6866
6867
6866
6867
6869
6869
6871
6872
6874
6873
6875
6877
6877
6878
6880
6880
6882
6883
6883
6883
6886
6887
6888
6889
6890
6890
6892
6892
6892
6893
6895
6895
6897
6897
6899
6901
6900
6903
6902
6903
6905
6907
6906
6909
6909
6911
6911
6912
6914
6914
6916
6916
6916
6918
6919
6921
6922
6922
6922
6923
6924
6925
6927
6928
6928
6931
6930
6932
6932
6934
6936
6936
6937
6939
6939
6941
6942
6941
6943
6944
6945
6945
6946
6949
6950
6951
6951
6953
6953
6953
6954
6956
6956
6958
6960
6960
6962
6961
6962
6965
6966
6967
6966
6967
6970
6970
6970
6973
6974
6975
6974
6976
6976
6978
6978
6979
6980
6981
6982
6984
6984
6985
6987
6988
6988
6990
6990
6993
6994
6993
6996
6996
6996
6999
7000
6999
7001
7003
7004
7005
7006
7005
7006
7007
7009
7011
7010
7013
7014
7014
7015
7017
7017
7019
7019
7021
7021
7022
7023
7024
7026
7026
7026
7027
7028
7031
7030
7031
7034
7033
7036
7037
7036
7039
7038
7040
7041
7042
7043
7044
7046
7047
7046
7048
7048
7051
7051
7053
7053
7053
7054
7055
7058
7057
7058
7059
7060
7062
7062
7065
7065
7067
7068
7069
7068
7071
7071
7072
7073
7075
7074
7075
7076
7078
7078
7079
7082
7082
7084
7083
7086
7085
7088
7089
7088
7089
7090
7092
7094
7093
7095
7096
7097
7098
7100
7100
7101
7101
7102
7103
7105
7106
7107
7108
7109
7110
7111
7111
7112
7114
7115
7116
7117
7117
7118
7120
7121
7121
7122
7124
7126
7126
7128
7127
7128
7130
7132
7131
7132
7135
7135
7136
7138
7139
7138
7139
7142
7142
7143
7143
7146
7147
7147
7148
7149
7151
7150
7153
7154
7153
7154
7156
7157
7157
7160
7161
7160
7162
7164
7163
7166
7166
7168
7168
7168
7171
7172
7171
7173
7173
7175
7176
7176
7179
7180
7180
7181
7183
7183
7185
7184
7186
7187
7188
7188
7190
7191
7191
7194
7194
7195
7196
7198
7198
7198
7200
7200
7203
7203
7205
7204
7205
7207
7209
7208
7209
7211
7213
7212
7213
7216
7215
7218
7218
7220
7221
7222
7223
7222
7225
7225
7226
7228
7229
7230
7229
7230
7231
7232
7235
7234
7236
7236
7238
7238
7239
7241
7243
7242
7245
7244
7245
7246
7249
7249
7249
7250
7252
7254
7253
7255
7256
7256
7258
7258
7259
7262
7261
7264
7263
7264
7267
7267
7268
7269
7271
7272
7271
7274
7275
7274
7277
7276
7277
7280
7281
7281
7281
7283
7284
7286
7286
7286
7289
7290
7289
7290
7293
7294
7295
7294
7295
7296
7299
7299
7300
7302
7301
7304
7305
7304
7307
7307
7309
7309
7310
7311
7311
7314
7313
7316
7316
7317
7317
7319
7320
7320
7322
7324
7323
7326
7327
7326
7329
7329
7331
7331
7332
7332
7333
7334
7337
7337
7339
7339
7341
7341
7343
7344
7344
7344
7347
7346
7349
7350
7350
7352
7352
7352
7354
7355
7355
7356
7357
7360
7359
7362
7362
7364
7363
7366
7365
7368
7367
7368
7369
7370
7373
7372
7373
7374
7377
7376
7378
7380
7379
7382
7382
7383
7384
7384
7385
7387
7389
7388
7391
7392
7391
7392
7394
7394
7397
7398
7397
7398
7400
7401
7401
7402
7403
7406
7407
7408
7409
7408
7411
7410
7412
7413
7415
7416
7417
7416
7418
7419
7420
7420
7422
7423
7425
7425
7425
7428
7427
7429
7429
7431
7431
7433
7433
7434
7435
7438
7437
7438
7441
7442
7442
7443
7444
7445
7445
7447
7448
7448
7451
7450
7451
7454
7454
7454
7455
7458
7457
7459
7460
7461
7461
7464
7465
7465
7467
7466
7467
7468
7470
7470
7473
7474
7475
7476
7475
7476
7478
7480
7479
7481
7483
7484
7483
7486
7487
7486
7489
7488
7491
7490
7492
7492
7495
7495
7496
7498
7499
7500
7501
7500
7503
7502
7503
7506
7505
7507
7507
7509
7511
7510
7513
7513
7513
7514
7516
7516
7518
7519
7520
7520
7523
7522
7524
7524
7526
7528
7529
7529
7530
7530
7532
7534
7534
7536
7536
7537
7539
7540
7541
7541
7541
7544
7543
7545
7547
7548
7548
7549
7550
7551
7553
7552
7554
7555
7556
7556
7558
7560
7560
7561
7563
7562
7563
7565
7566
7568
7567
7568
7571
7572
7572
7572
7575
7575
7576
7578
7578
7579
7580
7580
7583
7582
7585
7584
7587
7586
7588
7589
7591
7590
7593
7594
7593
7594
7595
7597
7599
7598
7601
7601
7601
7602
7605
7604
7605
7607
7607
7610
7611
7612
7611
7613
7613
7616
7617
7616
7617
7619
7621
7620
7622
7624
7625
7625
7627
7627
7628
7629
7631
7630
7632
7633
7635
7634
7637
7636
7639
7638
7639
7641
7643
7642
7643
7646
7645
7646
7647
7649
7650
7650
7653
7654
7655
7656
7657
7657
7657
7659
7660
7661
7663
7662
7665
7665
7666
7668
7669
7669
7671
7671
7673
7673
7674
7675
7676
7676
7678
7678
7681
7680
7681
7683
7683
7684
7685
7688
7689
7690
7689
7690
7692
7692
7693
7695
7697
7698
7697
7698
7699
7702
7702
7702
7704
7704
7707
7706
7707
7709
7709
7710
7713
7714
7714
7716
7717
7716
7719
7719
7721
7720
7721
7722
7724
7724
7727
7727
7727
7730
7731
7731
7733
7732
7733
7734
7735
7738
7738
7740
7739
7742
7743
7742
7744
7746
7745
7747
7749
7748
7749
7752
7751
7752
7753
7756
7757
7758
7758
7760
7761
7760
7762
7763
7763
7766
7767
7767
7768
7768
7770
7770
7773
7774
7773
7775
7776
7776
7777
7779
7779
7781
7782
7784
7785
7786
7786
7787
7788
7790
7790
7791
7791
7792
7795
7795
7795
7797
7799
7799
7801
7802
7802
7804
7804
7804
7806
7806
7807
7810
7811
7812
7812
7812
7814
7814
7817
7816
7817
7819
7819
7822
7821
7822
7823
7826
7826
7826
7828
7829
7830
7830
7831
7833
7833
7836
7836
7836
7839
7840
7839
7842
7843
7843
7843
7844
7847
7848
7847
7850
7850
7850
7852
7853
7853
7855
7856
7858
7858
7858
7861
7861
7862
7862
7863
7866
7865
7868
7869
7868
7871
7872
7871
7874
7874
7874
7877
7878
7878
7879
7881
7880
7882
7883
7883
7884
7885
7888
7887
7888
7889
7892
7893
7894
7893
7896
7896
7897
7899
7900
7900
7901
7903
7904
7903
7906
7906
7906
7908
7908
7911
7910
7911
7913
7915
7915
7916
7916
7918
7918
7920
7922
7923
7922
7924
7924
7925
7926
7929
7930
7931
7931
7931
7932
7934
7935
7937
7938
7939
7939
7939
7942
7942
7943
7943
7945
7945
7946
7949
7949
7949
7951
7951
7952
7955
7956
7957
7958
7957
7959
7961
7960
7961
7964
7963
7966
7966
7966
7969
7969
7970
7970
7971
7973
7975
7976
7977
7978
7979
7980
7981
7982
7982
7982
7983
7984
7985
7988
7987
7989
7990
7992
7993
7993
7995
7995
7995
7998
7998
7999
8000
