16000
16002
16001
15998
15998
15998
15996
15994
15995
15994
15992
15990
15989
15989
15987
15986
15985
15984
15983
15983
15981
15980
15979
15980
15978
15978
15975
15975
15973
15972
15973
15971
15971
15968
15969
15966
15967
15964
15965
15963
15961
15960
15961
15958
15959
15956
15955
15954
15954
15952
15952
15951
15950
15948
15949
15946
15947
15946
15944
15943
15943
15942
15939
15940
15939
15936
15936
15935
15934
15932
15931
15931
15929
15928
15928
15926
15926
15925
15924
15922
15923
15921
15921
15920
15918
15917
15917
15915
15915
15913
15911
15912
15909
15908
15909
15906
15905
15904
15905
15903
15901
15902
15901
15899
15898
15897
15895
15896
15893
15893
15891
15891
15891
15889
15887
15886
15885
15886
15883
15882
15882
15880
15879
15880
15878
15876
15877
15876
15874
15873
15873
15872
15871
15870
15867
15867
15866
15864
15864
15864
15861
15862
15859
15860
15858
15856
15856
15856
15853
15853
15851
15852
15851
15848
15849
15846
15846
15845
15844
15844
15842
15840
15840
15839
15837
15837
15837
15835
15833
15832
15832
15830
15829
15830
15829
15828
15825
15825
15825
15823
15823
15822
15819
15820
15817
15816
15815
15815
15813
15814
15811
15812
15811
15809
15807
15806
15805
15806
15805
15802
15801
15801
15800
15799
15798
15798
15795
15796
15793
15792
15792
15790
15791
15790
15787
15788
15785
15785
15783
15783
15782
15781
15779
15779
15779
15776
15777
15774
15773
15772
15772
15770
15770
15768
15769
15766
15765
15765
15763
15762
15762
15761
15760
15759
15759
15758
15756
15754
15754
15752
15752
15750
15750
15749
15748
15747
15746
15746
15745
15743
15743
15741
15741
15739
15739
15738
15735
15736
15734
15732
15731
15732
15729
15730
15728
15728
15727
15724
15723
15722
15721
15721
15719
15720
15719
15718
15715
15714
15714
15712
15713
15710
15709
15709
15707
15708
15706
15704
15703
15704
15702
15701
15699
15699
15697
15697
15696
15696
15695
15693
15691
15690
15691
15688
15687
15688
15686
15685
15685
15684
15681
15682
15680
15678
15679
15677
15675
15674
15674
15672
15672
15672
15670
15669
15669
15666
15665
15665
15665
15662
15661
15661
15660
15658
15658
15657
15655
15656
15653
15652
15651
15650
15650
15649
15648
15646
15647
15645
15644
15643
15641
15642
15639
15640
15638
15636
15637
15636
15635
15632
15631
15630
15630
15630
15627
15626
15626
15625
15624
15624
15621
15622
15619
15619
15617
15617
15616
15614
15613
15614
15612
15611
15609
15610
15608
15607
15605
15605
15604
15604
15603
15602
15601
15599
15599
15596
15595
15595
15593
15594
15591
15590
15590
15588
15588
15588
15587
15586
15585
15582
15583
15580
15581
15580
15577
15577
15576
15574
15573
15572
15571
15570
15569
15568
15569
15568
15566
15566
15563
15563
15562
15561
15560
15558
15559
15556
15557
15556
15553
15554
15553
15552
15551
15550
15547
15547
15545
15545
15544
15544
15543
15540
15541
15540
15537
15538
15537
15535
15535
15532
15531
15531
15530
15530
15527
15526
15525
15526
15525
15522
15523
15520
15520
15520
15517
15517
15516
15515
15513
15513
15512
15512
15510
15508
15509
15507
15505
15506
15504
15504
15501
15502
15501
15499
15497
15498
15495
15494
15495
15492
15492
15492
15489
15488
15487
15487
15486
15485
15483
15483
15483
15481
15480
15478
15479
15477
15475
15474
15474
15474
15472
15471
15470
15468
15469
15467
15465
15464
15465
15462
15462
15461
15459
15460
15458
15456
15456
15456
15454
15454
15452
15452
15450
15448
15449
15447
15447
15444
15445
15442
15443
15440
15440
15439
15437
15437
15435
15435
15435
15434
15432
15431
15430
15430
15427
15428
15425
15426
15425
15422
15422
15421
15421
15418
15419
15418
15416
15416
15413
15413
15413
15412
15410
15409
15408
15407
15407
15406
15403
15404
15403
15402
15400
15399
15399
15398
15396
15394
15395
15394
15391
15391
15390
15390
15389
15387
15386
15386
15383
15383
15381
15382
15381
15380
15378
15376
15376
15376
15375
15374
15373
15372
15371
15369
15368
15367
15365
15364
15365
15362
15363
15362
15360
15359
15358
15358
15357
15355
15354
15353
15351
15351
15350
15350
15348
15346
15345
15344
15345
15344
15341
15342
15341
15338
15337
15337
15337
15335
15335
15334
15332
15331
15330
15329
15327
15327
15325
15325
15325
15324
15323
15322
15320
15318
15317
15316
15316
15314
15314
15313
15311
15312
15310
15308
15307
15308
15307
15306
15304
15303
15302
15300
15299
15299
15298
15297
15297
15296
15295
15294
15292
15292
15291
15289
15288
15288
15287
15286
15285
15283
15283
15281
15279
15278
15279
15276
15277
15275
15273
15273
15271
15272
15271
15269
15267
15267
15267
15264
15264
15262
15261
15260
15261
15260
15258
15256
15255
15255
15253
15254
15253
15250
15250
15248
15247
15246
15246
15244
15245
15244
15241
15240
15240
15240
15238
15238
15235
15235
15233
15234
15232
15230
15229
15229
15227
15228
15226
15224
15225
15224
15222
15221
15221
15220
15219
15216
15216
15214
15215
15212
15211
15212
15210
15210
15209
15208
15207
15204
15204
15204
15201
15200
15199
15199
15199
15197
15195
15194
15195
15194
15192
15190
15191
15189
15188
15188
15185
15186
15183
15182
15181
15181
15179
15179
15177
15178
15176
15174
15175
15174
15171
15170
15171
15169
15168
15167
15165
15164
15163
15164
15161
15162
15160
15160
15158
15158
15156
15156
15154
15152
15153
15151
15150
15148
15149
15148
15147
15144
15145
15142
15141
15141
15139
15139
15139
15136
15135
15134
15133
15132
15133
15130
15129
15128
15128
15126
15125
15124
15125
15123
15121
15120
15121
15119
15117
15118
15117
15115
15113
15113
15113
15111
15111
15108
15109
15108
15105
15106
15103
15102
15102
15101
15101
15100
15098
15096
15097
15096
15093
15092
15092
15092
15089
15089
15087
15087
15086
15084
15083
15084
15083
15082
15079
15080
15077
15076
15075
15075
15075
15072
15071
15071
15070
15070
15068
15067
15065
15064
15064
15063
15062
15060
15059
15060
15058
15058
15056
15055
15055
15053
15051
15052
15050
15048
15049
15048
15046
15044
15044
15042
15042
15041
15041
15039
15038
15037
15035
15035
15034
15033
15031
15031
15030
15029
15027
15027
15025
15025
15023
15022
15022
15020
15021
15020
15018
15018
15017
15016
15013
15012
15011
15012
15009
15010
15007
15007
15005
15005
15004
15002
15003
15001
15000
14999
14997
14998
14995
14995
14994
14992
14992
14990
14990
14989
14989
14988
14986
14986
14984
14983
14981
14982
14980
14978
14979
14978
14975
14975
14973
14973
14973
14972
14969
14969
14969
14966
14965
14964
14964
14964
14963
14962
14961
14958
14958
14958
14956
14954
14954
14952
14952
14950
14949
14949
14947
14946
14945
14944
14945
14943
14942
14941
14940
14939
14939
14937
14935
14936
14935
14933
14933
14932
14931
14929
14929
14927
14926
14924
14924
14922
14922
14920
14919
14920
14918
14918
14917
14916
14915
14913
14912
14912
14911
14910
14908
14907
14906
14905
14905
14903
14902
14901
14899
14898
14897
14898
14896
14895
14894
14892
14891
14890
14889
14888
14889
14886
14887
14884
14883
14882
14883
14881
14879
14880
14877
14877
14876
14876
14874
14872
14871
14872
14871
14868
14867
14866
14866
14865
14865
14864
14863
14862
14859
14860
14858
14856
14855
14855
14853
14852
14853
14851
14850
14850
14847
14846
14847
14846
14845
14843
14842
14841
14839
14839
14838
14837
14837
14836
14833
14834
14833
14832
14831
14828
14828
14827
14826
14824
14823
14824
14821
14822
14819
14818
14817
14817
14816
14816
14815
14813
14812
14811
14811
14810
14809
14807
14805
14806
14804
14802
14803
14802
14801
14800
14799
14797
14796
14795
14794
14794
14793
14792
14791
14788
14787
14788
14785
14785
14785
14784
14781
14781
14780
14778
14777
14776
14777
14774
14773
14772
14771
14770
14771
14768
14767
14766
14767
14766
14765
14762
14762
14761
14759
14759
14759
14757
14757
14754
14753
14754
14753
14751
14750
14748
14748
14747
14746
14744
14745
14744
14742
14740
14741
14740
14738
14736
14735
14735
14735
14734
14732
14731
14731
14728
14727
14728
14727
14726
14725
14722
14722
14721
14720
14720
14719
14716
14716
14715
14714
14713
14711
14712
14710
14709
14709
14706
14707
14706
14704
14704
14701
14701
14700
14700
14698
14697
14696
14695
14694
14692
14692
14690
14691
14688
14687
14688
14685
14686
14683
14683
14681
14682
14681
14678
14678
14678
14675
14674
14673
14674
14671
14670
14669
14670
14667
14668
14666
14665
14663
14662
14663
14660
14659
14660
14657
14657
14656
14655
14654
14653
14651
14651
14649
14648
14648
14647
14646
14644
14643
14643
14641
14640
14641
14638
14637
14638
14635
14636
14634
14633
14633
14630
14630
14628
14629
14628
14626
14624
14624
14624
14623
14621
14621
14618
14617
14617
14617
14615
14614
14614
14613
14611
14610
14609
14609
14607
14606
14604
14603
14604
14603
14600
14601
14598
14597
14598
14597
14596
14593
14593
14593
14592
14590
14590
14587
14587
14586
14585
14583
14582
14582
14580
14579
14580
14579
14578
14577
14574
14574
14574
14573
14570
14569
14570
14567
14567
14567
14565
14564
14564
14563
14561
14561
14558
14558
14557
14557
14556
14553
14554
14552
14551
14551
14549
14549
14547
14546
14545
14544
14544
14542
14541
14541
14540
14538
14537
14537
14534
14533
14532
14531
14532
14531
14528
14528
14527
14527
14524
14524
14522
14522
14522
14521
14519
14517
14517
14515
14514
14513
14514
14513
14510
14511
14508
14507
14506
14506
14506
14504
14503
14502
14501
14500
14498
14499
14496
14496
14496
14494
14492
14493
14490
14491
14490
14488
14487
14486
14486
14484
14482
14483
14481
14479
14480
14478
14477
14477
14474
14474
14472
14473
14472
14469
14470
14469
14466
14467
14466
14463
14462
14461
14460
14460
14458
14457
14456
14456
14456
14455
14452
14453
14452
14451
14448
14448
14447
14446
14445
14445
14442
14443
14442
14441
14438
14438
14436
14436
14435
14433
14434
14433
14430
14429
14429
14427
14427
14426
14424
14424
14423
14421
14420
14420
14418
14418
14418
14417
14416
14414
14414
14411
14412
14410
14408
14409
14406
14405
14405
14404
14403
14401
14401
14400
14400
14399
14396
14395
14395
14393
14393
14391
14390
14391
14389
14389
14386
14386
14385
14383
14383
14381
14380
14379
14380
14379
14376
14377
14374
14375
14373
14373
14370
14369
14368
14369
14366
14366
14366
14365
14363
14362
14362
14359
14358
14358
14358
14356
14356
14354
14354
14352
14351
14349
14349
14347
14346
14347
14345
14344
14344
14341
14340
14341
14339
14338
14338
14337
14334
14335
14333
14333
14332
14330
14328
14329
14328
14327
14326
14325
14322
14323
14321
14321
14318
14319
14317
14316
14316
14313
14314
14312
14310
14311
14309
14309
14307
14306
14305
14304
14303
14301
14302
14299
14299
14299
14297
14295
14294
14293
14294
14291
14290
14290
14289
14287
14288
14285
14285
14284
14282
14281
14281
14279
14278
14277
14278
14277
14276
14274
14273
14271
14271
14269
14269
14269
14266
14267
14264
14263
14262
14262
14261
14259
14258
14257
14256
14257
14255
14255
14254
14252
14250
14249
14248
14249
14247
14247
14245
14243
14244
14241
14240
14240
14239
14239
14238
14237
14235
14235
14232
14233
14231
14231
14230
14229
14227
14226
14225
14225
14223
14222
14221
14220
14220
14218
14217
14215
14215
14215
14212
14212
14211
14211
14208
14207
14207
14207
14206
14204
14204
14201
14200
14200
14198
14198
14197
14197
14196
14193
14194
14192
14192
14190
14188
14188
14186
14187
14184
14185
14183
14182
14181
14181
14178
14179
14178
14175
14175
14175
14173
14172
14170
14171
14168
14169
14166
14166
14165
14163
14164
14162
14161
14161
14160
14159
14156
14155
14155
14153
14152
14151
14150
14151
14149
14147
14148
14146
14144
14143
14144
14143
14142
14141
14138
14137
14138
14136
14135
14134
14134
14132
14132
14130
14128
14127
14126
14127
14124
14125
14124
14122
14121
14121
14119
14119
14117
14115
14115
14115
14113
14111
14110
14110
14109
14107
14107
14105
14105
14103
14104
14102
14102
14101
14098
14099
14098
14096
14095
14093
14094
14093
14090
14089
14090
14088
14086
14086
14086
14084
14083
14082
14082
14080
14080
14078
14078
14075
14075
14073
14074
14072
14072
14070
14069
14067
14067
14066
14065
14063
14064
14061
14060
14061
14058
14059
14057
14055
14055
14054
14052
14051
14052
14049
14050
14047
14047
14046
14045
14043
14044
14041
14042
14040
14039
14037
14037
14035
14036
14034
14033
14033
14031
14030
14029
14027
14027
14025
14025
14023
14024
14022
14021
14019
14019
14017
14016
14015
14015
14014
14013
14012
14012
14009
14008
14008
14008
14005
14006
14004
14003
14001
14000
13999
14000
13997
13997
13997
13994
13993
13992
13992
13992
13991
13989
13989
13988
13986
13986
13985
13984
13982
13981
13981
13980
13978
13977
13976
13976
13973
13972
13972
13972
13970
13970
13969
13968
13965
13965
13965
13963
13963
13961
13961
13960
13959
13958
13957
13954
13954
13953
13952
13951
13949
13948
13948
13946
13947
13944
13945
13942
13941
13941
13939
13940
13938
13938
13936
13936
13935
13934
13932
13932
13929
13929
13928
13926
13925
13924
13924
13924
13921
13920
13919
13918
13919
13917
13915
13915
13914
13912
13913
13910
13911
13910
13909
13906
13907
13905
13905
13904
13902
13901
13900
13899
13899
13896
13897
13894
13893
13894
13891
13891
13891
13889
13889
13887
13886
13886
13883
13882
13881
13882
13879
13880
13877
13877
13875
13876
13875
13872
13873
13871
13871
13868
13869
13866
13866
13864
13863
13863
13863
13861
13860
13859
13858
13856
13856
13856
13853
13854
13853
13852
13850
13849
13849
13848
13847
13844
13845
13844
13842
13841
13839
13838
13839
13836
13836
13834
13833
13834
13831
13832
13830
13829
13829
13828
13826
13825
13825
13824
13821
13820
13820
13820
13818
13817
13817
13815
13814
13813
13812
13810
13809
13810
13808
13808
13807
13804
13803
13802
13801
13801
13799
13800
13799
13796
13797
13794
13794
13793
13793
13791
13791
13789
13788
13786
13785
13785
13785
13783
13783
13780
13781
13778
13779
13776
13776
13774
13774
13774
13772
13771
13769
13769
13768
13768
13767
13765
13765
13763
13761
13762
13759
13758
13758
13758
13756
13755
13754
13753
13751
13750
13751
13750
13749
13746
13745
13744
13743
13744
13743
13741
13740
13740
13739
13736
13736
13736
13734
13733
13733
13732
13730
13728
13729
13726
13725
13725
13725
13723
13721
13720
13720
13720
13717
13716
13717
13715
13714
13712
13712
13710
13710
13710
13707
13708
13705
13705
13705
13704
13701
13701
13700
13698
13698
13698
13695
13696
13693
13692
13691
13691
13689
13688
13688
13687
13686
13686
13685
13682
13683
13680
13679
13680
13677
13677
13676
13675
13673
13673
13671
13672
13670
13668
13669
13666
13667
13664
13663
13662
13661
13660
13660
13660
13657
13656
13655
13656
13655
13652
13653
13650
13651
13648
13649
13646
13646
13645
13645
13642
13643
13640
13641
13638
13637
13638
13636
13636
13635
13633
13631
13632
13630
13629
13628
13626
13625
13626
13625
13624
13622
13622
13621
13618
13619
13617
13615
13616
13613
13612
13613
13610
13610
13610
13607
13607
13607
13606
13605
13603
13601
13602
13600
13598
13599
13597
13595
13596
13593
13592
13593
13592
13591
13588
13589
13587
13587
13585
13583
13582
13582
13580
13579
13578
13577
13577
13575
13576
13574
13574
13572
13572
13571
13568
13567
13568
13566
13565
13564
13564
13562
13562
13561
13558
13559
13558
13555
13555
13553
13553
13552
13550
13549
13550
13547
13546
13546
13544
13544
13542
13541
13542
13539
13538
13539
13537
13537
13535
13535
13534
13532
13532
13531
13529
13529
13527
13525
13524
13523
13524
13523
13520
13521
13520
13519
13516
13515
13515
13514
13513
13513
13511
13510
13508
13509
13507
13506
13504
13503
13502
13503
13502
13501
13499
13498
13496
13495
13495
13494
13493
13492
13491
13490
13488
13487
13488
13486
13486
13484
13482
13481
13481
13481
13480
13478
13478
13477
13476
13475
13474
13471
13472
13471
13469
13468
13466
13467
13466
13465
13462
13461
13461
13461
13458
13458
13456
13457
13454
13453
13452
13452
13452
13450
13449
13448
13446
13446
13444
13445
13443
13441
13441
13439
13438
13439
13438
13435
13436
13435
13432
13431
13432
13431
13430
13427
13427
13426
13424
13425
13423
13422
13420
13419
13418
13419
13416
13416
13414
13414
13413
13412
13410
13411
13410
13407
13408
13407
13406
13405
13403
13401
13400
13401
13400
13397
13398
13395
13395
13393
13392
13392
13392
13390
13390
13387
13387
13385
13386
13385
13384
13382
13381
13379
13379
13379
13376
13377
13375
13373
13373
13371
13370
13371
13370
13369
13366
13367
13364
13365
13364
13362
13361
13361
13360
13358
13356
13357
13356
13355
13353
13352
13351
13349
13350
13347
13348
13346
13344
13345
13343
13343
13342
13341
13340
13339
13337
13337
13335
13335
13334
13333
13331
13330
13329
13328
13326
13326
13325
13325
13323
13321
13322
13319
13319
13318
13316
13316
13316
13314
13312
13312
13311
13311
13309
13308
13308
13305
13305
13305
13303
13301
13301
13301
13300
13299
13297
13297
13296
13293
13294
13292
13290
13291
13289
13289
13286
13285
13285
13284
13283
13282
13280
13279
13280
13278
13277
13277
13275
13275
13273
13273
13271
13271
13270
13267
13266
13267
13265
13263
13262
13262
13262
13260
13258
13257
13257
13256
13255
13253
13254
13252
13252
13249
13250
13248
13247
13246
13245
13244
13243
13241
13240
13239
13239
13237
13237
13236
13234
13233
13234
13231
13231
13230
13229
13228
13228
13225
13224
13224
13223
13221
13220
13220
13219
13219
13216
13215
13214
13215
13213
13211
13210
13211
13208
13208
13206
13207
13204
13203
13204
13203
13201
13200
13199
13198
13198
13195
13195
13193
13193
13191
13191
13190
13190
13189
13187
13187
13184
13185
13184
13183
13180
13181
13180
13179
13177
13177
13176
13174
13173
13173
13171
13171
13168
13169
13166
13166
13166
13163
13164
13163
13161
13159
13159
13157
13156
13155
13156
13155
13153
13152
13151
13150
13149
13148
13146
13147
13146
13143
13143
13141
13140
13141
13138
13138
13137
13137
13134
13135
13132
13133
13131
13130
13128
13129
13128
13126
13125
13124
13123
13123
13121
13121
13119
13117
13118
13117
13115
13114
13112
13113
13112
13110
13108
13109
13106
13106
13106
13104
13103
13103
13100
13101
13099
13098
13096
13095
13094
13094
13092
13093
13091
13091
13089
13089
13088
13086
13086
13083
13084
13081
13081
13080
13079
13078
13078
13077
13074
13075
13073
13073
13070
13070
13069
13068
13066
13067
13064
13064
13063
13061
13060
13061
13060
13057
13056
13057
13055
13055
13052
13053
13050
13050
13048
13049
13046
13045
13046
13043
13043
13041
13042
13040
13038
13038
13036
13036
13035
13033
13032
13031
13031
13029
13028
13027
13027
13025
13024
13023
13023
13022
13022
13020
13018
13017
13017
13015
13016
13015
13012
13011
13012
13009
13010
13007
13008
13007
13006
13004
13002
13003
13001
13000
12998
12997
12996
12995
12994
12994
12992
12992
12992
12989
12988
12987
12987
12985
12984
12983
12984
12982
12981
12981
12980
12977
12976
12976
12974
12975
12972
12972
12972
12971
12968
12967
12968
12966
12964
12964
12964
12962
12962
12961
12960
12958
12956
12956
12955
12953
12954
12952
12950
12950
12948
12949
12948
12945
12946
12943
12942
12941
12941
12939
12940
12937
12938
12935
12935
12935
12933
12933
12932
12930
12930
12928
12926
12925
12924
12924
12923
12921
12922
12920
12919
12917
12917
12915
12915
12913
12913
12911
12910
12909
12908
12907
12906
12907
12905
12903
12902
12903
12902
12899
12900
12898
12897
12897
12895
12895
12894
12891
12892
12891
12890
12888
12886
12885
12886
12885
12883
12882
12882
12881
12880
12877
12876
12875
12874
12874
12873
12872
12872
12869
12869
12868
12866
12865
12865
12865
12862
12861
12860
12861
12858
12857
12857
12855
12854
12854
12852
12851
12850
12849
12850
12849
12847
12845
12845
12845
12842
12843
12840
12841
12839
12839
12837
12836
12836
12835
12833
12831
12831
12831
12828
12829
12828
12825
12826
12823
12824
12822
12820
12821
12819
12818
12816
12817
12815
12814
12814
12812
12811
12811
12809
12809
12808
12807
12805
12803
12802
12801
12800
12800
12800
12798
12796
12797
12795
12793
12794
12791
12791
12790
12789
12787
12788
12786
12784
12784
12782
12781
12780
12780
12778
12778
12778
12775
12775
12773
12772
12773
12771
12770
12769
12767
12766
12766
12764
12765
12764
12761
12760
12761
12760
12758
12756
12757
12754
12753
12752
12751
12751
12749
12748
12749
12748
12747
12744
12744
12742
12742
12741
12741
12740
12739
12736
12735
12735
12734
12734
12731
12732
12730
12728
12728
12726
12725
12724
12724
12724
12721
12722
12719
12720
12719
12716
12717
12716
12713
12712
12711
12712
12711
12708
12709
12707
12705
12704
12705
12703
12701
12700
12699
12699
12699
12698
12695
12696
12693
12694
12692
12691
12690
12688
12687
12688
12685
12686
12684
12684
12681
12682
12681
12680
12679
12678
12676
12675
12675
12673
12673
12672
12671
12669
12669
12667
12666
12664
12665
12664
12663
12660
12659
12659
12658
12657
12655
12654
12654
12652
12653
12652
12649
12649
12649
12646
12646
12644
12644
12642
12643
12641
12640
12639
12637
12637
12636
12636
12634
12632
12632
12630
12630
12630
12628
12626
12626
12624
12623
12622
12621
12620
12621
12619
12619
12617
12616
12615
12615
12612
12613
12611
12609
12609
12607
12606
12607
12605
12603
12602
12602
12602
12600
12599
12599
12596
12596
12594
12594
12594
12591
12592
12589
12588
12587
12586
12587
12586
12585
12583
12581
12582
12579
12578
12577
12577
12577
12574
12573
12574
12572
12572
12571
12568
12568
12567
12566
12564
12563
12564
12563
12561
12560
12558
12559
12557
12555
12555
12554
12552
12552
12552
12549
12549
12547
12546
12545
12546
12544
12543
12541
12540
12540
12538
12538
12538
12537
12536
12535
12534
12532
12532
12530
12530
12529
12527
12526
12524
12523
12522
12521
12521
12519
12518
12518
12517
12517
12516
12515
12512
12511
12512
12510
12510
12507
12506
12507
12506
12505
12503
12503
12500
12500
12499
12497
12497
12495
12494
12495
12492
12492
12490
12489
12489
12488
12488
12485
12485
12484
12484
12483
12480
12481
12480
12479
12478
12477
12476
12475
12474
12472
12472
12469
12468
12468
12468
12467
12465
12465
12463
12462
12460
12461
12460
12459
12457
12456
12456
12455
12452
12451
12451
12450
12450
12447
12447
12445
12445
12443
12442
12441
12440
12441
12438
12438
12436
12435
12434
12434
12432
12431
12430
12429
12430
12427
12426
12425
12425
12424
12422
12423
12422
12421
12418
12418
12417
12417
12416
12415
12412
12413
12412
12410
12409
12407
12408
12407
12406
12404
12403
12403
12401
12399
12399
12398
12396
12396
12395
12395
12392
12392
12392
12391
12388
12387
12388
12387
12384
12384
12383
12382
12382
12380
12378
12378
12378
12376
12375
12374
12374
12371
12370
12370
12368
12368
12368
12366
12365
12364
12363
12363
12360
12360
12360
12358
12357
12357
12355
12353
12353
12353
12351
12349
12349
12349
12348
12346
12344
12344
12344
12341
12342
12339
12339
12337
12336
12335
12335
12335
12334
12331
12331
12331
12329
12328
12327
12326
12324
12325
12323
12321
12321
12319
12319
12319
12318
12316
12315
12313
12312
12312
12310
12309
12310
12307
12307
12305
12305
12303
12304
12302
12301
12299
12298
12299
12296
12296
12295
12293
12292
12293
12291
12289
12288
12287
12286
12285
12285
12285
12283
12281
12280
12280
12278
12277
12277
12276
12274
12274
12273
12271
12272
12269
12270
12269
12267
12267
12266
12265
12262
12261
12260
12261
12258
12257
12256
12257
12254
12255
12254
12252
12252
12251
12249
12249
12247
12245
12245
12244
12243
12241
12240
12239
12238
12239
12237
12237
12235
12234
12234
12232
12231
12231
12228
12227
12228
12225
12224
12224
12222
12223
12222
12221
12219
12218
12216
12215
12216
12214
12214
12211
12212
12209
12210
12208
12208
12206
12204
12203
12202
12203
12201
12200
12200
12197
12198
12197
12195
12195
12193
12192
12191
12189
12190
12188
12186
12185
12185
12185
12183
12182
12180
12180
12179
12177
12176
12175
12176
12173
12173
12173
12171
12170
12169
12167
12167
12166
12164
12165
12163
12162
12162
12159
12158
12159
12157
12155
12156
12154
12152
12152
12152
12149
12148
12149
12148
12145
12144
12144
12144
12143
12141
12139
12138
12137
12137
12137
12135
12133
12133
12131
12132
12130
12129
12129
12126
12125
12124
12123
12123
12121
12122
12121
12120
12119
12117
12116
12114
12114
12112
12111
12110
12110
12108
12108
12107
12107
12104
12104
12104
12101
12101
12101
12099
12097
12098
12095
12095
12094
12093
12091
12092
12089
12090
12089
12087
12085
12085
12085
12082
12083
12082
12080
12078
12079
12076
12075
12076
12073
12074
12073
12071
12070
12070
12067
12068
12067
12065
12064
12062
12063
12061
12060
12059
12058
12056
12057
12056
12055
12053
12053
12051
12049
12049
12049
12046
12046
12044
12045
12044
12041
12041
12040
12040
12038
12038
12036
12035
12033
12032
12033
12030
12030
12029
12028
12028
12027
12024
12023
12024
12022
12022
12020
12019
12017
12017
12016
12016
12013
12014
12011
12010
12010
12009
12009
12006
12006
12005
12005
12004
12002
12002
12001
11999
11998
11997
11996
11995
11994
11993
11991
11991
11990
11990
11987
11988
11985
11984
11983
11982
11983
11980
11980
11978
11979
11977
11975
11975
11974
11974
11971
11970
11969
11970
11968
11967
11965
11964
11965
11962
11962
11960
11960
11958
11959
11957
11955
11954
11954
11953
11952
11950
11951
11948
11948
11947
11947
11946
11945
11942
11941
11942
11940
11938
11939
11938
11937
11934
11933
11934
11931
11932
11931
11930
11927
11928
11925
11925
11923
11922
11923
11921
11919
11919
11919
11918
11915
11916
11915
11912
11911
11910
11911
11910
11907
11906
11905
11906
11903
11902
11902
11901
11899
11899
11897
11897
11896
11895
11895
11893
11892
11892
11890
11888
11888
11886
11887
11886
11883
11884
11883
11882
11879
11878
11878
11876
11875
11875
11873
11873
11873
11872
11869
11868
11868
11866
11866
11866
11865
11864
11862
11861
11861
11860
11859
11856
11855
11856
11853
11854
11853
11850
11850
11850
11848
11848
11846
11846
11845
11844
11842
11842
11839
11839
11839
11837
11837
11836
11835
11833
11832
11830
11829
11828
11827
11826
11826
11825
11823
11824
11821
11820
11819
11820
11817
11817
11817
11815
11814
11814
11813
11812
11810
11810
11808
11806
11806
11804
11805
11802
11803
11801
11800
11799
11798
11797
11796
11794
11794
11793
11791
11791
11790
11788
11788
11788
11787
11785
11784
11782
11781
11781
11779
11779
11778
11778
11777
11774
11773
11772
11771
11772
11770
11768
11768
11767
11767
11765
11765
11762
11761
11762
11761
11760
11759
11757
11757
11755
11753
11753
11753
11750
11750
11748
11749
11748
11747
11745
11745
11744
11743
11741
11741
11739
11738
11738
11735
11734
11733
11734
11732
11730
11731
11729
11727
11727
11725
11724
11723
11722
11723
11720
11720
11718
11717
11716
11715
11714
11715
11712
11713
11712
11711
11710
11708
11707
11706
11706
11704
11703
11702
11700
11699
11699
11699
11696
11697
11696
11694
11692
11691
11691
11689
11689
11689
11687
11687
11686
11684
11684
11681
11681
11681
11680
11677
11677
11675
11674
11673
11672
11673
11672
11670
11670
11667
11667
11665
11664
11664
11663
11661
11662
11661
11659
11658
11657
11657
11655
11654
11652
11652
11652
11650
11648
11648
11648
11646
11644
11643
11643
11642
11640
11639
11640
11639
11637
11636
11636
11634
11632
11632
11632
11629
11628
11627
11628
11627
11624
11623
11624
11621
11621
11620
11620
11619
11616
11617
11614
11614
11612
11613
11612
11609
11610
11609
11608
11605
11604
11603
11604
11602
11601
11600
11600
11597
11598
11597
11594
11595
11592
11593
11590
11589
11589
11589
11588
11587
11584
11584
11582
11581
11580
11579
11579
11578
11576
11576
11576
11574
11573
11573
11571
11570
11569
11567
11567
11566
11564
11564
11562
11563
11562
11560
11560
11557
11557
11557
11556
11554
11553
11552
11552
11551
11550
11548
11546
11547
11544
11545
11542
11543
11542
11540
11538
11538
11536
11536
11536
11534
11533
11533
11530
11529
11529
11527
11527
11525
11524
11524
11524
11523
11520
11521
11519
11519
11516
11517
11515
11514
11512
11513
11511
11511
11510
11508
11506
11507
11505
11503
11502
11503
11501
11501
11498
11499
11498
11496
11494
11493
11492
11491
11490
11489
11488
11489
11486
11485
11486
11484
11484
11483
11482
11480
11479
11478
11478
11475
11475
11474
11473
11473
11471
11469
11469
11468
11467
11467
11465
11464
11464
11463
11461
11459
11459
11458
11456
11456
11454
11455
11453
11451
11452
11450
11449
11448
11448
11446
11445
11444
11442
11442
11440
11440
11439
11437
11437
11437
11436
11433
11433
11433
11432
11429
11429
11428
11426
11426
11425
11424
11423
11421
11421
11419
11419
11417
11417
11415
11416
11414
11414
11413
11410
11411
11409
11408
11408
11405
11405
11405
11402
11401
11402
11399
11399
11397
11396
11397
11396
11394
11392
11392
11392
11391
11390
11387
11386
11385
11385
11383
11384
11381
11382
11381
11378
11378
11378
11375
11376
11374
11372
11373
11371
11369
11369
11367
11367
11366
11364
11363
11362
11362
11361
11361
11359
11357
11356
11356
11356
11354
11354
11353
11352
11351
11348
11349
11347
11345
11344
11344
11343
11342
11341
11339
11339
11339
11336
11335
11335
11334
11333
11332
11330
11330
11329
11329
11328
11326
11324
11325
11322
11322
11322
11321
11319
11317
11318
11317
11314
11313
11313
11312
11311
11309
11310
11308
11306
11307
11305
11305
11304
11301
11301
11301
11299
11297
11297
11296
11296
11295
11292
11291
11290
11289
11288
11288
11286
11285
11286
11284
11283
11281
11280
11281
11279
11279
11277
11277
11274
11273
11274
11273
11271
11269
11270
11269
11267
11266
11265
11265
11262
11261
11262
11261
11258
11257
11257
11257
11255
11253
11253
11253
11252
11251
11250
11248
11248
11246
11244
11243
11243
11241
11242
11241
11240
11239
11236
11235
11234
11235
11234
11233
11232
11231
11229
11228
11226
11227
11225
11224
11223
11223
11221
11220
11220
11217
11218
11215
11215
11213
11212
11211
11211
11210
11208
11207
11206
11205
11206
11205
11203
11203
11201
11199
11200
11199
11198
11195
11196
11194
11194
11192
11192
11189
11190
11188
11186
11187
11186
11183
11182
11181
11180
11180
11179
11177
11178
11177
11176
11175
11173
11171
11171
11169
11169
11168
11166
11167
11166
11163
11162
11162
11161
11159
11160
11158
11156
11156
11155
11155
11153
11152
11152
11151
11150
11148
11148
11147
11146
11145
11143
11142
11140
11140
11140
11137
11138
11137
11134
11135
11134
11132
11131
11131
11130
11128
11127
11127
11124
11125
11123
11122
11120
11121
11118
11117
11116
11115
11114
11113
11113
11113
11112
11110
11108
11108
11108
11106
11104
11105
11102
11102
11101
11101
11099
11097
11097
11095
11096
11094
11094
11092
11092
11089
11088
11087
11087
11087
11085
11085
11084
11083
11082
11080
11079
11077
11076
11076
11075
11075
11073
11072
11070
11071
11070
11069
11066
11065
11066
11065
11064
11063
11061
11061
11058
11059
11056
11056
11055
11055
11053
11053
11052
11050
11048
11047
11047
11047
11046
11043
11043
11042
11042
11041
11039
11038
11037
11037
11036
11034
11034
11033
11031
11030
11029
11028
11027
11027
11026
11023
11023
11022
11022
11019
11020
11018
11018
11016
11014
11015
11013
11012
11011
11010
11009
11007
11006
11005
11006
11003
11003
11003
11002
11001
10999
10998
10997
10997
10995
10993
10994
10993
10990
10991
10989
10989
10986
10986
10985
10984
10982
10983
10980
10981
10980
10978
10978
10977
10975
10975
10972
10971
10971
10969
10970
10967
10967
10966
10964
10965
10964
10961
10960
10961
10958
10959
10958
10956
10954
10953
10952
10951
10951
10949
10950
10948
10947
10947
10945
10945
10944
10942
10942
10941
10939
10939
10938
10935
10934
10933
10933
10931
10931
10931
10928
10929
10927
10925
10924
10924
10923
10922
10922
10919
10919
10917
10917
10917
10916
10915
10914
10911
10910
10911
10910
10909
10908
10906
10905
10903
10903
10903
10900
10899
10899
10897
10898
10897
10894
10893
10893
10893
10891
10889
10890
10889
10886
10887
10886
10884
10883
10882
10881
10879
10878
10877
10878
10875
10876
10873
10872
10873
10870
10870
10870
10868
10867
10867
10865
10863
10862
10861
10860
10861
10859
10857
10857
10857
10856
10855
10853
10852
10850
10849
10849
10849
10847
10846
10846
10844
10842
10841
10840
10839
10839
10837
10836
10835
10834
10834
10832
10832
10832
10830
10828
10828
10828
10827
10825
10824
10823
10821
10822
10819
10818
10818
10818
10815
10814
10815
10813
10811
10812
10811
10809
10808
10808
10806
10806
10803
10802
10801
10802
10799
10800
10797
10797
10796
10796
10795
10792
10793
10790
10790
10790
10789
10788
10787
10786
10783
10783
10782
10781
10781
10778
10777
10776
10775
10775
10773
10773
10773
10772
10769
10768
10769
10766
10767
10764
10764
10762
10762
10760
10759
10760
10757
10756
10757
10754
10755
10752
10752
10750
10751
10748
10748
10748
10747
10746
10744
10744
10741
10742
10741
10739
10739
10737
10737
10736
10735
10732
10733
10731
10730
10728
10727
10728
10726
10724
10725
10722
10722
10721
10721
10718
10719
10716
10715
10715
10715
10714
10713
10711
10710
10710
10709
10707
10706
10706
10704
10702
10701
10700
10700
10700
10697
10696
10697
10695
10693
10693
10691
10692
10689
10688
10687
10686
10685
10685
10685
10683
10682
10682
10681
10680
10679
10678
10676
10674
10674
10674
10672
10672
10669
10668
10669
10667
10666
10665
10663
10664
10661
10660
10661
10659
10658
10656
10656
10656
10655
10653
10652
10651
10651
10649
10648
10647
10646
10644
10645
10642
10641
10640
10639
10639
10638
10636
10635
10636
10635
10632
10631
10632
10631
10628
10627
10626
10625
10626
10623
10622
10623
10621
10620
10619
10617
10616
10615
10615
10614
10614
10613
10611
10609
10608
10609
10608
10605
10606
10605
10602
10602
10602
10601
10598
10599
10597
10596
10595
10594
10594
10592
10591
10590
10589
10589
10588
10587
10586
10584
10582
10583
10581
10580
10578
10578
10578
10575
10576
10575
10574
10573
10570
10569
10568
10568
10566
10566
10564
10564
10562
10563
10561
10561
10559
10559
10558
10555
10555
10555
10552
10553
10552
10550
10548
10549
10547
10545
10544
10543
10542
10541
10540
10540
10539
10537
10536
10536
10536
10533
10532
10531
10530
10531
10530
10528
10527
10527
10524
10523
10524
10521
10522
10520
10520
10517
10518
10515
10515
10515
10513
10513
10510
10511
10508
10508
10506
10506
10504
10503
10503
10502
10500
10501
10498
10498
10497
10497
10494
10494
10494
10491
10492
10491
10490
10488
10488
10486
10484
10483
10484
10482
10480
10481
10479
10479
10477
10476
10474
10475
10474
10471
10471
10471
10470
10469
10466
10466
10466
10464
10462
10462
10461
10459
10458
10459
10456
10455
10454
10453
10454
10453
10452
10451
10448
10447
10447
10447
10446
10443
10444
10442
10441
10440
10439
10437
10436
10437
10434
10435
10433
10431
10431
10430
10429
10429
10426
10426
10426
10424
10424
10422
10421
10420
10420
10419
10418
10416
10415
10414
10413
10411
10410
10411
10409
10408
10407
10407
10405
10405
10404
10401
10402
10399
10399
10398
10398
10396
10394
10395
10392
10393
10391
10390
10389
10388
10387
10385
10386
10385
10384
10382
10380
10379
10379
10379
10378
10375
10375
10374
10374
10371
10371
10369
10369
10367
10367
10366
10366
10363
10363
10361
10360
10359
10360
10359
10357
10356
10356
10354
10353
10351
10352
10351
10348
10349
10348
10345
10346
10345
10344
10341
10342
10340
10338
10339
10338
10337
10334
10335
10332
10333
10330
10330
10328
10327
10326
10327
10326
10323
10323
10321
10321
10320
10318
10319
10316
10316
10314
10314
10312
10313
10312
10309
10309
10309
10308
10306
10306
10304
10303
10302
10301
10301
10300
10299
10296
10295
10296
10295
10293
10291
10290
10290
10290
10289
10286
10285
10285
10283
10284
10282
10281
10280
10279
10277
10277
10276
10276
10275
10272
10271
10270
10270
10268
10267
10267
10265
10264
10264
10262
10263
10262
10261
10258
10258
10258
10256
10254
10253
10252
10253
10251
10250
10250
10249
10248
10246
10245
10244
10242
10243
10242
10239
10239
10237
10237
10235
10234
10234
10233
10233
10232
10230
10229
10229
10226
10225
10226
10224
10222
10223
10221
10221
10219
10218
10218
10215
10216
10215
10213
10211
10211
10209
10209
10207
10207
10205
10205
10203
10204
10201
10202
10201
10199
10198
10198
10195
10195
10195
10193
10193
10191
10189
10189
10189
10188
10186
10184
10185
10182
10183
10180
10181
10178
10179
10176
10177
10174
10174
10174
10171
10170
10171
10170
10169
10166
10167
10166
10165
10163
10163
10161
10159
10160
10157
10156
10155
10155
10153
10154
10151
10150
10149
10150
10148
10148
10145
10145
10143
10144
10142
10141
10141
10138
10138
10137
10135
10135
10135
10134
10131
10131
10130
10130
10128
10128
10127
10125
10124
10123
10122
10121
10120
10119
10118
10116
10116
10116
10114
10114
10113
10112
10109
10110
10109
10108
10106
10104
10104
10102
10101
10100
10101
10099
10099
10098
10096
10095
10093
10092
10093
10090
10090
10090
10088
10087
10087
10084
10083
10084
10081
10080
10080
10079
10079
10078
10076
10074
10075
10074
10073
10071
10071
10069
10067
10067
10065
10066
10064
10064
10063
10061
10061
10059
10057
10057
10057
10055
10055
10052
10051
10050
10049
10049
10049
10048
10046
10044
10043
10044
10041
10040
10039
10038
10038
10036
10037
10034
10035
10032
10033
10032
10029
10029
10028
10026
10027
10025
10025
10024
10023
10022
10019
10020
10019
10018
10017
10014
10013
10012
10013
10010
10009
10010
10008
10008
10006
10005
10005
10003
10003
10001
10000
10000
9997
9996
9996
9995
9994
9992
9991
9990
9990
9989
9987
9986
9986
9984
9983
9983
9982
9981
9979
9979
9978
9977
9975
9976
9973
9973
9972
9970
9971
9968
9967
9966
9965
9966
9964
9964
9962
9962
9959
9960
9959
9957
9955
9954
9955
9953
9953
9950
9951
9948
9949
9948
9946
9944
9945
9944
9942
9941
9939
9940
9938
9937
9937
9936
9935
9933
9933
9930
9930
9928
9927
9926
9927
9925
9924
9923
9923
9921
9921
9918
9918
9917
9917
9914
9915
9913
9913
9911
9909
9908
9907
9908
9905
9904
9903
9904
9903
9902
9901
9899
9897
9896
9897
9896
9894
9893
9892
9891
9889
9888
9888
9888
9887
9885
9885
9883
9882
9880
9881
9880
9877
9876
9876
9875
9874
9873
9871
9870
9870
9868
9869
9867
9865
9866
9864
9864
9861
9862
9860
9859
9857
9856
9855
9856
9853
9854
9852
9851
9851
9849
9847
9847
9847
9846
9845
9843
9843
9840
9841
9839
9837
9838
9836
9836
9835
9834
9833
9830
9829
9829
9828
9826
9827
9825
9823
9824
9821
9821
9820
9819
9817
9818
9817
9814
9814
9813
9813
9811
9811
9810
9807
9807
9807
9805
9804
9803
9802
9800
9800
9799
9799
9798
9797
9796
9793
9792
9793
9790
9791
9788
9789
9788
9785
9785
9783
9783
9782
9780
9780
9779
9779
9778
9777
9775
9774
9773
9771
9772
9769
9769
9769
9766
9765
9766
9765
9763
9763
9762
9761
9760
9757
9758
9756
9754
9753
9754
9753
9752
9749
9748
9748
9748
9745
9745
9744
9743
9742
9741
9740
9739
9739
9736
9736
9734
9735
9733
9732
9732
9729
9730
9728
9727
9726
9724
9724
9724
9721
9721
9721
9718
9719
9717
9716
9714
9715
9712
9713
9710
9711
9708
9709
9708
9706
9704
9704
9703
9703
9700
9699
9698
9699
9698
9696
9695
9695
9692
9692
9690
9691
9689
9689
9688
9687
9684
9685
9684
9681
9681
9680
9678
9679
9676
9676
9675
9675
9672
9673
9671
9669
9668
9667
9667
9667
9665
9665
9664
9661
9661
9661
9660
9659
9657
9657
9655
9654
9653
9652
9650
9650
9648
9648
9647
9645
9644
9643
9642
9641
9642
9641
9639
9637
9636
9635
9636
9634
9634
9632
9632
9630
9629
9629
9627
9625
9625
9623
9622
9622
9622
9619
9618
9619
9618
9616
9614
9613
9613
9612
9611
9610
9609
9607
9608
9606
9604
9604
9602
9602
9601
9599
9598
9597
9596
9596
9594
9595
9593
9591
9591
9590
9589
9588
9587
9587
9584
9583
9582
9583
9581
9580
9579
9577
9578
9575
9575
9573
9574
9572
9571
9570
9570
9568
9567
9565
9564
9563
9562
9563
9560
9561
9560
9557
9557
9555
9556
9554
9552
9553
9551
9551
9549
9549
9548
9546
9544
9544
9544
9542
9541
9540
9540
9537
9536
9537
9535
9534
9534
9533
9531
9529
9530
9527
9526
9525
9526
9523
9524
9521
9522
9519
9518
9519
9517
9515
9514
9514
9514
9511
9510
9509
9510
9507
9507
9505
9506
9504
9504
9502
9501
9499
9500
9498
9498
9495
9495
9494
9492
9492
9491
9490
9488
9489
9486
9487
9485
9484
9483
9481
9482
9481
9479
9478
9478
9475
9476
9475
9473
9472
9471
9469
9469
9467
9468
9466
9465
9463
9464
9463
9460
9461
9459
9457
9458
9456
9456
9453
9454
9452
9451
9450
9448
9447
9446
9445
9445
9445
9444
9441
9440
9440
9439
9437
9438
9435
9435
9433
9434
9433
9430
9431
9430
9428
9426
9426
9424
9423
9422
9421
9421
9421
9420
9419
9416
9416
9416
9415
9412
9411
9412
9411
9409
9408
9406
9405
9406
9404
9404
9402
9401
9399
9398
9397
9398
9395
9394
9395
9392
9392
9390
9389
9388
9388
9388
9386
9386
9385
9382
9383
9382
9380
9380
9379
9376
9377
9374
9375
9374
9373
9371
9370
9368
9368
9366
9365
9364
9363
9364
9362
9362
9360
9359
9359
9358
9356
9356
9354
9354
9353
9351
9351
9348
9348
9347
9345
9345
9345
9342
9342
9342
9341
9338
9337
9336
9335
9334
9334
9333
9332
9330
9329
9328
9329
9326
9327
9326
9325
9323
9322
9320
9321
9318
9317
9317
9317
9316
9314
9314
9311
9312
9311
9310
9307
9306
9305
9305
9304
9302
9303
9300
9299
9298
9297
9296
9296
9294
9295
9293
9292
9291
9290
9290
9289
9286
9285
9286
9285
9283
9283
9280
9281
9279
9277
9278
9277
9274
9275
9273
9271
9271
9271
9269
9267
9266
9265
9266
9263
9262
9261
9260
9261
9260
9259
9258
9255
9254
9254
9252
9251
9251
9249
9250
9249
9246
9247
9246
9244
9243
9242
9240
9240
9238
9239
9238
9236
9236
9234
9234
9231
9231
9229
9228
9228
9228
9227
9226
9225
9223
9223
9220
9221
9218
9219
9217
9216
9214
9214
9212
9213
9212
9210
9208
9208
9207
9205
9206
9205
9203
9203
9200
9200
9200
9197
9196
9197
9196
9193
9192
9191
9192
9189
9188
9188
9187
9186
9186
9184
9183
9181
9180
9180
9179
9179
9178
9176
9176
9175
9172
9173
9171
9169
9168
9169
9167
9165
9165
9164
9163
9163
9162
9161
9158
9159
9156
9156
9155
9155
9152
9153
9150
9149
9150
9149
9146
9146
9144
9144
9143
9142
9140
9139
9140
9137
9136
9136
9135
9134
9134
9132
9131
9130
9128
9129
9126
9126
9125
9123
9122
9122
9120
9120
9120
9119
9118
9115
9115
9115
9113
9111
9112
9111
9109
9108
9108
9106
9105
9104
9103
9101
9102
9099
9098
9097
9098
9096
9095
9093
9093
9091
9091
9091
9090
9087
9087
9086
9085
9083
9084
9081
9081
9080
9080
9079
9076
9077
9075
9074
9074
9071
9070
9070
9068
9067
9066
9067
9065
9065
9062
9061
9062
9061
9060
9059
9056
9056
9054
9055
9054
9051
9050
9050
9049
9047
9047
9045
9044
9045
9044
9043
9040
9041
9040
9037
9038
9037
9034
9034
9033
9031
9031
9031
9030
9028
9028
9025
9026
9023
9022
9023
9021
9019
9018
9019
9017
9015
9014
9015
9014
9011
9012
9009
9010
9008
9007
9007
9005
9005
9002
9002
9002
9001
8999
8997
8996
8995
8994
8993
8992
8992
8991
8990
8989
8989
8988
8986
8986
8985
8982
8981
8980
8979
8979
8977
8978
8977
8974
8974
8973
8972
8972
8971
8968
8968
8968
8966
8965
8963
8963
8961
8961
8961
8959
8957
8958
8956
8955
8954
8954
8953
8951
8951
8948
8949
8946
8945
8946
8943
8943
8942
8941
8941
8938
8938
8937
8937
8936
8933
8934
8933
8930
8930
8930
8929
8928
8926
8925
8923
8923
8921
8921
8919
8918
8919
8916
8916
8916
8913
8913
8912
8912
8910
8909
8907
8906
8905
8904
8904
8903
8902
8900
8900
8900
8899
8897
8897
8896
8895
8893
8892
8890
8891
8889
8889
8887
8887
8884
8884
8882
8883
8880
8879
8878
8879
8877
8877
8874
8874
8872
8872
8870
8870
8868
8868
8867
8866
8864
8863
8864
8862
8862
8861
8859
8858
8857
8857
8855
8855
8853
8853
8850
8851
8848
8848
8848
8846
8844
8845
8842
8841
8841
8840
8839
8838
8838
8835
8834
8833
8833
8833
8832
8831
8828
8828
8827
8826
8825
8825
8824
8821
8821
8821
8818
8818
8816
8817
8814
8815
8814
8812
8810
8809
8808
8809
8807
8805
8804
8803
8802
8803
8802
8799
8800
8799
8798
8795
8796
8794
8792
8792
8791
8791
8789
8789
8787
8787
8785
8785
8783
8782
8780
8779
8780
8777
8778
8777
8774
8773
8774
8773
8770
8770
8770
8767
8767
8766
8764
8764
8764
8762
8762
8760
8759
8758
8757
8755
8755
8753
8754
8752
8752
8750
8749
8749
8747
8746
8745
8743
8743
8742
8742
8741
8740
8739
8736
8736
8735
8735
8734
8731
8730
8731
8730
8728
8727
8725
8726
8723
8723
8723
8721
8720
8718
8719
8716
8717
8714
8715
8712
8713
8710
8709
8709
8708
8706
8705
8704
8704
8704
8702
8702
8701
8698
8699
8698
8697
8694
8694
8694
8693
8690
8690
8689
8688
8686
8687
8686
8684
8684
8683
8680
8679
8679
8679
8678
8676
8676
8674
8672
8672
8672
8671
8669
8667
8668
8666
8666
8663
8664
8663
8662
8659
8659
8657
8658
8656
8654
8654
8654
8651
8652
8649
8649
8647
8646
8646
8646
8643
8644
8643
8642
8641
8640
8638
8638
8637
8636
8633
8632
8632
8632
8631
8630
8629
8627
8625
8624
8625
8624
8622
8620
8620
8619
8618
8618
8617
8614
8615
8612
8611
8612
8609
8610
8609
8608
8605
8606
8604
8602
8603
8600
8599
8600
8598
8598
8596
8595
8593
8593
8591
8592
8590
8590
8588
8587
8587
8586
8585
8584
8583
8580
8580
8578
8577
8577
8577
8574
8574
8573
8571
8571
8570
8570
8569
8568
8566
8564
8563
8564
8561
8561
8560
8560
8558
8557
8555
8555
8553
8552
8552
8550
8550
8549
8547
8547
8547
8544
8543
8544
8542
8541
8539
8540
8537
8538
8535
8536
8534
8532
8533
8531
8531
8530
8527
8527
8525
8526
8524
8523
8523
8522
8520
8519
8517
8518
8517
8515
8515
8512
8511
8511
8511
8508
8507
8506
8506
8504
8505
8504
8503
8500
8500
8500
8499
8497
8497
8496
8493
8492
8492
8490
8489
8490
8488
8487
8487
8486
8485
8484
8483
8480
8479
8480
8478
8477
8475
8476
8473
8472
8473
8470
8469
8468
8469
8468
8465
8466
8465
8463
8463
8460
8461
8459
8457
8456
8457
8454
8453
8454
8453
8450
8449
8448
8449
8447
8447
8444
8445
8444
8442
8441
8439
8439
8437
8436
8437
8434
8433
8434
8432
8430
8430
8428
8428
8428
8427
8424
8423
8424
8421
8420
8419
8418
8418
8417
8415
8415
8414
8414
8412
8412
8409
8409
8409
8407
8406
8406
8404
8403
8402
8401
8401
8398
8399
8397
8395
8395
8393
8393
8393
8390
8391
8388
8389
8386
8386
8386
8385
8382
8382
8380
8379
8380
8378
8378
8376
8374
8375
8372
8373
8371
8370
8370
8369
8367
8366
8364
8363
8363
8363
8362
8361
8360
8358
8357
8355
8356
8353
8352
8351
8352
8349
8349
8349
8346
8345
8345
8344
8343
8342
8340
8341
8338
8337
8338
8337
8336
8333
8334
8331
8330
8329
8330
8329
8327
8327
8324
8324
8324
8322
8322
8319
8320
8317
8318
8317
8315
8314
8312
8313
8310
8310
8310
8308
8308
8307
8304
8304
8302
8302
8302
8299
8299
8299
8297
8295
8295
8295
8293
8293
8290
8289
8290
8289
8287
8287
8284
8283
8282
8281
8282
8279
8280
8279
8278
8276
8276
8273
8272
8271
8271
8271
8268
8267
8268
8267
8264
8264
8263
8261
8260
8260
8258
8259
8258
8257
8255
8255
8252
8253
8250
8251
8249
8247
8248
8246
8245
8245
8243
8241
8242
8239
8238
8238
8237
8235
8234
8235
8234
8231
8230
8231
8230
8228
8226
8226
8224
8224
8223
8222
8222
8221
8220
8217
8218
8217
8215
8214
8214
8211
8211
8211
8208
8207
8206
8205
8204
8205
8204
8203
8202
8199
8198
8198
8197
8195
8195
8193
8194
8193
8191
8190
8190
8187
8188
8186
8184
8183
8183
8181
8181
8179
8180
8179
8176
8176
8176
8174
8172
8173
8170
8169
8170
8168
8167
8166
8165
8163
8163
8162
8160
8159
8158
8157
8157
8155
8156
8155
8152
8152
8152
8151
8149
8149
8146
8145
8144
8145
8143
8142
8140
8141
8139
8137
8137
8136
8136
8133
8133
8131
8132
8131
8130
8127
8126
8125
8124
8123
8122
8122
8121
8121
8120
8117
8117
8117
8114
8113
8114
8113
8111
8111
8108
8107
8107
8107
8106
8103
8102
8101
8102
8099
8099
8098
8096
8096
8096
8094
8093
8093
8092
8089
8089
8088
8087
8085
8085
8083
8082
8082
8080
8079
8079
8077
8077
8075
8074
8073
8073
8072
8071
8069
8069
8069
8067
8066
8065
8064
8064
8063
8060
8061
8058
8059
8058
8055
8054
8053
8052
8052
8052
8049
8050
8049
8048
8045
8046
8045
8042
8042
8040
8040
8039
8039
8038
8035
8035
8033
8033
8031
8031
8031
8029
8028
8027
8025
8025
8025
8023
8023
8021
8021
8018
8017
8018
8017
8014
8015
8014
8012
8011
8009
8008
8007
8006
8007
8006
8005
8002
8002
8000
8000
7999
7998
7996
7995
7996
7995
7994
7993
7992
7990
7989
7989
7987
7986
7986
7985
7982
7983
7980
7981
7978
7979
7976
7975
7975
7973
7974
7972
7972
7969
7968
7967
7967
7966
7966
7965
7963
7962
7961
7959
7958
7957
7956
7957
7955
7953
7952
7953
7952
7950
7950
7949
7946
7945
7944
7945
7943
7941
7941
7939
7938
7939
7938
7935
7934
7934
7932
7932
7930
7930
7929
7927
7928
7927
7925
7923
7922
7922
7920
7919
7920
7917
7916
7915
7915
7914
7912
7913
7911
7910
7908
7907
7906
7905
7905
7904
7903
7902
7902
7900
7898
7899
7896
7897
7896
7894
7892
7891
7890
7889
7889
7887
7887
7887
7885
7883
7883
7882
7880
7879
7879
7878
7876
7876
7875
7875
7873
7871
7870
7870
7869
7867
7866
7866
7866
7864
7862
7861
7862
7860
7859
7858
7858
7855
7854
7853
7852
7852
7850
7850
7848
7848
7848
7845
7844
7844
7842
7842
7841
7840
7838
7838
7838
7836
7834
7835
7832
7833
7830
7829
7828
7829
7827
7827
7824
7823
7823
7821
7822
7821
7818
7819
7817
7817
7814
7814
7814
7812
7811
7809
7808
7809
7808
7807
7805
7803
7802
7803
7802
7800
7798
7799
7797
7796
7794
7794
7793
7793
7792
7790
7789
7789
7786
7787
7784
7784
7783
7783
7780
7779
7778
7778
7776
7775
7775
7773
7772
7773
7770
7769
7768
7767
7768
7767
7765
7763
7762
7762
7762
7759
7758
7758
7756
7756
7755
7753
7753
7752
7750
7750
7749
7749
7746
7745
7746
7745
7742
7741
7742
7739
7738
7738
7736
7735
7734
7735
7733
7732
7731
7729
7730
7729
7726
7725
7725
7724
7723
7721
7722
7721
7720
7719
7717
7715
7716
7714
7712
7713
7711
7711
7708
7709
7706
7705
7704
7704
7702
7702
7700
7699
7700
7697
7698
7697
7694
7693
7693
7693
7691
7690
7690
7688
7686
7686
7685
7685
7682
7682
7682
7681
7679
7679
7678
7675
7674
7673
7673
7673
7672
7671
7670
7668
7668
7666
7666
7665
7662
7662
7662
7660
7660
7659
7658
7655
7654
7654
7652
7652
7650
7649
7649
7649
7646
7646
7646
7645
7644
7642
7641
7640
7639
7638
7638
7635
7636
7635
7632
7631
7630
7631
7628
7627
7627
7625
7625
7623
7624
7622
7621
7619
7620
7617
7616
7615
7615
7613
7612
7611
7611
7610
7610
7607
7608
7607
7604
7605
7603
7602
7601
7601
7599
7598
7596
7596
7596
7594
7593
7592
7592
7591
7588
7589
7586
7585
7584
7585
7583
7582
7581
7579
7580
7577
7577
7577
7574
7575
7574
7571
7570
7569
7570
7569
7568
7565
7564
7565
7563
7563
7561
7560
7559
7558
7557
7557
7554
7555
7552
7552
7550
7550
7550
7547
7548
7545
7546
7543
7542
7541
7540
7540
7539
7537
7537
7536
7534
7535
7533
7533
7531
7529
7528
7528
7526
7527
7525
7523
7524
7522
7522
7519
7518
7518
7516
7515
7514
7514
7512
7512
7511
7510
7510
7509
7507
7507
7505
7505
7503
7501
7501
7500
7499
7499
7496
7496
7496
7494
7493
7493
7491
7489
7490
7488
7488
7485
7486
7485
7483
7481
7480
7479
7479
7478
7477
7475
7474
7473
7474
7473
7471
7470
7469
7469
7467
7466
7464
7464
7462
7463
7460
7461
7458
7457
7456
7457
7456
7454
7452
7451
7451
7450
7450
7447
7448
7446
7445
7443
7443
7442
7441
7441
7438
7439
7437
7437
7436
7435
7433
7433
7431
7431
7430
7428
7426
7425
7426
7425
7423
7423
7420
7419
7419
7417
7417
7416
7415
7415
7414
7411
7411
7409
7410
7407
7407
7407
7406
7403
7403
7401
7400
7399
7399
7399
7398
7396
7396
7394
7393
7393
7391
7391
7388
7387
7386
7386
7386
7385
7383
7382
7382
7380
7378
7377
7378
7377
7376
7374
7374
7372
7370
7369
7370
7368
7368
7367
7364
7365
7363
7363
7361
7359
7359
7358
7357
7357
7354
7353
7354
7351
7352
7351
7350
7347
7348
7346
7346
7345
7342
7343
7341
7339
7340
7337
7338
7336
7334
7335
7334
7333
7331
7330
7328
7328
7327
7326
7324
7325
7324
7323
7322
7321
7320
7319
7316
7317
7314
7315
7312
7313
7312
7311
7310
7309
7306
7307
7305
7304
7304
7302
7301
7300
7300
7298
7298
7295
7294
7293
7292
7293
7290
7289
7289
7287
7286
7287
7284
7284
7282
7281
7281
7281
7280
7278
7277
7275
7275
7273
7274
7271
7271
7269
7270
7269
7267
7267
7266
7264
7262
7261
7261
7260
7260
7257
7257
7255
7254
7254
7254
7251
7250
7250
7248
7249
7248
7247
7244
7244
7243
7243
7241
7239
7240
7239
7238
7235
7235
7233
7234
7233
7231
7230
7228
7227
7228
7227
7224
7223
7224
7221
7221
7221
7219
7218
7218
7216
7215
7213
7214
7213
7212
7210
7208
7209
7207
7205
7204
7203
7203
7202
7200
7199
7198
7199
7196
7195
7196
7195
7192
7192
7190
7190
7189
7188
7186
7186
7184
7185
7184
7181
7181
7181
7180
7179
7178
7176
7174
7174
7174
7172
7172
7169
7169
7167
7168
7165
7165
7165
7164
7162
7161
7161
7159
7157
7157
7156
7156
7155
7152
7153
7150
7149
7149
7147
7148
7146
7145
7143
7144
7142
7142
7141
7140
7138
7138
7137
7136
7133
7133
7133
7130
7129
7130
7128
7127
7126
7124
7124
7123
7123
7120
7120
7120
7118
7118
7117
7116
7114
7112
7113
7110
7109
7109
7107
7108
7107
7106
7105
7104
7102
7101
7099
7100
7098
7098
7095
7094
7093
7093
7093
7090
7091
7088
7089
7086
7085
7085
7084
7084
7083
7080
7081
7080
7077
7076
7077
7076
7075
7073
7073
7071
7069
7068
7067
7068
7067
7065
7063
7062
7063
7062
7059
7059
7057
7056
7055
7055
7053
7053
7052
7052
7051
7049
7049
7048
7046
7046
7045
7042
7042
7042
7041
7039
7039
7038
7037
7036
7034
7032
7032
7031
7029
7029
7028
7026
7027
7025
7025
7024
7021
7020
7021
7018
7018
7018
7015
7016
7014
7012
7012
7012
7011
7009
7009
7008
7005
7006
7003
7004
7003
7001
7001
7000
6997
6996
6995
6996
6995
6993
6993
6990
6991
6988
6987
6987
6987
6985
6984
6983
6983
6980
6980
6979
6978
6977
6977
6974
6974
6974
6971
6971
6969
6970
6968
6966
6965
6966
6964
6962
6962
6961
6959
6958
6959
6957
6957
6956
6955
6953
6952
6952
6951
6948
6949
6947
6945
6945
6944
6943
6942
6941
6939
6940
6939
6937
6935
6934
6934
6934
6932
6932
6930
6929
6927
6926
6925
6926
6923
6923
6922
6921
6920
6920
6919
6916
6915
6916
6914
6914
6912
6910
6910
6909
6909
6907
6906
6904
6905
6904
6903
6900
6899
6899
6899
6896
6895
6895
6893
6892
6893
6890
6889
6888
6889
6888
6886
6884
6885
6882
6883
6881
6881
6879
6878
6877
6875
6876
6875
6874
6873
6872
6869
6870
6868
6868
6865
6865
6863
6864
6861
6860
6861
6858
6858
6858
6855
6854
6855
6852
6852
6852
6850
6849
6847
6848
6845
6844
6844
6842
6841
6842
6839
6838
6838
6838
6835
6836
6834
6833
6832
6831
6831
6829
6829
6827
6825
6826
6824
6822
6823
6820
6821
6820
6819
6818
6816
6814
6814
6813
6811
6812
6809
6809
6807
6807
6806
6805
6804
6804
6803
6800
6801
6800
6798
6797
6795
6796
6795
6794
6793
6791
6790
6789
6788
6786
6787
6784
6784
6783
6783
6781
6780
6780
6777
6778
6776
6775
6773
6773
6772
6771
6770
6768
6767
6767
6767
6766
6763
6763
6762
6761
6760
6760
6757
6758
6755
6754
6753
6754
6752
6752
6750
6749
6749
6748
6745
6745
6744
6743
6741
6740
6739
6739
6738
6737
6735
6734
6734
6733
6731
6730
6729
6729
6727
6726
6725
6726
6724
6723
6722
6720
6720
6718
6718
6717
6716
6714
6715
6714
6713
6712
6709
6710
6708
6708
6706
6706
6703
6702
6702
6700
6700
6699
6698
6698
6697
6694
6694
6693
6693
6691
6689
6688
6689
6688
6686
6684
6685
6683
6681
6681
6680
6678
6677
6677
6677
6674
6674
6672
6672
6672
6670
6670
6668
6667
6666
6664
6664
6663
6661
6661
6661
6658
6659
6658
6657
6655
6653
6654
6651
6650
6649
6648
6649
6648
6646
6646
6643
6644
6641
6641
6641
6640
6637
6636
6635
6636
6634
6634
6631
6632
6629
6628
6629
6626
6625
6626
6624
6623
6623
6620
6620
6620
6618
6617
6617
6614
6614
6614
6613
6611
6609
6610
6608
6607
6605
6606
6604
6604
6602
6602
6601
6600
6597
6597
6595
6595
6594
6594
6593
6590
6589
6589
6588
6587
6585
6585
6584
6584
6583
6581
6579
6578
6577
6576
6577
6575
6575
6573
6572
6571
6569
6569
6568
6567
6567
6566
6565
6564
6561
6562
6559
6558
6558
6558
6557
6556
6554
6553
6552
6551
6550
6550
6548
6548
6547
6544
6544
6544
6542
6542
6540
6538
6538
6538
6536
6534
6533
6534
6531
6530
6530
6530
6527
6526
6526
6524
6525
6522
6521
6520
6520
6519
6517
6517
6515
6516
6514
6513
6513
6511
6510
6508
6508
6508
6506
6504
6504
6503
6503
6502
6501
6499
6498
6498
6496
6495
6494
6494
6492
6491
6491
6489
6489
6486
6487
6484
6484
6483
6483
6480
6479
6479
6479
6478
6477
6474
6473
6472
6473
6470
6471
6470
6468
6468
6467
6465
6463
6462
6462
6462
6461
6459
6457
6458
6457
6454
6453
6453
6451
6450
6451
6448
6448
6447
6445
6444
6445
6443
6442
6442
6440
6440
6438
6437
6436
6435
6435
6434
6432
6430
6430
6430
6429
6428
6426
6425
6423
6424
6421
6420
6421
6418
6418
6418
6416
6416
6413
6413
6411
6410
6409
6410
6409
6406
6405
6405
6404
6402
6402
6400
6400
6400
6399
6397
6397
6396
6395
6392
6392
6390
6390
6390
6387
6388
6386
6386
6385
6384
6382
6380
6381
6380
6377
6378
6375
6374
6374
6373
6372
6372
6370
6370
6369
6368
6365
6366
6365
6363
6363
6360
6361
6360
6357
6358
6356
6356
6355
6354
6353
6351
6351
6350
6348
6348
6347
6345
6343
6343
6343
6341
6340
6339
6338
6337
6336
6336
6334
6332
6331
6332
6331
6330
6328
6328
6327
6326
6325
6324
6323
6322
6319
6320
6318
6317
6316
6315
6313
6314
6312
6310
6309
6310
6309
6306
6306
6305
6305
6304
6303
6300
6300
6299
6297
6298
6296
6294
6293
6293
6293
6290
6289
6288
6289
6286
6287
6286
6284
6283
6282
6282
6280
6278
6279
6277
6275
6275
6273
6272
6273
6270
6269
6269
6269
6267
6266
6264
6264
6264
6263
6261
6259
6260
6259
6256
6257
6256
6255
6254
6252
6250
6251
6250
6247
6248
6246
6245
6244
6244
6242
6240
6241
6240
6239
6237
6235
6235
6235
6233
6232
6231
6229
6229
6229
6228
6226
6226
6225
6223
6223
6221
6219
6220
6218
6217
6217
6214
6213
6212
6213
6212
6210
6210
6209
6207
6206
6206
6205
6202
6203
6200
6199
6198
6199
6196
6195
6196
6193
6193
6191
6190
6191
6189
6187
6187
6185
6184
6184
6183
6181
6181
6179
6180
6177
6178
6175
6176
6173
6172
6172
6172
6169
6170
6167
6166
6165
6165
6163
6162
6163
6160
6160
6158
6159
6158
6156
6154
6155
6152
6152
6150
6150
6149
6147
6146
6146
6146
6143
6143
6143
6141
6140
6139
6138
6137
6136
6135
6135
6133
6131
6130
6131
6129
6127
6128
6127
6125
6125
6123
6123
6120
6121
6120
6119
6116
6115
6115
6115
6112
6111
6112
6109
6109
6107
6107
6105
6106
6104
6102
6102
6101
6100
6099
6099
6097
6095
6095
6094
6093
6092
6090
6090
6088
6087
6087
6086
6084
6085
6083
6083
6082
6080
6080
6078
6077
6076
6076
6074
6074
6072
6072
6069
6070
6068
6067
6067
6064
6063
6062
6062
6061
6060
6058
6057
6058
6057
6056
6055
6053
6052
6052
6051
6048
6048
6047
6046
6045
6044
6042
6041
6042
6039
6040
6038
6038
6035
6035
6035
6033
6032
6030
6030
6029
6028
6027
6025
6025
6023
6022
6021
6022
6019
6020
6019
6018
6017
6015
6013
6012
6013
6012
6009
6008
6008
6008
6005
6006
6004
6004
6002
6000
6000
6000
5998
5996
5995
5995
5994
5994
5991
5991
5991
5988
5989
5988
5985
5986
5984
5983
5981
5980
5979
5978
5978
5978
5975
5976
5974
5973
5972
5972
5971
5968
5967
5966
5965
5965
5963
5964
5962
5960
5961
5959
5958
5958
5955
5955
5954
5954
5951
5951
5951
5948
5948
5947
5947
5945
5943
5943
5942
5940
5941
5939
5937
5936
5936
5935
5934
5934
5932
5930
5929
5928
5928
5928
5927
5926
5924
5922
5922
5921
5920
5919
5917
5916
5915
5914
5913
5913
5911
5912
5910
5908
5907
5906
5905
5906
5905
5903
5903
5900
5900
5898
5898
5896
5895
5894
5895
5894
5893
5890
5889
5889
5889
5887
5887
5884
5883
5882
5882
5880
5879
5879
5877
5876
5876
5875
5875
5872
5873
5872
5870
5870
5867
5868
5865
5865
5864
5862
5861
5860
5860
5859
5858
5856
5855
5855
5854
5853
5853
5851
5850
5850
5849
5848
5847
5845
5844
5842
5843
5841
5839
5838
5838
5837
5835
5836
5835
5834
5831
5832
5831
5829
5828
5827
5825
5826
5823
5823
5821
5820
5821
5820
5817
5817
5817
5814
5813
5812
5811
5812
5810
5810
5807
5807
5805
5805
5803
5802
5801
5800
5801
5798
5798
5797
5796
5795
5794
5794
5792
5792
5789
5788
5789
5787
5785
5785
5784
5782
5783
5780
5779
5780
5779
5777
5775
5776
5775
5772
5773
5770
5770
5768
5767
5766
5767
5766
5765
5764
5763
5760
5760
5758
5758
5758
5756
5755
5753
5754
5751
5751
5749
5749
5747
5748
5747
5745
5743
5744
5743
5740
5739
5738
5738
5736
5735
5735
5735
5732
5732
5732
5730
5730
5729
5726
5726
5724
5725
5722
5722
5720
5721
5719
5718
5718
5717
5715
5714
5714
5712
5711
5709
5709
5708
5708
5707
5706
5703
5702
5702
5701
5701
5698
5698
5698
5696
5695
5693
5693
5693
5692
5690
5689
5688
5687
5686
5685
5685
5684
5682
5682
5679
5679
5677
5678
5675
5675
5675
5673
5672
5670
5669
5668
5668
5668
5665
5666
5664
5664
5662
5660
5660
5659
5658
5656
5657
5656
5654
5654
5653
5650
5651
5650
5649
5647
5647
5644
5645
5643
5643
5640
5639
5638
5638
5638
5635
5634
5635
5633
5633
5631
5631
5628
5627
5626
5627
5624
5623
5623
5623
5620
5621
5618
5619
5618
5616
5616
5615
5612
5612
5612
5610
5610
5608
5608
5606
5605
5603
5602
5602
5602
5601
5598
5598
5598
5597
5594
5595
5592
5593
5590
5590
5589
5587
5587
5586
5586
5584
5583
5583
5580
5580
5578
5579
5578
5575
5575
5575
5574
5573
5570
5570
5570
5568
5566
5566
5564
5564
5564
5562
5561
5559
5560
5557
5557
5555
5556
5553
5554
5552
5552
5551
5550
5547
5548
5545
5545
5543
5542
5541
5540
5539
5538
5537
5537
5536
5536
5533
5532
5532
5531
5531
5530
5528
5528
5525
5526
5524
5522
5523
5522
5519
5520
5517
5516
5517
5515
5513
5512
5512
5511
5509
5510
5508
5506
5506
5504
5503
5503
5502
5502
5499
5498
5499
5497
5495
5496
5495
5494
5492
5491
5491
5489
5487
5488
5485
5484
5484
5482
5482
5482
5480
5480
5478
5477
5476
5474
5475
5473
5473
5470
5470
5468
5468
5467
5466
5465
5464
5463
5462
5460
5461
5459
5458
5457
5456
5455
5455
5452
5452
5450
5449
5449
5447
5446
5447
5445
5444
5443
5441
5440
5440
5440
5438
5436
5436
5435
5435
5432
5433
5431
5429
5430
5427
5427
5426
5426
5423
5422
5423
5422
5421
5419
5417
5416
5417
5414
5414
5412
5412
5412
5410
5408
5408
5406
5405
5406
5404
5402
5401
5400
5401
5398
5397
5398
5397
5395
5394
5392
5391
5392
5389
5390
5388
5388
5387
5384
5385
5383
5381
5381
5380
5380
5379
5378
5377
5375
5373
5372
5373
5370
5370
5369
5369
5367
5366
5366
5364
5362
5363
5362
5359
5358
5358
5357
5357
5355
5354
5354
5353
5352
5350
5348
5349
5346
5345
5345
5344
5343
5341
5340
5339
5340
5339
5338
5335
5334
5334
5334
5333
5331
5330
5330
5328
5326
5326
5326
5324
5322
5322
5321
5320
5318
5319
5317
5316
5315
5315
5313
5313
5310
5311
5310
5309
5308
5306
5305
5303
5302
5301
5302
5300
5298
5299
5297
5295
5295
5293
5292
5292
5292
5290
5290
5287
5288
5285
5285
5283
5283
5283
5282
5281
5280
5277
5278
5277
5275
5274
5274
5273
5272
5271
5269
5269
5268
5267
5265
5263
5262
5262
5261
5261
5258
5259
5258
5255
5254
5254
5252
5253
5251
5250
5250
5247
5247
5247
5246
5243
5242
5241
5242
5241
5238
5239
5236
5237
5235
5234
5234
5233
5232
5230
5230
5227
5227
5225
5225
5223
5224
5223
5222
5219
5218
5219
5218
5217
5215
5215
5212
5213
5212
5209
5210
5209
5208
5207
5206
5205
5203
5202
5202
5200
5199
5198
5197
5197
5196
5193
5192
5192
5190
5189
5188
5188
5186
5187
5185
5183
5184
5183
5182
5179
5180
5179
5176
5175
5176
5173
5174
5172
5172
5170
5170
5167
5166
5167
5165
5164
5162
5163
5162
5160
5158
5157
5156
5156
5154
5155
5154
5151
5151
5151
5149
5148
5146
5146
5145
5143
5143
5142
5142
5141
5138
5138
5136
5137
5135
5135
5132
5133
5132
5129
5128
5129
5127
5126
5124
5124
5122
5123
5122
5121
5118
5117
5118
5115
5116
5114
5112
5112
5110
5111
5109
5108
5108
5107
5104
5103
5103
5102
5100
5100
5100
5098
5097
5096
5096
5095
5092
5092
5090
5089
5089
5087
5086
5085
5084
5083
5082
5081
5080
5080
5078
5078
5078
5075
5075
5074
5072
5072
5070
5070
5070
5069
5066
5065
5065
5063
5062
5063
5062
5059
5060
5058
5057
5055
5056
5054
5054
5051
5051
5051
5049
5049
5047
5047
5046
5043
5042
5042
5041
5039
5038
5038
5037
5035
5036
5035
5033
5031
5032
5030
5029
5028
5026
5027
5024
5023
5022
5023
5022
5021
5020
5017
5016
5015
5016
5013
5013
5011
5011
5009
5010
5009
5008
5005
5004
5004
5002
5003
5002
4999
4999
4997
4998
4997
4994
4995
4992
4992
4992
4991
4988
4988
4986
4986
4984
4983
4984
4982
4981
4980
4980
4977
4977
4976
4975
4974
4972
4972
4971
4969
4970
4969
4966
4965
4965
4963
4962
4963
4961
4959
4960
4959
4958
4957
4956
4955
4953
4953
4951
4951
4948
4948
4946
4947
4944
4945
4944
4942
4941
4939
4939
4938
4937
4936
4936
4933
4934
4933
4930
4930
4928
4927
4927
4925
4924
4923
4924
4922
4922
4920
4919
4918
4916
4917
4914
4913
4913
4913
4911
4909
4909
4909
4908
4907
4905
4904
4902
4902
4901
4900
4900
4899
4897
4896
4896
4895
4894
4893
4891
4891
4890
4889
4886
4887
4884
4884
4882
4882
4882
4881
4880
4878
4876
4876
4875
4874
4872
4872
4870
4871
4870
4867
4867
4866
4865
4864
4863
4862
4861
4859
4859
4857
4856
4857
4855
4853
4852
4852
4852
4849
4849
4848
4847
4846
4845
4845
4842
4842
4841
4840
4838
4838
4837
4837
4834
4834
4833
4833
4830
4829
4830
4828
4827
4827
4824
4825
4822
4822
4821
4819
4820
4817
4818
4815
4815
4813
4812
4813
4812
4811
4808
4807
4806
4805
4805
4804
4803
4803
4800
4801
4798
4797
4797
4797
4795
4795
4793
4793
4790
4789
4790
4787
4787
4786
4785
4783
4782
4783
4780
4779
4779
4778
4777
4777
4775
4775
4773
4771
4770
4771
4768
4767
4766
4766
4764
4765
4762
4761
4761
4761
4759
4757
4758
4757
4756
4754
4754
4751
4750
4751
4748
4749
4748
4747
4746
4744
4744
4742
4742
4741
4738
4737
4737
4736
4736
4734
4732
4733
4731
4730
4729
4729
4728
4726
4726
4723
4722
4723
4720
4720
4720
4718
4717
4716
4715
4713
4713
4711
4711
4710
4709
4707
4707
4707
4705
4703
4703
4703
4701
4700
4699
4697
4697
4696
4696
4694
4693
4691
4691
4690
4689
4688
4686
4687
4685
4684
4683
4683
4680
4679
4678
4678
4676
4676
4675
4675
4672
4673
4672
4670
4669
4667
4667
4665
4666
4664
4664
4661
4661
4660
4658
4657
4656
4655
4656
4654
4652
4652
4651
4649
4650
4648
4647
4645
4645
4645
4644
4642
4642
4641
4638
4638
4637
4636
4636
4633
4632
4633
4631
4630
4629
4628
4627
4626
4626
4625
4622
4623
4621
4621
4620
4617
4617
4616
4615
4613
4612
4612
4611
4609
4610
4608
4608
4605
4604
4605
4602
4602
4601
4600
4598
4599
4596
4595
4594
4594
4594
4592
4590
4589
4589
4588
4588
4585
4586
4584
4582
4582
4580
4581
4580
4579
4577
4576
4576
4574
4572
4571
4570
4571
4570
4568
4567
4566
4565
4565
4564
4562
4562
4559
4560
4558
4558
4557
4555
4553
4552
4553
4551
4551
4549
4547
4547
4547
4546
4545
4543
4543
4542
4539
4540
4539
4537
4536
4535
4533
4532
4532
4531
4529
4530
4528
4527
4527
4525
4523
4524
4523
4522
4519
4519
4518
4517
4516
4515
4513
4512
4511
4512
4511
4509
4509
4508
4507
4504
4504
4502
4503
4502
4501
4500
4499
4496
4497
4494
4495
4494
4493
4492
4489
4489
4488
4487
4487
4486
4483
4482
4483
4481
4479
4480
4479
4476
4475
4476
4473
4473
4473
4472
4470
4470
4467
4468
4467
4464
4465
4462
4463
4461
4459
4460
4459
4457
4457
4456
4454
4452
4451
4451
4451
4448
4448
4447
4446
4446
4444
4444
4441
4441
4441
4440
4437
4436
4436
4434
4433
4432
4431
4431
4429
4428
4428
4428
4425
4424
4425
4423
4421
4420
4419
4418
4418
4418
4416
4416
4414
4412
4413
4412
4411
4408
4409
4408
4405
4404
4404
4403
4403
4401
4399
4400
4397
4397
4397
4394
4395
4392
4393
4390
4390
4390
4388
4388
4385
4384
4383
4383
4383
4380
4380
4379
4377
4377
4377
4376
4374
4372
4371
4371
4371
4369
4368
4366
4367
4366
4363
4364
4361
4362
4359
4359
4357
4358
4357
4354
4353
4354
4353
4352
4351
4348
4349
4347
4346
4345
4343
4343
4343
4341
4339
4340
4339
4338
4335
4335
4335
4332
4332
4332
4330
4330
4327
4328
4327
4326
4323
4324
4323
4322
4319
4318
4318
4318
4316
4314
4314
4314
4313
4311
4309
4308
4307
4306
4305
4304
4304
4302
4303
4300
4301
4298
4297
4296
4295
4296
4293
4292
4293
4290
4289
4290
4287
4287
4287
4286
4283
4283
4283
4282
4281
4280
4277
4278
4275
4275
4273
4272
4272
4270
4269
4268
4267
4267
4266
4265
4263
4264
4263
4260
4259
4260
4257
4258
4257
4256
4254
4254
4251
4252
4251
4248
4249
4246
4245
4244
4244
4243
4241
4240
4240
4238
4238
4238
4237
4234
4233
4233
4233
4232
4230
4229
4229
4228
4225
4225
4225
4224
4222
4221
4220
4219
4218
4217
4217
4215
4214
4212
4211
4212
4210
4209
4207
4206
4205
4204
4204
4203
4202
4202
4200
4198
4197
4197
4195
4194
4193
4192
4193
4192
4190
4190
4188
4186
4185
4184
4185
4184
4182
4180
4181
4179
4179
4178
4177
4174
4175
4172
4173
4171
4171
4169
4167
4168
4167
4164
4163
4163
4162
4160
4160
4158
4157
4158
4156
4155
4153
4153
4152
4152
4150
4148
4147
4147
4147
4144
4145
4142
4142
4142
4141
4139
4137
4138
4136
4134
4134
4133
4133
4130
4131
4128
4128
4126
4125
4126
4124
4122
4122
4122
4119
4120
4119
4118
4116
4114
4115
4113
4111
4111
4109
4108
4107
4106
4106
4106
4104
4104
4101
4100
4101
4099
4097
4097
4096
4094
4093
4093
4092
4091
4089
4088
4089
4087
4087
4085
4084
4084
4083
4082
4080
4080
4079
4078
4077
4074
4074
4074
4073
4072
4071
4068
4068
4067
4066
4064
4064
4062
4063
4061
4061
4060
4058
4057
4055
4055
4053
4054
4051
4052
4050
4050
4049
4047
4046
4044
4044
4042
4043
4042
4039
4039
4037
4037
4035
4035
4035
4032
4033
4031
4030
4030
4029
4026
4026
4024
4024
4024
4021
4022
4021
4019
4019
4018
4015
4015
4015
4014
4013
4012
4011
4008
4008
4008
4007
4006
4003
4002
4003
4001
4001
3998
3997
3997
3996
3995
3993
3994
3992
3990
3991
3990
3989
3988
3986
3985
3984
3983
3981
3981
3979
3978
3979
3977
3977
3975
3973
3972
3973
3970
3970
3970
3968
3967
3966
3966
3964
3963
3963
3960
3961
3960
3959
3956
3956
3955
3954
3952
3953
3952
3951
3948
3949
3948
3945
3945
3944
3943
3942
3941
3941
3938
3937
3936
3937
3936
3933
3933
3932
3932
3931
3929
3929
3928
3927
3926
3924
3922
3921
3921
3921
3919
3919
3917
3915
3916
3913
3914
3911
3911
3910
3908
3909
3907
3906
3904
3904
3904
3902
3900
3900
3899
3899
3898
3896
3896
3894
3894
3893
3892
3890
3890
3887
3886
3886
3885
3883
3883
3881
3882
3879
3880
3879
3876
3876
3874
3873
3872
3873
3872
3870
3870
3868
3867
3867
3866
3863
3862
3863
3862
3859
3858
3859
3857
3857
3854
3853
3854
3852
3850
3850
3850
3847
3848
3845
3846
3843
3843
3841
3841
3839
3840
3837
3838
3835
3836
3835
3833
3831
3831
3830
3828
3827
3827
3827
3826
3824
3824
3822
3821
3820
3819
3818
3818
3815
3816
3814
3813
3811
3811
3811
3809
3808
3808
3806
3804
3805
3802
3803
3800
3799
3798
3799
3796
3797
3795
3795
3794
3793
3791
3790
3788
3787
3788
3787
3785
3784
3783
3781
3782
3779
3780
3778
3778
3775
3774
3775
3772
3773
3771
3770
3770
3769
3767
3765
3766
3763
3764
3763
3762
3760
3758
3759
3758
3755
3755
3753
3753
3753
3750
3750
3748
3748
3748
3745
3745
3743
3742
3742
3742
3740
3738
3738
3736
3736
3735
3733
3734
3732
3730
3731
3728
3727
3728
3727
3724
3724
3723
3723
3722
3721
3718
3717
3716
3715
3714
3714
3712
3711
3711
3711
3710
3708
3707
3705
3705
3703
3703
3702
3702
3701
3698
3699
3696
3697
3696
3694
3694
3692
3691
3690
3688
3688
3687
3687
3686
3685
3683
3681
3682
3681
3680
3678
3678
3676
3676
3673
3673
3672
3671
3669
3669
3669
3667
3666
3666
3663
3662
3662
3662
3660
3658
3659
3657
3656
3655
3654
3652
3652
3652
3649
3648
3649
3648
3647
3645
3644
3642
3641
3640
3641
3640
3638
3638
3635
3634
3635
3633
3632
3631
3629
3628
3628
3626
3627
3626
3623
3622
3621
3621
3621
3618
3619
3616
3615
3614
3614
3613
3611
3612
3611
3609
3609
3607
3605
3606
3605
3602
3602
3601
3600
3600
3599
3598
3595
3595
3595
3593
3593
3592
3589
3590
3587
3588
3585
3584
3585
3583
3583
3581
3580
3578
3579
3577
3576
3574
3574
3573
3571
3570
3569
3570
3569
3568
3566
3564
3563
3562
3562
3562
3559
3560
3559
3556
3557
3556
3554
3554
3552
3551
3549
3549
3548
3546
3547
3544
3544
3542
3543
3542
3540
3540
3538
3537
3536
3534
3535
3534
3531
3532
3531
3529
3528
3528
3527
3525
3525
3522
3522
3522
3521
3520
3517
3516
3516
3516
3514
3514
3511
3511
3511
3510
3507
3507
3506
3506
3505
3503
3502
3500
3499
3499
3499
3498
3496
3495
3494
3492
3491
3492
3489
3490
3487
3486
3485
3485
3485
3482
3481
3481
3480
3478
3478
3478
3475
3474
3475
3474
3472
3471
3469
3470
3467
3468
3467
3466
3465
3463
3461
3460
3460
3459
3459
3457
3456
3454
3453
3454
3452
3451
3449
3448
3449
3448
3445
3444
3445
3444
3441
3440
3440
3438
3437
3438
3436
3434
3434
3432
3433
3430
3429
3429
3428
3426
3425
3426
3424
3422
3422
3420
3421
3420
3418
3418
3416
3415
3415
3413
3412
3412
3411
3409
3407
3406
3406
3405
3405
3402
3403
3402
3400
3398
3397
3398
3396
3395
3394
3392
3393
3391
3390
3389
3388
3388
3386
3385
3384
3382
3383
3381
3379
3380
3379
3377
3375
3375
3373
3372
3373
3372
3371
3368
3367
3366
3367
3365
3364
3364
3362
3361
3359
3358
3359
3358
3355
3354
3353
3354
3353
3350
3350
3348
3349
3346
3346
3344
3345
3343
3341
3342
3340
3338
3339
3337
3336
3336
3333
3334
3332
3331
3330
3330
3329
3327
3326
3325
3325
3324
3321
3321
3321
3320
3319
3318
3317
3314
3313
3313
3313
3311
3310
3308
3307
3307
3307
3305
3303
3304
3303
3302
3301
3298
3298
3298
3297
3296
3293
3294
3293
3291
3290
3290
3287
3287
3287
3284
3284
3282
3281
3282
3281
3279
3279
3278
3277
3276
3275
3272
3273
3271
3271
3269
3268
3266
3267
3266
3264
3264
3262
3260
3260
3260
3258
3258
3255
3254
3253
3252
3252
3251
3251
3248
3249
3248
3246
3246
3245
3242
3241
3242
3240
3238
3238
3236
3235
3234
3235
3234
3232
3230
3230
3228
3228
3228
3227
3226
3223
3222
3221
3221
3220
3220
3218
3217
3215
3216
3214
3214
3213
3211
3211
3209
3209
3208
3207
3205
3203
3204
3201
3201
3200
3199
3199
3198
3196
3196
3195
3193
3191
3190
3191
3190
3187
3188
3186
3184
3184
3182
3181
3182
3181
3178
3177
3178
3177
3174
3173
3172
3171
3171
3171
3169
3168
3168
3166
3166
3165
3162
3163
3162
3160
3159
3159
3158
3155
3155
3155
3152
3152
3150
3151
3150
3148
3146
3146
3145
3144
3144
3143
3142
3139
3138
3137
3137
3137
3136
3134
3134
3131
3130
3131
3130
3129
3128
3126
3125
3124
3123
3123
3121
3121
3120
3117
3117
3117
3116
3113
3113
3112
3110
3109
3109
3107
3106
3105
3104
3103
3104
3103
3101
3099
3099
3097
3096
3096
3096
3094
3092
3091
3090
3091
3090
3087
3088
3086
3084
3084
3084
3082
3080
3081
3080
3078
3076
3075
3076
3073
3073
3073
3070
3069
3068
3068
3066
3066
3065
3065
3062
3063
3060
3061
3059
3058
3058
3056
3056
3055
3052
3053
3052
3049
3050
3049
3048
3047
3046
3045
3042
3042
3042
3039
3039
3037
3038
3037
3036
3033
3034
3033
3032
3029
3029
3028
3028
3027
3026
3025
3024
3023
3022
3020
3020
3018
3017
3016
3016
3015
3013
3013
3010
3011
3008
3007
3006
3005
3004
3005
3003
3001
3001
2999
2999
2998
2998
2995
2995
2994
2992
2991
2990
2991
2988
2987
2987
2986
2986
2984
2982
2983
2980
2981
2979
2977
2976
2976
2974
2973
2973
2973
2971
2971
2968
2969
2967
2967
2964
2965
2962
2962
2961
2960
2959
2958
2958
2955
2954
2955
2953
2952
2951
2951
2949
2947
2946
2946
2946
2945
2943
2941
2941
2939
2938
2939
2936
2935
2935
2935
2934
2931
2931
2930
2929
2929
2928
2926
2924
2924
2923
2922
2922
2919
2919
2917
2916
2915
2916
2915
2914
2912
2910
2909
2910
2907
2906
2905
2904
2903
2902
2902
2900
2900
2900
2899
2897
2895
2895
2894
2893
2893
2891
2890
2888
2887
2888
2885
2884
2884
2882
2883
2882
2879
2879
2879
2878
2877
2874
2875
2874
2871
2870
2871
2870
2868
2866
2865
2866
2864
2862
2861
2862
2860
2860
2859
2858
2856
2854
2853
2852
2852
2850
2851
2848
2849
2848
2847
2846
2845
2844
2843
2840
2839
2840
2837
2838
2837
2835
2834
2833
2832
2832
2829
2828
2828
2826
2825
2824
2824
2822
2821
2820
2821
2818
2817
2817
2816
2816
2814
2813
2813
2811
2811
2808
2808
2808
2805
2805
2804
2803
2803
2800
2800
2799
2797
2796
2796
2795
2793
2792
2793
2791
2789
2790
2789
2787
2787
2784
2784
2782
2783
2781
2781
2780
2779
2777
2776
2776
2775
2773
2772
2770
2770
2770
2768
2766
2765
2764
2765
2762
2762
2761
2761
2759
2759
2758
2755
2755
2755
2752
2752
2751
2750
2750
2747
2748
2745
2744
2744
2743
2742
2741
2741
2738
2738
2737
2735
2736
2735
2734
2731
2730
2731
2728
2728
2727
2727
2726
2725
2724
2723
2721
2720
2719
2718
2718
2715
2714
2713
2712
2713
2711
2710
2709
2707
2708
2705
2704
2705
2704
2702
2700
2701
2699
2697
2697
2695
2694
2693
2694
2693
2690
2690
2689
2687
2687
2687
2684
2684
2684
2682
2681
2681
2680
2677
2678
2675
2674
2673
2674
2673
2671
2669
2670
2669
2666
2665
2666
2664
2664
2663
2662
2659
2660
2658
2656
2655
2654
2655
2654
2651
2650
2649
2650
2648
2646
2647
2646
2644
2644
2643
2640
2640
2638
2637
2637
2636
2634
2635
2632
2631
2631
2629
2629
2628
2627
2627
2626
2625
2623
2622
2620
2619
2620
2619
2618
2615
2616
2614
2613
2612
2610
2611
2610
2607
2608
2607
2604
2604
2603
2601
2601
2599
2598
2599
2598
2597
2596
2594
2593
2592
2591
2590
2590
2587
2587
2586
2586
2583
2582
2581
2582
2580
2579
2579
2578
2575
2575
2575
2574
2573
2570
2570
2568
2568
2567
2565
2565
2564
2563
2561
2561
2559
2558
2557
2557
2557
2556
2553
2552
2551
2551
2549
2549
2549
2546
2547
2545
2545
2544
2541
2542
2540
2540
2537
2538
2536
2534
2534
2532
2531
2530
2530
2528
2527
2526
2527
2526
2523
2522
2521
2520
2519
2519
2517
2518
2517
2514
2514
2514
2513
2512
2511
2509
2508
2506
2506
2504
2504
2502
2503
2502
2499
2499
2497
2497
2496
2494
2494
2493
2492
2492
2489
2489
2488
2486
2486
2485
2483
2482
2482
2480
2479
2478
2479
2478
2476
2475
2473
2473
2473
2470
2469
2468
2468
2467
2466
2465
2465
2462
2461
2461
2460
2458
2459
2456
2456
2455
2454
2453
2452
2452
2449
2449
2447
2448
2446
2444
2444
2444
2442
2440
2439
2439
2438
2438
2436
2435
2433
2432
2432
2432
2430
2428
2429
2427
2425
2426
2425
2423
2422
2422
2420
2419
2418
2416
2416
2416
2413
2414
2413
2412
2409
2410
2408
2408
2405
2406
2403
2402
2403
2402
2401
2399
2399
2396
2397
2395
2395
2392
2393
2391
2391
2390
2387
2386
2385
2385
2384
2382
2383
2381
2379
2378
2379
2377
2377
2376
2374
2372
2371
2371
2369
2369
2368
2366
2366
2364
2364
2363
2362
2362
2361
2358
2359
2356
2357
2356
2353
2353
2351
2352
2351
2348
2347
2348
2346
2344
2344
2342
2342
2340
2339
2339
2338
2337
2335
2334
2335
2334
2333
2332
2330
2329
2327
2327
2325
2326
2323
2322
2322
2320
2319
2319
2317
2317
2316
2314
2314
2312
2312
2310
2309
2309
2309
2308
2305
2306
2305
2303
2301
2301
2299
2300
2297
2296
2296
2294
2294
2293
2292
2292
2289
2289
2288
2287
2287
2284
2284
2284
2282
2280
2281
2280
2279
2278
2276
2274
2273
2273
2273
2270
2271
2268
2269
2266
2266
2265
2264
2264
2261
2262
2259
2259
2259
2258
2257
2256
2253
2253
2252
2251
2251
2249
2248
2247
2247
2244
2245
2244
2243
2242
2239
2239
2239
2238
2235
2235
2234
2234
2232
2232
2231
2230
2228
2227
2227
2224
2225
2224
2223
2220
2221
2219
2217
2217
2216
2216
2215
2213
2213
2211
2210
2210
2208
2206
2206
2205
2205
2202
2201
2202
2199
2200
2198
2198
2197
2194
2193
2193
2192
2190
2191
2188
2187
2186
2186
2185
2185
2183
2183
2182
2179
2178
2178
2178
2177
2175
2174
2174
2173
2171
2170
2169
2168
2166
2165
2165
2164
2163
2161
2162
2161
2159
2159
2158
2156
2156
2154
2154
2151
2150
2150
2149
2149
2146
2145
2145
2144
2143
2142
2140
2139
2138
2138
2136
2135
2136
2135
2134
2132
2130
2131
2128
2128
2128
2125
2124
2124
2123
2123
2120
2121
2119
2118
2118
2117
2114
2114
2112
2112
2112
2110
2108
2109
2107
2106
2104
2104
2102
2101
2102
2100
2098
2097
2098
2097
2095
2094
2094
2091
2090
2091
2088
2089
2087
2087
2085
2084
2082
2083
2081
2079
2079
2079
2076
2077
2074
2074
2072
2071
2072
2071
2070
2069
2066
2067
2064
2063
2062
2063
2060
2061
2059
2058
2057
2057
2054
2054
2054
2052
2050
2049
2049
2048
2048
2047
2045
2045
2044
2043
2040
2040
2038
2037
2038
2036
2035
2035
2033
2033
2032
2030
2029
2028
2028
2026
2025
2023
2024
2021
2022
2021
2018
2018
2018
2015
2015
2013
2012
2011
2011
2011
2008
2008
2008
2007
2006
2004
2004
2002
2001
2000
1998
1997
1996
1996
1996
1994
1993
1992
1992
1990
1990
1987
1986
1987
1986
1984
1982
1983
1980
1980
1979
1977
1978
1977
1974
1975
1973
1973
1971
1971
1969
1968
1967
1967
1966
1964
1962
1963
1961
1961
1959
1957
1956
1956
1954
1955
1952
1951
1952
1949
1950
1949
1947
1946
1945
1944
1943
1941
1941
1941
1939
1937
1938
1937
1936
1934
1933
1931
1930
1931
1928
1929
1928
1926
1925
1925
1922
1923
1921
1920
1918
1917
1916
1917
1916
1915
1913
1913
1912
1909
1909
1907
1907
1905
1904
1904
1902
1903
1902
1900
1899
1899
1897
1897
1895
1895
1894
1893
1892
1889
1888
1888
1887
1886
1884
1885
1883
1882
1881
1881
1880
1877
1876
1876
1876
1874
1872
1873
1871
1871
1869
1867
1867
1865
1864
1865
1863
1862
1860
1860
1860
1857
1858
1856
1854
1855
1852
1852
1852
1851
1848
1849
1848
1846
1844
1845
1842
1842
1842
1841
1838
1838
1838
1837
1835
1834
1834
1831
1832
1831
1830
1828
1827
1826
1824
1824
1824
1822
1820
1820
1818
1819
1817
1816
1815
1815
1812
1812
1811
1809
1809
1809
1808
1805
1806
1804
1803
1803
1802
1800
1798
1798
1796
1796
1794
1794
1792
1793
1790
1790
1789
1788
1786
1785
1786
1784
1782
1781
1780
1780
1779
1778
1777
1775
1774
1773
1773
1773
1770
1769
1769
1767
1768
1767
1766
1763
1762
1763
1760
1760
1759
1759
1756
1757
1754
1755
1753
1752
1750
1751
1750
1748
1746
1746
1746
1743
1744
1742
1741
1741
1740
1739
1736
1735
1736
1733
1733
1733
1730
1730
1729
1729
1727
1726
1725
1725
1723
1723
1720
1721
1720
1717
1717
1716
1716
1714
1714
1712
1710
1709
1710
1707
1708
1705
1704
1704
1703
1702
1702
1700
1699
1698
1696
1695
1694
1695
1692
1692
1690
1689
1689
1689
1686
1686
1684
1683
1682
1681
1680
1679
1678
1679
1677
1676
1674
1675
1672
1672
1671
1671
1669
1669
1667
1667
1664
1664
1664
1662
1660
1661
1659
1659
1658
1655
1654
1653
1652
1652
1650
1649
1649
1648
1646
1646
1644
1645
1642
1642
1640
1641
1639
1639
1636
1635
1636
1634
1634
1633
1632
1629
1629
1627
1626
1626
1624
1624
1623
1623
1620
1621
1618
1619
1618
1617
1614
1615
1613
1612
1610
1611
1610
1607
1608
1607
1605
1605
1603
1601
1601
1599
1599
1597
1597
1596
1595
1593
1592
1592
1592
1589
1588
1587
1587
1587
1586
1584
1582
1581
1581
1579
1578
1577
1577
1575
1574
1575
1574
1572
1570
1570
1569
1569
1568
1565
1564
1563
1562
1562
1561
1559
1558
1557
1557
1556
1554
1554
1554
1551
1552
1550
1550
1547
1547
1545
1545
1544
1542
1542
1542
1540
1538
1538
1536
1537
1536
1534
1534
1531
1532
1531
1529
1529
1528
1525
1525
1525
1523
1523
1521
1520
1518
1517
1518
1515
1514
1514
1513
1512
1512
1511
1508
1509
1507
1505
1505
1504
1503
1503
1500
1501
1500
1499
1498
1496
1496
1494
1493
1492
1490
1491
1488
1488
1488
1485
1485
1484
1484
1482
1480
1481
1479
1478
1478
1475
1475
1474
1474
1472
1471
1469
1469
1467
1468
1466
1466
1464
1464
1462
1462
1459
1459
1457
1456
1457
1456
1454
1453
1452
1450
1450
1448
1448
1448
1445
1446
1445
1444
1443
1440
1440
1440
1439
1438
1437
1434
1434
1432
1432
1430
1429
1430
1427
1428
1427
1426
1424
1423
1421
1422
1420
1420
1417
1417
1417
1415
1414
1413
1412
1411
1411
1410
1408
1407
1407
1404
1405
1403
1401
1400
1401
1399
1397
1398
1396
1396
1395
1394
1392
1390
1391
1389
1387
1386
1385
1384
1385
1383
1383
1380
1381
1379
1379
1376
1375
1376
1374
1372
1372
1371
1370
1369
1367
1368
1366
1366
1365
1362
1363
1361
1361
1360
1357
1358
1355
1354
1353
1354
1353
1352
1351
1349
1348
1348
1347
1346
1345
1342
1343
1341
1341
1339
1337
1336
1335
1335
1333
1332
1333
1330
1331
1329
1329
1328
1326
1324
1323
1324
1323
1322
1320
1320
1318
1316
1316
1315
1315
1314
1313
1310
1309
1309
1308
1306
1307
1304
1305
1302
1301
1300
1299
1298
1299
1296
1297
1296
1293
1292
1292
1290
1291
1288
1289
1287
1286
1285
1285
1283
1281
1281
1280
1280
1277
1276
1275
1276
1273
1272
1273
1271
1270
1268
1268
1266
1265
1265
1265
1263
1262
1262
1260
1259
1257
1256
1257
1255
1253
1254
1253
1250
1249
1249
1247
1246
1245
1245
1243
1242
1243
1240
1239
1238
1238
1237
1236
1236
1234
1234
1232
1230
1230
1228
1227
1227
1226
1226
1225
1223
1223
1220
1221
1218
1218
1216
1217
1216
1215
1214
1211
1211
1209
1209
1209
1208
1205
1204
1205
1203
1203
1201
1199
1199
1198
1196
1197
1194
1193
1192
1193
1190
1189
1190
1188
1188
1185
1184
1185
1182
1181
1180
1181
1178
1178
1177
1176
1175
1175
1172
1172
1170
1170
1169
1168
1168
1167
1166
1163
1164
1163
1162
1159
1160
1159
1158
1157
1154
1155
1154
1151
1150
1151
1150
1148
1147
1146
1146
1144
1143
1143
1142
1140
1139
1138
1136
1137
1134
1135
1132
1131
1131
1129
1128
1128
1127
1125
1126
1124
1122
1122
1120
1119
1119
1117
1118
1115
1114
1115
1113
1112
1110
1110
1108
1108
1106
1106
1105
1104
1103
1102
1102
1099
1098
1097
1096
1096
1095
1095
1092
1092
1091
1090
1088
1087
1086
1085
1085
1083
1084
1083
1081
1081
1080
1079
1078
1077
1074
1073
1073
1073
1070
1069
1069
1068
1067
1066
1066
1065
1063
1061
1062
1061
1060
1059
1056
1057
1056
1054
1052
1052
1051
1050
1050
1047
1047
1046
1045
1044
1044
1043
1042
1039
1038
1037
1037
1036
1036
1034
1033
1031
1030
1030
1028
1027
1027
1025
1024
1023
1024
1021
1022
1021
1020
1019
1018
1015
1014
1014
1014
1012
1010
1010
1010
1007
1008
1006
1006
1004
1002
1002
1001
999
998
999
997
996
994
994
993
991
991
990
988
988
987
985
985
985
984
983
981
981
978
978
977
976
974
973
974
971
972
970
970
969
967
965
964
965
962
963
960
961
959
957
957
955
955
955
952
951
951
950
950
947
946
946
945
943
943
941
941
940
940
938
937
936
936
934
933
933
931
930
930
928
928
925
925
923
922
922
921
921
919
918
916
916
914
915
914
913
912
910
909
907
906
907
906
905
904
901
900
900
898
899
898
897
894
894
892
891
890
890
888
888
886
885
885
883
884
882
880
879
878
879
877
875
876
873
872
873
872
869
869
869
866
866
865
863
864
863
862
859
859
859
858
856
855
853
852
852
851
850
850
849
847
845
846
843
844
842
840
840
839
839
836
835
834
835
833
832
832
829
830
827
827
826
826
825
822
821
821
821
819
818
818
815
816
815
813
813
810
811
808
807
808
806
804
803
803
802
801
800
798
797
797
796
794
795
793
792
790
791
788
789
787
785
784
784
782
782
781
780
779
777
777
775
775
774
774
772
771
769
770
768
768
767
764
763
764
762
761
761
758
759
758
755
754
753
754
751
752
749
750
748
746
746
746
743
742
742
742
740
738
738
736
737
735
733
732
731
732
730
729
728
726
725
725
723
723
721
721
720
719
718
716
717
714
715
712
711
712
711
708
709
707
705
706
703
704
703
701
700
699
699
698
696
694
694
692
692
691
691
688
688
687
685
684
684
683
682
682
679
678
679
676
676
674
673
674
673
670
670
670
668
666
667
664
664
663
661
661
659
659
658
657
657
656
655
653
651
650
649
649
648
646
647
645
644
642
641
642
639
640
638
638
636
635
635
634
633
631
630
629
629
626
627
625
623
622
623
621
619
618
617
618
616
614
614
612
611
611
611
608
609
607
607
604
605
604
601
600
599
600
598
596
595
595
595
593
592
592
589
588
588
586
587
586
584
582
581
581
581
580
578
577
576
575
575
573
572
570
571
568
567
566
565
565
564
564
563
561
559
558
558
557
556
555
554
554
553
552
549
549
549
548
546
545
543
542
541
542
539
540
539
537
535
534
535
534
531
531
529
528
528
527
527
526
523
523
523
522
519
520
518
516
516
514
515
514
511
512
511
510
509
507
505
506
505
502
501
500
501
498
497
498
495
494
495
492
493
492
489
488
488
488
485
484
485
482
481
480
479
480
479
476
477
474
473
473
471
470
471
468
469
467
467
464
465
464
462
461
460
460
458
456
457
456
454
453
453
452
449
449
449
448
447
446
443
444
443
441
440
439
439
437
437
435
435
433
432
430
431
430
427
427
425
426
424
424
423
421
420
420
419
417
417
416
414
412
411
410
410
410
409
406
405
405
403
404
402
401
399
398
398
396
395
396
394
393
393
391
389
389
387
387
385
386
383
383
383
380
381
380
379
378
377
374
374
374
371
372
370
369
368
366
367
365
363
362
361
362
360
358
358
358
356
356
353
352
352
350
349
349
349
347
346
346
344
344
343
342
341
339
337
336
336
336
335
334
332
332
329
328
327
327
326
326
324
323
323
320
320
318
319
318
316
314
314
312
313
311
309
310
307
306
305
306
303
302
303
302
301
300
297
296
296
295
293
292
291
290
289
290
287
286
286
284
283
282
282
281
281
279
278
276
277
274
275
274
271
272
269
268
269
267
266
265
265
264
262
260
261
258
259
256
255
255
254
254
252
252
250
249
247
248
246
246
245
243
241
240
239
239
238
236
237
234
235
234
233
231
231
230
229
227
225
225
223
224
221
222
220
219
218
216
215
214
213
213
213
210
210
208
208
206
206
205
203
202
201
202
199
200
199
198
197
196
193
194
192
191
191
188
189
187
186
185
185
183
183
181
181
179
178
177
176
175
174
173
172
171
170
170
168
166
165
164
165
162
161
162
159
158
157
158
157
155
154
153
153
151
149
150
149
148
147
145
143
142
141
140
140
139
139
136
137
136
133
132
132
132
131
129
129
126
126
125
124
122
121
120
121
118
118
118
117
114
114
112
112
112
109
110
108
106
105
105
103
103
103
102
99
99
97
96
96
95
95
92
93
92
90
90
87
88
87
84
83
82
82
81
79
80
78
78
75
76
73
72
72
72
69
70
68
66
65
64
63
62
61
60
61
60
57
56
57
56
54
54
52
50
51
49
47
47
45
44
43
43
43
41
40
40
38
36
35
36
34
33
31
31
30
30
29
28
25
25
25
24
22
21
19
18
17
16
16
15
15
14
12
11
11
8
7
7
7
5
3
2
1
