2000
2000
1999
1999
1998
1997
1997
1994
1993
1993
1993
1992
1989
1990
1988
1986
1985
1984
1983
1982
1981
1980
1979
1978
1978
1978
1976
1975
1973
1972
1972
1971
1970
1970
1969
1968
1966
1964
1963
1963
1962
1960
1961
1959
1957
1956
1955
1954
1955
1953
1953
1950
1951
1950
1948
1947
1947
1946
1945
1942
1943
1942
1940
1939
1939
1937
1936
1936
1934
1934
1932
1930
1929
1928
1927
1926
1927
1924
1924
1924
1922
1920
1921
1918
1918
1917
1917
1915
1914
1912
1912
1912
1909
1908
1907
1908
1906
1906
1904
1903
1903
1901
1901
1900
1898
1898
1895
1894
1895
1894
1891
1891
1889
1888
1887
1888
1887
1886
1883
1883
1883
1881
1879
1880
1878
1876
1875
1874
1873
1874
1873
1872
1869
1870
1869
1866
1866
1866
1864
1864
1863
1862
1859
1858
1857
1857
1857
1856
1854
1852
1851
1851
1850
1848
1849
1846
1847
1844
1843
1844
1841
1840
1841
1840
1837
1837
1837
1835
1835
1832
1832
1832
1831
1828
1827
1828
1826
1824
1823
1822
1821
1820
1821
1819
1819
1818
1817
1815
1813
1814
1812
1810
1809
1809
1809
1806
1805
1806
1803
1802
1801
1801
1801
1798
1798
1796
1796
1795
1793
1793
1792
1790
1791
1789
1789
1787
1785
1785
1783
1783
1782
1782
1779
1778
1778
1778
1775
1775
1775
1773
1773
1770
1770
1770
1767
1766
1767
1765
1764
1764
1761
1760
1759
1758
1758
1758
1757
1754
1754
1753
1752
1750
1749
1750
1747
1748
1747
1745
1744
1744
1742
1741
1741
1740
1738
1736
1735
1734
1735
1734
1732
1730
1731
1729
1727
1727
1727
1724
1724
1723
1722
1721
1721
1720
1717
1718
1716
1714
1715
1712
1711
1711
1711
1710
1708
1707
1706
1705
1704
1703
1701
1702
1700
1698
1698
1698
1695
1695
1693
1694
1693
1692
1689
1690
1689
1688
1687
1685
1683
1684
1683
1681
1679
1680
1678
1677
1675
1674
1674
1674
1672
1672
1671
1668
1667
1667
1667
1664
1663
1662
1663
1662
1661
1659
1659
1658
1656
1656
1653
1654
1653
1650
1650
1648
1649
1647
1647
1644
1644
1643
1642
1640
1640
1638
1637
1638
1637
1634
1633
1632
1632
1630
1631
1629
1628
1626
1625
1624
1625
1622
1622
1621
1620
1620
1619
1617
1615
1614
1613
1612
1612
1611
1609
1608
1609
1607
1607
1605
1604
1604
1602
1602
1599
1599
1598
1598
1596
1595
1594
1593
1592
1592
1590
1588
1589
1586
1585
1584
1584
1582
1581
1581
1580
1579
1578
1576
1577
1575
1575
1573
1572
1571
1570
1569
1569
1568
1567
1566
1563
1562
1561
1562
1561
1559
1557
1558
1555
1554
1553
1554
1552
1551
1549
1550
1549
1548
1545
1545
1544
1544
1543
1542
1539
1538
1538
1536
1535
1535
1535
1532
1532
1531
1529
1529
1529
1527
1525
1524
1525
1523
1521
1520
1521
1518
1519
1516
1515
1516
1515
1513
1513
1512
1510
1510
1507
1506
1507
1505
1504
1502
1503
1500
1500
1500
1498
1497
1496
1496
1495
1492
1492
1490
1489
1489
1487
1486
1487
1486
1483
1483
1481
1482
1480
1480
1479
1478
1475
1474
1474
1473
1471
1471
1471
1470
1469
1466
1465
1464
1464
1462
1463
1462
1459
1458
1458
1458
1456
1454
1454
1454
1453
1452
1449
1448
1449
1446
1445
1446
1443
1444
1443
1441
1440
1439
1437
1436
1435
1436
1433
1433
1433
1430
1429
1429
1428
1428
1425
1424
1425
1423
1421
1421
1419
1418
1417
1416
1416
1414
1413
1414
1411
1410
1410
1409
1408
1408
1407
1405
1404
1402
1403
1402
1400
1399
1397
1398
1395
1394
1395
1392
1393
1392
1389
1388
1388
1386
1386
1384
1384
1384
1383
1381
1381
1378
1377
1376
1376
1376
1373
1374
1371
1370
1370
1370
1368
1368
1366
1366
1365
1363
1362
1362
1360
1359
1357
1356
1357
1355
1353
1352
1352
1350
1349
1348
1348
1347
1346
1346
1345
1344
1343
1340
1339
1339
1339
1337
1336
1334
1335
1333
1333
1330
1330
1329
1328
1327
1327
1325
1323
1324
1323
1321
1321
1318
1319
1317
1317
1315
1313
1313
1312
1310
1311
1309
1307
1307
1305
1305
1305
1304
1301
1301
1299
1299
1299
1298
1297
1295
1293
1292
1293
1291
1291
1289
1288
1287
1285
1284
1283
1284
1283
1282
1279
1279
1277
1276
1275
1275
1275
1274
1273
1270
1270
1270
1268
1267
1267
1266
1263
1262
1263
1260
1260
1260
1257
1256
1256
1254
1254
1254
1251
1252
1250
1249
1248
1248
1246
1246
1244
1243
1243
1240
1240
1239
1237
1236
1235
1234
1235
1233
1232
1230
1231
1228
1227
1228
1226
1225
1223
1222
1222
1221
1219
1218
1217
1217
1215
1216
1214
1214
1211
1211
1209
1210
1209
1206
1206
1204
1204
1202
1202
1200
1199
1198
1198
1196
1195
1194
1193
1194
1192
1192
1189
1189
1189
1187
1185
1184
1183
1184
1183
1182
1179
1180
1179
1176
1176
1174
1173
1172
1172
1172
1170
1170
1168
1168
1166
1165
1163
1163
1161
1161
1160
1159
1157
1156
1157
1156
1154
1153
1152
1151
1149
1150
1149
1146
1145
1144
1144
1143
1141
1140
1139
1140
1139
1137
1136
1135
1133
1134
1131
1131
1130
1129
1128
1126
1127
1124
1125
1123
1123
1121
1119
1118
1117
1118
1116
1115
1113
1114
1113
1111
1111
1110
1107
1108
1106
1106
1105
1104
1103
1102
1100
1099
1098
1098
1097
1094
1094
1093
1093
1090
1089
1090
1088
1086
1085
1086
1085
1082
1083
1081
1081
1080
1078
1076
1077
1074
1075
1073
1073
1072
1070
1068
1069
1068
1066
1065
1063
1064
1061
1060
1061
1059
1057
1057
1057
1054
1054
1054
1053
1050
1050
1050
1047
1048
1047
1044
1045
1042
1043
1042
1039
1038
1037
1038
1035
1035
1034
1033
1031
1032
1030
1029
1027
1028
1027
1024
1023
1023
1021
1022
1021
1019
1018
1016
1016
1016
1014
1013
1013
1010
1010
1010
1009
1007
1007
1006
1004
1003
1002
1002
999
998
997
997
997
994
995
992
993
990
989
990
988
986
987
984
985
983
982
982
979
980
978
978
976
975
975
974
973
971
971
968
969
966
965
966
964
964
963
960
959
959
957
958
956
954
955
953
951
951
949
948
947
947
947
946
944
943
941
941
940
938
937
936
935
934
935
934
931
930
929
928
928
927
927
924
925
924
922
922
919
919
917
917
915
916
913
913
912
911
909
910
908
907
907
904
904
902
903
902
899
898
899
898
897
896
895
894
892
890
891
889
888
888
887
885
885
882
882
880
881
880
878
876
875
875
873
873
872
870
870
870
869
866
866
865
863
862
862
861
859
859
857
858
856
856
854
852
853
850
850
849
849
848
845
846
845
843
842
840
841
840
837
838
835
835
834
832
831
832
830
829
828
827
826
826
824
822
821
821
819
819
818
818
817
815
815
814
811
810
811
808
807
806
807
804
805
802
801
800
799
800
798
797
796
796
793
792
791
791
790
789
788
786
785
785
784
782
781
780
779
780
777
776
775
774
774
772
772
772
770
770
769
768
765
764
763
764
762
760
759
759
759
758
756
754
753
753
752
750
750
750
748
748
746
746
745
744
743
742
741
738
738
737
735
736
733
732
732
731
731
728
727
728
727
726
725
722
721
721
720
720
718
718
716
716
714
714
713
710
710
709
708
708
706
706
704
703
701
701
699
700
699
697
696
695
694
694
693
691
689
689
687
688
685
686
685
684
682
682
679
680
678
676
677
676
673
674
672
670
669
668
668
668
667
664
664
662
663
661
661
659
659
656
656
656
655
654
653
651
650
649
648
646
646
645
643
643
641
642
641
639
639
637
636
635
635
634
633
632
629
629
628
626
626
624
624
624
623
620
619
619
618
617
617
614
613
612
612
611
609
610
609
606
605
604
603
602
602
602
599
599
598
598
595
594
595
593
593
592
591
588
588
588
585
585
585
582
582
582
581
580
578
578
575
576
574
572
571
572
571
569
568
567
565
565
563
563
563
562
560
558
557
556
557
555
555
553
552
551
549
549
548
548
547
546
543
542
543
540
541
540
539
536
537
536
535
534
531
532
531
528
529
526
525
526
524
522
522
521
520
520
517
516
515
516
515
512
513
512
510
509
507
506
505
506
505
502
503
501
499
499
498
497
495
496
493
493
491
491
489
490
489
487
485
486
483
482
483
481
480
479
477
477
476
474
473
473
472
470
469
470
468
468
465
466
465
462
462
462
459
460
459
456
455
454
455
454
452
452
449
450
447
447
445
446
443
443
441
441
440
439
438
437
435
435
433
432
431
432
429
429
429
426
427
424
424
423
421
420
420
419
419
418
415
415
414
412
411
411
410
410
407
407
406
406
403
404
401
400
399
398
399
396
397
395
393
392
391
392
389
390
387
387
386
384
383
384
381
380
381
378
377
376
376
375
375
373
373
370
369
370
369
366
365
365
363
363
362
361
359
358
358
357
357
354
354
354
352
350
351
349
347
346
346
346
345
344
342
342
341
340
339
337
335
336
335
333
332
332
331
329
329
327
327
325
325
324
322
320
321
318
319
316
316
314
315
314
313
311
310
308
308
308
306
306
304
304
301
302
300
298
299
297
297
295
293
294
291
291
289
288
289
288
285
285
283
282
282
281
281
278
278
277
277
274
274
273
273
271
270
269
269
266
265
266
263
262
262
261
260
260
259
257
256
254
253
252
252
251
250
249
249
248
245
246
245
243
242
240
239
240
239
236
235
234
233
233
232
232
231
228
229
228
227
225
223
222
222
222
220
218
218
216
217
215
213
212
211
211
209
208
208
206
206
206
203
203
202
202
201
198
197
197
195
194
193
192
191
190
189
190
187
187
185
185
185
183
182
182
179
180
177
178
175
175
175
174
172
170
171
168
168
168
167
166
163
162
161
160
159
158
157
158
156
154
154
152
153
152
149
148
149
147
145
146
143
142
142
142
139
139
139
138
135
136
134
133
131
131
131
129
128
128
125
126
124
123
121
121
120
119
119
117
115
114
115
114
111
111
110
109
107
108
106
105
104
104
101
101
100
100
97
96
95
95
93
93
92
91
91
88
88
88
87
85
85
83
81
80
79
80
78
76
76
76
75
72
71
72
71
69
69
66
67
66
64
62
61
60
61
59
58
56
55
54
55
52
53
50
49
50
47
47
46
46
45
42
43
42
39
40
38
36
37
34
34
34
32
31
31
29
27
27
26
25
25
22
22
22
20
20
17
17
16
15
14
13
13
11
9
8
8
8
5
5
5
3
2
