4000
1
1
2
5
6
5
8
9
9
11
10
11
14
14
14
16
18
17
18
19
21
23
24
25
26
25
26
28
29
30
30
31
32
34
36
37
37
39
39
39
41
42
43
44
46
46
46
49
48
50
50
52
53
53
55
55
57
58
59
61
61
63
62
64
64
67
66
69
70
71
72
72
72
73
74
76
76
78
79
79
82
83
84
84
84
86
87
88
88
90
90
92
93
94
94
97
97
97
100
100
100
103
102
104
104
106
106
107
108
110
111
111
113
114
116
116
116
118
118
119
122
122
122
124
126
125
127
128
130
129
130
133
132
133
135
136
138
138
140
141
141
142
142
143
144
145
146
147
149
149
151
153
154
154
154
155
158
159
159
160
160
163
162
164
165
165
168
167
169
170
171
171
172
175
175
175
178
178
179
180
182
182
182
185
186
186
188
189
188
190
191
192
194
193
196
195
196
199
199
201
201
201
202
205
206
206
206
209
208
209
211
211
213
214
216
216
216
219
220
219
222
221
224
224
224
227
228
228
229
230
231
232
232
234
234
237
236
238
238
240
241
242
243
243
244
247
248
247
250
250
252
252
254
255
254
256
258
257
260
260
260
261
262
263
266
265
266
269
268
269
270
272
274
273
276
275
278
279
279
280
280
282
283
283
285
287
287
288
288
290
290
292
293
294
295
297
298
299
299
301
301
301
304
303
305
306
307
307
309
310
312
313
314
314
316
316
317
318
320
321
322
322
323
324
326
325
326
328
330
329
332
331
333
334
336
337
336
338
338
340
342
341
342
343
346
345
347
348
349
351
351
352
352
355
354
355
358
358
360
360
362
362
362
363
366
365
366
367
369
369
372
373
374
375
376
376
377
378
378
381
380
382
383
384
384
387
387
387
389
390
392
392
392
395
396
396
396
398
399
399
402
402
404
404
405
407
406
409
408
409
410
413
413
414
415
417
417
417
420
421
422
423
423
423
426
426
427
427
430
430
431
433
434
433
435
436
438
438
439
439
442
443
444
444
445
446
448
449
450
451
452
453
454
454
456
457
456
459
458
459
460
462
464
463
466
465
467
468
468
469
472
471
474
475
475
475
477
478
478
480
481
481
482
483
485
485
486
489
488
489
492
491
494
494
494
496
496
497
498
499
500
501
503
504
504
507
508
509
510
509
510
511
512
513
514
517
517
518
520
521
522
522
522
523
524
527
528
528
530
529
532
531
533
533
536
537
537
539
539
539
542
542
542
543
546
546
546
548
550
551
550
551
553
555
554
557
557
559
559
559
560
561
562
565
566
565
567
567
568
569
571
571
574
574
575
577
578
579
579
579
581
583
583
583
585
587
588
589
589
590
590
591
592
594
594
597
598
599
598
599
600
602
602
603
606
606
608
609
608
610
610
613
613
615
614
615
617
619
619
620
622
622
624
625
624
627
627
627
630
630
630
631
632
633
635
637
638
638
640
639
640
642
644
645
644
647
646
647
648
650
651
653
652
653
656
655
658
658
659
661
660
663
662
663
664
666
666
667
670
669
671
671
673
674
676
675
678
677
678
679
681
683
682
685
684
687
686
687
688
691
690
691
693
693
695
697
698
698
698
701
701
703
704
703
704
705
707
709
709
711
710
713
713
713
714
717
718
717
720
719
720
721
723
724
725
727
727
728
728
731
731
733
733
734
734
736
738
738
740
739
740
743
743
745
745
746
747
747
749
750
752
752
754
753
754
756
756
758
758
759
761
763
762
765
764
765
768
767
770
771
771
771
774
775
774
775
776
779
780
781
781
782
783
784
786
787
788
789
789
789
791
791
794
795
794
796
797
799
800
800
801
801
804
805
804
805
808
808
808
811
811
813
812
815
814
816
817
818
818
820
821
823
823
825
826
826
827
828
830
830
832
832
833
834
834
837
836
838
840
840
840
841
842
845
846
846
846
849
850
850
851
853
854
855
856
857
857
857
858
860
861
863
862
863
866
866
867
869
870
869
870
872
872
874
874
875
878
878
878
879
882
882
884
884
885
886
887
888
890
890
892
892
894
895
895
896
897
899
899
900
900
903
904
903
904
905
908
907
909
909
910
913
912
913
915
916
917
917
920
920
921
923
924
923
926
927
928
928
930
929
930
931
932
933
935
935
937
938
940
941
942
943
944
945
944
946
947
949
949
950
952
953
953
954
955
956
957
957
958
960
962
962
963
965
965
965
967
967
970
969
971
972
972
973
975
976
977
977
980
981
981
982
982
983
986
986
988
989
990
991
990
992
992
995
996
997
998
998
998
1000
1002
1002
1002
1005
1005
1007
1008
1007
1008
1010
1012
1013
1014
1015
1014
1017
1017
1017
1019
1020
1020
1023
1022
1024
1025
1025
1026
1028
1029
1030
1030
1032
1034
1035
1036
1037
1037
1038
1040
1041
1042
1043
1044
1044
1044
1045
1047
1048
1049
1049
1050
1052
1054
1055
1056
1057
1058
1059
1059
1061
1061
1062
1063
1064
1065
1065
1066
1067
1069
1069
1070
1072
1072
1073
1074
1076
1076
1079
1078
1080
1080
1082
1082
1083
1085
1087
1088
1088
1088
1089
1090
1093
1092
1095
1094
1096
1096
1099
1100
1101
1102
1101
1102
1103
1104
1106
1107
1109
1109
1111
1111
1112
1113
1115
1115
1115
1117
1119
1119
1120
1120
1121
1123
1123
1126
1125
1126
1127
1130
1131
1132
1133
1134
1134
1134
1136
1136
1139
1138
1140
1142
1143
1142
1144
1145
1146
1147
1147
1149
1149
1152
1153
1152
1154
1154
1155
1157
1157
1158
1160
1160
1162
1162
1163
1166
1166
1168
1167
1170
1169
1171
1172
1172
1174
1175
1176
1176
1177
1179
1179
1180
1183
1184
1184
1184
1187
1188
1189
1189
1189
1190
1192
1194
1194
1196
1197
1196
1199
1200
1199
1200
1201
1204
1203
1206
1205
1208
1207
1209
1210
1210
1213
1212
1215
1215
1216
1216
1217
1219
1221
1221
1223
1223
1223
1225
1225
1226
1229
1228
1231
1230
1232
1232
1235
1235
1237
1236
1238
1238
1241
1241
1242
1243
1245
1245
1245
1248
1249
1250
1249
1252
1251
1253
1253
1256
1255
1256
1259
1258
1261
1260
1261
1262
1263
1266
1267
1266
1267
1270
1270
1272
1271
1274
1275
1276
1276
1276
1279
1279
1281
1280
1281
1283
1285
1284
1286
1288
1289
1289
1291
1291
1292
1294
1295
1296
1297
1297
1297
1298
1300
1302
1301
1303
1304
1304
1307
1307
1308
1309
1311
1311
1313
1313
1315
1316
1317
1317
1318
1319
1319
1320
1321
1323
1323
1326
1326
1326
1329
1329
1330
1330
1331
1333
1335
1334
1337
1338
1339
1339
1340
1341
1343
1344
1343
1346
1346
1346
1348
1348
1350
1351
1352
1352
1354
1354
1357
1358
1358
1359
1361
1362
1363
1362
1363
1366
1366
1366
1369
1368
1370
1370
1371
1373
1375
1374
1376
1378
1377
1380
1379
1380
1383
1383
1384
1384
1387
1386
1387
1388
1389
1390
1393
1394
1395
1395
1397
1396
1398
1399
1401
1401
1403
1404
1403
1404
1407
1407
1409
1409
1410
1412
1413
1413
1414
1414
1417
1417
1418
1419
1420
1421
1422
1424
1424
1425
1425
1426
1429
1430
1431
1431
1431
1434
1434
1434
1437
1436
1439
1440
1441
1442
1443
1444
1444
1444
1445
1447
1449
1450
1451
1452
1452
1453
1455
1454
1455
1458
1457
1458
1460
1461
1463
1462
1463
1464
1466
1466
1468
1469
1469
1472
1472
1474
1475
1476
1475
1476
1478
1479
1479
1480
1482
1483
1483
1484
1486
1487
1489
1488
1491
1491
1492
1494
1495
1496
1497
1497
1497
1499
1499
1500
1502
1504
1505
1505
1506
1506
1508
1508
1510
1511
1512
1514
1513
1516
1517
1516
1518
1520
1519
1520
1523
1524
1525
1525
1527
1528
1529
1530
1531
1530
1533
1532
1535
1536
1536
1537
1537
1538
1541
1542
1543
1543
1545
1544
1547
1546
1547
1548
1549
1551
1553
1554
1553
1555
1556
1558
1559
1559
1561
1561
1563
1564
1564
1565
1567
1566
1567
1570
1570
1570
1573
1573
1573
1574
1576
1578
1577
1579
1579
1580
1583
1584
1584
1584
1587
1588
1587
1589
1590
1592
1593
1593
1594
1595
1596
1596
1599
1599
1599
1601
1601
1602
1605
1604
1605
1607
1607
1609
1611
1611
1612
1614
1615
1616
1615
1618
1619
1618
1619
1622
1621
1622
1623
1626
1627
1627
1629
1630
1630
1630
1632
1633
1634
1634
1637
1637
1638
1638
1641
1641
1643
1644
1644
1646
1647
1647
1648
1648
1651
1652
1651
1654
1653
1654
1656
1656
1657
1659
1659
1661
1662
1663
1663
1664
1666
1666
1669
1668
1670
1670
1672
1673
1673
1674
1676
1676
1678
1680
1679
1680
1683
1682
1683
1684
1687
1687
1687
1690
1691
1690
1692
1693
1694
1696
1697
1696
1697
1700
1700
1701
1703
1702
1703
1704
1705
1707
1707
1710
1711
1712
1713
1714
1713
1714
1717
1718
1718
1718
1721
1721
1722
1723
1723
1725
1725
1726
1728
1728
1731
1731
1733
1734
1734
1734
1737
1738
1739
1739
1740
1741
1741
1744
1743
1744
1747
1747
1748
1750
1750
1750
1751
1752
1753
1755
1756
1756
1759
1759
1761
1762
1763
1764
1763
1764
1765
1766
1767
1768
1770
1770
1773
1773
1773
1775
1777
1776
1779
1779
1781
1781
1783
1783
1784
1786
1785
1786
1788
1788
1790
1791
1791
1793
1793
1795
1797
1798
1798
1798
1799
1800
1802
1804
1804
1805
1806
1807
1808
1808
1811
1812
1813
1812
1814
1815
1817
1817
1819
1818
1821
1821
1822
1822
1825
1824
1827
1827
1829
1828
1831
1832
1831
1832
1835
1834
1837
1837
1838
1840
1841
1842
1842
1842
1843
1844
1847
1848
1848
1849
1850
1851
1853
1852
1855
1856
1856
1857
1858
1858
1861
1862
1861
1862
1863
1865
1865
1866
1867
1868
1869
1870
1871
1874
1873
1874
1877
1878
1877
1878
1879
1881
1881
1882
1885
1884
1885
1886
1889
1888
1891
1892
1893
1892
1895
1896
1896
1897
1897
1899
1900
1900
1901
1903
1905
1904
1907
1907
1907
1910
1909
1911
1912
1913
1913
1915
1916
1917
1919
1919
1920
1922
1921
1922
1924
1925
1926
1928
1929
1929
1931
1931
1933
1934
1933
1936
1935
1938
1938
1938
1941
1942
1941
1943
1943
1945
1945
1947
1949
1949
1949
1952
1951
1953
1953
1955
1957
1957
1959
1960
1960
1962
1962
1963
1965
1965
1965
1968
1968
1970
1970
1971
1972
1973
1975
1975
1975
1976
1978
1978
1980
1981
1983
1984
1985
1985
1987
1986
1989
1990
1989
1991
1992
1994
1993
1994
1996
1997
1999
1998
2000
2001
2003
2002
2005
2006
2007
2006
2009
2008
2010
2011
2012
2013
2015
2016
2017
2017
2017
2018
2019
2021
2022
2024
2023
2026
2027
2026
2028
2030
2030
2032
2032
2032
2033
2035
2037
2036
2037
2038
2039
2041
2043
2042
2045
2045
2045
2046
2047
2048
2049
2050
2053
2054
2053
2055
2057
2056
2058
2059
2060
2062
2062
2064
2065
2066
2066
2068
2069
2069
2071
2071
2071
2074
2075
2075
2076
2078
2078
2080
2079
2082
2081
2084
2084
2085
2085
2088
2088
2089
2089
2092
2092
2094
2095
2095
2097
2098
2098
2100
2099
2101
2101
2103
2103
2106
2105
2106
2108
2109
2111
2112
2112
2114
2115
2116
2116
2116
2119
2119
2121
2120
2121
2123
2125
2125
2125
2128
2127
2129
2131
2131
2133
2132
2133
2135
2135
2136
2138
2140
2141
2141
2141
2142
2143
2146
2146
2146
2149
2148
2150
2152
2152
2154
2154
2156
2155
2158
2158
2159
2159
2161
2161
2162
2165
2164
2167
2166
2169
2169
2169
2171
2173
2172
2175
2175
2177
2176
2178
2178
2179
2182
2181
2182
2185
2186
2187
2186
2188
2188
2191
2192
2193
2194
2193
2196
2196
2196
2199
2198
2201
2202
2203
2203
2203
2205
2205
2206
2208
2209
2210
2210
2212
2214
2213
2215
2217
2216
2219
2219
2219
2222
2221
2222
2223
2225
2225
2227
2229
2230
2231
2232
2231
2233
2234
2234
2236
2238
2238
2238
2240
2241
2241
2243
2244
2245
2245
2246
2249
2248
2250
2250
2253
2252
2254
2256
2257
2258
2258
2260
2261
2260
2262
2264
2263
2264
2265
2267
2267
2268
2270
2271
2272
2272
2273
2276
2277
2276
2277
2280
2279
2282
2281
2282
2283
2286
2285
2286
2289
2290
2289
2292
2291
2293
2295
2294
2297
2297
2299
2298
2300
2301
2301
2302
2305
2304
2305
2307
2308
2308
2310
2312
2311
2313
2313
2315
2317
2317
2319
2319
2319
2322
2322
2322
2324
2326
2327
2327
2327
2329
2331
2332
2333
2334
2333
2336
2335
2336
2339
2340
2340
2340
2342
2344
2343
2344
2346
2348
2348
2348
2350
2351
2353
2353
2355
2356
2355
2357
2357
2359
2359
2360
2362
2362
2363
2365
2366
2367
2369
2368
2369
2371
2372
2374
2374
2375
2377
2376
2378
2379
2379
2381
2383
2383
2385
2384
2385
2388
2389
2389
2390
2392
2392
2394
2394
2396
2396
2398
2397
2398
2399
2400
2403
2403
2404
2405
2406
2407
2408
2410
2409
2412
2412
2412
2413
2414
2415
2417
2417
2418
2421
2421
2421
2424
2423
2426
2426
2427
2428
2430
2431
2432
2431
2434
2434
2436
2436
2438
2438
2438
2441
2441
2443
2443
2444
2445
2446
2448
2449
2450
2449
2450
2452
2452
2455
2456
2455
2457
2458
2460
2460
2462
2463
2464
2465
2465
2466
2466
2467
2470
2469
2470
2471
2472
2474
2474
2476
2477
2479
2480
2480
2480
2483
2484
2484
2486
2487
2487
2487
2489
2491
2490
2492
2494
2495
2494
2495
2497
2498
2498
2501
2502
2501
2502
2505
2504
2505
2507
2508
2508
2510
2510
2511
2512
2515
2516
2515
2518
2518
2519
2520
2521
2522
2524
2523
2525
2527
2526
2528
2528
2530
2530
2531
2532
2533
2536
2535
2538
2538
2540
2539
2542
2543
2543
2543
2546
2546
2547
2548
2548
2549
2550
2553
2554
2555
2556
2556
2558
2558
2560
2559
2562
2561
2562
2565
2565
2565
2566
2567
2569
2569
2572
2573
2572
2573
2576
2575
2578
2578
2580
2579
2582
2581
2584
2584
2584
2585
2586
2587
2589
2589
2590
2592
2592
2594
2595
2595
2598
2599
2599
2600
2600
2601
2602
2604
2605
2606
2607
2607
2608
2611
2611
2613
2612
2614
2615
2615
2617
2617
2618
2619
2620
2623
2624
2625
2625
2626
2628
2627
2628
2630
2632
2632
2634
2633
2635
2635
2638
2637
2640
2641
2642
2642
2644
2645
2646
2645
2647
2649
2648
2651
2652
2653
2653
2654
2655
2655
2656
2658
2659
2661
2660
2662
2663
2665
2666
2667
2667
2668
2668
2669
2670
2673
2673
2675
2674
2676
2676
2678
2678
2680
2681
2682
2683
2683
2684
2685
2687
2688
2689
2689
2690
2692
2693
2694
2696
2695
2697
2697
2700
2700
2701
2703
2703
2703
2706
2707
2707
2709
2709
2709
2711
2711
2713
2713
2715
2716
2716
2719
2718
2721
2722
2721
2724
2724
2724
2726
2728
2728
2730
2730
2730
2731
2733
2735
2734
2735
2736
2738
2739
2740
2742
2741
2743
2743
2745
2747
2746
2748
2748
2749
2751
2753
2754
2753
2756
2757
2758
2758
2759
2760
2760
2763
2763
2764
2766
2766
2766
2769
2768
2771
2771
2772
2772
2773
2775
2776
2776
2779
2779
2780
2780
2781
2782
2783
2784
2785
2788
2787
2790
2790
2791
2793
2792
2793
2795
2797
2797
2799
2800
2801
2802
2802
2802
2803
2805
2805
2808
2809
2808
2809
2810
2811
2813
2815
2815
2817
2818
2817
2820
2820
2821
2821
2823
2825
2824
2826
2828
2829
2829
2831
2830
2832
2832
2834
2835
2836
2838
2838
2840
2839
2842
2843
2843
2843
2845
2845
2846
2849
2849
2849
2850
2851
2853
2853
2854
2857
2858
2857
2858
2859
2862
2861
2863
2863
2865
2865
2868
2869
2870
2870
2872
2873
2873
2873
2874
2876
2876
2877
2878
2879
2881
2882
2883
2883
2885
2886
2888
2887
2890
2891
2892
2893
2892
2893
2894
2895
2897
2897
2900
2900
2902
2902
2902
2903
2906
2905
2907
2908
2910
2911
2911
2912
2913
2915
2915
2915
2916
2918
2920
2919
2922
2922
2922
2923
2925
2925
2926
2927
2928
2929
2931
2933
2933
2935
2934
2937
2937
2937
2938
2939
2942
2943
2943
2943
2945
2945
2947
2949
2950
2949
2950
2953
2953
2954
2955
2955
2958
2958
2959
2961
2962
2961
2964
2964
2965
2965
2967
2969
2968
2970
2972
2971
2972
2974
2975
2977
2978
2979
2980
2981
2980
2981
2982
2984
2986
2986
2986
2988
2988
2991
2991
2991
2992
2994
2994
2996
2997
2998
2999
3001
3001
3002
3002
3004
3006
3006
3008
3009
3010
3011
3010
3013
3012
3013
3016
3017
3018
3019
3018
3021
3022
3022
3022
3025
3026
3025
3028
3028
3029
3029
3031
3033
3034
3034
3036
3037
3037
3039
3038
3039
3041
3041
3042
3045
3045
3047
3047
3047
3050
3051
3052
3053
3053
3053
3056
3056
3056
3059
3060
3059
3062
3062
3062
3065
3064
3065
3068
3069
3068
3071
3072
3072
3072
3073
3074
3076
3076
3079
3080
3080
3081
3082
3082
3083
3086
3085
3087
3087
3090
3091
3091
3093
3093
3093
3096
3096
3096
3098
3099
3100
3101
3102
3102
3104
3106
3107
3106
3108
3109
3111
3112
3112
3114
3113
3116
3117
3117
3118
3118
3120
3120
3123
3123
3124
3126
3126
3126
3127
3130
3131
3131
3133
3133
3133
3135
3135
3138
3139
3139
3140
3142
3142
3142
3145
3144
3145
3147
3148
3150
3151
3150
3153
3154
3155
3155
3157
3156
3158
3160
3159
3162
3163
3164
3163
3166
3167
3167
3169
3169
3170
3171
3172
3172
3173
3175
3175
3176
3177
3180
3179
3182
3181
3184
3185
3186
3186
3187
3187
3188
3190
3190
3193
3193
3194
3194
3195
3196
3199
3198
3201
3201
3202
3203
3204
3206
3207
3208
3209
3208
3210
3210
3211
3213
3215
3215
3216
3217
3219
3219
3221
3221
3221
3224
3225
3226
3225
3226
3227
3228
3229
3230
3232
3232
3234
3234
3237
3238
3239
3238
3239
3242
3241
3243
3244
3245
3247
3247
3247
3248
3249
3252
3252
3253
3253
3256
3255
3257
3259
3259
3260
3261
3262
3262
3265
3265
3265
3267
3267
3269
3271
3270
3272
3272
3275
3276
3277
3278
3278
3280
3279
3282
3281
3284
3283
3284
3286
3287
3289
3290
3289
3290
3291
3294
3294
3296
3295
3297
3298
3299
3299
3301
3303
3303
3305
3305
3307
3308
3307
3309
3310
3310
3311
3314
3313
3315
3315
3318
3317
3320
3320
3320
3321
3324
3323
3325
3327
3327
3328
3329
3331
3331
3331
3334
3334
3334
3336
3337
3339
3340
3341
3341
3341
3343
3345
3345
3347
3348
3348
3348
3349
3351
3351
3352
3353
3356
3357
3357
3358
3358
3359
3361
3363
3362
3364
3365
3366
3368
3367
3369
3371
3371
3371
3372
3375
3376
3376
3378
3377
3378
3381
3380
3382
3382
3383
3386
3387
3388
3388
3389
3389
3391
3391
3393
3395
3395
3395
3396
3399
3399
3401
3401
3403
3404
3404
3406
3405
3406
3408
3408
3409
3410
3411
3412
3414
3415
3415
3417
3419
3419
3419
3420
3423
3423
3424
3425
3425
3428
3429
3430
3430
3432
3432
3433
3434
3436
3435
3438
3437
3440
3439
3442
3443
3442
3445
3444
3445
3448
3449
3450
3449
3450
3453
3454
3454
3456
3456
3456
3459
3459
3459
3460
3461
3464
3464
3466
3466
3468
3469
3468
3470
3472
3473
3473
3474
3475
3477
3477
3477
3480
3480
3480
3481
3483
3483
3484
3485
3487
3487
3490
3489
3490
3491
3492
3495
3495
3497
3498
3498
3500
3501
3502
3503
3503
3503
3505
3507
3507
3507
3508
3510
3511
3511
3513
3515
3514
3516
3517
3519
3520
3520
3522
3521
3524
3523
3524
3525
3528
3527
3528
3531
3532
3533
3534
3534
3535
3535
3537
3537
3538
3540
3541
3543
3543
3545
3546
3547
3548
3547
3550
3550
3552
3553
3554
3555
3556
3556
3556
3559
3559
3559
3562
3562
3563
3565
3564
3567
3568
3569
3568
3569
3571
3572
3574
3574
3574
3576
3576
3577
3578
3580
3582
3581
3582
3585
3586
3586
3586
3589
3589
3591
3591
3591
3593
3595
3596
3597
3598
3599
3599
3601
3602
3601
3602
3605
3605
3606
3607
3609
3610
3610
3611
3613
3614
3615
3615
3617
3616
3617
3620
3620
3622
3622
3624
3624
3624
3627
3626
3629
3629
3629
3631
3632
3633
3635
3634
3635
3636
3638
3638
3639
3641
3643
3642
3643
3646
3647
3646
3647
3648
3649
3652
3653
3653
3654
3655
3657
3657
3658
3659
3661
3662
3661
3663
3663
3664
3666
3666
3668
3670
3670
3672
3671
3672
3675
3676
3677
3678
3677
3680
3681
3680
3683
3684
3685
3684
3685
3687
3689
3688
3691
3692
3693
3692
3693
3694
3695
3697
3698
3699
3700
3700
3702
3702
3703
3705
3707
3706
3708
3710
3709
3712
3711
3714
3714
3716
3715
3716
3718
3720
3719
3721
3722
3722
3724
3725
3726
3728
3727
3729
3729
3730
3732
3732
3733
3736
3737
3736
3737
3738
3739
3742
3743
3743
3744
3746
3745
3746
3749
3750
3751
3750
3751
3754
3754
3755
3756
3757
3758
3760
3761
3761
3763
3762
3765
3764
3767
3767
3768
3769
3769
3771
3771
3774
3775
3776
3777
3776
3779
3780
3781
3780
3781
3784
3785
3786
3786
3786
3787
3790
3789
3792
3792
3792
3793
3795
3795
3796
3797
3799
3801
3800
3801
3804
3804
3804
3806
3806
3808
3809
3810
3810
3812
3813
3813
3815
3816
3818
3819
3820
3821
3820
3823
3823
3823
3824
3825
3828
3828
3828
3830
3830
3832
3834
3835
3836
3835
3837
3837
3840
3839
3841
3841
3844
3844
3845
3845
3848
3848
3848
3851
3851
3852
3853
3853
3855
3857
3857
3858
3858
3861
3860
3861
3863
3863
3864
3865
3866
3869
3870
3871
3870
3871
3872
3873
3876
3877
3877
3879
3879
3881
3882
3881
3882
3884
3884
3885
3887
3889
3889
3890
3892
3893
3892
3893
3896
3895
3898
3897
3898
3900
3900
3903
3904
3904
3906
3907
3907
3908
3910
3909
3911
3912
3912
3914
3916
3917
3918
3918
3919
3920
3920
3922
3923
3924
3926
3926
3927
3929
3930
3929
3931
3931
3934
3933
3936
3937
3936
3937
3938
3941
3941
3942
3943
3943
3945
3946
3946
3947
3948
3950
3952
3951
3953
3954
3956
3956
3956
3959
3958
3961
3962
3962
3964
3965
3966
3967
3967
3967
3969
3971
3970
3971
3974
3975
3974
3976
3977
3977
3980
3980
3980
3983
3982
3984
3985
3987
3988
3988
3989
3989
3991
3992
3993
3994
3994
3995
3997
3999
3999
3999
