8000
0
1
4
4
5
5
6
7
10
9
10
12
13
14
15
16
17
18
20
19
21
21
24
23
26
25
28
28
29
29
32
33
33
35
34
37
38
38
40
41
41
41
43
43
46
45
47
47
50
49
50
53
52
53
56
55
56
59
59
61
60
63
63
64
65
67
67
69
69
70
72
73
74
73
74
76
77
79
79
80
82
83
82
83
85
85
87
89
88
89
92
91
92
94
96
95
97
98
100
101
100
102
102
105
106
105
107
107
110
109
112
113
113
113
114
117
117
119
120
121
122
123
122
124
124
126
127
129
130
129
132
131
134
133
134
136
137
137
140
140
140
143
143
145
146
147
147
148
150
151
150
152
153
154
154
157
158
158
160
161
162
163
162
164
166
166
166
168
169
169
170
171
174
175
176
177
177
179
178
179
181
182
182
183
184
185
188
189
188
190
192
193
193
193
196
196
198
199
198
200
202
201
204
205
204
205
208
209
210
209
211
212
214
214
215
217
218
218
219
221
221
222
224
225
225
226
227
228
229
231
231
233
234
233
236
235
237
238
238
239
240
242
244
245
244
246
247
247
248
249
250
252
253
253
254
256
258
259
258
259
261
263
262
265
264
265
268
269
270
269
271
273
274
273
275
275
278
277
279
281
281
283
283
283
286
287
288
289
290
289
290
291
294
294
294
295
298
297
298
300
301
302
304
304
306
305
307
309
310
311
312
311
314
313
315
316
316
318
318
321
322
323
322
325
324
327
327
329
330
331
331
331
332
333
336
335
338
338
338
340
341
343
343
344
344
347
346
348
349
351
351
351
353
355
354
357
357
358
360
359
360
361
364
364
365
366
368
367
368
371
372
371
372
373
376
376
376
377
380
381
382
381
382
384
386
385
386
389
390
391
390
391
393
395
396
395
398
399
398
399
401
403
403
405
404
406
406
408
410
411
411
413
412
415
415
416
416
419
418
419
420
421
423
424
425
426
428
428
428
431
431
433
434
434
436
435
438
439
440
440
440
442
443
444
444
445
448
448
448
449
452
451
454
454
456
456
458
458
460
459
461
462
464
464
466
467
468
469
468
471
471
472
472
473
476
476
476
477
480
480
481
483
484
483
485
487
487
487
489
490
491
491
492
494
496
495
497
499
498
501
501
503
502
505
506
507
506
508
508
511
510
513
514
515
514
515
518
517
519
520
521
523
524
525
526
527
526
528
529
529
530
531
532
534
536
536
537
539
540
541
540
543
543
545
546
547
547
547
550
549
552
552
553
554
555
555
556
558
559
559
560
563
562
563
564
565
567
568
568
570
571
571
573
573
575
576
576
577
579
581
580
581
583
584
586
585
587
587
590
589
590
593
594
595
595
595
598
597
598
601
602
602
603
603
606
607
608
609
610
610
612
613
614
614
616
617
618
617
619
620
622
623
624
625
625
626
626
628
629
630
631
631
634
633
636
637
638
639
639
641
642
643
644
644
645
646
648
647
648
649
652
651
654
655
656
657
656
657
658
661
662
663
662
665
666
665
667
669
668
670
671
673
672
675
675
676
677
677
680
681
681
683
682
684
686
685
687
689
689
690
692
692
693
694
695
695
697
697
698
700
701
703
703
705
706
705
707
708
709
709
711
711
712
715
716
715
716
717
718
721
721
721
723
723
726
727
727
727
728
731
732
733
733
734
736
737
737
737
739
740
742
743
744
743
746
746
746
749
750
749
750
752
753
754
756
755
758
758
760
759
760
762
764
765
764
767
767
767
768
769
771
771
772
773
774
777
778
777
778
781
781
781
782
784
786
785
788
788
789
790
791
792
792
794
796
796
797
798
799
801
802
803
804
803
804
807
806
807
808
809
812
811
813
815
815
816
816
817
820
821
822
823
824
825
824
826
827
828
828
831
832
833
834
834
836
837
838
837
840
841
841
843
844
843
846
846
848
847
850
851
852
853
853
854
856
857
856
858
859
860
860
861
863
864
866
867
867
868
868
871
872
872
873
875
876
876
877
878
879
880
881
883
882
883
885
885
886
887
889
891
892
891
892
893
895
897
896
899
899
899
901
902
902
903
904
907
907
908
910
910
912
912
912
913
915
917
917
918
920
919
920
922
922
923
924
926
927
927
930
931
931
932
933
934
935
936
937
938
938
939
940
941
943
944
945
946
946
947
950
950
950
952
954
954
955
957
956
959
959
959
962
963
964
963
964
966
968
969
968
969
970
971
972
975
975
977
976
977
980
979
981
981
984
984
986
985
987
987
989
991
991
992
994
993
994
995
998
997
1000
999
1000
1003
1002
1004
1004
1007
1007
1007
1008
1009
1011
1012
1013
1013
1016
1015
1017
1018
1020
1019
1021
1021
1023
1023
1025
1027
1027
1027
1030
1030
1030
1033
1033
1034
1035
1036
1037
1037
1040
1041
1041
1042
1042
1043
1046
1045
1047
1048
1050
1049
1051
1051
1053
1053
1056
1057
1056
1058
1058
1059
1062
1062
1062
1065
1064
1067
1066
1069
1068
1069
1071
1072
1074
1074
1076
1077
1076
1078
1078
1081
1082
1083
1082
1084
1084
1085
1086
1088
1090
1090
1092
1093
1092
1093
1095
1096
1096
1097
1099
1099
1101
1101
1103
1104
1104
1106
1106
1107
1108
1109
1112
1113
1112
1113
1114
1116
1117
1119
1120
1120
1120
1122
1122
1124
1125
1127
1127
1128
1128
1131
1132
1132
1132
1135
1134
1135
1136
1138
1138
1140
1140
1141
1142
1143
1145
1147
1147
1147
1149
1150
1151
1153
1152
1154
1156
1155
1157
1157
1160
1160
1160
1163
1163
1163
1165
1167
1167
1169
1168
1171
1171
1171
1172
1174
1175
1177
1177
1177
1178
1181
1182
1182
1182
1183
1184
1187
1187
1187
1190
1189
1192
1193
1192
1193
1196
1197
1198
1198
1200
1199
1201
1201
1203
1204
1204
1205
1207
1208
1209
1210
1212
1211
1212
1215
1215
1215
1217
1219
1219
1220
1221
1222
1222
1224
1225
1225
1228
1228
1230
1230
1232
1232
1234
1233
1234
1237
1237
1238
1238
1239
1242
1243
1243
1243
1246
1245
1246
1247
1248
1251
1252
1253
1252
1253
1256
1257
1257
1258
1259
1260
1262
1261
1264
1264
1266
1267
1267
1268
1269
1271
1271
1272
1274
1275
1275
1277
1276
1279
1278
1281
1281
1282
1283
1285
1285
1286
1286
1289
1290
1290
1291
1293
1292
1293
1295
1295
1296
1297
1299
1300
1300
1301
1302
1303
1304
1306
1306
1308
1309
1311
1311
1311
1312
1315
1315
1316
1318
1318
1320
1320
1320
1321
1323
1323
1326
1326
1326
1329
1330
1331
1332
1331
1334
1335
1334
1335
1338
1339
1340
1340
1341
1341
1343
1345
1344
1345
1346
1349
1350
1351
1351
1351
1353
1353
1354
1355
1357
1359
1358
1359
1361
1363
1362
1364
1364
1367
1367
1367
1369
1370
1371
1373
1373
1373
1375
1376
1377
1379
1380
1379
1380
1381
1383
1384
1385
1387
1388
1387
1389
1391
1390
1391
1392
1395
1395
1396
1397
1397
1399
1401
1401
1401
1404
1405
1405
1405
1408
1409
1408
1410
1411
1411
1414
1415
1416
1415
1418
1418
1419
1420
1421
1423
1424
1425
1425
1425
1426
1427
1430
1431
1432
1431
1432
1434
1435
1436
1438
1438
1440
1441
1440
1441
1442
1445
1444
1445
1446
1448
1450
1451
1452
1452
1454
1455
1454
1456
1457
1458
1459
1459
1461
1461
1463
1464
1466
1467
1468
1468
1469
1470
1471
1472
1474
1475
1475
1476
1476
1479
1480
1481
1482
1483
1483
1484
1486
1487
1486
1487
1488
1490
1490
1492
1494
1494
1496
1497
1498
1499
1498
1499
1501
1503
1504
1504
1506
1506
1508
1509
1508
1511
1512
1513
1514
1513
1515
1517
1518
1518
1520
1519
1520
1521
1523
1525
1526
1526
1527
1529
1528
1531
1531
1533
1534
1534
1535
1536
1538
1538
1539
1539
1541
1541
1542
1544
1544
1545
1546
1547
1549
1549
1550
1553
1553
1555
1556
1555
1556
1558
1559
1560
1561
1563
1563
1563
1564
1565
1568
1569
1570
1569
1572
1571
1572
1574
1576
1576
1577
1577
1580
1579
1581
1583
1584
1585
1585
1587
1587
1589
1589
1591
1592
1593
1594
1593
1595
1597
1597
1597
1599
1599
1602
1603
1604
1603
1605
1607
1608
1609
1608
1610
1612
1613
1614
1613
1614
1616
1618
1618
1620
1620
1621
1622
1623
1623
1626
1627
1626
1627
1629
1630
1630
1632
1633
1633
1635
1637
1636
1637
1639
1640
1640
1643
1642
1643
1646
1645
1648
1649
1650
1650
1651
1652
1654
1655
1655
1656
1656
1658
1660
1661
1661
1662
1662
1665
1665
1666
1666
1669
1668
1670
1670
1672
1673
1675
1675
1675
1676
1677
1678
1679
1680
1682
1683
1685
1685
1686
1688
1688
1688
1690
1690
1693
1692
1694
1694
1697
1698
1697
1700
1701
1702
1701
1703
1704
1704
1707
1707
1707
1709
1711
1710
1712
1713
1713
1715
1717
1718
1717
1719
1721
1720
1723
1722
1723
1724
1725
1726
1727
1728
1729
1730
1733
1733
1735
1734
1737
1738
1737
1740
1739
1740
1742
1744
1744
1745
1746
1748
1748
1750
1749
1751
1753
1753
1754
1755
1756
1757
1759
1760
1761
1762
1762
1764
1764
1764
1765
1766
1767
1768
1770
1772
1772
1774
1774
1774
1776
1776
1779
1780
1779
1780
1781
1782
1784
1784
1786
1787
1789
1789
1789
1792
1792
1793
1794
1795
1797
1797
1799
1798
1799
1800
1801
1803
1805
1805
1807
1807
1807
1810
1809
1810
1812
1814
1814
1816
1815
1816
1818
1820
1821
1822
1822
1823
1824
1824
1827
1827
1827
1828
1831
1830
1831
1834
1835
1835
1836
1836
1837
1839
1841
1842
1843
1842
1845
1845
1846
1848
1849
1850
1850
1851
1853
1852
1853
1855
1856
1857
1859
1859
1860
1862
1863
1864
1864
1866
1866
1866
1869
1870
1871
1872
1872
1874
1874
1874
1876
1876
1879
1878
1881
1881
1883
1882
1885
1884
1886
1887
1889
1889
1891
1890
1891
1894
1895
1896
1897
1897
1899
1900
1900
1902
1903
1904
1905
1904
1905
1906
1907
1910
1911
1911
1911
1913
1914
1914
1917
1916
1919
1919
1920
1921
1923
1924
1924
1924
1926
1927
1929
1928
1930
1930
1932
1933
1933
1934
1936
1936
1938
1938
1941
1940
1943
1942
1943
1945
1946
1946
1948
1948
1949
1950
1951
1954
1955
1956
1957
1957
1958
1960
1961
1962
1963
1962
1964
1966
1966
1966
1969
1969
1970
1972
1972
1972
1974
1976
1976
1978
1978
1978
1980
1982
1981
1984
1984
1984
1986
1988
1989
1988
1990
1991
1992
1994
1993
1996
1996
1997
1997
2000
2001
2001
2002
2004
2005
2006
2007
2006
2007
2009
2009
2012
2011
2013
2015
2014
2016
2017
2017
2018
2021
2022
2021
2023
2024
2024
2026
2027
2029
2030
2029
2030
2032
2034
2033
2035
2035
2038
2039
2038
2040
2041
2041
2044
2045
2046
2047
2048
2047
2050
2049
2050
2053
2052
2055
2054
2056
2057
2058
2060
2060
2062
2063
2064
2065
2066
2066
2068
2069
2069
2069
2071
2071
2073
2074
2076
2075
2076
2079
2079
2080
2080
2081
2082
2084
2086
2086
2087
2087
2089
2089
2091
2091
2094
2095
2094
2097
2096
2099
2099
2101
2100
2101
2104
2104
2106
2105
2108
2109
2108
2110
2110
2112
2114
2114
2114
2116
2116
2118
2118
2120
2122
2123
2124
2124
2125
2125
2127
2127
2128
2131
2130
2133
2132
2134
2134
2135
2138
2138
2139
2141
2140
2143
2143
2145
2145
2147
2146
2148
2149
2150
2150
2151
2153
2155
2156
2155
2156
2157
2158
2160
2160
2163
2162
2165
2164
2166
2168
2169
2170
2170
2172
2173
2173
2173
2176
2177
2176
2177
2179
2180
2181
2182
2184
2183
2185
2186
2187
2189
2190
2190
2191
2192
2193
2195
2195
2196
2196
2198
2198
2200
2200
2201
2202
2204
2205
2206
2206
2207
2209
2211
2211
2211
2212
2215
2215
2217
2217
2219
2220
2221
2221
2221
2222
2223
2226
2227
2228
2228
2228
2230
2232
2231
2234
2233
2236
2236
2237
2239
2239
2239
2241
2242
2243
2245
2244
2245
2246
2248
2248
2251
2250
2253
2253
2254
2254
2255
2256
2257
2259
2261
2261
2262
2262
2263
2266
2265
2267
2267
2268
2270
2271
2271
2274
2273
2276
2277
2277
2277
2279
2280
2280
2281
2282
2285
2286
2286
2288
2288
2290
2291
2290
2291
2293
2293
2295
2295
2296
2297
2300
2301
2301
2302
2304
2304
2306
2307
2306
2307
2308
2309
2311
2312
2312
2314
2314
2317
2316
2317
2318
2321
2320
2322
2322
2325
2326
2327
2326
2327
2328
2331
2330
2333
2333
2335
2335
2335
2338
2339
2338
2339
2342
2342
2343
2343
2345
2347
2346
2349
2350
2350
2352
2351
2352
2355
2354
2355
2358
2357
2359
2359
2361
2363
2362
2365
2365
2367
2366
2368
2368
2369
2371
2373
2372
2375
2374
2376
2378
2378
2378
2381
2382
2381
2382
2383
2385
2385
2386
2388
2389
2391
2392
2393
2393
2395
2396
2395
2396
2397
2400
2399
2400
2401
2404
2404
2405
2405
2406
2407
2409
2411
2410
2413
2414
2414
2416
2415
2418
2417
2420
2420
2420
2422
2423
2425
2426
2425
2428
2429
2428
2431
2432
2433
2433
2435
2434
2435
2436
2438
2438
2441
2440
2443
2444
2443
2444
2447
2448
2447
2448
2450
2452
2451
2452
2453
2454
2457
2457
2457
2459
2461
2460
2462
2464
2464
2464
2465
2467
2468
2470
2471
2472
2471
2474
2474
2474
2475
2477
2479
2479
2480
2481
2481
2484
2485
2484
2485
2487
2489
2489
2489
2490
2492
2493
2495
2494
2497
2496
2499
2499
2499
2501
2501
2502
2504
2506
2507
2508
2508
2510
2509
2510
2512
2512
2514
2514
2515
2517
2519
2519
2519
2522
2522
2523
2524
2524
2527
2527
2529
2529
2531
2532
2532
2532
2533
2534
2535
2538
2539
2539
2541
2540
2541
2543
2544
2546
2546
2548
2548
2549
2549
2552
2552
2553
2553
2554
2555
2557
2558
2560
2561
2561
2562
2563
2565
2566
2566
2568
2569
2569
2571
2572
2573
2572
2573
2574
2577
2577
2577
2578
2579
2580
2583
2584
2583
2585
2585
2586
2589
2589
2589
2592
2591
2594
2594
2596
2597
2596
2598
2599
2599
2601
2602
2604
2604
2605
2605
2606
2608
2609
2611
2612
2612
2613
2614
2616
2615
2617
2617
2618
2619
2620
2621
2622
2623
2626
2625
2626
2627
2628
2631
2630
2632
2633
2633
2634
2635
2637
2638
2640
2641
2640
2643
2643
2643
2645
2647
2646
2648
2650
2651
2651
2652
2654
2653
2656
2657
2656
2659
2660
2659
2662
2662
2664
2663
2666
2665
2668
2668
2669
2670
2670
2673
2672
2675
2674
2675
2678
2677
2679
2681
2682
2681
2683
2685
2684
2685
2688
2689
2688
2689
2690
2693
2693
2693
2695
2695
2696
2697
2700
2699
2701
2703
2704
2703
2706
2707
2707
2709
2708
2711
2712
2712
2714
2713
2715
2716
2717
2719
2718
2720
2722
2722
2722
2724
2726
2727
2728
2729
2730
2730
2732
2733
2733
2735
2734
2736
2738
2738
2738
2740
2740
2741
2742
2743
2745
2747
2747
2749
2749
2751
2750
2751
2753
2755
2756
2755
2757
2758
2758
2761
2762
2762
2763
2764
2765
2766
2766
2769
2768
2770
2770
2771
2774
2773
2775
2775
2776
2778
2779
2781
2780
2782
2782
2785
2785
2785
2786
2788
2790
2790
2790
2793
2792
2795
2795
2796
2796
2798
2798
2800
2800
2802
2803
2805
2806
2805
2806
2807
2809
2810
2812
2813
2813
2815
2816
2815
2816
2817
2819
2819
2821
2823
2822
2825
2825
2826
2826
2829
2828
2831
2830
2831
2832
2835
2834
2836
2836
2838
2839
2840
2840
2842
2843
2845
2845
2846
2848
2849
2849
2850
2852
2851
2852
2853
2854
2855
2857
2857
2860
2861
2860
2861
2862
2865
2866
2865
2866
2867
2868
2871
2872
2871
2872
2874
2874
2876
2878
2879
2879
2880
2881
2882
2884
2885
2885
2887
2888
2888
2889
2891
2890
2892
2894
2894
2895
2895
2898
2899
2898
2901
2901
2901
2902
2905
2906
2905
2908
2909
2909
2910
2911
2913
2912
2914
2916
2917
2917
2919
2918
2921
2922
2922
2923
2925
2924
2926
2928
2929
2928
2930
2930
2931
2933
2934
2934
2935
2936
2939
2938
2940
2942
2943
2942
2945
2945
2945
2947
2949
2948
2951
2952
2953
2953
2955
2956
2957
2957
2959
2959
2960
2960
2963
2964
2965
2965
2965
2966
2968
2968
2970
2970
2973
2972
2973
2976
2975
2977
2979
2980
2981
2982
2981
2984
2983
2984
2987
2988
2988
2990
2990
2990
2993
2994
2993
2995
2996
2997
2997
2998
3001
3001
3001
3002
3003
3005
3007
3006
3008
3009
3009
3011
3011
3012
3013
3015
3015
3016
3018
3019
3019
3021
3023
3024
3024
3024
3027
3028
3028
3030
3031
3031
3032
3032
3034
3035
3036
3038
3038
3038
3040
3042
3042
3044
3043
3044
3046
3048
3048
3049
3050
3051
3051
3053
3054
3055
3056
3057
3058
3058
3059
3061
3063
3064
3064
3065
3066
3066
3067
3068
3070
3072
3071
3074
3075
3074
3075
3077
3079
3079
3079
3081
3083
3082
3085
3086
3086
3088
3087
3088
3089
3092
3092
3092
3095
3096
3097
3096
3097
3098
3100
3102
3103
3103
3105
3106
3105
3106
3109
3108
3110
3112
3113
3114
3113
3114
3117
3118
3119
3120
3119
3122
3122
3123
3124
3124
3127
3126
3129
3128
3129
3130
3133
3133
3135
3135
3136
3136
3139
3138
3139
3142
3141
3142
3144
3144
3146
3147
3147
3148
3149
3150
3151
3154
3155
3155
3155
3157
3159
3160
3161
3161
3161
3163
3163
3164
3165
3167
3167
3168
3171
3171
3173
3172
3175
3175
3176
3176
3179
3179
3180
3182
3183
3182
3185
3186
3187
3187
3188
3188
3189
3190
3192
3193
3194
3195
3197
3197
3197
3198
3201
3200
3203
3203
3203
3206
3207
3207
3207
3210
3209
3212
3213
3214
3215
3216
3217
3216
3217
3218
3219
3221
3221
3224
3223
3226
3225
3226
3228
3229
3229
3231
3233
3232
3233
3236
3235
3236
3239
3239
3241
3242
3241
3244
3245
3245
3247
3248
3249
3248
3251
3252
3253
3252
3255
3254
3255
3258
3258
3259
3260
3261
3261
3262
3265
3265
3266
3266
3269
3268
3270
3271
3271
3274
3275
3274
3275
3278
3279
3278
3281
3281
3281
3284
3285
3286
3285
3288
3288
3289
3290
3291
3293
3292
3294
3296
3296
3298
3299
3298
3299
3300
3303
3302
3303
3306
3306
3307
3308
3308
3311
3312
3313
3312
3314
3315
3315
3318
3318
3320
3319
3321
3321
3322
3324
3326
3325
3326
3329
3328
3330
3331
3332
3332
3335
3336
3336
3337
3338
3338
3340
3341
3343
3343
3345
3345
3345
3348
3347
3348
3350
3351
3352
3354
3355
3354
3357
3356
3357
3360
3359
3361
3362
3364
3365
3365
3367
3366
3369
3369
3370
3371
3371
3372
3375
3376
3375
3377
3379
3378
3380
3382
3383
3384
3385
3386
3387
3387
3389
3388
3390
3392
3392
3392
3395
3395
3397
3398
3399
3399
3399
3401
3401
3403
3405
3405
3406
3408
3409
3410
3410
3411
3412
3413
3413
3414
3415
3416
3419
3420
3419
3420
3423
3424
3424
3426
3425
3426
3429
3428
3431
3432
3432
3432
3434
3435
3437
3437
3438
3439
3439
3442
3443
3443
3443
3444
3446
3447
3448
3449
3449
3452
3452
3452
3454
3455
3455
3458
3459
3460
3459
3462
3461
3464
3463
3466
3466
3468
3467
3468
3470
3470
3471
3473
3475
3476
3476
3477
3477
3480
3481
3481
3483
3484
3485
3484
3485
3488
3487
3490
3489
3490
3493
3492
3493
3494
3497
3497
3499
3498
3501
3501
3502
3502
3505
3506
3507
3507
3507
3510
3510
3511
3512
3512
3513
3515
3516
3517
3519
3520
3520
3522
3523
3524
3525
3526
3527
3528
3529
3528
3529
3531
3532
3534
3534
3536
3537
3537
3537
3538
3541
3542
3542
3542
3545
3546
3547
3547
3548
3550
3549
3550
3552
3552
3553
3554
3556
3558
3559
3558
3561
3560
3562
3564
3563
3565
3566
3566
3567
3569
3569
3572
3572
3574
3573
3575
3577
3576
3577
3579
3581
3580
3583
3583
3583
3586
3586
3587
3588
3589
3591
3592
3593
3594
3595
3594
3595
3596
3597
3599
3601
3601
3602
3603
3604
3606
3607
3606
3609
3608
3610
3612
3611
3612
3613
3615
3615
3618
3618
3620
3620
3621
3623
3624
3623
3625
3625
3627
3629
3629
3629
3631
3631
3633
3635
3636
3635
3638
3639
3638
3641
3642
3641
3642
3643
3644
3645
3647
3647
3649
3650
3652
3651
3652
3655
3655
3657
3656
3659
3659
3661
3660
3663
3664
3664
3664
3666
3668
3667
3669
3671
3670
3671
3674
3674
3676
3675
3677
3678
3679
3679
3682
3682
3683
3683
3685
3685
3688
3688
3690
3689
3690
3691
3692
3695
3696
3695
3697
3699
3699
3699
3702
3703
3703
3705
3705
3706
3706
3708
3710
3711
3711
3712
3713
3713
3715
3717
3716
3718
3719
3720
3721
3723
3724
3725
3724
3727
3726
3728
3729
3731
3732
3732
3733
3735
3735
3736
3736
3739
3740
3740
3741
3742
3744
3743
3746
3747
3747
3747
3748
3749
3752
3751
3754
3754
3754
3757
3757
3757
3760
3759
3760
3763
3764
3765
3765
3766
3766
3767
3769
3771
3771
3771
3774
3774
3775
3776
3777
3779
3780
3779
3782
3783
3782
3784
3785
3785
3788
3789
3789
3790
3791
3792
3793
3794
3796
3795
3796
3799
3799
3800
3800
3801
3803
3805
3805
3805
3807
3808
3810
3809
3811
3812
3812
3814
3815
3817
3818
3818
3820
3819
3820
3821
3822
3824
3826
3827
3828
3827
3830
3829
3831
3833
3832
3833
3836
3835
3837
3837
3839
3840
3842
3843
3842
3845
3845
3847
3847
3847
3848
3850
3851
3852
3854
3854
3856
3857
3856
3859
3860
3859
3862
3862
3862
3864
3866
3865
3867
3868
3869
3871
3872
3871
3874
3873
3875
3875
3876
3879
3879
3880
3881
3883
3884
3885
3886
3887
3887
3889
3889
3891
3890
3892
3892
3895
3896
3895
3896
3898
3899
3900
3900
3903
3902
3903
3906
3906
3907
3907
3909
3911
3912
3912
3914
3915
3914
3916
3917
3919
3919
3921
3921
3921
3922
3923
3924
3926
3926
3927
3930
3929
3932
3932
3932
3933
3935
3937
3938
3937
3938
3940
3940
3941
3944
3943
3944
3945
3948
3948
3950
3951
3951
3953
3952
3955
3956
3955
3956
3957
3959
3959
3961
3961
3964
3964
3966
3965
3968
3968
3969
3969
3972
3971
3973
3975
3974
3976
3976
3977
3978
3980
3982
3982
3982
3985
3985
3985
3986
3988
3989
3990
3992
3992
3994
3994
3996
3996
3996
3999
3998
4001
4001
4001
4004
4005
4005
4005
4008
4008
4009
4011
4010
4012
4013
4013
4015
4015
4017
4018
4019
4020
4020
4023
4024
4025
4025
4026
4027
4028
4030
4031
4032
4031
4032
4034
4034
4036
4038
4037
4039
4040
4040
4042
4044
4045
4044
4046
4048
4048
4050
4050
4052
4053
4052
4054
4056
4057
4057
4058
4059
4060
4061
4062
4064
4064
4064
4065
4066
4067
4069
4070
4070
4073
4072
4075
4075
4075
4077
4077
4080
4080
4082
4083
4084
4083
4086
4087
4086
4088
4088
4091
4090
4092
4093
4095
4094
4097
4098
4097
4098
4099
4102
4101
4104
4103
4105
4106
4106
4107
4110
4109
4111
4113
4113
4113
4114
4116
4116
4117
4120
4119
4120
4121
4124
4124
4126
4125
4127
4129
4129
4131
4131
4133
4132
4134
4136
4136
4136
4137
4139
4141
4142
4142
4144
4143
4146
4147
4148
4147
4148
4150
4151
4152
4153
4155
4154
4156
4156
4157
4158
4160
4160
4162
4163
4163
4164
4165
4166
4168
4170
4171
4170
4172
4172
4173
4176
4176
4176
4178
4180
4180
4180
4181
4184
4185
4186
4185
4187
4187
4188
4190
4192
4191
4193
4193
4196
4197
4198
4199
4198
4201
4201
4202
4203
4203
4206
4205
4207
4207
4210
4209
4211
4211
4213
4214
4214
4217
4217
4218
4220
4221
4220
4223
4222
4225
4224
4227
4227
4227
4229
4230
4230
4232
4232
4234
4235
4237
4238
4239
4238
4240
4240
4242
4244
4245
4246
4247
4247
4249
4249
4250
4252
4253
4252
4255
4256
4256
4258
4257
4260
4260
4260
4263
4264
4264
4264
4265
4267
4269
4268
4271
4271
4272
4272
4274
4275
4276
4277
4277
4278
4281
4281
4283
4284
4283
4286
4287
4287
4289
4288
4291
4291
4291
4293
4294
4295
4295
4296
4298
4298
4300
4300
4303
4302
4304
4304
4307
4308
4307
4310
4309
4312
4313
4312
4315
4316
4315
4318
4318
4318
4319
4320
4322
4322
4323
4325
4325
4326
4328
4329
4329
4330
4333
4332
4333
4334
4337
4336
4338
4340
4339
4342
4342
4342
4343
4346
4347
4347
4348
4348
4350
4352
4353
4353
4353
4356
4357
4357
4357
4359
4359
4360
4362
4364
4364
4364
4367
4367
4367
4369
4369
4371
4372
4374
4374
4376
4376
4377
4377
4379
4379
4382
4381
4384
4383
4385
4387
4386
4389
4390
4390
4392
4391
4393
4395
4396
4396
4396
4397
4400
4400
4400
4403
4402
4403
4405
4407
4408
4407
4408
4410
4410
4411
4414
4413
4415
4416
4416
4419
4420
4421
4421
4422
4424
4425
4425
4425
4426
4429
4428
4430
4430
4432
4432
4435
4436
4436
4438
4438
4439
4440
4440
4443
4444
4443
4444
4445
4447
4447
4450
4449
4450
4453
4452
4454
4455
4457
4457
4459
4459
4460
4460
4463
4462
4464
4465
4467
4468
4468
4469
4471
4470
4473
4473
4475
4476
4475
4478
4477
4478
4479
4482
4482
4484
4485
4484
4485
4487
4488
4488
4489
4492
4492
4494
4493
4496
4496
4498
4499
4498
4500
4502
4501
4502
4503
4506
4507
4507
4509
4509
4509
4510
4511
4514
4515
4516
4517
4517
4518
4518
4520
4521
4523
4523
4524
4524
4526
4528
4528
4529
4529
4532
4531
4533
4534
4535
4536
4536
4537
4539
4541
4540
4542
4544
4545
4546
4547
4547
4547
4549
4550
4552
4551
4554
4554
4556
4557
4556
4559
4558
4560
4560
4562
4564
4565
4566
4566
4567
4567
4569
4569
4570
4573
4573
4573
4575
4576
4576
4578
4580
4581
4582
4583
4582
4584
4585
4587
4588
4588
4589
4591
4590
4593
4593
4593
4596
4595
4597
4598
4599
4599
4601
4602
4604
4603
4605
4607
4608
4609
4608
4610
4612
4611
4613
4613
4614
4615
4618
4619
4619
4620
4622
4623
4624
4624
4624
4626
4627
4628
4628
4629
4630
4632
4634
4635
4635
4637
4638
4637
4639
4639
4640
4642
4644
4644
4645
4647
4647
4648
4649
4650
4651
4652
4653
4653
4656
4657
4658
4659
4659
4661
4660
4662
4662
4663
4666
4667
4668
4668
4668
4669
4670
4671
4672
4675
4676
4677
4678
4678
4679
4680
4680
4683
4684
4684
4684
4685
4686
4687
4690
4691
4692
4693
4692
4693
4694
4697
4698
4699
4700
4699
4701
4701
4703
4704
4704
4706
4706
4707
4708
4711
4711
4711
4714
4713
4716
4715
4717
4718
4718
4720
4721
4723
4723
4725
4724
4727
4726
4728
4730
4729
4732
4731
4732
4734
4736
4736
4736
4737
4739
4740
4741
4743
4744
4743
4744
4746
4748
4749
4748
4751
4750
4752
4752
4755
4755
4755
4758
4758
4760
4761
4761
4763
4762
4765
4764
4765
4766
4768
4768
4770
4772
4773
4773
4774
4774
4777
4776
4779
4779
4780
4782
4781
4782
4785
4784
4786
4786
4787
4788
4791
4792
4792
4794
4795
4794
4795
4798
4798
4799
4800
4800
4802
4802
4804
4804
4806
4808
4808
4809
4810
4810
4812
4813
4813
4814
4815
4816
4818
4818
4819
4822
4822
4824
4824
4825
4825
4826
4829
4828
4830
4830
4831
4832
4834
4834
4836
4837
4839
4840
4841
4840
4841
4843
4843
4845
4845
4846
4849
4850
4850
4852
4852
4854
4854
4855
4856
4856
4859
4859
4859
4860
4863
4863
4864
4864
4867
4866
4868
4869
4869
4872
4871
4874
4874
4874
4876
4877
4878
4878
4880
4882
4883
4882
4883
4886
4887
4888
4889
4889
4889
4890
4891
4894
4895
4895
4895
4898
4899
4900
4900
4901
4903
4903
4903
4904
4907
4907
4909
4909
4910
4911
4913
4912
4914
4914
4917
4918
4919
4920
4919
4922
4921
4922
4925
4925
4925
4928
4927
4930
4931
4932
4931
4933
4935
4935
4935
4938
4939
4938
4940
4940
4942
4943
4945
4944
4946
4948
4949
4948
4949
4950
4951
4953
4954
4956
4957
4957
4959
4960
4961
4962
4961
4962
4964
4966
4967
4968
4968
4969
4971
4970
4971
4973
4974
4974
4977
4978
4979
4980
4979
4980
4981
4982
4985
4986
4985
4987
4988
4988
4991
4990
4991
4994
4994
4996
4997
4996
4999
4998
5001
5001
5002
5002
5004
5006
5005
5006
5007
5009
5009
5010
5012
5013
5014
5014
5016
5018
5017
5020
5021
5020
5022
5022
5025
5024
5025
5028
5028
5030
5031
5030
5032
5033
5034
5036
5036
5038
5037
5039
5039
5041
5043
5044
5043
5044
5045
5048
5047
5048
5051
5050
5051
5052
5054
5054
5056
5058
5057
5060
5060
5060
5062
5062
5064
5064
5065
5066
5069
5069
5071
5070
5071
5074
5073
5074
5075
5076
5079
5079
5081
5082
5081
5082
5083
5085
5087
5088
5088
5090
5091
5090
5093
5092
5093
5096
5095
5097
5097
5098
5099
5101
5102
5102
5104
5105
5106
5108
5108
5109
5110
5110
5112
5113
5115
5114
5115
5117
5119
5119
5119
5121
5122
5123
5123
5126
5126
5126
5128
5129
5130
5131
5131
5134
5135
5136
5135
5137
5139
5138
5139
5140
5142
5144
5145
5144
5147
5146
5148
5150
5151
5150
5153
5153
5154
5156
5155
5158
5159
5159
5160
5161
5161
5164
5164
5164
5166
5166
5168
5168
5169
5172
5172
5174
5175
5175
5176
5178
5178
5180
5181
5180
5183
5183
5184
5185
5185
5186
5187
5188
5191
5192
5193
5193
5195
5195
5196
5197
5199
5198
5201
5202
5202
5203
5205
5205
5206
5206
5207
5210
5210
5210
5212
5213
5215
5214
5215
5218
5217
5219
5220
5221
5221
5222
5225
5224
5227
5227
5229
5229
5230
5232
5232
5232
5234
5235
5236
5238
5239
5238
5239
5240
5241
5243
5245
5244
5247
5246
5247
5248
5250
5251
5253
5252
5253
5255
5255
5258
5259
5260
5260
5261
5262
5262
5265
5265
5267
5266
5267
5270
5270
5270
5271
5274
5274
5274
5275
5278
5277
5279
5281
5282
5281
5284
5283
5285
5285
5286
5287
5290
5290
5292
5291
5292
5293
5294
5296
5296
5299
5300
5301
5300
5303
5302
5303
5306
5306
5306
5308
5310
5311
5311
5313
5312
5313
5316
5316
5317
5319
5320
5319
5321
5323
5323
5325
5324
5327
5326
5328
5330
5331
5331
5333
5332
5335
5334
5335
5336
5338
5339
5339
5341
5341
5342
5345
5344
5347
5347
5348
5348
5350
5352
5352
5353
5354
5354
5357
5357
5359
5358
5359
5361
5363
5363
5365
5365
5367
5368
5367
5369
5369
5371
5371
5373
5375
5374
5377
5378
5379
5379
5381
5380
5381
5384
5385
5384
5385
5387
5388
5390
5390
5390
5393
5393
5394
5395
5395
5396
5398
5399
5400
5402
5401
5404
5404
5404
5405
5407
5409
5408
5409
5410
5411
5413
5415
5414
5416
5416
5418
5419
5419
5422
5422
5424
5424
5426
5426
5426
5429
5430
5430
5431
5431
5434
5434
5436
5435
5438
5437
5438
5441
5440
5442
5442
5445
5445
5445
5447
5448
5449
5451
5452
5452
5452
5455
5455
5457
5457
5458
5460
5460
5460
5463
5463
5464
5465
5466
5467
5467
5470
5471
5470
5471
5472
5473
5474
5477
5477
5479
5479
5481
5481
5482
5483
5483
5485
5485
5486
5489
5489
5490
5491
5493
5492
5493
5494
5496
5497
5499
5499
5500
5502
5503
5504
5503
5506
5507
5506
5507
5510
5511
5510
5513
5512
5515
5516
5517
5516
5517
5519
5521
5521
5522
5524
5524
5525
5525
5526
5527
5528
5531
5530
5533
5533
5535
5534
5536
5538
5537
5539
5539
5540
5543
5544
5544
5544
5547
5546
5548
5550
5549
5550
5553
5553
5553
5554
5555
5556
5558
5559
5560
5560
5562
5563
5565
5565
5567
5566
5569
5568
5569
5570
5572
5572
5575
5576
5576
5578
5577
5580
5581
5581
5581
5583
5583
5585
5587
5587
5589
5589
5590
5591
5593
5594
5595
5596
5597
5598
5598
5600
5599
5601
5603
5603
5605
5606
5606
5607
5608
5610
5610
5611
5612
5614
5613
5616
5615
5616
5618
5619
5620
5622
5623
5622
5625
5626
5625
5628
5629
5629
5631
5632
5631
5634
5634
5634
5636
5638
5639
5638
5641
5641
5643
5642
5644
5646
5646
5646
5649
5650
5650
5651
5653
5653
5655
5656
5655
5656
5659
5658
5660
5662
5661
5664
5665
5665
5666
5666
5668
5668
5671
5671
5673
5674
5675
5676
5676
5677
5679
5679
5679
5680
5681
5682
5684
5686
5685
5688
5687
5688
5689
5692
5693
5693
5693
5695
5695
5697
5697
5700
5701
5702
5702
5702
5704
5706
5707
5706
5707
5710
5711
5712
5711
5714
5715
5715
5717
5716
5718
5720
5720
5722
5723
5723
5724
5724
5725
5728
5728
5728
5730
5731
5731
5733
5735
5736
5735
5738
5737
5738
5740
5740
5743
5743
5745
5744
5745
5748
5748
5750
5751
5750
5753
5754
5754
5754
5757
5758
5759
5759
5759
5762
5762
5763
5764
5764
5767
5767
5767
5770
5771
5772
5771
5774
5774
5774
5775
5778
5777
5779
5781
5780
5782
5784
5783
5784
5785
5786
5787
5789
5791
5791
5791
5792
5795
5796
5797
5797
5797
5800
5801
5802
5803
5802
5805
5804
5805
5808
5808
5809
5811
5810
5813
5813
5815
5816
5817
5816
5817
5820
5820
5820
5821
5824
5824
5824
5826
5826
5827
5830
5829
5830
5833
5832
5833
5836
5836
5836
5839
5840
5841
5842
5842
5844
5844
5844
5847
5846
5848
5848
5849
5850
5852
5853
5853
5854
5857
5858
5858
5860
5861
5860
5863
5864
5863
5864
5866
5868
5868
5869
5869
5871
5872
5873
5874
5876
5877
5876
5879
5880
5880
5880
5883
5882
5884
5885
5886
5886
5887
5890
5890
5890
5893
5893
5893
5894
5897
5897
5898
5898
5901
5901
5903
5902
5903
5904
5907
5908
5908
5910
5910
5910
5911
5914
5913
5915
5915
5918
5917
5919
5920
5921
5923
5924
5925
5926
5925
5927
5928
5930
5931
5931
5932
5934
5935
5935
5937
5936
5939
5940
5939
5940
5943
5943
5943
5944
5945
5946
5949
5948
5949
5951
5952
5952
5954
5955
5955
5958
5957
5960
5961
5960
5962
5963
5963
5965
5967
5966
5969
5970
5971
5972
5971
5973
5974
5974
5977
5978
5979
5980
5981
5980
5982
5984
5983
5986
5986
5987
5989
5989
5990
5992
5993
5994
5993
5996
5996
5996
5998
5998
5999
6000
6002
6003
6003
6004
6007
6008
6009
6009
6011
6010
6013
6013
6015
6014
6015
6016
6018
6019
6020
6022
6021
6024
6023
6025
6026
6027
6029
6028
6029
6030
6032
6034
6034
6036
6037
6038
6038
6040
6040
6041
6043
6043
6043
6046
6046
6048
6049
6048
6049
6051
6052
6053
6053
6055
6057
6056
6057
6060
6059
6060
6062
6063
6065
6064
6065
6068
6069
6068
6071
6071
6073
6074
6073
6074
6076
6077
6079
6078
6081
6080
6082
6082
6084
6086
6086
6087
6087
6088
6089
6090
6091
6093
6093
6095
6097
6097
6098
6100
6101
6100
6102
6104
6103
6105
6105
6107
6109
6108
6111
6112
6111
6112
6113
6116
6115
6118
6117
6119
6121
6121
6123
6122
6124
6124
6127
6127
6128
6128
6129
6131
6132
6134
6134
6135
6135
6137
6137
6139
6141
6142
6142
6142
6144
6145
6147
6148
6148
6150
6150
6151
6152
6153
6155
6156
6156
6158
6158
6160
6159
6160
6161
6164
6163
6166
6166
6167
6167
6170
6171
6170
6173
6173
6173
6174
6175
6178
6177
6180
6181
6181
6182
6183
6185
6185
6186
6186
6187
6189
6190
6191
6192
6194
6194
6195
6197
6196
6199
6200
6201
6200
6201
6204
6204
6205
6205
6208
6208
6209
6211
6210
6213
6213
6215
6214
6217
6218
6218
6218
6219
6222
6223
6224
6225
6224
6226
6227
6228
6229
6230
6230
6232
6234
6233
6235
6236
6236
6238
6238
6240
6241
6242
6244
6245
6245
6245
6248
6248
6249
6249
6252
6253
6252
6254
6255
6255
6258
6257
6259
6259
6262
6263
6262
6265
6266
6267
6267
6268
6268
6270
6270
6271
6272
6275
6274
6276
6276
6277
6278
6279
6281
6283
6284
6284
6285
6286
6288
6288
6290
6290
6290
6292
6292
6293
6295
6296
6296
6299
6298
6300
6301
6301
6303
6305
6305
6307
6307
6308
6308
6309
6311
6313
6314
6314
6315
6317
6318
6317
6318
6320
6322
6321
6322
6323
6325
6327
6328
6328
6330
6331
6330
6332
6332
6334
6334
6337
6337
6337
6339
6341
6340
6342
6343
6343
6346
6345
6348
6349
6349
6349
6351
6351
6353
6355
6356
6355
6358
6358
6359
6361
6361
6363
6362
6365
6366
6367
6368
6368
6368
6369
6371
6371
6373
6373
6375
6377
6378
6378
6380
6379
6382
6381
6383
6383
6384
6385
6387
6387
6390
6390
6392
6392
6392
6393
6395
6395
6396
6397
6400
6399
6402
6402
6403
6404
6406
6405
6406
6408
6410
6411
6412
6412
6412
6414
6416
6416
6418
6419
6420
6420
6420
6423
6423
6424
6426
6427
6426
6428
6429
6431
6431
6431
6433
6434
6435
6435
6438
6439
6440
6440
6442
6443
6442
6445
6444
6445
6447
6449
6450
6449
6451
6451
6454
6455
6454
6455
6456
6457
6459
6460
6460
6461
6463
6464
6465
6465
6468
6467
6468
6470
6472
6471
6473
6475
6474
6476
6477
6479
6479
6480
6480
6482
6484
6483
6485
6485
6487
6488
6489
6491
6490
6492
6494
6495
6494
6497
6496
6499
6498
6499
6502
6501
6503
6503
6504
6507
6506
6508
6509
6511
6510
6512
6512
6513
6516
6515
6517
6517
6519
6521
6520
6521
6523
6524
6526
6526
6527
6529
6529
6530
6531
6531
6534
6533
6536
6536
6538
6539
6540
6540
6542
6541
6543
6543
6545
6546
6547
6549
6548
6549
6552
6551
6552
6553
6555
6555
6558
6559
6558
6560
6562
6563
6563
6564
6564
6566
6568
6567
6568
6569
6570
6571
6573
6574
6575
6576
6578
6579
6579
6579
6580
6582
6583
6584
6586
6585
6587
6589
6589
6591
6590
6591
6594
6594
6596
6595
6597
6597
6599
6600
6600
6602
6604
6605
6606
6606
6606
6607
6609
6611
6610
6613
6613
6615
6614
6615
6616
6619
6620
6620
6622
6623
6624
6625
6626
6626
6628
6627
6629
6631
6632
6633
6632
6633
6634
6635
6637
6637
6639
6640
6640
6643
6642
6645
6646
6646
6646
6649
6649
6649
6651
6652
6653
6653
6655
6656
6657
6658
6660
6660
6660
6662
6663
6664
6666
6666
6668
6669
6668
6670
6670
6672
6672
6674
6675
6677
6676
6679
6680
6681
6680
6682
6682
6684
6685
6687
6688
6688
6689
6691
6690
6693
6693
6694
6695
6696
6697
6697
6698
6700
6702
6701
6704
6703
6706
6706
6706
6709
6709
6710
6711
6713
6714
6713
6714
6717
6718
6718
6719
6720
6720
6723
6724
6725
6724
6725
6727
6728
6730
6731
6730
6732
6733
6734
6736
6735
6738
6737
6739
6740
6742
6743
6743
6745
6744
6746
6747
6748
6748
6749
6752
6753
6754
6754
6755
6756
6758
6757
6758
6761
6760
6762
6762
6764
6764
6765
6767
6769
6769
6769
6771
6772
6773
6773
6774
6776
6776
6777
6780
6779
6780
6781
6784
6783
6785
6787
6788
6788
6788
6791
6791
6791
6792
6795
6796
6796
6796
6799
6799
6801
6802
6801
6802
6803
6805
6805
6808
6809
6808
6811
6812
6813
6814
6813
6814
6817
6816
6819
6819
6819
6821
6821
6823
6823
6824
6826
6827
6827
6828
6829
6830
6831
6834
6833
6835
6836
6837
6838
6838
6841
6841
6841
6844
6844
6844
6847
6846
6847
6849
6851
6851
6851
6854
6853
6855
6857
6858
6858
6858
6859
6862
6861
6863
6864
6865
6867
6868
6869
6869
6869
6872
6871
6873
6874
6875
6877
6876
6879
6878
6881
6882
6883
6883
6885
6884
6887
6888
6889
6889
6891
6890
6892
6892
6894
6896
6896
6898
6897
6898
6900
6901
6902
6903
6905
6906
6907
6908
6908
6910
6909
6911
6912
6912
6915
6914
6916
6916
6919
6918
6920
6922
6923
6924
6925
6925
6925
6927
6927
6929
6929
6932
6933
6933
6933
6934
6936
6937
6939
6940
6939
6940
6942
6942
6943
6945
6946
6947
6948
6950
6951
6951
6952
6953
6954
6956
6955
6957
6958
6959
6959
6961
6962
6962
6963
6966
6965
6968
6967
6968
6971
6972
6971
6972
6973
6975
6975
6978
6979
6979
6980
6982
6983
6983
6984
6986
6985
6988
6987
6990
6989
6992
6993
6994
6993
6996
6995
6997
6999
6999
7000
7002
7002
7004
7003
7005
7005
7006
7008
7008
7009
7010
7013
7012
7014
7015
7017
7018
7017
7019
7021
7022
7021
7023
7024
7024
7026
7028
7028
7029
7030
7030
7032
7034
7035
7035
7036
7036
7037
7038
7039
7040
7041
7042
7043
7044
7047
7046
7049
7050
7050
7051
7052
7053
7053
7055
7057
7058
7057
7058
7060
7062
7061
7064
7065
7064
7066
7067
7067
7069
7071
7071
7072
7074
7074
7074
7077
7076
7077
7078
7080
7082
7083
7084
7084
7084
7086
7086
7087
7088
7090
7092
7093
7094
7094
7096
7095
7096
7097
7098
7101
7102
7103
7103
7103
7104
7106
7106
7109
7110
7109
7110
7113
7112
7113
7114
7116
7118
7118
7120
7119
7120
7122
7122
7125
7124
7125
7126
7127
7128
7129
7132
7132
7134
7134
7135
7136
7136
7138
7138
7139
7140
7141
7142
7143
7144
7146
7148
7147
7148
7150
7151
7152
7152
7155
7155
7155
7158
7159
7158
7159
7160
7162
7164
7163
7164
7165
7168
7168
7168
7171
7172
7172
7172
7173
7175
7176
7177
7178
7180
7180
7180
7181
7182
7183
7184
7187
7186
7187
7190
7190
7192
7193
7192
7194
7194
7196
7196
7199
7198
7200
7202
7203
7204
7205
7206
7206
7207
7208
7210
7210
7211
7213
7214
7214
7214
7215
7217
7217
7219
7219
7222
7221
7223
7224
7226
7226
7228
7229
7230
7231
7231
7232
7234
7233
7236
7237
7237
7237
7239
7240
7241
7241
7242
7244
7245
7246
7247
7248
7249
7249
7252
7252
7252
7253
7256
7255
7256
7259
7258
7261
7262
7262
7263
7264
7266
7265
7268
7267
7268
7269
7271
7273
7272
7275
7275
7277
7276
7277
7279
7281
7281
7282
7284
7283
7286
7286
7286
7287
7289
7291
7290
7292
7293
7295
7294
7296
7296
7299
7299
7301
7300
7302
7303
7304
7305
7305
7308
7307
7310
7310
7310
7311
7312
7315
7314
7315
7318
7319
7319
7320
7321
7323
7322
7323
7326
7326
7327
7329
7329
7329
7331
7331
7334
7334
7336
7336
7337
7339
7339
7339
7341
7343
7344
7344
7346
7345
7348
7348
7350
7350
7350
7352
7353
7353
7356
7355
7358
7357
7360
7361
7361
7363
7362
7364
7364
7367
7366
7369
7368
7370
7371
7372
7373
7373
7376
7376
7377
7377
7380
7380
7381
7381
7382
7385
7386
7387
7386
7389
7389
7389
7391
7393
7394
7395
7395
7395
7396
7398
7399
7399
7400
7403
7403
7405
7404
7406
7406
7408
7409
7409
7410
7413
7413
7414
7416
7416
7417
7417
7418
7421
7421
7421
7424
7424
7426
7426
7426
7427
7428
7430
7430
7431
7433
7434
7434
7437
7436
7437
7439
7441
7441
7443
7442
7443
7445
7447
7447
7449
7449
7451
7452
7451
7454
7455
7456
7455
7457
7459
7458
7460
7461
7462
7464
7463
7464
7465
7468
7468
7469
7470
7471
7471
7473
7474
7474
7475
7477
7479
7480
7481
7482
7483
7482
7485
7485
7485
7488
7487
7490
7490
7492
7493
7494
7495
7496
7495
7496
7499
7498
7500
7501
7502
7504
7503
7504
7505
7506
7509
7508
7509
7512
7513
7512
7515
7515
7516
7516
7519
7518
7519
7520
7523
7524
7523
7525
7526
7527
7529
7529
7530
7531
7531
7534
7534
7534
7535
7537
7538
7538
7541
7542
7541
7544
7545
7544
7547
7547
7548
7549
7550
7551
7553
7554
7554
7556
7555
7556
7558
7559
7559
7560
7563
7562
7563
7565
7567
7567
7567
7569
7571
7570
7572
7574
7575
7574
7577
7577
7577
7578
7581
7582
7583
7584
7584
7585
7587
7586
7587
7589
7590
7590
7592
7593
7594
7595
7597
7597
7597
7600
7600
7602
7603
7604
7604
7604
7606
7608
7608
7609
7609
7612
7611
7612
7614
7614
7617
7617
7617
7620
7621
7622
7621
7623
7623
7624
7627
7628
7629
7629
7631
7630
7631
7634
7633
7636
7637
7637
7639
7639
7639
7642
7641
7643
7643
7644
7646
7646
7648
7650
7649
7651
7652
7654
7653
7656
7657
7656
7658
7660
7660
7661
7661
7664
7664
7665
7667
7667
7667
7669
7671
7671
7671
7672
7675
7675
7675
7678
7679
7680
7681
7680
7682
7683
7685
7685
7685
7688
7688
7688
7689
7690
7693
7692
7693
7694
7697
7698
7698
7700
7700
7700
7702
7704
7704
7704
7706
7708
7709
7708
7711
7710
7713
7712
7715
7715
7717
7716
7719
7720
7719
7722
7721
7722
7723
7724
7725
7728
7727
7730
7731
7731
7732
7732
7733
7736
7736
7738
7737
7740
7739
7742
7743
7744
7744
7745
7747
7746
7748
7750
7749
7750
7752
7752
7753
7756
7756
7758
7759
7759
7760
7761
7761
7764
7765
7766
7765
7767
7769
7769
7769
7772
7771
7772
7773
7775
7776
7778
7777
7779
7780
7781
7782
7782
7783
7786
7787
7787
7788
7789
7790
7791
7791
7794
7794
7794
7796
7798
7798
7798
7799
7802
7802
7803
7805
7805
7805
7808
7807
7809
7809
7812
7811
7814
7815
7814
7816
7817
7819
7819
7819
7820
7823
7822
7824
7825
7825
7828
7828
7829
7830
7831
7832
7834
7833
7836
7836
7837
7838
7840
7841
7842
7842
7842
7844
7845
7845
7846
7847
7848
7851
7850
7852
7854
7853
7856
7856
7857
7857
7860
7861
7862
7861
7864
7865
7865
7866
7866
7867
7870
7871
7870
7873
7873
7874
7875
7877
7877
7878
7880
7881
7882
7883
7884
7884
7884
7887
7888
7888
7888
7891
7891
7893
7893
7893
7895
7895
7898
7899
7898
7901
7901
7901
7903
7905
7905
7907
7908
7908
7910
7910
7911
7912
7913
7914
7914
7916
7917
7918
7918
7920
7920
7921
7924
7924
7925
7925
7927
7928
7929
7931
7930
7933
7932
7933
7934
7937
7938
7939
7938
7941
7942
7941
7943
7943
7945
7947
7946
7949
7948
7950
7952
7951
7953
7954
7954
7956
7958
7958
7960
7959
7961
7961
7963
7965
7964
7967
7967
7968
7970
7969
7970
7972
7973
7973
7974
7977
7978
7978
7978
7981
7980
7981
7982
7983
7986
7985
7987
7989
7988
7989
7991
7993
7993
7995
7995
7995
7998
7997
7999
8000
