1000
1002
1001
998
998
997
995
996
993
993
993
992
990
990
987
987
985
986
983
984
981
980
980
978
978
976
976
975
975
973
971
972
970
970
969
966
966
964
965
963
963
960
960
958
959
957
957
955
954
954
951
952
949
948
949
948
946
945
945
942
941
940
940
940
937
937
937
935
935
932
933
931
929
929
929
926
926
925
924
922
923
920
919
920
918
916
917
916
915
913
913
912
911
909
908
908
905
905
903
902
903
901
900
898
899
897
896
895
893
892
893
890
890
888
887
888
885
886
884
884
883
882
880
879
877
876
876
875
873
873
872
872
871
868
868
866
867
866
864
862
861
861
859
860
858
856
857
856
853
853
852
850
849
849
848
847
847
846
843
842
843
841
839
840
839
837
837
836
834
834
833
832
829
828
829
828
825
826
825
823
822
820
820
819
819
816
817
814
813
812
811
810
811
809
807
808
807
804
804
803
801
802
801
800
799
797
796
794
794
793
791
792
791
789
787
788
787
785
783
783
782
780
780
779
779
778
776
776
774
772
773
772
771
769
768
768
765
764
764
764
762
761
760
759
759
756
756
754
755
753
752
751
750
748
747
747
746
746
744
744
743
741
740
738
739
737
737
734
734
732
733
730
730
730
728
728
727
726
725
724
722
721
719
720
718
717
717
716
713
713
713
711
711
710
708
708
705
705
705
704
703
702
701
699
699
697
696
696
694
693
692
692
691
689
687
688
685
686
685
683
681
680
681
680
679
676
676
674
673
673
673
672
670
668
668
666
666
665
665
662
663
661
659
658
658
656
655
656
655
652
651
650
649
649
649
646
647
645
643
644
642
641
641
640
638
637
635
634
635
632
632
632
629
630
629
627
625
624
623
623
622
621
620
619
619
618
615
616
614
613
612
612
611
609
609
607
605
604
605
602
602
600
599
599
599
597
595
594
594
593
593
592
589
588
589
586
587
586
583
584
582
582
580
579
578
577
575
576
574
574
571
571
569
568
569
566
566
565
564
562
563
560
559
558
559
558
556
556
555
553
552
552
550
548
548
546
547
545
545
544
542
542
539
540
538
536
535
536
534
534
531
531
529
529
528
528
526
524
525
524
523
520
520
519
518
518
517
516
513
513
512
512
511
509
508
506
506
504
503
503
503
501
499
500
499
498
495
494
493
494
493
490
489
489
488
486
485
485
485
484
482
481
480
478
479
477
476
475
474
473
471
471
471
468
468
468
465
466
463
462
462
460
460
458
457
456
456
454
455
453
451
450
451
448
448
448
446
446
443
442
442
441
441
439
439
437
435
436
434
433
431
430
429
429
427
426
425
426
424
424
421
422
421
418
419
416
417
415
413
412
413
411
411
410
407
407
405
406
405
403
402
400
401
399
397
396
397
394
393
394
393
391
390
390
389
387
385
386
383
382
383
380
381
380
379
376
377
376
375
374
373
371
371
369
368
368
367
364
363
362
363
360
361
359
359
358
355
356
354
352
351
352
349
348
349
346
346
346
343
343
342
342
341
340
338
336
337
334
335
332
332
332
329
329
329
326
326
326
323
322
322
322
321
320
319
316
315
315
315
313
313
311
310
310
307
308
305
306
303
302
301
302
301
299
298
298
297
294
295
292
292
291
291
289
287
287
286
284
285
283
283
282
279
278
279
277
275
274
274
274
271
272
270
268
268
267
265
264
264
262
261
260
260
259
259
257
257
255
253
252
251
252
249
248
247
248
247
244
243
243
243
241
240
240
239
236
236
234
234
232
231
231
230
229
227
227
225
224
225
222
222
220
219
220
218
216
215
215
214
212
211
212
211
210
209
208
207
205
205
202
202
202
201
198
198
196
196
195
194
193
193
190
190
188
189
188
186
186
184
184
182
181
181
178
178
178
177
174
173
174
171
172
170
168
169
166
166
165
164
164
161
160
161
160
157
157
157
156
155
153
153
150
149
150
147
148
147
144
145
144
143
141
141
139
139
138
136
134
134
132
133
132
131
130
128
126
126
124
123
122
123
122
119
118
119
117
115
115
115
114
112
112
110
109
107
106
105
106
103
104
101
100
100
100
99
98
95
95
94
92
92
90
89
88
87
86
87
84
84
84
82
80
80
80
79
76
76
74
75
73
72
70
69
70
67
68
65
65
64
63
62
61
60
60
58
56
57
54
54
53
51
50
49
50
48
46
47
46
43
44
42
41
40
39
39
37
37
36
33
32
32
32
30
28
29
26
25
26
25
22
21
22
19
19
19
18
16
16
14
14
13
10
10
9
9
6
7
5
3
3
1
