1000
1002
1000
999
998
996
997
996
993
994
993
992
990
989
988
986
986
986
985
984
981
980
981
978
977
976
975
976
974
973
973
972
971
970
968
966
967
964
965
963
963
960
959
959
958
958
956
956
955
953
953
952
951
948
947
946
945
945
945
944
941
940
940
940
939
938
936
936
935
933
931
932
930
930
927
926
927
926
923
923
922
920
920
919
917
918
917
915
914
914
911
911
909
910
909
908
907
904
905
904
902
901
901
899
897
897
896
894
894
894
892
890
889
890
889
887
886
886
885
882
882
881
881
879
877
878
876
874
875
873
871
871
871
868
869
866
866
865
863
862
863
862
860
860
859
856
857
855
855
854
853
851
849
850
849
847
846
845
845
843
841
842
839
838
837
836
837
836
835
832
831
831
829
829
829
826
827
825
824
824
822
821
819
820
817
817
816
816
815
813
812
812
810
810
808
808
805
804
805
804
801
802
800
798
798
796
795
794
795
792
791
790
790
789
787
786
785
786
783
784
782
782
779
780
779
777
775
776
775
774
773
772
771
768
768
767
766
766
764
762
761
760
761
758
759
758
755
756
755
752
752
751
749
750
748
746
746
745
745
742
742
742
740
738
737
738
736
736
735
733
731
731
731
730
728
727
725
725
723
724
723
722
720
719
719
717
716
714
715
714
712
712
711
708
707
708
705
704
705
704
702
700
699
699
699
697
697
696
693
694
691
691
691
689
689
687
687
684
683
682
681
682
681
680
679
676
677
676
673
674
673
672
671
669
667
668
667
666
665
663
663
662
661
660
659
657
656
656
655
653
651
650
650
648
647
646
646
646
643
643
641
640
640
640
638
637
637
635
635
634
631
631
631
630
628
628
626
624
625
623
623
622
621
619
617
618
617
615
613
613
613
610
610
609
609
606
605
604
605
604
603
600
600
600
599
597
597
595
594
593
591
591
590
590
587
587
587
585
583
584
583
581
581
579
579
576
576
576
573
572
573
570
569
570
569
566
565
566
565
564
562
562
559
558
559
558
557
555
553
553
553
550
551
549
548
547
547
546
545
542
541
542
540
540
538
538
535
535
534
534
531
530
531
530
528
527
527
524
523
522
522
522
519
519
519
517
515
516
514
512
511
512
511
509
508
507
505
505
503
502
502
501
499
498
498
497
497
494
495
492
491
492
491
488
487
488
487
485
485
483
482
482
480
480
478
476
475
474
475
472
471
471
471
469
468
466
465
466
463
464
463
461
461
460
459
457
455
455
455
454
451
452
451
450
448
446
445
445
444
442
443
441
440
438
437
437
435
434
433
434
432
430
430
428
427
427
426
424
425
424
423
421
420
420
418
416
416
416
415
414
413
411
411
409
408
408
405
404
403
403
401
401
400
399
399
398
397
395
393
392
392
390
391
388
387
386
385
385
385
384
382
382
380
378
378
376
375
375
374
372
373
372
370
369
367
366
367
365
365
362
363
361
359
359
358
357
356
355
353
353
351
352
350
350
349
346
345
346
344
344
341
342
340
340
338
338
336
335
333
332
332
332
329
328
328
327
326
324
324
322
322
322
321
318
319
318
316
316
313
312
313
310
311
309
307
308
306
305
303
304
303
300
299
298
297
297
297
296
295
293
293
291
289
290
289
286
287
284
283
282
282
281
280
279
279
277
276
274
273
274
271
271
271
269
269
266
267
266
265
264
261
262
260
259
258
257
257
255
255
254
252
251
249
248
249
247
247
245
244
243
242
242
239
239
237
238
236
235
235
232
231
230
229
230
228
226
226
225
224
223
223
221
221
218
219
218
216
216
214
212
211
210
209
209
208
208
207
204
204
204
203
202
201
200
199
198
197
195
193
194
193
192
189
190
187
188
187
185
184
183
183
180
180
179
179
177
175
175
174
174
171
171
170
168
168
167
165
165
165
162
161
162
159
159
159
157
155
156
155
152
151
150
150
150
148
146
145
146
143
142
142
141
140
140
138
136
136
136
133
133
131
130
130
129
129
126
127
124
123
124
122
120
121
120
118
117
116
115
113
113
113
112
111
110
109
108
105
105
104
102
101
102
100
100
97
97
96
96
94
93
93
91
89
90
87
87
86
86
83
83
82
80
80
79
77
77
76
74
73
72
73
70
69
69
68
66
67
66
64
63
61
60
59
58
59
57
56
54
54
54
51
50
49
50
49
47
45
44
45
43
42
41
41
39
39
36
35
36
35
33
33
30
30
30
28
27
26
24
23
22
21
20
20
19
19
16
17
14
13
13
13
11
10
9
8
7
7
5
5
3
3
