0
63
71
83
88
88
100
107
111
131
132
140
142
152
153
172
187
223
263
264
280
302
313
349
356
366
386
475
482
484
493
505
523
547
554
559
563
596
602
616
620
626
629
680
681
693
697
734
741
748
780
784
794
801
854
854
860
863
869
871
897
901
925
926
933
956
960
977
978
987
995
997
1000
1015
1018
1021
1062
1079
1083
1090
1128
1135
1154
1173
1185
1198
1205
1236
1280
1299
1304
1361
1378
1400
1413
1416
1439
1446
1464
1470
1480
1485
1487
1490
1503
1567
1603
1660
1661
1666
1674
1676
1679
1690
1707
1708
1719
1725
1740
1745
1755
1784
1797
1800
1829
1842
1844
1847
1852
1861
1870
1878
1883
1886
1892
1914
1916
1937
1954
1994
2003
2017
2023
2030
2037
2042
2050
2094
2098
2111
2124
2133
2138
2140
2158
2164
2166
2169
2255
2260
2270
2312
2314
2339
2339
2353
2356
2396
2410
2431
2433
2437
2465
2480
2481
2490
2500
2518
2530
2557
2560
2571
2573
2576
2589
2590
2620
2629
2636
2641
2650
2659
2671
2686
2704
2709
2732
2742
2752
2781
2782
2788
2793
2859
2869
2872
2932
2937
2949
2957
2957
2969
2985
2986
3024
3036
3050
3072
3117
3127
3134
3162
3172
3174
3174
3205
3221
3226
3304
3320
3320
3325
3334
3355
3358
3397
3409
3472
3484
3485
3489
3492
3499
3522
3530
3560
3561
3624
3629
3631
3638
3638
3643
3654
3683
3708
3710
3743
3759
3807
3856
3867
3881
3883
3895
3901
3923
3951
3960
3970
3984
3988
3990
4012
4012
4066
4098
4156
4159
4161
4170
4183
4282
4292
4292
4305
4335
4346
4349
4353
4364
4371
4428
4448
4487
4525
4534
4538
4540
4557
4570
4584
4596
4621
4634
4634
4669
4699
4700
4710
4722
4757
4761
4763
4775
4786
4789
4790
4821
4837
4855
4899
4919
4942
4951
4967
4973
4978
4980
5010
5014
5052
5062
5063
5069
5075
5086
5087
5107
5139
5141
5159
5168
5207
5216
5245
5281
5281
5320
5333
5339
5361
5364
5374
5401
5418
5418
5472
5515
5520
5543
5559
5562
5565
5569
5581
5589
5596
5605
5649
5685
5712
5720
5763
5780
5832
5876
5877
5877
5931
5950
5955
5990
6013
6014
6049
6089
6107
6109
6112
6115
6127
6140
6141
6147
6158
6202
6216
6279
6295
6300
6315
6317
6320
6323
6368
6387
6399
6422
6424
6439
6443
6461
6495
6496
6504
6506
6523
6533
6547
6548
6553
6566
6571
6579
6635
6636
6639
6647
6649
6683
6704
6751
6760
6766
6773
6790
6797
6797
6802
6802
6819
6833
6853
6878
6882
6894
6912
6924
6933
6936
6939
6948
6952
6968
6969
6986
7015
7018
7057
7100
7139
7164
7198
7227
7236
7279
7287
7308
7330
7342
7344
7349
7354
7358
7370
7382
7382
7394
7426
7433
7446
7466
7474
7482
7492
7494
7494
7540
7541
7545
7568
7591
7605
7608
7609
7631
7633
7633
7653
7660
7662
7664
7705
7708
7716
7716
7742
7748
7768
7776
7804
7819
7825
7829
7833
7851
7879
7919
7956
8000
8019
8029
8030
8086
8104
8142
8160
8180
8209
8213
8259
8260
8263
8267
8280
8289
8324
8334
8339
8341
8346
8381
8411
8421
8432
8437
8439
8465
8496
8498
8508
8512
8515
8516
8538
8542
8550
8557
8569
8585
8630
8667
8724
8726
8769
8801
8820
8853
8930
8938
8976
8976
8983
9002
9010
9043
9051
9069
9088
9095
9115
9123
9128
9154
9155
9165
9165
9165
9169
9171
9171
9186
9190
9197
9220
9242
9292
9325
9339
9340
9351
9354
9360
9371
9375
9377
9386
9391
9404
9409
9417
9417
9457
9472
9499
9519
9523
9528
9540
9551
9569
9598
9613
9663
9677
9690
9718
9729
9735
9764
9807
9810
9836
9879
9884
9899
9905
9912
9929
9933
9939
9942
9948
9956
9981
9983
10000
10017
10035
10039
10057
10089
10092
10107
10128
10141
10147
10154
10163
10173
10192
10232
10238
10244
10272
10290
10293
10316
10326
10329
10341
10348
10350
10351
10354
10382
10400
10408
10410
10425
10447
10487
10492
10506
10513
10527
10535
10544
10569
10606
10616
10620
10644
10652
10673
10674
10693
10738
10743
10751
10762
10799
10800
10816
10823
10833
10834
10844
10906
10925
10952
10966
10976
11014
11017
11037
11053
11087
11097
11131
11134
11134
11142
11170
11198
11204
11238
11254
11265
11280
11286
11313
11334
11361
11422
11444
11451
11458
11461
11464
11475
11511
11511
11515
11520
11542
11546
11551
11563
11583
11610
11634
11638
11641
11661
11665
11667
11726
11735
11735
11743
11759
11761
11768
11786
11790
11794
11823
11853
11873
11899
11902
11921
11941
11953
11969
11982
11986
12010
12011
12025
12034
12045
12049
12094
12100
12114
12125
12157
12191
12217
12220
12251
12295
12303
12335
12353
12364
12366
12373
12377
12392
12393
12421
12422
12427
12428
12428
12435
12438
12440
12465
12486
12497
12499
12506
12519
12522
12528
12529
12534
12538
12553
12569
12587
12603
12608
12623
12631
12643
12696
12728
12754
12754
12794
12797
12798
12826
12828
12868
12902
12908
12911
12972
12972
13009
13026
13032
13062
13089
13090
13091
13154
13171
13183
13196
13213
13220
13269
13289
13292
13294
13300
13343
13349
13352
13383
13391
13393
13412
13418
13457
13469
13484
13517
13535
13537
13540
13562
13587
13613
13625
13645
13669
13694
13710
13793
13806
13811
13832
13832
13862
13873
13883
13892
13900
13930
13931
13968
13973
13981
13996
14004
14067
14098
14123
14139
14158
14181
14186
14187
14234
14257
14267
14296
14323
14337
14343
14376
14407
14422
14450
14463
14468
14491
14499
14511
14548
14562
14569
14585
14602
14614
14626
14628
14673
14695
14705
14721
14723
14733
14763
14765
14775
14811
14813
14814
14826
14840
14865
14880
14887
14898
14902
14957
14958
14989
15003
15005
15011
15035
15044
15124
15133
15140
15156
15179
15225
15287
15293
15295
15330
15332
15339
15395
15403
15421
15421
15458
15566
15590
15634
15639
15694
15721
15742
15747
15752
15787
15807
15812
15815
15850
15861
15875
15915
15942
15949
15958
arquivo ordenado pelo algoritmo mergesort tempo da ordenação = 0 milisegundos

