0
14
16
20
37
65
84
84
85
85
100
115
119
119
124
126
129
134
135
141
149
156
160
169
172
172
180
182
184
197
231
237
247
268
271
280
296
316
317
319
324
324
331
336
349
354
358
361
364
365
367
377
385
385
386
398
417
421
431
446
447
461
467
497
498
501
506
524
528
544
552
560
577
579
590
597
614
621
625
645
652
659
672
673
694
698
711
720
721
730
757
760
802
806
808
816
825
827
848
856
865
876
877
878
879
882
905
907
919
933
939
943
956
956
960
960
977
992
996
1004
1005
1020
1024
1026
1026
1036
1074
1079
1093
1100
1101
1108
1109
1132
1135
1151
1161
1161
1170
1184
1184
1188
1196
1202
1203
1204
1215
1217
1226
1227
1227
1232
1239
1248
1260
1263
1279
1292
1310
1312
1323
1328
1330
1331
1336
1342
1342
1350
1355
1358
1372
1387
1390
1402
1411
1412
1416
1418
1430
1439
1440
1441
1448
1469
1478
1484
1493
1493
1496
1513
1514
1523
1525
1529
1534
1537
1548
1551
1576
1589
1596
1628
1635
1636
1643
1649
1653
1657
1668
1684
1687
1694
1701
1702
1710
1722
1723
1727
1728
1739
1764
1768
1781
1783
1788
1796
1829
1836
1839
1844
1847
1852
1860
1861
1864
1878
1885
1899
1902
1902
1925
1927
1934
1936
1939
1939
1958
1961
1963
1968
1969
1970
1973
2000
2000
2021
2024
2028
2031
2047
2050
2051
2078
2088
2088
2096
2099
2104
2124
2133
2154
2170
2173
2175
2179
2185
2207
2213
2230
2239
2246
2246
2247
2248
2249
2262
2271
2273
2277
2297
2309
2310
2314
2324
2329
2331
2336
2339
2339
2351
2356
2358
2361
2365
2367
2372
2373
2390
2395
2396
2402
2404
2409
2423
2426
2434
2439
2443
2445
2454
2461
2462
2472
2479
2484
2491
2492
2494
2501
2516
2522
2531
2571
2589
2591
2617
2620
2624
2636
2636
2639
2640
2658
2669
2669
2687
2692
2703
2709
2712
2720
2753
2767
2782
2791
2802
2834
2839
2842
2863
2871
2871
2876
2882
2915
2916
2937
2959
2972
2973
3004
3025
3047
3056
3061
3071
3077
3083
3092
3096
3102
3102
3106
3107
3125
3127
3128
3131
3138
3188
3194
3197
3215
3227
3232
3232
3244
3245
3248
3254
3256
3260
3261
3266
3270
3278
3288
3294
3298
3304
3311
3323
3327
3328
3329
3336
3345
3347
3358
3365
3365
3374
3387
3393
3403
3404
3410
3415
3416
3419
3421
3428
3433
3465
3473
3477
3481
3481
3483
3485
3488
3516
3532
3534
3541
3543
3586
3595
3598
3606
3607
3611
3646
3647
3650
3659
3673
3674
3681
3682
3683
3686
3686
3686
3689
3705
3708
3716
3717
3722
3736
3745
3747
3751
3755
3765
3773
3778
3781
3789
3831
3837
3857
3859
3863
3866
3870
3873
3880
3881
3882
3888
3891
3899
3902
3908
3909
3911
3919
3934
3934
3944
3959
3960
3976
3980
3988
3992
3998
4001
4002
4006
4019
4041
4045
4066
4067
4080
4088
4102
4114
4123
4139
4149
4151
4151
4152
4154
4162
4169
4198
4202
4234
4241
4244
4261
4268
4275
4286
4287
4306
4328
4328
4340
4350
4352
4355
4362
4391
4391
4391
4394
4395
4409
4425
4437
4445
4455
4463
4489
4504
4507
4511
4514
4514
4519
4526
4528
4532
4550
4550
4552
4554
4556
4566
4568
4595
4596
4597
4613
4617
4623
4626
4629
4632
4639
4648
4652
4654
4658
4675
4678
4680
4704
4707
4708
4721
4721
4722
4723
4726
4739
4739
4746
4748
4751
4773
4777
4778
4783
4786
4792
4803
4806
4811
4818
4840
4845
4848
4849
4853
4867
4884
4895
4895
4895
4898
4905
4908
4923
4930
4938
4947
4949
4976
4977
4984
4985
4989
4989
4991
5000
5013
5014
5023
5029
5044
5046
5053
5053
5071
5074
5074
5075
5079
5096
5110
5133
5135
5146
5157
5158
5166
5171
5177
5178
5181
5181
5186
5191
5193
5198
5204
5205
5207
5214
5215
5224
5226
5239
5245
5252
5256
5257
5261
5265
5268
5280
5292
5304
5312
5314
5321
5341
5342
5354
5361
5386
5395
5396
5419
5428
5431
5436
5448
5464
5478
5480
5481
5482
5485
5517
5539
5550
5553
5558
5559
5560
5560
5560
5570
5585
5586
5596
5605
5605
5633
5633
5639
5654
5664
5676
5685
5691
5705
5717
5721
5725
5729
5731
5762
5767
5779
5783
5784
5790
5795
5796
5802
5809
5816
5823
5824
5833
5847
5856
5864
5867
5876
5889
5892
5902
5910
5914
5942
5950
5966
5974
5977
5981
5987
5993
5994
5999
6023
6024
6030
6049
6049
6076
6077
6077
6122
6125
6141
6152
6154
6162
6164
6176
6179
6185
6207
6209
6212
6216
6218
6237
6245
6259
6261
6267
6270
6285
6299
6312
6314
6314
6320
6321
6323
6328
6332
6340
6345
6348
6358
6385
6406
6409
6414
6436
6438
6443
6445
6463
6465
6473
6486
6497
6506
6508
6511
6512
6514
6518
6521
6526
6530
6534
6534
6542
6547
6551
6558
6560
6591
6600
6618
6625
6634
6635
6636
6647
6649
6655
6660
6666
6669
6679
6693
6697
6714
6725
6746
6757
6772
6782
6784
6797
6801
6802
6803
6803
6810
6812
6813
6815
6839
6844
6850
6852
6852
6859
6861
6861
6861
6862
6868
6916
6946
6950
6958
6987
7004
7005
7007
7020
7024
7025
7043
7045
7049
7049
7058
7063
7087
7096
7104
7110
7114
7118
7124
7131
7138
7148
7152
7167
7171
7178
7181
7188
7192
7193
7197
7202
7211
7223
7235
7236
7238
7244
7248
7251
7274
7278
7280
7285
7287
7293
7311
7316
7322
7335
7340
7349
7351
7392
7398
7412
7417
7424
7425
7425
7426
7436
7446
7456
7464
7478
7486
7493
7497
7503
7515
7518
7519
7536
7540
7546
7552
7552
7553
7569
7572
7573
7577
7587
7589
7598
7614
7616
7622
7641
7667
7674
7677
7677
7690
7704
7705
7710
7711
7717
7722
7747
7747
7758
7762
7766
7782
7787
7792
7797
7797
7798
7800
7803
7808
7814
7827
7838
7840
7859
7867
7875
7875
7890
7894
7900
7907
7911
7913
7919
7922
7923
7925
7926
7927
7949
7949
7956
7960
7976
8001
8020
8024
8024
8046
8047
8048
8049
8050
8057
8068
8073
8083
8096
8103
8104
8122
8124
8130
8156
8166
8171
8171
8172
8172
8175
8178
8180
8181
8192
8196
8199
8210
8214
8217
8225
8227
8229
8232
8239
8242
8244
8258
8260
8263
8291
8309
8313
8318
8334
8335
8337
8341
8359
8362
8376
8382
8391
8392
8403
8411
8415
8420
8421
8421
8421
8425
8427
8432
8476
8486
8487
8496
8504
8506
8512
8516
8523
8539
8553
8567
8579
8580
8584
8599
8627
8633
8635
8644
8651
8659
8669
8672
8674
8678
8683
8685
8707
8716
8722
8727
8728
8738
8741
8748
8752
8785
8796
8807
8827
8831
8842
8846
8846
8860
8876
8882
8888
8890
8898
8900
8901
8914
8948
8954
8978
8988
8991
8997
9000
9000
9021
9021
9036
9042
9059
9060
9067
9070
9071
9079
9093
9093
9095
9097
9099
9106
9106
9109
9122
9128
9138
9141
9145
9156
9161
9164
9167
9180
9180
9181
9188
9194
9197
9204
9222
9240
9240
9246
9249
9273
9281
9284
9289
9313
9330
9351
9367
9372
9374
9384
9418
9426
9432
9435
9436
9442
9446
9452
9477
9482
9485
9491
9497
9500
9500
9500
9509
9510
9514
9532
9532
9547
9556
9577
9579
9580
9584
9595
9598
9615
9619
9623
9626
9648
9660
9663
9667
9668
9678
9681
9682
9691
9712
9716
9729
9735
9737
9741
9744
9748
9767
9775
9787
9789
9793
9809
9835
9843
9852
9888
9895
9898
9917
9919
9923
9924
9924
9926
9936
9955
9974
9977
9979
9982
9985
9987
9995
10002
10004
10006
10009
10024
10028
10038
10039
10044
10068
10069
10077
10089
10090
10098
10099
10099
10116
10122
10124
10125
10129
10137
10139
10145
10152
10164
10166
10170
10185
10186
10195
10207
10215
10216
10225
10242
10255
10257
10262
10264
10282
10288
10293
10300
10316
10317
10321
10327
10335
10339
10340
10361
10374
10383
10385
10387
10388
10398
10409
10411
10411
10422
10427
10433
10433
10436
10446
10459
10461
10477
10483
10483
10509
10513
10514
10522
10529
10532
10536
10541
10541
10546
10576
10576
10588
10589
10599
10602
10605
10609
10610
10622
10633
10647
10650
10657
10676
10681
10683
10683
10690
10693
10694
10696
10719
10728
10734
10755
10761
10762
10769
10782
10792
10799
10816
10819
10823
10839
10854
10863
10878
10887
10900
10904
10917
10951
10977
10983
10985
11008
11025
11030
11051
11055
11060
11066
11066
11092
11096
11096
11112
11142
11151
11152
11155
11169
11169
11173
11180
11181
11181
11196
11199
11201
11205
11206
11208
11222
11224
11227
11254
11258
11271
11278
11286
11287
11305
11322
11326
11327
11328
11329
11336
11342
11344
11345
11366
11394
11396
11406
11408
11439
11441
11447
11455
11470
11476
11484
11488
11493
11496
11503
11520
11529
11543
11550
11556
11560
11565
11571
11576
11582
11591
11602
11625
11633
11653
11656
11679
11683
11703
11705
11707
11719
11719
11732
11734
11737
11744
11766
11769
11784
11800
11859
11863
11871
11880
11893
11901
11902
11908
11949
11955
11965
11968
11968
11971
11984
11984
11997
11997
11998
12013
12019
12019
12020
12027
12044
12056
12063
12070
12073
12076
12077
12079
12105
12107
12107
12109
12115
12121
12122
12135
12140
12148
12163
12193
12197
12203
12206
12207
12212
12213
12218
12223
12246
12247
12248
12254
12261
12264
12278
12294
12304
12317
12325
12328
12333
12343
12346
12353
12357
12372
12373
12373
12385
12391
12395
12400
12423
12431
12438
12449
12452
12454
12461
12467
12483
12486
12493
12510
12512
12514
12517
12519
12524
12544
12555
12567
12572
12586
12596
12607
12637
12649
12657
12658
12715
12741
12743
12746
12750
12752
12754
12757
12776
12776
12778
12784
12788
12801
12803
12808
12810
12816
12820
12825
12831
12835
12854
12860
12863
12885
12889
12891
12892
12895
12897
12933
12936
12943
12954
12959
12965
12973
12976
12977
12991
12995
13004
13020
13026
13027
13033
13035
13044
13046
13063
13073
13074
13075
13081
13102
13104
13106
13106
13124
13134
13139
13180
13182
13186
13200
13221
13229
13229
13229
13232
13246
13258
13261
13263
13272
13274
13280
13298
13302
13302
13315
13325
13326
13329
13347
13365
13365
13370
13370
13371
13385
13392
13399
13410
13419
13428
13436
13448
13449
13449
13466
13494
13514
13517
13520
13520
13522
13532
13532
13541
13558
13561
13565
13565
13569
13592
13593
13615
13616
13625
13632
13633
13656
13664
13678
13740
13751
13755
13761
13765
13793
13795
13798
13817
13820
13823
13829
13830
13831
13837
13886
13906
13911
13917
13918
13922
13925
13931
13952
13967
13969
13993
13994
14001
14001
14005
14014
14048
14053
14058
14066
14070
14086
14111
14112
14118
14126
14126
14131
14139
14141
14142
14145
14160
14169
14174
14177
14212
14215
14234
14245
14253
14264
14272
14284
14300
14312
14324
14330
14336
14360
14362
14386
14393
14394
14394
14400
14404
14414
14414
14426
14451
14451
14460
14463
14464
14467
14477
14484
14491
14510
14512
14516
14526
14529
14535
14559
14562
14565
14565
14565
14571
14571
14584
14589
14597
14608
14609
14611
14621
14641
14646
14648
14672
14674
14682
14683
14685
14705
14708
14720
14725
14727
14728
14746
14753
14758
14772
14772
14783
14786
14805
14807
14818
14834
14836
14837
14837
14840
14842
14843
14847
14852
14852
14854
14864
14884
14885
14886
14888
14899
14907
14923
14928
14936
14943
14953
14958
14961
14993
15007
15028
15028
15030
15031
15046
15047
15051
15055
15061
15061
15070
15073
15084
15090
15107
15131
15134
15143
15160
15184
15192
15196
15197
15206
15212
15222
15224
15231
15241
15255
15294
15305
15322
15327
15345
15369
15376
15393
15395
15417
15420
15426
15435
15442
15471
15478
15518
15547
15557
15613
15614
15614
15615
15654
15659
15661
15665
15680
15682
15684
15688
15699
15703
15723
15730
15730
15732
15739
15742
15751
15752
15756
15757
15758
15776
15803
15824
15851
15854
15856
15865
15880
15902
15904
15907
15921
15925
15928
15944
15945
15948
15951
15959
15963
15977
15993
15994
15998
arquivo ordenado pelo algoritmo mergesort tempo da ordenação = 0 milisegundos

