6
6
7
12
20
31
44
58
86
88
100
115
119
132
134
138
145
152
155
182
184
185
190
197
221
223
235
271
275
282
284
285
287
288
291
292
296
311
333
344
348
355
360
371
393
406
409
429
431
434
444
456
461
473
485
492
499
519
530
533
543
549
551
560
574
581
591
594
604
610
626
636
638
642
643
657
661
669
679
681
687
693
699
711
713
721
736
737
738
742
757
762
764
768
770
785
788
797
806
819
821
826
834
847
854
860
871
890
898
905
923
939
942
947
950
955
971
986
989
998
1006
1015
1024
1029
1031
1051
1053
1057
1060
1079
1084
1094
1135
1146
1160
1176
1187
1196
1203
1204
1211
1215
1220
1230
1236
1241
1244
1245
1284
1286
1287
1310
1327
1332
1332
1347
1362
1367
1385
1385
1402
1410
1410
1411
1422
1426
1429
1439
1454
1456
1471
1478
1481
1503
1512
1520
1527
1541
1556
1560
1570
1577
1578
1598
1614
1615
1618
1632
1645
1659
1660
1661
1662
1663
1669
1676
1688
1698
1720
1723
1768
1773
1785
1797
1801
1805
1840
1844
1845
1850
1851
1857
1861
1862
1867
1875
1883
1888
1895
1901
1904
1906
1923
1941
1957
1969
1971
1976
1997
2000
2012
2016
2018
2023
2029
2034
2037
2038
2043
2046
2048
2059
2062
2073
2083
2084
2084
2097
2103
2116
2117
2149
2175
2178
2206
2206
2243
2250
2253
2257
2260
2263
2269
2270
2274
2287
2294
2334
2337
2337
2337
2342
2345
2365
2382
2389
2400
2410
2418
2420
2427
2430
2453
2457
2457
2464
2473
2476
2478
2491
2494
2499
2508
2516
2543
2552
2556
2568
2574
2575
2582
2584
2586
2587
2589
2589
2592
2596
2600
2621
2627
2638
2645
2648
2677
2678
2682
2695
2696
2704
2704
2706
2738
2739
2742
2748
2775
2806
2811
2812
2815
2821
2823
2823
2831
2840
2853
2861
2864
2865
2870
2872
2898
2909
2940
2941
2952
2954
2956
2965
2973
2979
2984
2984
2988
2994
2995
3000
3012
3019
3028
3029
3039
3046
3053
3063
3071
3076
3077
3077
3077
3079
3085
3094
3099
3103
3106
3116
3118
3125
3149
3163
3180
3187
3191
3195
3204
3209
3212
3219
3233
3235
3242
3253
3259
3268
3269
3270
3271
3293
3304
3305
3311
3352
3360
3365
3369
3370
3371
3399
3408
3410
3410
3411
3412
3425
3427
3428
3430
3430
3436
3436
3438
3445
3454
3454
3455
3465
3479
3495
3502
3503
3527
3551
3551
3559
3562
3582
3584
3585
3585
3602
3603
3604
3623
3623
3626
3643
3644
3647
3649
3661
3666
3677
3678
3684
3689
3691
3701
3703
3718
3720
3723
3728
3735
3760
3762
3766
3767
3773
3778
3791
3800
3813
3822
3829
3829
3830
3832
3843
3847
3848
3851
3858
3860
3861
3865
3871
3876
3890
3909
3934
3938
3944
3953
3954
3955
3968
3985
3985
3999
4001
4045
4053
4073
4076
4077
4103
4106
4107
4119
4126
4127
4129
4149
4153
4168
4214
4217
4221
4239
4239
4264
4289
4305
4334
4337
4345
4348
4349
4357
4367
4372
4384
4399
4422
4453
4454
4464
4468
4471
4476
4491
4493
4499
4501
4506
4509
4521
4521
4531
4538
4550
4556
4571
4596
4610
4624
4626
4648
4656
4657
4658
4659
4660
4664
4669
4687
4688
4698
4705
4713
4714
4716
4724
4725
4753
4762
4779
4783
4784
4788
4795
4812
4816
4838
4838
4845
4872
4883
4888
4896
4909
4914
4928
4956
4961
4971
5013
5035
5064
5065
5067
5086
5094
5096
5096
5124
5135
5144
5146
5150
5151
5160
5172
5172
5210
5219
5223
5233
5246
5262
5271
5283
5294
5300
5301
5312
5327
5335
5340
5343
5366
5370
5376
5382
5396
5405
5420
5430
5434
5435
5441
5443
5455
5467
5482
5494
5500
5503
5515
5522
5532
5537
5537
5540
5542
5543
5554
5556
5558
5575
5590
5593
5601
5607
5609
5609
5634
5652
5659
5669
5672
5673
5675
5693
5713
5715
5717
5733
5734
5738
5740
5743
5748
5748
5751
5752
5760
5775
5776
5783
5828
5843
5850
5851
5878
5889
5896
5899
5899
5930
5941
5946
5948
5951
5957
5958
5958
5958
5991
5996
5997
6000
6005
6015
6017
6020
6027
6032
6039
6041
6046
6056
6058
6062
6078
6088
6099
6102
6102
6103
6111
6134
6146
6151
6154
6165
6169
6177
6179
6183
6189
6189
6193
6198
6204
6208
6217
6230
6232
6235
6235
6237
6243
6256
6274
6284
6286
6295
6299
6302
6307
6317
6342
6342
6352
6390
6397
6404
6407
6413
6418
6421
6431
6441
6449
6457
6462
6466
6477
6516
6538
6541
6543
6586
6589
6609
6609
6616
6624
6628
6630
6646
6662
6663
6665
6665
6666
6667
6669
6669
6689
6701
6706
6710
6710
6711
6712
6713
6720
6753
6754
6765
6765
6771
6773
6780
6804
6816
6831
6839
6851
6854
6856
6864
6870
6873
6873
6875
6877
6877
6883
6894
6897
6898
6923
6933
6936
6942
6945
6947
6951
6961
6971
6971
6978
6992
6995
6998
7007
7042
7047
7048
7052
7061
7071
7076
7094
7094
7097
7119
7120
7128
7128
7145
7147
7149
7150
7155
7167
7172
7181
7189
7203
7215
7229
7238
7240
7241
7259
7277
7282
7283
7284
7284
7286
7294
7309
7314
7322
7324
7330
7341
7345
7355
7356
7357
7358
7360
7368
7375
7378
7380
7393
7409
7425
7429
7464
7469
7472
7483
7490
7495
7497
7497
7503
7524
7530
7540
7540
7545
7559
7561
7566
7569
7569
7570
7572
7573
7575
7614
7619
7621
7628
7631
7635
7638
7670
7676
7676
7680
7685
7685
7688
7700
7703
7707
7732
7746
7769
7769
7781
7794
7814
7825
7828
7842
7844
7846
7847
7865
7876
7877
7887
7890
7890
7894
7898
7899
7901
7907
7908
7917
7933
7936
7938
7944
7960
7967
7974
7975
7982
7984
7987
8019
8028
8030
8036
8044
8044
8050
8075
8076
8116
8133
8137
8138
8147
8148
8150
8155
8158
8160
8170
8178
8188
8189
8196
8200
8222
8227
8236
8240
8262
8266
8266
8277
8289
8309
8327
8328
8339
8345
8349
8354
8361
8367
8370
8370
8379
8392
8395
8439
8452
8470
8489
8489
8497
8498
8527
8539
8548
8566
8567
8572
8576
8599
8603
8613
8620
8622
8623
8640
8649
8651
8661
8681
8685
8686
8700
8714
8732
8751
8752
8766
8773
8776
8792
8804
8805
8822
8828
8843
8849
8856
8858
8865
8870
8871
8876
8887
8892
8911
8915
8923
8926
8931
8948
8953
8959
8980
8989
8997
9005
9008
9034
9034
9036
9040
9063
9065
9080
9088
9089
9108
9113
9128
9128
9128
9143
9145
9151
9169
9182
9189
9194
9212
9213
9225
9238
9255
9256
9263
9266
9267
9282
9287
9287
9296
9301
9308
9325
9327
9331
9346
9348
9355
9358
9360
9360
9365
9368
9369
9370
9395
9396
9397
9402
9416
9417
9418
9423
9428
9435
9436
9442
9448
9450
9467
9468
9473
9480
9491
9503
9515
9531
9532
9537
9541
9549
9552
9554
9557
9585
9592
9611
9614
9615
9621
9629
9638
9639
9648
9653
9657
9672
9672
9674
9681
9684
9689
9690
9694
9699
9701
9701
9703
9706
9707
9709
9713
9719
9733
9738
9739
9741
9748
9748
9749
9757
9763
9789
9805
9809
9811
9816
9816
9816
9824
9834
9836
9838
9845
9867
9877
9898
9905
9907
9912
9949
9958
9973
9982
9983
9989
9997
10001
10026
10036
10037
10038
10044
10050
10057
10060
10069
10076
10081
10092
10098
10110
10110
10126
10130
10131
10135
10149
10163
10184
10191
10208
10209
10209
10222
10254
10254
10255
10256
10260
10270
10274
10295
10298
10305
10306
10317
10321
10333
10339
10349
10356
10358
10364
10379
10384
10394
10405
10405
10412
10413
10422
10423
10454
10465
10466
10467
10467
10472
10472
10472
10500
10502
10504
10514
10535
10553
10556
10558
10559
10562
10564
10567
10604
10605
10630
10631
10633
10645
10651
10669
10689
10699
10703
10711
10711
10716
10754
10760
10763
10766
10776
10782
10787
10801
10804
10816
10816
10817
10820
10821
10823
10862
10862
10872
10873
10875
10877
10887
10887
10898
10902
10905
10916
10923
10932
10941
10942
10949
10959
10984
10991
10997
11014
11038
11042
11059
11059
11082
11084
11089
11099
11107
11134
11139
11147
11149
11153
11168
11214
11230
11233
11235
11252
11253
11259
11271
11274
11282
11288
11293
11299
11303
11303
11315
11322
11326
11331
11333
11336
11341
11343
11352
11364
11369
11372
11385
11387
11391
11395
11398
11403
11416
11433
11452
11454
11460
11462
11470
11472
11482
11502
11504
11506
11507
11518
11521
11529
11530
11545
11557
11563
11563
11563
11571
11576
11578
11588
11592
11595
11606
11616
11626
11637
11645
11647
11648
11650
11671
11680
11682
11698
11706
11723
11724
11726
11739
11741
11741
11746
11747
11747
11759
11760
11760
11787
11790
11814
11820
11828
11837
11837
11837
11839
11843
11851
11852
11864
11865
11867
11869
11885
11900
11903
11913
11916
11916
11917
11919
11923
11924
11926
11927
11927
11931
11943
11946
11956
11957
11959
11965
11969
11985
11988
11991
11995
11997
11997
12001
12005
12006
12008
12036
12037
12039
12044
12063
12071
12072
12074
12081
12099
12104
12107
12107
12111
12123
12124
12132
12143
12143
12155
12170
12170
12184
12191
12199
12215
12222
12224
12233
12238
12256
12271
12287
12294
12301
12303
12309
12310
12318
12319
12334
12344
12369
12370
12372
12374
12381
12393
12395
12409
12409
12411
12427
12428
12428
12431
12434
12455
12459
12485
12486
12506
12527
12527
12554
12556
12571
12571
12580
12580
12604
12604
12622
12631
12636
12637
12641
12645
12646
12649
12651
12663
12664
12667
12678
12681
12682
12690
12691
12703
12703
12714
12718
12729
12735
12742
12745
12753
12755
12759
12779
12807
12827
12835
12839
12840
12849
12856
12860
12865
12869
12877
12878
12880
12894
12904
12922
12924
12932
12935
12956
12973
12999
13012
13013
13048
13050
13052
13055
13071
13071
13077
13080
13102
13109
13112
13113
13127
13128
13133
13134
13135
13137
13142
13144
13150
13154
13156
13175
13179
13191
13196
13208
13210
13212
13222
13224
13240
13247
13251
13253
13256
13257
13260
13264
13295
13307
13320
13324
13353
13354
13354
13358
13374
13422
13428
13442
13445
13455
13467
13476
13478
13484
13500
13509
13527
13542
13547
13555
13576
13586
13603
13606
13609
13613
13613
13617
13627
13629
13652
13661
13662
13666
13671
13679
13682
13682
13686
13693
13701
13701
13703
13705
13723
13727
13733
13749
13772
13773
13778
13779
13788
13802
13808
13814
13827
13827
13829
13830
13830
13831
13845
13859
13870
13874
13878
13883
13884
13888
13889
13892
13912
13915
13917
13924
13933
13949
13960
13976
13976
14037
14048
14048
14068
14073
14090
14092
14095
14095
14100
14105
14110
14119
14137
14144
14153
14156
14159
14164
14167
14168
14172
14183
14209
14220
14221
14226
14228
14233
14250
14279
14285
14286
14300
14313
14319
14319
14320
14321
14325
14326
14331
14335
14345
14345
14349
14351
14353
14362
14370
14372
14372
14377
14385
14395
14399
14414
14440
14459
14459
14468
14478
14495
14510
14521
14522
14529
14540
14546
14548
14564
14609
14616
14617
14618
14624
14631
14638
14639
14640
14655
14657
14662
14679
14687
14706
14709
14711
14719
14720
14723
14727
14732
14732
14733
14742
14748
14764
14772
14781
14785
14789
14790
14790
14791
14797
14798
14801
14812
14842
14859
14874
14889
14917
14927
14960
14977
14984
14992
14992
14994
14994
15004
15004
15007
15008
15037
15054
15054
15060
15080
15084
15085
15099
15103
15104
15110
15114
15116
15119
15123
15154
15161
15176
15195
15198
15203
15209
15218
15222
15223
15225
15226
15232
15240
15247
15265
15275
15285
15303
15307
15313
15324
15337
15347
15377
15387
15396
15409
15409
15414
15424
15426
15429
15431
15435
15443
15456
15462
15478
15478
15498
15505
15513
15519
15522
15524
15535
15543
15544
15546
15546
15546
15565
15576
15578
15602
15603
15606
15619
15626
15636
15637
15640
15651
15652
15659
15670
15680
15693
15694
15702
15706
15708
15723
15732
15741
15742
15747
15795
15812
15827
15835
15851
15860
15862
15866
15868
15872
15885
15903
15914
15917
15937
15941
15947
15973
15995
arquivo ordenado pelo algoritmo mergesort tempo da ordenação = 0 milisegundos

