2
3
5
7
7
7
8
11
11
12
14
15
15
16
16
17
18
19
21
22
24
25
25
25
28
29
30
30
31
31
33
34
35
36
36
38
40
40
41
43
43
43
44
45
47
47
49
50
51
52
54
54
56
56
57
57
60
60
61
61
62
63
64
65
66
68
69
70
72
72
72
73
75
76
78
78
79
80
81
82
82
83
84
87
87
88
90
90
92
92
93
95
95
96
96
97
99
99
102
103
103
103
105
105
106
108
109
110
112
112
112
114
114
117
118
118
118
120
121
121
122
124
125
126
126
129
129
131
132
132
132
133
136
136
137
139
139
140
140
141
142
143
145
147
148
149
149
150
151
153
153
154
155
157
157
158
158
159
161
162
162
164
165
165
166
168
170
170
171
172
173
174
175
176
177
178
179
181
181
183
183
185
185
186
187
188
189
191
191
192
193
194
196
197
198
199
199
200
201
202
202
203
205
206
206
208
208
210
210
213
213
213
214
215
216
218
219
220
221
222
223
224
225
225
227
229
230
231
231
233
234
234
235
236
237
238
239
239
240
241
243
245
246
246
247
248
249
250
252
252
254
254
255
255
256
258
259
260
261
262
264
265
265
266
267
268
269
269
271
272
274
274
275
276
277
278
279
281
281
282
282
283
284
286
286
287
289
290
290
291
292
293
295
296
296
297
300
301
302
302
303
303
305
306
306
307
309
310
311
312
313
314
314
316
318
318
319
320
320
323
323
324
326
326
327
327
328
329
332
332
334
335
336
336
336
337
339
341
342
343
344
344
346
346
347
349
349
349
350
352
352
353
356
356
358
358
358
360
361
362
362
363
365
366
367
368
369
370
371
372
374
374
374
377
378
379
380
380
381
383
383
383
385
386
387
387
389
389
391
393
393
394
395
396
396
398
398
399
401
402
403
404
405
405
406
409
410
410
410
411
412
414
416
417
417
419
420
420
421
423
424
424
425
426
427
427
430
430
431
432
433
435
435
437
437
439
439
440
441
443
443
444
446
447
448
449
449
449
452
453
453
454
456
456
457
458
460
460
461
462
464
464
465
467
467
468
469
470
471
471
473
473
474
476
477
479
479
480
480
481
482
484
485
485
488
488
488
489
492
492
493
494
495
495
497
498
498
500
501
501
502
505
505
506
507
509
510
511
511
512
514
514
515
516
516
518
519
520
522
523
523
523
526
527
527
528
528
529
531
531
534
534
535
535
537
539
539
540
541
542
542
543
545
546
548
549
549
549
552
553
554
554
555
556
557
558
558
559
561
563
564
564
565
565
566
567
568
570
571
572
573
575
575
576
577
578
580
581
581
581
582
584
586
586
587
588
588
589
592
592
593
595
595
595
596
598
599
600
600
601
604
604
605
607
607
608
609
611
611
611
612
614
614
616
617
618
618
619
621
622
623
623
625
626
627
629
629
630
631
633
634
635
635
636
638
638
639
640
641
642
642
644
645
646
647
648
649
649
650
651
653
655
656
657
657
658
659
659
661
661
663
664
664
666
667
668
670
670
670
673
673
674
674
676
676
678
679
679
682
682
683
684
684
685
687
688
688
691
691
692
692
694
694
696
698
699
699
700
701
703
703
704
705
706
707
708
709
711
711
712
712
714
715
716
717
718
719
720
721
721
723
723
725
725
726
728
729
730
731
732
732
733
735
736
737
738
738
740
742
742
742
743
746
746
746
748
749
750
751
752
753
754
754
755
758
758
759
761
761
762
763
764
764
767
768
768
769
770
771
772
774
774
775
775
777
777
779
780
781
782
782
784
784
785
787
788
789
790
791
792
793
794
795
796
797
797
798
800
801
802
803
803
804
806
807
808
808
810
811
813
813
815
815
816
818
818
819
821
821
821
822
825
826
826
827
827
829
830
832
832
833
834
835
835
836
839
839
840
840
842
843
844
845
846
847
849
850
850
851
852
852
853
855
856
858
859
859
859
862
863
863
864
865
866
866
869
869
869
872
872
873
873
875
876
877
878
879
879
880
882
883
884
885
885
886
888
888
890
890
891
892
894
894
897
898
898
899
900
900
901
904
905
906
906
907
907
909
910
912
913
914
914
915
916
916
918
919
921
921
922
922
923
925
925
928
928
930
930
931
933
933
934
936
936
937
938
940
940
941
941
943
943
945
946
946
947
950
950
951
951
952
955
955
955
957
957
959
960
961
962
963
964
965
965
967
969
970
970
971
972
973
974
974
976
977
978
978
981
981
983
984
985
985
985
987
988
988
990
991
991
993
994
994
996
997
998
999
999
1001
1002
1002
1004
1006
1006
1007
1008
1010
1010
1010
1012
1014
1014
1014
1015
1018
1019
1020
1021
1021
1022
1023
1024
1024
1025
1027
1027
1028
1030
1030
1031
1033
1034
1036
1036
1037
1037
1038
1039
1042
1043
1044
1044
1045
1046
1047
1047
1050
1050
1051
1052
1052
1054
1056
1056
1057
1059
1060
1061
1061
1062
1063
1065
1066
1066
1067
1068
1069
1069
1070
1073
1073
1073
1074
1077
1078
1079
1080
1081
1081
1083
1083
1084
1085
1085
1086
1087
1088
1090
1091
1092
1092
1095
1095
1096
1096
1097
1098
1099
1102
1102
1103
1104
1105
1106
1106
1108
1108
1110
1110
1112
1113
1114
1115
1115
1117
1118
1119
1119
1120
1122
1122
1124
1125
1126
1127
1128
1128
1129
1131
1131
1132
1134
1135
1136
1137
1138
1139
1140
1142
1143
1143
1144
1146
1146
1147
1148
1150
1150
1151
1151
1154
1154
1155
1157
1158
1159
1159
1160
1162
1163
1163
1164
1166
1167
1168
1168
1169
1170
1170
1172
1172
1175
1175
1176
1177
1178
1178
1180
1181
1181
1182
1184
1185
1185
1188
1188
1189
1190
1190
1192
1193
1193
1194
1196
1197
1198
1199
1199
1201
1203
1203
1204
1205
1205
1208
1209
1209
1209
1211
1211
1214
1215
1216
1216
1217
1218
1218
1220
1221
1223
1223
1225
1226
1226
1227
1227
1228
1230
1230
1232
1234
1234
1236
1236
1237
1238
1238
1239
1240
1242
1243
1243
1245
1245
1246
1247
1249
1249
1250
1253
1253
1254
1255
1256
1257
1257
1259
1260
1262
1262
1263
1265
1265
1265
1266
1268
1268
1270
1271
1272
1273
1273
1275
1276
1276
1277
1280
1280
1281
1281
1283
1285
1285
1286
1287
1288
1289
1290
1291
1292
1292
1293
1296
1296
1297
1298
1299
1299
1300
1301
1302
1304
1305
1306
1307
1308
1309
1309
1310
1313
1314
1315
1315
1316
1316
1318
1320
1320
1322
1323
1323
1324
1324
1326
1328
1329
1329
1330
1331
1332
1333
1333
1335
1335
1336
1337
1339
1341
1341
1342
1343
1345
1346
1347
1348
1348
1349
1351
1352
1353
1353
1354
1354
1355
1357
1358
1360
1361
1361
1362
1363
1365
1366
1366
1367
1368
1369
1370
1371
1372
1372
1374
1375
1376
1376
1379
1379
1380
1381
1383
1383
1384
1385
1385
1386
1387
1389
1390
1391
1392
1394
1395
1396
1396
1397
1398
1399
1400
1401
1401
1403
1404
1405
1407
1407
1408
1410
1411
1411
1412
1413
1414
1415
1417
1417
1417
1420
1420
1421
1422
1423
1424
1426
1427
1427
1428
1429
1430
1430
1432
1432
1434
1434
1437
1438
1439
1440
1440
1440
1443
1444
1445
1445
1446
1448
1448
1448
1450
1450
1452
1453
1454
1456
1456
1457
1457
1459
1459
1462
1462
1464
1464
1466
1466
1467
1468
1469
1469
1471
1472
1474
1474
1475
1475
1478
1478
1479
1480
1481
1482
1484
1484
1485
1485
1488
1488
1488
1490
1491
1492
1493
1494
1496
1496
1498
1499
1500
1500
1501
1503
1503
1504
1505
1505
1507
1508
1509
1511
1512
1512
1513
1514
1514
1515
1517
1518
1518
1520
1521
1523
1523
1525
1525
1525
1528
1529
1529
1531
1531
1532
1534
1534
1536
1536
1537
1538
1538
1540
1542
1542
1542
1544
1545
1545
1547
1547
1550
1550
1551
1552
1554
1554
1554
1556
1557
1557
1558
1559
1561
1562
1562
1563
1564
1565
1568
1569
1569
1570
1570
1572
1574
1574
1575
1575
1577
1577
1578
1579
1581
1581
1582
1584
1586
1587
1587
1587
1588
1589
1592
1592
1592
1593
1595
1596
1597
1597
1599
1599
1601
1601
1603
1605
1605
1607
1607
1608
1610
1610
1611
1612
1613
1614
1615
1617
1618
1618
1619
1620
1621
1623
1623
1624
1624
1626
1626
1627
1629
1629
1632
1633
1634
1634
1635
1636
1636
1639
1639
1640
1641
1642
1642
1644
1645
1646
1646
1648
1649
1649
1650
1652
1652
1653
1654
1655
1658
1659
1659
1660
1661
1662
1664
1664
1664
1667
1667
1669
1669
1671
1671
1672
1672
1674
1675
1676
1677
1678
1679
1679
1680
1681
1682
1683
1684
1686
1686
1689
1689
1689
1690
1692
1692
1694
1695
1695
1696
1698
1699
1700
1702
1702
1703
1704
1704
1705
1707
1708
1709
1710
1710
1712
1714
1714
1716
1716
1717
1717
1720
1720
1721
1723
1723
1725
1725
1726
1727
1729
1729
1730
1730
1733
1733
1733
1735
1736
1736
1739
1740
1741
1741
1742
1743
1744
1746
1746
1746
1748
1750
1750
1751
1752
1753
1754
1755
1756
1757
1759
1759
1760
1760
1762
1763
1763
1766
1767
1767
1768
1769
1769
1770
1773
1773
1773
1774
1775
1777
1778
1779
1780
1780
1781
1782
1784
1785
1786
1786
1788
1789
1790
1790
1792
1793
1794
1794
1796
1796
1798
1798
1800
1802
1803
1803
1804
1805
1806
1808
1809
1809
1809
1811
1812
1812
1815
1815
1816
1817
1818
1819
1820
1820
1822
1824
1824
1824
1826
1827
1828
1830
1831
1831
1832
1834
1834
1835
1837
1838
1838
1838
1841
1842
1842
1842
1844
1845
1846
1848
1848
1849
1851
1852
1852
1852
1854
1855
1856
1857
1858
1860
1860
1860
1862
1863
1864
1865
1865
1867
1867
1869
1871
1871
1872
1873
1874
1876
1876
1876
1877
1880
1881
1881
1882
1883
1884
1885
1886
1887
1888
1888
1889
1892
1893
1894
1895
1895
1897
1897
1899
1899
1900
1902
1902
1903
1904
1904
1905
1907
1907
1909
1909
1912
1913
1913
1915
1916
1916
1917
1917
1918
1920
1921
1922
1923
1925
1925
1926
1928
1928
1929
1930
1931
1931
1933
1934
1936
1937
1937
1938
1939
1941
1941
1941
1943
1944
1945
1946
1947
1949
1949
1950
1951
1952
1952
1954
1955
1956
1956
1957
1959
1961
1961
1962
1963
1964
1966
1967
1967
1968
1969
1971
1971
1973
1973
1974
1975
1977
1977
1978
1979
1980
1980
1982
1983
1984
1986
1986
1987
1987
1990
1990
1992
1992
1993
1994
1996
1996
1996
1997
1998
2000
2001
2002
2004
2004
2006
2007
2008
2008
2008
2011
2011
2011
2012
2013
2015
2015
2018
2018
2018
2021
2021
2022
2023
2024
2025
2026
2028
2028
2029
2030
2032
2033
2033
2035
2035
2036
2037
2038
2038
2040
2040
2043
2044
2045
2045
2047
2048
2048
2049
2049
2050
2052
2054
2054
2054
2057
2057
2058
2059
2060
2061
2062
2063
2063
2064
2066
2067
2069
2070
2071
2071
2072
2072
2074
2074
2076
2077
2079
2079
2079
2081
2082
2083
2084
2085
2087
2087
2088
2089
2090
2091
2091
2094
2094
2095
2097
2097
2098
2098
2100
2101
2102
2102
2104
2104
2106
2107
2108
2109
2110
2112
2112
2112
2114
2114
2117
2118
2118
2119
2120
2121
2123
2123
2124
2124
2125
2128
2128
2128
2130
2131
2132
2134
2135
2135
2136
2136
2138
2138
2139
2140
2142
2143
2144
2145
2145
2146
2149
2149
2150
2150
2151
2154
2154
2156
2156
2158
2159
2159
2161
2161
2162
2163
2164
2165
2165
2166
2168
2169
2170
2171
2173
2174
2174
2175
2177
2178
2178
2178
2179
2182
2183
2183
2185
2185
2186
2186
2187
2188
2190
2191
2192
2193
2193
2194
2197
2198
2198
2199
2200
2201
2202
2202
2205
2205
2206
2206
2208
2210
2210
2211
2213
2213
2215
2216
2216
2217
2217
2219
2220
2221
2223
2224
2224
2225
2227
2227
2228
2230
2231
2232
2232
2234
2234
2235
2235
2238
2239
2239
2239
2242
2243
2244
2244
2245
2247
2247
2248
2249
2251
2251
2252
2253
2253
2256
2257
2258
2259
2259
2259
2261
2262
2264
2264
2265
2266
2266
2268
2269
2270
2271
2273
2273
2273
2274
2276
2278
2279
2280
2280
2281
2282
2284
2284
2284
2287
2287
2288
2289
2289
2292
2292
2293
2294
2294
2296
2296
2297
2299
2300
2301
2301
2303
2305
2305
2306
2308
2309
2309
2309
2310
2312
2312
2314
2314
2316
2317
2317
2319
2319
2320
2322
2322
2323
2325
2326
2327
2327
2329
2330
2332
2333
2334
2334
2335
2335
2337
2338
2339
2339
2340
2342
2342
2344
2344
2346
2347
2348
2348
2351
2351
2352
2353
2353
2356
2356
2357
2358
2359
2361
2362
2362
2363
2364
2364
2366
2366
2368
2369
2369
2371
2371
2372
2374
2376
2377
2377
2378
2379
2379
2381
2382
2383
2384
2385
2385
2386
2387
2390
2391
2391
2392
2393
2395
2395
2396
2397
2399
2399
2401
2402
2402
2403
2403
2405
2406
2408
2408
2409
2410
2412
2413
2413
2414
2416
2416
2416
2418
2419
2420
2422
2422
2423
2425
2425
2426
2427
2428
2429
2430
2432
2432
2432
2433
2435
2436
2438
2438
2439
2439
2440
2442
2444
2444
2444
2446
2447
2448
2449
2449
2452
2452
2453
2454
2455
2456
2456
2458
2459
2460
2461
2461
2462
2465
2465
2466
2467
2468
2468
2469
2470
2473
2473
2473
2475
2476
2478
2478
2479
2479
2480
2482
2482
2483
2485
2486
2486
2488
2489
2489
2492
2492
2493
2494
2494
2496
2497
2497
2499
2499
2502
2502
2503
2504
2504
2506
2506
2508
2509
2511
2512
2513
2514
2514
2514
2517
2517
2518
2519
2519
2520
2521
2522
2523
2526
2526
2527
2527
2528
2530
2530
2531
2532
2534
2534
2536
2537
2538
2540
2540
2541
2542
2544
2545
2545
2546
2547
2549
2549
2549
2551
2551
2552
2553
2556
2557
2557
2557
2558
2559
2561
2561
2563
2564
2565
2565
2567
2568
2568
2570
2570
2573
2574
2575
2575
2575
2578
2579
2579
2580
2581
2582
2582
2583
2586
2586
2587
2587
2590
2590
2591
2592
2593
2594
2596
2597
2598
2598
2599
2599
2601
2601
2603
2604
2604
2607
2607
2608
2610
2610
2611
2612
2613
2614
2615
2616
2618
2619
2619
2620
2620
2622
2623
2625
2626
2627
2627
2628
2629
2629
2631
2631
2632
2634
2635
2636
2637
2637
2638
2640
2640
2643
2644
2644
2646
2646
2647
2648
2649
2650
2650
2651
2654
2654
2655
2655
2656
2658
2659
2660
2662
2663
2664
2664
2665
2666
2666
2669
2669
2670
2671
2673
2673
2674
2674
2675
2677
2678
2680
2681
2681
2682
2684
2684
2684
2687
2687
2687
2689
2690
2690
2693
2693
2694
2694
2695
2697
2697
2699
2700
2701
2702
2704
2704
2705
2705
2707
2708
2709
2710
2711
2712
2713
2713
2714
2715
2718
2718
2719
2720
2721
2723
2724
2725
2726
2727
2727
2728
2728
2730
2731
2731
2734
2735
2735
2736
2737
2738
2738
2741
2741
2742
2743
2744
2744
2745
2747
2748
2750
2750
2751
2752
2752
2755
2755
2755
2758
2759
2759
2761
2761
2762
2762
2764
2765
2765
2766
2768
2770
2770
2770
2772
2773
2775
2776
2776
2777
2779
2780
2781
2781
2782
2783
2784
2784
2787
2787
2789
2789
2790
2791
2792
2793
2793
2795
2796
2796
2797
2799
2800
2800
2803
2803
2804
2805
2805
2808
2808
2808
2811
2811
2813
2813
2814
2816
2816
2817
2817
2818
2820
2821
2821
2822
2824
2824
2825
2826
2828
2828
2829
2832
2832
2833
2834
2835
2837
2837
2838
2839
2840
2840
2843
2844
2845
2846
2847
2848
2848
2849
2850
2851
2852
2852
2853
2854
2856
2858
2859
2860
2860
2861
2862
2862
2864
2865
2866
2866
2868
2870
2870
2871
2871
2874
2874
2875
2877
2878
2879
2879
2879
2882
2882
2883
2884
2884
2885
2887
2888
2888
2890
2891
2893
2893
2894
2895
2895
2897
2899
2900
2900
2900
2902
2902
2903
2904
2905
2906
2907
2909
2910
2910
2912
2914
2915
2915
2916
2916
2917
2919
2919
2922
2922
2923
2924
2924
2926
2928
2929
2929
2930
2931
2931
2934
2935
2935
2935
2936
2938
2939
2939
2941
2941
2943
2945
2946
2946
2946
2947
2949
2951
2951
2952
2953
2954
2955
2955
2958
2958
2959
2960
2961
2962
2962
2964
2965
2967
2967
2968
2969
2971
2971
2973
2973
2973
2974
2976
2976
2977
2979
2980
2981
2982
2983
2984
2986
2986
2987
2987
2988
2990
2991
2991
2992
2994
2995
2995
2998
2998
2999
2999
3001
3001
3003
3004
3005
3005
3006
3007
3008
3010
3011
3013
3013
3015
3016
3016
3017
3018
3020
3020
3022
3023
3024
3025
3026
3027
3028
3028
3029
3029
3032
3033
3033
3034
3036
3037
3037
3038
3039
3039
3042
3042
3042
3045
3046
3047
3048
3049
3049
3050
3052
3052
3053
3055
3056
3056
3058
3058
3059
3060
3061
3062
3063
3065
3065
3066
3066
3068
3068
3069
3070
3073
3073
3073
3075
3076
3076
3078
3080
3080
3081
3082
3084
3084
3084
3086
3087
3088
3090
3090
3091
3091
3092
3094
3096
3096
3096
3097
3099
3099
3101
3103
3103
3104
3104
3105
3106
3107
3109
3109
3110
3112
3113
3113
3116
3117
3117
3117
3120
3121
3121
3123
3123
3124
3125
3126
3128
3129
3130
3130
3131
3131
3134
3134
3136
3137
3137
3137
3138
3139
3142
3143
3144
3144
3145
3146
3146
3148
3150
3150
3151
3152
3152
3155
3155
3155
3158
3159
3159
3160
3162
3162
3163
3165
3166
3166
3168
3168
3169
3171
3171
3171
3172
3173
3174
3177
3177
3178
3178
3181
3181
3182
3182
3184
3184
3186
3187
3188
3190
3190
3191
3191
3193
3195
3196
3196
3198
3199
3199
3200
3201
3201
3203
3204
3205
3207
3208
3209
3209
3211
3211
3213
3214
3214
3215
3216
3217
3218
3220
3220
3221
3221
3222
3223
3226
3227
3228
3228
3228
3230
3230
3232
3234
3234
3235
3235
3236
3238
3238
3240
3241
3242
3242
3245
3246
3246
3248
3248
3249
3251
3251
3252
3252
3253
3254
3255
3258
3258
3260
3260
3260
3262
3264
3264
3266
3266
3267
3268
3269
3271
3271
3272
3273
3275
3276
3277
3278
3279
3279
3281
3281
3282
3282
3284
3284
3287
3287
3287
3290
3290
3291
3293
3293
3294
3296
3297
3298
3298
3298
3301
3302
3303
3303
3304
3305
3307
3307
3307
3308
3310
3311
3313
3313
3313
3314
3317
3318
3319
3320
3321
3321
3321
3324
3325
3325
3326
3327
3329
3330
3330
3331
3332
3333
3334
3336
3336
3337
3338
3339
3340
3341
3342
3343
3344
3345
3346
3346
3348
3349
3350
3350
3353
3353
3354
3354
3355
3358
3358
3359
3359
3361
3362
3364
3364
3365
3366
3367
3367
3368
3371
3372
3372
3373
3373
3375
3375
3377
3379
3379
3380
3381
3382
3383
3384
3385
3386
3388
3388
3389
3390
3391
3392
3393
3394
3395
3396
3397
3398
3398
3400
3402
3402
3403
3405
3405
3406
3406
3407
3409
3411
3412
3412
3413
3415
3415
3416
3418
3418
3420
3420
3421
3422
3422
3424
3425
3426
3426
3428
3429
3429
3430
3432
3433
3434
3434
3436
3437
3438
3438
3440
3440
3441
3444
3444
3445
3445
3448
3448
3449
3449
3451
3452
3453
3454
3454
3456
3457
3459
3459
3460
3460
3461
3463
3465
3466
3467
3467
3468
3469
3470
3471
3472
3474
3474
3475
3475
3478
3478
3478
3480
3481
3481
3482
3485
3485
3485
3486
3487
3489
3490
3491
3492
3492
3494
3495
3496
3498
3499
3499
3499
3500
3502
3503
3505
3506
3506
3507
3507
3510
3511
3511
3511
3514
3514
3516
3516
3516
3517
3520
3521
3522
3522
3522
3525
3525
3527
3528
3528
3529
3531
3531
3532
3534
3534
3535
3536
3537
3538
3540
3540
3542
3542
3543
3544
3544
3546
3547
3548
3549
3549
3551
3552
3554
3554
3556
3556
3557
3559
3559
3560
3562
3562
3562
3563
3564
3566
3568
3569
3569
3570
3570
3571
3573
3574
3574
3576
3577
3578
3579
3580
3581
3583
3583
3584
3585
3585
3587
3588
3589
3590
3592
3593
3593
3595
3595
3595
3598
3599
3600
3600
3601
3602
3602
3605
3605
3606
3607
3609
3609
3611
3611
3612
3613
3614
3614
3615
3616
3618
3619
3621
3621
3621
3622
3623
3626
3626
3627
3628
3628
3629
3631
3632
3633
3634
3635
3635
3638
3638
3640
3640
3641
3641
3642
3644
3645
3647
3648
3648
3649
3649
3652
3652
3652
3654
3655
3656
3657
3658
3659
3660
3662
3662
3662
3663
3666
3666
3667
3669
3669
3669
3671
3672
3673
3673
3676
3676
3678
3678
3680
3681
3681
3682
3683
3685
3686
3687
3687
3688
3688
3690
3691
3692
3694
3694
3696
3696
3697
3698
3699
3701
3702
3702
3703
3703
3705
3705
3707
3708
3710
3711
3711
3711
3712
3714
3714
3715
3716
3717
3718
3721
3722
3723
3723
3724
3724
3727
3727
3728
3728
3730
3731
3732
3733
3734
3735
3736
3736
3738
3738
3740
3742
3742
3742
3743
3745
3745
3748
3748
3748
3750
3750
3753
3753
3753
3755
3755
3758
3758
3759
3760
3762
3763
3763
3764
3765
3766
3767
3769
3770
3770
3771
3772
3773
3774
3775
3775
3778
3778
3779
3780
3781
3782
3783
3784
3785
3787
3787
3788
3788
3790
3791
3793
3794
3795
3795
3796
3797
3798
3799
3799
3800
3802
3803
3804
3805
3806
3808
3808
3809
3811
3811
3811
3813
3814
3815
3816
3818
3818
3819
3820
3821
3822
3824
3824
3826
3827
3827
3827
3828
3830
3831
3831
3833
3835
3835
3836
3837
3838
3839
3840
3841
3841
3843
3843
3845
3846
3847
3848
3850
3850
3850
3852
3853
3854
3854
3857
3857
3858
3859
3859
3862
3862
3863
3863
3866
3867
3867
3868
3870
3870
3872
3872
3873
3873
3874
3876
3876
3879
3879
3880
3881
3882
3883
3883
3885
3886
3886
3887
3890
3890
3892
3893
3894
3894
3896
3896
3898
3899
3899
3900
3900
3902
3904
3904
3904
3906
3907
3908
3909
3910
3911
3911
3913
3914
3915
3916
3917
3919
3919
3921
3921
3921
3922
3924
3926
3927
3928
3929
3929
3931
3932
3932
3933
3933
3936
3936
3937
3937
3938
3941
3941
3942
3943
3944
3945
3945
3948
3948
3949
3951
3952
3952
3953
3954
3955
3956
3956
3959
3960
3960
3961
3963
3963
3964
3966
3966
3967
3968
3970
3970
3970
3972
3973
3973
3975
3977
3977
3978
3979
3979
3981
3981
3983
3984
3985
3986
3988
3989
3990
3990
3991
3992
3993
3994
3995
3996
3997
3997
3998
4001
4001
4002
4003
4003
4006
4007
4008
4008
4008
4011
4012
4013
4014
4015
4015
4015
4018
4019
4019
4021
4021
4022
4024
4024
4024
4026
4026
4029
4030
4030
4031
4032
4033
4035
4035
4035
4037
4037
4039
4039
4042
4042
4043
4044
4044
4046
4047
4049
4050
4050
4051
4052
4053
4054
4055
4055
4057
4058
4060
4061
4061
4062
4063
4064
4064
4066
4067
4068
4068
4071
4072
4073
4074
4074
4074
4077
4078
4079
4080
4080
4082
4083
4084
4084
4085
4087
4087
4088
4089
4089
4091
4092
4093
4093
4094
4096
4097
4097
4099
4100
4101
4101
4104
4104
4106
4106
4106
4107
4108
4109
4111
4111
4113
4114
4115
4116
4118
4119
4119
4120
4122
4122
4122
4124
4125
4126
4126
4128
4128
4130
4131
4133
4133
4134
4134
4136
4137
4138
4139
4141
4142
4142
4142
4144
4145
4147
4147
4147
4148
4150
4152
4152
4153
4153
4155
4156
4157
4158
4158
4160
4160
4162
4163
4163
4164
4167
4167
4168
4169
4171
4171
4172
4173
4174
4175
4177
4178
4179
4179
4180
4181
4182
4184
4184
4185
4185
4186
4188
4190
4190
4192
4192
4193
4193
4194
4195
4197
4197
4198
4200
4202
4202
4203
4204
4204
4205
4206
4207
4209
4210
4211
4212
4212
4214
4215
4217
4217
4218
4219
4220
4221
4222
4224
4225
4225
4225
4228
4229
4229
4230
4232
4233
4233
4233
4234
4237
4238
4238
4238
4240
4240
4241
4243
4244
4244
4245
4246
4248
4249
4251
4251
4252
4254
4254
4256
4257
4257
4258
4259
4260
4260
4263
4263
4264
4265
4266
4267
4267
4268
4269
4270
4272
4272
4273
4275
4275
4277
4278
4280
4281
4282
4283
4283
4283
4286
4287
4287
4287
4289
4290
4290
4292
4293
4293
4295
4296
4296
4297
4298
4300
4301
4302
4303
4304
4304
4305
4306
4307
4308
4309
4311
4313
4314
4314
4314
4316
4318
4318
4318
4319
4322
4323
4323
4324
4326
4327
4327
4328
4330
4330
4332
4332
4332
4335
4335
4335
4338
4339
4339
4340
4341
4343
4343
4343
4345
4346
4347
4348
4349
4351
4352
4353
4353
4354
4354
4357
4357
4358
4359
4359
4361
4362
4363
4364
4366
4366
4367
4368
4369
4371
4371
4371
4372
4374
4376
4377
4377
4377
4379
4380
4380
4383
4383
4383
4384
4385
4388
4388
4390
4390
4390
4392
4393
4394
4395
4397
4397
4397
4399
4400
4401
4403
4403
4404
4404
4405
4408
4408
4409
4411
4412
4412
4413
4414
4416
4416
4418
4418
4418
4419
4420
4421
4423
4424
4425
4425
4428
4428
4428
4429
4431
4431
4432
4433
4434
4436
4436
4437
4440
4441
4441
4441
4444
4444
4446
4446
4447
4448
4448
4451
4451
4451
4452
4454
4456
4457
4457
4459
4459
4460
4461
4462
4463
4464
4465
4467
4467
4468
4470
4470
4472
4473
4473
4473
4475
4476
4476
4479
4479
4480
4481
4482
4483
4483
4486
4487
4487
4488
4489
4489
4492
4493
4494
4494
4495
4496
4497
4499
4500
4501
4502
4502
4503
4504
4504
4507
4508
4509
4509
4511
4511
4512
4512
4513
4515
4516
4517
4518
4519
4519
4522
4523
4523
4524
4525
4527
4527
4528
4529
4530
4531
4532
4532
4533
4535
4536
4537
4539
4539
4540
4542
4543
4543
4545
4546
4547
4547
4547
4549
4551
4551
4552
4553
4553
4555
4557
4558
4558
4559
4560
4562
4562
4564
4565
4565
4566
4567
4568
4570
4570
4571
4571
4572
4574
4576
4576
4577
4579
4580
4580
4581
4582
4582
4584
4585
4586
4588
4588
4589
4589
4590
4592
4594
4594
4594
4595
4596
4598
4599
4600
4601
4602
4602
4604
4605
4605
4608
4608
4609
4610
4611
4612
4612
4613
4615
4616
4617
4617
4620
4621
4621
4622
4623
4625
4626
4626
4627
4628
4629
4630
4631
4632
4633
4633
4636
4636
4637
4638
4638
4641
4642
4642
4644
4645
4645
4645
4647
4648
4649
4650
4651
4652
4652
4654
4655
4656
4656
4657
4658
4660
4661
4661
4664
4664
4665
4666
4667
4667
4669
4670
4672
4672
4673
4675
4675
4676
4676
4678
4678
4679
4680
4683
4683
4684
4685
4686
4687
4688
4689
4690
4691
4691
4693
4694
4696
4696
4697
4697
4699
4700
4701
4703
4703
4703
4705
4707
4707
4707
4709
4710
4711
4711
4713
4713
4715
4716
4717
4718
4720
4720
4720
4722
4723
4723
4726
4726
4728
4729
4729
4730
4731
4732
4733
4734
4736
4736
4737
4737
4738
4741
4742
4742
4744
4744
4746
4747
4748
4748
4749
4750
4751
4751
4754
4754
4756
4757
4757
4758
4759
4761
4761
4761
4762
4764
4765
4766
4766
4767
4768
4770
4771
4771
4773
4775
4775
4777
4777
4778
4779
4779
4780
4782
4783
4783
4785
4786
4787
4787
4789
4790
4790
4793
4793
4795
4795
4797
4797
4797
4798
4800
4801
4803
4803
4804
4805
4805
4806
4807
4808
4811
4812
4812
4813
4813
4815
4815
4817
4818
4819
4820
4821
4822
4822
4824
4825
4827
4827
4828
4829
4830
4830
4833
4833
4834
4834
4837
4837
4838
4838
4840
4841
4842
4842
4845
4845
4846
4847
4848
4849
4849
4852
4852
4852
4853
4855
4856
4857
4857
4859
4859
4861
4862
4863
4864
4865
4866
4867
4867
4870
4870
4871
4872
4872
4874
4875
4876
4876
4878
4880
4881
4882
4882
4882
4884
4884
4886
4887
4889
4890
4891
4891
4893
4894
4895
4896
4896
4897
4899
4900
4900
4901
4902
4902
4904
4905
4907
4908
4909
4909
4909
4911
4913
4913
4913
4914
4916
4917
4918
4919
4920
4922
4922
4923
4924
4924
4925
4927
4927
4928
4930
4930
4933
4933
4934
4936
4936
4937
4938
4939
4939
4941
4942
4944
4944
4945
4946
4947
4948
4948
4951
4951
4953
4953
4955
4956
4957
4958
4959
4959
4960
4961
4962
4963
4963
4965
4965
4966
4969
4969
4970
4971
4972
4972
4974
4975
4976
4977
4977
4980
4980
4981
4982
4983
4984
4984
4986
4986
4988
4988
4991
4992
4992
4992
4994
4995
4997
4997
4998
4999
4999
5002
5002
5003
5004
5004
5005
5008
5009
5009
5010
5011
5011
5013
5013
5015
5016
5016
5017
5020
5021
5022
5022
5023
5023
5024
5026
5027
5028
5029
5030
5031
5032
5033
5035
5035
5036
5037
5038
5038
5039
5041
5042
5042
5043
5046
5047
5047
5049
5049
5051
5051
5051
5054
5054
5055
5056
5057
5058
5059
5060
5062
5062
5063
5063
5065
5065
5066
5069
5070
5070
5070
5072
5072
5074
5075
5075
5078
5078
5078
5080
5080
5081
5082
5083
5084
5085
5086
5087
5089
5089
5090
5092
5092
5095
5096
5096
5097
5098
5100
5100
5100
5102
5103
5103
5104
5107
5108
5108
5109
5110
5111
5112
5112
5114
5115
5116
5117
5118
5118
5121
5122
5122
5123
5124
5124
5126
5127
5128
5129
5129
5132
5132
5133
5135
5135
5136
5137
5138
5138
5141
5142
5142
5143
5143
5145
5146
5146
5148
5149
5151
5151
5151
5154
5154
5155
5156
5156
5157
5158
5160
5162
5162
5163
5164
5165
5166
5167
5167
5170
5170
5172
5172
5173
5174
5175
5176
5176
5179
5179
5180
5182
5183
5183
5184
5185
5186
5187
5188
5188
5189
5190
5192
5192
5193
5196
5197
5197
5198
5199
5200
5202
5202
5203
5205
5206
5207
5208
5209
5209
5210
5212
5212
5213
5215
5215
5217
5218
5218
5219
5219
5222
5223
5223
5224
5225
5225
5227
5227
5230
5230
5232
5233
5234
5234
5235
5236
5237
5238
5239
5241
5241
5242
5242
5243
5246
5247
5247
5247
5250
5250
5251
5252
5253
5254
5254
5255
5258
5258
5259
5261
5261
5262
5262
5263
5265
5267
5268
5269
5269
5271
5272
5273
5274
5274
5275
5277
5277
5278
5280
5281
5282
5283
5283
5283
5285
5285
5287
5288
5290
5290
5292
5292
5292
5293
5295
5295
5297
5298
5299
5300
5301
5302
5302
5303
5305
5306
5308
5309
5310
5310
5311
5313
5313
5315
5315
5316
5317
5318
5319
5320
5321
5322
5322
5324
5326
5326
5326
5328
5330
5330
5331
5333
5334
5334
5334
5335
5338
5339
5339
5340
5340
5341
5343
5344
5345
5345
5346
5348
5349
5350
5352
5353
5354
5354
5355
5357
5357
5358
5358
5359
5362
5362
5363
5364
5366
5366
5367
5369
5369
5370
5370
5372
5373
5373
5375
5377
5378
5379
5380
5380
5381
5381
5383
5384
5385
5387
5388
5388
5389
5390
5391
5392
5392
5394
5395
5397
5397
5398
5398
5400
5401
5401
5402
5404
5405
5406
5406
5408
5408
5410
5412
5412
5412
5414
5414
5416
5417
5417
5419
5421
5422
5422
5423
5423
5426
5426
5427
5427
5429
5430
5431
5432
5433
5435
5435
5436
5436
5438
5440
5440
5440
5441
5443
5444
5445
5446
5447
5447
5449
5449
5450
5452
5452
5455
5455
5456
5457
5458
5459
5460
5461
5462
5463
5464
5465
5466
5467
5468
5468
5470
5470
5473
5473
5474
5475
5476
5477
5478
5480
5480
5482
5482
5482
5484
5484
5485
5487
5488
5489
5491
5491
5492
5494
5495
5495
5496
5497
5498
5499
5499
5502
5502
5503
5503
5504
5506
5506
5508
5509
5510
5511
5512
5512
5513
5515
5516
5517
5517
5519
5520
5522
5522
5523
5524
5525
5526
5528
5528
5530
5531
5531
5532
5532
5533
5536
5536
5537
5537
5538
5539
5540
5541
5542
5543
5545
5545
5547
5548
5550
5551
5552
5552
5553
5554
5555
5556
5557
5557
5559
5560
5561
5562
5564
5564
5564
5566
5566
5568
5570
5570
5570
5573
5574
5575
5575
5575
5578
5578
5579
5580
5580
5583
5583
5584
5586
5586
5587
5587
5589
5590
5590
5592
5593
5594
5595
5597
5598
5598
5598
5601
5602
5602
5602
5603
5605
5606
5608
5608
5610
5610
5612
5612
5612
5615
5616
5616
5618
5618
5619
5620
5621
5623
5623
5623
5624
5626
5627
5627
5628
5631
5631
5633
5633
5634
5635
5635
5638
5638
5638
5639
5640
5643
5643
5644
5645
5647
5647
5649
5650
5650
5651
5653
5654
5654
5656
5656
5657
5658
5659
5660
5660
5662
5664
5664
5665
5666
5668
5668
5668
5669
5670
5672
5673
5675
5675
5675
5677
5678
5679
5679
5682
5682
5684
5685
5685
5686
5687
5688
5689
5690
5692
5693
5693
5693
5695
5696
5698
5698
5698
5701
5701
5702
5702
5703
5706
5707
5708
5708
5709
5709
5711
5712
5714
5714
5715
5717
5718
5718
5719
5720
5721
5722
5722
5724
5725
5726
5726
5729
5730
5730
5732
5732
5732
5735
5735
5735
5736
5738
5738
5739
5740
5743
5743
5744
5745
5747
5747
5748
5749
5749
5751
5751
5753
5754
5755
5756
5758
5758
5758
5760
5760
5763
5764
5765
5766
5766
5767
5767
5768
5770
5770
5772
5773
5775
5775
5776
5777
5779
5779
5780
5780
5782
5783
5784
5785
5785
5787
5788
5789
5789
5792
5792
5794
5794
5795
5796
5797
5798
5798
5800
5801
5801
5802
5803
5805
5805
5807
5807
5810
5810
5811
5812
5812
5813
5814
5817
5817
5817
5820
5820
5821
5821
5823
5823
5825
5826
5827
5828
5829
5831
5831
5832
5834
5835
5835
5836
5837
5838
5838
5839
5841
5842
5843
5844
5845
5847
5848
5849
5850
5850
5851
5853
5853
5854
5855
5855
5856
5858
5859
5860
5860
5861
5862
5864
5865
5865
5867
5868
5870
5870
5872
5872
5873
5875
5875
5876
5876
5877
5879
5879
5880
5882
5882
5883
5884
5887
5887
5889
5889
5889
5890
5893
5894
5894
5895
5895
5896
5898
5898
5900
5900
5903
5903
5905
5905
5906
5906
5907
5908
5910
5911
5912
5913
5913
5914
5915
5916
5917
5919
5920
5921
5922
5922
5924
5926
5927
5928
5928
5928
5929
5930
5932
5934
5934
5935
5936
5936
5937
5939
5940
5941
5942
5943
5943
5945
5947
5947
5948
5948
5951
5951
5951
5954
5954
5955
5955
5958
5958
5959
5960
5961
5962
5963
5964
5965
5965
5966
5967
5968
5971
5972
5972
5973
5974
5975
5976
5978
5978
5978
5979
5980
5981
5983
5984
5985
5986
5988
5988
5989
5991
5991
5991
5994
5994
5995
5995
5996
5998
6000
6000
6000
6002
6004
6004
6005
6006
6008
6008
6008
6009
6012
6012
6013
6013
6015
6017
6018
6019
6019
6020
6021
6022
6022
6023
6025
6025
6027
6028
6029
6030
6030
6032
6033
6035
6035
6035
6038
6038
6039
6040
6041
6042
6042
6044
6045
6046
6047
6048
6048
6051
6052
6052
6053
6055
6056
6057
6057
6058
6058
6060
6061
6062
6062
6063
6064
6067
6067
6068
6069
6070
6072
6072
6074
6074
6076
6076
6077
6078
6080
6080
6082
6083
6083
6084
6085
6086
6087
6087
6088
6090
6090
6092
6093
6094
6095
6095
6097
6099
6099
6100
6101
6102
6102
6104
6105
6106
6107
6107
6109
6109
6111
6112
6112
6115
6115
6115
6116
6119
6120
6120
6121
6123
6123
6125
6125
6127
6127
6128
6129
6130
6131
6131
6133
6135
6135
6136
6137
6138
6139
6140
6141
6143
6143
6143
6146
6146
6146
6147
6149
6150
6150
6152
6152
6154
6155
6156
6158
6158
6159
6160
6160
6162
6163
6163
6165
6165
6166
6167
6169
6170
6172
6172
6172
6173
6175
6176
6177
6178
6179
6180
6181
6181
6183
6184
6184
6185
6187
6187
6189
6190
6191
6191
6193
6193
6195
6196
6196
6198
6199
6199
6200
6202
6203
6205
6206
6206
6207
6209
6210
6210
6212
6212
6213
6213
6214
6217
6217
6218
6219
6220
6221
6223
6223
6225
6226
6226
6228
6229
6229
6229
6231
6232
6233
6235
6235
6235
6237
6239
6240
6240
6241
6242
6244
6244
6245
6246
6247
6248
6250
6250
6251
6252
6254
6255
6256
6256
6257
6259
6259
6260
6261
6263
6264
6264
6264
6266
6267
6269
6269
6269
6270
6272
6273
6273
6275
6275
6277
6278
6279
6280
6282
6282
6283
6284
6286
6286
6287
6288
6289
6289
6290
6293
6293
6293
6294
6296
6297
6298
6299
6300
6300
6303
6304
6305
6305
6306
6306
6309
6309
6310
6310
6312
6313
6314
6315
6316
6317
6318
6319
6320
6322
6323
6324
6325
6326
6327
6328
6328
6330
6331
6331
6332
6332
6334
6336
6336
6337
6338
6339
6340
6341
6343
6343
6343
6345
6347
6348
6348
6350
6351
6351
6353
6354
6355
6356
6356
6357
6358
6360
6360
6361
6363
6363
6365
6365
6366
6368
6369
6370
6370
6372
6372
6373
6374
6374
6375
6377
6378
6380
6380
6381
6382
6384
6385
6386
6386
6387
6388
6390
6390
6390
6392
6392
6395
6396
6397
6397
6399
6400
6400
6400
6402
6402
6404
6405
6405
6406
6409
6409
6410
6410
6411
6413
6413
6416
6416
6418
6418
6418
6420
6421
6421
6423
6424
6425
6426
6428
6429
6430
6430
6430
6432
6434
6435
6435
6436
6437
6438
6440
6440
6442
6442
6443
6444
6445
6445
6447
6448
6448
6450
6451
6451
6453
6453
6454
6457
6457
6458
6459
6461
6462
6462
6462
6463
6465
6467
6468
6468
6470
6470
6471
6472
6473
6473
6474
6477
6478
6479
6479
6479
6480
6483
6483
6484
6484
6486
6487
6489
6489
6491
6491
6492
6494
6494
6495
6496
6498
6498
6499
6501
6502
6503
6503
6504
6504
6506
6508
6508
6508
6510
6511
6513
6513
6514
6515
6516
6517
6517
6519
6520
6520
6521
6522
6524
6525
6526
6526
6527
6530
6530
6530
6531
6533
6534
6534
6536
6538
6538
6538
6540
6542
6542
6544
6544
6544
6547
6548
6548
6550
6550
6551
6552
6553
6554
6556
6557
6558
6558
6558
6559
6561
6562
6564
6565
6566
6567
6567
6568
6569
6569
6571
6572
6573
6575
6575
6576
6577
6577
6578
6579
6581
6583
6584
6584
6585
6585
6587
6588
6589
6589
6590
6593
6594
6594
6595
6595
6597
6597
6600
6601
6602
6602
6604
6604
6605
6606
6607
6608
6609
6610
6611
6613
6614
6614
6614
6617
6617
6618
6620
6620
6620
6623
6623
6624
6625
6626
6626
6628
6629
6629
6631
6632
6634
6634
6635
6636
6636
6637
6640
6641
6641
6641
6643
6644
6646
6646
6648
6648
6649
6649
6650
6651
6653
6654
6655
6657
6658
6658
6659
6661
6661
6661
6663
6664
6664
6666
6667
6668
6670
6670
6672
6672
6672
6674
6674
6677
6677
6677
6678
6680
6681
6681
6683
6684
6685
6686
6688
6688
6689
6689
6691
6693
6693
6694
6694
6697
6698
6698
6699
6700
6700
6702
6702
6703
6706
6706
6708
6708
6709
6710
6712
6713
6714
6714
6715
6716
6717
6718
6718
6720
6720
6722
6723
6724
6725
6726
6726
6727
6729
6729
6730
6731
6733
6734
6734
6735
6737
6738
6739
6739
6740
6741
6743
6744
6745
6745
6748
6749
6749
6750
6752
6752
6753
6754
6754
6755
6757
6758
6760
6760
6761
6762
6763
6763
6766
6767
6767
6767
6768
6770
6771
6772
6773
6773
6775
6776
6777
6778
6780
6780
6781
6783
6783
6784
6784
6786
6787
6788
6789
6790
6791
6793
6794
6795
6795
6796
6797
6798
6800
6800
6801
6803
6804
6804
6805
6806
6807
6807
6809
6809
6811
6812
6813
6814
6814
6816
6818
6819
6820
6820
6821
6822
6823
6824
6825
6826
6827
6829
6829
6831
6831
6832
6833
6834
6835
6836
6838
6838
6838
6839
6841
6842
6842
6844
6844
6845
6847
6848
6849
6850
6852
6852
6852
6854
6855
6855
6858
6858
6858
6860
6861
6861
6863
6864
6865
6865
6868
6868
6869
6870
6872
6873
6874
6875
6875
6876
6877
6878
6879
6881
6881
6882
6883
6884
6885
6886
6888
6888
6889
6889
6890
6892
6893
6893
6895
6895
6896
6899
6899
6899
6900
6903
6904
6904
6905
6906
6907
6909
6909
6910
6910
6912
6914
6914
6915
6916
6916
6919
6920
6920
6921
6922
6923
6923
6925
6926
6926
6927
6929
6930
6932
6932
6934
6934
6934
6935
6937
6939
6939
6940
6941
6942
6943
6944
6945
6945
6947
6948
6949
6951
6952
6952
6953
6955
6956
6957
6957
6958
6959
6959
6961
6962
6962
6964
6965
6966
6966
6968
6969
6970
6971
6971
6974
6974
6974
6977
6977
6978
6979
6980
6980
6983
6983
6984
6985
6987
6987
6987
6988
6990
6991
6993
6993
6995
6995
6996
6996
6997
7000
7001
7001
7003
7003
7004
7005
7006
7008
7009
7009
7011
7012
7012
7012
7014
7015
7016
7018
7018
7018
7020
7021
7021
7024
7025
7025
7026
7027
7028
7029
7029
7031
7032
7032
7034
7036
7037
7038
7039
7039
7041
7042
7042
7042
7045
7046
7046
7048
7049
7049
7051
7052
7052
7053
7053
7055
7055
7056
7057
7059
7059
7062
7062
7063
7063
7065
7067
7067
7068
7068
7069
7071
7073
7073
7075
7076
7076
7077
7077
7080
7080
7081
7083
7084
7084
7085
7085
7086
7088
7089
7090
7091
7093
7093
7093
7094
7095
7098
7098
7099
7100
7101
7102
7104
7105
7106
7107
7107
7108
7109
7109
7110
7112
7113
7114
7116
7117
7118
7118
7120
7120
7120
7123
7123
7124
7124
7126
7127
7128
7129
7130
7130
7133
7133
7133
7136
7137
7138
7138
7140
7141
7142
7142
7143
7144
7145
7146
7147
7148
7149
7149
7150
7152
7153
7155
7156
7156
7157
7157
7159
7161
7161
7162
7164
7165
7165
7165
7167
7168
7169
7169
7172
7172
7174
7174
7174
7176
7178
7179
7180
7181
7181
7181
7184
7184
7185
7186
7186
7188
7189
7190
7190
7192
7192
7195
7195
7196
7196
7198
7199
7199
7200
7202
7203
7203
7204
7205
7207
7208
7209
7210
7212
7213
7213
7214
7215
7216
7218
7218
7219
7221
7221
7221
7223
7224
7224
7227
7227
7228
7228
7230
7231
7233
7233
7234
7235
7235
7238
7239
7239
7240
7241
7243
7243
7244
7244
7247
7248
7248
7249
7250
7250
7251
7254
7254
7254
7255
7257
7257
7260
7260
7261
7261
7262
7264
7266
7267
7267
7269
7269
7270
7271
7271
7273
7274
7275
7275
7277
7278
7280
7281
7281
7281
7282
7284
7284
7286
7287
7287
7289
7289
7290
7292
7293
7293
7294
7295
7298
7298
7300
7300
7301
7302
7304
7304
7305
7306
7307
7309
7310
7311
7312
7312
7313
7314
7315
7316
7317
7319
7320
7321
7322
7323
7324
7324
7325
7326
7327
7328
7328
7330
7331
7333
7334
7334
7335
7336
7337
7338
7339
7340
7341
7342
7343
7345
7346
7346
7347
7348
7350
7351
7351
7352
7353
7354
7354
7357
7357
7358
7359
7359
7361
7363
7363
7364
7365
7367
7368
7368
7369
7370
7370
7372
7374
7374
7376
7377
7377
7378
7378
7380
7382
7382
7383
7385
7386
7386
7386
7387
7388
7391
7391
7393
7393
7394
7396
7396
7398
7399
7399
7399
7400
7401
7403
7403
7406
7407
7407
7407
7409
7410
7411
7411
7414
7415
7415
7416
7417
7417
7419
7419
7420
7423
7423
7425
7425
7426
7426
7428
7430
7431
7431
7433
7433
7435
7436
7437
7437
7438
7439
7441
7441
7442
7443
7443
7445
7446
7447
7448
7450
7450
7451
7451
7452
7454
7456
7456
7457
7457
7458
7460
7461
7462
7463
7464
7464
7466
7467
7469
7469
7470
7471
7473
7473
7474
7474
7475
7477
7478
7479
7479
7480
7481
7483
7485
7485
7486
7488
7488
7489
7490
7491
7493
7493
7494
7496
7496
7496
7499
7499
7500
7501
7501
7503
7505
7505
7507
7507
7509
7510
7510
7511
7512
7512
7514
7514
7515
7516
7518
7518
7519
7522
7522
7523
7524
7525
7526
7527
7528
7528
7529
7531
7533
7533
7534
7535
7536
7537
7537
7539
7540
7540
7541
7542
7543
7545
7546
7547
7548
7550
7550
7550
7552
7552
7554
7555
7557
7557
7558
7559
7560
7561
7563
7563
7564
7565
7565
7568
7569
7569
7570
7570
7571
7574
7574
7575
7577
7577
7577
7579
7580
7581
7582
7583
7584
7585
7585
7586
7588
7589
7591
7592
7592
7593
7594
7596
7596
7596
7598
7599
7601
7601
7602
7603
7604
7605
7607
7607
7608
7610
7610
7611
7611
7612
7613
7615
7615
7616
7617
7619
7620
7621
7622
7623
7624
7625
7625
7627
7627
7628
7630
7631
7631
7632
7635
7635
7636
7638
7638
7639
7640
7641
7642
7644
7645
7646
7646
7646
7649
7649
7649
7650
7652
7652
7654
7654
7655
7658
7659
7660
7660
7662
7662
7662
7665
7666
7666
7668
7668
7670
7671
7672
7673
7673
7673
7674
7675
7678
7679
7679
7681
7682
7682
7682
7685
7685
7686
7686
7688
7690
7690
7691
7693
7693
7693
7694
7697
7697
7698
7699
7700
7700
7702
7702
7704
7704
7705
7706
7708
7709
7711
7711
7712
7713
7714
7715
7716
7717
7719
7720
7721
7721
7722
7723
7724
7725
7725
7726
7729
7729
7730
7731
7732
7733
7734
7735
7735
7736
7738
7738
7739
7741
7742
7742
7745
7745
7746
7746
7749
7749
7750
7750
7752
7753
7753
7755
7756
7756
7758
7758
7759
7762
7762
7762
7763
7765
7767
7767
7768
7768
7769
7770
7772
7773
7773
7775
7775
7776
7778
7778
7779
7780
7783
7783
7784
7784
7786
7787
7789
7789
7790
7792
7793
7793
7794
7794
7796
7797
7798
7799
7800
7802
7802
7803
7803
7805
7807
7808
7808
7809
7809
7811
7812
7814
7814
7814
7817
7817
7818
7819
7821
7821
7822
7823
7823
7824
7827
7827
7828
7829
7829
7830
7832
7833
7834
7835
7836
7838
7838
7838
7840
7841
7842
7842
7844
7844
7845
7848
7848
7848
7850
7850
7852
7852
7853
7854
7855
7858
7858
7859
7860
7861
7862
7862
7864
7866
7866
7866
7867
7869
7870
7870
7871
7873
7875
7875
7876
7876
7878
7879
7879
7880
7882
7883
7883
7885
7887
7887
7887
7889
7889
7890
7891
7892
7894
7896
7896
7897
7898
7899
7900
7902
7902
7903
7904
7905
7905
7906
7907
7908
7910
7911
7912
7913
7914
7915
7915
7916
7917
7919
7920
7920
7922
7922
7923
7925
7927
7927
7928
7929
7930
7930
7932
7932
7934
7934
7935
7938
7938
7939
7939
7941
7941
7943
7944
7945
7945
7946
7949
7950
7950
7952
7952
7953
7953
7955
7956
7957
7957
7958
7959
7961
7962
7963
7965
7966
7966
7967
7967
7968
7969
7972
7972
7973
7974
7975
7975
7976
7978
7979
7980
7981
7982
7983
7985
7986
7986
7987
7989
7989
7990
7992
7993
7994
7995
7995
7996
7996
7998
7999
8000
8000
8002
8002
8005
8006
8006
8007
8007
8008
8009
8011
8012
8014
8014
8015
8017
8017
8018
8018
8021
8021
8023
8023
8025
8025
8025
8027
8028
8029
8031
8031
8031
8033
8033
8035
8035
8038
8039
8039
8040
8040
8042
8042
8045
8045
8046
8048
8049
8049
8050
8052
8052
8052
8053
8054
8055
8058
8058
8059
8060
8061
8063
8064
8064
8065
8066
8067
8069
8069
8069
8071
8072
8073
8073
8074
8075
8077
8077
8079
8079
8080
8082
8082
8083
8085
8085
8087
8088
8089
8089
8092
8093
8093
8094
8096
8096
8096
8098
8099
8099
8101
8102
8102
8103
8106
8107
8107
8107
8108
8111
8111
8113
8113
8114
8114
8117
8117
8117
8120
8121
8121
8122
8122
8123
8124
8125
8126
8127
8130
8131
8131
8132
8133
8133
8136
8136
8137
8137
8139
8140
8141
8142
8143
8144
8145
8145
8146
8149
8149
8151
8152
8152
8152
8155
8155
8156
8157
8157
8158
8159
8160
8162
8163
8163
8165
8166
8167
8168
8169
8170
8170
8172
8173
8174
8176
8176
8176
8179
8179
8180
8181
8181
8183
8183
8184
8186
8187
8188
8190
8190
8191
8193
8193
8194
8195
8195
8197
8198
8198
8199
8202
8203
8204
8204
8205
8205
8206
8207
8208
8211
8211
8211
8214
8214
8215
8217
8217
8218
8220
8221
8222
8222
8223
8224
8224
8226
8226
8228
8230
8230
8231
8231
8234
8234
8235
8235
8237
8238
8238
8239
8241
8242
8243
8245
8245
8246
8247
8248
8249
8250
8251
8252
8253
8255
8255
8257
8258
8258
8259
8260
8260
8261
8263
8264
8264
8267
8267
8268
8268
8271
8271
8271
8272
8273
8276
8276
8278
8279
8279
8280
8281
8282
8282
8283
8284
8287
8287
8289
8289
8290
8290
8293
8293
8295
8295
8295
8297
8299
8299
8299
8302
8302
8302
8304
8304
8307
8308
8308
8310
8310
8310
8312
8313
8314
8315
8317
8317
8318
8319
8320
8322
8322
8324
8324
8324
8327
8327
8329
8329
8330
8330
8331
8333
8334
8336
8337
8337
8338
8338
8340
8341
8342
8343
8344
8345
8345
8346
8349
8349
8349
8351
8352
8352
8353
8355
8356
8357
8358
8360
8361
8362
8363
8363
8363
8364
8366
8367
8369
8370
8370
8371
8372
8373
8374
8375
8376
8378
8378
8379
8380
8380
8382
8382
8385
8386
8386
8386
8388
8389
8390
8391
8393
8393
8393
8395
8395
8397
8398
8399
8401
8401
8402
8403
8404
8406
8406
8407
8409
8409
8409
8412
8412
8414
8414
8415
8415
8417
8418
8418
8419
8420
8421
8423
8424
8424
8427
8428
8428
8428
8430
8430
8432
8433
8434
8434
8436
8437
8437
8439
8439
8441
8442
8444
8444
8445
8447
8447
8448
8449
8449
8450
8453
8453
8454
8454
8456
8457
8457
8459
8460
8461
8463
8463
8465
8465
8466
8468
8468
8469
8469
8470
8472
8473
8473
8475
8476
8477
8478
8479
8480
8480
8483
8484
8485
8486
8487
8487
8488
8489
8490
8490
8492
8492
8493
8496
8497
8497
8499
8500
8500
8500
8503
8504
8504
8505
8506
8506
8507
8508
8511
8511
8511
8512
8515
8515
8517
8517
8518
8519
8520
8522
8523
8523
8524
8525
8526
8527
8527
8530
8531
8531
8532
8533
8534
8535
8536
8537
8538
8539
8540
8541
8542
8543
8544
8544
8547
8547
8547
8549
8550
8550
8552
8552
8553
8555
8555
8557
8558
8560
8560
8561
8561
8563
8564
8564
8566
8568
8569
8570
8570
8571
8571
8573
8574
8574
8577
8577
8577
8578
8580
8580
8583
8584
8585
8586
8587
8587
8588
8590
8590
8591
8592
8593
8593
8595
8596
8598
8598
8599
8600
8600
8602
8603
8604
8605
8606
8608
8609
8609
8610
8611
8612
8612
8614
8615
8617
8618
8618
8619
8620
8620
8622
8624
8624
8625
8625
8627
8629
8630
8631
8632
8632
8632
8633
8636
8637
8638
8638
8640
8641
8642
8643
8643
8644
8646
8646
8646
8647
8649
8649
8651
8652
8654
8654
8654
8656
8657
8658
8659
8659
8662
8663
8663
8664
8666
8666
8667
8668
8669
8671
8672
8672
8672
8674
8676
8676
8678
8679
8679
8679
8680
8683
8684
8684
8686
8686
8687
8688
8689
8690
8690
8693
8694
8694
8694
8697
8698
8698
8699
8701
8702
8702
8704
8704
8704
8705
8706
8708
8709
8709
8710
8712
8713
8714
8715
8716
8717
8718
8719
8720
8721
8723
8723
8723
8725
8726
8727
8728
8730
8730
8731
8731
8734
8735
8735
8736
8736
8739
8740
8741
8742
8742
8743
8743
8745
8746
8747
8749
8749
8750
8752
8752
8753
8754
8755
8755
8757
8758
8759
8760
8762
8762
8764
8764
8764
8766
8767
8767
8770
8770
8770
8773
8773
8774
8774
8777
8777
8778
8779
8780
8780
8782
8783
8785
8785
8787
8787
8789
8789
8791
8791
8792
8792
8794
8795
8796
8798
8799
8799
8800
8802
8802
8803
8803
8804
8805
8807
8808
8809
8809
8810
8812
8814
8814
8815
8816
8817
8818
8818
8821
8821
8821
8824
8825
8825
8826
8827
8828
8828
8831
8832
8833
8833
8833
8834
8835
8838
8838
8839
8840
8841
8841
8842
8844
8845
8846
8848
8848
8848
8850
8851
8853
8853
8855
8855
8857
8857
8858
8859
8861
8862
8862
8863
8864
8864
8866
8867
8868
8868
8870
8870
8872
8872
8874
8874
8877
8877
8878
8879
8879
8880
8882
8883
8884
8884
8887
8887
8889
8889
8890
8891
8892
8893
8895
8896
8897
8897
8899
8900
8900
8900
8902
8903
8904
8904
8905
8906
8907
8909
8910
8912
8912
8913
8913
8916
8916
8916
8918
8919
8919
8921
8921
8923
8923
8925
8926
8928
8929
8930
8930
8930
8933
8933
8934
8936
8937
8937
8938
8938
8941
8941
8942
8943
8943
8945
8946
8946
8948
8949
8951
8951
8953
8954
8954
8955
8956
8957
8958
8959
8961
8961
8961
8963
8963
8965
8966
8968
8968
8968
8971
8972
8972
8973
8974
8974
8977
8977
8978
8979
8979
8980
8981
8982
8985
8986
8986
8988
8989
8989
8990
8991
8992
8992
8993
8994
8995
8996
8997
8999
9001
9002
9002
9002
9005
9005
9007
9007
9008
9009
9010
9011
9012
9014
9014
9015
9015
9017
9018
9019
9019
9021
9022
9023
9023
9025
9026
9028
9028
9030
9031
9031
9031
9033
9034
9034
9037
9037
9038
9040
9040
9041
9043
9044
9044
9045
9045
9047
9047
9049
9050
9050
9051
9054
9054
9055
9056
9056
9059
9060
9061
9061
9062
9062
9065
9065
9066
9067
9067
9068
9070
9070
9071
9074
9074
9075
9076
9077
9079
9080
9080
9081
9081
9083
9084
9085
9086
9087
9087
9090
9091
9091
9091
9093
9093
9095
9096
9097
9098
9098
9099
9101
9102
9103
9104
9105
9106
9108
9108
9109
9111
9111
9112
9113
9115
9115
9115
9118
9119
9120
9120
9120
9122
9122
9123
9125
9126
9126
9128
9129
9130
9131
9132
9134
9134
9135
9136
9136
9137
9139
9140
9140
9142
9143
9144
9144
9146
9146
9149
9149
9150
9150
9152
9153
9155
9155
9156
9156
9158
9159
9161
9162
9163
9163
9164
9165
9165
9167
9168
9169
9169
9171
9172
9173
9175
9176
9176
9178
9179
9179
9180
9180
9181
9183
9184
9186
9186
9187
9188
9188
9189
9191
9192
9192
9193
9196
9196
9197
9197
9200
9200
9200
9203
9203
9205
9205
9206
9207
9208
9208
9210
9212
9212
9213
9214
9214
9216
9217
9218
9219
9220
9221
9223
9223
9225
9226
9227
9228
9228
9228
9229
9231
9231
9234
9234
9236
9236
9238
9238
9239
9240
9240
9242
9243
9244
9246
9246
9247
9249
9249
9250
9251
9251
9252
9254
9254
9255
9258
9259
9260
9260
9261
9261
9262
9263
9265
9266
9266
9267
9269
9271
9271
9271
9273
9274
9275
9277
9277
9278
9279
9280
9281
9283
9283
9285
9285
9286
9286
9289
9290
9290
9291
9292
9293
9294
9295
9296
9296
9297
9298
9299
9300
9302
9303
9304
9305
9305
9306
9307
9310
9311
9311
9312
9314
9314
9316
9317
9317
9317
9318
9320
9321
9322
9323
9325
9326
9326
9327
9328
9329
9329
9330
9332
9333
9334
9334
9335
9336
9337
9338
9341
9342
9342
9342
9345
9345
9345
9347
9348
9348
9351
9351
9353
9354
9354
9356
9356
9358
9359
9359
9360
9362
9362
9363
9364
9364
9365
9366
9368
9368
9370
9371
9373
9374
9374
9375
9376
9377
9379
9380
9380
9382
9382
9383
9385
9386
9386
9388
9388
9388
9389
9390
9392
9392
9394
9395
9395
9397
9398
9398
9399
9401
9402
9404
9404
9405
9406
9406
9408
9409
9411
9411
9412
9412
9415
9416
9416
9416
9419
9420
9421
9421
9421
9422
9423
9424
9426
9426
9428
9430
9430
9431
9433
9433
9434
9435
9435
9437
9438
9439
9440
9440
9441
9444
9445
9445
9445
9446
9447
9448
9450
9451
9452
9453
9454
9456
9456
9457
9458
9459
9460
9461
9463
9463
9464
9465
9466
9467
9468
9469
9469
9471
9472
9473
9475
9475
9476
9478
9478
9479
9481
9481
9482
9483
9484
9485
9486
9487
9488
9489
9490
9491
9492
9492
9494
9495
9495
9498
9498
9499
9500
9501
9502
9504
9504
9505
9506
9507
9507
9509
9510
9510
9511
9514
9514
9514
9515
9517
9518
9519
9519
9521
9522
9523
9524
9525
9526
9526
9527
9529
9530
9531
9533
9534
9534
9535
9536
9537
9537
9540
9540
9541
9542
9544
9544
9544
9546
9548
9549
9549
9551
9551
9552
9553
9554
9555
9556
9557
9557
9560
9560
9561
9562
9563
9563
9564
9565
9567
9568
9570
9570
9571
9572
9573
9574
9575
9575
9577
9578
9579
9580
9581
9582
9583
9583
9584
9587
9587
9588
9589
9590
9591
9591
9593
9594
9595
9596
9596
9597
9598
9599
9601
9602
9602
9604
9604
9606
9607
9608
9609
9610
9611
9612
9613
9613
9614
9616
9618
9618
9619
9619
9622
9622
9622
9623
9625
9625
9627
9629
9629
9630
9632
9632
9634
9634
9635
9636
9636
9637
9639
9641
9641
9642
9642
9643
9644
9645
9647
9648
9648
9650
9650
9652
9653
9654
9655
9657
9657
9659
9660
9661
9661
9661
9664
9665
9665
9667
9667
9667
9668
9669
9671
9672
9673
9675
9675
9676
9676
9678
9679
9680
9681
9681
9684
9684
9685
9687
9688
9689
9689
9690
9691
9692
9692
9695
9695
9696
9698
9698
9699
9699
9700
9703
9703
9704
9704
9706
9708
9708
9709
9710
9711
9712
9713
9714
9715
9716
9717
9718
9719
9721
9721
9721
9724
9724
9724
9726
9727
9728
9729
9730
9732
9732
9733
9734
9735
9736
9736
9739
9739
9740
9741
9742
9743
9744
9745
9745
9748
9748
9748
9749
9752
9753
9753
9754
9754
9756
9757
9758
9760
9761
9762
9763
9763
9765
9765
9766
9766
9769
9769
9769
9771
9772
9773
9774
9775
9777
9778
9779
9779
9780
9780
9782
9783
9783
9785
9785
9788
9788
9789
9790
9791
9792
9793
9793
9796
9797
9798
9799
9799
9800
9800
9802
9803
9804
9805
9807
9807
9807
9810
9811
9811
9813
9813
9814
9814
9817
9817
9818
9819
9820
9821
9821
9823
9824
9825
9826
9827
9828
9829
9829
9830
9833
9834
9835
9836
9836
9837
9838
9839
9840
9841
9843
9843
9845
9846
9847
9847
9847
9849
9851
9851
9852
9853
9854
9855
9856
9856
9857
9859
9860
9861
9862
9864
9864
9865
9866
9867
9868
9869
9870
9870
9871
9873
9874
9875
9876
9876
9877
9880
9880
9881
9882
9883
9885
9885
9887
9888
9888
9888
9889
9891
9892
9893
9894
9896
9896
9897
9897
9899
9901
9902
9903
9903
9904
9904
9905
9907
9908
9908
9909
9911
9913
9913
9914
9915
9917
9917
9918
9918
9921
9921
9923
9923
9924
9925
9926
9927
9927
9928
9930
9930
9933
9933
9935
9936
9937
9937
9938
9939
9940
9941
9942
9944
9944
9945
9946
9948
9948
9949
9950
9951
9953
9953
9954
9955
9955
9957
9959
9959
9960
9962
9962
9964
9964
9965
9966
9966
9967
9968
9970
9971
9972
9973
9973
9975
9976
9977
9978
9979
9979
9981
9982
9983
9983
9984
9986
9986
9987
9989
9990
9990
9991
9992
9994
9995
9996
9996
9997
10000
10000
10001
10003
10003
10005
10005
10006
10008
10008
10009
10010
10010
10012
10013
10013
10014
10017
10018
10019
10019
10020
10022
10023
10024
10025
10025
10026
10027
10028
10029
10029
10032
10032
10033
10034
10035
10036
10037
10038
10038
10039
10040
10041
10043
10044
10044
10046
10048
10049
10049
10049
10050
10051
10052
10055
10055
10057
10057
10057
10059
10061
10061
10063
10064
10064
10065
10066
10067
10067
10069
10071
10071
10073
10074
10074
10075
10076
10078
10079
10079
10080
10080
10081
10083
10084
10084
10087
10087
10088
10090
10090
10090
10092
10093
10093
10095
10096
10098
10099
10099
10100
10101
10101
10102
10104
10104
10106
10108
10109
10109
10110
10112
10113
10114
10114
10116
10116
10116
10118
10119
10120
10121
10122
10123
10124
10125
10127
10128
10128
10130
10130
10131
10131
10134
10135
10135
10135
10137
10138
10138
10141
10141
10142
10143
10144
10145
10145
10148
10148
10149
10150
10150
10151
10153
10154
10155
10155
10156
10157
10159
10160
10161
10163
10163
10165
10166
10166
10167
10169
10170
10170
10171
10171
10174
10174
10174
10176
10177
10178
10179
10180
10181
10182
10183
10184
10185
10186
10188
10189
10189
10189
10191
10193
10193
10195
10195
10195
10198
10198
10199
10201
10201
10202
10203
10204
10205
10205
10207
10207
10209
10209
10211
10211
10213
10215
10215
10216
10218
10218
10219
10221
10221
10222
10223
10224
10225
10226
10226
10229
10229
10230
10232
10233
10233
10234
10234
10235
10237
10237
10239
10239
10242
10242
10243
10244
10245
10246
10248
10249
10250
10250
10251
10252
10253
10253
10254
10256
10258
10258
10258
10261
10262
10262
10263
10264
10264
10265
10267
10267
10268
10270
10270
10271
10272
10275
10276
10276
10277
10277
10279
10280
10281
10282
10283
10284
10285
10285
10286
10289
10290
10290
10290
10291
10293
10295
10295
10296
10296
10299
10300
10301
10301
10302
10303
10304
10306
10306
10308
10309
10309
10309
10312
10312
10313
10314
10314
10316
10316
10318
10319
10320
10321
10321
10323
10323
10326
10326
10327
10327
10328
10330
10330
10332
10333
10334
10335
10337
10338
10338
10339
10340
10341
10342
10344
10345
10345
10346
10348
10348
10349
10351
10351
10352
10353
10354
10356
10356
10357
10359
10359
10360
10360
10361
10363
10363
10366
10366
10367
10367
10369
10369
10371
10371
10374
10374
10375
10375
10378
10379
10379
10379
10380
10382
10384
10385
10385
10386
10387
10388
10389
10390
10391
10392
10393
10394
10395
10396
10398
10398
10399
10399
10401
10402
10404
10405
10405
10407
10407
10408
10409
10410
10411
10411
10413
10414
10415
10416
10418
10419
10420
10420
10421
10422
10424
10424
10426
10426
10426
10429
10429
10430
10431
10431
10433
10434
10435
10436
10437
10437
10439
10440
10441
10442
10443
10444
10446
10447
10447
10447
10448
10451
10452
10453
10453
10454
10454
10455
10456
10458
10459
10459
10461
10462
10462
10464
10466
10466
10466
10469
10470
10471
10471
10471
10474
10474
10475
10476
10477
10479
10479
10480
10481
10482
10483
10484
10484
10486
10488
10488
10490
10491
10491
10492
10494
10494
10494
10497
10497
10498
10498
10500
10501
10502
10503
10503
10504
10506
10506
10508
10508
10510
10511
10513
10513
10515
10515
10515
10517
10518
10520
10520
10521
10522
10523
10524
10524
10527
10527
10528
10530
10530
10531
10531
10532
10533
10536
10536
10536
10537
10539
10540
10540
10541
10542
10543
10544
10545
10547
10548
10549
10550
10552
10552
10553
10555
10555
10555
10558
10559
10559
10561
10561
10562
10563
10564
10564
10566
10566
10568
10568
10569
10570
10573
10574
10575
10575
10576
10578
10578
10578
10580
10581
10582
10583
10584
10586
10587
10588
10589
10589
10590
10591
10592
10594
10594
10595
10596
10597
10598
10599
10601
10602
10602
10602
10605
10605
10606
10608
10608
10609
10609
10611
10613
10614
10614
10615
10615
10616
10617
10619
10620
10621
10622
10623
10623
10625
10626
10626
10627
10628
10631
10631
10632
10632
10635
10635
10636
10636
10638
10639
10639
10640
10641
10642
10644
10645
10646
10647
10648
10649
10651
10651
10652
10653
10655
10656
10656
10656
10658
10659
10660
10661
10661
10663
10664
10665
10666
10667
10668
10669
10669
10672
10672
10674
10674
10674
10676
10678
10679
10680
10681
10682
10682
10683
10685
10685
10685
10686
10687
10688
10689
10691
10692
10693
10693
10695
10696
10697
10697
10700
10700
10700
10701
10702
10704
10706
10706
10707
10709
10710
10710
10711
10713
10714
10715
10715
10715
10716
10718
10719
10721
10721
10722
10722
10724
10725
10726
10727
10728
10728
10730
10731
10732
10733
10735
10736
10737
10737
10739
10739
10741
10741
10742
10744
10744
10746
10747
10748
10748
10748
10750
10751
10752
10752
10754
10755
10756
10757
10757
10759
10760
10760
10762
10762
10764
10764
10766
10767
10768
10769
10769
10772
10773
10773
10773
10775
10775
10776
10777
10778
10781
10781
10782
10783
10783
10786
10787
10788
10789
10790
10790
10790
10792
10793
10795
10796
10796
10797
10797
10799
10800
10801
10802
10802
10803
10806
10806
10808
10808
10809
10811
10811
10812
10813
10814
10815
10815
10818
10818
10818
10819
10821
10822
10823
10824
10825
10827
10828
10828
10828
10830
10832
10832
10832
10834
10834
10835
10836
10837
10839
10839
10840
10841
10842
10844
10846
10846
10847
10849
10849
10849
10850
10852
10853
10855
10856
10857
10857
10857
10859
10860
10861
10861
10862
10863
10865
10867
10867
10868
10870
10870
10870
10872
10873
10873
10875
10876
10877
10878
10878
10879
10881
10882
10883
10884
10886
10886
10887
10889
10889
10890
10891
10893
10893
10893
10894
10897
10897
10898
10899
10899
10900
10903
10903
10903
10905
10906
10908
10909
10910
10910
10911
10911
10914
10915
10916
10917
10917
10917
10919
10919
10922
10922
10923
10924
10924
10925
10927
10928
10929
10931
10931
10931
10933
10933
10934
10935
10938
10939
10939
10941
10942
10942
10944
10945
10945
10947
10947
10948
10949
10950
10951
10951
10952
10953
10954
10956
10958
10958
10959
10960
10961
10961
10964
10964
10965
10966
10967
10967
10969
10970
10971
10971
10972
10975
10975
10977
10978
10978
10980
10980
10981
10982
10983
10984
10985
10986
10986
10989
10989
10990
10991
10993
10993
10994
10995
10997
10997
10998
10999
11001
11002
11003
11003
11003
11005
11006
11006
11007
11009
11010
11011
11012
11013
11014
11015
11016
11018
11018
11019
11020
11022
11022
11023
11023
11026
11027
11027
11028
11029
11030
11031
11033
11034
11034
11036
11037
11037
11038
11039
11041
11042
11042
11043
11043
11046
11047
11047
11047
11048
11050
11052
11053
11053
11055
11055
11056
11056
11058
11059
11061
11061
11063
11064
11065
11065
11066
11066
11069
11070
11070
11071
11072
11073
11075
11075
11076
11076
11077
11079
11080
11082
11083
11084
11085
11085
11087
11087
11087
11088
11089
11092
11092
11094
11094
11095
11096
11097
11097
11099
11101
11101
11102
11102
11104
11105
11106
11108
11108
11108
11110
11112
11113
11113
11113
11114
11115
11116
11117
11118
11120
11121
11122
11123
11124
11125
11127
11127
11128
11130
11131
11131
11132
11134
11134
11135
11137
11137
11138
11140
11140
11140
11142
11143
11145
11146
11147
11148
11148
11150
11151
11152
11152
11153
11155
11155
11156
11156
11158
11159
11160
11161
11162
11162
11163
11166
11166
11167
11168
11169
11169
11171
11171
11173
11175
11176
11177
11177
11178
11179
11180
11180
11181
11182
11183
11186
11186
11187
11188
11189
11190
11192
11192
11194
11194
11195
11196
11198
11199
11199
11200
11201
11203
11203
11205
11205
11206
11206
11207
11208
11210
11211
11211
11212
11213
11215
11215
11217
11218
11220
11220
11221
11223
11223
11224
11225
11226
11227
11228
11229
11231
11232
11233
11234
11234
11235
11235
11236
11239
11240
11241
11241
11242
11243
11243
11244
11246
11248
11248
11250
11251
11252
11253
11253
11253
11255
11257
11257
11257
11258
11261
11261
11262
11262
11265
11265
11266
11267
11269
11269
11270
11271
11273
11273
11274
11274
11277
11277
11279
11279
11280
11281
11281
11283
11284
11285
11286
11286
11288
11288
11289
11290
11291
11292
11295
11296
11296
11297
11297
11299
11301
11301
11301
11304
11305
11305
11306
11307
11308
11309
11310
11311
11312
11313
11313
11314
11317
11317
11318
11319
11321
11322
11322
11322
11324
11325
11326
11328
11329
11329
11330
11330
11332
11333
11334
11335
11335
11336
11339
11339
11339
11341
11342
11343
11344
11344
11345
11347
11348
11349
11351
11352
11353
11354
11354
11356
11356
11356
11357
11359
11361
11361
11362
11362
11363
11364
11366
11367
11367
11369
11369
11371
11372
11373
11374
11375
11376
11378
11378
11378
11381
11381
11382
11383
11384
11385
11385
11386
11387
11390
11391
11392
11392
11392
11394
11396
11396
11397
11397
11399
11399
11401
11402
11402
11405
11405
11405
11408
11408
11409
11410
11411
11413
11414
11414
11415
11416
11417
11417
11419
11419
11421
11421
11423
11424
11425
11426
11426
11428
11429
11429
11432
11433
11433
11433
11436
11437
11437
11437
11439
11440
11440
11442
11442
11444
11445
11446
11448
11448
11449
11450
11451
11452
11453
11454
11455
11456
11456
11458
11459
11459
11461
11463
11464
11464
11465
11467
11467
11468
11469
11469
11471
11473
11473
11474
11475
11475
11478
11478
11479
11480
11482
11483
11484
11484
11485
11486
11486
11488
11489
11489
11490
11491
11492
11493
11494
11496
11498
11498
11499
11501
11501
11502
11503
11503
11505
11506
11507
11508
11510
11511
11511
11512
11513
11514
11515
11516
11517
11519
11519
11520
11521
11523
11524
11524
11524
11525
11527
11527
11529
11529
11530
11533
11533
11534
11536
11536
11536
11538
11538
11540
11542
11542
11543
11544
11545
11546
11547
11548
11550
11551
11552
11552
11553
11554
11556
11557
11557
11557
11560
11560
11562
11562
11563
11564
11564
11566
11567
11567
11569
11570
11571
11573
11573
11574
11576
11576
11576
11578
11579
11579
11580
11581
11582
11584
11584
11587
11588
11589
11589
11589
11590
11592
11593
11594
11595
11597
11597
11598
11600
11600
11601
11602
11603
11604
11604
11605
11608
11609
11609
11610
11612
11612
11613
11614
11614
11616
11617
11619
11620
11620
11621
11621
11623
11624
11624
11627
11627
11628
11628
11629
11632
11632
11632
11634
11636
11636
11637
11639
11639
11640
11640
11642
11643
11643
11644
11646
11648
11648
11648
11650
11652
11652
11652
11654
11655
11657
11657
11658
11659
11661
11661
11662
11663
11664
11664
11665
11667
11667
11670
11670
11672
11672
11673
11673
11674
11675
11677
11677
11680
11681
11681
11681
11684
11684
11686
11687
11687
11689
11689
11689
11691
11691
11692
11694
11696
11696
11697
11699
11699
11699
11700
11702
11703
11704
11706
11706
11707
11708
11710
11711
11712
11712
11713
11714
11715
11715
11716
11717
11718
11720
11720
11722
11723
11723
11724
11725
11727
11727
11729
11730
11731
11732
11733
11734
11734
11735
11738
11738
11739
11741
11741
11743
11744
11745
11745
11747
11748
11748
11749
11750
11750
11753
11753
11753
11755
11757
11757
11759
11760
11761
11761
11762
11762
11765
11765
11767
11767
11768
11768
11770
11771
11772
11772
11773
11774
11777
11778
11778
11779
11779
11781
11781
11782
11784
11785
11787
11788
11788
11788
11790
11791
11791
11793
11794
11794
11796
11797
11798
11799
11800
11801
11802
11803
11804
11805
11806
11806
11808
11810
11810
11812
11813
11814
11814
11815
11817
11817
11817
11819
11820
11820
11821
11823
11824
11825
11826
11826
11827
11828
11829
11830
11832
11833
11835
11836
11837
11837
11839
11839
11839
11842
11842
11844
11845
11846
11846
11848
11848
11850
11850
11850
11853
11853
11854
11855
11856
11856
11859
11860
11861
11861
11862
11864
11865
11866
11866
11866
11868
11868
11869
11872
11873
11873
11873
11875
11875
11876
11878
11878
11879
11882
11883
11883
11884
11886
11886
11887
11888
11888
11890
11892
11892
11893
11895
11895
11896
11897
11897
11899
11899
11901
11902
11902
11903
11905
11906
11906
11907
11910
11910
11911
11911
11912
11915
11915
11916
11918
11919
11919
11919
11921
11922
11923
11923
11925
11925
11927
11928
11930
11931
11931
11932
11933
11934
11934
11937
11938
11938
11939
11940
11941
11942
11942
11945
11946
11947
11947
11948
11948
11950
11951
11952
11953
11954
11954
11955
11957
11958
11959
11960
11960
11962
11962
11964
11965
11965
11967
11968
11969
11970
11970
11971
11974
11974
11975
11975
11977
11978
11979
11980
11980
11982
11983
11983
11984
11985
11987
11988
11990
11990
11991
11991
11993
11994
11995
11996
11997
11998
11999
12001
12002
12002
12004
12005
12005
12006
12006
12009
12009
12010
12010
12011
12013
12014
12016
12016
12017
12017
12019
12020
12022
12022
12023
12024
12024
12027
12028
12028
12029
12030
12030
12032
12033
12033
12035
12036
12038
12038
12040
12040
12041
12041
12044
12044
12045
12046
12046
12049
12049
12049
12051
12053
12053
12055
12056
12056
12057
12058
12059
12060
12061
12062
12063
12064
12065
12067
12067
12068
12070
12070
12071
12073
12073
12074
12075
12076
12076
12078
12079
12080
12082
12082
12083
12085
12085
12085
12087
12089
12089
12090
12091
12092
12093
12094
12095
12095
12097
12098
12099
12101
12101
12101
12104
12104
12104
12107
12107
12108
12108
12110
12110
12111
12112
12114
12114
12116
12117
12119
12120
12121
12121
12122
12123
12123
12124
12125
12126
12129
12129
12130
12131
12132
12133
12133
12135
12137
12137
12137
12138
12139
12141
12143
12144
12144
12144
12145
12148
12148
12149
12149
12152
12152
12152
12154
12155
12156
12157
12158
12159
12159
12162
12162
12163
12164
12165
12166
12167
12167
12169
12170
12171
12173
12173
12173
12175
12176
12176
12177
12179
12180
12180
12182
12183
12185
12185
12185
12186
12188
12189
12190
12191
12192
12193
12195
12195
12197
12197
12198
12200
12200
12201
12202
12203
12203
12204
12206
12208
12208
12209
12210
12211
12212
12214
12214
12215
12216
12216
12218
12219
12221
12222
12222
12223
12224
12224
12225
12227
12228
12228
12231
12231
12232
12234
12234
12235
12237
12237
12238
12239
12239
12240
12241
12243
12244
12245
12245
12247
12249
12249
12251
12252
12252
12254
12254
12255
12256
12257
12257
12258
12260
12261
12261
12262
12265
12266
12267
12267
12269
12269
12270
12271
12272
12273
12274
12274
12276
12277
12277
12278
12280
12280
12281
12283
12285
12285
12285
12286
12287
12288
12289
12291
12292
12293
12293
12295
12296
12296
12298
12299
12299
12301
12302
12303
12304
12305
12305
12307
12307
12309
12310
12310
12312
12312
12313
12315
12316
12318
12319
12319
12319
12321
12321
12323
12324
12325
12326
12327
12328
12329
12331
12331
12331
12334
12335
12335
12335
12336
12337
12339
12339
12341
12342
12344
12344
12344
12346
12348
12349
12349
12349
12351
12353
12353
12353
12355
12357
12357
12358
12360
12360
12360
12363
12363
12364
12365
12366
12368
12368
12368
12370
12370
12371
12374
12374
12375
12376
12378
12378
12378
12380
12382
12382
12383
12384
12384
12387
12387
12388
12388
12391
12392
12392
12392
12395
12395
12396
12396
12398
12399
12399
12401
12403
12403
12404
12406
12407
12407
12408
12409
12410
12412
12412
12413
12415
12416
12417
12417
12418
12418
12421
12422
12422
12423
12424
12425
12425
12426
12427
12429
12430
12430
12431
12432
12434
12434
12435
12436
12438
12438
12440
12441
12441
12442
12443
12445
12445
12447
12447
12450
12450
12451
12451
12452
12455
12456
12456
12457
12459
12460
12460
12461
12462
12463
12465
12465
12467
12468
12468
12468
12469
12472
12472
12474
12475
12476
12477
12478
12479
12480
12480
12481
12483
12484
12484
12485
12485
12488
12488
12489
12489
12490
12492
12492
12494
12495
12495
12497
12497
12499
12500
12500
12503
12503
12505
12506
12506
12507
12507
12510
12510
12511
12512
12512
12515
12516
12517
12517
12518
12518
12519
12521
12521
12522
12523
12524
12526
12527
12529
12530
12530
12532
12532
12534
12535
12536
12537
12538
12538
12538
12540
12540
12541
12543
12544
12545
12546
12546
12547
12549
12549
12552
12552
12552
12554
12555
12555
12557
12558
12559
12560
12561
12563
12563
12564
12564
12566
12567
12568
12568
12571
12572
12572
12573
12574
12574
12577
12577
12577
12578
12579
12581
12582
12583
12585
12586
12586
12587
12587
12588
12589
12591
12592
12594
12594
12594
12596
12596
12599
12599
12600
12602
12602
12602
12603
12605
12606
12607
12607
12609
12609
12611
12612
12613
12615
12615
12616
12617
12619
12619
12620
12621
12621
12622
12623
12624
12626
12626
12628
12630
12630
12630
12632
12632
12634
12636
12636
12637
12637
12639
12640
12641
12642
12643
12644
12644
12646
12646
12649
12649
12649
12652
12652
12653
12654
12654
12655
12657
12658
12659
12659
12660
12663
12664
12664
12665
12666
12667
12669
12669
12671
12672
12673
12673
12675
12675
12676
12678
12679
12680
12681
12681
12682
12684
12684
12685
12686
12687
12688
12688
12690
12691
12692
12693
12694
12695
12696
12698
12699
12699
12699
12700
12701
12703
12704
12705
12705
12707
12708
12709
12711
12711
12712
12712
12713
12716
12716
12717
12719
12719
12720
12721
12722
12724
12724
12724
12725
12726
12728
12728
12730
12731
12732
12734
12734
12735
12735
12736
12739
12740
12741
12741
12742
12742
12744
12744
12747
12748
12748
12749
12749
12751
12751
12752
12753
12754
12756
12757
12758
12760
12760
12761
12761
12764
12764
12765
12766
12766
12767
12769
12770
12771
12772
12773
12773
12775
12775
12778
12778
12778
12780
12780
12781
12782
12784
12784
12786
12787
12788
12789
12790
12791
12791
12793
12794
12795
12796
12797
12798
12800
12800
12800
12801
12802
12803
12805
12807
12808
12809
12809
12811
12811
12812
12814
12814
12815
12816
12817
12818
12819
12820
12821
12822
12823
12824
12825
12826
12828
12828
12829
12831
12831
12831
12833
12835
12836
12836
12837
12839
12839
12840
12841
12842
12843
12845
12845
12845
12847
12849
12849
12850
12850
12851
12852
12854
12854
12855
12857
12857
12858
12860
12861
12861
12862
12865
12865
12865
12866
12868
12869
12869
12872
12872
12873
12874
12874
12875
12876
12877
12880
12881
12882
12882
12883
12885
12885
12886
12886
12888
12890
12891
12891
12892
12894
12895
12895
12897
12897
12898
12899
12900
12902
12902
12903
12903
12905
12906
12907
12907
12908
12909
12910
12911
12913
12913
12915
12915
12917
12917
12919
12920
12921
12922
12923
12924
12924
12925
12926
12928
12930
12930
12932
12933
12933
12935
12935
12935
12937
12938
12939
12940
12941
12941
12942
12943
12945
12946
12948
12948
12949
12950
12950
12952
12953
12954
12955
12956
12956
12958
12960
12961
12962
12962
12964
12964
12964
12966
12967
12968
12968
12971
12972
12972
12972
12974
12975
12976
12976
12977
12980
12981
12981
12982
12983
12984
12984
12985
12987
12987
12988
12989
12992
12992
12992
12994
12994
12995
12996
12997
12998
13000
13001
13002
13003
13004
13006
13007
13007
13008
13009
13010
13011
13012
13012
13015
13015
13016
13017
13017
13018
13020
13022
13022
13023
13023
13024
13025
13027
13027
13028
13029
13031
13031
13032
13033
13035
13036
13036
13038
13038
13040
13041
13042
13043
13043
13045
13046
13046
13048
13049
13050
13050
13052
13053
13055
13055
13056
13057
13057
13060
13060
13061
13061
13063
13064
13064
13066
13067
13068
13069
13070
13070
13073
13073
13074
13075
13077
13078
13078
13079
13080
13081
13081
13083
13084
13086
13086
13088
13089
13089
13091
13091
13092
13093
13094
13094
13095
13096
13098
13099
13100
13101
13103
13103
13104
13106
13106
13106
13108
13109
13110
13112
13112
13113
13114
13115
13117
13117
13118
13119
13121
13121
13123
13123
13124
13125
13126
13128
13128
13129
13130
13131
13132
13133
13134
13135
13137
13137
13138
13138
13140
13141
13141
13143
13143
13146
13146
13147
13148
13149
13150
13151
13152
13153
13155
13155
13156
13156
13157
13159
13159
13161
13163
13163
13164
13166
13166
13166
13168
13169
13171
13171
13173
13173
13174
13176
13177
13177
13179
13180
13180
13181
13183
13184
13184
13185
13187
13187
13189
13190
13190
13191
13191
13193
13193
13195
13195
13198
13198
13199
13200
13201
13203
13203
13204
13204
13206
13207
13208
13208
13210
13211
13211
13213
13214
13215
13215
13216
13219
13219
13220
13220
13221
13223
13224
13224
13225
13228
13228
13229
13230
13231
13231
13233
13234
13234
13236
13237
13237
13239
13239
13240
13241
13243
13244
13245
13246
13247
13248
13249
13250
13252
13252
13253
13254
13255
13256
13257
13257
13258
13260
13262
13262
13262
13263
13265
13266
13267
13267
13270
13271
13271
13273
13273
13275
13275
13277
13277
13278
13279
13280
13280
13282
13283
13284
13285
13285
13286
13289
13289
13290
13291
13292
13293
13294
13296
13297
13297
13299
13300
13301
13301
13301
13303
13305
13305
13305
13308
13308
13309
13311
13311
13312
13312
13314
13316
13316
13316
13318
13319
13319
13321
13322
13323
13325
13325
13326
13326
13328
13329
13330
13331
13333
13334
13335
13335
13337
13337
13339
13340
13341
13342
13343
13343
13344
13345
13346
13347
13348
13349
13350
13351
13352
13353
13355
13356
13356
13357
13358
13360
13361
13361
13362
13364
13364
13365
13366
13367
13369
13370
13370
13371
13371
13373
13373
13375
13376
13377
13379
13379
13379
13381
13382
13384
13385
13385
13386
13387
13387
13390
13390
13392
13392
13392
13393
13395
13395
13397
13398
13400
13400
13401
13401
13403
13405
13406
13407
13407
13408
13410
13410
13411
13412
13413
13414
13414
13416
13416
13418
13419
13419
13420
13422
13423
13424
13425
13426
13427
13427
13430
13431
13431
13432
13432
13435
13435
13436
13438
13438
13439
13439
13441
13441
13443
13444
13445
13446
13446
13448
13449
13450
13452
13452
13452
13453
13454
13456
13457
13458
13458
13461
13461
13461
13462
13465
13466
13466
13467
13468
13469
13471
13471
13472
13474
13475
13476
13477
13478
13478
13480
13481
13481
13481
13482
13484
13486
13486
13487
13488
13488
13490
13491
13492
13493
13494
13495
13495
13496
13498
13499
13501
13502
13502
13503
13503
13504
13506
13507
13508
13509
13510
13511
13513
13513
13514
13515
13515
13516
13519
13520
13520
13521
13523
13523
13524
13524
13525
13527
13529
13529
13531
13532
13532
13534
13535
13535
13537
13537
13538
13539
13539
13541
13542
13542
13544
13544
13546
13546
13547
13549
13550
13550
13552
13553
13553
13555
13555
13558
13558
13559
13561
13562
13562
13564
13564
13565
13566
13567
13568
13568
13571
13572
13572
13574
13574
13575
13576
13577
13577
13578
13579
13580
13582
13582
13583
13585
13587
13587
13588
13589
13591
13592
13592
13593
13593
13595
13596
13597
13598
13599
13600
13601
13602
13603
13605
13606
13607
13607
13607
13610
13610
13610
13612
13613
13613
13615
13616
13617
13618
13619
13621
13622
13622
13624
13625
13625
13626
13626
13628
13629
13630
13631
13632
13633
13635
13636
13636
13637
13638
13638
13640
13641
13642
13643
13645
13645
13646
13646
13648
13649
13650
13651
13652
13653
13655
13655
13656
13656
13657
13660
13660
13660
13661
13662
13663
13664
13666
13667
13668
13669
13670
13671
13672
13673
13673
13675
13676
13677
13677
13679
13680
13680
13682
13683
13685
13686
13686
13687
13688
13688
13689
13691
13691
13692
13693
13695
13696
13698
13698
13698
13700
13701
13701
13704
13705
13705
13705
13707
13708
13710
13710
13710
13712
13712
13714
13715
13716
13717
13717
13720
13720
13720
13721
13723
13725
13725
13725
13726
13728
13729
13730
13732
13733
13733
13734
13736
13736
13736
13739
13740
13740
13741
13743
13743
13744
13744
13745
13746
13749
13750
13750
13751
13751
13753
13754
13755
13756
13758
13758
13758
13759
13761
13762
13763
13765
13765
13767
13768
13768
13769
13769
13771
13772
13774
13774
13774
13776
13776
13778
13779
13780
13781
13783
13783
13785
13785
13785
13786
13788
13789
13791
13791
13793
13793
13794
13794
13796
13797
13799
13799
13800
13801
13801
13802
13803
13804
13807
13808
13808
13809
13810
13810
13812
13813
13814
13815
13817
13817
13818
13820
13820
13820
13821
13824
13825
13825
13826
13828
13829
13829
13830
13831
13832
13833
13834
13834
13836
13836
13838
13839
13839
13841
13842
13844
13844
13845
13847
13848
13849
13849
13850
13852
13853
13853
13854
13856
13856
13856
13858
13859
13860
13861
13863
13863
13863
13864
13866
13866
13868
13869
13871
13871
13872
13873
13875
13875
13876
13877
13877
13879
13880
13881
13882
13882
13883
13886
13886
13887
13889
13889
13891
13891
13891
13893
13894
13894
13896
13897
13899
13899
13900
13901
13902
13904
13905
13905
13906
13907
13909
13910
13910
13911
13912
13913
13914
13915
13915
13917
13918
13919
13919
13920
13921
13924
13924
13924
13925
13926
13928
13929
13929
13932
13932
13934
13935
13936
13936
13938
13938
13939
13940
13941
13941
13942
13944
13945
13946
13947
13948
13948
13949
13951
13952
13953
13954
13954
13957
13958
13959
13960
13961
13961
13963
13963
13965
13965
13965
13968
13969
13970
13970
13972
13972
13972
13973
13976
13976
13977
13978
13980
13981
13981
13982
13984
13985
13986
13986
13988
13989
13989
13991
13992
13992
13992
13993
13994
13997
13997
13997
13999
14000
14000
14001
14003
14004
14005
14006
14008
14008
14008
14009
14012
14012
14013
14014
14015
14015
14016
14017
14019
14019
14021
14022
14023
14024
14025
14025
14027
14027
14029
14030
14031
14033
14033
14034
14035
14036
14037
14037
14039
14040
14041
14042
14043
14044
14045
14046
14047
14047
14049
14050
14051
14052
14052
14054
14055
14055
14057
14058
14059
14060
14061
14061
14063
14064
14065
14066
14067
14067
14069
14070
14072
14072
14073
14074
14075
14075
14078
14078
14080
14080
14082
14082
14083
14084
14086
14086
14086
14088
14089
14090
14090
14093
14093
14094
14095
14096
14098
14098
14099
14101
14102
14102
14103
14104
14105
14105
14107
14107
14109
14110
14110
14111
14113
14115
14115
14115
14117
14119
14119
14121
14121
14122
14124
14124
14125
14126
14127
14127
14128
14130
14132
14132
14134
14134
14135
14136
14137
14138
14138
14141
14142
14143
14143
14144
14144
14146
14147
14148
14149
14150
14151
14151
14152
14153
14155
14155
14156
14159
14160
14161
14161
14162
14163
14164
14165
14166
14166
14168
14169
14170
14171
14172
14173
14175
14175
14175
14178
14178
14179
14181
14181
14182
14183
14184
14185
14186
14187
14188
14188
14190
14192
14192
14193
14194
14196
14197
14197
14198
14198
14200
14200
14201
14204
14204
14206
14207
14207
14207
14208
14211
14211
14212
14212
14215
14215
14215
14217
14218
14220
14220
14221
14222
14223
14225
14225
14226
14227
14229
14230
14231
14231
14232
14233
14235
14235
14237
14238
14239
14239
14240
14240
14241
14243
14244
14245
14247
14247
14248
14249
14249
14250
14252
14254
14255
14255
14256
14257
14257
14258
14259
14261
14262
14262
14263
14264
14266
14267
14269
14269
14269
14271
14271
14273
14274
14276
14277
14277
14278
14278
14279
14281
14281
14282
14284
14285
14285
14287
14288
14289
14290
14290
14291
14293
14294
14294
14295
14297
14299
14299
14299
14301
14302
14303
14304
14305
14306
14307
14309
14309
14310
14311
14312
14313
14314
14316
14316
14317
14318
14319
14321
14321
14322
14323
14325
14326
14327
14328
14328
14329
14330
14332
14333
14333
14334
14335
14337
14338
14338
14339
14340
14341
14341
14344
14344
14345
14346
14347
14347
14349
14349
14351
14352
14354
14354
14356
14356
14358
14358
14358
14359
14362
14362
14363
14365
14366
14366
14366
14368
14369
14369
14370
14373
14373
14374
14375
14376
14377
14379
14379
14380
14380
14381
14383
14383
14385
14386
14386
14389
14389
14390
14391
14391
14393
14393
14395
14395
14396
14399
14400
14400
14401
14401
14403
14404
14405
14405
14406
14408
14409
14410
14411
14412
14414
14414
14416
14417
14418
14418
14418
14420
14420
14421
14423
14424
14424
14426
14427
14427
14429
14429
14430
14433
14433
14434
14435
14436
14436
14438
14438
14441
14442
14442
14443
14445
14445
14446
14447
14448
14448
14451
14452
14452
14453
14455
14456
14456
14456
14457
14458
14460
14460
14461
14462
14463
14466
14466
14467
14469
14469
14470
14472
14472
14473
14474
14474
14477
14477
14478
14479
14480
14481
14482
14483
14484
14486
14486
14487
14488
14490
14490
14491
14492
14493
14494
14496
14496
14496
14498
14499
14500
14501
14502
14503
14504
14506
14506
14506
14507
14508
14510
14511
14513
14513
14514
14514
14515
14517
14517
14519
14521
14522
14522
14522
14524
14524
14527
14527
14528
14528
14531
14531
14532
14532
14533
14534
14537
14537
14538
14540
14541
14541
14542
14544
14544
14545
14546
14547
14549
14549
14551
14551
14552
14553
14554
14556
14557
14557
14558
14558
14561
14561
14563
14564
14564
14565
14567
14567
14567
14569
14570
14570
14573
14574
14574
14574
14577
14578
14579
14579
14580
14580
14582
14582
14583
14585
14586
14587
14587
14590
14590
14592
14593
14593
14593
14596
14597
14597
14598
14598
14600
14601
14603
14603
14604
14604
14606
14607
14609
14609
14610
14611
14613
14614
14614
14615
14617
14617
14617
14618
14621
14621
14623
14624
14624
14624
14626
14628
14628
14629
14630
14630
14633
14633
14634
14635
14636
14637
14638
14638
14640
14641
14641
14643
14643
14644
14646
14647
14648
14648
14649
14651
14651
14653
14654
14655
14656
14657
14657
14659
14660
14660
14662
14663
14663
14665
14666
14667
14668
14669
14670
14670
14671
14673
14674
14674
14675
14678
14678
14678
14681
14681
14682
14683
14683
14685
14686
14687
14688
14688
14690
14691
14692
14692
14694
14695
14696
14697
14698
14700
14700
14701
14701
14704
14704
14706
14706
14707
14709
14709
14710
14711
14712
14713
14714
14715
14716
14716
14719
14720
14720
14721
14722
14722
14725
14726
14727
14727
14728
14728
14731
14731
14732
14734
14735
14735
14735
14736
14738
14740
14740
14741
14742
14744
14744
14745
14746
14747
14748
14748
14750
14751
14753
14753
14754
14754
14757
14757
14759
14759
14759
14761
14762
14762
14765
14766
14766
14767
14767
14768
14770
14771
14771
14772
14773
14774
14776
14777
14777
14778
14780
14781
14781
14784
14785
14785
14785
14787
14788
14788
14791
14792
14793
14794
14794
14795
14796
14797
14799
14800
14801
14802
14802
14803
14804
14805
14806
14807
14809
14810
14811
14811
14812
14813
14815
14816
14816
14817
14817
14818
14819
14821
14822
14823
14824
14824
14826
14827
14828
14828
14831
14832
14833
14833
14834
14836
14837
14837
14838
14839
14839
14841
14842
14843
14845
14846
14846
14847
14847
14850
14850
14851
14852
14853
14853
14855
14855
14856
14858
14859
14860
14862
14863
14864
14865
14865
14866
14866
14867
14868
14871
14871
14872
14872
14874
14876
14876
14877
14877
14879
14880
14881
14882
14883
14883
14884
14886
14887
14888
14889
14889
14890
14891
14892
14894
14895
14896
14897
14898
14898
14899
14901
14902
14903
14905
14905
14906
14907
14908
14910
14911
14912
14912
14913
14915
14916
14917
14918
14918
14919
14920
14920
14922
14922
14924
14924
14926
14927
14929
14929
14931
14932
14933
14933
14935
14935
14936
14937
14939
14939
14940
14941
14942
14943
14944
14945
14945
14946
14947
14949
14949
14950
14952
14952
14954
14954
14956
14958
14958
14958
14961
14962
14963
14964
14964
14964
14965
14966
14969
14969
14969
14972
14973
14973
14973
14975
14975
14978
14978
14979
14980
14981
14982
14983
14984
14986
14986
14988
14989
14989
14990
14990
14992
14992
14994
14995
14995
14997
14998
14999
15000
15001
15002
15003
15004
15005
15005
15007
15007
15009
15010
15011
15012
15012
15013
15016
15017
15018
15018
15020
15020
15021
15022
15022
15023
15025
15025
15027
15027
15029
15030
15031
15031
15033
15034
15035
15035
15037
15038
15039
15041
15041
15042
15042
15044
15044
15046
15048
15048
15049
15050
15051
15052
15053
15055
15055
15056
15058
15058
15059
15060
15060
15062
15063
15064
15064
15065
15067
15068
15070
15070
15071
15071
15072
15075
15075
15075
15076
15077
15079
15080
15082
15083
15083
15084
15084
15086
15087
15087
15089
15089
15092
15092
15092
15093
15096
15096
15097
15098
15100
15101
15101
15102
15102
15103
15105
15106
15108
15108
15109
15111
15111
15113
15113
15113
15115
15117
15117
15118
15119
15120
15121
15121
15123
15124
15125
15125
15126
15128
15128
15129
15130
15132
15133
15133
15134
15135
15136
15139
15139
15139
15141
15141
15142
15144
15145
15147
15148
15148
15149
15150
15151
15152
15153
15154
15156
15156
15158
15158
15160
15160
15161
15162
15163
15164
15164
15165
15167
15168
15169
15170
15171
15171
15174
15174
15175
15176
15177
15178
15179
15179
15181
15181
15182
15183
15185
15186
15188
15188
15189
15190
15191
15192
15194
15194
15195
15195
15197
15199
15199
15199
15200
15201
15204
15204
15204
15207
15208
15209
15210
15210
15211
15212
15212
15214
15215
15216
15216
15219
15220
15221
15221
15222
15224
15224
15225
15226
15227
15228
15229
15229
15230
15232
15233
15234
15235
15235
15238
15238
15240
15240
15240
15241
15244
15244
15245
15246
15246
15247
15248
15250
15250
15253
15253
15254
15255
15255
15256
15258
15260
15260
15261
15261
15262
15264
15264
15267
15267
15267
15269
15271
15271
15272
15273
15273
15275
15276
15277
15278
15279
15279
15281
15283
15283
15285
15286
15287
15288
15288
15289
15291
15292
15292
15294
15295
15296
15297
15297
15298
15299
15299
15300
15302
15303
15304
15306
15307
15307
15308
15308
15310
15311
15312
15313
15314
15314
15316
15316
15317
15318
15320
15322
15323
15324
15325
15325
15325
15327
15327
15329
15330
15331
15332
15334
15335
15335
15337
15337
15337
15338
15341
15341
15342
15344
15344
15345
15345
15346
15348
15350
15350
15351
15351
15353
15354
15355
15357
15358
15358
15359
15360
15362
15362
15363
15364
15365
15365
15367
15368
15369
15371
15372
15373
15374
15375
15376
15376
15376
15378
15380
15381
15381
15382
15383
15383
15386
15386
15387
15389
15390
15390
15391
15391
15394
15394
15395
15396
15398
15399
15399
15400
15402
15403
15403
15404
15406
15407
15407
15408
15409
15410
15412
15413
15413
15413
15416
15416
15418
15418
15419
15421
15421
15422
15422
15425
15425
15426
15427
15428
15430
15430
15431
15432
15434
15435
15435
15435
15437
15437
15439
15440
15440
15442
15443
15444
15445
15447
15447
15448
15449
15450
15452
15452
15454
15454
15456
15456
15456
15458
15459
15460
15461
15462
15462
15464
15465
15465
15467
15468
15469
15470
15471
15472
15474
15474
15474
15475
15477
15478
15479
15480
15481
15483
15483
15483
15485
15486
15487
15487
15488
15489
15492
15492
15492
15494
15495
15495
15497
15498
15499
15501
15501
15502
15504
15504
15505
15506
15507
15508
15509
15510
15512
15512
15513
15513
15515
15516
15517
15517
15520
15520
15520
15522
15523
15525
15525
15526
15526
15527
15530
15530
15531
15531
15532
15535
15535
15537
15537
15538
15540
15540
15541
15543
15544
15544
15545
15545
15547
15547
15550
15551
15552
15553
15553
15554
15556
15556
15557
15558
15559
15560
15561
15562
15563
15563
15566
15566
15568
15568
15569
15569
15570
15571
15572
15573
15574
15576
15577
15577
15580
15580
15581
15582
15583
15585
15586
15587
15588
15588
15588
15590
15590
15591
15593
15594
15595
15595
15596
15599
15599
15601
15602
15603
15604
15604
15605
15605
15607
15608
15609
15610
15611
15612
15613
15614
15614
15616
15617
15617
15619
15619
15621
15622
15624
15624
15625
15626
15626
15627
15630
15630
15630
15631
15632
15635
15636
15636
15637
15638
15639
15640
15641
15642
15643
15644
15645
15646
15647
15648
15649
15650
15650
15651
15652
15653
15655
15656
15657
15658
15658
15660
15661
15661
15662
15665
15665
15665
15666
15669
15669
15670
15672
15672
15672
15674
15674
15675
15677
15678
15679
15680
15681
15682
15684
15685
15685
15686
15687
15688
15688
15690
15691
15691
15693
15695
15696
15696
15697
15697
15699
15699
15701
15702
15703
15704
15704
15706
15707
15708
15709
15709
15710
15712
15713
15714
15714
15715
15718
15719
15719
15720
15721
15721
15722
15723
15724
15727
15728
15728
15729
15730
15731
15732
15732
15734
15735
15736
15738
15739
15739
15741
15741
15743
15743
15745
15746
15746
15747
15748
15749
15750
15750
15752
15752
15754
15754
15756
15758
15759
15759
15760
15761
15762
15762
15763
15765
15765
15766
15768
15769
15770
15770
15772
15772
15773
15774
15776
15777
15779
15779
15779
15781
15782
15783
15783
15785
15785
15787
15788
15790
15790
15791
15792
15792
15793
15795
15796
15798
15798
15799
15800
15801
15801
15802
15805
15805
15806
15806
15807
15809
15811
15811
15812
15813
15814
15815
15815
15816
15817
15819
15820
15822
15823
15823
15825
15825
15825
15828
15829
15829
15830
15830
15832
15832
15833
15835
15837
15837
15837
15839
15840
15840
15842
15844
15844
15845
15846
15846
15848
15849
15851
15851
15852
15853
15853
15856
15856
15856
15858
15859
15860
15861
15862
15864
15864
15864
15866
15867
15867
15870
15871
15872
15873
15873
15874
15876
15876
15877
15878
15879
15880
15880
15882
15882
15883
15885
15886
15886
15887
15889
15891
15891
15891
15893
15893
15895
15896
15897
15898
15899
15901
15901
15902
15903
15904
15905
15905
15906
15908
15909
15909
15911
15912
15913
15915
15915
15917
15917
15918
15920
15921
15921
15922
15923
15924
15925
15926
15926
15928
15928
15929
15931
15931
15932
15934
15935
15936
15936
15939
15939
15940
15942
15943
15943
15944
15946
15946
15947
15948
15949
15950
15951
15952
15952
15954
15954
15955
15956
15958
15959
15960
15961
15961
15963
15964
15965
15966
15967
15968
15969
15971
15971
15972
15973
15973
15975
15975
15978
15978
15979
15980
15980
15981
15983
15983
15984
15985
15986
15987
15989
15989
15990
15992
15994
15994
15995
15996
15998
15998
15998
16000
16001
16002
arquivo ordenado pelo algoritmo mergesort tempo da ordenao = 0 milisegundos

