11
17
26
30
34
43
56
65
67
90
91
93
111
120
121
123
131
148
170
172
174
175
177
191
198
202
204
212
213
213
220
221
223
227
229
253
262
266
273
276
282
283
294
295
302
329
330
330
338
342
345
346
352
356
365
367
372
380
381
384
434
445
454
456
457
465
481
493
497
505
506
513
518
518
525
526
530
533
534
554
559
578
587
608
624
628
650
656
665
667
674
692
695
715
718
728
728
735
741
742
748
749
749
761
761
764
764
774
775
777
783
797
803
813
813
815
818
820
844
845
849
854
878
881
889
893
898
909
920
930
943
957
986
988
990
994
1000
1001
1009
1011
1018
1021
1024
1045
1048
1070
1071
1076
1083
1089
1102
1104
1119
1132
1133
1134
1138
1140
1143
1161
1169
1183
1188
1194
1200
1200
1221
1236
1237
1250
1253
1259
1275
1289
1302
1310
1316
1318
1322
1330
1333
1341
1356
1361
1365
1371
1378
1389
1397
1402
1404
1431
1453
1454
1458
1460
1481
1507
1512
1514
1516
1530
1540
1545
1553
1560
1565
1565
1569
1571
1572
1585
1585
1597
1604
1608
1624
1639
1646
1653
1655
1660
1673
1675
1677
1701
1702
1709
1723
1723
1725
1746
1758
1781
1809
1829
1831
1845
1852
1853
1873
1877
1891
1896
1898
1900
1911
1912
1923
1924
1929
1933
1944
1955
1966
1991
1995
2000
2009
2060
2068
2074
2085
2088
2099
2113
2119
2121
2123
2134
2141
2144
2152
2162
2189
2201
2221
2221
2239
2240
2250
2255
2263
2264
2267
2274
2277
2312
2317
2340
2368
2369
2370
2371
2372
2381
2398
2398
2407
2412
2433
2439
2440
2461
2462
2463
2466
2488
2492
2496
2501
2515
2523
2534
2534
2550
2553
2556
2561
2564
2583
2634
2636
2637
2649
2668
2673
2674
2681
2694
2707
2728
2759
2760
2765
2766
2768
2779
2808
2813
2814
2821
2843
2868
2873
2880
2885
2887
2893
2900
2909
2916
2922
2928
2935
2938
2941
2954
2958
2960
2961
2968
2972
2982
2983
2989
3008
3015
3018
3035
3043
3056
3056
3063
3074
3084
3123
3134
3159
3164
3172
3210
3210
3233
3234
3241
3291
3306
3311
3312
3317
3329
3331
3331
3332
3340
3351
3370
3371
3371
3372
3373
3386
3390
3402
3408
3409
3412
3428
3436
3438
3439
3455
3467
3468
3469
3469
3470
3478
3494
3495
3498
3506
3530
3551
3553
3562
3571
3584
3612
3617
3619
3619
3620
3625
3629
3638
3639
3640
3646
3656
3658
3665
3671
3678
3701
3709
3712
3720
3723
3726
3760
3762
3765
3774
3775
3777
3777
3782
3783
3788
3789
3806
3806
3820
3820
3822
3829
3837
3839
3841
3851
3863
3864
3866
3868
3882
3889
3895
3902
3903
3948
3964
3973
3973
3976
3978
3984
3990
4021
4048
4063
4116
4133
4135
4138
4140
4152
4156
4162
4163
4168
4169
4184
4185
4185
4192
4193
4214
4236
4239
4244
4245
4248
4258
4265
4276
4277
4279
4294
4294
4295
4305
4307
4314
4321
4331
4334
4342
4347
4356
4370
4372
4382
4384
4386
4398
4410
4424
4427
4439
4451
4485
4485
4487
4489
4504
4510
4513
4521
4525
4526
4534
4536
4536
4536
4555
4566
4577
4591
4602
4606
4628
4637
4665
4684
4687
4689
4696
4700
4712
4715
4719
4724
4744
4752
4773
4774
4782
4786
4804
4804
4813
4815
4826
4837
4837
4839
4840
4842
4848
4848
4853
4857
4865
4874
4898
4923
4926
4932
4937
4942
4956
4962
4973
4980
4997
4999
4999
5011
5016
5024
5026
5028
5041
5047
5053
5058
5065
5075
5086
5093
5094
5097
5118
5122
5125
5134
5135
5146
5153
5170
5170
5173
5184
5186
5189
5196
5197
5197
5200
5204
5214
5224
5231
5234
5251
5252
5257
5261
5264
5266
5268
5281
5291
5300
5305
5330
5345
5348
5353
5357
5357
5362
5365
5365
5382
5383
5388
5388
5392
5409
5416
5417
5431
5453
5459
5459
5463
5493
5499
5512
5514
5519
5536
5548
5565
5570
5582
5590
5602
5606
5636
5644
5668
5675
5682
5685
5695
5699
5705
5717
5720
5730
5735
5735
5744
5751
5769
5787
5790
5810
5818
5829
5843
5850
5859
5862
5864
5886
5898
5900
5945
5968
5971
5974
5976
5986
5987
5998
6009
6016
6027
6036
6050
6058
6059
6062
6063
6064
6074
6076
6077
6081
6084
6091
6099
6101
6102
6124
6133
6149
6158
6169
6182
6183
6200
6201
6216
6218
6230
6232
6243
6251
6260
6262
6263
6270
6283
6325
6342
6360
6382
6388
6394
6396
6403
6409
6421
6429
6440
6442
6466
6480
6489
6493
6502
6504
6517
6527
6538
6538
6539
6539
6542
6571
6574
6574
6580
6586
6589
6595
6612
6616
6619
6621
6623
6638
6645
6652
6664
6675
6699
6699
6700
6702
6711
6721
6727
6727
6733
6734
6742
6744
6746
6750
6751
6754
6764
6765
6768
6790
6804
6813
6819
6825
6828
6841
6841
6844
6846
6851
6854
6864
6869
6874
6875
6897
6916
6936
6944
6948
6951
6952
6963
6982
6983
6992
6995
7001
7030
7043
7072
7080
7092
7097
7105
7119
7121
7127
7129
7129
7130
7130
7141
7149
7157
7167
7170
7171
7174
7188
7188
7191
7191
7192
7205
7206
7212
7243
7252
7259
7263
7268
7268
7278
7286
7290
7324
7325
7333
7334
7337
7338
7340
7356
7361
7367
7371
7371
7402
7407
7408
7422
7430
7450
7451
7458
7470
7472
7476
7479
7481
7481
7486
7486
7492
7497
7515
7527
7536
7553
7571
7572
7574
7584
7590
7613
7614
7624
7639
7659
7660
7665
7675
7678
7693
7750
7758
7759
7778
7782
7785
7787
7805
7806
7811
7822
7835
7837
7847
7850
7853
7855
7858
7858
7860
7860
7869
7871
7873
7880
7894
7898
7905
7906
7906
7907
7909
7910
7917
7920
7924
7945
7946
7963
7966
7968
7973
7982
7990
7992
7994
8008
8020
8046
8047
8053
8053
8054
8061
8062
8088
8096
8099
8106
8115
8115
8117
8124
8128
8140
8151
8152
8158
8161
8161
8164
8166
8173
8174
8184
8189
8198
8238
8243
8255
8259
8271
8284
8284
8297
8302
8304
8328
8333
8343
8346
8346
8357
8390
8425
8433
8445
8445
8473
8476
8480
8481
8505
8507
8508
8508
8508
8512
8513
8526
8533
8535
8562
8581
8588
8592
8603
8621
8631
8642
8658
8661
8661
8671
8673
8688
8714
8724
8735
8744
8754
8762
8771
8778
8783
8793
8802
8806
8816
8824
8837
8841
8849
8853
8860
8864
8866
8880
8882
8890
8928
8929
8931
8936
8940
8958
8968
8975
8977
8989
9001
9004
9006
9008
9018
9019
9023
9071
9077
9078
9080
9081
9100
9104
9106
9110
9115
9121
9142
9149
9151
9154
9158
9168
9169
9186
9194
9206
9219
9232
9241
9244
9244
9255
9261
9263
9276
9277
9281
9294
9301
9319
9323
9325
9350
9353
9381
9384
9390
9402
9418
9423
9423
9424
9426
9451
9462
9474
9478
9511
9546
9555
9573
9575
9602
9604
9609
9620
9621
9623
9626
9627
9640
9644
9649
9657
9664
9665
9668
9679
9682
9686
9688
9689
9695
9703
9706
9707
9713
9714
9714
9722
9723
9726
9731
9740
9745
9746
9748
9748
9751
9753
9761
9773
9775
9787
9792
9793
9801
9814
9837
9843
9850
9861
9869
9888
9889
9911
9924
9926
9941
9942
9945
9948
9952
9968
9971
9976
9976
9986
9993
10008
10010
10010
10019
10023
10038
10044
10049
10052
10054
10059
10062
10062
10069
10071
10081
10085
10097
10097
10101
10102
10121
10124
10130
10130
10141
10143
10153
10155
10155
10161
10164
10188
10189
10193
10197
10207
10210
10228
10240
10259
10274
10280
10283
10285
10288
10301
10303
10321
10329
10346
10348
10355
10359
10372
10372
10374
10375
10386
10396
10396
10401
10405
10406
10412
10421
10425
10448
10462
10463
10463
10472
10475
10481
10485
10486
10492
10504
10509
10514
10515
10526
10543
10547
10550
10559
10568
10570
10571
10571
10577
10581
10582
10594
10610
10611
10613
10615
10616
10624
10625
10626
10634
10637
10638
10648
10652
10657
10657
10658
10670
10675
10675
10683
10692
10693
10713
10715
10722
10734
10737
10745
10762
10781
10781
10794
10808
10809
10811
10846
10849
10850
10877
10887
10901
10912
10930
10958
10959
10974
10980
10984
10986
10993
11005
11006
11007
11008
11012
11021
11024
11041
11041
11063
11071
11092
11093
11096
11110
11113
11118
11127
11129
11134
11146
11148
11162
11165
11168
11178
11186
11188
11193
11214
11214
11244
11246
11257
11268
11276
11288
11289
11292
11294
11303
11310
11324
11327
11328
11334
11345
11354
11358
11371
11375
11383
11397
11401
11404
11424
11425
11425
11443
11443
11449
11456
11460
11465
11479
11483
11492
11497
11499
11500
11504
11537
11542
11554
11568
11571
11582
11595
11600
11601
11608
11613
11619
11627
11636
11648
11652
11657
11669
11675
11676
11696
11698
11704
11717
11717
11719
11720
11740
11747
11749
11759
11761
11763
11788
11794
11796
11803
11817
11838
11861
11878
11878
11889
11889
11895
11895
11905
11913
11919
11951
11953
11987
12001
12006
12013
12015
12024
12047
12051
12060
12061
12088
12094
12102
12104
12119
12129
12133
12135
12142
12142
12165
12175
12185
12185
12205
12237
12247
12253
12254
12264
12272
12295
12302
12304
12305
12314
12323
12327
12330
12331
12334
12335
12343
12346
12347
12348
12353
12357
12361
12369
12385
12388
12399
12405
12409
12411
12426
12442
12451
12460
12461
12493
12503
12509
12530
12533
12547
12549
12554
12555
12557
12558
12586
12594
12610
12623
12631
12638
12641
12652
12657
12662
12673
12676
12683
12684
12684
12697
12728
12738
12742
12744
12751
12759
12761
12766
12770
12804
12811
12813
12817
12820
12837
12861
12863
12865
12868
12869
12869
12873
12882
12892
12897
12910
12914
12914
12920
12927
12941
12958
12966
12976
12991
12993
12993
12996
13007
13019
13035
13042
13066
13074
13079
13085
13087
13088
13092
13095
13098
13108
13118
13143
13145
13150
13153
13153
13155
13162
13166
13176
13196
13198
13199
13215
13237
13241
13253
13267
13293
13296
13298
13305
13315
13342
13345
13347
13349
13356
13387
13389
13397
13399
13402
13406
13415
13430
13431
13437
13444
13448
13448
13454
13464
13470
13473
13525
13551
13556
13568
13579
13589
13591
13593
13603
13604
13613
13620
13628
13628
13628
13649
13658
13660
13671
13686
13687
13714
13724
13735
13743
13747
13766
13773
13790
13796
13801
13811
13814
13815
13817
13822
13823
13824
13862
13881
13884
13910
13922
13932
13932
13934
13937
13940
13953
13978
13995
13998
14010
14019
14026
14039
14050
14051
14061
14063
14070
14075
14103
14122
14170
14181
14187
14199
14202
14216
14220
14221
14223
14231
14235
14238
14251
14256
14290
14292
14297
14299
14318
14337
14348
14354
14366
14371
14373
14375
14381
14386
14410
14417
14433
14434
14437
14449
14455
14463
14466
14466
14469
14470
14477
14479
14482
14483
14483
14487
14498
14513
14514
14533
14538
14553
14555
14569
14581
14582
14605
14610
14634
14637
14640
14651
14653
14680
14688
14688
14715
14718
14724
14725
14744
14746
14752
14755
14765
14782
14782
14783
14791
14791
14800
14804
14809
14816
14824
14827
14832
14841
14848
14858
14862
14868
14869
14879
14886
14894
14932
14940
14960
14962
14965
14965
14967
14978
14983
14991
15004
15004
15015
15027
15038
15042
15061
15074
15076
15077
15099
15102
15113
15117
15118
15118
15122
15135
15139
15140
15145
15160
15168
15174
15178
15182
15199
15200
15201
15204
15231
15233
15238
15242
15248
15250
15257
15270
15275
15283
15285
15286
15299
15301
15305
15306
15338
15350
15354
15358
15365
15366
15367
15371
15398
15403
15404
15420
15430
15435
15457
15461
15461
15469
15469
15476
15486
15492
15493
15508
15509
15514
15521
15532
15548
15557
15558
15559
15567
15574
15588
15606
15608
15623
15628
15632
15635
15636
15641
15645
15656
15656
15661
15664
15668
15672
15676
15677
15682
15687
15691
15702
15704
15707
15716
15732
15746
15749
15757
15758
15759
15770
15774
15777
15779
15781
15781
15797
15825
15829
15831
15840
15844
15859
15863
15871
15889
15902
15906
15921
15926
15933
15939
15945
15945
15950
15961
15970
15977
15998
15998
arquivo ordenado pelo algoritmo radix straight sort tempo da ordenação = 0 milisegundos

