1
2
2
4
5
7
7
8
9
10
12
12
13
15
16
16
17
18
19
21
21
22
24
24
24
27
27
28
29
31
31
32
33
34
35
37
37
37
38
39
42
42
43
44
44
46
48
48
49
50
51
52
52
54
55
55
57
58
58
61
61
63
64
65
65
67
67
68
68
69
70
71
73
74
75
77
77
78
79
80
82
82
82
85
85
87
88
88
89
89
92
92
93
95
95
96
98
98
99
99
102
102
103
105
105
107
108
108
108
110
112
113
114
115
115
115
118
119
119
120
122
122
123
123
124
126
126
128
129
130
130
132
132
134
134
137
138
139
139
141
141
141
142
143
144
146
147
148
149
149
152
152
153
154
156
157
158
159
160
161
161
161
163
164
166
167
167
168
169
170
171
172
172
175
176
176
177
178
179
179
181
182
183
184
186
186
187
188
189
189
191
192
193
194
196
196
196
198
198
199
201
203
203
205
205
206
206
209
210
210
211
212
213
214
215
215
217
219
219
219
220
222
224
224
226
226
227
228
229
230
230
232
233
235
235
236
238
239
239
241
242
242
243
243
244
245
247
248
249
250
251
251
253
254
255
255
257
258
258
260
261
262
262
263
266
267
267
268
269
270
272
272
273
274
276
277
277
278
280
281
281
282
282
285
285
286
287
288
288
290
292
293
294
294
295
295
298
298
299
300
300
301
302
304
305
305
308
308
308
310
311
313
314
314
315
316
317
318
318
320
321
323
323
323
326
326
327
329
330
330
331
331
334
335
336
336
338
338
338
339
340
343
343
343
345
346
347
348
348
349
352
352
354
355
355
357
357
357
359
360
362
362
362
365
365
365
367
368
370
370
371
371
373
373
375
377
377
378
379
381
381
382
382
384
384
385
386
389
389
389
391
391
394
394
394
395
398
398
399
399
400
401
402
404
405
407
407
408
408
410
411
412
413
414
415
416
417
418
419
420
421
422
423
423
425
426
427
428
429
431
431
432
433
433
434
435
436
439
439
439
441
442
443
444
445
446
446
449
450
451
451
451
454
454
456
456
457
458
460
461
461
462
463
464
465
466
466
467
469
470
472
473
473
474
475
476
477
478
479
479
481
483
483
484
484
486
486
487
490
490
491
492
493
494
495
496
498
498
498
500
502
502
503
504
505
506
507
509
509
510
511
511
513
513
515
515
517
519
519
519
522
522
523
524
524
525
526
527
529
529
532
533
533
534
535
537
538
539
539
540
541
542
542
543
545
545
546
549
550
550
551
552
553
553
555
556
557
558
560
560
561
563
563
564
564
566
567
568
569
569
571
572
573
573
574
576
577
579
579
580
580
581
584
584
585
585
586
587
589
590
590
592
593
593
594
595
597
598
600
600
601
602
603
605
605
607
607
609
610
610
610
611
614
615
616
616
616
617
619
621
621
622
623
624
624
626
626
629
629
630
631
632
633
633
634
636
637
637
639
640
642
643
643
645
645
646
647
649
649
649
650
653
654
654
655
656
657
658
658
660
661
662
662
664
665
667
667
668
669
670
671
671
674
674
676
677
677
678
680
680
681
681
683
684
685
686
686
688
689
689
691
692
693
695
695
696
697
698
699
700
701
703
704
704
705
707
707
708
708
711
712
713
713
714
716
716
717
718
719
720
722
723
723
725
725
726
728
728
729
730
731
732
733
733
736
736
737
738
740
740
741
742
743
745
745
747
747
748
750
750
752
753
753
754
756
756
756
758
758
760
761
762
763
764
765
765
767
767
770
771
772
772
773
774
775
775
777
779
779
780
780
783
783
785
785
785
787
788
788
790
791
792
793
794
794
796
798
798
799
801
801
801
803
804
806
807
807
808
809
809
810
811
812
814
815
816
818
818
819
819
821
822
823
823
826
826
827
828
830
830
830
832
834
834
835
837
837
839
839
840
840
843
843
843
845
846
847
847
849
850
851
852
853
854
856
856
856
857
859
860
861
862
864
864
864
865
866
869
870
870
871
871
873
875
875
877
877
879
879
881
881
882
883
885
885
886
887
889
889
890
890
891
893
894
895
895
896
897
899
899
900
902
902
905
905
906
907
908
909
910
910
912
914
915
915
916
917
919
919
920
921
921
924
924
924
927
927
927
928
930
931
931
934
934
934
936
936
938
939
940
941
943
943
943
945
946
946
949
950
950
950
951
953
955
956
957
958
959
959
960
961
961
964
964
966
966
967
969
969
970
972
973
974
974
974
976
977
977
979
980
982
982
984
985
986
987
987
988
989
990
991
991
992
994
995
995
997
998
998
1000
1001
1003
1003
1005
1005
1006
1007
1009
1010
1010
1010
1012
1013
1014
1015
1016
1016
1018
1020
1020
1021
1023
1024
1024
1026
1027
1028
1028
1029
1029
1031
1031
1032
1033
1036
1037
1037
1038
1040
1041
1042
1042
1043
1044
1046
1046
1047
1049
1049
1049
1051
1053
1054
1054
1055
1055
1057
1058
1060
1061
1062
1062
1064
1065
1065
1067
1068
1068
1069
1070
1071
1072
1073
1073
1075
1076
1077
1078
1078
1079
1080
1082
1083
1084
1084
1087
1087
1088
1089
1090
1090
1092
1093
1094
1095
1096
1096
1098
1098
1099
1101
1102
1102
1103
1105
1105
1107
1108
1109
1110
1110
1112
1113
1114
1114
1116
1117
1119
1119
1119
1120
1123
1123
1123
1125
1127
1128
1128
1129
1131
1131
1132
1132
1134
1135
1137
1138
1139
1139
1139
1141
1141
1144
1145
1146
1147
1148
1148
1149
1149
1151
1152
1153
1153
1156
1156
1156
1158
1159
1159
1161
1161
1162
1164
1164
1167
1167
1168
1169
1170
1170
1171
1173
1173
1175
1176
1176
1178
1179
1180
1181
1182
1184
1184
1185
1185
1186
1189
1190
1190
1190
1192
1193
1194
1194
1197
1198
1198
1199
1201
1202
1203
1203
1204
1204
1207
1207
1208
1210
1210
1210
1212
1213
1214
1214
1217
1217
1218
1220
1220
1222
1223
1224
1224
1225
1226
1227
1228
1229
1230
1231
1232
1232
1235
1235
1236
1238
1238
1239
1240
1240
1243
1243
1244
1245
1247
1247
1247
1249
1249
1251
1251
1252
1254
1255
1256
1256
1258
1259
1260
1262
1262
1263
1265
1265
1266
1267
1267
1269
1269
1272
1272
1273
1274
1275
1276
1277
1277
1280
1280
1281
1282
1284
1284
1284
1286
1288
1288
1290
1290
1291
1293
1293
1293
1296
1297
1298
1299
1299
1300
1300
1301
1303
1305
1305
1306
1306
1307
1308
1309
1312
1312
1313
1314
1315
1317
1317
1318
1319
1320
1320
1322
1323
1324
1325
1326
1328
1329
1329
1330
1331
1331
1333
1333
1336
1336
1337
1338
1340
1341
1342
1343
1343
1344
1346
1347
1347
1348
1349
1350
1351
1352
1353
1354
1355
1355
1358
1358
1358
1360
1362
1363
1364
1364
1364
1366
1367
1368
1368
1369
1370
1373
1374
1374
1374
1377
1378
1378
1379
1379
1381
1382
1384
1385
1386
1386
1386
1388
1388
1390
1390
1393
1393
1395
1396
1396
1398
1399
1400
1401
1401
1402
1404
1405
1405
1406
1407
1408
1410
1411
1411
1412
1412
1415
1415
1415
1417
1419
1420
1420
1421
1421
1424
1425
1425
1426
1426
1427
1429
1429
1431
1432
1432
1433
1435
1437
1437
1437
1440
1440
1441
1442
1442
1444
1444
1446
1446
1449
1449
1449
1452
1453
1453
1454
1455
1456
1457
1458
1458
1461
1461
1462
1462
1464
1465
1466
1468
1468
1469
1470
1470
1472
1472
1473
1474
1476
1477
1478
1478
1479
1481
1482
1483
1484
1485
1486
1486
1487
1490
1490
1491
1492
1493
1493
1496
1496
1497
1498
1499
1499
1501
1502
1503
1504
1504
1506
1506
1507
1508
1510
1511
1513
1514
1514
1514
1516
1517
1517
1520
1521
1521
1523
1523
1525
1525
1526
1527
1529
1529
1531
1531
1532
1533
1534
1535
1536
1536
1537
1538
1539
1542
1542
1543
1545
1545
1545
1547
1548
1548
1550
1551
1553
1553
1554
1555
1555
1557
1558
1559
1561
1562
1562
1564
1564
1564
1567
1567
1567
1570
1571
1571
1573
1574
1574
1575
1576
1577
1578
1580
1580
1581
1581
1583
1584
1585
1586
1587
1589
1589
1590
1591
1591
1594
1595
1596
1597
1598
1598
1598
1600
1601
1602
1602
1604
1605
1606
1607
1608
1609
1609
1611
1612
1614
1614
1614
1615
1616
1618
1618
1621
1622
1622
1622
1625
1625
1626
1627
1627
1628
1629
1631
1632
1633
1634
1635
1636
1636
1637
1638
1640
1641
1642
1643
1643
1644
1647
1647
1648
1648
1650
1651
1653
1653
1655
1656
1657
1657
1659
1659
1659
1660
1662
1663
1664
1664
1667
1667
1667
1668
1670
1670
1673
1673
1674
1675
1676
1677
1678
1679
1680
1681
1683
1684
1684
1685
1686
1687
1688
1689
1689
1691
1693
1694
1694
1694
1695
1697
1699
1699
1700
1701
1702
1703
1703
1705
1706
1707
1708
1709
1710
1712
1712
1712
1714
1715
1717
1717
1718
1718
1721
1721
1723
1724
1724
1724
1725
1728
1729
1729
1730
1731
1732
1732
1735
1735
1737
1737
1738
1738
1741
1741
1742
1743
1744
1744
1746
1746
1748
1749
1750
1751
1752
1754
1754
1756
1756
1757
1758
1759
1759
1762
1763
1763
1764
1765
1766
1766
1768
1770
1770
1771
1773
1774
1774
1776
1777
1777
1778
1779
1781
1781
1782
1783
1784
1784
1785
1786
1789
1790
1790
1790
1793
1793
1793
1794
1795
1796
1798
1798
1800
1802
1802
1803
1804
1805
1806
1807
1808
1809
1810
1810
1811
1813
1814
1814
1817
1817
1817
1818
1820
1821
1822
1822
1824
1824
1826
1828
1828
1830
1830
1831
1833
1833
1835
1836
1836
1837
1839
1840
1840
1841
1843
1843
1844
1845
1846
1846
1849
1849
1849
1850
1852
1853
1854
1855
1856
1857
1858
1859
1860
1860
1862
1863
1864
1864
1865
1867
1868
1868
1870
1871
1872
1874
1875
1875
1876
1877
1878
1879
1880
1881
1882
1883
1884
1884
1887
1888
1889
1890
1890
1891
1893
1894
1895
1895
1895
1897
1897
1899
1900
1901
1901
1903
1904
1904
1907
1907
1908
1908
1910
1911
1912
1914
1914
1915
1915
1916
1918
1919
1919
1920
1922
1923
1924
1925
1926
1926
1929
1929
1931
1931
1932
1934
1934
1935
1936
1936
1937
1938
1941
1942
1942
1943
1945
1945
1946
1947
1949
1949
1949
1952
1953
1953
1954
1956
1956
1958
1959
1959
1961
1961
1962
1962
1963
1965
1965
1966
1967
1969
1970
1972
1972
1972
1973
1975
1977
1978
1978
1979
1981
1982
1983
1983
1984
1985
1986
1987
1989
1989
1989
1991
1992
1992
1995
1996
1996
1997
1997
1999
2000
2001
2003
2003
2005
2006
2006
2007
2008
2009
2009
2011
2012
2013
2014
2014
2017
2017
2018
2020
2020
2021
2022
2022
2025
2025
2027
2028
2029
2030
2030
2031
2032
2034
2035
2035
2036
2037
2039
2040
2040
2041
2042
2043
2044
2046
2046
2047
2048
2049
2050
2052
2052
2054
2055
2055
2056
2058
2058
2058
2061
2061
2061
2062
2064
2065
2067
2067
2068
2069
2070
2072
2072
2074
2075
2076
2076
2077
2078
2078
2080
2081
2081
2083
2084
2084
2086
2087
2088
2089
2090
2090
2092
2094
2094
2095
2096
2096
2098
2100
2100
2101
2102
2104
2105
2106
2106
2107
2108
2108
2110
2110
2112
2113
2113
2114
2115
2118
2119
2119
2120
2121
2122
2123
2123
2126
2126
2126
2128
2128
2130
2130
2131
2133
2133
2135
2136
2136
2137
2138
2139
2141
2141
2142
2144
2145
2145
2147
2148
2148
2150
2151
2152
2153
2155
2155
2156
2157
2157
2159
2160
2161
2162
2164
2165
2166
2166
2166
2167
2169
2169
2171
2172
2172
2174
2175
2176
2178
2178
2179
2179
2181
2182
2184
2185
2185
2186
2186
2189
2190
2191
2192
2192
2193
2194
2194
2196
2196
2198
2199
2201
2202
2202
2202
2204
2205
2206
2207
2207
2210
2210
2211
2211
2213
2214
2215
2217
2217
2218
2220
2220
2221
2222
2223
2224
2225
2225
2228
2228
2229
2230
2232
2233
2234
2234
2234
2235
2237
2238
2238
2240
2241
2241
2244
2245
2245
2246
2247
2248
2249
2251
2251
2253
2253
2253
2256
2257
2258
2259
2259
2261
2261
2262
2263
2263
2265
2266
2266
2268
2269
2270
2270
2271
2274
2274
2275
2276
2278
2278
2279
2279
2281
2283
2284
2284
2285
2286
2286
2289
2289
2290
2291
2292
2292
2295
2295
2295
2298
2299
2299
2300
2301
2303
2303
2303
2305
2307
2307
2308
2309
2309
2311
2311
2313
2314
2314
2315
2316
2317
2319
2320
2321
2321
2323
2324
2325
2326
2327
2328
2328
2330
2330
2333
2333
2334
2335
2335
2337
2337
2339
2341
2341
2342
2342
2344
2346
2346
2347
2349
2349
2351
2352
2352
2353
2354
2354
2355
2356
2358
2359
2360
2360
2362
2363
2364
2365
2365
2368
2369
2369
2371
2372
2372
2373
2373
2374
2377
2377
2378
2379
2379
2382
2382
2383
2383
2385
2386
2387
2387
2390
2390
2391
2391
2392
2393
2396
2396
2397
2397
2399
2400
2401
2401
2403
2403
2405
2406
2407
2407
2409
2410
2411
2412
2413
2414
2416
2416
2418
2418
2419
2420
2421
2421
2422
2424
2425
2425
2426
2428
2429
2430
2431
2432
2433
2434
2436
2436
2436
2437
2440
2441
2441
2442
2443
2444
2446
2446
2448
2449
2450
2450
2451
2451
2454
2454
2455
2456
2458
2458
2459
2459
2460
2461
2463
2464
2466
2466
2468
2469
2470
2470
2472
2472
2473
2474
2475
2475
2476
2478
2478
2479
2480
2482
2483
2483
2485
2486
2488
2488
2489
2490
2491
2492
2494
2495
2495
2496
2497
2498
2500
2500
2502
2503
2503
2503
2505
2505
2508
2508
2510
2511
2511
2513
2514
2515
2515
2516
2517
2518
2518
2520
2521
2522
2524
2524
2525
2526
2527
2528
2528
2529
2531
2532
2532
2533
2535
2536
2537
2537
2538
2539
2540
2541
2543
2543
2546
2547
2548
2549
2549
2550
2551
2552
2552
2554
2554
2555
2557
2558
2558
2559
2561
2562
2563
2563
2565
2566
2568
2568
2570
2571
2571
2571
2574
2575
2575
2577
2578
2578
2580
2581
2581
2582
2583
2584
2585
2587
2588
2588
2589
2590
2591
2591
2593
2594
2595
2597
2597
2598
2599
2599
2602
2602
2602
2603
2606
2606
2607
2608
2608
2609
2612
2613
2613
2614
2615
2615
2617
2618
2618
2619
2621
2622
2622
2623
2624
2626
2628
2628
2628
2631
2631
2632
2634
2634
2634
2636
2637
2638
2639
2640
2641
2642
2642
2644
2645
2647
2647
2648
2650
2651
2651
2652
2653
2654
2655
2656
2657
2659
2659
2660
2660
2663
2664
2664
2665
2667
2668
2668
2669
2669
2670
2671
2674
2674
2675
2676
2676
2678
2679
2679
2681
2682
2683
2684
2686
2686
2687
2688
2689
2690
2692
2693
2694
2694
2695
2696
2698
2699
2699
2699
2700
2703
2704
2704
2705
2706
2706
2707
2709
2710
2710
2712
2713
2714
2715
2717
2718
2718
2719
2719
2722
2722
2723
2725
2725
2726
2726
2728
2728
2730
2731
2732
2733
2734
2735
2736
2737
2738
2739
2739
2740
2743
2743
2744
2745
2745
2747
2748
2750
2751
2751
2752
2753
2755
2755
2756
2756
2759
2759
2760
2761
2762
2763
2765
2766
2767
2767
2768
2769
2769
2771
2772
2772
2773
2774
2776
2776
2778
2780
2780
2780
2782
2783
2784
2784
2787
2787
2788
2789
2790
2791
2792
2793
2794
2795
2795
2796
2799
2799
2800
2800
2801
2802
2803
2804
2806
2808
2808
2810
2810
2811
2811
2812
2815
2815
2816
2818
2819
2819
2819
2821
2823
2823
2824
2825
2825
2828
2828
2828
2829
2831
2832
2833
2835
2835
2837
2837
2838
2839
2840
2840
2843
2843
2844
2846
2846
2847
2848
2849
2849
2852
2852
2853
2854
2854
2856
2858
2858
2860
2861
2862
2862
2863
2864
2866
2866
2867
2867
2868
2871
2871
2872
2874
2874
2876
2876
2876
2879
2879
2881
2882
2882
2882
2883
2886
2887
2888
2888
2889
2890
2892
2893
2893
2894
2895
2896
2898
2898
2899
2900
2901
2902
2902
2904
2905
2907
2907
2908
2909
2911
2911
2912
2913
2913
2915
2916
2918
2918
2919
2919
2921
2921
2924
2924
2926
2926
2927
2928
2929
2931
2931
2933
2934
2934
2935
2935
2937
2937
2940
2940
2942
2942
2942
2943
2945
2946
2947
2948
2950
2950
2951
2952
2953
2955
2956
2956
2957
2959
2960
2961
2961
2962
2963
2964
2965
2966
2967
2968
2969
2970
2970
2971
2974
2974
2974
2976
2976
2978
2978
2980
2980
2981
2984
2984
2986
2986
2987
2987
2989
2989
2990
2991
2993
2995
2996
2997
2997
2998
2999
3000
3002
3002
3003
3004
3005
3005
3007
3007
3010
3011
3011
3013
3014
3014
3015
3017
3017
3019
3019
3020
3021
3022
3023
3024
3024
3026
3027
3028
3028
3030
3030
3032
3033
3033
3035
3036
3037
3038
3038
3040
3042
3043
3043
3045
3045
3047
3047
3047
3049
3050
3051
3052
3053
3054
3055
3055
3058
3058
3059
3059
3061
3061
3063
3064
3065
3067
3067
3068
3069
3071
3071
3072
3073
3073
3075
3076
3078
3078
3079
3080
3081
3083
3083
3084
3084
3087
3087
3088
3089
3090
3091
3091
3093
3094
3094
3097
3097
3098
3099
3100
3101
3103
3103
3103
3104
3106
3107
3107
3108
3111
3112
3112
3112
3114
3115
3115
3117
3117
3119
3119
3121
3122
3122
3124
3124
3126
3127
3128
3128
3130
3131
3131
3133
3134
3135
3136
3137
3138
3138
3141
3142
3143
3143
3145
3145
3146
3147
3148
3150
3150
3151
3152
3153
3154
3155
3156
3158
3158
3159
3160
3161
3161
3162
3165
3165
3166
3167
3168
3169
3171
3171
3172
3173
3174
3174
3176
3177
3177
3179
3180
3181
3183
3183
3184
3185
3186
3186
3187
3188
3189
3192
3192
3193
3195
3195
3197
3198
3198
3199
3200
3201
3203
3203
3204
3205
3206
3207
3208
3210
3211
3211
3213
3213
3214
3214
3216
3218
3218
3219
3221
3221
3221
3222
3224
3225
3226
3227
3227
3229
3231
3231
3233
3233
3234
3235
3235
3237
3239
3240
3240
3241
3242
3244
3245
3245
3246
3247
3247
3248
3250
3250
3251
3252
3254
3256
3256
3257
3257
3260
3261
3262
3262
3263
3265
3265
3265
3268
3269
3270
3270
3271
3273
3273
3273
3275
3275
3278
3278
3279
3280
3280
3281
3283
3284
3285
3286
3288
3289
3290
3291
3291
3292
3293
3293
3295
3296
3297
3298
3299
3300
3301
3302
3304
3305
3305
3305
3306
3308
3309
3310
3310
3311
3312
3315
3315
3316
3317
3319
3319
3319
3321
3322
3322
3323
3325
3326
3327
3328
3329
3329
3330
3331
3333
3334
3335
3337
3337
3338
3339
3339
3342
3342
3343
3345
3345
3345
3347
3347
3348
3349
3351
3353
3354
3354
3354
3355
3357
3358
3359
3360
3361
3361
3362
3365
3366
3366
3367
3367
3368
3369
3372
3373
3373
3374
3376
3377
3377
3379
3380
3380
3380
3382
3383
3384
3385
3386
3387
3388
3389
3389
3390
3392
3392
3394
3395
3397
3398
3398
3399
3399
3401
3402
3402
3404
3405
3405
3406
3407
3408
3409
3411
3412
3413
3414
3414
3417
3417
3417
3420
3420
3420
3423
3423
3423
3425
3425
3426
3428
3429
3430
3431
3432
3434
3434
3435
3436
3436
3437
3439
3440
3441
3442
3443
3444
3444
3447
3447
3449
3450
3450
3451
3451
3454
3455
3455
3456
3456
3459
3460
3461
3461
3462
3463
3464
3465
3465
3466
3467
3469
3469
3470
3472
3474
3475
3475
3476
3478
3478
3480
3480
3481
3481
3483
3484
3484
3486
3487
3488
3489
3490
3490
3491
3492
3493
3495
3497
3497
3497
3500
3500
3500
3502
3503
3504
3505
3507
3507
3508
3509
3509
3510
3513
3514
3514
3516
3517
3518
3518
3519
3520
3522
3522
3523
3523
3524
3526
3526
3529
3529
3529
3530
3533
3533
3534
3534
3536
3536
3538
3540
3540
3541
3542
3543
3545
3546
3546
3548
3549
3549
3550
3551
3553
3553
3554
3554
3557
3557
3557
3560
3561
3561
3561
3562
3563
3565
3565
3568
3569
3570
3571
3571
3571
3572
3573
3574
3575
3577
3579
3579
3580
3580
3581
3583
3583
3584
3586
3586
3589
3589
3590
3591
3592
3593
3595
3595
3596
3596
3598
3600
3600
3600
3602
3603
3605
3605
3606
3607
3608
3610
3610
3612
3612
3613
3615
3615
3615
3616
3619
3620
3620
3621
3623
3623
3624
3625
3626
3627
3628
3629
3630
3631
3632
3633
3633
3636
3636
3637
3637
3639
3641
3642
3642
3642
3644
3645
3647
3648
3648
3648
3651
3651
3651
3653
3655
3656
3656
3658
3658
3660
3660
3660
3661
3663
3664
3664
3666
3667
3668
3669
3671
3671
3673
3673
3675
3675
3676
3677
3678
3679
3679
3680
3682
3683
3684
3685
3685
3687
3689
3689
3690
3691
3693
3693
3693
3694
3695
3697
3699
3699
3700
3701
3702
3703
3704
3704
3707
3707
3707
3709
3711
3711
3713
3714
3715
3715
3717
3717
3718
3720
3720
3721
3722
3723
3723
3725
3727
3727
3727
3730
3731
3731
3732
3733
3734
3735
3736
3738
3739
3740
3740
3741
3741
3742
3744
3745
3746
3747
3749
3749
3750
3750
3751
3754
3754
3755
3756
3757
3759
3760
3761
3762
3762
3763
3765
3765
3767
3767
3769
3769
3769
3771
3771
3772
3775
3775
3775
3776
3777
3780
3781
3781
3781
3782
3784
3784
3786
3786
3788
3789
3789
3790
3792
3794
3795
3795
3795
3797
3797
3798
3801
3801
3803
3803
3804
3806
3806
3807
3807
3810
3810
3812
3812
3813
3813
3814
3816
3818
3818
3819
3821
3821
3822
3823
3823
3826
3827
3827
3827
3828
3829
3831
3833
3834
3834
3836
3836
3837
3837
3839
3840
3842
3843
3844
3844
3846
3846
3847
3847
3848
3850
3852
3853
3853
3854
3854
3856
3858
3859
3860
3860
3860
3862
3862
3863
3864
3865
3868
3868
3869
3871
3871
3872
3873
3873
3874
3877
3877
3877
3880
3880
3880
3883
3884
3885
3886
3887
3887
3889
3890
3890
3890
3892
3893
3894
3896
3896
3898
3898
3900
3900
3901
3902
3903
3903
3904
3905
3908
3908
3909
3911
3911
3913
3913
3913
3915
3915
3917
3918
3918
3921
3922
3922
3924
3924
3925
3927
3927
3927
3929
3929
3931
3932
3932
3933
3935
3936
3937
3937
3940
3940
3941
3941
3944
3944
3944
3946
3948
3948
3950
3951
3951
3953
3953
3953
3956
3957
3957
3958
3958
3961
3961
3961
3964
3964
3965
3965
3966
3969
3969
3969
3971
3972
3973
3974
3974
3977
3977
3978
3979
3980
3981
3982
3982
3984
3984
3987
3987
3987
3990
3990
3992
3992
3994
3994
3995
3995
3996
3998
4000
4000
4002
4002
4002
4003
4005
4005
4006
4008
4009
4010
4010
4012
4013
4014
4015
4015
4017
4019
4019
4019
4020
4021
4023
4024
4025
4025
4026
4028
4029
4031
4031
4031
4032
4034
4035
4036
4036
4039
4039
4039
4041
4042
4043
4044
4044
4046
4046
4048
4048
4051
4052
4052
4052
4055
4055
4056
4056
4058
4058
4060
4061
4062
4062
4063
4064
4067
4067
4067
4069
4070
4071
4071
4072
4074
4076
4076
4077
4077
4079
4080
4082
4082
4083
4085
4085
4087
4088
4089
4090
4091
4091
4091
4093
4094
4094
4096
4097
4097
4099
4100
4102
4102
4103
4105
4106
4106
4107
4108
4110
4110
4112
4112
4112
4113
4115
4116
4117
4117
4119
4120
4121
4123
4123
4124
4126
4127
4127
4128
4130
4130
4132
4133
4133
4134
4136
4137
4138
4138
4139
4140
4140
4141
4142
4144
4145
4147
4147
4148
4148
4151
4152
4152
4153
4153
4155
4155
4158
4159
4159
4160
4161
4162
4163
4164
4164
4167
4167
4169
4170
4170
4171
4172
4173
4174
4174
4175
4178
4178
4180
4180
4182
4182
4182
4183
4186
4186
4186
4187
4190
4191
4191
4191
4192
4194
4196
4196
4197
4198
4199
4200
4202
4202
4204
4204
4205
4205
4208
4209
4210
4211
4211
4212
4214
4214
4215
4216
4216
4219
4219
4219
4221
4221
4223
4225
4226
4226
4227
4228
4229
4229
4230
4231
4233
4234
4235
4236
4237
4238
4239
4239
4241
4242
4244
4244
4246
4246
4246
4248
4248
4251
4251
4253
4253
4253
4255
4256
4257
4257
4259
4261
4261
4262
4263
4263
4265
4266
4267
4268
4270
4271
4271
4273
4273
4273
4275
4276
4277
4278
4280
4281
4282
4282
4283
4283
4285
4286
4287
4288
4290
4290
4291
4292
4294
4295
4296
4296
4298
4298
4299
4300
4301
4302
4302
4303
4306
4306
4307
4308
4309
4310
4311
4312
4312
4313
4315
4317
4317
4317
4318
4321
4322
4323
4323
4325
4325
4326
4326
4328
4328
4329
4332
4333
4334
4335
4336
4336
4337
4338
4338
4340
4342
4342
4343
4344
4346
4346
4347
4348
4349
4350
4351
4352
4354
4354
4355
4356
4357
4357
4359
4360
4361
4362
4362
4364
4365
4365
4366
4368
4369
4369
4372
4372
4373
4374
4374
4375
4376
4378
4379
4380
4381
4382
4382
4384
4385
4386
4387
4387
4389
4391
4391
4392
4392
4393
4396
4396
4397
4398
4399
4401
4401
4403
4404
4404
4405
4407
4407
4408
4409
4410
4410
4412
4412
4414
4414
4416
4417
4419
4420
4420
4422
4423
4423
4424
4424
4427
4428
4428
4429
4430
4431
4431
4432
4433
4435
4435
4436
4437
4440
4441
4441
4442
4443
4445
4446
4447
4447
4448
4450
4450
4450
4453
4453
4455
4456
4456
4457
4458
4459
4460
4460
4462
4463
4464
4466
4466
4468
4468
4470
4470
4470
4472
4474
4475
4475
4477
4478
4479
4479
4481
4481
4482
4483
4483
4484
4486
4487
4488
4489
4489
4492
4492
4492
4493
4494
4497
4497
4498
4499
4499
4502
4503
4503
4505
4506
4507
4507
4508
4509
4509
4511
4513
4513
4514
4514
4515
4517
4518
4519
4519
4520
4521
4522
4523
4525
4526
4527
4528
4529
4531
4532
4533
4533
4533
4536
4536
4536
4538
4539
4540
4541
4542
4542
4545
4545
4546
4548
4548
4549
4550
4550
4553
4553
4554
4556
4557
4557
4558
4559
4559
4560
4561
4564
4565
4566
4567
4567
4568
4569
4569
4571
4571
4572
4575
4576
4577
4577
4579
4579
4580
4581
4582
4583
4585
4586
4586
4587
4589
4590
4590
4590
4591
4592
4593
4594
4596
4597
4597
4600
4600
4601
4602
4603
4604
4605
4606
4608
4609
4609
4610
4611
4612
4614
4614
4614
4616
4617
4617
4618
4619
4622
4622
4623
4623
4626
4626
4627
4628
4629
4630
4630
4631
4633
4635
4635
4636
4637
4639
4640
4640
4640
4642
4643
4643
4645
4646
4647
4648
4650
4650
4652
4652
4653
4654
4656
4656
4657
4657
4658
4659
4660
4663
4663
4663
4665
4666
4666
4667
4668
4669
4671
4672
4672
4674
4676
4676
4678
4678
4679
4680
4682
4683
4683
4684
4684
4687
4688
4688
4690
4690
4691
4692
4692
4693
4695
4697
4697
4699
4699
4701
4701
4702
4702
4705
4705
4705
4706
4709
4709
4710
4712
4712
4712
4714
4715
4716
4717
4719
4720
4720
4720
4722
4723
4724
4726
4727
4727
4728
4730
4731
4731
4732
4733
4734
4736
4737
4737
4738
4739
4740
4741
4742
4742
4745
4746
4747
4747
4748
4750
4750
4750
4751
4753
4754
4755
4756
4756
4758
4760
4761
4761
4761
4763
4764
4766
4766
4767
4768
4769
4769
4771
4771
4773
4774
4775
4776
4778
4778
4779
4781
4781
4781
4782
4785
4786
4786
4787
4789
4789
4791
4791
4792
4792
4795
4795
4795
4797
4797
4798
4801
4801
4802
4802
4803
4805
4806
4807
4808
4808
4809
4810
4812
4813
4814
4815
4815
4817
4818
4819
4820
4821
4822
4823
4824
4825
4827
4827
4828
4829
4830
4830
4832
4833
4833
4836
4836
4838
4838
4839
4841
4842
4842
4843
4844
4846
4846
4847
4848
4849
4849
4851
4852
4853
4854
4855
4856
4857
4857
4860
4861
4861
4862
4863
4863
4864
4866
4867
4868
4869
4869
4870
4871
4874
4875
4875
4877
4877
4877
4879
4880
4880
4881
4884
4885
4885
4887
4887
4888
4888
4890
4891
4892
4892
4894
4896
4896
4896
4899
4900
4900
4901
4902
4904
4904
4905
4906
4908
4909
4909
4910
4910
4911
4912
4913
4916
4916
4917
4918
4919
4921
4921
4921
4922
4925
4925
4926
4928
4929
4930
4930
4931
4932
4934
4935
4936
4937
4937
4939
4939
4940
4942
4942
4943
4943
4945
4945
4946
4948
4950
4950
4950
4952
4954
4954
4955
4956
4957
4957
4959
4961
4962
4962
4964
4964
4965
4967
4967
4969
4969
4970
4971
4973
4973
4974
4974
4977
4978
4978
4979
4981
4981
4982
4983
4984
4985
4985
4986
4988
4988
4989
4990
4991
4993
4993
4995
4996
4997
4998
4999
5000
5002
5003
5003
5003
5005
5006
5007
5008
5008
5010
5011
5011
5014
5015
5016
5016
5017
5018
5020
5020
5020
5021
5023
5024
5024
5026
5026
5029
5030
5030
5032
5032
5033
5034
5035
5036
5036
5037
5039
5039
5042
5043
5043
5044
5045
5046
5047
5047
5050
5050
5051
5051
5053
5053
5054
5056
5058
5059
5059
5060
5061
5062
5063
5065
5066
5066
5066
5069
5069
5070
5070
5072
5074
5074
5075
5076
5077
5078
5079
5080
5082
5082
5083
5084
5086
5086
5087
5089
5089
5091
5091
5092
5093
5094
5094
5096
5097
5098
5099
5100
5101
5102
5103
5104
5105
5106
5106
5108
5109
5110
5110
5111
5112
5115
5116
5117
5117
5118
5119
5119
5122
5123
5123
5124
5125
5126
5128
5128
5129
5129
5130
5131
5132
5134
5134
5137
5137
5137
5138
5141
5142
5142
5142
5144
5145
5146
5147
5148
5149
5149
5152
5152
5152
5153
5154
5157
5158
5159
5159
5160
5160
5163
5164
5164
5165
5167
5167
5168
5169
5171
5171
5172
5172
5173
5174
5175
5177
5178
5178
5180
5180
5181
5182
5185
5185
5186
5187
5188
5188
5189
5190
5193
5193
5194
5195
5196
5197
5197
5199
5200
5201
5203
5203
5204
5206
5206
5207
5209
5210
5210
5211
5212
5213
5215
5215
5215
5216
5218
5219
5220
5221
5221
5224
5224
5225
5226
5226
5227
5230
5231
5231
5231
5234
5234
5236
5236
5236
5237
5238
5239
5241
5242
5243
5244
5245
5245
5247
5248
5249
5250
5251
5252
5252
5255
5255
5255
5256
5259
5259
5261
5261
5262
5262
5264
5265
5265
5266
5269
5269
5269
5270
5271
5272
5273
5274
5277
5277
5277
5278
5279
5280
5281
5283
5284
5286
5286
5287
5287
5289
5291
5291
5291
5292
5294
5295
5296
5297
5298
5299
5300
5302
5303
5303
5303
5306
5306
5307
5308
5308
5310
5311
5311
5313
5314
5315
5315
5318
5318
5319
5320
5320
5322
5324
5324
5324
5326
5327
5327
5328
5331
5331
5333
5333
5333
5334
5336
5337
5337
5339
5339
5341
5342
5343
5344
5345
5346
5347
5349
5349
5350
5351
5352
5353
5353
5354
5357
5357
5358
5359
5359
5360
5361
5364
5364
5365
5367
5367
5368
5368
5369
5372
5373
5373
5373
5375
5375
5378
5378
5379
5379
5380
5382
5384
5385
5385
5387
5387
5389
5389
5390
5392
5393
5393
5393
5396
5396
5397
5398
5399
5400
5401
5401
5403
5403
5405
5407
5407
5408
5408
5409
5411
5411
5413
5414
5416
5416
5416
5418
5418
5420
5420
5423
5423
5424
5426
5426
5427
5427
5428
5431
5431
5432
5433
5433
5434
5437
5437
5437
5438
5440
5440
5443
5444
5445
5445
5446
5447
5449
5449
5449
5450
5452
5452
5453
5455
5456
5457
5457
5459
5460
5460
5462
5463
5463
5465
5466
5467
5469
5470
5470
5471
5471
5473
5474
5475
5476
5476
5477
5478
5480
5481
5482
5482
5484
5485
5486
5486
5487
5489
5490
5491
5491
5493
5494
5495
5497
5498
5499
5500
5500
5501
5502
5502
5503
5505
5506
5506
5508
5509
5509
5510
5513
5514
5514
5515
5516
5518
5519
5519
5520
5521
5521
5524
5524
5525
5526
5526
5528
5529
5529
5531
5533
5533
5535
5536
5536
5537
5537
5539
5540
5541
5542
5543
5544
5544
5546
5547
5548
5549
5550
5550
5551
5553
5554
5555
5557
5557
5559
5559
5559
5562
5562
5563
5565
5566
5567
5568
5568
5569
5569
5570
5571
5572
5575
5575
5576
5577
5579
5580
5580
5581
5582
5583
5585
5585
5587
5587
5588
5590
5591
5591
5592
5592
5594
5595
5597
5597
5598
5598
5599
5601
5602
5602
5604
5604
5605
5607
5607
5608
5609
5611
5613
5613
5614
5614
5615
5618
5618
5620
5621
5622
5622
5622
5624
5625
5625
5627
5628
5628
5631
5631
5631
5633
5635
5636
5637
5637
5638
5638
5639
5642
5642
5642
5644
5645
5645
5648
5648
5648
5650
5651
5653
5653
5655
5656
5657
5658
5658
5658
5659
5662
5663
5663
5664
5665
5666
5666
5669
5670
5670
5670
5672
5673
5674
5675
5675
5678
5678
5679
5681
5681
5681
5683
5684
5684
5686
5688
5688
5689
5689
5690
5693
5694
5694
5695
5697
5697
5699
5699
5700
5700
5703
5703
5704
5704
5707
5707
5707
5709
5710
5710
5713
5713
5714
5715
5716
5717
5718
5719
5721
5721
5722
5724
5725
5725
5725
5728
5729
5730
5730
5731
5731
5732
5733
5735
5736
5737
5738
5740
5740
5741
5741
5743
5743
5744
5747
5747
5749
5749
5749
5751
5751
5753
5754
5754
5756
5758
5758
5759
5760
5761
5763
5764
5764
5765
5766
5766
5767
5769
5769
5771
5772
5773
5773
5776
5776
5776
5778
5779
5780
5781
5781
5784
5784
5786
5787
5788
5788
5788
5789
5790
5791
5792
5794
5795
5795
5797
5798
5799
5801
5801
5801
5802
5805
5805
5807
5807
5808
5809
5810
5811
5811
5812
5813
5815
5815
5816
5817
5819
5820
5821
5821
5824
5824
5825
5826
5827
5828
5829
5829
5832
5832
5833
5835
5835
5837
5837
5838
5839
5840
5840
5842
5843
5844
5845
5846
5846
5848
5848
5850
5851
5852
5853
5855
5856
5857
5857
5858
5859
5859
5860
5862
5862
5865
5865
5866
5867
5868
5868
5870
5871
5872
5873
5874
5875
5875
5876
5878
5879
5880
5881
5882
5882
5884
5885
5887
5888
5889
5890
5890
5890
5892
5892
5893
5894
5897
5898
5898
5899
5901
5902
5903
5904
5904
5905
5905
5906
5907
5909
5910
5911
5912
5912
5914
5915
5916
5917
5918
5918
5920
5920
5922
5924
5924
5925
5925
5927
5928
5930
5931
5932
5932
5932
5934
5935
5935
5938
5938
5939
5941
5941
5942
5943
5943
5945
5946
5947
5947
5950
5951
5951
5952
5952
5955
5955
5957
5957
5958
5959
5960
5961
5962
5963
5963
5965
5966
5967
5969
5969
5970
5972
5972
5973
5973
5976
5977
5977
5978
5978
5980
5981
5981
5984
5984
5985
5986
5988
5989
5990
5990
5990
5993
5994
5994
5995
5997
5997
5999
6000
6000
6000
6003
6003
6004
6004
6005
6007
6008
6010
6011
6012
6012
6012
6015
6015
6016
6016
6018
6019
6020
6020
6022
6023
6023
6024
6026
6026
6027
6029
6029
6031
6032
6033
6033
6034
6035
6036
6037
6039
6040
6040
6042
6042
6044
6044
6046
6047
6048
6048
6049
6051
6052
6054
6054
6055
6056
6057
6057
6058
6059
6061
6063
6064
6064
6065
6066
6068
6068
6069
6070
6072
6073
6074
6075
6075
6077
6078
6079
6079
6081
6081
6082
6084
6084
6085
6086
6088
6089
6090
6090
6091
6091
6092
6095
6095
6097
6097
6097
6098
6101
6101
6101
6103
6104
6104
6105
6107
6108
6109
6110
6111
6113
6114
6115
6115
6116
6117
6118
6119
6120
6121
6121
6122
6124
6124
6127
6128
6128
6128
6129
6130
6131
6133
6135
6135
6136
6137
6137
6139
6140
6140
6143
6143
6144
6145
6146
6146
6149
6150
6151
6152
6152
6153
6153
6154
6156
6157
6158
6159
6160
6161
6162
6162
6163
6164
6167
6168
6168
6168
6171
6171
6171
6173
6175
6175
6175
6176
6178
6178
6180
6182
6182
6183
6184
6185
6186
6186
6187
6190
6190
6191
6191
6194
6195
6195
6197
6197
6198
6199
6200
6201
6201
6203
6204
6205
6205
6206
6208
6209
6209
6210
6213
6213
6214
6216
6217
6218
6218
6218
6221
6222
6222
6223
6224
6225
6226
6227
6228
6228
6229
6231
6231
6233
6233
6234
6237
6237
6237
6239
6241
6242
6242
6243
6244
6244
6246
6246
6248
6250
6250
6250
6252
6252
6254
6254
6257
6257
6258
6259
6260
6261
6261
6262
6265
6265
6266
6268
6269
6269
6270
6272
6272
6273
6273
6274
6275
6278
6279
6279
6280
6281
6283
6283
6284
6285
6285
6287
6288
6288
6289
6291
6292
6292
6295
6295
6296
6297
6297
6299
6300
6300
6301
6303
6304
6305
6307
6308
6308
6309
6310
6311
6313
6313
6313
6315
6316
6317
6319
6319
6319
6320
6321
6324
6324
6324
6325
6326
6329
6329
6331
6331
6332
6333
6335
6335
6337
6337
6338
6339
6340
6341
6343
6343
6343
6344
6346
6347
6348
6348
6351
6351
6352
6354
6355
6355
6356
6356
6358
6359
6360
6362
6363
6363
6365
6365
6367
6368
6368
6368
6369
6372
6372
6373
6374
6374
6376
6377
6378
6378
6380
6380
6381
6384
6384
6384
6386
6388
6388
6389
6389
6390
6392
6394
6395
6395
6396
6398
6398
6398
6401
6401
6402
6403
6404
6405
6406
6407
6408
6410
6411
6411
6412
6414
6415
6415
6416
6417
6418
6419
6420
6421
6422
6423
6424
6425
6426
6427
6428
6429
6430
6431
6432
6433
6434
6435
6436
6437
6438
6439
6439
6440
6442
6443
6444
6445
6446
6447
6448
6448
6450
6450
6451
6454
6455
6456
6457
6457
6458
6458
6461
6462
6462
6463
6465
6466
6467
6468
6468
6468
6469
6472
6472
6474
6474
6475
6475
6476
6478
6478
6480
6482
6482
6483
6485
6485
6486
6487
6488
6489
6491
6491
6493
6493
6495
6495
6497
6498
6498
6499
6499
6501
6502
6503
6505
6505
6506
6506
6507
6510
6511
6511
6513
6513
6514
6515
6515
6517
6518
6519
6520
6521
6522
6522
6524
6526
6526
6527
6528
6528
6531
6531
6531
6532
6533
6534
6535
6537
6538
6539
6539
6540
6543
6543
6543
6546
6546
6546
6548
6548
6550
6551
6552
6553
6553
6556
6556
6557
6557
6559
6559
6560
6561
6563
6564
6565
6567
6568
6569
6569
6569
6571
6572
6573
6575
6576
6577
6577
6579
6580
6580
6582
6583
6584
6584
6585
6586
6587
6588
6589
6589
6592
6592
6593
6594
6594
6597
6597
6599
6599
6600
6600
6601
6602
6603
6605
6606
6607
6608
6608
6609
6611
6612
6612
6614
6614
6615
6617
6618
6620
6620
6621
6622
6623
6623
6624
6627
6628
6629
6629
6630
6631
6632
6633
6633
6634
6636
6637
6638
6638
6640
6641
6642
6644
6645
6645
6645
6647
6649
6649
6650
6651
6652
6653
6655
6656
6656
6658
6659
6659
6660
6661
6662
6663
6664
6666
6667
6667
6668
6669
6670
6670
6673
6673
6673
6674
6675
6677
6678
6680
6681
6682
6682
6683
6684
6686
6686
6687
6688
6688
6689
6691
6693
6693
6694
6694
6697
6697
6698
6699
6699
6700
6702
6702
6704
6705
6706
6708
6708
6709
6711
6711
6712
6713
6714
6716
6716
6717
6718
6719
6720
6721
6721
6722
6724
6724
6725
6727
6728
6729
6731
6732
6733
6733
6733
6735
6736
6736
6738
6739
6740
6741
6742
6744
6744
6746
6746
6747
6747
6749
6751
6751
6752
6752
6753
6754
6755
6758
6758
6758
6760
6761
6761
6762
6765
6765
6766
6767
6767
6769
6770
6771
6772
6772
6773
6776
6776
6777
6777
6779
6780
6781
6781
6783
6783
6785
6786
6787
6787
6788
6791
6791
6792
6793
6794
6795
6797
6798
6798
6800
6800
6802
6802
6804
6805
6806
6806
6807
6807
6810
6810
6811
6811
6814
6815
6815
6815
6816
6817
6819
6819
6820
6823
6823
6824
6826
6827
6828
6828
6829
6830
6831
6832
6833
6833
6834
6835
6837
6838
6839
6839
6841
6843
6843
6844
6845
6845
6848
6849
6849
6849
6852
6852
6852
6854
6855
6855
6857
6857
6860
6861
6861
6862
6862
6863
6865
6866
6867
6868
6868
6870
6872
6872
6872
6874
6875
6875
6877
6878
6879
6880
6880
6881
6883
6884
6885
6885
6887
6887
6889
6889
6890
6892
6893
6894
6895
6896
6896
6898
6899
6900
6902
6902
6902
6903
6904
6906
6906
6909
6909
6910
6910
6913
6913
6913
6915
6916
6917
6918
6919
6920
6922
6922
6923
6924
6925
6927
6928
6929
6929
6930
6932
6932
6933
6935
6936
6936
6937
6937
6940
6940
6941
6942
6943
6944
6945
6947
6948
6948
6948
6950
6951
6952
6953
6955
6956
6957
6957
6958
6959
6960
6961
6962
6962
6963
6965
6967
6967
6969
6969
6970
6971
6971
6973
6973
6975
6976
6978
6979
6979
6979
6981
6982
6983
6985
6985
6986
6987
6987
6990
6991
6992
6992
6992
6993
6994
6995
6998
6998
7000
7000
7002
7002
7002
7003
7005
7006
7007
7008
7009
7009
7012
7012
7013
7015
7016
7017
7017
7018
7019
7019
7021
7023
7023
7024
7024
7026
7027
7028
7028
7029
7032
7033
7034
7035
7035
7036
7037
7039
7039
7039
7041
7043
7044
7045
7046
7046
7046
7047
7049
7049
7051
7051
7052
7053
7055
7056
7057
7058
7060
7061
7062
7063
7064
7064
7065
7066
7067
7068
7069
7070
7071
7072
7073
7073
7075
7076
7077
7078
7078
7080
7080
7083
7083
7084
7085
7085
7086
7089
7089
7090
7091
7093
7093
7094
7096
7096
7096
7099
7099
7100
7101
7101
7104
7104
7105
7107
7107
7108
7110
7110
7111
7111
7112
7114
7114
7117
7117
7117
7119
7120
7122
7122
7123
7123
7124
7125
7127
7129
7129
7130
7132
7132
7133
7134
7134
7137
7137
7138
7138
7140
7141
7143
7144
7144
7145
7147
7148
7148
7149
7150
7151
7153
7153
7154
7156
7156
7157
7158
7159
7159
7161
7162
7163
7163
7164
7167
7168
7168
7169
7169
7171
7172
7172
7173
7175
7176
7176
7178
7179
7180
7181
7183
7183
7184
7185
7187
7187
7188
7188
7189
7192
7193
7193
7194
7194
7197
7197
7198
7200
7200
7201
7202
7204
7205
7206
7206
7207
7207
7208
7209
7211
7212
7214
7214
7215
7216
7216
7217
7220
7221
7221
7223
7224
7224
7224
7226
7226
7228
7229
7230
7231
7232
7233
7233
7234
7235
7238
7239
7239
7241
7242
7242
7242
7244
7244
7247
7248
7248
7248
7251
7251
7251
7253
7255
7255
7256
7257
7258
7259
7261
7262
7263
7264
7264
7265
7266
7266
7268
7269
7270
7271
7271
7273
7274
7276
7277
7277
7278
7279
7281
7281
7281
7283
7284
7286
7286
7286
7289
7289
7291
7291
7291
7293
7294
7294
7296
7296
7297
7298
7299
7301
7303
7303
7305
7305
7305
7307
7308
7309
7309
7310
7313
7313
7313
7314
7315
7318
7318
7318
7319
7320
7322
7323
7323
7324
7326
7327
7327
7329
7329
7332
7332
7334
7334
7335
7336
7338
7338
7339
7339
7341
7342
7343
7343
7344
7345
7346
7349
7350
7350
7350
7352
7353
7354
7354
7355
7357
7359
7360
7360
7361
7362
7363
7363
7364
7367
7367
7367
7368
7370
7371
7372
7373
7374
7374
7376
7378
7378
7378
7380
7382
7382
7384
7385
7385
7385
7386
7388
7389
7391
7391
7391
7393
7394
7395
7395
7396
7397
7399
7399
7401
7402
7403
7403
7406
7406
7407
7409
7409
7410
7412
7412
7413
7414
7415
7417
7418
7418
7419
7420
7422
7422
7422
7424
7425
7427
7428
7428
7428
7429
7432
7432
7433
7433
7435
7436
7437
7438
7439
7439
7440
7443
7444
7444
7445
7445
7447
7448
7450
7450
7450
7452
7452
7454
7455
7457
7457
7459
7459
7460
7460
7461
7463
7464
7465
7466
7467
7468
7468
7469
7471
7471
7473
7474
7474
7476
7477
7477
7479
7480
7481
7482
7483
7484
7486
7486
7487
7487
7490
7491
7491
7492
7492
7494
7496
7497
7498
7498
7499
7499
7502
7503
7503
7504
7505
7506
7507
7509
7510
7510
7511
7511
7513
7514
7514
7516
7517
7518
7520
7520
7520
7523
7524
7524
7524
7527
7527
7529
7529
7530
7530
7532
7532
7533
7534
7536
7538
7538
7538
7539
7540
7542
7542
7543
7546
7546
7548
7548
7550
7550
7551
7551
7553
7555
7555
7556
7557
7559
7559
7560
7561
7561
7563
7564
7565
7566
7567
7568
7568
7570
7571
7572
7572
7574
7575
7576
7578
7579
7580
7580
7581
7583
7583
7584
7585
7585
7586
7587
7588
7590
7591
7593
7593
7595
7596
7596
7597
7597
7600
7601
7601
7602
7602
7605
7605
7606
7608
7608
7610
7611
7611
7612
7613
7613
7615
7616
7617
7617
7619
7620
7621
7622
7624
7624
7625
7626
7627
7629
7629
7630
7631
7631
7632
7633
7636
7636
7637
7637
7640
7640
7641
7641
7643
7644
7645
7646
7646
7649
7649
7651
7652
7653
7653
7654
7655
7655
7656
7658
7659
7660
7661
7661
7662
7663
7664
7665
7667
7667
7669
7669
7670
7673
7673
7674
7676
7676
7676
7679
7680
7681
7682
7682
7684
7684
7685
7685
7686
7688
7688
7689
7691
7692
7693
7694
7695
7696
7698
7698
7700
7701
7701
7702
7703
7703
7704
7705
7707
7707
7708
7710
7711
7712
7712
7713
7714
7716
7717
7718
7718
7721
7722
7722
7723
7724
7725
7725
7726
7729
7729
7729
7731
7731
7733
7733
7735
7736
7737
7738
7738
7741
7742
7742
7742
7743
7746
7746
7747
7748
7750
7750
7751
7753
7753
7754
7755
7756
7757
7758
7759
7759
7761
7762
7764
7764
7765
7765
7766
7769
7769
7770
7770
7772
7773
7773
7776
7776
7777
7778
7778
7779
7780
7781
7782
7783
7785
7786
7786
7787
7789
7791
7791
7791
7792
7794
7796
7797
7798
7798
7800
7800
7802
7802
7803
7803
7804
7805
7806
7808
7809
7810
7810
7811
7813
7814
7815
7816
7816
7819
7819
7820
7822
7822
7823
7824
7825
7826
7826
7829
7829
7831
7832
7832
7834
7835
7836
7836
7837
7837
7839
7840
7842
7843
7843
7844
7845
7846
7846
7848
7848
7850
7851
7851
7852
7853
7855
7855
7856
7858
7859
7861
7862
7863
7863
7863
7864
7865
7867
7868
7868
7870
7871
7871
7874
7874
7875
7876
7878
7879
7879
7880
7881
7881
7883
7884
7884
7885
7887
7888
7888
7890
7890
7891
7893
7895
7895
7896
7896
7899
7900
7900
7901
7902
7903
7904
7904
7906
7907
7909
7909
7910
7910
7911
7913
7915
7915
7916
7917
7918
7919
7921
7921
7922
7922
7923
7925
7926
7927
7929
7929
7930
7930
7932
7933
7933
7934
7936
7938
7939
7939
7940
7941
7943
7944
7945
7945
7946
7947
7947
7949
7950
7951
7951
7953
7954
7954
7955
7957
7958
7958
7960
7961
7962
7963
7964
7966
7967
7968
7969
7970
7970
7971
7971
7972
7974
7976
7976
7978
7979
7979
7979
7981
7982
7983
7984
7985
7986
7987
7988
7990
7990
7991
7991
7993
7995
7996
7996
7996
7998
7999
8000
8001
8002
8003
8004
8005
8005
8006
8008
8010
8011
8011
8013
8013
8013
8014
8016
8017
8017
8020
8021
8021
8022
8024
8024
8026
8027
8028
8029
8029
8030
8031
8032
8033
8034
8034
8036
8037
8037
8040
8040
8040
8042
8042
8045
8045
8047
8047
8048
8048
8049
8050
8051
8052
8053
8056
8056
8056
8058
8059
8061
8062
8062
8062
8063
8066
8066
8067
8067
8070
8070
8071
8072
8073
8074
8074
8076
8077
8078
8079
8080
8080
8082
8084
8084
8085
8086
8088
8088
8088
8089
8091
8091
8094
8094
8095
8096
8097
8098
8099
8100
8101
8101
8102
8103
8106
8107
8108
8109
8110
8111
8111
8112
8113
8114
8114
8115
8117
8118
8119
8120
8121
8122
8122
8124
8125
8126
8127
8128
8129
8131
8132
8132
8133
8134
8136
8136
8136
8138
8140
8141
8142
8142
8143
8143
8146
8146
8147
8149
8149
8150
8152
8152
8154
8154
8155
8156
8158
8158
8159
8159
8161
8163
8163
8164
8165
8165
8167
8167
8168
8169
8172
8173
8174
8174
8174
8177
8177
8179
8179
8180
8180
8183
8183
8184
8185
8187
8187
8189
8189
8190
8190
8192
8192
8194
8195
8196
8197
8198
8199
8200
8200
8202
8203
8203
8205
8206
8207
8209
8209
8210
8211
8212
8212
8215
8215
8216
8217
8219
8219
8220
8220
8222
8224
8224
8225
8226
8227
8227
8229
8230
8231
8233
8233
8233
8234
8237
8237
8238
8239
8240
8241
8242
8244
8244
8244
8245
8248
8249
8250
8250
8250
8251
8253
8253
8256
8256
8257
8258
8259
8260
8262
8263
8263
8264
8266
8267
8268
8268
8268
8271
8271
8272
8274
8274
8275
8275
8278
8278
8279
8280
8281
8283
8284
8284
8284
8287
8287
8287
8288
8290
8291
8291
8293
8294
8294
8295
8296
8297
8300
8301
8302
8302
8303
8304
8304
8306
8307
8308
8309
8311
8311
8311
8314
8314
8316
8316
8317
8318
8318
8321
8321
8323
8324
8324
8325
8326
8326
8327
8330
8330
8331
8331
8332
8333
8335
8335
8337
8338
8339
8339
8342
8342
8342
8344
8345
8346
8348
8348
8348
8350
8351
8352
8353
8354
8354
8356
8356
8357
8358
8360
8361
8361
8364
8364
8365
8366
8367
8368
8369
8371
8371
8372
8373
8374
8375
8376
8377
8379
8380
8380
8381
8382
8384
8384
8385
8386
8386
8389
8389
8389
8391
8392
8394
8395
8396
8396
8396
8398
8400
8400
8400
8402
8404
8404
8405
8405
8406
8407
8410
8411
8411
8412
8413
8413
8415
8416
8417
8418
8419
8420
8420
8422
8422
8423
8425
8427
8427
8428
8429
8430
8431
8432
8433
8434
8434
8437
8438
8438
8440
8440
8440
8441
8443
8444
8445
8446
8447
8449
8449
8450
8451
8451
8454
8454
8454
8455
8457
8459
8459
8460
8461
8461
8463
8465
8466
8467
8467
8468
8468
8470
8470
8472
8473
8474
8474
8476
8476
8478
8479
8481
8481
8481
8483
8484
8485
8487
8487
8487
8490
8490
8490
8491
8493
8494
8495
8495
8498
8498
8500
8500
8500
8501
8502
8504
8504
8505
8508
8508
8509
8510
8511
8511
8513
8514
8515
8515
8517
8518
8519
8520
8521
8522
8523
8524
8525
8527
8527
8529
8530
8530
8530
8533
8533
8533
8535
8536
8537
8538
8540
8540
8541
8541
8542
8544
8546
8547
8548
8548
8549
8550
8551
8552
8553
8554
8556
8557
8558
8558
8560
8560
8560
8563
8563
8564
8565
8565
8566
8567
8569
8570
8571
8572
8572
8573
8575
8575
8576
8577
8578
8580
8582
8582
8583
8583
8584
8586
8586
8589
8589
8590
8591
8591
8592
8594
8594
8596
8597
8598
8599
8599
8600
8602
8603
8604
8605
8606
8607
8609
8610
8610
8611
8612
8612
8614
8616
8616
8617
8617
8619
8620
8620
8622
8622
8623
8626
8626
8627
8628
8630
8630
8631
8632
8633
8635
8635
8636
8637
8637
8640
8640
8641
8642
8643
8644
8644
8647
8648
8648
8648
8650
8651
8651
8652
8655
8655
8655
8658
8658
8659
8660
8660
8662
8662
8665
8665
8666
8667
8668
8670
8671
8671
8673
8673
8673
8676
8676
8676
8679
8679
8680
8681
8682
8683
8683
8685
8686
8686
8687
8688
8689
8692
8692
8693
8694
8694
8695
8696
8697
8699
8700
8701
8703
8703
8704
8705
8706
8706
8708
8709
8711
8711
8711
8713
8714
8715
8715
8717
8718
8719
8721
8721
8722
8722
8724
8726
8726
8728
8729
8729
8730
8731
8732
8733
8734
8735
8735
8738
8739
8740
8740
8742
8742
8744
8744
8745
8747
8747
8748
8749
8749
8750
8751
8753
8754
8755
8757
8758
8758
8760
8761
8761
8763
8763
8764
8764
8766
8766
8767
8769
8769
8772
8772
8774
8774
8776
8776
8777
8779
8779
8779
8780
8783
8783
8785
8785
8785
8787
8788
8788
8790
8790
8792
8792
8795
8795
8796
8798
8798
8798
8799
8802
8803
8803
8805
8806
8806
8806
8807
8809
8809
8811
8812
8813
8814
8814
8816
8817
8817
8818
8820
8820
8821
8822
8824
8825
8826
8827
8827
8828
8830
8830
8833
8833
8834
8835
8835
8837
8837
8840
8841
8841
8841
8842
8844
8846
8846
8846
8847
8848
8849
8851
8852
8853
8855
8856
8856
8857
8857
8858
8860
8861
8862
8863
8863
8864
8866
8866
8869
8869
8870
8871
8871
8874
8875
8876
8876
8876
8877
8879
8879
8881
8882
8883
8884
8885
8886
8888
8888
8889
8891
8891
8892
8892
8894
8895
8896
8896
8898
8899
8899
8900
8903
8903
8903
8905
8907
8907
8908
8909
8909
8910
8912
8913
8915
8915
8917
8917
8917
8919
8921
8921
8922
8922
8925
8926
8926
8927
8929
8930
8930
8931
8931
8934
8934
8935
8935
8937
8938
8939
8941
8942
8942
8943
8944
8945
8947
8947
8949
8949
8951
8952
8952
8953
8953
8955
8957
8957
8958
8958
8960
8961
8961
8963
8964
8964
8965
8966
8969
8970
8971
8971
8972
8973
8973
8974
8975
8978
8978
8978
8979
8980
8981
8982
8984
8984
8985
8987
8988
8988
8991
8991
8992
8992
8994
8995
8996
8998
8998
8999
9001
9001
9002
9003
9004
9004
9007
9007
9007
9009
9011
9011
9011
9014
9015
9015
9016
9017
9018
9018
9019
9022
9022
9023
9023
9025
9026
9027
9028
9029
9031
9031
9032
9032
9033
9035
9035
9036
9037
9039
9041
9041
9042
9044
9045
9045
9046
9046
9049
9049
9050
9050
9052
9052
9055
9055
9055
9057
9058
9059
9060
9061
9063
9063
9064
9064
9067
9068
9068
9068
9070
9070
9071
9073
9073
9074
9076
9078
9078
9079
9080
9080
9082
9082
9083
9085
9086
9087
9088
9088
9090
9090
9092
9092
9094
9094
9096
9097
9097
9098
9101
9102
9102
9102
9104
9104
9105
9108
9109
9110
9110
9111
9112
9113
9114
9116
9116
9117
9118
9119
9121
9122
9122
9123
9123
9126
9127
9128
9128
9128
9129
9131
9133
9134
9134
9135
9137
9138
9138
9140
9140
9142
9142
9144
9144
9145
9146
9148
9149
9149
9150
9152
9153
9154
9154
9154
9157
9157
9157
9160
9160
9161
9162
9163
9164
9164
9166
9166
9169
9169
9170
9171
9172
9173
9174
9175
9176
9177
9177
9179
9179
9181
9182
9182
9183
9184
9186
9186
9189
9190
9191
9191
9193
9193
9194
9195
9196
9196
9197
9199
9201
9202
9202
9203
9204
9205
9206
9207
9208
9208
9209
9212
9212
9213
9214
9216
9217
9217
9217
9219
9220
9220
9222
9222
9224
9224
9226
9227
9228
9229
9230
9230
9232
9233
9233
9234
9236
9237
9238
9239
9240
9242
9242
9244
9244
9245
9247
9248
9248
9250
9251
9251
9252
9253
9254
9255
9255
9256
9258
9259
9261
9262
9262
9263
9264
9264
9265
9266
9268
9268
9271
9272
9273
9273
9275
9275
9277
9278
9278
9279
9279
9281
9282
9282
9283
9285
9286
9286
9289
9290
9290
9291
9292
9293
9295
9295
9297
9297
9298
9298
9300
9301
9301
9303
9304
9305
9305
9306
9309
9310
9310
9312
9312
9312
9314
9315
9317
9318
9319
9320
9320
9322
9323
9323
9323
9326
9327
9327
9328
9330
9330
9331
9332
9333
9335
9335
9336
9337
9339
9339
9339
9340
9343
9343
9344
9344
9346
9347
9349
9349
9350
9351
9352
9353
9353
9355
9356
9356
9359
9359
9361
9361
9361
9364
9365
9365
9365
9367
9368
9368
9370
9371
9372
9372
9374
9376
9376
9376
9379
9379
9380
9381
9382
9383
9384
9385
9385
9388
9388
9389
9390
9391
9392
9393
9393
9394
9396
9397
9398
9399
9400
9400
9402
9403
9404
9404
9405
9406
9409
9410
9410
9411
9411
9414
9415
9416
9417
9417
9417
9419
9419
9421
9422
9424
9425
9425
9425
9427
9428
9428
9430
9432
9432
9432
9433
9435
9437
9437
9438
9439
9440
9441
9441
9444
9444
9444
9446
9447
9448
9449
9451
9451
9452
9452
9454
9455
9456
9458
9459
9459
9460
9460
9461
9464
9465
9465
9466
9468
9469
9470
9470
9472
9472
9474
9475
9476
9477
9477
9478
9480
9480
9481
9482
9483
9484
9485
9486
9486
9488
9489
9490
9490
9493
9493
9493
9495
9496
9497
9498
9498
9501
9501
9502
9502
9504
9506
9506
9507
9508
9510
9510
9511
9511
9513
9514
9515
9515
9516
9518
9518
9520
9520
9522
9523
9525
9525
9526
9526
9528
9529
9530
9531
9532
9533
9534
9535
9536
9536
9539
9540
9540
9541
9542
9544
9545
9546
9546
9546
9547
9549
9549
9550
9552
9554
9554
9555
9557
9558
9558
9559
9560
9560
9562
9563
9564
9565
9565
9568
9569
9570
9570
9571
9572
9574
9574
9575
9575
9576
9577
9579
9580
9582
9582
9583
9584
9585
9587
9587
9588
9589
9591
9592
9593
9593
9594
9595
9596
9596
9597
9598
9601
9602
9603
9603
9605
9605
9606
9607
9609
9610
9610
9611
9613
9613
9615
9615
9615
9618
9619
9619
9620
9620
9621
9622
9624
9625
9626
9626
9628
9629
9629
9631
9632
9632
9633
9635
9636
9638
9639
9639
9641
9641
9642
9644
9645
9645
9646
9646
9648
9649
9650
9650
9652
9654
9654
9655
9655
9656
9659
9659
9659
9660
9661
9664
9664
9664
9665
9666
9669
9669
9670
9670
9671
9673
9675
9675
9676
9677
9678
9679
9680
9681
9683
9683
9684
9685
9685
9687
9688
9689
9690
9692
9692
9693
9694
9695
9696
9698
9699
9699
9701
9702
9702
9703
9703
9705
9706
9707
9709
9709
9711
9711
9712
9713
9713
9715
9715
9716
9719
9720
9720
9721
9722
9723
9724
9724
9726
9726
9727
9728
9731
9731
9732
9733
9734
9735
9736
9736
9739
9739
9741
9741
9742
9743
9744
9745
9746
9747
9749
9749
9751
9751
9752
9753
9755
9755
9755
9758
9758
9759
9759
9761
9761
9763
9764
9765
9766
9767
9768
9770
9771
9771
9771
9772
9774
9775
9777
9777
9778
9779
9779
9781
9782
9782
9783
9786
9786
9787
9788
9790
9790
9792
9792
9794
9794
9795
9796
9797
9798
9800
9800
9802
9802
9804
9805
9805
9805
9807
9807
9808
9809
9811
9813
9814
9815
9816
9816
9818
9818
9820
9821
9822
9823
9823
9824
9825
9826
9827
9827
9830
9830
9831
9832
9832
9834
9835
9836
9837
9839
9839
9840
9841
9842
9843
9844
9845
9847
9847
9848
9848
9850
9851
9851
9852
9855
9855
9856
9857
9858
9860
9861
9862
9863
9863
9863
9865
9865
9866
9868
9868
9869
9872
9872
9873
9875
9875
9875
9877
9878
9880
9881
9881
9882
9882
9884
9886
9886
9887
9887
9888
9889
9891
9891
9892
9895
9895
9896
9896
9898
9899
9899
9901
9902
9903
9904
9904
9906
9907
9909
9909
9910
9912
9912
9912
9913
9915
9916
9916
9918
9919
9920
9922
9923
9923
9925
9925
9926
9926
9927
9930
9930
9930
9932
9932
9933
9935
9936
9938
9938
9938
9941
9941
9943
9943
9943
9944
9946
9946
9947
9948
9951
9951
9953
9953
9954
9955
9957
9957
9959
9959
9960
9961
9962
9964
9965
9965
9967
9967
9968
9969
9969
9972
9973
9974
9974
9974
9976
9976
9979
9979
9980
9982
9982
9983
9984
9985
9986
9988
9989
9989
9991
9991
9992
9992
9993
9996
9996
9998
9998
9999
9999
10002
10002
10003
10003
10005
10007
10007
10009
10009
10010
10010
10011
10012
10013
10014
10016
10017
10017
10018
10019
10021
10022
10022
10023
10024
10026
10027
10027
10028
10030
10031
10031
10033
10034
10034
10035
10038
10039
10039
10039
10040
10042
10042
10045
10046
10046
10046
10048
10050
10050
10051
10052
10053
10054
10056
10056
10057
10058
10060
10060
10061
10062
10062
10063
10065
10066
10067
10067
10068
10071
10071
10073
10073
10075
10075
10075
10077
10079
10079
10079
10081
10082
10084
10084
10086
10086
10088
10088
10088
10089
10091
10091
10094
10094
10095
10096
10096
10099
10100
10101
10101
10102
10103
10103
10106
10107
10107
10109
10109
10110
10111
10112
10113
10115
10115
10116
10116
10118
10119
10119
10120
10123
10123
10125
10125
10126
10127
10129
10130
10131
10131
10132
10133
10135
10136
10137
10138
10138
10140
10140
10141
10143
10144
10144
10146
10147
10148
10149
10149
10150
10151
10153
10153
10154
10156
10156
10156
10159
10159
10159
10161
10162
10164
10164
10165
10167
10167
10168
10168
10171
10172
10172
10173
10174
10176
10176
10177
10178
10179
10180
10181
10183
10183
10184
10184
10186
10188
10188
10189
10189
10191
10192
10192
10194
10194
10196
10196
10199
10200
10200
10202
10203
10204
10204
10205
10206
10206
10208
10209
10211
10211
10212
10214
10214
10215
10215
10217
10218
10219
10219
10220
10222
10223
10225
10226
10226
10226
10227
10229
10230
10232
10232
10233
10235
10235
10236
10236
10238
10239
10239
10241
10241
10243
10245
10245
10245
10248
10248
10249
10251
10252
10252
10252
10254
10255
10256
10256
10258
10259
10259
10261
10262
10262
10265
10265
10265
10266
10268
10270
10270
10272
10273
10273
10274
10275
10276
10277
10278
10278
10280
10280
10281
10282
10284
10286
10286
10288
10288
10290
10290
10291
10292
10293
10295
10295
10297
10298
10299
10299
10299
10300
10301
10302
10305
10306
10306
10307
10307
10308
10310
10312
10312
10313
10313
10314
10316
10317
10317
10320
10320
10321
10321
10322
10323
10325
10326
10328
10328
10329
10330
10331
10333
10334
10335
10336
10337
10337
10337
10338
10339
10341
10341
10344
10345
10345
10345
10346
10347
10348
10349
10351
10353
10353
10354
10355
10356
10358
10359
10359
10360
10361
10362
10362
10363
10365
10367
10367
10368
10368
10369
10371
10372
10373
10373
10374
10375
10376
10379
10379
10380
10381
10382
10382
10384
10384
10385
10387
10388
10388
10391
10391
10392
10393
10395
10395
10397
10398
10398
10399
10400
10401
10402
10403
10405
10406
10406
10407
10408
10409
10410
10412
10413
10413
10413
10415
10417
10417
10418
10418
10420
10421
10422
10424
10424
10425
10426
10427
10428
10428
10429
10432
10432
10432
10433
10434
10435
10437
10438
10439
10440
10441
10442
10442
10443
10446
10446
10446
10447
10448
10449
10451
10452
10454
10454
10455
10455
10458
10458
10458
10460
10461
10462
10464
10464
10465
10465
10466
10469
10469
10469
10470
10471
10474
10474
10475
10476
10476
10478
10479
10480
10482
10482
10483
10484
10484
10487
10487
10487
10488
10491
10491
10491
10494
10495
10495
10496
10497
10499
10500
10500
10501
10502
10503
10504
10505
10506
10507
10508
10509
10510
10512
10512
10513
10515
10516
10516
10518
10518
10518
10519
10520
10523
10523
10525
10525
10525
10528
10528
10528
10530
10531
10532
10533
10535
10536
10536
10537
10538
10539
10541
10541
10543
10544
10545
10546
10546
10548
10548
10549
10551
10552
10552
10554
10555
10556
10556
10558
10558
10558
10561
10561
10562
10562
10564
10565
10567
10568
10569
10569
10570
10572
10572
10572
10574
10575
10576
10577
10578
10580
10581
10581
10583
10583
10584
10585
10586
10588
10588
10588
10589
10592
10592
10593
10595
10595
10595
10598
10598
10598
10601
10601
10601
10603
10605
10605
10606
10607
10608
10610
10610
10612
10612
10613
10615
10616
10616
10616
10617
10618
10619
10620
10621
10622
10625
10626
10626
10627
10628
10629
10629
10631
10632
10633
10633
10636
10636
10636
10639
10639
10639
10641
10643
10643
10643
10645
10647
10648
10648
10649
10650
10650
10651
10652
10654
10655
10656
10656
10659
10660
10660
10661
10663
10663
10665
10665
10666
10666
10668
10670
10671
10671
10671
10674
10674
10675
10675
10676
10678
10679
10680
10682
10682
10683
10683
10684
10687
10687
10688
10688
10690
10692
10692
10693
10694
10694
10695
10697
10698
10700
10700
10701
10702
10702
10703
10704
10707
10707
10708
10709
10709
10711
10712
10713
10715
10716
10717
10717
10717
10719
10721
10722
10722
10722
10723
10725
10727
10727
10728
10729
10730
10732
10732
10733
10733
10735
10736
10738
10738
10739
10740
10741
10741
10742
10743
10746
10746
10747
10749
10750
10751
10751
10753
10753
10754
10755
10757
10758
10758
10759
10759
10761
10761
10764
10765
10765
10766
10767
10767
10769
10771
10772
10772
10773
10775
10775
10775
10778
10779
10780
10781
10781
10782
10783
10784
10785
10787
10787
10787
10790
10791
10791
10792
10792
10794
10795
10796
10796
10798
10800
10801
10802
10803
10803
10803
10805
10806
10806
10809
10809
10810
10812
10812
10813
10815
10815
10816
10817
10818
10819
10820
10821
10822
10823
10824
10824
10827
10828
10828
10829
10830
10830
10831
10833
10834
10835
10836
10836
10839
10839
10841
10842
10842
10843
10844
10844
10846
10847
10848
10849
10851
10852
10852
10854
10855
10856
10857
10858
10858
10859
10860
10861
10861
10863
10864
10866
10866
10868
10868
10869
10870
10870
10871
10872
10874
10875
10876
10876
10877
10878
10879
10880
10883
10883
10884
10885
10886
10888
10889
10889
10891
10891
10893
10894
10894
10894
10896
10897
10899
10899
10900
10901
10903
10903
10904
10905
10905
10908
10908
10909
10910
10912
10912
10913
10914
10915
10916
10916
10917
10920
10920
10921
10922
10923
10925
10926
10927
10927
10927
10930
10930
10930
10932
10933
10934
10935
10935
10938
10938
10939
10940
10940
10943
10943
10944
10944
10945
10947
10948
10948
10949
10951
10952
10953
10954
10956
10957
10957
10959
10959
10960
10960
10962
10963
10964
10964
10965
10966
10967
10970
10970
10970
10972
10973
10973
10974
10976
10977
10978
10978
10980
10982
10982
10983
10984
10985
10987
10987
10988
10989
10990
10991
10993
10994
10994
10994
10996
10998
10999
11000
11000
11000
11001
11002
11003
11004
11005
11006
11008
11009
11010
11011
11011
11012
11013
11015
11016
11018
11018
11019
11020
11020
11021
11024
11025
11025
11027
11027
11027
11029
11029
11032
11033
11033
11034
11035
11036
11037
11038
11038
11040
11040
11043
11043
11044
11044
11046
11047
11048
11049
11051
11051
11052
11052
11054
11055
11056
11057
11059
11059
11059
11061
11061
11064
11064
11065
11065
11067
11069
11070
11071
11071
11073
11073
11073
11074
11077
11078
11078
11080
11080
11082
11082
11084
11085
11086
11086
11087
11088
11089
11089
11090
11093
11094
11094
11096
11097
11097
11097
11099
11100
11100
11101
11103
11103
11105
11107
11108
11108
11108
11110
11110
11111
11112
11115
11115
11116
11117
11117
11119
11120
11120
11122
11123
11124
11125
11127
11127
11128
11130
11130
11131
11132
11134
11135
11135
11136
11137
11137
11138
11139
11140
11142
11142
11144
11144
11146
11146
11149
11149
11150
11151
11153
11153
11154
11154
11156
11156
11159
11159
11160
11162
11163
11164
11165
11166
11166
11167
11167
11169
11171
11171
11172
11173
11175
11175
11176
11177
11178
11180
11181
11181
11181
11183
11183
11185
11186
11187
11189
11190
11191
11191
11192
11193
11193
11195
11197
11197
11198
11198
11199
11200
11203
11203
11204
11206
11207
11207
11207
11209
11209
11212
11212
11213
11213
11214
11217
11218
11219
11220
11220
11221
11222
11222
11225
11225
11227
11227
11228
11228
11229
11231
11232
11233
11235
11235
11235
11238
11238
11239
11240
11240
11243
11243
11245
11246
11247
11248
11249
11249
11250
11251
11252
11254
11255
11255
11256
11257
11258
11259
11259
11261
11262
11263
11264
11265
11266
11268
11269
11269
11271
11271
11273
11273
11274
11275
11275
11277
11278
11280
11280
11282
11282
11283
11284
11285
11286
11288
11288
11290
11290
11292
11293
11293
11293
11295
11296
11298
11299
11299
11300
11302
11302
11302
11305
11305
11306
11308
11308
11310
11311
11312
11312
11313
11314
11314
11316
11317
11317
11320
11321
11321
11323
11323
11323
11324
11325
11327
11328
11330
11330
11330
11332
11333
11335
11336
11337
11337
11339
11339
11340
11342
11342
11342
11345
11346
11346
11346
11348
11349
11349
11350
11351
11352
11355
11355
11356
11356
11358
11359
11361
11361
11363
11364
11364
11365
11366
11367
11367
11368
11371
11372
11372
11374
11374
11375
11376
11376
11377
11378
11379
11380
11382
11383
11384
11384
11386
11387
11388
11389
11390
11391
11393
11394
11394
11395
11396
11396
11397
11400
11400
11401
11402
11403
11404
11405
11407
11408
11408
11409
11411
11412
11413
11413
11413
11415
11415
11416
11419
11419
11419
11421
11421
11423
11424
11426
11426
11427
11428
11430
11430
11431
11432
11433
11435
11436
11437
11438
11438
11440
11440
11441
11442
11443
11444
11444
11446
11447
11449
11449
11449
11451
11452
11453
11454
11455
11455
11457
11458
11459
11461
11462
11462
11463
11463
11466
11466
11467
11467
11469
11471
11471
11473
11474
11475
11475
11476
11477
11479
11479
11479
11481
11482
11482
11485
11485
11485
11486
11487
11489
11490
11492
11492
11493
11495
11496
11497
11497
11498
11499
11500
11500
11502
11503
11504
11504
11506
11507
11508
11508
11510
11512
11512
11512
11515
11515
11516
11517
11519
11519
11520
11521
11522
11524
11525
11526
11526
11528
11528
11530
11530
11531
11531
11532
11534
11535
11536
11537
11538
11539
11540
11540
11541
11542
11544
11545
11546
11547
11549
11549
11549
11552
11553
11554
11554
11554
11556
11556
11559
11559
11559
11562
11562
11562
11563
11564
11567
11568
11568
11569
11569
11571
11571
11573
11574
11575
11577
11577
11578
11579
11579
11582
11582
11583
11584
11585
11586
11586
11587
11589
11590
11591
11591
11593
11595
11596
11596
11597
11598
11598
11599
11602
11602
11602
11604
11604
11607
11607
11609
11609
11609
11610
11612
11614
11614
11614
11616
11617
11618
11619
11620
11621
11622
11623
11623
11625
11627
11627
11628
11629
11629
11631
11632
11634
11635
11636
11637
11638
11638
11638
11640
11641
11642
11642
11645
11646
11646
11647
11648
11648
11649
11651
11653
11653
11654
11655
11657
11657
11658
11659
11659
11662
11663
11663
11665
11665
11667
11667
11668
11668
11670
11671
11671
11672
11673
11674
11677
11677
11678
11680
11681
11681
11683
11684
11685
11685
11685
11688
11688
11689
11690
11691
11693
11694
11694
11695
11695
11696
11697
11699
11700
11700
11702
11702
11703
11705
11706
11707
11708
11708
11710
11712
11712
11713
11715
11715
11716
11718
11719
11719
11720
11722
11723
11723
11725
11725
11726
11727
11728
11729
11731
11731
11731
11734
11734
11736
11737
11737
11738
11739
11740
11741
11742
11742
11743
11744
11746
11747
11749
11750
11750
11751
11753
11753
11753
11755
11756
11756
11757
11759
11760
11762
11762
11764
11764
11765
11766
11767
11768
11769
11770
11771
11771
11772
11774
11774
11776
11777
11777
11779
11780
11781
11783
11784
11784
11784
11786
11787
11787
11789
11790
11790
11792
11792
11793
11795
11796
11797
11799
11799
11799
11800
11803
11804
11804
11804
11807
11807
11808
11809
11809
11811
11812
11812
11814
11815
11815
11818
11818
11819
11820
11822
11822
11823
11825
11826
11826
11826
11828
11828
11829
11830
11831
11834
11835
11836
11836
11837
11838
11839
11839
11841
11841
11843
11844
11846
11847
11847
11848
11849
11850
11852
11852
11853
11853
11855
11856
11857
11858
11858
11860
11861
11861
11862
11863
11866
11867
11867
11868
11868
11869
11872
11872
11872
11873
11875
11876
11876
11878
11879
11879
11880
11881
11882
11883
11885
11885
11887
11888
11889
11891
11892
11893
11894
11894
11895
11896
11897
11898
11898
11900
11901
11902
11902
11904
11904
11907
11908
11908
11909
11909
11911
11912
11912
11914
11915
11917
11917
11917
11920
11921
11922
11922
11923
11924
11925
11926
11926
11927
11928
11931
11932
11933
11934
11935
11935
11936
11938
11938
11938
11939
11941
11941
11942
11943
11945
11945
11947
11948
11948
11949
11950
11952
11952
11953
11955
11956
11957
11958
11958
11960
11961
11962
11963
11963
11964
11965
11967
11968
11969
11971
11971
11971
11972
11973
11974
11976
11976
11978
11979
11980
11981
11982
11984
11984
11985
11985
11988
11988
11989
11990
11990
11993
11993
11994
11994
11995
11996
11997
11999
12001
12002
12002
12004
12005
12005
12005
12008
12009
12009
12010
12010
12012
12013
12013
12014
12017
12017
12017
12019
12019
12021
12021
12022
12024
12024
12025
12028
12028
12028
12030
12031
12032
12032
12035
12035
12037
12037
12038
12039
12040
12042
12043
12044
12044
12044
12046
12047
12048
12049
12049
12051
12051
12053
12055
12056
12056
12057
12058
12058
12060
12061
12061
12062
12065
12066
12067
12067
12067
12069
12070
12072
12072
12073
12073
12075
12076
12077
12078
12079
12079
12080
12083
12083
12085
12086
12086
12087
12087
12088
12090
12091
12093
12094
12095
12095
12095
12098
12098
12099
12100
12101
12101
12104
12105
12105
12105
12107
12107
12108
12111
12111
12113
12113
12113
12115
12115
12117
12117
12118
12121
12121
12122
12123
12124
12125
12125
12126
12129
12129
12130
12131
12132
12133
12134
12135
12136
12137
12139
12140
12141
12141
12142
12143
12144
12145
12146
12148
12148
12149
12150
12150
12152
12153
12155
12155
12157
12158
12158
12159
12161
12161
12162
12162
12164
12165
12166
12166
12169
12170
12170
12171
12172
12172
12174
12176
12177
12178
12178
12179
12180
12180
12181
12184
12184
12186
12186
12187
12187
12189
12190
12192
12192
12193
12195
12196
12197
12197
12197
12198
12199
12201
12203
12204
12204
12206
12207
12208
12209
12209
12210
12211
12212
12213
12214
12214
12215
12218
12218
12219
12219
12221
12221
12222
12223
12224
12227
12227
12228
12229
12229
12231
12233
12233
12233
12235
12236
12236
12238
12238
12240
12241
12241
12243
12244
12245
12246
12246
12249
12249
12250
12251
12251
12252
12253
12254
12256
12257
12258
12259
12261
12261
12261
12263
12265
12265
12266
12266
12269
12269
12270
12272
12272
12273
12274
12274
12275
12278
12278
12278
12279
12281
12281
12283
12285
12285
12286
12287
12287
12289
12291
12292
12292
12293
12294
12294
12296
12298
12299
12299
12301
12301
12302
12302
12304
12304
12306
12306
12307
12310
12310
12311
12312
12313
12314
12314
12316
12316
12318
12319
12321
12321
12322
12322
12324
12325
12326
12328
12328
12329
12329
12332
12332
12332
12334
12335
12336
12337
12338
12340
12340
12340
12342
12342
12343
12346
12346
12348
12349
12350
12350
12351
12351
12354
12355
12355
12356
12358
12358
12359
12359
12361
12362
12363
12364
12366
12366
12368
12368
12370
12370
12371
12371
12373
12373
12375
12375
12377
12378
12380
12380
12382
12383
12384
12385
12386
12386
12387
12388
12388
12389
12390
12391
12392
12394
12395
12395
12396
12397
12400
12400
12400
12401
12404
12404
12406
12406
12407
12408
12410
12411
12411
12413
12413
12413
12415
12415
12416
12417
12418
12420
12421
12421
12424
12424
12424
12425
12426
12429
12430
12430
12431
12432
12433
12435
12436
12437
12437
12438
12438
12440
12440
12442
12442
12444
12445
12447
12447
12448
12449
12450
12451
12453
12454
12455
12455
12456
12456
12459
12460
12461
12461
12461
12464
12465
12465
12467
12468
12468
12469
12469
12471
12473
12474
12475
12475
12475
12477
12478
12480
12480
12481
12482
12483
12484
12484
12485
12486
12488
12489
12490
12490
12493
12493
12493
12495
12495
12498
12498
12498
12500
12502
12502
12503
12505
12505
12506
12507
12508
12510
12510
12510
12512
12514
12515
12515
12517
12518
12519
12519
12519
12522
12522
12523
12523
12524
12527
12527
12528
12528
12531
12531
12532
12534
12535
12535
12536
12537
12538
12539
12540
12540
12542
12542
12543
12544
12546
12547
12548
12549
12550
12552
12552
12553
12555
12555
12556
12557
12558
12559
12559
12561
12561
12563
12563
12564
12567
12568
12568
12569
12569
12570
12571
12574
12574
12574
12575
12577
12578
12579
12580
12581
12582
12583
12583
12585
12586
12586
12587
12588
12590
12590
12592
12594
12594
12595
12597
12597
12597
12600
12600
12601
12601
12603
12604
12605
12605
12606
12609
12609
12610
12610
12612
12614
12614
12615
12615
12616
12619
12620
12620
12621
12622
12623
12625
12625
12626
12628
12628
12629
12630
12630
12632
12633
12635
12635
12636
12637
12638
12638
12641
12641
12642
12642
12644
12645
12646
12646
12647
12648
12651
12652
12652
12654
12655
12655
12657
12657
12658
12659
12660
12660
12663
12663
12665
12666
12666
12666
12668
12670
12670
12672
12672
12673
12673
12675
12676
12676
12678
12679
12680
12681
12682
12682
12683
12685
12686
12686
12688
12689
12690
12691
12692
12692
12693
12695
12697
12698
12698
12699
12700
12700
12703
12703
12705
12705
12706
12707
12707
12710
12711
12711
12711
12712
12714
12716
12717
12717
12719
12720
12720
12722
12723
12723
12724
12724
12726
12727
12727
12728
12730
12730
12731
12732
12734
12735
12736
12737
12737
12738
12739
12742
12743
12744
12745
12745
12746
12747
12749
12750
12751
12751
12752
12754
12754
12754
12755
12756
12758
12758
12760
12762
12762
12763
12764
12764
12765
12766
12768
12769
12770
12770
12771
12773
12775
12775
12776
12777
12777
12778
12779
12781
12782
12783
12783
12785
12785
12786
12789
12790
12790
12790
12793
12794
12794
12796
12796
12797
12797
12798
12801
12802
12802
12802
12803
12804
12805
12807
12809
12809
12810
12811
12813
12813
12814
12814
12815
12817
12818
12818
12820
12820
12822
12822
12824
12825
12826
12826
12828
12828
12830
12831
12831
12832
12834
12835
12835
12837
12838
12838
12839
12842
12842
12842
12844
12845
12846
12848
12848
12850
12851
12851
12852
12852
12855
12855
12856
12856
12859
12859
12860
12860
12861
12863
12863
12866
12866
12868
12868
12869
12869
12872
12872
12873
12875
12876
12876
12877
12879
12879
12880
12882
12882
12883
12884
12885
12885
12888
12888
12888
12890
12892
12892
12893
12895
12896
12896
12897
12898
12898
12900
12901
12902
12902
12903
12904
12906
12907
12908
12909
12910
12910
12912
12914
12915
12916
12916
12916
12918
12918
12919
12922
12922
12924
12924
12925
12927
12927
12928
12929
12930
12931
12932
12934
12934
12936
12936
12936
12938
12939
12940
12940
12942
12944
12944
12945
12946
12946
12949
12950
12950
12950
12953
12953
12954
12955
12955
12956
12957
12960
12961
12962
12963
12963
12963
12965
12966
12967
12968
12969
12970
12971
12973
12973
12975
12975
12975
12978
12979
12980
12980
12980
12983
12983
12983
12984
12987
12987
12987
12988
12989
12990
12991
12992
12994
12994
12996
12997
12999
12999
13001
13001
13003
13003
13004
13004
13006
13007
13008
13009
13009
13010
13012
13013
13015
13015
13016
13017
13018
13018
13019
13020
13021
13023
13024
13026
13026
13027
13028
13028
13030
13031
13033
13033
13034
13035
13037
13037
13038
13039
13039
13041
13043
13043
13044
13046
13046
13048
13049
13050
13050
13051
13052
13053
13054
13055
13056
13056
13059
13060
13060
13061
13062
13063
13065
13065
13065
13068
13068
13069
13070
13071
13071
13072
13074
13074
13075
13076
13077
13078
13079
13080
13082
13082
13084
13084
13087
13087
13088
13089
13091
13092
13092
13092
13093
13095
13097
13097
13097
13099
13099
13101
13102
13103
13105
13105
13105
13106
13109
13109
13110
13112
13112
13114
13114
13115
13117
13117
13118
13118
13120
13121
13121
13122
13124
13124
13125
13126
13128
13129
13130
13131
13132
13133
13133
13134
13135
13137
13137
13138
13139
13142
13143
13143
13144
13144
13147
13147
13148
13149
13151
13151
13152
13153
13154
13155
13156
13156
13159
13159
13160
13161
13162
13163
13163
13166
13166
13167
13167
13169
13170
13170
13172
13173
13174
13175
13176
13176
13178
13180
13180
13180
13183
13183
13184
13184
13186
13187
13187
13189
13191
13191
13192
13193
13194
13195
13195
13197
13198
13200
13201
13201
13202
13202
13204
13205
13206
13208
13209
13209
13210
13210
13212
13213
13214
13215
13215
13217
13218
13218
13221
13221
13222
13224
13225
13225
13226
13228
13228
13230
13230
13231
13233
13234
13235
13235
13235
13236
13238
13239
13239
13242
13242
13244
13245
13245
13246
13248
13249
13249
13249
13251
13252
13252
13254
13255
13256
13257
13257
13259
13259
13261
13262
13262
13265
13266
13267
13267
13267
13269
13270
13271
13271
13273
13274
13274
13276
13277
13279
13280
13280
13281
13282
13283
13284
13284
13286
13287
13289
13289
13290
13290
13291
13292
13293
13295
13296
13298
13298
13298
13300
13301
13303
13303
13304
13305
13306
13306
13308
13308
13309
13310
13312
13313
13314
13314
13315
13317
13319
13320
13320
13321
13322
13323
13323
13324
13326
13327
13327
13328
13330
13332
13332
13332
13333
13336
13336
13337
13337
13340
13340
13341
13341
13342
13344
13345
13346
13348
13348
13348
13350
13351
13353
13353
13354
13355
13356
13357
13358
13359
13360
13362
13362
13363
13363
13366
13367
13368
13368
13370
13370
13371
13371
13372
13375
13375
13376
13377
13379
13380
13380
13382
13383
13383
13385
13386
13386
13386
13389
13390
13391
13391
13392
13393
13394
13395
13395
13397
13397
13399
13400
13400
13401
13403
13403
13405
13406
13406
13408
13408
13410
13411
13411
13413
13414
13415
13416
13417
13418
13419
13420
13421
13422
13422
13425
13426
13426
13427
13428
13430
13430
13430
13433
13434
13435
13435
13436
13436
13437
13439
13439
13442
13442
13443
13444
13444
13446
13447
13449
13449
13449
13450
13451
13453
13453
13456
13456
13458
13459
13459
13461
13461
13462
13464
13464
13466
13466
13467
13468
13470
13471
13472
13472
13473
13473
13474
13475
13476
13478
13480
13481
13482
13483
13484
13484
13484
13487
13487
13488
13490
13491
13492
13492
13492
13494
13495
13496
13497
13498
13498
13500
13501
13501
13503
13504
13505
13507
13508
13508
13509
13511
13511
13512
13514
13514
13516
13516
13517
13517
13518
13520
13521
13522
13524
13524
13525
13526
13527
13528
13528
13529
13531
13531
13532
13535
13536
13537
13538
13538
13539
13540
13541
13543
13543
13544
13544
13545
13547
13548
13549
13551
13551
13551
13553
13554
13554
13556
13557
13557
13559
13559
13561
13562
13563
13564
13566
13566
13566
13567
13568
13571
13571
13571
13574
13575
13575
13575
13578
13578
13579
13579
13581
13582
13583
13584
13585
13587
13587
13588
13589
13590
13590
13591
13594
13594
13594
13595
13598
13598
13598
13600
13600
13603
13603
13604
13605
13606
13607
13608
13609
13610
13610
13613
13613
13614
13616
13616
13616
13619
13619
13619
13622
13623
13623
13623
13624
13626
13627
13628
13628
13631
13632
13632
13633
13635
13636
13636
13637
13638
13639
13639
13642
13642
13643
13644
13644
13647
13648
13649
13649
13650
13650
13653
13653
13654
13655
13656
13657
13658
13659
13660
13661
13662
13662
13664
13664
13666
13667
13668
13669
13670
13671
13672
13674
13674
13676
13677
13677
13677
13680
13680
13682
13682
13683
13685
13685
13686
13688
13688
13689
13689
13690
13692
13693
13694
13694
13697
13697
13699
13700
13701
13701
13701
13703
13703
13705
13706
13707
13708
13710
13710
13712
13713
13713
13715
13715
13715
13717
13718
13720
13720
13721
13723
13723
13724
13725
13725
13726
13727
13729
13730
13730
13732
13733
13735
13735
13736
13737
13737
13740
13740
13741
13742
13742
13744
13745
13745
13747
13747
13748
13750
13752
13753
13753
13754
13754
13755
13758
13758
13758
13761
13762
13762
13762
13763
13764
13765
13767
13768
13769
13769
13772
13773
13773
13774
13776
13777
13777
13778
13778
13780
13781
13783
13784
13785
13785
13785
13788
13788
13789
13790
13790
13793
13793
13793
13795
13796
13797
13799
13799
13800
13801
13803
13803
13804
13805
13807
13807
13808
13809
13810
13812
13812
13813
13815
13815
13816
13817
13818
13819
13819
13822
13822
13824
13825
13826
13827
13828
13828
13829
13830
13830
13831
13833
13833
13834
13835
13836
13837
13838
13841
13841
13841
13844
13844
13845
13846
13848
13848
13849
13849
13851
13852
13853
13853
13854
13856
13857
13858
13860
13860
13861
13862
13864
13865
13865
13866
13867
13869
13869
13870
13871
13872
13873
13873
13875
13876
13876
13877
13880
13880
13881
13881
13883
13884
13885
13886
13887
13888
13890
13891
13891
13892
13893
13894
13896
13896
13897
13899
13899
13899
13902
13903
13904
13904
13905
13906
13906
13908
13909
13910
13910
13911
13913
13913
13915
13915
13917
13917
13920
13920
13920
13921
13923
13923
13925
13926
13927
13928
13928
13929
13930
13932
13932
13934
13936
13936
13937
13937
13939
13939
13940
13942
13943
13943
13944
13945
13946
13949
13949
13949
13950
13952
13953
13953
13955
13956
13956
13958
13958
13961
13962
13962
13962
13963
13964
13965
13966
13968
13968
13970
13972
13973
13973
13974
13976
13976
13977
13977
13978
13979
13980
13983
13984
13985
13986
13986
13987
13988
13988
13989
13992
13993
13993
13995
13995
13997
13998
13998
13999
14000
14001
14002
14002
14003
14005
14005
14007
14008
14008
14009
14012
14012
14014
14015
14015
14016
14017
14017
14019
14020
14021
14023
14024
14025
14025
14025
14027
14029
14029
14031
14031
14032
14033
14034
14035
14036
14038
14039
14039
14039
14042
14042
14043
14044
14045
14046
14047
14047
14048
14051
14052
14052
14053
14054
14054
14056
14056
14057
14059
14060
14060
14063
14063
14064
14065
14067
14067
14067
14069
14069
14070
14072
14074
14074
14075
14076
14078
14078
14079
14079
14080
14081
14083
14083
14086
14087
14088
14089
14089
14090
14091
14092
14092
14093
14095
14096
14097
14098
14100
14100
14101
14101
14102
14103
14104
14106
14107
14107
14110
14110
14111
14112
14112
14115
14116
14116
14117
14118
14118
14120
14121
14121
14124
14124
14126
14126
14126
14129
14129
14130
14131
14132
14132
14135
14135
14135
14138
14138
14138
14141
14141
14142
14142
14143
14144
14145
14147
14149
14149
14150
14150
14152
14153
14153
14155
14157
14157
14159
14159
14159
14162
14162
14162
14165
14165
14165
14166
14168
14170
14170
14170
14171
14174
14174
14175
14175
14178
14178
14178
14180
14181
14182
14183
14185
14186
14186
14187
14187
14188
14189
14191
14191
14194
14194
14195
14196
14196
14198
14200
14201
14201
14202
14202
14203
14206
14206
14207
14209
14209
14210
14211
14211
14213
14213
14215
14216
14217
14218
14219
14221
14222
14223
14224
14224
14225
14226
14227
14227
14229
14229
14230
14233
14233
14234
14236
14236
14236
14237
14239
14240
14241
14242
14243
14244
14244
14247
14248
14248
14249
14249
14251
14252
14253
14253
14255
14256
14257
14259
14260
14260
14261
14261
14263
14264
14266
14266
14267
14267
14268
14270
14271
14271
14272
14274
14275
14276
14277
14278
14279
14280
14281
14282
14284
14285
14285
14286
14287
14287
14288
14290
14291
14292
14293
14294
14295
14297
14297
14298
14298
14300
14301
14302
14304
14305
14305
14306
14306
14307
14308
14311
14311
14313
14313
14313
14314
14317
14317
14318
14318
14320
14321
14322
14323
14323
14326
14326
14327
14328
14329
14331
14331
14332
14332
14335
14336
14337
14337
14338
14339
14340
14342
14342
14343
14345
14346
14346
14347
14348
14349
14350
14350
14352
14353
14354
14355
14356
14357
14359
14359
14361
14361
14362
14363
14364
14364
14366
14368
14368
14369
14369
14370
14371
14374
14374
14376
14376
14376
14377
14380
14380
14381
14382
14383
14384
14384
14386
14388
14388
14388
14389
14390
14391
14393
14393
14394
14397
14397
14397
14398
14399
14400
14402
14403
14403
14405
14406
14407
14408
14410
14410
14410
14411
14412
14415
14416
14416
14416
14418
14418
14420
14422
14422
14424
14424
14425
14425
14426
14428
14428
14430
14431
14432
14433
14434
14436
14437
14438
14438
14439
14441
14441
14442
14444
14444
14444
14446
14447
14448
14449
14450
14451
14451
14452
14453
14456
14456
14457
14458
14459
14461
14461
14461
14464
14464
14465
14466
14466
14467
14468
14471
14472
14473
14474
14474
14475
14477
14477
14479
14480
14480
14481
14481
14482
14483
14485
14487
14488
14489
14490
14490
14490
14491
14493
14494
14495
14495
14497
14498
14499
14499
14500
14502
14504
14505
14505
14506
14506
14508
14509
14511
14511
14512
14512
14515
14515
14516
14516
14518
14520
14521
14521
14522
14522
14524
14524
14526
14527
14529
14530
14530
14531
14531
14533
14534
14536
14536
14537
14537
14539
14541
14542
14542
14542
14545
14545
14546
14548
14548
14548
14550
14551
14551
14553
14554
14555
14557
14557
14557
14560
14561
14561
14562
14564
14565
14566
14567
14567
14568
14568
14569
14571
14571
14573
14574
14575
14577
14577
14577
14579
14581
14581
14582
14584
14584
14585
14586
14586
14588
14589
14589
14590
14591
14593
14594
14594
14596
14596
14599
14600
14600
14602
14602
14603
14604
14605
14605
14606
14609
14609
14611
14611
14611
14614
14614
14615
14616
14617
14619
14619
14620
14620
14622
14624
14625
14625
14626
14627
14627
14628
14630
14632
14632
14633
14634
14634
14636
14636
14637
14639
14640
14640
14641
14643
14644
14645
14646
14646
14649
14649
14651
14651
14652
14652
14654
14655
14655
14657
14659
14659
14661
14661
14661
14663
14664
14664
14666
14667
14667
14668
14670
14671
14672
14673
14674
14676
14676
14676
14678
14679
14681
14681
14683
14683
14684
14685
14687
14687
14689
14690
14691
14691
14691
14693
14693
14694
14697
14698
14698
14698
14699
14700
14703
14703
14705
14705
14706
14707
14707
14708
14709
14712
14713
14713
14714
14714
14716
14716
14718
14718
14721
14721
14721
14722
14724
14725
14725
14728
14728
14730
14731
14731
14732
14733
14734
14734
14737
14737
14738
14740
14740
14741
14742
14742
14743
14745
14745
14748
14748
14750
14750
14751
14751
14753
14755
14755
14757
14757
14757
14758
14760
14760
14763
14763
14763
14765
14767
14767
14768
14770
14770
14771
14771
14772
14773
14776
14777
14777
14779
14779
14779
14780
14781
14784
14784
14785
14786
14787
14788
14788
14791
14791
14792
14792
14793
14795
14796
14797
14798
14799
14800
14800
14802
14804
14804
14804
14807
14807
14808
14809
14809
14810
14812
14813
14815
14815
14816
14816
14817
14819
14819
14821
14822
14824
14824
14826
14826
14827
14828
14828
14830
14832
14832
14832
14834
14835
14835
14838
14838
14839
14839
14840
14842
14842
14844
14845
14845
14848
14848
14849
14851
14851
14852
14853
14854
14855
14855
14856
14857
14859
14860
14862
14862
14862
14863
14864
14866
14867
14869
14869
14870
14870
14872
14872
14875
14876
14876
14877
14878
14879
14880
14882
14883
14883
14883
14885
14886
14887
14889
14889
14890
14890
14891
14892
14894
14895
14896
14896
14897
14898
14900
14901
14902
14903
14905
14905
14906
14907
14908
14909
14910
14911
14912
14913
14913
14915
14916
14917
14918
14920
14920
14921
14921
14924
14924
14926
14926
14926
14927
14929
14930
14931
14932
14932
14933
14934
14937
14938
14938
14939
14940
14941
14941
14943
14944
14944
14945
14948
14948
14949
14950
14951
14951
14953
14953
14956
14956
14958
14959
14960
14960
14961
14963
14964
14964
14965
14965
14967
14968
14968
14969
14971
14973
14973
14973
14976
14976
14977
14978
14979
14979
14980
14981
14983
14985
14985
14985
14986
14987
14988
14989
14992
14992
14993
14995
14996
14996
14996
14999
14999
15000
15000
15002
15003
15004
15004
15005
15008
15008
15008
15009
15012
15012
15013
15014
15014
15015
15017
15019
15020
15020
15021
15023
15023
15024
15025
15026
15027
15028
15029
15029
15032
15032
15033
15034
15035
15036
15037
15037
15040
15041
15041
15042
15042
15043
15046
15047
15047
15048
15049
15051
15051
15053
15053
15053
15056
15056
15058
15058
15060
15060
15061
15061
15062
15064
15064
15065
15067
15069
15069
15069
15072
15073
15073
15073
15075
15076
15077
15078
15078
15080
15080
15082
15082
15084
15085
15086
15088
15088
15089
15090
15090
15092
15092
15094
15096
15096
15098
15098
15099
15100
15101
15102
15102
15105
15105
15106
15106
15108
15109
15110
15110
15113
15114
15114
15116
15116
15116
15119
15119
15120
15121
15123
15124
15124
15125
15126
15126
15128
15129
15130
15131
15132
15132
15133
15136
15137
15137
15138
15138
15139
15141
15142
15144
15145
15145
15146
15147
15148
15148
15151
15151
15151
15152
15153
15156
15156
15156
15158
15159
15160
15161
15163
15164
15164
15165
15167
15167
15168
15168
15171
15171
15173
15173
15174
15175
15177
15177
15178
15179
15180
15181
15182
15183
15184
15185
15186
15186
15189
15189
15189
15191
15192
15192
15194
15194
15197
15197
15199
15199
15201
15202
15203
15203
15204
15205
15207
15207
15207
15208
15210
15211
15211
15212
15213
15215
15215
15218
15218
15219
15220
15222
15223
15223
15224
15225
15225
15226
15227
15230
15230
15230
15232
15233
15234
15235
15235
15238
15238
15239
15241
15241
15241
15242
15244
15245
15246
15247
15247
15249
15249
15251
15252
15252
15254
15255
15256
15258
15259
15260
15261
15261
15263
15263
15264
15264
15267
15267
15269
15269
15269
15270
15272
15273
15273
15276
15276
15276
15279
15280
15280
15281
15282
15282
15284
15285
15286
15287
15287
15289
15289
15290
15291
15293
15295
15295
15296
15297
15299
15299
15301
15302
15302
15302
15304
15306
15307
15308
15308
15309
15310
15311
15312
15313
15314
15316
15317
15317
15317
15318
15319
15321
15322
15323
15323
15324
15327
15328
15329
15330
15330
15330
15332
15333
15333
15334
15335
15336
15337
15338
15339
15340
15343
15343
15344
15345
15346
15346
15349
15350
15350
15350
15352
15353
15355
15355
15356
15357
15357
15360
15360
15362
15363
15363
15363
15364
15366
15367
15367
15370
15370
15371
15371
15373
15375
15375
15375
15377
15379
15380
15380
15381
15381
15382
15385
15385
15386
15387
15388
15389
15389
15390
15392
15392
15395
15395
15395
15397
15397
15399
15400
15402
15403
15404
15404
15405
15406
15407
15409
15409
15410
15411
15412
15414
15414
15415
15416
15417
15418
15418
15420
15421
15421
15424
15425
15426
15427
15428
15428
15428
15429
15430
15432
15433
15433
15435
15436
15436
15438
15439
15441
15442
15442
15443
15444
15444
15446
15447
15447
15448
15450
15451
15453
15454
15454
15455
15456
15456
15459
15459
15459
15461
15462
15463
15464
15466
15467
15468
15468
15469
15470
15470
15472
15473
15475
15475
15476
15477
15478
15478
15479
15482
15482
15483
15484
15484
15487
15487
15488
15490
15490
15491
15491
15493
15495
15496
15497
15497
15497
15498
15500
15500
15502
15502
15503
15505
15506
15506
15508
15509
15510
15511
15512
15513
15515
15516
15516
15518
15518
15519
15521
15521
15521
15523
15524
15525
15526
15528
15528
15529
15529
15531
15532
15534
15534
15535
15536
15538
15539
15540
15540
15540
15542
15544
15544
15545
15545
15547
15548
15548
15550
15550
15552
15553
15554
15555
15557
15557
15558
15560
15561
15561
15562
15562
15564
15565
15566
15566
15567
15569
15570
15571
15572
15574
15574
15575
15576
15578
15578
15580
15581
15581
15582
15583
15583
15584
15586
15587
15588
15589
15591
15591
15592
15594
15594
15594
15597
15598
15598
15600
15601
15601
15602
15603
15604
15604
15606
15606
15607
15609
15609
15610
15611
15613
15614
15614
15616
15618
15618
15618
15620
15620
15622
15623
15624
15625
15626
15627
15627
15628
15630
15630
15633
15634
15634
15636
15636
15637
15639
15640
15641
15641
15642
15644
15645
15645
15645
15647
15647
15649
15650
15650
15652
15653
15654
15656
15656
15657
15658
15658
15661
15662
15662
15662
15664
15665
15667
15667
15668
15669
15670
15671
15672
15673
15674
15675
15675
15678
15678
15680
15681
15681
15682
15683
15684
15685
15686
15687
15689
15689
15690
15692
15692
15694
15694
15695
15695
15697
15697
15699
15700
15701
15701
15702
15703
15705
15706
15707
15709
15710
15710
15711
15712
15712
15714
15715
15716
15718
15719
15719
15720
15720
15721
15722
15723
15725
15725
15727
15729
15729
15729
15730
15733
15733
15733
15734
15735
15737
15738
15739
15740
15741
15742
15743
15743
15744
15747
15747
15748
15749
15749
15752
15753
15753
15754
15755
15757
15757
15758
15758
15761
15762
15762
15762
15764
15766
15766
15766
15768
15769
15771
15771
15771
15774
15774
15774
15775
15777
15779
15779
15780
15780
15782
15782
15785
15785
15786
15788
15788
15789
15791
15791
15791
15793
15795
15795
15795
15797
15798
15800
15801
15802
15803
15804
15804
15805
15805
15808
15808
15809
15810
15810
15812
15812
15815
15815
15816
15816
15818
15819
15820
15821
15821
15824
15824
15825
15826
15828
15828
15829
15830
15831
15832
15832
15835
15835
15836
15837
15838
15839
15840
15842
15842
15843
15843
15845
15846
15847
15848
15849
15850
15850
15851
15852
15855
15856
15856
15857
15858
15858
15859
15861
15863
15864
15864
15865
15865
15867
15868
15869
15870
15871
15872
15874
15874
15876
15877
15878
15878
15878
15879
15881
15881
15882
15885
15885
15886
15887
15888
15890
15891
15891
15892
15893
15894
15895
15896
15897
15898
15900
15901
15901
15902
15903
15903
15904
15905
15908
15908
15909
15911
15911
15911
15914
15914
15916
15917
15918
15918
15919
15920
15921
15923
15923
15923
15925
15926
15926
15928
15928
15929
15930
15932
15934
15934
15935
15936
15937
15939
15939
15940
15941
15942
15943
15943
15945
15946
15946
15949
15950
15951
15952
15952
15953
15953
15954
15955
15956
15958
15959
15960
15961
15961
15963
15964
15966
15966
15967
15967
15970
15971
15971
15973
15974
15974
15974
15976
15978
15978
15978
15979
15980
15981
15984
15984
15985
15985
15986
15987
15989
15991
15992
15992
15993
15994
15994
15995
15997
15998
15998
16000
arquivo ordenado pelo algoritmo radix straight sort tempo da ordenao = 0 milisegundos

