1
1
2
5
5
6
8
9
9
10
11
11
14
14
14
16
17
18
18
19
21
23
24
25
25
26
26
28
29
30
30
31
32
34
36
37
37
39
39
39
41
42
43
44
46
46
46
48
49
50
50
52
53
53
55
55
57
58
59
61
61
62
63
64
64
66
67
69
70
71
72
72
72
73
74
76
76
78
79
79
82
83
84
84
84
86
87
88
88
90
90
92
93
94
94
97
97
97
100
100
100
102
103
104
104
106
106
107
108
110
111
111
113
114
116
116
116
118
118
119
122
122
122
124
125
126
127
128
129
130
130
132
133
133
135
136
138
138
140
141
141
142
142
143
144
145
146
147
149
149
151
153
154
154
154
155
158
159
159
160
160
162
163
164
165
165
167
168
169
170
171
171
172
175
175
175
178
178
179
180
182
182
182
185
186
186
188
188
189
190
191
192
193
194
195
196
196
199
199
201
201
201
202
205
206
206
206
208
209
209
211
211
213
214
216
216
216
219
219
220
221
222
224
224
224
227
228
228
229
230
231
232
232
234
234
236
237
238
238
240
241
242
243
243
244
247
247
248
250
250
252
252
254
254
255
256
257
258
260
260
260
261
262
263
265
266
266
268
269
269
270
272
273
274
275
276
278
279
279
280
280
282
283
283
285
287
287
288
288
290
290
292
293
294
295
297
298
299
299
301
301
301
303
304
305
306
307
307
309
310
312
313
314
314
316
316
317
318
320
321
322
322
323
324
325
326
326
328
329
330
331
332
333
334
336
336
337
338
338
340
341
342
342
343
345
346
347
348
349
351
351
352
352
354
355
355
358
358
360
360
362
362
362
363
365
366
366
367
369
369
372
373
374
375
376
376
377
378
378
380
381
382
383
384
384
387
387
387
389
390
392
392
392
395
396
396
396
398
399
399
402
402
404
404
405
406
407
408
409
409
410
413
413
414
415
417
417
417
420
421
422
423
423
423
426
426
427
427
430
430
431
433
433
434
435
436
438
438
439
439
442
443
444
444
445
446
448
449
450
451
452
453
454
454
456
456
457
458
459
459
460
462
463
464
465
466
467
468
468
469
471
472
474
475
475
475
477
478
478
480
481
481
482
483
485
485
486
488
489
489
491
492
494
494
494
496
496
497
498
499
500
501
503
504
504
507
508
509
509
510
510
511
512
513
514
517
517
518
520
521
522
522
522
523
524
527
528
528
529
530
531
532
533
533
536
537
537
539
539
539
542
542
542
543
546
546
546
548
550
550
551
551
553
554
555
557
557
559
559
559
560
561
562
565
565
566
567
567
568
569
571
571
574
574
575
577
578
579
579
579
581
583
583
583
585
587
588
589
589
590
590
591
592
594
594
597
598
598
599
599
600
602
602
603
606
606
608
608
609
610
610
613
613
614
615
615
617
619
619
620
622
622
624
624
625
627
627
627
630
630
630
631
632
633
635
637
638
638
639
640
640
642
644
644
645
646
647
647
648
650
651
652
653
653
655
656
658
658
659
660
661
662
663
663
664
666
666
667
669
670
671
671
673
674
675
676
677
678
678
679
681
682
683
684
685
686
687
687
688
690
691
691
693
693
695
697
698
698
698
701
701
703
703
704
704
705
707
709
709
710
711
713
713
713
714
717
717
718
719
720
720
721
723
724
725
727
727
728
728
731
731
733
733
734
734
736
738
738
739
740
740
743
743
745
745
746
747
747
749
750
752
752
753
754
754
756
756
758
758
759
761
762
763
764
765
765
767
768
770
771
771
771
774
774
775
775
776
779
780
781
781
782
783
784
786
787
788
789
789
789
791
791
794
794
795
796
797
799
800
800
801
801
804
804
805
805
808
808
808
811
811
812
813
814
815
816
817
818
818
820
821
823
823
825
826
826
827
828
830
830
832
832
833
834
834
836
837
838
840
840
840
841
842
845
846
846
846
849
850
850
851
853
854
855
856
857
857
857
858
860
861
862
863
863
866
866
867
869
869
870
870
872
872
874
874
875
878
878
878
879
882
882
884
884
885
886
887
888
890
890
892
892
894
895
895
896
897
899
899
900
900
903
903
904
904
905
907
908
909
909
910
912
913
913
915
916
917
917
920
920
921
923
923
924
926
927
928
928
929
930
930
931
932
933
935
935
937
938
940
941
942
943
944
944
945
946
947
949
949
950
952
953
953
954
955
956
957
957
958
960
962
962
963
965
965
965
967
967
969
970
971
972
972
973
975
976
977
977
980
981
981
982
982
983
986
986
988
989
990
990
991
992
992
995
996
997
998
998
998
1000
1002
1002
1002
1005
1005
1007
1007
1008
1008
1010
1012
1013
1014
1014
1015
1017
1017
1017
1019
1020
1020
1022
1023
1024
1025
1025
1026
1028
1029
1030
1030
1032
1034
1035
1036
1037
1037
1038
1040
1041
1042
1043
1044
1044
1044
1045
1047
1048
1049
1049
1050
1052
1054
1055
1056
1057
1058
1059
1059
1061
1061
1062
1063
1064
1065
1065
1066
1067
1069
1069
1070
1072
1072
1073
1074
1076
1076
1078
1079
1080
1080
1082
1082
1083
1085
1087
1088
1088
1088
1089
1090
1092
1093
1094
1095
1096
1096
1099
1100
1101
1101
1102
1102
1103
1104
1106
1107
1109
1109
1111
1111
1112
1113
1115
1115
1115
1117
1119
1119
1120
1120
1121
1123
1123
1125
1126
1126
1127
1130
1131
1132
1133
1134
1134
1134
1136
1136
1138
1139
1140
1142
1142
1143
1144
1145
1146
1147
1147
1149
1149
1152
1152
1153
1154
1154
1155
1157
1157
1158
1160
1160
1162
1162
1163
1166
1166
1167
1168
1169
1170
1171
1172
1172
1174
1175
1176
1176
1177
1179
1179
1180
1183
1184
1184
1184
1187
1188
1189
1189
1189
1190
1192
1194
1194
1196
1196
1197
1199
1199
1200
1200
1201
1203
1204
1205
1206
1207
1208
1209
1210
1210
1212
1213
1215
1215
1216
1216
1217
1219
1221
1221
1223
1223
1223
1225
1225
1226
1228
1229
1230
1231
1232
1232
1235
1235
1236
1237
1238
1238
1241
1241
1242
1243
1245
1245
1245
1248
1249
1249
1250
1251
1252
1253
1253
1255
1256
1256
1258
1259
1260
1261
1261
1262
1263
1266
1266
1267
1267
1270
1270
1271
1272
1274
1275
1276
1276
1276
1279
1279
1280
1281
1281
1283
1284
1285
1286
1288
1289
1289
1291
1291
1292
1294
1295
1296
1297
1297
1297
1298
1300
1301
1302
1303
1304
1304
1307
1307
1308
1309
1311
1311
1313
1313
1315
1316
1317
1317
1318
1319
1319
1320
1321
1323
1323
1326
1326
1326
1329
1329
1330
1330
1331
1333
1334
1335
1337
1338
1339
1339
1340
1341
1343
1343
1344
1346
1346
1346
1348
1348
1350
1351
1352
1352
1354
1354
1357
1358
1358
1359
1361
1362
1362
1363
1363
1366
1366
1366
1368
1369
1370
1370
1371
1373
1374
1375
1376
1377
1378
1379
1380
1380
1383
1383
1384
1384
1386
1387
1387
1388
1389
1390
1393
1394
1395
1395
1396
1397
1398
1399
1401
1401
1403
1403
1404
1404
1407
1407
1409
1409
1410
1412
1413
1413
1414
1414
1417
1417
1418
1419
1420
1421
1422
1424
1424
1425
1425
1426
1429
1430
1431
1431
1431
1434
1434
1434
1436
1437
1439
1440
1441
1442
1443
1444
1444
1444
1445
1447
1449
1450
1451
1452
1452
1453
1454
1455
1455
1457
1458
1458
1460
1461
1462
1463
1463
1464
1466
1466
1468
1469
1469
1472
1472
1474
1475
1475
1476
1476
1478
1479
1479
1480
1482
1483
1483
1484
1486
1487
1488
1489
1491
1491
1492
1494
1495
1496
1497
1497
1497
1499
1499
1500
1502
1504
1505
1505
1506
1506
1508
1508
1510
1511
1512
1513
1514
1516
1516
1517
1518
1519
1520
1520
1523
1524
1525
1525
1527
1528
1529
1530
1530
1531
1532
1533
1535
1536
1536
1537
1537
1538
1541
1542
1543
1543
1544
1545
1546
1547
1547
1548
1549
1551
1553
1553
1554
1555
1556
1558
1559
1559
1561
1561
1563
1564
1564
1565
1566
1567
1567
1570
1570
1570
1573
1573
1573
1574
1576
1577
1578
1579
1579
1580
1583
1584
1584
1584
1587
1587
1588
1589
1590
1592
1593
1593
1594
1595
1596
1596
1599
1599
1599
1601
1601
1602
1604
1605
1605
1607
1607
1609
1611
1611
1612
1614
1615
1615
1616
1618
1618
1619
1619
1621
1622
1622
1623
1626
1627
1627
1629
1630
1630
1630
1632
1633
1634
1634
1637
1637
1638
1638
1641
1641
1643
1644
1644
1646
1647
1647
1648
1648
1651
1651
1652
1653
1654
1654
1656
1656
1657
1659
1659
1661
1662
1663
1663
1664
1666
1666
1668
1669
1670
1670
1672
1673
1673
1674
1676
1676
1678
1679
1680
1680
1682
1683
1683
1684
1687
1687
1687
1690
1690
1691
1692
1693
1694
1696
1696
1697
1697
1700
1700
1701
1702
1703
1703
1704
1705
1707
1707
1710
1711
1712
1713
1713
1714
1714
1717
1718
1718
1718
1721
1721
1722
1723
1723
1725
1725
1726
1728
1728
1731
1731
1733
1734
1734
1734
1737
1738
1739
1739
1740
1741
1741
1743
1744
1744
1747
1747
1748
1750
1750
1750
1751
1752
1753
1755
1756
1756
1759
1759
1761
1762
1763
1763
1764
1764
1765
1766
1767
1768
1770
1770
1773
1773
1773
1775
1776
1777
1779
1779
1781
1781
1783
1783
1784
1785
1786
1786
1788
1788
1790
1791
1791
1793
1793
1795
1797
1798
1798
1798
1799
1800
1802
1804
1804
1805
1806
1807
1808
1808
1811
1812
1812
1813
1814
1815
1817
1817
1818
1819
1821
1821
1822
1822
1824
1825
1827
1827
1828
1829
1831
1831
1832
1832
1834
1835
1837
1837
1838
1840
1841
1842
1842
1842
1843
1844
1847
1848
1848
1849
1850
1851
1852
1853
1855
1856
1856
1857
1858
1858
1861
1861
1862
1862
1863
1865
1865
1866
1867
1868
1869
1870
1871
1873
1874
1874
1877
1877
1878
1878
1879
1881
1881
1882
1884
1885
1885
1886
1888
1889
1891
1892
1892
1893
1895
1896
1896
1897
1897
1899
1900
1900
1901
1903
1904
1905
1907
1907
1907
1909
1910
1911
1912
1913
1913
1915
1916
1917
1919
1919
1920
1921
1922
1922
1924
1925
1926
1928
1929
1929
1931
1931
1933
1933
1934
1935
1936
1938
1938
1938
1941
1941
1942
1943
1943
1945
1945
1947
1949
1949
1949
1951
1952
1953
1953
1955
1957
1957
1959
1960
1960
1962
1962
1963
1965
1965
1965
1968
1968
1970
1970
1971
1972
1973
1975
1975
1975
1976
1978
1978
1980
1981
1983
1984
1985
1985
1986
1987
1989
1989
1990
1991
1992
1993
1994
1994
1996
1997
1998
1999
2000
2001
2002
2003
2005
2006
2006
2007
2008
2009
2010
2011
2012
2013
2015
2016
2017
2017
2017
2018
2019
2021
2022
2023
2024
2026
2026
2027
2028
2030
2030
2032
2032
2032
2033
2035
2036
2037
2037
2038
2039
2041
2042
2043
2045
2045
2045
2046
2047
2048
2049
2050
2053
2053
2054
2055
2056
2057
2058
2059
2060
2062
2062
2064
2065
2066
2066
2068
2069
2069
2071
2071
2071
2074
2075
2075
2076
2078
2078
2079
2080
2081
2082
2084
2084
2085
2085
2088
2088
2089
2089
2092
2092
2094
2095
2095
2097
2098
2098
2099
2100
2101
2101
2103
2103
2105
2106
2106
2108
2109
2111
2112
2112
2114
2115
2116
2116
2116
2119
2119
2120
2121
2121
2123
2125
2125
2125
2127
2128
2129
2131
2131
2132
2133
2133
2135
2135
2136
2138
2140
2141
2141
2141
2142
2143
2146
2146
2146
2148
2149
2150
2152
2152
2154
2154
2155
2156
2158
2158
2159
2159
2161
2161
2162
2164
2165
2166
2167
2169
2169
2169
2171
2172
2173
2175
2175
2176
2177
2178
2178
2179
2181
2182
2182
2185
2186
2186
2187
2188
2188
2191
2192
2193
2193
2194
2196
2196
2196
2198
2199
2201
2202
2203
2203
2203
2205
2205
2206
2208
2209
2210
2210
2212
2213
2214
2215
2216
2217
2219
2219
2219
2221
2222
2222
2223
2225
2225
2227
2229
2230
2231
2231
2232
2233
2234
2234
2236
2238
2238
2238
2240
2241
2241
2243
2244
2245
2245
2246
2248
2249
2250
2250
2252
2253
2254
2256
2257
2258
2258
2260
2260
2261
2262
2263
2264
2264
2265
2267
2267
2268
2270
2271
2272
2272
2273
2276
2276
2277
2277
2279
2280
2281
2282
2282
2283
2285
2286
2286
2289
2289
2290
2291
2292
2293
2294
2295
2297
2297
2298
2299
2300
2301
2301
2302
2304
2305
2305
2307
2308
2308
2310
2311
2312
2313
2313
2315
2317
2317
2319
2319
2319
2322
2322
2322
2324
2326
2327
2327
2327
2329
2331
2332
2333
2333
2334
2335
2336
2336
2339
2340
2340
2340
2342
2343
2344
2344
2346
2348
2348
2348
2350
2351
2353
2353
2355
2355
2356
2357
2357
2359
2359
2360
2362
2362
2363
2365
2366
2367
2368
2369
2369
2371
2372
2374
2374
2375
2376
2377
2378
2379
2379
2381
2383
2383
2384
2385
2385
2388
2389
2389
2390
2392
2392
2394
2394
2396
2396
2397
2398
2398
2399
2400
2403
2403
2404
2405
2406
2407
2408
2409
2410
2412
2412
2412
2413
2414
2415
2417
2417
2418
2421
2421
2421
2423
2424
2426
2426
2427
2428
2430
2431
2431
2432
2434
2434
2436
2436
2438
2438
2438
2441
2441
2443
2443
2444
2445
2446
2448
2449
2449
2450
2450
2452
2452
2455
2455
2456
2457
2458
2460
2460
2462
2463
2464
2465
2465
2466
2466
2467
2469
2470
2470
2471
2472
2474
2474
2476
2477
2479
2480
2480
2480
2483
2484
2484
2486
2487
2487
2487
2489
2490
2491
2492
2494
2494
2495
2495
2497
2498
2498
2501
2501
2502
2502
2504
2505
2505
2507
2508
2508
2510
2510
2511
2512
2515
2515
2516
2518
2518
2519
2520
2521
2522
2523
2524
2525
2526
2527
2528
2528
2530
2530
2531
2532
2533
2535
2536
2538
2538
2539
2540
2542
2543
2543
2543
2546
2546
2547
2548
2548
2549
2550
2553
2554
2555
2556
2556
2558
2558
2559
2560
2561
2562
2562
2565
2565
2565
2566
2567
2569
2569
2572
2572
2573
2573
2575
2576
2578
2578
2579
2580
2581
2582
2584
2584
2584
2585
2586
2587
2589
2589
2590
2592
2592
2594
2595
2595
2598
2599
2599
2600
2600
2601
2602
2604
2605
2606
2607
2607
2608
2611
2611
2612
2613
2614
2615
2615
2617
2617
2618
2619
2620
2623
2624
2625
2625
2626
2627
2628
2628
2630
2632
2632
2633
2634
2635
2635
2637
2638
2640
2641
2642
2642
2644
2645
2645
2646
2647
2648
2649
2651
2652
2653
2653
2654
2655
2655
2656
2658
2659
2660
2661
2662
2663
2665
2666
2667
2667
2668
2668
2669
2670
2673
2673
2674
2675
2676
2676
2678
2678
2680
2681
2682
2683
2683
2684
2685
2687
2688
2689
2689
2690
2692
2693
2694
2695
2696
2697
2697
2700
2700
2701
2703
2703
2703
2706
2707
2707
2709
2709
2709
2711
2711
2713
2713
2715
2716
2716
2718
2719
2721
2721
2722
2724
2724
2724
2726
2728
2728
2730
2730
2730
2731
2733
2734
2735
2735
2736
2738
2739
2740
2741
2742
2743
2743
2745
2746
2747
2748
2748
2749
2751
2753
2753
2754
2756
2757
2758
2758
2759
2760
2760
2763
2763
2764
2766
2766
2766
2768
2769
2771
2771
2772
2772
2773
2775
2776
2776
2779
2779
2780
2780
2781
2782
2783
2784
2785
2787
2788
2790
2790
2791
2792
2793
2793
2795
2797
2797
2799
2800
2801
2802
2802
2802
2803
2805
2805
2808
2808
2809
2809
2810
2811
2813
2815
2815
2817
2817
2818
2820
2820
2821
2821
2823
2824
2825
2826
2828
2829
2829
2830
2831
2832
2832
2834
2835
2836
2838
2838
2839
2840
2842
2843
2843
2843
2845
2845
2846
2849
2849
2849
2850
2851
2853
2853
2854
2857
2857
2858
2858
2859
2861
2862
2863
2863
2865
2865
2868
2869
2870
2870
2872
2873
2873
2873
2874
2876
2876
2877
2878
2879
2881
2882
2883
2883
2885
2886
2887
2888
2890
2891
2892
2892
2893
2893
2894
2895
2897
2897
2900
2900
2902
2902
2902
2903
2905
2906
2907
2908
2910
2911
2911
2912
2913
2915
2915
2915
2916
2918
2919
2920
2922
2922
2922
2923
2925
2925
2926
2927
2928
2929
2931
2933
2933
2934
2935
2937
2937
2937
2938
2939
2942
2943
2943
2943
2945
2945
2947
2949
2949
2950
2950
2953
2953
2954
2955
2955
2958
2958
2959
2961
2961
2962
2964
2964
2965
2965
2967
2968
2969
2970
2971
2972
2972
2974
2975
2977
2978
2979
2980
2980
2981
2981
2982
2984
2986
2986
2986
2988
2988
2991
2991
2991
2992
2994
2994
2996
2997
2998
2999
3001
3001
3002
3002
3004
3006
3006
3008
3009
3010
3010
3011
3012
3013
3013
3016
3017
3018
3018
3019
3021
3022
3022
3022
3025
3025
3026
3028
3028
3029
3029
3031
3033
3034
3034
3036
3037
3037
3038
3039
3039
3041
3041
3042
3045
3045
3047
3047
3047
3050
3051
3052
3053
3053
3053
3056
3056
3056
3059
3059
3060
3062
3062
3062
3064
3065
3065
3068
3068
3069
3071
3072
3072
3072
3073
3074
3076
3076
3079
3080
3080
3081
3082
3082
3083
3085
3086
3087
3087
3090
3091
3091
3093
3093
3093
3096
3096
3096
3098
3099
3100
3101
3102
3102
3104
3106
3106
3107
3108
3109
3111
3112
3112
3113
3114
3116
3117
3117
3118
3118
3120
3120
3123
3123
3124
3126
3126
3126
3127
3130
3131
3131
3133
3133
3133
3135
3135
3138
3139
3139
3140
3142
3142
3142
3144
3145
3145
3147
3148
3150
3150
3151
3153
3154
3155
3155
3156
3157
3158
3159
3160
3162
3163
3163
3164
3166
3167
3167
3169
3169
3170
3171
3172
3172
3173
3175
3175
3176
3177
3179
3180
3181
3182
3184
3185
3186
3186
3187
3187
3188
3190
3190
3193
3193
3194
3194
3195
3196
3198
3199
3201
3201
3202
3203
3204
3206
3207
3208
3208
3209
3210
3210
3211
3213
3215
3215
3216
3217
3219
3219
3221
3221
3221
3224
3225
3225
3226
3226
3227
3228
3229
3230
3232
3232
3234
3234
3237
3238
3238
3239
3239
3241
3242
3243
3244
3245
3247
3247
3247
3248
3249
3252
3252
3253
3253
3255
3256
3257
3259
3259
3260
3261
3262
3262
3265
3265
3265
3267
3267
3269
3270
3271
3272
3272
3275
3276
3277
3278
3278
3279
3280
3281
3282
3283
3284
3284
3286
3287
3289
3289
3290
3290
3291
3294
3294
3295
3296
3297
3298
3299
3299
3301
3303
3303
3305
3305
3307
3307
3308
3309
3310
3310
3311
3313
3314
3315
3315
3317
3318
3320
3320
3320
3321
3323
3324
3325
3327
3327
3328
3329
3331
3331
3331
3334
3334
3334
3336
3337
3339
3340
3341
3341
3341
3343
3345
3345
3347
3348
3348
3348
3349
3351
3351
3352
3353
3356
3357
3357
3358
3358
3359
3361
3362
3363
3364
3365
3366
3367
3368
3369
3371
3371
3371
3372
3375
3376
3376
3377
3378
3378
3380
3381
3382
3382
3383
3386
3387
3388
3388
3389
3389
3391
3391
3393
3395
3395
3395
3396
3399
3399
3401
3401
3403
3404
3404
3405
3406
3406
3408
3408
3409
3410
3411
3412
3414
3415
3415
3417
3419
3419
3419
3420
3423
3423
3424
3425
3425
3428
3429
3430
3430
3432
3432
3433
3434
3435
3436
3437
3438
3439
3440
3442
3442
3443
3444
3445
3445
3448
3449
3449
3450
3450
3453
3454
3454
3456
3456
3456
3459
3459
3459
3460
3461
3464
3464
3466
3466
3468
3468
3469
3470
3472
3473
3473
3474
3475
3477
3477
3477
3480
3480
3480
3481
3483
3483
3484
3485
3487
3487
3489
3490
3490
3491
3492
3495
3495
3497
3498
3498
3500
3501
3502
3503
3503
3503
3505
3507
3507
3507
3508
3510
3511
3511
3513
3514
3515
3516
3517
3519
3520
3520
3521
3522
3523
3524
3524
3525
3527
3528
3528
3531
3532
3533
3534
3534
3535
3535
3537
3537
3538
3540
3541
3543
3543
3545
3546
3547
3547
3548
3550
3550
3552
3553
3554
3555
3556
3556
3556
3559
3559
3559
3562
3562
3563
3564
3565
3567
3568
3568
3569
3569
3571
3572
3574
3574
3574
3576
3576
3577
3578
3580
3581
3582
3582
3585
3586
3586
3586
3589
3589
3591
3591
3591
3593
3595
3596
3597
3598
3599
3599
3601
3601
3602
3602
3605
3605
3606
3607
3609
3610
3610
3611
3613
3614
3615
3615
3616
3617
3617
3620
3620
3622
3622
3624
3624
3624
3626
3627
3629
3629
3629
3631
3632
3633
3634
3635
3635
3636
3638
3638
3639
3641
3642
3643
3643
3646
3646
3647
3647
3648
3649
3652
3653
3653
3654
3655
3657
3657
3658
3659
3661
3661
3662
3663
3663
3664
3666
3666
3668
3670
3670
3671
3672
3672
3675
3676
3677
3677
3678
3680
3680
3681
3683
3684
3684
3685
3685
3687
3688
3689
3691
3692
3692
3693
3693
3694
3695
3697
3698
3699
3700
3700
3702
3702
3703
3705
3706
3707
3708
3709
3710
3711
3712
3714
3714
3715
3716
3716
3718
3719
3720
3721
3722
3722
3724
3725
3726
3727
3728
3729
3729
3730
3732
3732
3733
3736
3736
3737
3737
3738
3739
3742
3743
3743
3744
3745
3746
3746
3749
3750
3750
3751
3751
3754
3754
3755
3756
3757
3758
3760
3761
3761
3762
3763
3764
3765
3767
3767
3768
3769
3769
3771
3771
3774
3775
3776
3776
3777
3779
3780
3780
3781
3781
3784
3785
3786
3786
3786
3787
3789
3790
3792
3792
3792
3793
3795
3795
3796
3797
3799
3800
3801
3801
3804
3804
3804
3806
3806
3808
3809
3810
3810
3812
3813
3813
3815
3816
3818
3819
3820
3820
3821
3823
3823
3823
3824
3825
3828
3828
3828
3830
3830
3832
3834
3835
3835
3836
3837
3837
3839
3840
3841
3841
3844
3844
3845
3845
3848
3848
3848
3851
3851
3852
3853
3853
3855
3857
3857
3858
3858
3860
3861
3861
3863
3863
3864
3865
3866
3869
3870
3870
3871
3871
3872
3873
3876
3877
3877
3879
3879
3881
3881
3882
3882
3884
3884
3885
3887
3889
3889
3890
3892
3892
3893
3893
3895
3896
3897
3898
3898
3900
3900
3903
3904
3904
3906
3907
3907
3908
3909
3910
3911
3912
3912
3914
3916
3917
3918
3918
3919
3920
3920
3922
3923
3924
3926
3926
3927
3929
3929
3930
3931
3931
3933
3934
3936
3936
3937
3937
3938
3941
3941
3942
3943
3943
3945
3946
3946
3947
3948
3950
3951
3952
3953
3954
3956
3956
3956
3958
3959
3961
3962
3962
3964
3965
3966
3967
3967
3967
3969
3970
3971
3971
3974
3974
3975
3976
3977
3977
3980
3980
3980
3982
3983
3984
3985
3987
3988
3988
3989
3989
3991
3992
3993
3994
3994
3995
3997
3999
3999
4000
arquivo ordenado pelo algoritmo radix straight sort tempo da ordenação = 0 milisegundos

