34
93
120
170
175
213
253
266
273
283
330
338
346
365
367
384
434
505
513
533
559
587
608
650
735
742
761
764
777
783
813
849
854
920
930
943
988
1001
1011
1024
1045
1102
1133
1169
1200
1236
1237
1259
1289
1310
1316
1361
1389
1431
1507
1512
1553
1597
1639
1655
1660
1677
1702
1829
1896
1900
1966
1995
2009
2134
2189
2239
2250
2274
2340
2371
2412
2488
2515
2550
2553
2564
2681
2760
2768
2779
2808
2813
2868
2941
2960
2961
3056
3074
3134
3159
3210
3241
3306
3331
3332
3390
3408
3412
3455
3468
3495
3551
3553
3562
3571
3617
3619
3638
3640
3709
3723
3864
3866
3895
4063
4162
4236
4239
4294
4307
4342
4347
4356
4370
4372
4384
4398
4424
4439
4487
4510
4513
4525
4534
4536
4566
4577
4665
4715
4719
4752
4773
4815
4826
4842
4962
4973
4997
5016
5041
5058
5065
5153
5189
5197
5234
5266
5305
5353
5365
5388
5417
5431
5514
5519
5565
5582
5705
5744
5769
5810
5829
5859
5864
5974
6009
6016
6027
6063
6076
6081
6099
6102
6158
6169
6325
6360
6394
6409
6429
6586
6623
6664
6699
6699
6727
6734
6746
6764
6765
6841
6874
6982
7001
7043
7097
7157
7174
7188
7191
7192
7259
7337
7338
7451
7458
7476
7479
7481
7515
7572
7590
7659
7787
7858
7860
7860
7869
7907
7946
8046
8115
8158
8174
8198
8255
8302
8333
8476
8505
8508
8535
8581
8688
8724
8735
8744
8754
8824
8849
8853
8928
8931
8936
8958
8989
9006
9071
9121
9142
9244
9350
9426
9462
9474
9511
9555
9575
9623
9649
9665
9682
9703
9706
9714
9726
9745
9746
9753
9761
9787
9792
9801
9889
9941
9976
9986
10010
10052
10069
10188
10207
10329
10372
10375
10406
10463
10472
10475
10486
10509
10514
10568
10571
10613
10658
10693
10794
10809
10901
10959
10993
11012
11041
11063
11071
11092
11093
11165
11289
11354
11358
11371
11424
11425
11443
11460
11499
11500
11504
11537
11582
11595
11608
11613
11669
11675
11717
11720
11740
11749
11759
11788
11794
11796
11838
11895
11905
12001
12104
12133
12185
12304
12305
12323
12331
12348
12353
12357
12405
12409
12426
12442
12451
12461
12493
12533
12549
12554
12557
12558
12623
12673
12684
12697
12738
12742
12751
12804
12861
12865
12869
12882
12976
12993
13035
13087
13143
13198
13199
13241
13267
13293
13305
13399
13406
13415
13437
13448
13454
13551
13591
13603
13628
13628
13714
13724
13790
13910
13922
13932
13932
13953
14010
14026
14050
14063
14075
14103
14216
14220
14223
14235
14251
14256
14290
14337
14354
14366
14371
14373
14386
14417
14477
14479
14483
14513
14533
14553
14610
14637
14651
14680
14688
14746
14783
14791
14804
14832
14879
14886
14894
14965
14983
15027
15102
15118
15242
15248
15250
15275
15301
15354
15371
15379
15403
15469
15476
15486
15574
15636
15645
15656
15656
15677
15687
15749
15770
15777
15797
15844
15863
15902
15906
15939
15961
