6
15
24
28
32
51
52
57
64
64
81
86
88
95
97
102
103
108
119
121
131
138
138
148
152
185
214
219
227
230
233
242
244
246
250
292
296
297
300
300
306
309
322
326
337
344
348
351
354
360
365
374
402
403
411
431
449
450
458
460
465
471
472
475
504
505
517
517
518
528
536
541
553
554
556
563
578
587
604
618
622
639
641
641
642
642
656
660
666
682
682
683
692
704
713
720
721
733
742
747
747
756
773
778
781
787
793
796
803
808
810
818
851
852
875
894
912
915
915
915
917
918
923
948
961
964
964
964
967
968
975
977
979
980
986
989
995
995
1006
1007
1018
1024
1025
1036
1036
1036
1051
1059
1073
1101
1114
1123
1125
1144
1153
1168
1176
1185
1199
1202
1205
1211
1230
1264
1266
1278
1290
1298
1305
1305
1312
1314
1317
1323
1329
1336
1337
1340
1348
1350
1357
1386
1394
1405
1432
1433
1433
1434
1453
1454
1456
1463
1467
1484
1493
1502
1512
1516
1516
1532
1532
1534
1534
1541
1545
1558
1568
1574
1575
1580
1589
1590
1592
1601
1603
1630
1645
1657
1661
1663
1666
1669
1674
1682
1707
1713
1741
1742
1749
1770
1774
1776
1785
1789
1800
1827
1830
1832
1836
1838
1845
1846
1853
1854
1867
1885
1906
1914
1916
1919
1941
1947
1968
1976
1994
2006
2008
2017
2037
2039
2078
2078
2079
2085
2095
2103
2124
2131
2144
2148
2153
2157
2158
2159
2163
2180
2181
2185
2196
2216
2232
2244
2248
2251
2272
2273
2277
2288
2297
2315
2319
2322
2325
2339
2342
2347
2373
2377
2393
2395
2400
2418
2425
2425
2427
2433
2436
2454
2467
2489
2498
2510
2512
2514
2517
2517
2522
2525
2526
2527
2531
2539
2550
2550
2554
2560
2561
2562
2565
2584
2588
2591
2605
2614
2617
2618
2619
2620
2632
2636
2639
2644
2644
2663
2670
2684
2688
2689
2693
2705
2715
2721
2746
2759
2760
2765
2772
2775
2778
2787
2798
2804
2815
2817
2845
2847
2869
2886
2895
2899
2925
2926
2933
2933
2939
2949
2951
2960
2963
2967
2976
2979
2982
2988
2991
2999
3015
3020
3025
3025
3029
3029
3040
3044
3046
3053
3067
3071
3078
3084
3087
3096
3097
3097
3103
3106
3112
3114
3116
3117
3118
3125
3137
3139
3139
3146
3162
3177
3178
3182
3190
3200
3202
3205
3210
3218
3228
3228
3230
3231
3240
3250
3252
3253
3269
3271
3273
3281
3282
3288
3291
3332
3347
3373
3383
3390
3419
3425
3425
3429
3431
3431
3441
3444
3445
3450
3457
3462
3486
3487
3502
3508
3509
3516
3519
3547
3563
3574
3574
3578
3582
3587
3600
3612
3617
3622
3624
3628
3641
3649
3654
3661
3666
3675
3701
3702
3712
3730
3733
3734
3736
3738
3745
3750
3753
3758
3771
3779
3780
3781
3784
3790
3799
3808
3809
3812
3818
3819
3822
3839
3840
3844
3848
3855
3863
3865
3866
3882
3901
3902
3906
3911
3912
3916
3919
3926
3929
3934
3940
3942
3943
3947
3969
3974
3978
3980
3982
4015
4033
4042
4057
4060
4079
4082
4096
4112
4117
4124
4130
4131
4148
4151
4151
4156
4164
4175
4176
4182
4182
4184
4187
4210
4212
4218
4222
4241
4246
4247
4251
4251
4261
4266
4267
4273
4314
4326
4328
4337
4338
4343
4354
4355
4381
4433
4438
4440
4446
4462
4463
4463
4464
4469
4492
4511
4519
4522
4525
4533
4558
4559
4571
4576
4598
4617
4627
4629
4645
4648
4662
4670
4675
4678
4679
4680
4712
4713
4722
4726
4739
4763
4763
4771
4781
4789
4795
4801
4804
4817
4822
4827
4838
4844
4858
4862
4883
4903
4909
4915
4923
4952
4960
4968
4979
4979
4981
4998
5005
5016
5032
5035
5042
5043
5049
5049
5051
5060
5072
5076
5096
5102
5114
5115
5133
5133
5139
5139
5144
5151
5158
5168
5175
5179
5183
5206
5210
5255
5268
5286
5286
5300
5317
5327
5328
5357
5362
5365
5378
5379
5382
5384
5407
5411
5424
5441
5442
5448
5458
5464
5474
5502
5504
5513
5518
5525
5526
5547
5553
5557
5557
5562
5563
5567
5567
5569
5572
5585
5591
5599
5611
5612
5619
5619
5620
5634
5637
5648
5650
5654
5658
5668
5677
5685
5687
5687
5688
5695
5709
5717
5741
5743
5744
5744
5744
5766
5777
5809
5811
5820
5840
5840
5845
5854
5857
5859
5885
5885
5887
5894
5896
5897
5912
5922
5924
5938
5942
5951
5954
5958
5970
5970
5972
5985
5987
5993
5994
5995
5997
5999
6030
6037
6048
6054
6057
6058
6062
6070
6079
6079
6092
6095
6097
6097
6098
6109
6136
6139
6143
6154
6158
6162
6166
6181
6187
6190
6194
6196
6204
6213
6214
6220
6234
6244
6246
6256
6271
6302
6323
6328
6336
6341
6368
6371
6376
6380
6381
6383
6403
6404
6418
6435
6438
6440
6448
6466
6473
6480
6491
6512
6530
6533
6546
6549
6551
6553
6560
6570
6575
6575
6584
6595
6599
6615
6623
6627
6629
6633
6636
6653
6665
6667
6668
6669
6684
6691
6697
6698
6700
6703
6707
6712
6718
6725
6727
6732
6746
6748
6752
6768
6769
6770
6783
6793
6800
6816
6844
6852
6863
6867
6877
6879
6882
6886
6903
6911
6913
6915
6924
6925
6941
6969
6979
6982
7003
7007
7024
7033
7046
7063
7076
7081
7085
7094
7095
7101
7129
7135
7138
7144
7150
7164
7171
7174
7181
7188
7203
7204
7206
7219
7222
7224
7225
7229
7243
7247
7248
7254
7254
7254
7254
7258
7261
7271
7273
7274
7283
7289
7292
7295
7299
7311
7325
7343
7344
7402
7406
7409
7420
7467
7478
7484
7498
7502
7504
7528
7537
7545
7573
7601
7604
7605
7612
7618
7622
7628
7646
7657
7671
7680
7688
7695
7702
7712
7715
7727
7728
7734
7737
7739
7769
7776
7780
7791
7793
7798
7806
7807
7821
7825
7828
7832
7834
7836
7842
7845
7848
7858
7877
7879
7883
7892
7913
7948
7956
7965
7995
8002
8008
8013
8037
8049
8055
8059
8065
8067
8085
8095
8101
8120
8130
8139
8144
8153
8165
8185
8190
8194
8198
8203
8207
8227
8231
8236
8238
8243
8249
8257
8260
8261
8266
8268
8272
8275
8280
8311
8321
8327
8341
8345
8353
8404
8424
8426
8442
8450
8459
8480
8482
8491
8493
8495
8496
8515
8515
8523
8528
8534
8544
8561
8577
8589
8600
8606
8608
8667
8685
8695
8709
8712
8713
8722
8734
8746
8752
8765
8780
8783
8792
8818
8821
8826
8834
8840
8843
8848
8858
8862
8862
8873
8874
8878
8887
8888
8897
8904
8907
8913
8921
8938
8939
8951
8961
8979
8987
9006
9007
9038
9039
9049
9060
9074
9079
9088
9098
9100
9139
9146
9152
9152
9153
9173
9179
9189
9194
9202
9206
9211
9228
9237
9238
9241
9242
9255
9260
9280
9288
9305
9343
9344
9350
9355
9358
9379
9382
9383
9396
9397
9415
9427
9430
9434
9434
9437
9442
9443
9457
9461
9466
9490
9492
9503
9505
9506
9512
9514
9517
9537
9541
9544
9547
9548
9553
9560
9564
9565
9566
9578
9593
9600
9604
9637
9648
9650
9651
9659
9700
9702
9703
9717
9720
9724
9726
9727
9736
9739
9745
9745
9749
9758
9758
9761
9762
9775
9776
9788
9803
9807
9832
9835
9835
9837
9843
9849
9853
9856
9892
9894
9896
9900
9921
9939
9941
9942
9950
9954
9980
9985
9995
9997
10002
10019
10023
10029
10039
10058
10068
10073
10078
10085
10091
10096
10134
10145
10164
10169
10172
10185
10191
10201
10204
10208
10211
10244
10260
10288
10293
10309
10319
10320
10321
10329
10337
10343
10352
10386
10387
10401
10411
10420
10427
10453
10456
10479
10492
10506
10508
10512
10516
10523
10539
10554
10565
10575
10582
10586
10594
10611
10612
10617
10618
10620
10622
10623
10627
10630
10636
10636
10637
10638
10659
10662
10674
10682
10690
10694
10718
10718
10730
10740
10752
10761
10765
10773
10778
10785
10788
10788
10802
10805
10806
10807
10808
10848
10855
10861
10871
10883
10891
10893
10901
10909
10916
10917
10918
10931
10936
10944
10944
10945
10947
10960
10973
10991
10994
11006
11019
11023
11030
11037
11043
11051
11061
11070
11083
11129
11139
11140
11148
11158
11159
11159
11179
11191
11192
11194
11198
11200
11215
11217
11240
11241
11250
11256
11261
11261
11263
11264
11284
11297
11298
11298
11310
11316
11318
11319
11328
11343
11347
11380
11392
11400
11408
11418
11418
11428
11441
11442
11450
11487
11492
11512
11516
11520
11537
11547
11548
11552
11553
11554
11558
11562
11563
11582
11586
11600
11612
11623
11624
11635
11635
11637
11643
11648
11665
11671
11676
11678
11696
11704
11730
11745
11745
11747
11752
11758
11772
11783
11786
11787
11794
11813
11820
11831
11837
11850
11857
11860
11877
11880
11885
11906
11913
11913
11915
11917
11942
11945
11949
11949
11990
11990
12012
12024
12024
12025
12033
12035
12040
12047
12054
12058
12068
12086
12088
12094
12101
12106
12108
12121
12129
12133
12143
12149
12165
12169
12170
12196
12207
12208
12222
12224
12243
12244
12259
12268
12275
12281
12298
12298
12329
12329
12330
12332
12334
12335
12337
12338
12360
12361
12369
12375
12378
12384
12392
12394
12403
12404
12406
12415
12421
12434
12435
12436
12439
12451
12473
12479
12481
12487
12490
12503
12520
12523
12535
12539
12545
12551
12559
12564
12576
12590
12591
12596
12615
12620
12633
12637
12639
12663
12664
12665
12666
12668
12679
12687
12690
12692
12710
12710
12716
12726
12732
12734
12743
12766
12773
12812
12817
12826
12836
12836
12838
12842
12854
12855
12856
12860
12861
12866
12868
12892
12892
12918
12928
12929
12938
12949
12950
12950
12958
12964
12972
12977
12978
12983
12988
12989
12996
13009
13012
13019
13021
13023
13025
13027
13029
13032
13043
13051
13061
13067
13072
13072
13080
13099
13105
13108
13108
13115
13134
13147
13152
13185
13185
13186
13193
13206
13206
13212
13215
13216
13221
13232
13233
13235
13236
13248
13250
13261
13264
13266
13278
13286
13304
13336
13337
13341
13346
13346
13348
13350
13387
13389
13399
13405
13419
13423
13426
13442
13483
13487
13490
13495
13496
13519
13525
13537
13542
13548
13548
13562
13574
13603
13611
13616
13640
13642
13644
13645
13656
13656
13664
13665
13675
13678
13679
13694
13703
13712
13722
13747
13763
13765
13785
13786
13786
13794
13796
13798
13805
13811
13815
13830
13847
13849
13855
13862
13882
13897
13899
13915
13916
13924
13925
13942
13942
13948
13972
13974
13974
13978
13979
13985
13989
13991
13993
13997
14001
14004
14013
14042
14048
14054
14054
14055
14057
14062
14070
14072
14074
14080
14080
14093
14099
14114
14121
14129
14129
14136
14166
14166
14166
14179
14181
14191
14200
14201
14202
14211
14217
14221
14231
14236
14246
14248
14250
14252
14255
14261
14266
14267
14275
14303
14313
14326
14344
14350
14351
14353
14376
14379
14380
14393
14401
14402
14403
14410
14417
14418
14422
14436
14437
14442
14464
14468
14477
14489
14496
14506
14506
14525
14526
14527
14528
14531
14537
14545
14559
14564
14567
14568
14598
14610
14611
14614
14618
14619
14632
14645
14647
14662
14684
14694
14694
14697
14721
14723
14724
14735
14750
14751
14755
14758
14768
14795
14801
14803
14814
14815
14828
14829
14845
14860
14865
14880
14897
14909
14909
14914
14920
14958
14963
14969
14975
15006
15023
15024
15040
15049
15050
15052
15061
15064
15085
15108
15117
15118
15135
15135
15140
15154
15160
15165
15166
15181
15189
15190
15190
15199
15206
15255
15256
15274
15279
15282
15285
15298
15301
15306
15309
15309
15316
15319
15327
15355
15363
15367
15379
15379
15384
15392
15400
15402
15408
15409
15412
15416
15417
15443
15448
15449
15473
15489
15526
15527
15528
15538
15538
15575
15586
15587
15595
15596
15601
15620
15621
15633
15641
15652
15660
15665
15669
15678
15686
15699
15705
15717
15719
15736
15739
15740
15765
15773
15792
15792
15822
15827
15850
15852
15856
15870
15876
15886
15902
15904
15909
15910
15910
15910
15913
15922
15925
15926
15968
15969
15986
