2
16
35
39
50
52
52
58
72
91
96
102
110
118
123
128
128
143
165
167
169
173
193
195
195
204
204
205
212
213
223
229
267
271
285
294
301
306
309
348
356
372
405
427
448
451
460
461
464
468
473
479
481
496
504
510
510
512
515
516
521
526
531
533
558
561
567
569
571
571
574
585
606
608
608
618
621
622
625
629
629
648
653
653
675
676
684
693
696
708
716
737
740
747
748
750
759
760
768
771
781
785
796
816
819
851
869
898
910
931
937
939
941
950
951
964
977
979
987
989
991
993
994
1005
1013
1028
1043
1056
1061
1067
1073
1075
1076
1076
1083
1102
1112
1124
1128
1132
1151
1162
1162
1163
1178
1188
1191
1192
1198
1206
1224
1225
1228
1230
1231
1244
1249
1268
1284
1296
1303
1310
1311
1344
1347
1352
1353
1357
1381
1384
1386
1394
1399
1412
1418
1418
1419
1437
1458
1461
1466
1466
1468
1470
1479
1482
1483
1501
1502
1519
1550
1562
1577
1580
1581
1584
1590
1592
1606
1632
1648
1648
1656
1661
1668
1676
1678
1678
1683
1684
1700
1701
1708
1717
1717
1724
1726
1734
1742
1748
1761
1764
1766
1770
1780
1786
1788
1800
1807
1820
1822
1827
1831
1837
1838
1838
1854
1877
1891
1900
1901
1906
1912
1919
1944
1986
2016
2017
2021
2024
2037
2047
2073
2084
2097
2109
2114
2115
2115
2152
2152
2162
2167
2169
2180
2189
2192
2197
2198
2204
2207
2207
2209
2215
2219
2223
2224
2225
2227
2245
2245
2245
2263
2281
2283
2289
2292
2322
2325
2325
2338
2339
2342
2342
2342
2346
2355
2360
2367
2369
2374
2377
2380
2381
2385
2387
2389
2402
2407
2442
2443
2452
2465
2467
2468
2472
2479
2508
2517
2548
2549
2552
2555
2561
2561
2563
2573
2582
2583
2589
2592
2592
2607
2622
2632
2634
2649
2670
2696
2704
2704
2730
2732
2751
2759
2760
2776
2786
2798
2800
2817
2831
2839
2840
2860
2864
2867
2869
2875
2880
2881
2889
2896
2908
2925
2934
2944
2970
2984
2999
3001
3001
3013
3017
3022
3022
3028
3030
3039
3045
3061
3063
3067
3070
3071
3100
3111
3143
3154
3156
3157
3163
3174
3185
3190
3198
3212
3220
3232
3241
3248
3258
3267
3273
3276
3284
3290
3291
3317
3318
3332
3337
3346
3353
3363
3379
3386
3394
3404
3419
3424
3427
3437
3457
3457
3458
3470
3475
3479
3489
3489
3491
3491
3491
3502
3510
3510
3511
3517
3521
3524
3524
3540
3547
3555
3561
3566
3585
3587
3591
3601
3606
3612
3616
3641
3644
3651
3666
3681
3707
3709
3710
3716
3717
3720
3721
3726
3732
3739
3741
3743
3762
3777
3780
3786
3794
3797
3797
3813
3816
3816
3819
3825
3853
3855
3858
3862
3866
3872
3873
3875
3888
3900
3913
3920
3929
3940
3947
3951
3964
3966
3970
3990
3992
3993
4001
4002
4003
4025
4028
4039
4046
4055
4057
4059
4098
4105
4112
4116
4121
4123
4134
4155
4156
4160
4162
4165
4166
4168
4171
4177
4189
4194
4197
4202
4206
4207
4209
4211
4216
4230
4232
4232
4233
4246
4248
4249
4259
4281
4281
4287
4296
4304
4319
4328
4334
4345
4354
4355
4375
4376
4380
4391
4405
4409
4429
4437
4442
4459
4461
4467
4467
4480
4496
4530
4532
4532
4533
4536
4538
4540
4583
4587
4598
4613
4614
4621
4637
4641
4649
4661
4662
4675
4675
4684
4684
4692
4709
4710
4710
4714
4724
4733
4734
4741
4743
4747
4752
4755
4768
4769
4773
4775
4775
4792
4806
4815
4817
4817
4825
4832
4836
4838
4848
4869
4878
4891
4892
4896
4915
4921
4934
4936
4938
4947
4958
4973
4973
4979
4999
5005
5012
5020
5022
5022
5025
5028
5039
5043
5046
5051
5063
5065
5080
5098
5110
5152
5154
5166
5171
5172
5174
5176
5180
5186
5191
5200
5203
5209
5214
5238
5246
5252
5267
5273
5278
5295
5296
5300
5311
5328
5329
5330
5331
5345
5350
5356
5368
5374
5385
5412
5412
5422
5442
5456
5463
5466
5468
5481
5498
5508
5516
5520
5524
5537
5552
5555
5571
5583
5591
5602
5609
5629
5631
5647
5658
5660
5662
5676
5683
5683
5691
5694
5707
5715
5715
5715
5717
5728
5734
5741
5747
5763
5763
5766
5767
5768
5787
5806
5807
5811
5817
5821
5833
5839
5839
5849
5852
5853
5855
5864
5874
5883
5886
5888
5895
5896
5898
5899
5906
5907
5921
5931
5935
5947
5950
5957
5957
5957
5965
5984
5997
5997
6003
6016
6032
6044
6052
6053
6056
6062
6076
6083
6094
6101
6103
6110
6139
6153
6166
6171
6174
6175
6180
6183
6188
6202
6205
6207
6209
6209
6218
6226
6240
6248
6249
6252
6296
6298
6299
6306
6307
6311
6328
6336
6339
6345
6350
6356
6361
6371
6377
6378
6402
6408
6410
6412
6417
6417
6419
6458
6464
6465
6470
6472
6486
6500
6504
6507
6519
6521
6524
6525
6529
6533
6544
6546
6547
6560
6570
6574
6574
6585
6590
6614
6615
6634
6635
6640
6658
6662
6663
6673
6701
6716
6718
6721
6723
6726
6726
6726
6729
6738
6745
6746
6748
6749
6752
6760
6793
6801
6807
6810
6839
6847
6874
6884
6885
6889
6907
6908
6911
6914
6922
6934
6945
6967
6969
6969
6980
6990
7003
7012
7015
7028
7046
7051
7072
7088
7089
7113
7116
7129
7132
7133
7135
7140
7143
7146
7152
7152
7157
7169
7180
7182
7197
7200
7205
7222
7225
7278
7282
7291
7293
7295
7295
7307
7314
7325
7331
7345
7356
7357
7359
7363
7369
7372
7374
7391
7391
7391
7398
7401
7402
7408
7410
7411
7415
7429
7432
7448
7454
7460
7460
7460
7464
7507
7527
7537
7540
7551
7555
7568
7579
7579
7605
7626
7627
7630
7630
7637
7640
7643
7646
7660
7672
7689
7707
7711
7719
7720
7726
7726
7740
7772
7777
7789
7800
7828
7842
7885
7893
7901
7905
7916
7920
7934
7946
7955
7965
7975
8003
8009
8010
8017
8021
8025
8044
8046
8051
8058
8064
8064
8066
8070
8082
8097
8109
8127
8179
8179
8180
8185
8199
8206
8207
8216
8221
8225
8228
8260
8277
8286
8287
8293
8302
8310
8341
8351
8362
8364
8364
8370
8375
8383
8386
8388
8400
8401
8405
8410
8430
8444
8455
8478
8482
8497
8498
8498
8502
8504
8507
8518
8525
8539
8565
8565
8571
8577
8584
8591
8623
8634
8657
8659
8670
8670
8674
8689
8706
8717
8729
8738
8772
8779
8784
8798
8799
8817
8818
8851
8852
8854
8863
8863
8896
8903
8931
8938
8952
8971
8974
8998
9004
9006
9016
9025
9027
9035
9048
9054
9085
9087
9088
9091
9094
9095
9102
9103
9108
9117
9119
9124
9124
9131
9133
9144
9151
9153
9164
9165
9172
9175
9177
9181
9182
9199
9205
9207
9215
9216
9221
9221
9222
9226
9230
9234
9250
9253
9261
9262
9263
9267
9268
9282
9282
9283
9288
9292
9293
9299
9300
9303
9304
9307
9321
9347
9352
9356
9358
9359
9369
9377
9379
9406
9407
9411
9412
9417
9420
9420
9448
9454
9461
9490
9492
9507
9510
9516
9517
9519
9521
9525
9526
9530
9531
9542
9564
9574
9579
9581
9612
9614
9614
9619
9623
9625
9633
9653
9665
9669
9676
9681
9681
9682
9683
9704
9718
9724
9738
9742
9744
9761
9778
9784
9788
9804
9810
9817
9830
9842
9844
9848
9869
9874
9883
9885
9887
9893
9895
9915
9922
9926
9931
9936
9940
9942
9944
9949
9958
9958
9959
9961
9966
9970
9972
9972
9981
9990
9993
10021
10032
10051
10058
10060
10065
10067
10076
10099
10100
10102
10109
10115
10135
10138
10140
10142
10148
10163
10165
10167
10172
10185
10189
10195
10195
10211
10212
10214
10215
10217
10232
10239
10247
10252
10253
10255
10267
10274
10286
10287
10288
10304
10305
10314
10317
10319
10325
10328
10347
10357
10375
10381
10393
10393
10400
10402
10409
10413
10423
10427
10433
10434
10463
10473
10473
10474
10474
10481
10485
10489
10493
10510
10528
10556
10579
10598
10613
10617
10622
10624
10632
10636
10637
10649
10671
10674
10680
10682
10689
10690
10692
10697
10702
10706
10722
10723
10732
10733
10737
10743
10751
10761
10775
10775
10781
10783
10790
10794
10804
10805
10820
10826
10840
10844
10872
10873
10888
10889
10891
10902
10911
10912
10917
10949
10950
10951
10967
10983
10997
11001
11007
11010
11014
11016
11025
11036
11051
11058
11059
11072
11077
11085
11090
11097
11100
11105
11107
11111
11114
11117
11123
11132
11139
11140
11148
11149
11150
11161
11179
11192
11198
11199
11201
11205
11206
11210
11214
11237
11255
11258
11265
11266
11274
11295
11299
11311
11313
11318
11330
11334
11334
11349
11360
11361
11369
11377
11378
11386
11427
11428
11434
11439
11449
11460
11509
11513
11518
11522
11541
11554
11563
11569
11573
11601
11610
11612
11615
11650
11651
11655
11665
11674
11681
11710
11721
11724
11726
11737
11744
11744
11749
11761
11764
11765
11784
11799
11819
11825
11826
11830
11835
11847
11849
11853
11865
11874
11880
11894
11905
11917
11919
11929
11934
11936
11941
11943
11947
11961
11965
11965
11971
11973
11974
11976
11987
11994
11995
11999
12001
12003
12013
12028
12036
12041
12048
12051
12073
12076
12085
12105
12116
12117
12132
12135
12136
12164
12165
12180
12181
12184
12195
12198
12205
12213
12214
12220
12231
12234
12245
12261
12268
12281
12282
12284
12287
12294
12298
12308
12314
12315
12318
12321
12329
12333
12351
12353
12386
12386
12388
12426
12435
12437
12441
12445
12463
12464
12466
12472
12482
12484
12490
12519
12519
12525
12537
12542
12565
12566
12571
12579
12583
12593
12594
12599
12610
12613
12628
12656
12660
12679
12681
12687
12705
12707
12719
12721
12722
12723
12737
12758
12758
12759
12772
12776
12788
12792
12796
12807
12817
12819
12842
12845
12869
12911
12915
12921
12922
12935
12953
12959
12974
12983
12984
12987
13002
13008
13023
13044
13053
13065
13066
13068
13077
13079
13141
13145
13156
13171
13181
13189
13190
13205
13207
13216
13219
13222
13222
13228
13259
13362
13365
13367
13392
13393
13393
13395
13401
13414
13418
13419
13423
13424
13426
13428
13431
13431
13440
13450
13458
13470
13480
13492
13507
13545
13569
13574
13576
13576
13588
13591
13601
13602
13605
13607
13611
13616
13631
13644
13648
13654
13655
13664
13678
13684
13690
13701
13714
13719
13732
13739
13745
13748
13769
13773
13775
13781
13782
13789
13789
13797
13799
13807
13808
13817
13834
13835
13836
13840
13857
13877
13882
13891
13907
13923
13924
13937
13945
13956
13964
13967
13967
13995
13999
14001
14017
14020
14027
14030
14031
14032
14049
14099
14099
14100
14103
14111
14113
14124
14138
14143
14179
14179
14183
14186
14191
14204
14207
14209
14219
14236
14260
14274
14279
14290
14298
14302
14320
14322
14337
14342
14343
14347
14350
14351
14355
14371
14393
14399
14410
14414
14417
14426
14440
14440
14446
14453
14453
14463
14478
14478
14499
14506
14507
14521
14522
14527
14543
14593
14594
14595
14595
14597
14602
14617
14620
14632
14635
14655
14673
14675
14690
14701
14710
14713
14716
14726
14727
14732
14746
14759
14768
14779
14790
14793
14800
14805
14810
14830
14841
14846
14853
14865
14865
14865
14877
14882
14895
14897
14905
14916
14929
14935
14936
14941
14942
14950
14972
14997
15006
15038
15039
15040
15041
15060
15064
15075
15087
15100
15106
15120
15128
15128
15131
15150
15155
15161
15169
15171
15207
15210
15227
15248
15252
15253
15256
15269
15272
15272
15278
15282
15289
15297
15302
15316
15321
15331
15344
15352
15355
15359
15360
15361
15386
15392
15399
15412
15414
15426
15434
15438
15446
15447
15447
15455
15463
15466
15467
15482
15486
15511
15513
15526
15539
15555
15560
15584
15591
15594
15614
15642
15645
15646
15682
15699
15724
15739
15769
15781
15793
15807
15810
15813
15822
15834
15855
15861
15866
15870
15870
15887
15892
15892
15902
15907
15910
15913
15916
15920
15937
15938
15947
15959
15964
15970
15975
15985
15989
15999
