60
73
88
144
249
330
348
390
393
439
481
511
554
562
586
609
646
646
650
667
694
718
719
797
819
844
874
879
890
968
971
994
1016
1027
1058
1105
1165
1169
1216
1278
1291
1302
1371
1407
1415
1480
1502
1533
1533
1584
1594
1606
1630
1651
1653
1664
1682
1688
1693
1711
1735
1738
1819
1883
1961
1989
2038
2042
2088
2154
2191
2215
2262
2300
2300
2302
2315
2335
2355
2381
2392
2478
2494
2521
2536
2540
2559
2617
2643
2667
2708
2749
2755
2757
2770
2781
2891
3054
3095
3110
3120
3130
3270
3294
3311
3396
3437
3478
3512
3525
3550
3595
3613
3631
3696
3778
3796
3833
3854
3854
3865
3869
3884
3958
3970
3982
4001
4004
4040
4052
4137
4139
4207
4214
4259
4308
4344
4368
4390
4527
4539
4596
4600
4606
4616
4652
4655
4661
4821
4842
4979
5002
5030
5048
5059
5062
5098
5211
5224
5227
5277
5302
5355
5362
5376
5378
5399
5432
5526
5526
5570
5578
5600
5623
5650
5654
5743
5767
5800
5810
5828
5888
5896
5908
5915
5962
5982
6032
6059
6113
6142
6252
6253
6263
6328
6333
6386
6466
6501
6506
6626
6626
6668
6687
6748
6749
6796
6908
7004
7009
7009
7034
7094
7117
7131
7198
7241
7253
7262
7275
7328
7397
7455
7496
7501
7527
7538
7581
7622
7637
7644
7660
7697
7738
7796
7799
7832
7845
7856
7964
7975
8020
8050
8054
8121
8190
8231
8253
8268
8305
8339
8344
8388
8409
8431
8463
8467
8499
8528
8547
8551
8591
8593
8619
8635
8646
8693
8715
8740
8781
8790
8802
8812
8814
8843
8848
8851
8868
8868
8880
8899
8925
8927
8931
9002
9003
9039
9052
9085
9092
9122
9140
9196
9203
9218
9237
9243
9350
9358
9366
9392
9399
9449
9462
9515
9519
9521
9563
9570
9593
9612
9641
9644
9650
9677
9718
9726
9758
9871
9896
9899
9990
9998
10011
10028
10035
10098
10130
10144
10182
10206
10266
10350
10392
10426
10442
10470
10482
10525
10562
10565
10633
10660
10663
10741
10788
11000
11038
11056
11076
11102
11127
11131
11158
11234
11285
11311
11321
11355
11393
11413
11430
11438
11501
11511
11515
11616
11633
11642
11656
11657
11663
11674
11697
11792
11814
11819
11821
11870
11873
11900
11902
11903
11909
11948
12007
12028
12038
12039
12098
12125
12173
12201
12221
12231
12280
12332
12399
12432
12477
12481
12488
12554
12570
12661
12694
12699
12707
12719
12720
12735
12793
12821
12912
12947
12960
13111
13114
13117
13165
13225
13236
13247
13250
13251
13302
13334
13369
13472
13498
13527
13561
13639
13708
13835
13888
13914
13963
13983
13983
14004
14038
14059
14094
14096
14119
14176
14243
14246
14254
14374
14380
14460
14473
14523
14565
14565
14611
14645
14662
14669
14671
14784
14864
14871
14970
14979
14985
14988
14989
15032
15063
15103
15134
15190
15209
15252
15293
15315
15370
15384
15428
15509
15522
15745
15791
15815
15837
15845
15867
15918
15919
15924
15930
15943
15952
15973
