23
42
53
65
69
84
84
86
149
164
176
188
201
205
214
258
287
288
316
340
343
356
395
400
432
469
489
506
536
568
583
585
590
593
640
654
677
691
693
738
740
756
770
785
790
794
801
816
831
843
896
918
919
941
945
964
965
986
1021
1028
1040
1043
1056
1057
1060
1064
1066
1104
1108
1111
1119
1130
1131
1143
1144
1145
1153
1176
1178
1200
1213
1219
1228
1233
1264
1264
1270
1300
1311
1314
1333
1335
1360
1372
1372
1373
1376
1379
1398
1405
1420
1421
1424
1436
1439
1472
1474
1475
1491
1491
1508
1511
1580
1583
1608
1632
1655
1664
1672
1680
1694
1694
1699
1702
1706
1758
1759
1764
1764
1783
1792
1799
1838
1843
1855
1872
1890
1905
1930
1931
1946
1947
1948
1950
2004
2045
2048
2054
2070
2075
2110
2130
2134
2138
2165
2177
2183
2196
2210
2222
2255
2272
2281
2285
2301
2338
2351
2357
2376
2376
2389
2400
2410
2443
2454
2482
2495
2497
2518
2543
2547
2553
2557
2568
2577
2579
2604
2605
2612
2623
2633
2636
2653
2739
2756
2767
2774
2785
2795
2800
2819
2828
2830
2903
2910
2954
2967
2970
2979
3025
3039
3040
3069
3083
3106
3106
3131
3165
3177
3210
3220
3224
3239
3310
3313
3318
3349
3355
3418
3420
3420
3426
3443
3447
3449
3461
3479
3479
3492
3495
3497
3522
3545
3550
3619
3633
3639
3640
3655
3659
3663
3670
3682
3706
3709
3759
3772
3831
3858
3860
3866
3871
3932
3932
3966
3978
3981
4002
4006
4026
4032
4034
4049
4085
4091
4099
4100
4102
4107
4121
4148
4155
4158
4169
4190
4198
4220
4221
4234
4254
4259
4276
4280
4296
4337
4374
4398
4407
4411
4419
4439
4439
4440
4445
4522
4539
4541
4550
4563
4564
4580
4589
4616
4624
4629
4715
4726
4734
4745
4755
4763
4886
4892
4922
4982
5017
5021
5024
5024
5026
5027
5036
5039
5041
5085
5086
5089
5096
5106
5122
5123
5142
5142
5178
5186
5197
5199
5201
5219
5232
5234
5237
5263
5290
5314
5321
5332
5345
5363
5374
5419
5431
5468
5474
5484
5485
5491
5499
5514
5521
5521
5581
5587
5595
5599
5606
5615
5630
5632
5647
5672
5699
5718
5721
5740
5831
5837
5845
5848
5861
5881
5897
5903
5904
5908
5929
5947
5948
5965
5988
6006
6031
6061
6075
6083
6084
6085
6134
6142
6157
6159
6161
6189
6205
6215
6223
6227
6232
6254
6274
6276
6293
6303
6315
6345
6411
6420
6434
6441
6446
6448
6471
6475
6492
6555
6558
6582
6587
6594
6614
6632
6636
6662
6676
6731
6780
6789
6807
6825
6839
6870
6901
6912
6914
6929
6939
6965
6979
6981
7020
7046
7088
7104
7109
7125
7131
7143
7146
7147
7186
7187
7204
7208
7220
7228
7235
7237
7252
7262
7274
7281
7298
7302
7323
7337
7367
7402
7403
7414
7418
7425
7433
7437
7454
7458
7516
7516
7577
7584
7600
7608
7622
7623
7633
7635
7671
7686
7706
7722
7740
7748
7749
7774
7783
7821
7831
7833
7838
7852
7858
7895
7915
7940
7972
8006
8078
8094
8096
8108
8115
8122
8136
8184
8219
8223
8254
8266
8275
8285
8304
8324
8332
8342
8359
8389
8455
8502
8506
8519
8574
8615
8625
8636
8642
8714
8729
8745
8757
8768
8768
8799
8809
8823
8832
8859
8860
8862
8914
8921
8935
8938
8944
8969
9018
9020
9034
9049
9063
9070
9072
9082
9116
9130
9149
9184
9199
9243
9248
9251
9252
9262
9265
9278
9283
9303
9305
9354
9360
9377
9384
9385
9419
9423
9470
9477
9503
9506
9569
9606
9611
9612
9620
9623
9643
9651
9653
9684
9713
9719
9741
9751
9772
9772
9788
9814
9828
9831
9833
9884
9920
9927
9987
10018
10045
10047
10058
10073
10118
10152
10169
10186
10223
10263
10320
10338
10339
10364
10375
10375
10376
10381
10401
10411
10412
10415
10432
10433
10437
10472
10487
10540
10560
10564
10565
10612
10620
10628
10650
10692
10695
10718
10724
10791
10834
10856
10874
10875
10884
10896
10902
10903
10905
10913
10915
10916
10941
10945
10951
10974
10985
11054
11057
11072
11074
11110
11120
11125
11143
11148
11154
11161
11212
11230
11268
11272
11281
11318
11322
11342
11374
11389
11403
11404
11427
11428
11450
11475
11522
11559
11568
11613
11625
11628
11645
11653
11655
11688
11702
11706
11710
11774
11805
11820
11822
11825
11831
11841
11842
11874
11884
11889
11910
11917
11932
11933
11936
11979
12002
12006
12011
12034
12047
12060
12123
12124
12127
12197
12206
12247
12259
12313
12320
12324
12337
12355
12394
12407
12442
12454
12474
12478
12504
12512
12515
12545
12560
12565
12580
12593
12667
12676
12679
12689
12700
12710
12712
12730
12760
12768
12783
12866
12891
12894
12898
12916
12919
12931
12947
12949
12971
13058
13072
13074
13080
13083
13087
13098
13140
13146
13169
13193
13196
13197
13257
13259
13260
13279
13292
13314
13367
13373
13382
13383
13389
13392
13395
13410
13413
13424
13430
13465
13470
13477
13480
13490
13504
13516
13521
13609
13630
13636
13638
13652
13655
13661
13666
13674
13676
13692
13708
13709
13713
13737
13831
13850
13886
13894
13911
13937
13946
13954
13971
13990
13995
14019
14031
14032
14074
14113
14148
14163
14181
14181
14184
14202
14208
14208
14210
14214
14226
14238
14250
14300
14313
14317
14330
14347
14347
14376
14384
14386
14389
14411
14414
14422
14457
14462
14463
14470
14475
14525
14541
14562
14574
14590
14605
14612
14613
14629
14658
14659
14660
14675
14679
14694
14706
14728
14745
14802
14806
14806
14822
14842
14874
14880
14895
14898
14907
14907
14919
14920
14938
14939
14942
14958
14966
14977
14989
15024
15029
15033
15044
15046
15051
15060
15087
15100
15100
15100
15111
15128
15132
15171
15173
15209
15242
15281
15292
15334
15354
15359
15370
15376
15390
15406
15408
15447
15452
15471
15506
15514
15516
15518
15530
15544
15568
15607
15620
15621
15632
15654
15737
15745
15766
15801
15807
15833
15873
15875
15888
15932
15942
15945
15947
15948
