3
7
15
40
48
49
50
63
66
73
76
79
97
110
120
121
123
127
132
134
145
151
156
157
160
161
175
211
213
214
225
229
235
240
243
249
258
259
265
266
272
274
274
277
292
299
304
309
327
330
343
346
355
361
374
374
421
424
432
434
442
444
446
470
496
500
500
505
509
533
545
546
555
558
562
577
584
590
590
595
611
614
631
632
651
655
671
681
684
702
704
707
709
717
728
734
741
758
765
767
768
773
775
776
789
792
814
823
824
841
848
860
864
879
892
895
895
899
907
915
917
919
930
936
951
972
975
984
986
1004
1007
1009
1016
1026
1026
1035
1036
1040
1055
1062
1067
1068
1079
1079
1107
1123
1150
1151
1153
1161
1169
1169
1171
1177
1179
1186
1187
1191
1194
1198
1216
1225
1235
1242
1282
1292
1298
1303
1312
1321
1335
1367
1368
1368
1370
1374
1394
1405
1410
1410
1423
1424
1427
1436
1440
1447
1454
1455
1455
1456
1468
1474
1490
1510
1515
1515
1530
1548
1549
1560
1561
1562
1569
1576
1589
1589
1592
1602
1610
1623
1629
1629
1630
1649
1659
1661
1700
1707
1725
1730
1731
1751
1753
1754
1759
1780
1784
1786
1794
1815
1829
1830
1836
1838
1840
1840
1856
1872
1875
1877
1900
1905
1965
1966
1988
1991
1995
2008
2026
2052
2059
2065
2068
2074
2087
2091
2092
2098
2107
2108
2112
2129
2135
2139
2142
2160
2161
2167
2177
2184
2196
2196
2198
2217
2225
2238
2246
2250
2261
2280
2286
2301
2301
2317
2332
2344
2348
2363
2379
2384
2389
2400
2400
2408
2420
2433
2454
2460
2470
2470
2474
2481
2485
2485
2496
2534
2544
2545
2549
2565
2571
2575
2609
2619
2627
2631
2642
2648
2650
2653
2658
2663
2664
2674
2675
2703
2727
2732
2742
2755
2756
2760
2769
2775
2779
2786
2790
2791
2797
2807
2816
2823
2831
2831
2831
2834
2847
2855
2858
2860
2874
2883
2883
2888
2897
2897
2901
2902
2916
2920
2937
2938
2943
2954
2971
2977
2977
2991
2993
3001
3011
3037
3058
3060
3069
3094
3094
3108
3123
3150
3152
3172
3174
3183
3187
3191
3199
3216
3221
3230
3236
3241
3242
3252
3256
3259
3284
3286
3288
3298
3309
3339
3341
3345
3353
3360
3363
3364
3367
3371
3383
3399
3401
3440
3443
3463
3474
3492
3521
3522
3548
3551
3556
3558
3565
3576
3581
3602
3607
3617
3620
3634
3636
3656
3662
3670
3678
3682
3684
3688
3698
3706
3736
3764
3769
3790
3798
3802
3803
3814
3816
3817
3821
3829
3830
3841
3842
3844
3865
3870
3870
3890
3895
3909
3918
3920
3927
3953
3958
3958
3959
3959
3968
3976
3978
3980
3986
3992
3992
3994
3998
4006
4034
4035
4038
4040
4043
4044
4045
4050
4062
4062
4073
4078
4090
4117
4143
4144
4144
4146
4152
4171
4175
4176
4178
4179
4180
4193
4211
4254
4257
4261
4265
4269
4274
4280
4296
4310
4319
4324
4326
4355
4357
4361
4367
4373
4373
4375
4375
4378
4395
4399
4406
4421
4421
4423
4434
4438
4444
4445
4451
4467
4473
4493
4501
4503
4504
4510
4512
4513
4514
4516
4521
4522
4534
4537
4541
4548
4552
4554
4591
4596
4597
4600
4611
4628
4631
4634
4662
4664
4686
4694
4705
4709
4726
4740
4741
4769
4772
4779
4781
4788
4789
4804
4805
4809
4813
4817
4818
4821
4830
4836
4837
4841
4842
4864
4875
4882
4883
4892
4930
4941
4948
4978
4981
4987
4987
5014
5026
5028
5029
5052
5057
5069
5076
5077
5094
5102
5104
5108
5114
5115
5120
5126
5140
5148
5149
5150
5153
5153
5155
5156
5163
5164
5186
5189
5209
5227
5238
5242
5249
5254
5263
5284
5289
5296
5302
5303
5305
5324
5329
5335
5350
5355
5358
5359
5368
5377
5383
5384
5388
5404
5408
5409
5412
5412
5413
5422
5426
5426
5429
5431
5433
5433
5434
5442
5448
5449
5461
5465
5483
5485
5497
5511
5518
5530
5533
5549
5569
5575
5581
5583
5586
5599
5602
5605
5606
5612
5614
5628
5644
5656
5663
5667
5672
5674
5691
5702
5715
5717
5723
5753
5757
5764
5790
5794
5798
5810
5817
5820
5829
5864
5865
5872
5879
5895
5896
5904
5917
5920
5926
5938
5941
5952
5963
5969
5977
5980
5995
6008
6008
6025
6039
6061
6065
6082
6086
6089
6107
6145
6145
6147
6148
6185
6186
6198
6210
6212
6216
6234
6244
6251
6256
6261
6262
6286
6286
6293
6300
6312
6346
6351
6353
6355
6361
6373
6375
6379
6390
6390
6393
6400
6401
6414
6423
6425
6442
6447
6458
6462
6466
6476
6482
6488
6501
6504
6508
6509
6525
6548
6563
6571
6571
6588
6598
6611
6629
6633
6640
6643
6644
6653
6662
6665
6667
6670
6674
6674
6714
6714
6717
6718
6723
6729
6742
6743
6743
6754
6759
6763
6766
6770
6775
6780
6784
6795
6796
6796
6811
6816
6829
6831
6834
6840
6846
6863
6869
6884
6902
6942
6982
6983
7007
7017
7021
7029
7036
7042
7042
7048
7052
7058
7059
7064
7089
7098
7104
7136
7138
7142
7149
7157
7166
7182
7194
7202
7206
7208
7209
7213
7239
7244
7247
7299
7314
7319
7324
7336
7338
7341
7358
7387
7388
7392
7402
7417
7420
7435
7437
7455
7466
7485
7507
7511
7515
7515
7516
7522
7545
7568
7571
7572
7580
7583
7607
7616
7623
7633
7653
7660
7668
7673
7676
7676
7683
7704
7712
7736
7738
7742
7757
7758
7760
7766
7773
7776
7799
7799
7818
7841
7848
7854
7861
7881
7888
7891
7919
7924
7924
7971
7972
7976
7982
7982
7988
7988
7991
7999
8012
8026
8036
8037
8041
8044
8051
8056
8059
8061
8067
8074
8077
8092
8093
8107
8118
8139
8142
8148
8152
8154
8154
8164
8170
8174
8174
8177
8198
8202
8210
8211
8219
8220
8223
8223
8230
8234
8240
8256
8267
8276
8279
8336
8350
8355
8356
8397
8406
8419
8421
8421
8421
8491
8495
8503
8507
8515
8552
8557
8565
8566
8575
8592
8594
8601
8603
8611
8612
8613
8626
8631
8646
8649
8651
8657
8668
8680
8681
8696
8699
8717
8732
8736
8736
8737
8738
8750
8751
8753
8762
8762
8769
8775
8776
8778
8782
8784
8794
8795
8801
8822
8841
8843
8846
8847
8854
8859
8880
8888
8889
8896
8905
8914
8921
8928
8929
8935
8935
8941
8947
8956
8959
8985
8985
8988
8993
8996
9008
9016
9021
9029
9034
9037
9046
9057
9061
9068
9068
9082
9093
9095
9106
9113
9120
9123
9134
9137
9140
9151
9189
9192
9194
9200
9201
9202
9212
9222
9231
9232
9243
9253
9301
9302
9332
9333
9340
9353
9359
9360
9361
9370
9373
9376
9377
9404
9414
9434
9440
9449
9450
9468
9474
9481
9484
9490
9490
9501
9511
9514
9526
9528
9547
9555
9557
9566
9571
9583
9599
9606
9613
9618
9620
9620
9621
9635
9652
9656
9675
9678
9694
9703
9706
9722
9725
9727
9737
9737
9741
9745
9745
9755
9770
9775
9802
9805
9813
9826
9829
9843
9846
9853
9863
9869
9884
9888
9916
9929
9930
9940
9944
9951
9952
9953
9970
9988
9992
9995
10000
10004
10014
10017
10027
10033
10060
10080
10086
10086
10087
10087
10094
10111
10119
10120
10132
10136
10149
10159
10160
10174
10178
10189
10190
10199
10202
10222
10225
10242
10253
10260
10272
10273
10285
10286
10296
10307
10312
10317
10325
10336
10348
10350
10352
10353
10355
10363
10380
10381
10387
10404
10407
10414
10430
10432
10437
10453
10456
10476
10480
10499
10501
10502
10506
10510
10516
10517
10520
10534
10536
10544
10556
10572
10572
10581
10582
10596
10598
10622
10635
10637
10640
10644
10662
10682
10685
10693
10695
10698
10700
10705
10705
10717
10719
10732
10733
10744
10744
10757
10770
10773
10781
10783
10784
10786
10788
10797
10815
10819
10825
10835
10847
10852
10853
10861
10877
10892
10892
10896
10935
10936
10936
10956
10958
10982
10986
10986
10996
11002
11003
11018
11032
11045
11049
11050
11052
11054
11060
11072
11080
11102
11102
11104
11105
11109
11114
11145
11160
11175
11187
11192
11194
11211
11215
11225
11254
11261
11263
11280
11289
11291
11301
11306
11308
11309
11311
11316
11327
11337
11344
11348
11354
11357
11370
11383
11388
11406
11416
11419
11427
11436
11441
11445
11459
11469
11485
11485
11488
11498
11507
11510
11511
11516
11543
11544
11550
11557
11579
11586
11597
11604
11607
11612
11630
11632
11645
11650
11664
11676
11682
11696
11699
11709
11712
11714
11716
11718
11718
11727
11731
11732
11764
11767
11767
11775
11778
11779
11785
11804
11806
11827
11836
11851
11873
11877
11879
11898
11907
11917
11926
11931
11931
11943
11953
11967
11983
11989
11997
12001
12007
12008
12014
12017
12031
12032
12046
12052
12053
12067
12092
12095
12099
12109
12110
12126
12127
12138
12138
12140
12147
12147
12163
12173
12174
12175
12178
12207
12226
12226
12231
12244
12252
12252
12273
12279
12283
12288
12289
12297
12301
12305
12321
12329
12330
12337
12352
12353
12357
12368
12373
12383
12398
12412
12421
12424
12433
12438
12446
12447
12455
12494
12495
12503
12506
12517
12524
12559
12568
12571
12583
12588
12593
12601
12602
12604
12629
12642
12663
12665
12668
12668
12681
12684
12693
12719
12720
12727
12729
12732
12749
12754
12754
12758
12760
12769
12774
12780
12781
12782
12788
12800
12800
12816
12831
12831
12841
12846
12868
12870
12889
12889
12899
12900
12905
12908
12924
12924
12927
12939
12945
12948
12949
12950
12959
12960
12981
12984
13004
13010
13011
13017
13020
13022
13036
13037
13041
13044
13046
13048
13049
13051
13074
13077
13090
13109
13118
13125
13136
13148
13160
13171
13173
13186
13195
13198
13215
13215
13245
13258
13265
13270
13275
13283
13288
13306
13306
13318
13338
13350
13354
13356
13357
13362
13384
13409
13425
13434
13440
13440
13453
13491
13491
13491
13494
13523
13532
13532
13553
13554
13556
13561
13568
13576
13576
13582
13584
13584
13615
13634
13635
13643
13647
13649
13652
13664
13678
13690
13692
13698
13712
13712
13717
13724
13728
13734
13739
13783
13786
13788
13791
13811
13815
13821
13822
13830
13834
13838
13843
13856
13860
13863
13865
13872
13889
13890
13913
13913
13920
13931
13938
13941
13944
13947
13959
13964
13965
13966
13968
14007
14009
14034
14036
14049
14053
14067
14089
14090
14099
14104
14121
14124
14125
14142
14142
14169
14175
14177
14178
14188
14192
14195
14212
14218
14220
14223
14232
14242
14245
14246
14248
14254
14269
14283
14290
14336
14339
14358
14381
14389
14391
14396
14413
14416
14418
14430
14433
14446
14450
14454
14460
14470
14479
14483
14489
14492
14525
14528
14529
14531
14532
14537
14538
14539
14544
14549
14562
14562
14570
14573
14585
14590
14591
14602
14605
14613
14613
14617
14620
14622
14625
14628
14639
14643
14654
14656
14672
14686
14689
14709
14714
14716
14721
14723
14728
14736
14750
14752
14753
14764
14764
14766
14766
14768
14769
14771
14777
14780
14797
14802
14809
14810
14823
14829
14835
14836
14855
14858
14863
14863
14866
14873
14880
14890
14898
14901
14908
14933
14936
14938
14944
14945
14953
14955
14962
14965
15010
15022
15027
15028
15036
15038
15041
15041
15048
15051
15052
15068
15072
15074
15078
15087
15088
15091
15103
15103
15116
15122
15123
15132
15133
15151
15152
15160
15188
15191
15193
15195
15201
15205
15222
15225
15228
15243
15245
15270
15279
15287
15297
15305
15316
15321
15327
15328
15344
15360
15366
15381
15397
15401
15415
15416
15437
15443
15444
15457
15461
15468
15469
15483
15500
15501
15502
15507
15511
15520
15531
15544
15565
15577
15578
15579
15589
15608
15610
15613
15622
15623
15625
15633
15635
15659
15672
15678
15707
15711
15715
15723
15730
15732
15739
15747
15751
15768
15768
15778
15779
15797
15810
15833
15840
15863
15865
15865
15875
15875
15891
15898
15904
15909
15911
15916
15927
15935
15940
15973
15977
15980
15985
15997
