7
19
29
71
78
163
187
205
219
223
228
271
273
392
452
472
515
536
555
561
870
885
976
980
1005
1057
1153
1225
1335
1377
1426
1463
1518
1567
1627
1677
1709
1758
1819
1928
1949
2335
2519
2531
2542
2548
2596
2606
2652
2683
2719
2828
3088
3234
3251
3593
3690
3690
3798
3914
4065
4097
4107
4253
4273
4286
4308
4339
4394
4414
4564
4579
4672
4774
4894
4936
4957
4980
4980
5199
5233
5246
5273
5383
5388
5457
5504
5578
5617
5792
5801
5820
5852
5904
5996
5997
5997
6002
6023
6040
6059
6072
6123
6147
6148
6180
6221
6314
6340
6455
6461
6715
6732
6780
6884
6902
7017
7169
7181
7189
7195
7202
7252
7277
7504
7525
7537
7576
7582
7590
7600
7612
7790
7864
7918
8019
8061
8116
8130
8164
8168
8255
8345
8406
8487
8705
8745
8745
9196
9297
9342
9522
9524
9589
9792
9832
9833
9840
10032
10103
10197
10294
10407
10463
10466
10480
10524
10568
10577
10587
10610
10645
10717
10736
10741
10746
10800
10864
10977
11022
11082
11085
11101
11124
11157
11207
11351
11456
11475
11538
11888
12020
12052
12259
12351
12453
12503
12548
12566
12628
12650
12656
12757
12789
12810
12828
12894
12917
12938
12946
12994
12996
13129
13138
13294
13296
13344
13596
13636
13787
13888
13939
14029
14197
14200
14230
14271
14602
14644
14697
14762
14815
14963
15010
15048
15057
15066
15094
15160
15196
15209
15323
15478
15662
15892
15994
