17
30
32
49
81
93
94
115
126
128
133
150
173
179
197
218
226
244
274
286
291
325
336
357
373
373
395
414
421
492
531
570
583
597
611
615
616
617
627
628
631
654
672
689
695
714
726
738
748
767
769
775
797
832
859
861
867
887
944
959
963
999
1016
1018
1040
1042
1049
1063
1069
1077
1078
1113
1116
1116
1122
1154
1165
1186
1187
1228
1231
1270
1289
1307
1332
1354
1413
1452
1459
1507
1512
1555
1555
1570
1600
1615
1624
1659
1674
1675
1704
1710
1722
1758
1770
1778
1806
1810
1820
1822
1845
1865
1872
1885
1886
1900
1902
1905
1907
1918
1996
2031
2064
2068
2086
2097
2108
2142
2143
2166
2167
2171
2183
2192
2196
2205
2252
2283
2300
2319
2333
2371
2376
2377
2407
2430
2438
2442
2462
2485
2514
2558
2565
2565
2591
2599
2602
2616
2620
2620
2634
2643
2662
2681
2682
2743
2746
2751
2751
2756
2787
2793
2807
2865
2867
2879
2916
2946
2954
2965
2993
3019
3019
3035
3038
3052
3065
3073
3097
3102
3117
3117
3132
3149
3175
3224
3227
3233
3249
3267
3269
3280
3292
3298
3313
3316
3333
3336
3338
3339
3346
3348
3361
3394
3408
3415
3417
3449
3456
3481
3486
3496
3500
3519
3520
3534
3545
3546
3554
3566
3596
3598
3601
3603
3606
3632
3671
3680
3684
3695
3702
3708
3724
3756
3775
3802
3836
3847
3870
3873
3903
3919
3929
3932
3957
3961
3970
3977
3982
3987
3998
4002
4084
4087
4092
4102
4122
4132
4160
4166
4182
4189
4197
4220
4224
4249
4275
4301
4308
4320
4347
4347
4360
4361
4377
4378
4387
4404
4448
4486
4496
4498
4500
4515
4525
4539
4561
4596
4614
4631
4651
4658
4670
4676
4689
4694
4701
4725
4728
4732
4754
4785
4805
4809
4813
4815
4843
4860
4875
4889
4897
4933
4975
4985
4991
5000
5020
5021
5071
5086
5088
5117
5193
5201
5253
5255
5325
5328
5333
5368
5376
5380
5391
5395
5398
5411
5420
5426
5439
5457
5459
5545
5559
5568
5579
5611
5627
5644
5644
5646
5649
5656
5660
5716
5728
5759
5780
5785
5786
5854
5880
5891
5894
5919
5931
5946
5972
5978
5989
5999
6002
6017
6036
6046
6053
6058
6088
6104
6109
6137
6147
6153
6191
6196
6204
6213
6246
6259
6265
6273
6286
6305
6305
6308
6345
6356
6372
6373
6374
6378
6387
6398
6429
6432
6473
6482
6489
6512
6553
6555
6588
6625
6647
6648
6686
6691
6715
6717
6748
6773
6794
6809
6824
6837
6892
6904
6940
6961
6990
7010
7023
7027
7028
7039
7049
7059
7069
7075
7078
7092
7104
7117
7197
7216
7220
7285
7305
7311
7312
7329
7374
7382
7408
7469
7512
7520
7701
7707
7731
7756
7781
7799
7819
7840
7865
7867
7878
7879
7898
7898
7902
7911
7912
7940
7970
8008
8016
8033
8044
8063
8076
8083
8097
8112
8122
8130
8144
8173
8184
8188
8191
8194
8218
8261
8288
8300
8316
8321
8342
8343
8344
8345
8379
8417
8418
8433
8434
8454
8495
8511
8515
8528
8549
8565
8599
8618
8626
8645
8648
8665
8699
8709
8736
8747
8754
8805
8810
8820
8890
8897
8901
8904
8905
8913
8936
8947
8962
8995
9051
9118
9130
9134
9181
9197
9198
9210
9220
9235
9239
9245
9260
9261
9264
9299
9302
9313
9323
9348
9359
9361
9372
9376
9429
9439
9447
9449
9459
9463
9466
9485
9493
9507
9508
9516
9522
9544
9552
9554
9579
9592
9641
9641
9653
9660
9661
9672
9683
9683
9686
9699
9732
9760
9769
9769
9774
9789
9829
9846
9857
9866
9869
9900
9915
9930
9946
9966
9982
10007
10026
10042
10051
10108
10109
10134
10148
10170
10205
10206
10208
10209
10225
10243
10271
10272
10290
10304
10316
10323
10334
10337
10357
10370
10378
10467
10471
10478
10494
10514
10532
10566
10571
10595
10603
10628
10631
10649
10650
10668
10668
10677
10690
10699
10707
10712
10716
10717
10738
10774
10784
10800
10801
10811
10818
10827
10840
10845
10863
10866
10868
10984
10988
10999
11010
11045
11089
11119
11146
11157
11185
11187
11202
11232
11235
11254
11307
11328
11347
11411
11425
11430
11439
11440
11464
11484
11492
11503
11621
11634
11648
11725
11732
11736
11771
11811
11816
11841
11842
11846
11855
11872
11881
11888
11896
11910
11914
11978
11985
12002
12008
12025
12035
12039
12063
12072
12110
12111
12115
12122
12141
12174
12186
12210
12234
12252
12274
12277
12282
12287
12328
12343
12360
12364
12374
12389
12396
12402
12431
12432
12433
12441
12446
12463
12466
12466
12477
12495
12499
12515
12519
12545
12584
12628
12644
12654
12661
12690
12691
12703
12716
12718
12736
12741
12751
12760
12772
12794
12799
12803
12834
12843
12843
12844
12870
12890
12899
12963
12964
12968
12982
12986
12990
12997
13019
13024
13026
13062
13083
13085
13122
13178
13194
13207
13213
13216
13273
13276
13278
13306
13311
13313
13340
13347
13433
13440
13444
13455
13479
13520
13525
13539
13559
13620
13627
13675
13688
13703
13727
13727
13733
13735
13757
13763
13766
13781
13798
13819
13831
13851
13851
13893
13905
13913
13914
13916
13937
13945
13946
13963
13989
14010
14018
14019
14028
14037
14062
14065
14083
14095
14100
14125
14133
14155
14165
14183
14191
14195
14205
14208
14215
14224
14282
14292
14302
14305
14306
14308
14342
14355
14355
14363
14376
14380
14382
14419
14420
14429
14452
14465
14474
14537
14581
14588
14633
14652
14688
14699
14739
14754
14786
14790
14790
14807
14810
14826
14831
14852
14855
14874
14882
14882
14884
14931
14935
14935
15001
15032
15037
15055
15058
15081
15086
15113
15123
15127
15137
15143
15161
15241
15316
15334
15337
15340
15341
15368
15378
15396
15398
15402
15423
15441
15476
15477
15478
15484
15498
15502
15516
15623
15677
15700
15704
15710
15751
15758
15763
15813
15825
15840
15853
15861
15869
15874
15930
15930
15930
15935
15965
15979
15987
15997
