14
15
18
27
29
41
42
44
49
54
69
79
84
85
90
90
91
96
105
109
116
127
130
144
160
171
173
177
191
203
210
211
213
213
213
222
223
238
240
242
242
246
246
248
264
266
269
275
275
278
278
279
293
302
303
313
322
325
327
328
335
338
345
350
352
353
356
361
367
374
375
380
380
384
389
397
399
400
405
419
425
427
438
443
450
450
455
455
459
461
462
462
464
468
469
471
478
480
482
487
501
501
514
519
520
520
531
533
536
538
556
556
567
576
577
581
583
591
591
591
594
598
604
608
608
610
632
639
641
642
649
650
654
655
659
669
675
676
677
685
692
692
695
699
705
709
711
711
712
713
725
726
730
734
734
747
753
756
757
759
759
762
763
783
785
789
795
798
807
807
810
812
813
822
835
853
854
856
856
860
861
864
865
866
876
879
880
882
893
894
894
904
904
906
907
909
914
917
920
926
928
934
934
949
970
979
981
985
989
991
996
1000
1000
1007
1008
1008
1010
1013
1013
1017
1017
1024
1029
1037
1038
1038
1042
1049
1049
1053
1056
1067
1070
1079
1079
1081
1083
1084
1091
1095
1101
1108
1109
1118
1121
1121
1123
1125
1125
1133
1134
1135
1144
1145
1149
1150
1160
1161
1163
1168
1171
1171
1176
1181
1183
1183
1186
1202
1203
1206
1208
1213
1218
1226
1227
1233
1238
1262
1263
1268
1279
1282
1290
1293
1299
1306
1308
1318
1320
1321
1323
1323
1333
1334
1337
1340
1342
1347
1349
1352
1357
1364
1368
1370
1371
1388
1392
1393
1400
1402
1404
1406
1412
1414
1417
1418
1419
1424
1425
1426
1427
1432
1435
1442
1454
1457
1458
1464
1467
1469
1488
1489
1489
1489
1492
1498
1499
1501
1503
1504
1506
1522
1524
1530
1533
1534
1537
1546
1546
1554
1554
1555
1557
1563
1569
1572
1573
1573
1574
1574
1579
1593
1599
1603
1604
1605
1606
1618
1621
1626
1627
1634
1638
1640
1640
1642
1645
1658
1660
1663
1666
1667
1670
1676
1677
1681
1684
1686
1692
1693
1699
1705
1706
1709
1709
1723
1730
1731
1732
1738
1741
1746
1747
1748
1752
1755
1766
1771
1771
1779
1781
1784
1786
1795
1809
1814
1832
1833
1838
1848
1857
1860
1868
1871
1871
1873
1873
1881
1883
1894
1894
1901
1903
1908
1912
1913
1914
1923
1925
1932
1939
1946
1947
1951
1953
1954
1957
1957
1960
1960
1965
1969
1971
1972
1988
1988
1989
1993
1996
1998
2009
2011
2015
2023
2029
2030
2038
2050
2051
2051
2071
2073
2073
2080
2082
2105
2107
2108
2111
2115
2120
2133
2138
2147
2148
2157
2167
2173
2173
2181
2183
2186
2191
2195
2196
2198
2208
2213
2215
2221
2222
2226
2226
2234
2237
2238
2241
2242
2246
2248
2251
2259
2273
2278
2281
2282
2284
2292
2297
2303
2306
2309
2314
2316
2319
2324
2328
2333
2339
2339
2344
2346
2349
2353
2357
2365
2366
2372
2372
2375
2384
2385
2386
2389
2390
2395
2398
2410
2415
2415
2417
2427
2428
2429
2433
2434
2436
2441
2450
2455
2459
2467
2469
2471
2471
2473
2479
2486
2486
2495
2501
2504
2505
2511
2512
2518
2522
2523
2527
2527
2528
2529
2533
2534
2537
2538
2545
2549
2549
2554
2556
2560
2562
2565
2569
2571
2579
2583
2585
2585
2587
2588
2601
2607
2608
2614
2616
2617
2618
2623
2624
2625
2636
2644
2644
2648
2654
2658
2658
2661
2673
2674
2675
2684
2686
2688
2690
2691
2697
2703
2704
2707
2712
2717
2729
2733
2737
2748
2750
2751
2752
2753
2763
2770
2771
2773
2773
2773
2786
2789
2790
2791
2792
2795
2800
2801
2807
2809
2810
2811
2817
2827
2828
2830
2834
2835
2840
2841
2847
2847
2849
2852
2854
2856
2859
2860
2872
2874
2881
2891
2897
2904
2907
2909
2912
2914
2915
2923
2934
2941
2946
2950
2962
2963
2970
2970
2973
2974
2983
2983
2992
3002
3003
3011
3014
3016
3027
3038
3039
3042
3045
3056
3070
3074
3079
3085
3085
3086
3094
3094
3102
3103
3103
3107
3108
3112
3116
3119
3121
3124
3125
3127
3127
3128
3129
3132
3139
3141
3150
3152
3154
3156
3165
3166
3174
3180
3182
3184
3200
3206
3211
3217
3220
3221
3228
3228
3242
3245
3246
3247
3249
3250
3251
3251
3260
3273
3292
3303
3305
3307
3308
3312
3313
3321
3322
3326
3327
3332
3336
3338
3346
3350
3352
3353
3353
3358
3360
3363
3372
3373
3386
3386
3393
3398
3409
3416
3421
3423
3423
3427
3428
3436
3440
3444
3444
3445
3446
3461
3464
3469
3476
3481
3484
3486
3489
3490
3498
3500
3504
3507
3510
3512
3519
3522
3534
3535
3543
3546
3549
3550
3551
3555
3556
3569
3576
3580
3580
3583
3585
3588
3590
3591
3607
3611
3616
3619
3630
3631
3634
3635
3635
3638
3640
3643
3653
3655
3655
3663
3668
3669
3670
3672
3676
3676
3677
3683
3684
3695
3695
3696
3702
3706
3715
3718
3720
3726
3726
3728
3728
3731
3739
3739
3740
3752
3755
3759
3764
3766
3770
3770
3773
3775
3780
3793
3794
3800
3811
3816
3822
3851
3853
3860
3866
3867
3868
3869
3871
3876
3879
3880
3880
3880
3883
3895
3898
3901
3905
3906
3907
3909
3913
3917
3918
3921
3938
3940
3944
3955
3957
3961
3961
3964
3973
3974
3980
3984
3985
3989
3998
3999
4003
4007
4012
4013
4031
4033
4036
4037
4039
4040
4049
4054
4065
4065
4078
4081
4089
4091
4091
4101
4103
4105
4110
4117
4118
4119
4121
4133
4133
4136
4139
4143
4148
4157
4174
4181
4186
4187
4191
4197
4198
4202
4203
4207
4210
4212
4218
4220
4239
4241
4249
4253
4253
4253
4255
4259
4266
4268
4268
4271
4271
4273
4280
4283
4291
4292
4293
4297
4307
4307
4309
4312
4314
4318
4328
4328
4329
4329
4339
4340
4350
4353
4357
4359
4360
4366
4366
4390
4391
4393
4398
4401
4403
4406
4413
4416
4421
4423
4427
4431
4434
4435
4441
4444
4448
4455
4463
4467
4469
4473
4474
4474
4475
4482
4483
4487
4495
4501
4502
4503
4505
4507
4513
4513
4516
4520
4531
4537
4542
4545
4550
4552
4552
4553
4554
4560
4560
4565
4565
4567
4567
4570
4573
4582
4588
4589
4592
4595
4596
4599
4603
4609
4612
4614
4616
4617
4628
4629
4638
4640
4641
4651
4651
4657
4666
4670
4683
4689
4691
4695
4697
4698
4702
4707
4722
4724
4726
4728
4729
4730
4733
4740
4744
4745
4752
4755
4761
4763
4764
4766
4769
4774
4783
4783
4785
4787
4789
4793
4811
4811
4812
4816
4823
4824
4828
4830
4833
4833
4836
4838
4857
4872
4876
4882
4882
4888
4892
4895
4897
4901
4903
4906
4909
4910
4912
4918
4920
4932
4942
4943
4943
4947
4950
4956
4957
4965
4966
4974
4974
4976
4981
4986
4990
4992
4993
5014
5015
5015
5017
5018
5025
5033
5034
5036
5049
5051
5053
5054
5054
5057
5060
5060
5060
5063
5063
5064
5067
5070
5071
5071
5081
5088
5092
5101
5103
5104
5105
5109
5115
5126
5129
5131
5132
5135
5135
5138
5139
5142
5147
5149
5150
5156
5157
5165
5172
5173
5176
5177
5178
5188
5190
5199
5202
5212
5216
5217
5225
5227
5227
5229
5236
5241
5243
5245
5249
5250
5257
5262
5262
5263
5267
5270
5279
5281
5286
5286
5289
5292
5294
5298
5299
5309
5310
5310
5314
5329
5330
5333
5334
5338
5340
5343
5345
5351
5352
5363
5367
5369
5370
5370
5371
5372
5383
5383
5385
5387
5388
5389
5394
5401
5404
5405
5410
5421
5425
5427
5433
5436
5445
5450
5450
5452
5452
5460
5481
5482
5488
5489
5490
5495
5507
5514
5518
5519
5527
5528
5532
5533
5533
5539
5539
5547
5552
5560
5576
5580
5580
5581
5581
5585
5589
5594
5596
5596
5600
5601
5611
5613
5613
5617
5618
5619
5619
5630
5632
5633
5636
5646
5647
5662
5666
5675
5681
5682
5684
5686
5692
5699
5701
5702
5707
5712
5718
5721
5723
5726
5727
5730
5740
5740
5740
5743
5747
5751
5754
5773
5778
5781
5781
5794
5797
5803
5808
5816
5818
5826
5829
5831
5840
5848
5856
5856
5856
5862
5862
5866
5875
5882
5884
5891
5892
5893
5893
5897
5899
5912
5928
5929
5948
5948
5958
5962
5965
5978
5978
5978
5981
5982
5989
5997
5999
6001
6001
6004
6011
6011
6020
6023
6032
6034
6035
6036
6037
6039
6046
6047
6054
6059
6062
6064
6079
6084
6085
6089
6091
6097
6100
6100
6102
6104
6110
6111
6112
6126
6135
6135
6137
6139
6141
6142
6145
6156
6165
6167
6178
6182
6190
6204
6218
6229
6233
6243
6244
6249
6249
6251
6253
6256
6259
6261
6270
6273
6280
6281
6283
6284
6289
6293
6294
6300
6302
6304
6306
6317
6324
6331
6335
6336
6355
6356
6356
6364
6365
6366
6369
6369
6382
6389
6391
6393
6393
6396
6401
6407
6412
6419
6427
6429
6430
6432
6434
6446
6455
6461
6461
6463
6466
6476
6478
6496
6496
6498
6499
6504
6506
6507
6508
6512
6523
6524
6524
6527
6528
6532
6533
6536
6536
6542
6543
6558
6558
6568
6587
6587
6588
6589
6592
6594
6598
6599
6603
6605
6606
6608
6611
6619
6621
6621
6622
6631
6631
6632
6637
6637
6655
6658
6668
6675
6680
6684
6685
6687
6688
6689
6691
6694
6703
6705
6707
6708
6710
6733
6736
6740
6741
6742
6746
6748
6749
6750
6758
6759
6759
6763
6768
6770
6781
6790
6795
6798
6802
6805
6805
6807
6808
6809
6810
6820
6820
6823
6824
6824
6829
6832
6838
6840
6843
6847
6856
6873
6877
6878
6878
6884
6886
6890
6892
6911
6918
6926
6928
6932
6932
6937
6947
6947
6955
6958
6959
6961
6968
6979
6980
6982
6985
6989
6991
6998
7001
7005
7006
7006
7007
7011
7013
7014
7016
7016
7020
7040
7047
7053
7060
7060
7063
7064
7066
7068
7069
7069
7076
7078
7078
7097
7099
7102
7102
7107
7108
7115
7116
7116
7117
7118
7123
7132
7136
7145
7155
7161
7164
7166
7166
7167
7168
7169
7169
7170
7170
7176
7182
7195
7199
7201
7204
7209
7212
7235
7241
7243
7244
7245
7245
7246
7248
7252
7256
7272
7276
7277
7278
7284
7293
7299
7303
7306
7310
7311
7316
7323
7329
7329
7339
7339
7339
7341
7341
7343
7345
7350
7369
7373
7373
7374
7375
7379
7382
7383
7385
7392
7395
7395
7397
7401
7410
7410
7413
7424
7425
7431
7447
7448
7452
7453
7475
7479
7480
7488
7490
7495
7501
7515
7520
7525
7527
7528
7529
7530
7541
7549
7549
7551
7551
7553
7556
7564
7564
7568
7573
7573
7574
7574
7581
7598
7598
7605
7607
7607
7618
7619
7620
7625
7626
7633
7634
7638
7638
7641
7643
7644
7658
7664
7670
7680
7687
7689
7693
7698
7699
7702
7704
7706
7707
7711
7715
7722
7724
7733
7748
7761
7765
7781
7784
7788
7788
7791
7800
7807
7807
7814
7822
7823
7823
7829
7833
7841
7843
7847
7849
7852
7860
7860
7871
7872
7874
7875
7876
7878
7881
7888
7898
7899
7915
7917
7918
7920
7920
7923
7934
7936
7945
7947
7948
7948
7950
7953
7963
7970
7972
7985
7985
7989
7990
7995
8003
8003
8009
8025
8032
8032
8034
8036
8044
8047
8047
8055
8062
8067
8068
8072
8074
8074
8079
8087
8090
8090
8094
8098
8104
8104
8106
8112
8118
8121
8122
8124
8124
8134
8143
8144
8144
8147
8153
8160
8165
8166
8173
8174
8180
8183
8189
8195
8199
8201
8210
8212
8213
8227
8228
8242
8246
8247
8250
8258
8259
8260
8266
8274
8284
8284
8291
8293
8295
8298
8302
8302
8305
8306
8326
8327
8331
8333
8339
8350
8352
8360
8362
8365
8368
8372
8382
8387
8396
8404
8406
8408
8410
8418
8424
8426
8427
8427
8428
8433
8435
8440
8442
8446
8447
8452
8457
8458
8468
8470
8470
8471
8476
8478
8487
8496
8499
8500
8501
8512
8512
8516
8522
8522
8523
8529
8534
8535
8538
8541
8545
8547
8552
8562
8563
8565
8565
8568
8569
8571
8574
8580
8581
8582
8587
8589
8591
8591
8599
8600
8602
8603
8603
8604
8605
8620
8626
8640
8644
8645
8649
8650
8654
8659
8662
8666
8667
8667
8675
8687
8689
8697
8704
8707
8711
8712
8712
8715
8722
8730
8732
8735
8736
8745
8746
8750
8754
8756
8757
8762
8765
8768
8769
8773
8778
8779
8798
8799
8822
8824
8826
8831
8838
8841
8841
8841
8845
8845
8845
8846
8846
8851
8862
8862
8871
8882
8883
8883
8884
8888
8891
8894
8894
8895
8910
8914
8923
8927
8928
8935
8938
8939
8939
8939
8940
8945
8947
8948
8956
8958
8963
8965
8966
8976
8980
8987
8987
8992
9007
9007
9011
9025
9027
9035
9040
9041
9047
9050
9054
9055
9069
9070
9073
9076
9079
9080
9081
9082
9086
9093
9094
9097
9105
9116
9125
9130
9131
9133
9134
9142
9143
9149
9162
9170
9171
9179
9183
9184
9185
9187
9194
9197
9198
9199
9199
9200
9213
9216
9216
9216
9217
9226
9232
9232
9237
9242
9243
9245
9246
9254
9254
9260
9264
9268
9270
9270
9289
9290
9291
9296
9296
9305
9306
9314
9314
9314
9315
9321
9324
9327
9327
9328
9339
9341
9344
9347
9350
9351
9352
9370
9381
9381
9383
9388
9389
9395
9395
9398
9409
9417
9417
9421
9423
9424
9428
9430
9432
9434
9434
9441
9441
9448
9456
9460
9465
9469
9471
9472
9474
9486
9486
9487
9500
9514
9516
9517
9521
9522
9523
9524
9530
9530
9532
9536
9536
9538
9540
9546
9548
9571
9577
9581
9582
9584
9589
9591
9592
9597
9600
9605
9609
9610
9613
9621
9625
9629
9629
9630
9630
9632
9636
9639
9642
9645
9646
9647
9648
9650
9652
9654
9657
9660
9664
9668
9670
9670
9672
9675
9681
9681
9681
9684
9695
9699
9699
9702
9703
9703
9709
9718
9719
9719
9720
9724
9727
9732
9735
9741
9742
9746
9750
9753
9755
9758
9762
9764
9765
9773
9778
9783
9792
9797
9805
9809
9810
9814
9821
9829
9834
9836
9837
9854
9858
9861
9864
9881
9882
9882
9888
9890
9891
9892
9893
9893
9893
9908
9911
9913
9923
9926
9926
9928
9932
9932
9935
9948
9950
9954
9954
9959
9959
9980
9983
9983
9985
9986
9987
9989
9993
9997
9998
10000
10001
10007
10008
10010
10013
10015
10017
10019
10027
10028
10029
10030
10032
10034
10034
10034
10039
10040
10042
10042
10042
10042
10043
10046
10046
10047
10051
10053
10055
10056
10059
10069
10072
10074
10082
10083
10083
10086
10090
10090
10090
10093
10102
10105
10110
10111
10112
10123
10124
10125
10139
10142
10144
10145
10146
10149
10149
10158
10159
10161
10162
10165
10166
10169
10169
10171
10182
10184
10193
10199
10203
10208
10209
10217
10223
10230
10236
10237
10247
10253
10255
10258
10258
10261
10263
10267
10272
10274
10277
10281
10284
10287
10295
10296
10296
10298
10300
10301
10308
10311
10314
10315
10316
10317
10318
10320
10321
10323
10327
10330
10336
10339
10339
10342
10345
10356
10363
10364
10365
10366
10371
10372
10376
10378
10385
10385
10392
10393
10397
10399
10399
10406
10410
10424
10426
10430
10435
10435
10437
10438
10441
10447
10447
10452
10467
10468
10468
10471
10472
10492
10495
10508
10515
10521
10526
10527
10532
10535
10535
10536
10550
10555
10565
10571
10575
10586
10587
10588
10589
10593
10596
10596
10598
10601
10606
10607
10609
10614
10617
10617
10621
10638
10642
10643
10646
10647
10652
10659
10659
10661
10663
10665
10666
10669
10675
10689
10696
10700
10706
10706
10718
10721
10726
10726
10729
10730
10731
10731
10736
10738
10738
10739
10744
10745
10748
10752
10757
10760
10763
10768
10774
10775
10775
10780
10783
10787
10788
10788
10794
10798
10798
10809
10812
10813
10821
10823
10824
10828
10833
10837
10839
10840
10840
10844
10851
10852
10858
10864
10866
10868
10869
10872
10874
10874
10883
10890
10891
10896
10897
10899
10902
10902
10906
10914
10914
10921
10923
10923
10923
10938
10939
10957
10962
10963
10965
10966
10969
10970
10977
10979
10982
10985
10986
10992
10995
10997
10997
11014
11017
11021
11025
11025
11029
11034
11047
11051
11058
11059
11063
11063
11066
11072
11078
11087
11090
11094
11094
11101
11103
11109
11115
11120
11124
11133
11137
11137
11141
11141
11150
11160
11160
11161
11162
11164
11165
11177
11177
11188
11191
11194
11195
11196
11197
11198
11203
11203
11207
11209
11211
11214
11227
11236
11238
11238
11253
11258
11260
11264
11270
11273
11277
11279
11281
11286
11287
11288
11291
11292
11297
11302
11309
11321
11323
11325
11330
11337
11339
11340
11340
11341
11343
11343
11345
11356
11360
11363
11364
11367
11374
11382
11391
11400
11402
11403
11410
11415
11423
11431
11432
11437
11445
11447
11449
11457
11459
11462
11465
11465
11468
11468
11473
11474
11475
11486
11487
11488
11488
11488
11489
11489
11490
11495
11497
11502
11508
11521
11527
11528
11529
11529
11537
11539
11548
11553
11557
11557
11567
11567
11567
11567
11568
11573
11580
11581
11585
11588
11592
11592
11595
11595
11596
11597
11597
11602
11605
11614
11614
11617
11619
11630
11634
11634
11637
11638
11651
11652
11654
11655
11656
11664
11665
11674
11675
11677
11684
11690
11698
11699
11705
11705
11705
11706
11707
11719
11732
11737
11739
11742
11743
11762
11764
11766
11769
11774
11780
11784
11786
11792
11802
11806
11808
11809
11813
11813
11813
11816
11817
11817
11825
11827
11828
11828
11829
11830
11832
11837
11842
11846
11867
11872
11874
11877
11878
11882
11883
11885
11891
11894
11900
11900
11900
11901
11904
11906
11907
11907
11929
11934
11948
11950
11957
11968
11968
11980
11981
11983
11989
11997
11998
12006
12008
12015
12021
12031
12037
12039
12039
12046
12052
12062
12064
12064
12069
12070
12078
12083
12085
12095
12105
12105
12105
12110
12113
12115
12121
12124
12125
12127
12133
12135
12136
12144
12146
12146
12149
12151
12160
12164
12170
12176
12176
12177
12178
12180
12189
12190
12190
12194
12197
12199
12208
12208
12208
12210
12214
12218
12218
12226
12231
12232
12232
12235
12236
12236
12237
12249
12250
12250
12257
12261
12271
12281
12283
12291
12293
12296
12301
12303
12323
12323
12329
12329
12330
12339
12341
12345
12359
12360
12370
12371
12371
12372
12380
12382
12385
12387
12393
12397
12407
12415
12415
12422
12430
12431
12447
12447
12452
12459
12470
12471
12472
12479
12489
12491
12491
12495
12497
12497
12504
12504
12508
12510
12515
12516
12516
12523
12527
12530
12534
12534
12534
12537
12537
12541
12541
12548
12548
12548
12554
12555
12561
12578
12586
12587
12588
12591
12591
12594
12601
12602
12602
12606
12608
12614
12615
12618
12623
12625
12625
12630
12633
12635
12640
12646
12648
12650
12651
12657
12659
12667
12671
12673
12688
12689
12692
12699
12702
12709
12711
12715
12715
12717
12724
12724
12725
12728
12730
12731
12741
12762
12784
12800
12802
12814
12815
12817
12825
12825
12825
12828
12832
12834
12846
12846
12848
12873
12883
12886
12892
12901
12902
12903
12904
12911
12919
12919
12931
12934
12945
12961
12966
12968
12971
12974
12975
12980
12986
12986
12988
12994
12996
13000
13006
13012
13014
13016
13017
13023
13023
13028
13038
13044
13045
13059
13061
13069
13074
13074
13082
13083
13084
13085
13087
13092
13092
13097
13104
13113
13117
13120
13123
13130
13131
13141
13143
13151
13164
13166
13172
13173
13173
13178
13183
13190
13198
13203
13205
13210
13211
13212
13213
13214
13217
13218
13228
13229
13230
13233
13233
13239
13240
13246
13249
13254
13261
13265
13270
13272
13274
13276
13278
13290
13291
13309
13311
13318
13318
13319
13328
13339
13344
13344
13346
13350
13358
13363
13366
13373
13378
13379
13390
13392
13393
13394
13394
13412
13414
13420
13446
13456
13456
13467
13468
13472
13473
13478
13479
13480
13482
13483
13484
13484
13486
13489
13493
13496
13497
13498
13499
13503
13505
13505
13515
13518
13521
13524
13524
13529
13529
13533
13535
13538
13542
13544
13552
13555
13561
13567
13573
13575
13581
13606
13606
13608
13610
13614
13615
13620
13626
13629
13631
13638
13648
13657
13657
13660
13667
13681
13693
13699
13703
13705
13705
13708
13710
13714
13715
13730
13739
13744
13757
13757
13762
13769
13773
13776
13777
13777
13783
13792
13794
13807
13814
13820
13825
13835
13835
13838
13841
13850
13855
13857
13857
13859
13865
13879
13882
13884
13886
13887
13895
13895
13905
13906
13909
13914
13916
13916
13917
13921
13926
13930
13933
13937
13938
13945
13947
13955
13958
13959
13968
13971
13976
13999
14000
14009
14010
14013
14017
14032
14039
14040
14041
14042
14045
14045
14052
14055
14061
14070
14072
14072
14073
14083
14085
14089
14090
14093
14093
14093
14096
14097
14103
14103
14111
14115
14115
14117
14129
14138
14148
14151
14153
14154
14156
14158
14160
14165
14167
14168
14171
14175
14177
14181
14183
14184
14186
14187
14188
14190
14195
14195
14197
14205
14206
14213
14213
14224
14225
14233
14235
14247
14251
14259
14261
14265
14270
14276
14280
14281
14292
14295
14307
14312
14314
14316
14319
14321
14323
14324
14324
14328
14331
14334
14342
14346
14350
14352
14352
14354
14360
14368
14369
14371
14374
14376
14384
14391
14395
14396
14399
14402
14405
14409
14411
14412
14413
14415
14420
14425
14442
14450
14451
14451
14452
14454
14462
14470
14472
14475
14482
14483
14485
14487
14493
14495
14497
14501
14503
14504
14514
14515
14519
14520
14520
14531
14535
14539
14540
14543
14544
14546
14548
14554
14559
14567
14574
14587
14588
14590
14590
14591
14594
14595
14606
14608
14614
14615
14627
14630
14631
14637
14638
14643
14643
14652
14657
14662
14664
14664
14667
14668
14668
14669
14671
14675
14677
14689
14691
14691
14692
14693
14694
14698
14702
14705
14708
14712
14712
14712
14713
14715
14722
14722
14725
14728
14731
14736
14739
14742
14745
14747
14749
14756
14757
14765
14767
14772
14773
14773
14777
14785
14786
14786
14792
14793
14796
14797
14797
14798
14802
14803
14807
14808
14813
14815
14818
14825
14830
14831
14840
14840
14841
14844
14868
14872
14878
14881
14882
14883
14884
14890
14891
14891
14894
14906
14908
14918
14921
14927
14929
14931
14934
14939
14943
14950
14970
14972
14983
14997
14998
15007
15008
15009
15010
15012
15016
15024
15024
15029
15033
15035
15038
15039
15045
15060
15065
15068
15073
15075
15075
15081
15087
15090
15095
15097
15097
15106
15108
15108
15109
15111
15112
15112
15117
15118
15125
15125
15126
15128
15130
15132
15140
15141
15142
15142
15145
15156
15162
15165
15170
15185
15186
15188
15188
15189
15191
15195
15199
15199
15212
15212
15215
15217
15218
15223
15223
15225
15232
15235
15235
15237
15239
15240
15257
15259
15263
15263
15263
15265
15267
15275
15279
15280
15281
15281
15283
15283
15284
15284
15288
15291
15291
15293
15294
15295
15296
15297
15298
15305
15310
15310
15313
15316
15316
15326
15330
15331
15340
15342
15343
15356
15363
15367
15368
15369
15369
15372
15374
15375
15389
15390
15391
15393
15393
15393
15401
15407
15415
15417
15424
15434
15435
15445
15445
15450
15453
15459
15465
15466
15466
15468
15470
15472
15472
15477
15487
15492
15494
15497
15498
15499
15505
15506
15509
15510
15511
15523
15523
15528
15529
15531
15538
15543
15544
15546
15550
15554
15556
15559
15568
15573
15576
15584
15591
15595
15605
15609
15609
15621
15623
15624
15626
15628
15634
15638
15639
15640
15641
15654
15656
15664
15664
15666
15667
15675
15675
15676
15679
15680
15684
15688
15695
15705
15705
15711
15714
15717
15722
15723
15725
15726
15734
15735
15744
15753
15765
15775
15780
15782
15788
15792
15796
15801
15804
15805
15809
15811
15822
15825
15826
15827
15827
15837
15843
15855
15858
15859
15870
15875
15876
15879
15880
15886
15888
15898
15901
15906
15906
15907
15909
15920
15923
15923
15930
15932
15936
15936
15944
15946
15949
15958
15964
15965
15965
15965
15966
15966
15967
15972
15975
15976
15979
15981
15985
15989
15997
15998
15998
