3
5
14
21
28
29
39
39
40
43
45
50
54
62
80
84
95
105
106
112
113
129
142
142
151
152
157
160
161
166
170
178
181
202
202
205
229
231
233
234
249
262
265
273
277
277
284
286
294
298
299
300
300
303
304
309
314
314
330
331
340
371
388
405
407
408
422
430
433
441
464
468
483
490
518
522
526
527
529
565
583
587
604
609
611
620
621
626
630
630
632
633
635
635
636
642
648
649
655
655
656
660
667
678
692
698
706
708
718
730
755
760
761
768
777
796
797
803
813
833
834
869
869
874
879
908
909
920
926
933
934
943
946
949
954
980
982
999
1030
1045
1052
1056
1056
1057
1071
1071
1079
1081
1094
1096
1116
1125
1126
1154
1158
1159
1166
1166
1167
1171
1171
1177
1195
1196
1212
1239
1248
1283
1294
1295
1295
1297
1298
1298
1308
1317
1321
1330
1331
1332
1343
1344
1356
1388
1397
1405
1413
1414
1416
1424
1434
1438
1441
1465
1465
1467
1476
1477
1483
1488
1488
1491
1491
1493
1516
1520
1522
1528
1531
1552
1558
1559
1570
1576
1583
1593
1596
1609
1633
1634
1641
1648
1648
1648
1661
1663
1685
1708
1720
1739
1756
1761
1762
1765
1773
1782
1783
1790
1796
1796
1799
1808
1814
1817
1826
1830
1836
1853
1857
1878
1888
1898
1907
1910
1916
1952
1956
1960
1977
1980
1981
1992
2019
2020
2031
2039
2042
2056
2057
2059
2073
2074
2084
2114
2117
2119
2131
2139
2145
2152
2172
2172
2174
2188
2193
2194
2201
2201
2206
2225
2226
2239
2240
2243
2244
2249
2254
2268
2277
2279
2289
2299
2318
2326
2327
2328
2332
2345
2346
2376
2411
2417
2436
2440
2443
2449
2459
2471
2486
2489
2503
2510
2515
2538
2546
2553
2567
2569
2570
2573
2581
2604
2613
2613
2632
2641
2644
2645
2645
2651
2657
2661
2666
2666
2677
2687
2689
2701
2709
2712
2740
2741
2743
2757
2781
2787
2804
2811
2816
2816
2824
2826
2838
2847
2871
2876
2886
2891
2892
2893
2908
2909
2910
2925
2939
2952
2963
2966
2968
2984
2986
2994
3008
3021
3026
3034
3037
3042
3047
3053
3064
3068
3070
3083
3087
3101
3115
3118
3118
3128
3134
3142
3161
3167
3177
3186
3216
3234
3239
3247
3252
3258
3259
3264
3274
3282
3293
3303
3329
3334
3336
3344
3382
3397
3401
3403
3420
3421
3421
3423
3436
3439
3474
3477
3482
3483
3495
3503
3504
3510
3517
3537
3549
3566
3566
3568
3572
3581
3583
3585
3590
3594
3595
3600
3626
3640
3645
3649
3681
3682
3688
3689
3694
3698
3704
3704
3705
3720
3731
3741
3745
3761
3783
3784
3789
3822
3824
3841
3846
3847
3847
3848
3850
3851
3853
3872
3876
3880
3885
3905
3908
3916
3924
3927
3932
3950
3963
3965
3981
3992
3998
4005
4013
4029
4046
4074
4092
4095
4103
4113
4136
4143
4150
4151
4153
4158
4163
4172
4191
4237
4244
4249
4283
4303
4321
4328
4328
4335
4346
4353
4359
4359
4359
4369
4383
4397
4405
4414
4418
4418
4420
4426
4427
4428
4453
4458
4468
4474
4476
4483
4486
4492
4514
4547
4557
4558
4569
4578
4593
4601
4606
4626
4639
4644
4646
4648
4648
4670
4672
4708
4716
4720
4726
4730
4740
4744
4759
4769
4809
4812
4812
4823
4841
4870
4871
4881
4888
4892
4927
4932
4955
4981
4983
4991
5001
5003
5005
5007
5014
5015
5023
5025
5026
5033
5036
5039
5041
5049
5049
5049
5054
5063
5066
5088
5093
5097
5102
5104
5106
5140
5142
5166
5167
5172
5176
5186
5193
5195
5202
5204
5214
5223
5224
5226
5231
5238
5239
5251
5251
5274
5282
5285
5287
5289
5309
5310
5319
5320
5325
5344
5344
5354
5367
5371
5376
5377
5379
5381
5392
5406
5410
5426
5432
5438
5441
5445
5447
5451
5454
5456
5458
5476
5478
5491
5495
5497
5499
5504
5508
5533
5534
5535
5536
5537
5553
5555
5559
5560
5574
5575
5577
5599
5605
5620
5628
5629
5631
5634
5636
5641
5642
5654
5666
5671
5676
5683
5694
5701
5707
5708
5717
5725
5727
5727
5737
5748
5754
5755
5756
5774
5781
5783
5793
5807
5809
5811
5825
5838
5849
5853
5867
5878
5885
5900
5909
5911
5924
5942
5952
5954
5957
5959
5970
5971
5972
5989
5990
5998
6001
6018
6021
6022
6027
6028
6037
6050
6066
6081
6083
6091
6093
6099
6134
6141
6163
6164
6164
6177
6214
6216
6219
6223
6232
6248
6275
6275
6281
6286
6288
6292
6297
6314
6343
6346
6363
6369
6375
6378
6378
6383
6392
6404
6419
6420
6442
6442
6444
6445
6451
6463
6464
6466
6470
6471
6472
6488
6502
6502
6509
6514
6523
6526
6536
6557
6558
6560
6566
6567
6581
6582
6599
6604
6605
6613
6617
6639
6648
6660
6677
6709
6728
6734
6742
6751
6765
6772
6802
6806
6808
6821
6825
6831
6846
6852
6872
6874
6876
6877
6884
6895
6897
6905
6909
6915
6920
6923
6938
6939
6946
6951
6976
6988
7000
7003
7023
7059
7062
7092
7113
7116
7124
7130
7137
7147
7147
7157
7170
7171
7181
7183
7210
7212
7218
7222
7223
7228
7228
7236
7239
7244
7248
7256
7260
7268
7275
7285
7287
7298
7302
7311
7316
7320
7321
7324
7335
7343
7344
7344
7346
7354
7354
7358
7366
7368
7375
7386
7389
7390
7394
7397
7401
7408
7410
7417
7426
7432
7443
7454
7455
7464
7467
7470
7471
7473
7489
7498
7506
7508
7514
7516
7532
7539
7545
7562
7574
7582
7582
7593
7596
7599
7628
7644
7656
7656
7706
7710
7721
7735
7745
7768
7774
7781
7795
7798
7806
7819
7819
7827
7828
7836
7844
7848
7852
7870
7892
7906
7923
7931
7933
7938
7945
7946
7950
7953
7962
7976
7978
7979
7984
7994
7998
8007
8009
8014
8015
8018
8020
8021
8027
8028
8032
8052
8057
8069
8075
8080
8085
8087
8097
8097
8101
8121
8129
8130
8132
8135
8135
8148
8164
8184
8197
8203
8213
8222
8223
8227
8229
8238
8243
8243
8244
8245
8255
8258
8261
8265
8273
8273
8279
8292
8312
8320
8320
8337
8342
8352
8362
8390
8401
8410
8411
8415
8419
8427
8430
8441
8448
8457
8462
8471
8472
8496
8520
8537
8538
8550
8552
8555
8555
8560
8564
8592
8593
8599
8612
8613
8616
8627
8633
8633
8647
8655
8661
8664
8668
8675
8690
8693
8694
8695
8712
8736
8737
8752
8756
8765
8776
8778
8792
8793
8802
8807
8824
8825
8829
8835
8846
8847
8857
8860
8864
8870
8876
8887
8891
8891
8918
8918
8920
8921
8925
8927
8943
8949
8954
8978
8984
8985
9002
9008
9010
9037
9037
9042
9045
9065
9066
9089
9091
9107
9119
9123
9131
9135
9165
9171
9174
9175
9177
9177
9178
9181
9181
9186
9187
9191
9193
9199
9202
9209
9216
9216
9220
9227
9234
9243
9247
9261
9268
9274
9277
9288
9297
9299
9312
9326
9333
9338
9357
9362
9369
9388
9389
9408
9414
9431
9432
9434
9441
9441
9466
9467
9470
9481
9481
9484
9517
9530
9546
9553
9554
9558
9564
9569
9578
9594
9594
9601
9601
9602
9602
9604
9605
9623
9628
9633
9639
9641
9643
9651
9660
9680
9687
9698
9699
9704
9731
9741
9744
9746
9754
9779
9815
9817
9822
9829
9829
9841
9850
9859
9860
9871
9881
9901
9902
9904
9904
9905
9908
9924
9932
9945
9946
9948
9965
9967
9977
9981
9983
9984
10025
10026
10032
10035
10053
10081
10083
10085
10087
10096
10113
10115
10138
10150
10151
10152
10159
10161
10162
10164
10179
10195
10201
10205
10210
10213
10216
10223
10231
10233
10247
10248
10254
10256
10266
10280
10288
10291
10300
10306
10309
10312
10331
10348
10352
10359
10375
10412
10426
10437
10445
10446
10455
10455
10455
10460
10465
10467
10478
10496
10501
10518
10527
10528
10544
10560
10563
10570
10574
10581
10581
10584
10585
10595
10613
10618
10630
10638
10639
10644
10683
10692
10714
10719
10726
10733
10750
10750
10756
10777
10782
10784
10791
10795
10807
10807
10813
10829
10831
10841
10841
10843
10846
10855
10858
10860
10862
10864
10872
10874
10902
10902
10931
10933
10936
10941
10957
10998
10999
11005
11009
11013
11030
11030
11033
11038
11039
11050
11053
11057
11090
11096
11098
11098
11100
11109
11113
11125
11126
11134
11141
11141
11151
11153
11159
11161
11179
11217
11218
11233
11236
11237
11244
11250
11253
11311
11323
11326
11328
11348
11355
11369
11379
11382
11413
11424
11433
11437
11452
11458
11475
11480
11481
11485
11487
11499
11502
11507
11517
11538
11547
11555
11567
11568
11571
11591
11592
11606
11618
11638
11644
11648
11651
11656
11663
11674
11678
11680
11682
11683
11685
11685
11692
11696
11718
11731
11740
11747
11752
11755
11756
11770
11793
11807
11831
11842
11860
11877
11881
11896
11906
11915
11916
11918
11922
11933
11937
11937
11938
11949
11953
11965
11969
11978
11990
11991
11992
12023
12055
12056
12058
12058
12064
12065
12111
12111
12113
12125
12132
12143
12146
12171
12174
12182
12190
12202
12222
12232
12232
12241
12246
12258
12259
12262
12279
12291
12301
12311
12311
12331
12333
12335
12340
12343
12348
12351
12352
12354
12357
12368
12369
12374
12376
12392
12393
12400
12414
12420
12421
12442
12444
12449
12453
12461
12462
12471
12481
12496
12499
12509
12517
12522
12532
12544
12551
12554
12560
12569
12570
12570
12574
12611
12632
12638
12643
12647
12669
12678
12690
12701
12709
12709
12714
12720
12723
12724
12735
12757
12758
12771
12783
12784
12796
12809
12824
12849
12851
12853
12855
12857
12857
12870
12873
12879
12883
12890
12902
12904
12906
12911
12920
12925
12929
12930
12931
12935
12945
12948
12949
12950
12954
12954
12958
12969
12970
12977
12982
12985
12986
12992
12997
13000
13003
13010
13014
13017
13027
13032
13042
13047
13066
13069
13096
13101
13102
13121
13125
13130
13138
13138
13156
13160
13180
13189
13202
13216
13234
13255
13274
13275
13278
13278
13296
13301
13311
13318
13339
13341
13357
13357
13358
13379
13381
13405
13406
13408
13426
13426
13440
13451
13467
13467
13469
13484
13490
13509
13512
13532
13536
13539
13542
13568
13569
13573
13596
13609
13627
13628
13632
13634
13649
13656
13659
13671
13671
13683
13690
13712
13715
13717
13728
13734
13741
13755
13756
13757
13765
13770
13786
13818
13823
13845
13860
13866
13866
13872
13884
13888
13893
13894
13900
13903
13920
13925
13926
13928
13939
13939
13939
13942
13948
13948
13960
13967
13976
13978
13988
13989
13993
14036
14037
14045
14056
14061
14063
14063
14065
14088
14091
14093
14105
14117
14120
14127
14132
14140
14154
14163
14182
14186
14190
14204
14210
14211
14217
14227
14232
14234
14239
14241
14257
14263
14264
14267
14304
14306
14333
14352
14394
14400
14412
14415
14419
14438
14457
14458
14488
14488
14488
14495
14500
14501
14511
14528
14528
14549
14556
14563
14566
14576
14577
14579
14584
14610
14616
14636
14643
14646
14647
14650
14653
14653
14673
14698
14746
14746
14750
14754
14755
14757
14761
14767
14776
14797
14797
14804
14804
14825
14849
14851
14854
14873
14883
14884
14885
14893
14897
14899
14914
14915
14925
14936
14952
14959
14964
14999
15001
15013
15013
15018
15038
15051
15066
15090
15104
15124
15127
15140
15146
15146
15146
15161
15168
15178
15186
15186
15191
15191
15202
15202
15203
15224
15234
15236
15239
15244
15256
15264
15275
15278
15288
15310
15319
15335
15340
15344
15353
15356
15359
15363
15372
15374
15376
15386
15390
15397
15413
15437
15444
15452
15463
15473
15485
15490
15491
15491
15496
15498
15511
15511
15537
15543
15546
15565
15574
15579
15580
15609
15616
15631
15652
15670
15671
15671
15678
15706
15723
15733
15733
15744
15745
15746
15747
15749
15756
15765
15765
15774
15779
15785
15789
15794
15813
15831
15839
15839
15857
15858
15860
15872
15872
15884
15897
15908
15920
15925
15925
15928
15932
15939
15945
15947
15948
15974
15984
15989
15995
15998
