0
2
3
7
8
14
14
21
22
28
29
33
34
40
47
50
52
60
69
72
79
79
84
89
96
105
106
106
108
109
110
116
123
129
129
135
145
145
147
158
164
170
173
176
176
181
186
187
192
193
194
195
197
224
225
226
242
249
249
255
256
260
262
263
264
271
278
279
282
283
285
287
294
295
295
301
302
302
302
307
307
308
315
315
316
316
317
320
324
324
331
331
334
334
336
337
338
346
346
355
364
384
385
389
389
392
394
408
410
414
414
418
420
422
427
428
429
439
440
440
444
446
449
452
456
456
456
462
467
473
473
476
480
486
493
493
498
501
505
506
509
512
513
516
522
524
527
530
533
536
547
547
551
553
554
556
556
562
574
576
578
580
580
587
588
590
592
593
595
597
600
603
612
612
613
619
621
622
622
625
641
643
644
646
647
650
650
654
663
664
664
668
673
674
686
688
689
693
695
699
699
705
706
708
716
718
719
721
722
728
730
731
732
733
737
747
752
753
757
774
775
781
791
791
795
807
811
812
817
818
819
819
826
826
828
829
831
832
835
835
840
844
845
846
850
853
854
857
860
872
881
884
889
894
894
895
899
904
904
905
912
918
926
928
936
942
946
955
957
968
980
980
981
983
987
989
989
993
995
996
997
998
998
998
1009
1013
1013
1016
1018
1022
1023
1024
1024
1027
1028
1029
1031
1033
1035
1038
1040
1042
1044
1051
1058
1062
1078
1078
1082
1082
1096
1097
1102
1108
1114
1117
1119
1120
1124
1129
1132
1133
1135
1139
1147
1151
1153
1166
1170
1170
1172
1175
1187
1188
1189
1190
1207
1214
1219
1225
1227
1232
1245
1248
1249
1258
1261
1264
1268
1270
1287
1293
1296
1297
1301
1314
1317
1318
1323
1323
1328
1329
1332
1333
1335
1338
1342
1345
1351
1355
1359
1366
1366
1366
1372
1374
1380
1383
1386
1386
1395
1399
1399
1399
1404
1405
1407
1411
1414
1415
1421
1424
1426
1428
1428
1429
1430
1430
1431
1434
1439
1449
1454
1456
1467
1468
1469
1470
1470
1477
1503
1508
1517
1524
1526
1530
1534
1543
1546
1556
1562
1562
1562
1563
1565
1568
1569
1574
1576
1579
1582
1584
1595
1602
1604
1605
1611
1617
1619
1623
1623
1629
1631
1634
1641
1641
1655
1670
1673
1675
1678
1680
1682
1683
1688
1690
1690
1694
1702
1702
1711
1713
1727
1728
1729
1733
1738
1743
1746
1751
1769
1772
1780
1785
1785
1785
1795
1797
1797
1800
1802
1805
1806
1809
1811
1814
1815
1825
1827
1831
1831
1836
1838
1841
1845
1846
1851
1855
1861
1866
1867
1867
1870
1870
1877
1880
1883
1883
1884
1895
1895
1899
1903
1922
1922
1927
1932
1932
1937
1941
1946
1948
1949
1950
1956
1960
1962
1968
1970
1974
1978
1987
1988
1992
1994
1997
2000
2002
2005
2006
2009
2010
2013
2019
2020
2027
2032
2037
2039
2040
2042
2047
2055
2057
2064
2065
2074
2075
2076
2081
2086
2094
2112
2115
2117
2119
2127
2129
2134
2135
2137
2138
2139
2147
2149
2163
2165
2166
2166
2166
2168
2168
2170
2171
2179
2180
2182
2183
2193
2201
2204
2207
2211
2221
2235
2236
2240
2244
2247
2247
2248
2249
2250
2253
2256
2258
2266
2272
2279
2288
2288
2289
2289
2292
2299
2301
2304
2306
2308
2310
2313
2319
2322
2328
2337
2343
2343
2348
2351
2352
2354
2358
2361
2371
2378
2379
2382
2383
2386
2388
2393
2404
2410
2421
2428
2429
2430
2438
2444
2446
2447
2447
2468
2469
2481
2486
2487
2489
2493
2495
2503
2505
2525
2529
2534
2547
2548
2551
2553
2554
2556
2562
2565
2568
2571
2577
2578
2579
2583
2584
2586
2587
2588
2588
2594
2601
2604
2609
2617
2621
2623
2627
2628
2631
2652
2655
2657
2657
2672
2672
2674
2675
2682
2689
2697
2702
2702
2712
2715
2715
2715
2718
2720
2732
2735
2749
2750
2752
2756
2758
2764
2765
2772
2775
2779
2791
2792
2798
2803
2806
2812
2813
2814
2816
2817
2819
2825
2831
2840
2845
2846
2850
2853
2863
2871
2871
2894
2900
2900
2903
2906
2908
2914
2920
2924
2924
2926
2927
2940
2941
2950
2957
2997
2998
2999
3004
3006
3007
3011
3015
3020
3026
3028
3035
3040
3047
3048
3048
3052
3055
3057
3059
3060
3066
3067
3076
3077
3081
3083
3086
3089
3095
3104
3105
3107
3109
3115
3118
3120
3124
3129
3132
3143
3144
3144
3145
3145
3146
3151
3153
3159
3185
3192
3198
3205
3211
3214
3227
3233
3237
3247
3252
3261
3262
3264
3266
3269
3278
3285
3288
3298
3306
3310
3321
3322
3325
3331
3333
3343
3351
3357
3363
3366
3369
3369
3373
3378
3379
3383
3389
3391
3392
3395
3406
3407
3408
3408
3409
3415
3418
3421
3421
3424
3425
3429
3429
3437
3439
3443
3443
3444
3448
3449
3458
3459
3469
3470
3470
3477
3479
3490
3491
3503
3510
3513
3527
3530
3538
3540
3541
3544
3553
3557
3564
3576
3594
3594
3607
3607
3611
3611
3620
3621
3623
3624
3625
3626
3636
3637
3645
3655
3680
3682
3683
3685
3691
3696
3696
3698
3700
3701
3716
3718
3719
3726
3727
3735
3735
3749
3753
3756
3786
3791
3792
3804
3805
3813
3817
3823
3823
3827
3829
3831
3835
3835
3836
3840
3844
3850
3863
3864
3865
3869
3873
3889
3894
3902
3913
3915
3918
3919
3921
3926
3931
3936
3940
3949
3954
3958
3970
3983
3984
3997
4006
4008
4011
4015
4016
4025
4026
4029
4033
4046
4050
4053
4058
4058
4065
4079
4088
4094
4101
4118
4120
4120
4126
4129
4132
4142
4149
4151
4153
4157
4159
4160
4162
4165
4172
4178
4183
4197
4198
4206
4210
4210
4212
4213
4216
4219
4219
4226
4227
4229
4230
4235
4237
4239
4243
4255
4263
4266
4268
4270
4271
4271
4274
4294
4301
4303
4305
4307
4310
4315
4315
4324
4339
4340
4352
4363
4364
4368
4381
4386
4387
4389
4395
4401
4404
4405
4408
4413
4414
4420
4421
4422
4425
4430
4435
4436
4443
4444
4452
4453
4468
4476
4477
4480
4482
4483
4488
4488
4495
4496
4499
4502
4505
4510
4518
4518
4519
4520
4522
4530
4534
4538
4541
4543
4543
4545
4553
4559
4565
4566
4573
4578
4580
4588
4597
4597
4601
4604
4605
4610
4612
4613
4613
4618
4619
4631
4645
4646
4646
4662
4669
4676
4697
4698
4704
4706
4708
4711
4713
4724
4726
4727
4738
4740
4745
4751
4754
4758
4761
4763
4765
4772
4794
4800
4815
4816
4825
4825
4830
4832
4836
4837
4837
4865
4866
4868
4869
4873
4881
4884
4886
4889
4890
4893
4894
4896
4899
4901
4914
4914
4914
4916
4920
4924
4925
4932
4947
4952
4953
4954
4983
4985
4985
4985
4986
4991
4992
4994
4995
4996
5000
5004
5006
5017
5018
5022
5022
5024
5036
5036
5038
5044
5045
5046
5048
5050
5062
5064
5066
5072
5083
5085
5088
5092
5092
5102
5104
5108
5109
5116
5117
5119
5120
5130
5134
5137
5137
5139
5141
5144
5150
5152
5155
5156
5159
5164
5166
5170
5173
5176
5181
5186
5188
5192
5200
5200
5211
5211
5211
5216
5222
5224
5227
5236
5238
5240
5240
5244
5253
5262
5262
5268
5273
5275
5281
5283
5288
5290
5291
5292
5299
5305
5306
5307
5308
5310
5313
5316
5326
5330
5331
5337
5344
5349
5350
5351
5351
5351
5360
5383
5384
5384
5389
5391
5392
5407
5411
5412
5412
5414
5420
5431
5437
5439
5441
5446
5449
5452
5453
5453
5455
5457
5458
5465
5466
5466
5467
5476
5485
5494
5496
5500
5500
5502
5505
5507
5508
5512
5514
5516
5518
5518
5523
5525
5525
5531
5542
5543
5549
5551
5558
5574
5576
5591
5592
5597
5602
5604
5606
5608
5608
5609
5613
5615
5618
5619
5623
5627
5628
5629
5632
5640
5642
5646
5649
5653
5655
5662
5668
5674
5676
5682
5682
5686
5686
5690
5692
5700
5701
5712
5712
5714
5715
5717
5719
5721
5734
5735
5738
5749
5750
5752
5752
5753
5753
5756
5759
5759
5766
5769
5775
5781
5789
5799
5808
5821
5824
5825
5826
5833
5837
5838
5839
5842
5848
5849
5851
5851
5857
5858
5858
5871
5887
5889
5892
5892
5895
5896
5905
5908
5913
5914
5919
5927
5930
5932
5938
5939
5939
5943
5947
5951
5954
5958
5967
5968
5972
5976
5981
5983
5984
5985
5988
5988
5989
5989
5992
5993
5997
6008
6018
6018
6020
6021
6025
6032
6032
6034
6038
6040
6045
6045
6046
6051
6055
6056
6061
6064
6068
6072
6073
6078
6090
6094
6100
6102
6104
6108
6111
6116
6119
6128
6132
6134
6141
6146
6149
6153
6155
6158
6158
6159
6159
6159
6167
6174
6174
6197
6198
6200
6201
6203
6215
6216
6219
6223
6224
6225
6227
6228
6232
6235
6244
6244
6250
6251
6256
6261
6266
6282
6287
6292
6293
6294
6295
6296
6304
6307
6307
6307
6308
6319
6321
6325
6331
6340
6342
6346
6346
6349
6353
6354
6355
6361
6375
6379
6380
6386
6389
6392
6399
6406
6407
6415
6418
6420
6422
6436
6437
6446
6453
6460
6469
6470
6474
6479
6480
6481
6482
6488
6489
6491
6492
6492
6494
6495
6498
6504
6507
6508
6509
6513
6521
6524
6528
6530
6531
6532
6538
6538
6545
6551
6552
6554
6556
6557
6559
6560
6563
6565
6574
6584
6585
6586
6588
6588
6591
6595
6595
6597
6611
6620
6627
6636
6639
6649
6659
6660
6664
6677
6683
6689
6690
6692
6693
6700
6701
6703
6705
6711
6712
6721
6724
6724
6730
6732
6738
6738
6739
6742
6744
6748
6753
6754
6758
6763
6772
6775
6783
6789
6797
6807
6812
6814
6822
6825
6828
6828
6833
6835
6839
6840
6840
6847
6847
6847
6848
6853
6857
6857
6860
6861
6862
6863
6863
6871
6875
6875
6894
6896
6900
6908
6918
6919
6919
6920
6921
6932
6933
6933
6938
6943
6944
6946
6954
6967
6972
6975
6976
6980
6981
6988
6988
6991
6996
6999
7002
7003
7010
7016
7018
7023
7025
7026
7029
7030
7033
7041
7043
7053
7062
7073
7073
7076
7079
7082
7104
7104
7111
7112
7120
7123
7132
7134
7135
7139
7140
7148
7150
7154
7156
7165
7175
7182
7199
7205
7206
7212
7215
7220
7228
7234
7237
7240
7240
7252
7254
7257
7261
7262
7267
7267
7274
7281
7284
7292
7293
7301
7302
7312
7328
7335
7337
7343
7344
7344
7347
7349
7352
7377
7377
7378
7380
7380
7381
7392
7407
7409
7410
7411
7420
7429
7435
7441
7442
7443
7448
7448
7449
7450
7451
7456
7459
7462
7467
7468
7476
7481
7486
7486
7488
7490
7498
7502
7506
7507
7507
7513
7514
7517
7525
7528
7529
7533
7542
7546
7546
7549
7551
7554
7555
7556
7560
7566
7574
7575
7583
7584
7586
7589
7589
7617
7618
7625
7631
7633
7634
7639
7640
7642
7646
7651
7652
7671
7679
7695
7695
7698
7698
7703
7706
7712
7712
7713
7719
7721
7723
7727
7735
7739
7747
7748
7749
7751
7758
7760
7761
7780
7781
7796
7800
7801
7803
7820
7822
7823
7823
7823
7832
7842
7850
7854
7860
7862
7862
7866
7870
7876
7887
7893
7895
7906
7913
7917
7917
7929
7930
7936
7939
7941
7946
7951
7952
7953
7962
7962
7963
7966
7967
7967
7968
7974
7980
7984
7987
7994
8002
8004
8008
8009
8021
8030
8035
8043
8054
8060
8082
8093
8093
8095
8102
8116
8125
8126
8126
8134
8134
8150
8162
8170
8172
8173
8178
8182
8182
8187
8189
8190
8192
8197
8201
8201
8205
8216
8218
8219
8221
8222
8224
8224
8236
8237
8238
8241
8243
8252
8252
8259
8294
8295
8305
8312
8312
8315
8317
8320
8323
8328
8329
8329
8334
8344
8355
8356
8359
8372
8376
8381
8386
8387
8389
8391
8398
8400
8400
8408
8410
8413
8415
8417
8425
8426
8438
8440
8447
8449
8454
8458
8460
8476
8482
8483
8487
8487
8490
8498
8500
8502
8506
8510
8514
8514
8519
8522
8541
8543
8544
8554
8554
8556
8563
8572
8575
8582
8591
8592
8597
8597
8598
8602
8614
8616
8619
8628
8630
8632
8635
8636
8640
8643
8654
8663
8673
8673
8678
8678
8679
8685
8695
8697
8700
8704
8707
8707
8709
8711
8714
8718
8718
8721
8726
8739
8741
8748
8750
8755
8755
8763
8768
8768
8770
8771
8772
8778
8780
8792
8795
8797
8798
8798
8805
8810
8820
8824
8829
8833
8835
8835
8835
8856
8857
8858
8863
8866
8876
8878
8880
8887
8895
8906
8909
8910
8916
8920
8920
8923
8923
8927
8930
8930
8934
8939
8955
8959
8964
8965
8967
8968
8979
8988
8989
8990
8991
8995
8995
8997
8997
8999
9006
9011
9016
9018
9022
9024
9028
9030
9037
9042
9043
9045
9045
9046
9047
9050
9051
9053
9058
9059
9063
9066
9076
9077
9079
9081
9087
9087
9096
9097
9101
9106
9110
9111
9114
9117
9117
9124
9125
9128
9131
9136
9138
9138
9149
9150
9155
9155
9164
9167
9170
9178
9182
9204
9205
9206
9211
9215
9216
9217
9222
9223
9225
9230
9233
9237
9238
9240
9250
9254
9256
9258
9267
9272
9272
9281
9284
9290
9290
9308
9318
9321
9329
9337
9337
9338
9338
9339
9341
9341
9344
9348
9349
9350
9352
9358
9366
9371
9379
9382
9384
9390
9393
9393
9399
9406
9411
9419
9421
9421
9424
9435
9437
9440
9444
9450
9450
9452
9453
9453
9463
9466
9470
9473
9474
9480
9481
9483
9485
9485
9490
9492
9497
9501
9503
9507
9508
9514
9515
9518
9518
9520
9521
9521
9525
9530
9532
9533
9534
9536
9537
9542
9549
9557
9557
9558
9558
9563
9566
9569
9572
9577
9581
9582
9583
9584
9588
9588
9590
9594
9595
9602
9603
9605
9614
9620
9627
9629
9638
9640
9648
9649
9651
9654
9656
9658
9659
9672
9672
9678
9682
9682
9682
9693
9700
9717
9719
9725
9730
9735
9739
9742
9749
9756
9756
9760
9764
9766
9767
9772
9776
9777
9784
9786
9792
9797
9800
9805
9805
9805
9808
9812
9828
9837
9839
9843
9850
9850
9851
9852
9853
9854
9856
9857
9858
9859
9873
9878
9880
9882
9883
9887
9893
9893
9904
9904
9905
9910
9911
9913
9921
9926
9931
9947
9952
9954
9959
9959
9959
9962
9966
9978
9990
10000
10000
10011
10012
10015
10031
10035
10035
10040
10048
10048
10049
10049
10051
10060
10064
10068
10070
10070
10070
10073
10073
10074
10077
10079
10086
10087
10088
10088
10090
10091
10095
10095
10096
10104
10105
10105
10116
10118
10123
10123
10126
10128
10131
10131
10138
10139
10148
10154
10155
10157
10165
10168
10170
10174
10178
10183
10186
10187
10192
10192
10199
10201
10202
10203
10206
10207
10208
10210
10213
10217
10218
10228
10232
10233
10240
10246
10250
10251
10260
10266
10266
10282
10289
10290
10298
10301
10312
10315
10317
10318
10324
10324
10331
10331
10342
10352
10355
10358
10362
10363
10363
10365
10370
10371
10372
10373
10377
10378
10394
10394
10399
10402
10406
10408
10414
10419
10420
10423
10427
10432
10438
10447
10457
10464
10482
10482
10485
10488
10500
10505
10512
10516
10519
10522
10522
10523
10523
10524
10525
10526
10533
10536
10557
10559
10563
10565
10567
10579
10585
10588
10590
10595
10599
10600
10601
10605
10610
10614
10624
10634
10635
10640
10648
10648
10661
10664
10666
10668
10670
10671
10678
10686
10687
10693
10698
10698
10702
10713
10715
10717
10737
10740
10759
10765
10770
10773
10784
10787
10788
10790
10800
10801
10822
10824
10824
10838
10841
10843
10844
10847
10848
10856
10857
10859
10860
10865
10868
10868
10872
10874
10878
10880
10881
10893
10900
10901
10903
10906
10912
10924
10926
10932
10936
10940
10942
10942
10952
10956
10970
10974
10984
10986
10987
10987
10992
10997
11004
11005
11006
11006
11006
11020
11020
11021
11022
11039
11044
11045
11047
11055
11062
11077
11080
11083
11086
11088
11089
11097
11098
11101
11103
11106
11106
11108
11109
11110
11114
11116
11116
11116
11121
11121
11128
11129
11131
11132
11132
11137
11139
11142
11146
11147
11152
11153
11156
11156
11163
11168
11168
11169
11173
11177
11180
11186
11194
11197
11199
11199
11200
11201
11210
11221
11222
11223
11228
11242
11250
11250
11251
11254
11254
11256
11257
11268
11269
11270
11271
11276
11278
11278
11283
11284
11289
11293
11296
11301
11302
11304
11308
11315
11327
11334
11334
11335
11336
11344
11345
11347
11350
11350
11357
11360
11372
11375
11382
11385
11390
11391
11395
11396
11396
11403
11403
11404
11409
11409
11414
11420
11421
11422
11435
11436
11441
11443
11444
11451
11452
11454
11455
11455
11459
11462
11476
11481
11495
11497
11498
11499
11503
11510
11511
11512
11513
11514
11527
11528
11529
11539
11541
11549
11569
11570
11572
11583
11586
11587
11595
11596
11599
11600
11602
11602
11603
11611
11620
11637
11639
11639
11640
11642
11650
11650
11661
11662
11662
11673
11674
11674
11680
11682
11685
11687
11690
11692
11694
11695
11697
11715
11718
11720
11722
11733
11738
11741
11742
11742
11746
11749
11757
11758
11759
11771
11773
11774
11780
11791
11807
11813
11814
11821
11825
11830
11833
11839
11840
11844
11847
11851
11854
11857
11857
11864
11872
11873
11875
11881
11884
11889
11895
11900
11903
11903
11905
11914
11918
11921
11927
11929
11934
11939
11943
11945
11946
11947
11948
11950
11954
11963
11967
11975
11978
11984
11987
11988
11993
11994
12001
12002
12014
12015
12016
12018
12022
12024
12029
12030
12031
12038
12046
12047
12048
12052
12054
12059
12062
12073
12077
12081
12083
12083
12096
12104
12110
12115
12117
12129
12137
12143
12151
12156
12159
12164
12171
12179
12180
12183
12186
12187
12193
12193
12198
12201
12207
12211
12213
12227
12245
12245
12248
12248
12248
12248
12255
12256
12257
12258
12259
12261
12264
12265
12265
12267
12268
12268
12269
12272
12272
12277
12280
12282
12286
12290
12291
12293
12296
12298
12301
12302
12302
12309
12316
12324
12333
12348
12351
12351
12358
12368
12376
12378
12379
12382
12383
12384
12384
12394
12420
12421
12421
12422
12427
12428
12429
12431
12438
12450
12455
12456
12460
12460
12460
12470
12471
12473
12475
12476
12481
12490
12491
12491
12492
12493
12500
12508
12509
12522
12525
12532
12533
12537
12537
12540
12543
12547
12550
12551
12553
12559
12562
12568
12576
12578
12579
12582
12585
12592
12607
12617
12618
12624
12629
12633
12637
12649
12650
12654
12665
12673
12674
12676
12677
12684
12687
12695
12699
12699
12704
12710
12714
12722
12722
12735
12741
12742
12744
12745
12746
12746
12750
12753
12758
12759
12759
12787
12791
12792
12795
12796
12800
12801
12812
12814
12816
12827
12831
12842
12845
12846
12847
12851
12855
12859
12866
12867
12873
12875
12878
12880
12884
12886
12887
12888
12889
12895
12903
12920
12924
12924
12926
12933
12938
12945
12946
12959
12960
12969
12972
12973
12976
12978
12979
12979
12979
12982
12987
12990
12994
12995
12998
13005
13008
13011
13013
13013
13017
13018
13022
13024
13026
13027
13027
13032
13034
13034
13046
13046
13054
13054
13069
13071
13073
13079
13081
13092
13095
13098
13100
13108
13111
13113
13113
13115
13115
13120
13129
13138
13142
13142
13156
13162
13170
13171
13174
13178
13180
13181
13181
13184
13193
13200
13200
13210
13213
13218
13222
13223
13223
13226
13227
13229
13230
13231
13238
13244
13246
13251
13253
13263
13270
13273
13276
13277
13281
13291
13295
13296
13297
13297
13300
13305
13311
13317
13318
13318
13323
13331
13332
13332
13334
13336
13340
13348
13355
13367
13369
13371
13374
13381
13382
13387
13387
13410
13420
13426
13427
13433
13433
13433
13435
13436
13437
13445
13445
13446
13446
13446
13447
13449
13453
13453
13454
13456
13459
13464
13480
13483
13493
13496
13497
13498
13500
13500
13503
13504
13507
13508
13509
13512
13513
13516
13517
13518
13518
13528
13537
13538
13542
13548
13552
13559
13564
13570
13571
13572
13578
13585
13606
13607
13609
13611
13612
13613
13616
13621
13622
13625
13628
13633
13633
13637
13642
13645
13648
13653
13653
13659
13662
13666
13669
13674
13676
13679
13681
13683
13687
13688
13688
13690
13690
13702
13703
13704
13705
13708
13722
13723
13723
13724
13730
13732
13735
13743
13752
13753
13753
13754
13756
13759
13762
13766
13770
13770
13771
13773
13782
13789
13798
13802
13808
13809
13809
13811
13813
13814
13816
13816
13818
13821
13821
13826
13826
13826
13834
13835
13843
13846
13847
13847
13868
13875
13876
13879
13890
13891
13896
13896
13903
13904
13906
13918
13922
13927
13943
13945
13948
13953
13958
13960
13960
13960
13977
13988
13989
13991
13993
13994
14001
14001
14003
14003
14011
14012
14018
14019
14023
14024
14030
14031
14036
14039
14044
14045
14048
14052
14053
14063
14066
14066
14068
14068
14075
14076
14077
14079
14079
14084
14086
14086
14102
14103
14105
14113
14113
14115
14115
14119
14121
14125
14126
14140
14141
14145
14145
14146
14146
14147
14155
14157
14177
14186
14190
14191
14201
14208
14210
14213
14215
14220
14227
14227
14232
14234
14236
14236
14237
14241
14241
14244
14245
14247
14250
14250
14254
14261
14270
14283
14284
14286
14291
14315
14319
14322
14322
14323
14325
14327
14331
14332
14339
14347
14351
14352
14353
14354
14354
14361
14364
14366
14367
14369
14373
14374
14377
14379
14390
14394
14396
14403
14410
14416
14416
14417
14423
14433
14437
14444
14445
14448
14450
14459
14462
14465
14479
14481
14483
14488
14503
14506
14514
14517
14528
14528
14530
14537
14539
14543
14544
14549
14551
14552
14557
14559
14570
14572
14576
14579
14583
14586
14588
14591
14592
14592
14593
14595
14596
14600
14604
14612
14613
14616
14623
14626
14631
14644
14645
14645
14648
14651
14657
14660
14671
14671
14677
14677
14680
14681
14687
14700
14700
14710
14714
14718
14720
14722
14722
14730
14738
14746
14746
14747
14748
14755
14756
14757
14769
14769
14772
14774
14780
14783
14784
14786
14795
14796
14797
14797
14800
14803
14804
14805
14806
14806
14806
14807
14811
14812
14816
14822
14828
14828
14832
14837
14841
14846
14851
14852
14872
14874
14877
14883
14883
14889
14892
14894
14894
14897
14900
14903
14918
14920
14923
14932
14940
14946
14947
14958
14962
14966
14967
14969
14970
14974
14984
14988
14989
14994
14996
14998
15007
15007
15008
15010
15011
15023
15033
15037
15039
15043
15044
15048
15063
15064
15066
15068
15071
15072
15079
15080
15081
15098
15103
15105
15108
15121
15129
15136
15139
15139
15151
15162
15172
15173
15174
15177
15178
15181
15182
15183
15185
15186
15195
15198
15203
15204
15207
15207
15210
15215
15220
15223
15225
15226
15229
15233
15234
15240
15254
15258
15270
15275
15282
15299
15303
15309
15309
15322
15323
15323
15327
15328
15340
15342
15347
15347
15349
15354
15366
15374
15378
15379
15380
15384
15386
15389
15389
15390
15395
15401
15402
15421
15422
15428
15429
15431
15441
15451
15452
15460
15460
15468
15468
15485
15489
15497
15498
15499
15499
15502
15505
15505
15507
15510
15514
15515
15516
15520
15523
15532
15537
15547
15547
15550
15554
15558
15560
15563
15568
15573
15576
15576
15577
15581
15593
15594
15600
15603
15613
15616
15622
15624
15627
15630
15642
15645
15645
15650
15652
15656
15658
15671
15671
15677
15687
15695
15696
15698
15698
15705
15709
15713
15717
15718
15720
15723
15726
15726
15728
15728
15732
15735
15736
15753
15757
15761
15764
15767
15769
15775
15775
15781
15787
15789
15791
15791
15794
15801
15804
15805
15806
15808
15810
15823
15825
15827
15828
15830
15834
15837
15839
15842
15851
15851
15852
15852
15857
15861
15866
15871
15875
15876
15883
15886
15888
15899
15913
15915
15925
15931
15943
15945
15945
15946
15948
15949
15949
15952
15961
15963
15965
15968
15969
15971
15979
15983
15986
15988
15988
15995
15999
