420
3423
3424
3424
3425
3426
3426
3428
3429
3429
3430
3432
3433
3434
3436
3436
3436
3438
3438
3440
3442
3442
3443
3444
3445
3446
3447
3447
3449
3450
3450
3451
3452
3455
3456
3456
3457
3457
3459
3461
3461
3463
3464
3464
3465
3466
3468
3468
3469
3469
3470
3472
3474
3475
3475
3476
3477
3478
3479
3481
3481
3483
3484
3484
3485
3486
3487
3488
3489
3491
3491
3492
3492
3493
3494
3496
3497
3499
3499
3499
3500
3501
3503
3504
3505
3506
3507
3508
3508
3510
3510
3512
3513
3515
3515
3515
3517
3518
3520
3520
3521
3523
3523
3524
3524
3526
3526
3528
3529
3530
3531
3533
3534
3535
3536
3536
3538
3539
3539
3540
3540
3542
3542
3544
3545
3546
3546
3548
3549
3551
3552
3552
3554
3554
3554
3556
3557
3558
3558
3560
3560
3561
3563
3563
3565
3566
3566
3568
3568
3570
3572
3572
3572
3573
3574
3575
3576
3577
3580
3580
3580
3582
3582
3584
3585
3586
3586
3589
3589
3590
3591
3593
3593
3594
3594
3595
3597
3597
3599
3600
3602
3603
3603
3604
3605
3606
3607
3608
3608
3609
3610
3612
3612
3613
3614
3617
3617
3618
3618
3620
3620
3623
3623
3625
3626
3626
3627
3627
3628
3629
3631
3631
3632
3633
3634
3636
3636
3638
3638
3640
3641
3642
3644
3645
3645
3646
3647
3648
3648
3649
3650
3651
3653
3654
3655
3656
3658
3659
3660
3660
3662
3662
3663
3663
3666
3667
3668
3669
3669
3670
3671
3672
3672
3673
3674
3676
3677
3677
3679
3679
3681
3683
3683
3684
3685
3686
3688
3688
3689
3690
3691
3692
3693
3695
3695
3695
3697
3698
3699
3700
3700
3702
3703
3705
3705
3707
3708
3709
3709
3709
3710
3712
3713
3715
3715
3716
3717
3717
3720
3720
3720
3721
3724
3724
3726
3726
3727
3729
3730
3731
3732
3732
3732
3734
3734
3737
3737
3739
3740
3741
3741
3742
3743
3744
3746
3746
3746
3748
3749
3749
3752
3753
3753
3755
3755
3756
3756
3758
3758
3759
3760
3761
3764
3764
3766
3766
3767
3768
3769
3770
3770
3773
3773
3773
3774
3776
3777
3778
3780
3780
3782
3782
3783
3784
3784
3786
3787
3788
3789
3790
3792
3792
3794
3794
3796
3796
3797
3798
3798
3799
3801
3802
3802
3803
3806
3806
3807
3808
3809
3810
3810
3812
3813
3814
3815
3817
3817
3819
3819
3820
3821
3822
3823
3824
3825
3826
3828
3828
3830
3831
3832
3832
3833
3833
3835
3836
3837
3839
3839
3840
3841
3842
3843
3844
3844
3845
3848
3848
3848
3850
3851
3851
3853
3854
3855
3855
3857
3858
3860
3860
3860
3862
3862
3863
3866
3866
3867
3868
3869
3869
3870
3872
3873
3875
3875
3876
3877
3878
3878
3880
3881
3882
3884
3885
3885
3885
3887
3888
3889
3890
3892
3892
3892
3895
3895
3897
3897
3897
3899
3900
3901
3903
3903
3905
3906
3907
3907
3908
3909
3909
3911
3912
3912
3914
3915
3916
3918
3919
3919
3920
3920
3922
3922
3924
3924
3926
3927
3928
3928
3931
3931
3931
3933
3934
3935
3935
3936
3939
3939
3940
3940
3942
3942
3943
3945
3947
3948
3948
3949
3950
3951
3952
3954
3955
3955
3955
3957
3957
3959
3960
3961
3962
3962
3964
3966
3967
3967
3967
3969
3969
3970
3972
3973
3974
3974
3976
3977
3978
3979
3981
3981
3982
3983
3984
3984
3986
3987
3987
3988
3991
3992
3992
3992
3994
3995
3995
3997
3998
3999
4000
