1
6621
6623
6625
6625
6626
6627
6628
6629
6630
6630
6632
6633
6633
6636
6637
6637
6638
6638
6641
6641
6642
6642
6644
6644
6647
6647
6649
6649
6650
6650
6651
6652
6654
6654
6656
6658
6658
6659
6660
6661
6662
6662
6663
6666
6667
6668
6668
6668
6670
6671
6671
6672
6674
6675
6676
6678
6678
6680
6680
6681
6682
6684
6685
6685
6686
6687
6689
6690
6691
6691
6692
6693
6694
6695
6695
6698
6699
6700
6700
6701
6702
6703
6704
6705
6706
6706
6708
6709
6710
6711
6712
6714
6714
6716
6717
6717
6717
6720
6720
6720
6721
6724
6724
6724
6727
6728
6728
6728
6731
6732
6733
6733
6734
6734
6735
6737
6738
6739
6740
6741
6742
6744
6744
6744
6746
6747
6749
6749
6750
6751
6751
6753
6754
6755
6756
6756
6758
6759
6759
6760
6762
6763
6764
6766
6766
6767
6769
6769
6771
6772
6772
6772
6773
6775
6776
6777
6778
6779
6780
6782
6783
6783
6784
6785
6786
6788
6788
6788
6790
6790
6793
6794
6794
6795
6796
6797
6799
6800
6801
6801
6803
6803
6803
6806
6807
6807
6808
6809
6810
6811
6811
6813
6814
6815
6816
6818
6818
6818
6821
6822
6822
6824
6824
6825
6825
6827
6828
6828
6830
6830
6833
6834
6834
6835
6837
6837
6839
6839
6841
6841
6841
6844
6844
6845
6847
6847
6848
6849
6849
6850
6852
6853
6853
6854
6856
6856
6857
6860
6860
6862
6862
6864
6865
6865
6867
6867
6868
6869
6870
6872
6872
6873
6873
6875
6877
6877
6878
6880
6881
6881
6882
6882
6883
6884
6886
6887
6888
6888
6889
6891
6891
6893
6894
6894
6895
6897
6898
6898
6901
6901
6902
6903
6904
6905
6906
6907
6908
6908
6910
6910
6913
6913
6915
6915
6917
6917
6919
6919
6921
6922
6923
6923
6924
6924
6925
6926
6928
6929
6931
6931
6931
6932
6935
6936
6936
6937
6938
6938
6939
6941
6942
6943
6943
6945
6945
6946
6949
6949
6950
6952
6952
6953
6955
6956
6956
6956
6958
6960
6960
6960
6961
6963
6964
6964
6967
6967
6967
6968
6970
6971
6972
6973
6975
6975
6976
6978
6979
6979
6981
6982
6982
6984
6984
6985
6987
6988
6988
6988
6990
6990
6991
6993
6994
6994
6995
6998
6998
6999
6999
7002
7002
7002
7003
7005
7006
7007
7008
7009
7010
7011
7013
7013
7014
7014
7016
7017
7018
7019
7020
7021
7021
7023
7024
7025
7025
7027
7029
7030
7030
7032
7032
7033
7033
7034
7036
7037
7038
7039
7041
7042
7043
7043
7043
7045
7047
7048
7048
7049
7050
7052
7052
7054
7055
7055
7056
7058
7058
7058
7060
7061
7061
7063
7064
7064
7065
7066
7068
7069
7070
7070
7072
7073
7075
7076
7077
7077
7079
7079
7080
7081
7082
7084
7084
7085
7087
7088
7088
7088
7089
7090
7091
7092
7093
7095
7096
7096
7098
7100
7100
7101
7103
7103
7104
7106
7106
7107
7108
7109
7109
7112
7113
7114
7114
7115
7115
7117
7117
7120
7120
7121
7122
7123
7124
7124
7127
7128
7128
7128
7131
7131
7132
7134
7134
7135
7135
7136
7139
7139
7140
7140
7143
7143
7144
7145
7145
7146
7148
7149
7149
7150
7153
7154
7154
7154
7155
7157
7158
7160
7160
7161
7162
7162
7163
7165
7166
7167
7169
7169
7169
7171
7172
7172
7173
7175
7176
7178
7178
7179
7179
7182
7182
7183
7185
7185
7186
7186
7189
7189
7190
7190
7191
7193
7195
7195
7196
7196
7197
7200
7200
7201
7201
7202
7205
7206
7207
7208
7208
7209
7211
7211
7212
7213
7214
7215
7217
7218
7218
7220
7220
7221
7221
7222
7223
7224
7225
7226
7227
7228
7231
7231
7232
7233
7235
7235
7236
7237
7238
7239
7239
7241
7242
7243
7244
7245
7247
7247
7248
7249
7250
7252
7253
7253
7254
7255
7256
7257
7258
7260
7261
7262
7262
7262
7264
7265
7267
7267
7267
7269
7270
7270
7272
7273
7274
7275
7277
7278
7278
7279
7280
7281
7282
7282
7283
7285
7286
7287
7289
7289
7289
7292
7292
7292
7295
7296
7297
7298
7298
7298
7300
7301
7302
7303
7305
7305
7306
7308
7309
7309
7310
7310
7312
7313
7314
7314
7315
7317
7318
7318
7319
7321
7323
7323
7325
7325
7326
7327
7328
7328
7329
7330
7332
7333
7334
7335
7336
7337
7338
7338
7341
7341
7342
7342
7343
7346
7346
7347
7347
7350
7350
7350
7352
7353
7355
7355
7356
7357
7357
7358
7360
7360
7361
7363
7364
7366
7366
7367
7368
7369
7371
7371
7372
7373
7374
7375
7377
7378
7379
7380
7380
7380
7381
7382
7384
7386
7386
7387
7388
7388
7390
7392
7393
7394
7395
7396
7397
7397
7398
7400
7400
7400
7402
7403
7404
7405
7406
7407
7407
7408
7411
7412
7412
7413
7414
7414
7415
7416
7418
7419
7420
7420
7422
7422
7425
7425
7425
7428
7429
7429
7430
7431
7431
7434
7435
7436
7436
7437
7437
7439
7441
7442
7442
7442
7443
7444
7446
7447
7447
7449
7451
7451
7452
7453
7455
7455
7456
7458
7458
7458
7460
7461
7461
7463
7464
7466
7466
7468
7468
7470
7470
7471
7472
7473
7474
7475
7475
7478
7478
7479
7479
7481
7481
7484
7484
7484
7485
7487
7488
7489
7490
7491
7492
7492
7494
7494
7495
7496
7497
7500
7501
7501
7502
7504
7505
7506
7506
7507
7508
7509
7511
7512
7512
7512
7514
7515
7516
7517
7518
7519
7520
7521
7522
7523
7524
7526
7527
7527
7529
7530
7530
7530
7532
7532
7535
7535
7536
7537
7539
7539
7541
7541
7542
7542
7544
7545
7546
7548
7548
7549
7550
7550
7553
7553
7554
7555
7555
7557
7558
7559
7560
7560
7562
7563
7563
7565
7566
7567
7569
7569
7571
7572
7572
7572
7575
7576
7576
7577
7579
7580
7580
7581
7583
7584
7585
7586
7586
7587
7588
7589
7591
7591
7593
7593
7594
7595
7595
7598
7599
7600
7600
7601
7602
7603
7604
7605
7606
7606
7608
7609
7611
7612
7612
7613
7614
7614
7616
7618
7619
7620
7621
7621
7621
7624
7624
7624
7625
7627
7629
7630
7630
7631
7633
7633
7634
7636
7636
7637
7638
7639
7640
7641
7641
7642
7644
7645
7646
7647
7648
7649
7650
7651
7651
7654
7654
7655
7657
7657
7657
7660
7660
7661
7661
7664
7665
7665
7666
7667
7668
7670
7670
7671
7673
7673
7675
7675
7675
7678
7679
7680
7680
7680
7681
7682
7685
7686
7687
7687
7688
7688
7689
7690
7692
7693
7693
7694
7696
7697
7698
7698
7701
7701
7702
7703
7703
7705
7706
7707
7708
7708
7709
7711
7712
7713
7713
7714
7715
7716
7718
7719
7720
7720
7721
7723
7724
7725
7726
7728
7728
7728
7731
7731
7733
7733
7733
7734
7737
7738
7739
7739
7740
7741
7743
7743
7743
7746
7746
7747
7749
7749
7750
7750
7751
7752
7753
7754
7756
7757
7757
7758
7760
7760
7763
7763
7764
7764
7767
7767
7767
7769
7770
7771
7772
7773
7774
7774
7776
7776
7779
7780
7780
7780
7781
7783
7784
7785
7785
7786
7788
7788
7790
7791
7791
7793
7795
7796
7797
7798
7798
7800
7800
7802
7803
7804
7805
7805
7805
7807
7808
7809
7810
7810
7812
7813
7813
7816
7816
7817
7817
7819
7820
7821
7822
7824
7824
7824
7826
7827
7829
7829
7829
7831
7832
7832
7835
7836
7836
7837
7838
7839
7840
7842
7842
7843
7844
7845
7846
7846
7849
7849
7851
7851
7852
7852
7854
7856
7856
7857
7857
7859
7861
7861
7862
7864
7864
7865
7866
7867
7868
7868
7870
7871
7872
7873
7874
7876
7876
7877
7878
7878
7880
7881
7882
7883
7884
7885
7886
7886
7889
7889
7890
7891
7891
7892
7894
7894
7896
7897
7898
7900
7900
7902
7902
7903
7903
7906
7906
7907
7907
7909
7910
7911
7912
7912
7913
7915
7916
7917
7918
7919
7920
7920
7921
7924
7924
7925
7926
7927
7928
7929
7929
7930
7932
7934
7935
7935
7937
7937
7938
7939
7940
7941
7942
7943
7945
7945
7947
7947
7949
7949
7951
7951
7952
7953
7954
7954
7956
7956
7958
7958
7960
7961
7962
7963
7964
7965
7965
7967
7969
7969
7969
7970
7971
7973
7973
7974
7977
7978
7978
7979
7980
7980
7982
7983
7984
7985
7986
7987
7987
7989
7991
7991
7991
7993
7994
7995
7995
7998
7999
8000
8001
