8
12517
12519
12521
12521
12522
12523
12523
12524
12525
12528
12529
12529
12530
12531
12531
12533
12533
12535
12536
12537
12538
12539
12540
12541
12541
12543
12545
12545
12545
12548
12548
12548
12550
12551
12551
12553
12553
12556
12556
12557
12558
12559
12560
12561
12562
12563
12564
12565
12565
12566
12569
12569
12570
12571
12572
12572
12573
12575
12577
12577
12578
12578
12581
12582
12582
12582
12584
12586
12587
12587
12587
12588
12589
12590
12593
12594
12594
12595
12596
12598
12599
12599
12601
12602
12602
12603
12603
12604
12607
12608
12608
12609
12609
12611
12611
12614
12614
12614
12617
12617
12618
12618
12620
12621
12621
12623
12624
12624
12625
12627
12627
12628
12631
12631
12632
12633
12634
12634
12635
12637
12638
12638
12640
12641
12642
12643
12644
12645
12646
12647
12649
12650
12650
12650
12652
12653
12653
12655
12656
12656
12658
12659
12661
12661
12662
12664
12665
12665
12666
12666
12668
12669
12669
12671
12672
12674
12674
12676
12676
12678
12678
12679
12680
12682
12682
12683
12685
12685
12685
12687
12687
12690
12691
12692
12692
12692
12694
12695
12695
12696
12699
12699
12699
12700
12702
12702
12703
12704
12706
12707
12709
12709
12710
12711
12712
12713
12715
12716
12716
12717
12718
12719
12720
12721
12723
12724
12725
12726
12726
12728
12729
12729
12729
12732
12732
12734
12734
12735
12735
12737
12738
12738
12740
12741
12742
12743
12744
12745
12745
12747
12749
12750
12750
12750
12751
12753
12754
12755
12756
12757
12758
12759
12759
12760
12762
12763
12763
12765
12766
12767
12769
12769
12771
12771
12773
12774
12775
12775
12775
12776
12777
12778
12779
12781
12782
12783
12783
12785
12786
12787
12787
12788
12789
12790
12792
12794
12794
12795
12796
12798
12798
12799
12800
12800
12802
12803
12803
12805
12807
12808
12809
12809
12810
12810
12813
12814
12814
12815
12816
12816
12819
12819
12820
12822
12822
12823
12824
12824
12826
12826
12827
12828
12831
12831
12833
12833
12835
12835
12836
12836
12838
12838
12841
12842
12842
12844
12844
12846
12847
12847
12848
12849
12850
12851
12853
12853
12854
12855
12855
12857
12859
12859
12861
12861
12863
12863
12865
12866
12866
12868
12868
12869
12869
12870
12871
12873
12875
12875
12876
12878
12878
12879
12880
12881
12882
12882
12884
12885
12887
12887
12888
12889
12891
12891
12893
12893
12894
12896
12896
12897
12897
12900
12900
12901
12902
12903
12903
12906
12907
12907
12907
12908
12910
12911
12913
12913
12914
12914
12916
12918
12918
12918
12921
12921
12923
12923
12923
12924
12926
12926
12927
12930
12931
12932
12933
12933
12934
12936
12937
12938
12939
12940
12940
12940
12942
12943
12943
12944
12947
12947
12948
12948
12949
12951
12952
12952
12954
12955
12956
12957
12958
12959
12959
12961
12962
12964
12964
12965
12965
12967
12968
12969
12970
12971
12971
12973
12974
12975
12976
12976
12977
12978
12980
12981
12981
12982
12984
12985
12986
12987
12988
12988
12990
12990
12992
12994
12994
12994
12997
12998
12999
12999
13000
13001
13001
13002
13005
13006
13006
13007
13007
13009
13010
13010
13013
13013
13014
13015
13016
13017
13018
13018
13020
13021
13022
13022
13025
13026
13026
13027
13028
13028
13029
13031
13031
13032
13034
13034
13035
13038
13039
13039
13040
13040
13043
13043
13043
13045
13046
13048
13048
13049
13049
13051
13052
13053
13054
13054
13056
13056
13057
13058
13059
13060
13062
13063
13064
13064
13067
13067
13068
13069
13069
13072
13073
13073
13074
13074
13076
13077
13077
13079
13080
13081
13083
13083
13084
13084
13086
13087
13088
13090
13090
13091
13091
13092
13093
13096
13096
13098
13098
13099
13099
13101
13102
13104
13104
13105
13105
13107
13108
13108
13111
13111
13112
13114
13114
13115
13115
13117
13118
13120
13120
13122
13122
13124
13125
13125
13126
13127
13128
13128
13129
13131
13133
13134
13135
13135
13136
13137
13138
13139
13140
13140
13143
13143
13144
13145
13146
13147
13149
13149
13150
13151
13152
13154
13154
13156
13156
13156
13158
13160
13161
13162
13162
13164
13165
13165
13166
13167
13169
13170
13170
13171
13171
13173
13174
13174
13177
13178
13179
13179
13180
13181
13182
13182
13183
13185
13186
13187
13188
13190
13190
13191
13191
13193
13193
13195
13196
13198
13198
13200
13200
13201
13201
13204
13204
13205
13205
13206
13207
13208
13209
13210
13212
13213
13215
13215
13216
13218
13218
13220
13220
13221
13221
13222
13223
13225
13226
13227
13227
13229
13230
13231
13232
13232
13235
13236
13236
13237
13238
13239
13239
13241
13242
13243
13244
13244
13247
13247
13248
13248
13250
13250
13253
13253
13253
13255
13256
13256
13257
13258
13260
13261
13262
13263
13263
13264
13265
13268
13268
13269
13269
13271
13272
13272
13275
13275
13275
13277
13277
13278
13279
13282
13282
13282
13284
13286
13287
13287
13288
13288
13289
13290
13291
13293
13294
13295
13295
13298
13298
13299
13300
13302
13302
13302
13305
13305
13306
13306
13309
13310
13310
13311
13312
13313
13313
13315
13316
13316
13317
13319
13320
13322
13322
13323
13324
13326
13326
13327
13328
13329
13329
13330
13331
13333
13334
13334
13336
13337
13337
13338
13339
13340
13341
13344
13344
13345
13346
13346
13349
13350
13351
13351
13352
13354
13354
13356
13356
13357
13358
13358
13361
13362
13362
13363
13363
13364
13366
13366
13368
13370
13370
13371
13371
13374
13374
13376
13376
13378
13379
13380
13381
13381
13381
13383
13383
13386
13386
13386
13388
13388
13390
13390
13392
13393
13394
13394
13396
13397
13398
13398
13399
13400
13401
13403
13405
13405
13405
13407
13408
13409
13410
13410
13412
13412
13415
13415
13416
13417
13417
13420
13420
13421
13422
13423
13425
13426
13427
13427
13429
13429
13429
13430
13432
13432
13434
13434
13437
13437
13439
13439
13440
13442
13442
13443
13443
13444
13445
13447
13448
13448
13449
13450
13451
13452
13454
13455
13455
13457
13459
13459
13460
13461
13462
13462
13464
13464
13467
13467
13469
13469
13469
13472
13472
13473
13475
13475
13476
13476
13478
13480
13481
13481
13482
13483
13484
13485
13486
13487
13488
13489
13491
13492
13492
13493
13494
13494
13496
13497
13499
13500
13501
13502
13502
13503
13503
13505
13507
13508
13508
13508
13510
13510
13512
13514
13514
13515
13515
13517
13517
13520
13520
13521
13522
13523
13525
13526
13527
13527
13527
13529
13529
13530
13532
13534
13535
13535
13536
13537
13538
13539
13540
13540
13542
13543
13543
13545
13546
13547
13548
13548
13550
13551
13551
13552
13554
13555
13555
13557
13558
13559
13560
13560
13561
13563
13563
13565
13566
13567
13568
13569
13570
13571
13572
13573
13574
13574
13576
13577
13577
13579
13580
13581
13581
13582
13585
13585
13586
13586
13588
13588
13589
13591
13591
13592
13593
13594
13596
13597
13598
13599
13601
13601
13602
13602
13604
13605
13607
13608
13608
13609
13610
13610
13611
13612
13614
13614
13615
13617
13618
13620
13620
13621
13622
13623
13624
13626
13627
13627
13627
13628
13629
13630
13631
13632
13634
13634
13636
13637
13637
13638
13641
13642
13642
13644
13645
13645
13646
13647
13649
13649
13650
13650
13653
13653
13653
13655
13655
13657
13658
13658
13660
13661
13663
13663
13664
13664
13666
13667
13668
13670
13671
13671
13672
13672
13674
13676
13676
13678
13678
13678
13679
13680
13681
13683
13684
13685
13685
13688
13688
13689
13689
13692
13693
13694
13694
13695
13695
13697
13699
13700
13700
13701
13701
13702
13703
13705
13706
13707
13709
13709
13710
13712
13713
13714
13714
13715
13716
13717
13718
13718
13719
13720
13721
13723
13724
13725
13727
13727
13728
13730
13731
13731
13732
13734
13734
13735
13737
13737
13738
13739
13740
13741
13743
13743
13743
13744
13747
13747
13748
13748
13751
13752
13752
13753
13754
13756
13756
13757
13758
13759
13761
13761
13762
13762
13765
13766
13767
13768
13769
13769
13770
13771
13771
13774
13775
13776
13776
13778
13779
13779
13781
13781
13782
13784
13784
13785
13787
13787
13787
13789
13790
13790
13792
13793
13794
13795
13796
13798
13798
13799
13800
13801
13802
13803
13804
13805
13805
13806
13809
13810
13810
13811
13812
13813
13815
13816
13817
13817
13818
13819
13821
13821
13822
13823
13823
13824
13827
13827
13828
13829
13829
13831
13832
13832
13835
13835
13836
13837
13838
13839
13840
13841
13843
13844
13845
13846
13846
13848
13848
13849
13850
13850
13851
13852
13855
13855
13855
13857
13857
13859
13859
13860
13861
13863
13864
13864
13866
13867
13868
13870
13870
13872
13872
13873
13874
13876
13877
13878
13879
13879
13880
13880
13882
13882
13883
13885
13886
13887
13888
13890
13891
13891
13891
13892
13895
13895
13896
13897
13898
13899
13899
13901
13902
13904
13905
13906
13907
13908
13909
13909
13910
13911
13911
13912
13914
13915
13916
13917
13918
13920
13920
13921
13922
13924
13924
13925
13927
13928
13929
13930
13930
13931
13932
13933
13934
13934
13936
13936
13937
13939
13940
13941
13942
13943
13944
13944
13947
13947
13948
13949
13950
13951
13951
13953
13955
13955
13957
13958
13958
13959
13960
13961
13961
13964
13964
13965
13966
13966
13969
13970
13970
13971
13971
13972
13974
13974
13976
13977
13979
13980
13980
13980
13981
13982
13984
13984
13986
13988
13988
13989
13991
13991
13992
13992
13994
13995
13996
13997
13998
13999
13999
14001
14002
14002
14004
14005
14006
14006
14008
14009
14009
14011
14012
14014
14014
14014
14017
14017
14018
14019
14021
14022
14022
14023
14023
14025
14027
14028
14028
14029
14030
14030
14033
14034
14035
14035
14036
14036
14038
14038
14041
14041
14043
14043
14043
14045
14046
14046
14047
14050
14050
14051
14053
14053
14054
14054
14057
14058
14059
14060
14060
14060
14062
14062
14063
14064
14066
14067
14068
14070
14070
14071
14072
14073
14074
14076
14076
14076
14077
14079
14080
14081
14081
14084
14084
14084
14085
14087
14087
14088
14090
14092
14093
14093
14094
14094
14095
14097
14099
14099
14099
14102
14102
14103
14104
14105
14106
14107
14109
14109
14110
14112
14112
14113
14113
14116
14117
14117
14118
14119
14120
14120
14123
14123
14123
14126
14126
14127
14129
14130
14130
14131
14132
14133
14134
14134
14136
14137
14138
14138
14141
14141
14141
14143
14143
14144
14146
14147
14149
14149
14150
14150
14153
14153
14153
14156
14156
14156
14157
14158
14160
14161
14162
14163
14163
14166
14167
14167
14167
14168
14170
14171
14172
14174
14174
14175
14175
14177
14178
14180
14181
14182
14182
14183
14184
14185
14186
14188
14189
14190
14190
14191
14193
14193
14194
14196
14196
14197
14198
14200
14201
14201
14201
14203
14204
14205
14206
14207
14208
14209
14210
14211
14212
14212
14214
14216
14216
14217
14219
14219
14219
14220
14221
14223
14224
14225
14225
14226
14229
14230
14231
14231
14231
14234
14234
14236
14236
14237
14239
14239
14240
14241
14243
14243
14244
14245
14247
14248
14248
14249
14251
14251
14252
14253
14254
14255
14256
14256
14258
14259
14261
14261
14261
14263
14264
14265
14266
14267
14267
14268
14270
14270
14273
14273
14275
14276
14277
14277
14277
14280
14280
14282
14282
14283
14285
14285
14286
14287
14288
14289
14289
14292
14292
14293
14294
14295
14295
14297
14298
14298
14299
14302
14303
14303
14304
14305
14306
14307
14308
14309
14310
14310
14313
14314
14314
14315
14316
14317
14318
14319
14319
14321
14322
14322
14323
14326
14326
14327
14329
14330
14330
14330
14332
14332
14335
14335
14336
14337
14338
14340
14340
14340
14343
14343
14343
14344
14345
14347
14348
14349
14349
14351
14353
14353
14354
14356
14356
14357
14357
14359
14360
14362
14362
14362
14364
14365
14365
14367
14368
14368
14370
14372
14372
14373
14375
14376
14376
14378
14379
14379
14380
14382
14382
14382
14384
14384
14385
14387
14388
14389
14390
14391
14391
14394
14394
14395
14395
14398
14398
14399
14399
14400
14403
14404
14405
14405
14406
14407
14407
14409
14409
14411
14412
14414
14415
14416
14416
14418
14419
14419
14420
14420
14421
14423
14424
14425
14426
14426
14429
14429
14430
14431
14433
14433
14433
14435
14435
14437
14438
14438
14440
14441
14442
14444
14445
14445
14446
14447
14449
14450
14450
14450
14453
14453
14453
14454
14455
14457
14458
14458
14459
14461
14462
14463
14464
14466
14466
14467
14467
14468
14470
14471
14472
14473
14474
14475
14477
14477
14477
14479
14481
14481
14482
14483
14483
14485
14485
14488
14489
14490
14490
14491
14492
14493
14493
14495
14497
14498
14499
14500
14501
14501
14502
14504
14504
14505
14507
14507
14508
14509
14510
14511
14512
14513
14514
14515
14516
14517
14518
14520
14520
14521
14521
14524
14524
14525
14526
14526
14528
14529
14531
14531
14531
14532
14533
14536
14536
14537
14538
14540
14540
14541
14543
14544
14545
14545
14547
14547
14547
14548
14549
14552
14552
14554
14554
14555
14555
14556
14557
14559
14560
14561
14561
14564
14564
14564
14567
14567
14568
14570
14570
14570
14571
14572
14573
14574
14576
14578
14578
14580
14580
14581
14583
14584
14585
14585
14586
14586
14589
14589
14591
14592
14592
14592
14594
14595
14596
14598
14598
14598
14600
14600
14602
14603
14603
14605
14606
14607
14609
14609
14611
14612
14612
14614
14614
14615
14616
14618
14618
14620
14620
14620
14622
14623
14623
14626
14626
14627
14629
14629
14629
14630
14633
14634
14635
14636
14637
14637
14637
14639
14639
14640
14641
14643
14644
14644
14645
14646
14647
14649
14649
14651
14651
14654
14655
14655
14657
14657
14658
14659
14660
14660
14663
14664
14665
14666
14667
14667
14668
14669
14669
14670
14672
14673
14673
14676
14676
14676
14679
14679
14680
14680
14682
14682
14684
14684
14686
14687
14689
14689
14690
14690
14692
14693
14695
14695
14696
14697
14698
14699
14701
14701
14702
14702
14703
14705
14705
14707
14708
14708
14710
14710
14712
14714
14714
14714
14715
14717
14717
14718
14719
14721
14721
14723
14724
14726
14727
14728
14728
14729
14729
14732
14733
14733
14734
14735
14736
14736
14739
14739
14741
14742
14742
14743
14744
14744
14746
14748
14748
14750
14751
14752
14753
14754
14755
14756
14757
14757
14758
14760
14761
14762
14762
14762
14763
14765
14766
14767
14768
14769
14769
14772
14773
14773
14774
14776
14777
14777
14778
14780
14780
14781
14782
14782
14783
14785
14785
14787
14787
14789
14789
14790
14791
14793
14793
14796
14797
14797
14798
14799
14800
14802
14802
14802
14805
14806
14807
14808
14808
14809
14810
14811
14811
14812
14814
14815
14817
14818
14819
14819
14820
14820
14822
14824
14824
14826
14827
14828
14829
14829
14831
14832
14832
14833
14834
14835
14836
14837
14837
14839
14841
14842
14842
14843
14843
14844
14846
14848
14849
14849
14850
14851
14853
14854
14854
14856
14856
14857
14859
14859
14861
14861
14861
14863
14863
14866
14866
14867
14867
14868
14870
14871
14871
14873
14873
14875
14877
14878
14878
14880
14880
14882
14882
14883
14884
14886
14886
14887
14887
14888
14890
14891
14892
14893
14894
14894
14895
14897
14898
14899
14900
14900
14902
14904
14904
14905
14906
14906
14908
14909
14910
14910
14913
14913
14915
14915
14916
14916
14917
14919
14920
14921
14922
14924
14924
14925
14927
14927
14928
14928
14929
14931
14932
14934
14935
14936
14936
14936
14938
14938
14939
14942
14942
14942
14944
14945
14946
14947
14949
14949
14950
14952
14952
14953
14954
14955
14957
14957
14958
14960
14961
14961
14961
14963
14964
14964
14966
14966
14967
14970
14970
14972
14972
14973
14975
14975
14976
14977
14978
14978
14980
14981
14981
14982
14985
14986
14987
14988
14988
14988
14991
14992
14993
14994
14994
14994
14995
14998
14998
14999
15000
15002
15002
15002
15004
15005
15006
15007
15008
15009
15010
15011
15013
15014
15014
15016
15017
15018
15018
15018
15021
15021
15021
15024
15024
15025
15025
15028
15028
15030
15030
15032
15032
15032
15035
15036
15036
15036
15037
15038
15039
15040
15042
15043
15045
15045
15046
15047
15047
15049
15050
15050
15052
15052
15054
15055
15055
15056
15057
15059
15059
15062
15062
15064
15064
15065
15066
15066
15067
15068
15070
15071
15072
15072
15073
15074
15076
15077
15077
15078
15080
15080
15081
15082
15084
15084
15086
15087
15088
15089
15089
15091
15092
15093
15094
15095
15096
15097
15099
15100
15100
15100
15103
15104
15104
15104
15106
15107
15108
15108
15109
15112
15112
15113
15113
15114
15117
15117
15118
15119
15119
15121
15123
15123
15123
15124
15125
15126
15128
15129
15130
15131
15132
15132
15134
15135
15135
15137
15138
15139
15139
15140
15143
15144
15144
15146
15147
15147
15149
15150
15150
15152
15152
15153
15155
15155
15156
15157
15158
15159
15159
15161
15162
15163
15165
15165
15165
15168
15168
15168
15171
15171
15172
15174
15174
15174
15177
15177
15178
15179
15180
15181
15182
15182
15184
15185
15185
15186
15187
15189
15190
15191
15193
15194
15194
15195
15195
15198
15199
15200
15201
15201
15202
15202
15204
15205
15206
15206
15208
15208
15211
15212
15212
15213
15215
15216
15216
15217
15218
15219
15219
15220
15221
15223
15225
15225
15227
15227
15228
15230
15230
15230
15232
15232
15233
15235
15236
15237
15238
15239
15239
15242
15242
15243
15244
15245
15246
15248
15248
15249
15250
15252
15252
15253
15254
15254
15257
15257
15257
15258
15260
15262
15262
15262
15264
15266
15267
15267
15269
15269
15270
15272
15273
15274
15274
15274
15275
15278
15279
15280
15280
15281
15281
15282
15283
15285
15286
15287
15287
15290
15290
15292
15292
15293
15294
15295
15295
15297
15299
15300
15300
15301
15302
15304
15304
15305
15306
15308
15309
15309
15311
15311
15311
15314
15315
15315
15315
15317
15319
15319
15319
15321
15322
15322
15324
15325
15326
15328
15329
15329
15331
15332
15332
15333
15333
15334
15336
15337
15339
15339
15340
15341
15342
15343
15345
15346
15346
15347
15348
15350
15351
15351
15351
15353
15353
15355
15356
15357
15358
15359
15361
15361
15363
15363
15363
15366
15366
15368
15368
15369
15371
15371
15373
15374
15375
15375
15375
15378
15379
15379
15381
15381
15382
15383
15385
15385
15387
15387
15387
15388
15390
15390
15392
15392
15394
15394
15396
15397
15397
15398
15401
15402
15403
15403
15404
15404
15405
15408
15409
15410
15410
15410
15412
15413
15414
15416
15416
15417
15419
15419
15420
15420
15422
15423
15423
15425
15425
15426
15428
15428
15429
15431
15431
15432
15433
15435
15435
15437
15438
15439
15440
15440
15442
15443
15443
15446
15446
15446
15449
15449
15450
15451
15452
15453
15454
15456
15456
15457
15459
15460
15460
15461
15461
15463
15464
15465
15467
15467
15467
15469
15471
15472
15472
15473
15473
15475
15476
15478
15478
15479
15480
15481
15482
15484
15484
15486
15486
15486
15488
15488
15491
15492
15492
15492
15495
15495
15496
15497
15498
15498
15501
15501
15501
15503
15505
15506
15506
15508
15509
15509
15509
15511
15511
15513
15513
15515
15516
15516
15518
15519
15520
15522
15522
15523
15524
15525
15525
15527
15528
15529
15531
15531
15532
15533
15534
15536
15537
15538
15539
15539
15540
15542
15543
15543
15544
15545
15545
15548
15549
15550
15550
15551
15551
15554
15554
15555
15556
15557
15557
15559
15560
15562
15562
15563
15563
15564
15566
15567
15569
15569
15569
15571
15572
15572
15574
15574
15577
15577
15579
15579
15580
15581
15582
15583
15585
15585
15585
15586
15588
15588
15590
15591
15592
15593
15593
15596
15596
15597
15598
15598
15601
15601
15601
15603
15604
15606
15606
15607
15608
15608
15611
15611
15612
15614
15615
15616
15617
15618
15618
15618
15620
15620
15622
15623
15624
15624
15627
15627
15628
15628
15629
15630
15632
15633
15634
15635
15635
15637
15639
15639
15640
15642
15642
15643
15643
15645
15646
15648
15648
15649
15650
15650
15652
15653
15654
15655
15656
15658
15658
15659
15660
15660
15661
15662
15664
15666
15666
15667
15668
15669
15670
15670
15671
15673
15673
15674
15675
15676
15677
15679
15680
15681
15681
15682
15683
15684
15685
15687
15689
15689
15690
15692
15692
15693
15694
15695
15695
15697
15697
15699
15701
15701
15702
15702
15703
15706
15706
15706
15707
15708
15709
15711
15713
15714
15715
15716
15717
15718
15718
15720
15720
15722
15722
15722
15724
15725
15726
15727
15728
15729
15730
15730
15731
15732
15734
15734
15736
15737
15739
15740
15740
15740
15742
15743
15743
15745
15745
15748
15748
15748
15750
15752
15753
15753
15755
15756
15756
15756
15758
15759
15760
15760
15763
15763
15764
15765
15765
15766
15767
15768
15769
15771
15773
15773
15775
15775
15776
15777
15777
15779
15781
15782
15783
15783
15784
15786
15786
15787
15788
15790
15791
15791
15792
15794
15795
15795
15796
15797
15798
15799
15800
15801
15802
15803
15804
15805
15806
15807
15808
15809
15810
15811
15812
15813
15814
15816
15816
15816
15818
15819
15820
15820
15822
15823
15823
15825
15826
15827
15828
15830
15830
15832
15833
15833
15834
15834
15836
15837
15837
15838
15840
15840
15843
15844
15844
15846
15846
15846
15849
15849
15850
15851
15853
15854
15854
15856
15856
15858
15859
15860
15860
15861
15863
15863
15864
15865
15865
15868
15868
15869
15870
15872
15872
15873
15873
15875
15877
15877
15879
15879
15880
15881
15882
15882
15884
15886
15886
15887
15888
15889
15889
15891
15891
15892
15893
15894
15896
15897
15898
15898
15899
15901
15902
15902
15903
15904
15906
15907
15907
15910
15910
15911
15912
15913
15913
15915
15915
15917
15919
15920
15920
15922
15923
15923
15924
15924
15925
15928
15928
15929
15930
15932
15932
15932
15933
15935
15936
15937
15939
15940
15940
15941
15941
15943
15943
15945
15946
15947
15948
15948
15950
15951
15952
15952
15955
15955
15955
15956
15957
15958
15960
15961
15961
15963
15964
15965
15966
15966
15968
15968
15969
15971
15972
15973
15974
15974
15976
15977
15978
15978
15981
15982
15983
15983
15984
15985
15986
15987
15988
15989
15991
15992
15993
15994
15994
15995
15996
15998
15999
15999
16000
