622
6623
6624
6625
6626
6626
6627
6628
6629
6631
6632
6632
6633
6633
6634
6635
6637
6637
6639
6640
6640
6642
6643
6645
6646
6646
6646
6649
6649
6649
6651
6652
6653
6653
6655
6656
6657
6658
6660
6660
6660
6662
6663
6664
6666
6666
6668
6668
6669
6670
6670
6672
6672
6674
6675
6676
6677
6679
6680
6680
6681
6682
6682
6684
6685
6687
6688
6688
6689
6690
6691
6693
6693
6694
6695
6696
6697
6697
6698
6700
6701
6702
6703
6704
6706
6706
6706
6709
6709
6710
6711
6713
6713
6714
6714
6717
6718
6718
6719
6720
6720
6723
6724
6724
6725
6725
6727
6728
6730
6730
6731
6732
6733
6734
6735
6736
6737
6738
6739
6740
6742
6743
6743
6744
6745
6746
6747
6748
6748
6749
6752
6753
6754
6754
6755
6756
6757
6758
6758
6760
6761
6762
6762
6764
6764
6765
6767
6769
6769
6769
6771
6772
6773
6773
6774
6776
6776
6777
6779
6780
6780
6781
6783
6784
6785
6787
6788
6788
6788
6791
6791
6791
6792
6795
6796
6796
6796
6799
6799
6801
6801
6802
6802
6803
6805
6805
6808
6808
6809
6811
6812
6813
6813
6814
6814
6816
6817
6819
6819
6819
6821
6821
6823
6823
6824
6826
6827
6827
6828
6829
6830
6831
6833
6834
6835
6836
6837
6838
6838
6841
6841
6841
6844
6844
6844
6846
6847
6847
6849
6851
6851
6851
6853
6854
6855
6857
6858
6858
6858
6859
6861
6862
6863
6864
6865
6867
6868
6869
6869
6869
6871
6872
6873
6874
6875
6876
6877
6878
6879
6881
6882
6883
6883
6884
6885
6887
6888
6889
6889
6890
6891
6892
6892
6894
6896
6896
6897
6898
6898
6900
6901
6902
6903
6905
6906
6907
6908
6908
6909
6910
6911
6912
6912
6914
6915
6916
6916
6918
6919
6920
6922
6923
6924
6925
6925
6925
6927
6927
6929
6929
6932
6933
6933
6933
6934
6936
6937
6939
6939
6940
6940
6942
6942
6943
6945
6946
6947
6948
6950
6951
6951
6952
6953
6954
6955
6956
6957
6958
6959
6959
6961
6962
6962
6963
6965
6966
6967
6968
6968
6971
6971
6972
6972
6973
6975
6975
6978
6979
6979
6980
6982
6983
6983
6984
6985
6986
6987
6988
6989
6990
6992
6993
6993
6994
6995
6996
6997
6999
6999
7000
7002
7002
7003
7004
7005
7005
7006
7008
7008
7009
7010
7012
7013
7014
7015
7017
7017
7018
7019
7021
7021
7022
7023
7024
7024
7026
7028
7028
7029
7030
7030
7032
7034
7035
7035
7036
7036
7037
7038
7039
7040
7041
7042
7043
7044
7046
7047
7049
7050
7050
7051
7052
7053
7053
7055
7057
7057
7058
7058
7060
7061
7062
7064
7064
7065
7066
7067
7067
7069
7071
7071
7072
7074
7074
7074
7076
7077
7077
7078
7080
7082
7083
7084
7084
7084
7086
7086
7087
7088
7090
7092
7093
7094
7094
7095
7096
7096
7097
7098
7101
7102
7103
7103
7103
7104
7106
7106
7109
7109
7110
7110
7112
7113
7113
7114
7116
7118
7118
7119
7120
7120
7122
7122
7124
7125
7125
7126
7127
7128
7129
7132
7132
7134
7134
7135
7136
7136
7138
7138
7139
7140
7141
7142
7143
7144
7146
7147
7148
7148
7150
7151
7152
7152
7155
7155
7155
7158
7158
7159
7159
7160
7162
7163
7164
7164
7165
7168
7168
7168
7171
7172
7172
7172
7173
7175
7176
7177
7178
7180
7180
7180
7181
7182
7183
7184
7186
7187
7187
7190
7190
7192
7192
7193
7194
7194
7196
7196
7198
7199
7200
7202
7203
7204
7205
7206
7206
7207
7208
7210
7210
7211
7213
7214
7214
7214
7215
7217
7217
7219
7219
7221
7222
7223
7224
7226
7226
7228
7229
7230
7231
7231
7232
7233
7234
7236
7237
7237
7237
7239
7240
7241
7241
7242
7244
7245
7246
7247
7248
7249
7249
7252
7252
7252
7253
7255
7256
7256
7258
7259
7261
7262
7262
7263
7264
7265
7266
7267
7268
7268
7269
7271
7272
7273
7275
7275
7276
7277
7277
7279
7281
7281
7282
7283
7284
7286
7286
7286
7287
7289
7290
7291
7292
7293
7294
7295
7296
7296
7299
7299
7300
7301
7302
7303
7304
7305
7305
7307
7308
7310
7310
7310
7311
7312
7314
7315
7315
7318
7319
7319
7320
7321
7322
7323
7323
7326
7326
7327
7329
7329
7329
7331
7331
7334
7334
7336
7336
7337
7339
7339
7339
7341
7343
7344
7344
7345
7346
7348
7348
7350
7350
7350
7352
7353
7353
7355
7356
7357
7358
7360
7361
7361
7362
7363
7364
7364
7366
7367
7368
7369
7370
7371
7372
7373
7373
7376
7376
7377
7377
7380
7380
7381
7381
7382
7385
7386
7386
7387
7389
7389
7389
7391
7393
7394
7395
7395
7395
7396
7398
7399
7399
7400
7403
7403
7404
7405
7406
7406
7408
7409
7409
7410
7413
7413
7414
7416
7416
7417
7417
7418
7421
7421
7421
7424
7424
7426
7426
7426
7427
7428
7430
7430
7431
7433
7434
7434
7436
7437
7437
7439
7441
7441
7442
7443
7443
7445
7447
7447
7449
7449
7451
7451
7452
7454
7455
7455
7456
7457
7458
7459
7460
7461
7462
7463
7464
7464
7465
7468
7468
7469
7470
7471
7471
7473
7474
7474
7475
7477
7479
7480
7481
7482
7482
7483
7485
7485
7485
7487
7488
7490
7490
7492
7493
7494
7495
7495
7496
7496
7498
7499
7500
7501
7502
7503
7504
7504
7505
7506
7508
7509
7509
7512
7512
7513
7515
7515
7516
7516
7518
7519
7519
7520
7523
7523
7524
7525
7526
7527
7529
7529
7530
7531
7531
7534
7534
7534
7535
7537
7538
7538
7541
7541
7542
7544
7544
7545
7547
7547
7548
7549
7550
7551
7553
7554
7554
7555
7556
7556
7558
7559
7559
7560
7562
7563
7563
7565
7567
7567
7567
7569
7570
7571
7572
7574
7574
7575
7577
7577
7577
7578
7581
7582
7583
7584
7584
7585
7586
7587
7587
7589
7590
7590
7592
7593
7594
7595
7597
7597
7597
7600
7600
7602
7603
7604
7604
7604
7606
7608
7608
7609
7609
7611
7612
7612
7614
7614
7617
7617
7617
7620
7621
7621
7622
7623
7623
7624
7627
7628
7629
7629
7630
7631
7631
7633
7634
7636
7637
7637
7639
7639
7639
7641
7642
7643
7643
7644
7646
7646
7648
7649
7650
7651
7652
7653
7654
7656
7656
7657
7658
7660
7660
7661
7661
7664
7664
7665
7667
7667
7667
7669
7671
7671
7671
7672
7675
7675
7675
7678
7679
7680
7680
7681
7682
7683
7685
7685
7685
7688
7688
7688
7689
7690
7692
7693
7693
7694
7697
7698
7698
7700
7700
7700
7702
7704
7704
7704
7706
7708
7708
7709
7710
7711
7712
7713
7715
7715
7716
7717
7719
7719
7720
7721
7722
7722
7723
7724
7725
7727
7728
7730
7731
7731
7732
7732
7733
7736
7736
7737
7738
7739
7740
7742
7743
7744
7744
7745
7746
7747
7748
7749
7750
7750
7752
7752
7753
7756
7756
7758
7759
7759
7760
7761
7761
7764
7765
7765
7766
7767
7769
7769
7769
7771
7772
7772
7773
7775
7776
7777
7778
7779
7780
7781
7782
7782
7783
7786
7787
7787
7788
7789
7790
7791
7791
7794
7794
7794
7796
7798
7798
7798
7799
7802
7802
7803
7805
7805
7805
7807
7808
7809
7809
7811
7812
7814
7814
7815
7816
7817
7819
7819
7819
7820
7822
7823
7824
7825
7825
7828
7828
7829
7830
7831
7832
7833
7834
7836
7836
7837
7838
7840
7841
7842
7842
7842
7844
7845
7845
7846
7847
7848
7850
7851
7852
7853
7854
7856
7856
7857
7857
7860
7861
7861
7862
7864
7865
7865
7866
7866
7867
7870
7870
7871
7873
7873
7874
7875
7877
7877
7878
7880
7881
7882
7883
7884
7884
7884
7887
7888
7888
7888
7891
7891
7893
7893
7893
7895
7895
7898
7898
7899
7901
7901
7901
7903
7905
7905
7907
7908
7908
7910
7910
7911
7912
7913
7914
7914
7916
7917
7918
7918
7920
7920
7921
7924
7924
7925
7925
7927
7928
7929
7930
7931
7932
7933
7933
7934
7937
7938
7938
7939
7941
7941
7942
7943
7943
7945
7946
7947
7948
7949
7950
7951
7952
7953
7954
7954
7956
7958
7958
7959
7960
7961
7961
7963
7964
7965
7967
7967
7968
7969
7970
7970
7972
7973
7973
7974
7977
7978
7978
7978
7980
7981
7981
7982
7983
7985
7986
7987
7988
7989
7989
7991
7993
7993
7995
7995
7995
7997
7998
7999
8000
