1
2
5
6
6
7
8
9
10
11
11
14
15
15
16
17
17
20
21
22
23
23
23
25
26
27
27
28
29
30
31
34
34
35
36
37
37
40
41
41
42
43
43
45
46
46
47
48
51
51
52
52
53
54
56
56
58
58
59
60
61
62
63
65
65
66
67
68
68
70
71
72
73
74
75
75
77
79
79
80
81
82
83
85
85
85
86
89
89
90
90
92
93
94
94
96
97
98
99
99
100
102
104
105
105
107
108
108
109
109
112
112
113
114
115
116
117
118
119
119
121
122
122
124
124
125
127
128
129
131
131
131
134
134
134
137
137
138
140
141
141
141
144
144
145
145
146
147
149
150
151
152
154
155
156
157
158
159
160
161
162
162
163
163
164
165
167
168
168
170
171
172
172
174
176
177
177
179
179
179
181
183
183
183
186
186
188
188
188
191
191
192
193
193
195
196
197
198
199
199
200
201
203
203
205
206
207
207
209
210
212
212
214
214
215
215
217
217
218
220
221
222
222
223
224
227
228
228
229
229
232
232
233
235
236
236
236
239
239
240
241
241
244
244
245
246
248
249
250
251
251
253
