1
3
3
3
5
6
7
8
9
10
10
11
12
14
15
16
16
17
19
20
21
22
23
23
25
26
26
28
29
30
31
32
32
35
35
37
37
37
39
40
42
42
43
44
45
46
47
47
50
50
51
51
53
54
55
56
57
57
59
60
62
63
63
64
64
66
67
67
69
71
72
72
72
73
75
76
76
77
80
80
81
81
82
84
85
86
87
88
89
91
91
92
92
94
95
96
97
97
98
101
102
102
103
105
105
107
107
109
109
109
110
113
113
113
114
117
117
118
118
119
121
122
123
125
126
126
127
128
129
131
131
133
133
134
135
136
137
137
139
141
142
142
143
144
145
146
147
147
149
150
152
153
154
155
155
156
157
157
159
160
162
163
164
165
165
166
167
168
168
171
171
172
172
175
175
176
178
178
178
181
182
182
183
184
185
185
187
189
189
191
191
191
192
195
195
195
197
198
198
201
201
202
203
205
205
206
207
207
209
210
210
211
212
215
215
216
217
218
219
220
221
222
223
223
225
226
227
229
229
230
231
232
232
234
235
236
237
237
239
240
241
242
242
243
245
245
247
248
248
249
250
252
253
255
255
257
257
258
259
259
261
262
263
265
265
266
267
267
269
270
271
273
273
273
275
275
277
277
278
280
282
283
283
283
285
287
287
287
289
291
291
291
294
294
295
295
296
298
299
300
302
302
302
303
305
306
307
307
308
311
312
312
312
314
315
317
317
318
320
320
322
323
324
324
325
326
326
329
329
329
330
332
333
334
335
335
337
337
339
340
341
342
343
344
344
346
347
349
349
351
351
353
353
353
355
356
358
358
360
360
361
362
362
365
366
366
367
368
369
371
372
372
372
374
375
375
376
377
378
380
380
382
382
383
385
386
387
387
389
389
391
391
394
394
394
397
398
398
400
401
401
402
403
404
405
406
407
409
409
410
410
411
413
413
415
416
417
417
419
419
421
423
424
424
425
426
426
429
430
431
431
433
433
434
435
435
438
438
439
440
441
441
443
445
445
445
446
449
450
450
451
452
453
454
455
456
457
458
458
460
461
462
463
463
465
466
467
468
469
470
470
473
473
473
475
476
477
478
479
480
480
481
483
485
485
486
486
489
490
490
490
491
492
493
494
495
496
498
499
501
501
501
503
504
505
505
506
509
509
509
510
511
513
513
516
516
516
518
519
520
521
521
523
524
524
525
527
528
528
529
531
532
533
534
535
536
537
539
539
541
541
541
543
543
545
545
548
548
548
549
551
552
554
554
555
556
558
559
559
560
561
561
563
564
566
566
566
568
569
569
571
571
574
574
575
577
577
578
579
579
581
581
584
584
585
585
587
588
589
589
591
591
593
594
594
597
598
599
599
600
601
601
603
604
605
605
607
608
609
610
610
612
613
615
615
616
617
618
620
621
622
622
623
623
624
625
626
628
629
631
631
632
633
633
634
636
637
637
638
639
641
641
643
644
644
646
646
648
649
650
651
651
652
653
654
656
658
658
659
660
660
661
662
664
665
666
667
667
668
669
671
671
672
675
675
676
678
678
679
680
680
681
684
684
684
685
687
689
690
690
691
692
692
695
696
696
698
698
699
699
702
702
703
704
704
706
707
708
709
710
711
711
714
714
716
716
717
718
719
719
722
722
722
724
724
726
726
728
729
730
731
732
733
735
736
736
736
738
739
740
742
742
743
744
744
746
748
748
749
750
751
751
752
754
755
756
758
758
759
760
762
762
763
765
765
766
767
767
769
770
772
772
773
774
775
776
778
779
780
780
782
782
784
784
785
786
787
788
789
790
790
793
793
794
795
797
797
798
798
800
800
803
803
804
806
806
807
807
809
810
811
811
814
814
815
817
817
819
819
819
822
823
823
825
825
825
827
828
828
831
831
832
833
833
836
836
837
837
838
840
840
842
842
843
845
845
846
849
850
851
852
853
853
854
855
855
856
857
859
859
862
862
862
864
865
865
866
868
869
870
870
871
874
875
876
876
876
878
878
880
881
883
883
884
885
886
886
887
889
889
892
893
894
894
895
896
896
898
899
900
901
902
902
904
906
906
907
907
908
909
911
913
913
914
916
916
916
917
918
920
920
923
923
924
925
925
927
929
929
930
930
931
933
934
936
936
937
937
939
940
940
943
943
944
946
946
947
948
949
949
951
953
953
954
956
957
957
959
959
960
960
962
962
964
965
966
967
968
968
970
972
973
974
974
975
976
977
977
978
980
981
982
984
984
986
986
987
987
989
991
992
992
993
993
995
996
997
997
1000
1001
1001
1002
1002
1003
1004
1006
1007
1008
1009
1009
1011
1011
1012
1015
1015
1016
1017
1018
1019
1019
1021
1022
1024
1024
1026
1026
1028
1029
1029
1029
1031
1032
1033
1034
1035
1035
1036
1038
1040
1041
1041
1043
1044
1044
1045
1046
1047
1047
1048
1050
1050
1053
1053
1054
1055
1057
1058
1058
1059
1060
1062
1063
1063
1063
1064
1065
1066
1068
1069
1070
1070
1071
1073
1075
1075
1076
1076
1079
1080
1080
1082
1083
1083
1083
1084
1087
1087
1087
1089
1091
1091
1092
1094
1094
1096
1096
1096
1097
1098
1100
1101
1102
1103
1103
1105
1106
1106
1108
1109
1111
1112
1113
1113
1114
1114
1115
1116
1119
1120
1120
1121
1122
1123
1124
1124
1126
1127
1129
1129
1130
1130
1131
1132
1135
1136
1137
1137
1138
1140
1140
1140
1142
1143
1144
1144
1146
1147
1148
1148
1149
1151
1152
1152
1153
1156
1156
1156
1159
1159
1160
1160
1161
1163
1164
1166
1166
1167
1168
1170
1170
1172
1172
1173
1174
1175
1176
1176
1179
1179
1181
1182
1183
1184
1184
1184
1185
1188
1189
1189
1190
1190
1193
1193
1195
1195
1196
1196
1198
1200
1200
1200
1203
1203
1203
1206
1206
1206
1209
1210
1210
1210
1213
1213
1215
1215
1216
1217
1218
1218
1220
1220
1221
1223
1224
1225
1226
1227
1228
1228
1230
1231
1231
1232
1233
1236
1236
1236
1237
1240
1240
1241
1242
1243
1243
1245
1246
1248
1249
1249
1249
1251
1252
1253
1255
1256
1256
1256
1257
1258
1259
1261
1262
1264
1264
1265
1266
1268
1268
1268
1270
1271
1272
1273
1273
1274
1277
1277
1278
1279
1280
1282
1282
1283
1285
1285
1285
1286
1289
1289
1291
1291
1292
1293
1294
1295
1296
1296
1299
1299
1300
1300
1301
1303
1304
1305
1306
1307
1308
1309
1310
1311
1312
1313
1314
1316
1317
1317
1319
1319
1320
1321
1322
1323
1324
1324
1326
1328
1329
1329
1331
1331
1331
1333
1333
1335
1335
1337
1339
1339
1341
1341
1342
1342
1344
1346
1347
1347
1347
1349
1350
1352
1353
1354
1354
1355
1355
1357
1358
1359
1360
1362
1362
1363
1364
1365
1366
1367
1368
1370
1371
1371
1372
1373
1374
1376
1377
1377
1377
1378
1379
1381
1381
1384
1385
1385
1386
1388
1388
1389
1391
1392
1392
1393
1394
1396
1397
1397
1398
1399
1400
1401
1402
1403
1405
1405
1406
1407
1407
1409
1410
1411
1412
1414
1414
1416
1417
1418
1418
1419
1419
1420
1423
1424
1424
1425
1425
1426
1428
1429
1431
1432
1432
1432
1434
1434
1435
1438
1438
1439
1439
1442
1443
1443
1445
1445
1445
1448
1448
1449
1450
1450
1451
1453
1455
1455
1457
1458
1458
1459
1460
1461
1461
1462
1463
1466
1467
1467
1468
1468
1470
1471
1471
1472
1473
1476
1476
1477
1478
1478
1481
1481
1481
1482
1483
1484
1485
1486
1488
1489
1490
1492
1492
1493
1494
1494
1495
1496
1497
1499
1500
1500
1502
1503
1504
1506
1506
1508
1508
1509
1510
1510
1511
1513
1514
1514
1516
1518
1518
1519
1521
1521
1522
1523
1524
1525
1526
1527
1527
1529
1530
1530
1533
1533
1534
1535
1537
1537
1539
1539
1540
1540
1541
1543
1544
1544
1546
1546
1548
1549
1550
1551
1552
1553
1553
1555
1556
1557
1557
1559
1560
1561
1562
1562
1563
1566
1567
1567
1569
1569
1570
1571
1572
1573
1574
1576
1576
1578
1578
1579
1581
1581
1583
1583
1583
1584
1585
1588
1589
1589
1589
1591
1592
1593
1594
1596
1596
1597
1597
1598
1601
1601
1603
1603
1603
1605
1605
1606
1607
1608
1610
1611
1611
1613
1614
1614
1617
1617
1618
1618
1620
1622
1622
1622
1623
1624
1626
1627
1628
1629
1629
1630
1632
1632
1634
1636
1636
1638
1638
1639
1641
1642
1642
1644
1644
1645
1646
1648
1649
1649
1650
1652
1652
1653
1655
1655
1656
1658
1658
1658
1659
1662
1662
1662
1664
1665
1665
1666
1667
1669
1670
1672
1673
1673
1675
1676
1676
1676
1678
1679
1679
1680
1683
1684
1684
1685
1686
1687
1689
1689
1690
1691
1693
1693
1694
1695
1696
1696
1698
1699
1700
1701
1703
1703
1704
1705
1706
1707
1709
1709
1711
1711
1712
1713
1714
1716
1717
1717
1719
1719
1720
1721
1722
1724
1725
1725
1726
1727
1728
1728
1729
1730
1731
1733
1734
1735
1736
1738
1738
1739
1740
1741
1743
1743
1743
1744
1745
1747
1748
1749
1751
1751
1752
1753
1754
1756
1757
1757
1758
1758
1759
1762
1762
1762
1764
1765
1766
1767
1767
1770
1770
1771
1771
1774
1774
1775
1777
1777
1778
1779
1780
1782
1782
1784
1784
1785
1785
1787
1788
1790
1790
1791
1793
1793
1794
1795
1796
1797
1798
1799
1799
1801
1802
1803
1804
1806
1807
1807
1807
1810
1811
1811
1812
1814
1814
1816
1816
1817
1817
1818
1821
1821
1822
1824
1824
1825
1825
1828
1829
1829
1829
1832
1832
1833
1835
1836
1837
1837
1838
1840
1840
1840
1842
1844
1844
1845
1846
1848
1848
1848
1849
1852
1853
1854
1854
1856
1856
1857
1858
1859
1859
1861
1862
1863
1865
1865
1867
1867
1867
1868
1870
1870
1872
1874
1874
1876
1877
1877
1878
1879
1879
1880
1881
1883
1884
1885
1886
1886
1888
1888
1889
1892
1892
1893
1894
1894
1895
1897
1899
1900
1901
1901
1902
1903
1903
1905
1906
1907
1907
1909
1910
1911
1911
1912
1915
1916
1916
1917
1919
1919
1920
1921
1921
1923
1924
1925
1926
1927
1928
1929
1931
1931
1932
1932
1935
1935
1935
1937
1938
1938
1939
1941
1942
1944
1945
1945
1946
1946
1947
1948
1951
1952
1952
1953
1953
1954
1957
1958
1958
1958
1961
1961
1962
1962
1965
1965
1966
1966
1968
1969
1970
1972
1973
1973
1975
1975
1976
1978
1979
1979
1980
1980
1981
1983
1984
1985
1987
1987
1988
1990
1990
1992
1992
1994
1994
1994
1995
1997
1999
1999
1999
2001
2002
2002
2005
2006
2006
2008
2008
2009
2010
2012
2013
2014
2015
2015
2015
2017
2017
2019
2019
2022
2023
2024
2024
2024
2026
2027
2028
2029
2029
2031
2032
2032
2035
2035
2036
2037
2038
2039
2041
2041
2042
2044
2045
2046
2046
2048
2048
2049
2050
2050
2051
2054
2054
2056
2056
2057
2058
2059
2060
2060
2063
2063
2064
2066
2067
2067
2069
2069
2070
2071
2071
2072
2074
2076
2076
2077
2078
2078
2079
2081
2083
2083
2083
2085
2086
2086
2088
2088
2090
2091
2093
2093
2094
2095
2096
2097
2098
2098
2100
2101
2102
2102
2104
2104
2106
2107
2108
2109
2109
2112
2112
2112
2114
2115
2116
2116
2118
2119
2120
2121
2122
2124
2124
2124
2126
2126
2129
2129
2130
2130
2133
2133
2134
2134
2136
2137
2139
2140
2140
2140
2143
2143
2143
2144
2145
2146
2147
2149
2150
2150
2153
2153
2153
2155
2157
2157
2158
2159
2160
2162
2162
2163
2164
2166
2166
2167
2169
2169
2170
2170
2173
2173
2173
2176
2177
2177
2178
2179
2181
2182
2182
2183
2183
2184
2186
2186
2188
2189
2189
2191
2192
2193
2195
2195
2196
2196
2197
2199
2200
2201
2201
2202
2205
2205
2205
2207
2208
2208
2211
2212
2212
2214
2214
2215
2216
2216
2217
2218
2219
2220
2223
2224
2224
2226
2226
2227
2229
2230
2230
2232
2232
2233
2235
2235
2237
2238
2239
2239
2240
2240
2243
2243
2243
2245
2246
2247
2248
2249
2250
2251
2253
2253
2254
2256
2256
2257
2258
2259
2260
2262
2263
2263
2264
2266
2266
2267
2267
2269
2270
2272
2273
2273
2273
2274
2277
2277
2278
2278
2281
2281
2281
2283
2285
2285
2287
2288
2288
2288
2290
2291
2291
2294
2295
2296
2296
2296
2299
2299
2300
2300
2303
2304
2304
2306
2306
2307
2307
2310
2310
2311
2312
2314
2314
2314
2317
2317
2317
2318
2321
2321
2322
2323
2324
2325
2326
2326
2327
2329
2330
2332
2332
2333
2334
2336
2336
2337
2339
2340
2340
2341
2342
2343
2343
2345
2346
2347
2348
2349
2350
2351
2351
2352
2353
2354
2356
2357
2358
2359
2359
2361
2363
2363
2363
2365
2366
2367
2367
2368
2369
2372
2372
2374
2374
2375
2376
2377
2378
2379
2380
2381
2381
2384
2385
2386
2386
2387
2387
2390
2391
2391
2391
2394
2394
2396
2396
2397
2398
2400
2400
2400
2401
2404
2405
2406
2406
2407
2407
2409
2411
2412
2412
2413
2415
2415
2415
2418
2418
2420
2420
2421
2423
2423
2424
2425
2426
2428
2429
2430
2431
2432
2432
2433
2434
2435
2436
2437
2437
2440
2441
2441
2443
2443
2444
2444
2445
2446
2447
2449
2450
2451
2451
2452
2455
2455
2457
2458
2459
2460
2460
2462
2462
2464
2465
2466
2466
2467
2468
2470
2471
2471
2471
2473
2474
2476
2477
2477
2477
2478
2480
2482
2482
2483
2484
2484
2486
2487
2487
2490
2490
2491
2491
2493
2495
2495
2496
2498
2499
2499
2501
2501
2501
2504
2504
2506
2507
2507
2508
2509
2511
2512
2512
2512
2515
2515
2515
2518
2519
2519
2520
2521
2522
2522
2525
2526
2526
2527
2527
2529
2530
2531
2531
2532
2533
2534
2536
2537
2537
2538
2539
2541
2543
2543
2543
2546
2546
2547
2549
2550
2551
2551
2553
2553
2554
2554
2556
2556
2557
2560
2560
2560
2561
2563
2563
2565
2567
2567
2567
2569
2570
2570
2571
2573
2574
2575
2576
2577
2578
2578
2580
2581
2581
2583
2583
2584
2585
2587
2588
2589
2589
2592
2593
2593
2594
2596
2596
2597
2598
2598
2600
2600
2603
2603
2605
2606
2607
2607
2607
2609
2609
2611
2611
2613
2613
2614
2617
2617
2618
2619
2621
2621
2623
2623
2624
2625
2626
2626
2628
2628
2630
2631
2632
2634
2634
2634
2636
2637
2638
2640
2640
2640
2643
2643
2645
2645
2647
2648
2648
2649
2650
2651
2652
2653
2653
2654
2655
2657
2658
2659
2660
2661
2662
2662
2663
2664
2666
2667
2668
2668
2669
2672
2672
2673
2675
2675
2676
2676
2678
2679
2680
2682
2682
2683
2683
2686
2686
2687
2688
2689
2691
2691
2691
2694
2694
2696
2696
2697
2698
2700
2700
2701
2701
2703
2704
2705
2705
2707
2709
2709
2711
2712
2712
2714
2715
2715
2715
2716
2719
2720
2721
2721
2722
2722
2724
2726
2726
2727
2729
2730
2730
2731
2732
2734
2734
2736
2737
2737
2739
2739
2741
2741
2742
2744
2745
2745
2747
2747
2748
2750
2751
2751
2751
2752
2754
2756
2757
2757
2757
2758
2760
2761
2762
2763
2765
2766
2766
2767
2768
2769
2770
2771
2772
2773
2773
2775
2775
2776
2779
2779
2780
2781
2782
2783
2783
2784
2787
2787
2788
2790
2791
2792
2792
2793
2795
2795
2795
2798
2799
2799
2801
2802
2802
2803
2803
2804
2807
2807
2808
2809
2811
2811
2812
2814
2814
2815
2817
2817
2818
2818
2819
2821
2822
2822
2825
2826
2826
2827
2827
2828
2830
2831
2831
2834
2834
2835
2835
2836
2839
2839
2840
2840
2841
2842
2844
2845
2846
2847
2848
2849
2850
2852
2852
2853
2853
2854
2857
2857
2859
2859
2861
2862
2863
2863
2863
2864
2867
2868
2869
2869
2869
2871
2872
2872
2873
2874
2875
2877
2878
2879
2881
2881
2882
2883
2883
2885
2886
2886
2889
2890
2890
2890
2892
2893
2894
2895
2895
2897
2898
2900
2901
2902
2902
2902
2903
2904
2907
2907
2908
2908
2909
2910
2913
2913
2913
2915
2915
2917
2919
2919
2919
2922
2922
2924
2924
2924
2925
2926
2928
2929
2929
2932
2933
2933
2933
2934
2935
2937
2938
2939
2939
2941
2941
2942
2944
2946
2946
2947
2947
2948
2951
2951
2952
2953
2955
2955
2956
2958
2958
2959
2960
2962
2962
2963
2963
2966
2967
2967
2969
2969
2970
2970
2971
2973
2973
2974
2975
2977
2978
2978
2980
2981
2981
2984
2984
2985
2985
2986
2987
2990
2990
2992
2992
2994
2995
2995
2996
2997
2997
3000
3001
3001
3002
3004
3005
3005
3006
3008
3008
3009
3010
3011
3011
3012
3013
3015
3017
3017
3018
3019
3020
3021
3021
3024
3024
3024
3026
3027
3029
3030
3031
3032
3033
3034
3034
3034
3035
3036
3037
3040
3041
3041
3042
3043
3044
3045
3046
3047
3048
3050
3050
3051
3051
3053
3054
3055
3056
3057
3059
3060
3060
3061
3062
3063
3064
3066
3067
3067
3067
3069
3069
3070
3071
3074
3074
3075
3076
3076
3079
3079
3080
3080
3081
3084
3084
3085
3086
3087
3087
3089
3090
3090
3092
3093
3095
3095
3097
3097
3098
3099
3100
3100
3103
3103
3103
3105
3107
3108
3108
3109
3110
3112
3112
3113
3113
3115
3116
3117
3117
3118
3119
3121
3122
3122
3124
3125
3127
3127
3128
3129
3129
3131
3132
3133
3135
3135
3136
3137
3138
3139
3141
3142
3143
3143
3144
3144
3146
3147
3147
3148
3150
3151
3152
3154
3155
3155
3155
3158
3158
3158
3159
3162
3162
3163
3163
3166
3166
3167
3167
3169
3170
3172
3172
3173
3173
3174
3176
3177
3177
3178
3181
3181
3183
3183
3184
3184
3185
3188
3188
3188
3191
3191
3193
3194
3195
3195
3196
3197
3199
3199
3200
3200
3202
3203
3204
3205
3205
3206
3207
3209
3210
3211
3213
3213
3213
3215
3217
3217
3218
3219
3220
3221
3222
3223
3224
3225
3225
3228
3228
3229
3230
3231
3232
3233
3234
3236
3236
3236
3239
3239
3240
3240
3242
3242
3244
3245
3246
3248
3248
3248
3250
3251
3253
3253
3255
3255
3256
3257
3258
3259
3261
3261
3261
3264
3264
3265
3266
3268
3268
3269
3269
3271
3271
3272
3275
3276
3276
3278
3278
3279
3280
3280
3282
3282
3284
3284
3286
3286
3289
3289
3290
3291
3292
3293
3294
3295
3295
3296
3299
3299
3300
3302
3302
3303
3303
3306
3307
3307
3307
3309
3310
3310
3312
3313
3314
3316
3316
3316
3319
3319
3320
3321
3322
3323
3324
3325
3326
3327
3329
3329
3330
3332
3332
3333
3333
3336
3336
3336
3337
3338
3340
3341
3343
3343
3344
3345
3345
3347
3348
3349
3350
3351
3352
3354
3354
3355
3356
3357
3357
3359
3360
3362
3362
3363
3363
3364
3366
3366
3369
3369
3370
3371
3371
3373
3374
3374
3375
3377
3378
3380
3380
3381
3382
3383
3384
3385
3385
3388
3389
3389
3391
3391
3392
3393
3393
3396
3396
3397
3399
3399
3401
3401
3401
3404
3404
3405
3406
3407
3407
3409
3409
3411
3412
3412
3414
3415
3415
3417
3418
3419
3421
3422
3422
3422
3424
3426
3426
3428
3428
3428
3429
3431
3432
3433
3434
3434
3435
3437
3438
3438
3440
3441
3442
3443
3445
3445
3447
3448
3449
3449
3450
3452
3453
3453
3453
3456
3457
3457
3458
3459
3460
3462
3462
3463
3464
3465
3466
3466
3467
3469
3470
3472
3473
3473
3474
3476
3477
3478
3478
3480
3481
3481
3481
3482
3484
3485
3486
3488
3488
3489
3489
3491
3492
3494
3494
3495
3496
3498
3498
3498
3500
3501
3502
3502
3505
3505
3505
3507
3507
3508
3510
3511
3512
3513
3515
3516
3517
3518
3518
3519
3520
3521
3522
3523
3523
3524
3525
3527
3527
3529
3529
3531
3533
3533
3534
3535
3536
3537
3537
3538
3540
3540
3543
3544
3545
3545
3546
3548
3549
3549
3549
3551
3552
3553
3554
3555
3556
3557
3557
3559
3560
3561
3563
3564
3564
3564
3567
3567
3567
3568
3570
3571
3571
3574
3574
3574
3575
3577
3578
3579
3580
3580
3582
3583
3584
3584
3586
3587
3589
3589
3591
3591
3592
3592
3593
3594
3597
3598
3598
3599
3601
3602
3602
3603
3604
3606
3606
3607
3607
3608
3610
3611
3613
3613
3613
3615
3616
3617
3617
3619
3621
3621
3621
3623
3624
3625
3626
3627
3628
3630
3631
3631
3631
3634
3634
3634
3636
3637
3638
3639
3640
3641
3641
3642
3644
3644
3646
3647
3647
3650
3650
3651
3653
3654
3654
3655
3656
3657
3658
3658
3659
3661
3662
3662
3664
3665
3665
3666
3667
3669
3669
3672
3672
3674
3674
3675
3676
3677
3678
3680
3680
3680
3682
3683
3683
3686
3687
3687
3688
3689
3690
3691
3692
3692
3693
3695
3697
3697
3698
3699
3699
3700
3701
3703
3705
3705
3706
3707
3707
3709
3711
3712
3713
3714
3715
3715
3716
3717
3718
3719
3721
3721
3722
3722
3723
3725
3726
3727
3727
3729
3729
3731
3731
3732
3733
3735
3737
3737
3738
3738
3740
3741
3742
3742
3745
3745
3747
3747
3748
3749
3750
3752
3752
3753
3753
3755
3756
3758
3759
3759
3760
3760
3762
3763
3764
3764
3765
3767
3767
3768
3769
3770
3771
3773
3774
3774
3777
3777
3777
3780
3780
3781
3782
3783
3783
3784
3787
3787
3788
3789
3789
3791
3793
3794
3794
3796
3797
3798
3798
3798
3799
3801
3802
3804
3804
3804
3806
3807
3807
3809
3810
3811
3812
3814
3815
3816
3816
3817
3817
3820
3820
3821
3822
3823
3825
3825
3826
3828
3828
3830
3830
3830
3833
3833
3835
3835
3836
3837
3838
3838
3839
3840
3841
3842
3843
3845
3847
3847
3848
3850
3851
3851
3852
3853
3854
3855
3857
3857
3857
3858
3861
3862
3862
3863
3864
3865
3865
3868
3869
3870
3871
3872
3873
3874
3874
3875
3876
3877
3878
3880
3881
3882
3882
3883
3884
3884
3887
3888
3888
3889
3890
3891
3891
3893
3894
3895
3896
3898
3898
3899
3899
3900
3901
3902
3905
3905
3906
3908
3909
3909
3910
3910
3912
3913
3914
3914
3916
3918
3919
3919
3921
3921
3922
3923
3923
3924
3926
3927
3929
3930
3931
3932
3932
3933
3933
3935
3937
3937
3939
3939
3941
3942
3942
3943
3945
3945
3947
3948
3948
3949
3950
3951
3952
3953
3954
3954
3956
3956
3957
3959
3960
3961
3962
3963
3963
3966
3966
3967
3968
3969
3970
3970
3971
3974
3974
3975
3976
3978
3978
3979
3981
3981
3982
3983
3984
3985
3987
3988
3989
3989
3989
3991
3993
3994
3994
3995
3995
3996
3998
3999
4000
4000
4002
4002
4003
4005
4006
4007
4008
4009
4010
4012
4012
4014
4014
4015
4015
4017
4018
4019
4020
4020
4022
4024
4024
4025
4025
4028
4028
4029
4030
4032
4033
4033
4034
4034
4035
4037
4038
4038
4039
4042
4042
4043
4044
4044
4046
4047
4048
4048
4050
4051
4052
4053
4053
4055
4057
4057
4058
4059
4060
4061
4062
4063
4064
4065
4066
4066
4068
4069
4070
4072
4072
4072
4074
4075
4075
4077
4078
4079
4080
4081
4081
4082
4083
4084
4085
4087
4087
4089
4091
4092
4093
4094
4095
4095
4095
4096
4098
4099
4100
4101
4102
4102
4104
4105
4105
4108
4108
4110
4110
4111
4111
4114
4115
4115
4116
4116
4118
4118
4120
4122
4123
4123
4125
4125
4126
4127
4127
4128
4129
4131
4131
4133
4133
4136
4136
4138
4138
4139
4140
4140
4141
4143
4144
4145
4145
4148
4148
4149
4150
4150
4152
4153
4154
4155
4155
4157
4158
4159
4160
4161
4162
4162
4165
4165
4166
4166
4167
4169
4170
4171
4172
4173
4173
4176
4177
4177
4178
4178
4180
4180
4183
4183
4185
4185
4186
4188
4189
4189
4190
4191
4191
4193
4193
4196
4196
4197
4197
4199
4199
4201
4201
4203
4204
4204
4205
4207
4207
4208
4210
4211
4212
4213
4214
4216
4216
4217
4218
4219
4220
4222
4222
4223
4223
4224
4226
4227
4227
4229
4230
4231
4232
4232
4233
4235
4236
4237
4238
4240
4240
4241
4242
4243
4243
4245
4246
4247
4248
4250
4250
4250
4251
4254
4254
4254
4257
4258
4258
4259
4259
4261
4262
4263
4264
4266
4266
4266
4267
4270
4271
4271
4272
4273
4275
4276
4276
4277
4279
4279
4280
4281
4283
4284
4285
4285
4286
4286
4288
4289
4289
4290
4292
4292
4293
4295
4296
4297
4297
4299
4301
4301
4302
4303
4303
4305
4306
4307
4308
4309
4311
4311
4312
4313
4315
4315
4316
4317
4317
4320
4320
4321
4322
4322
4324
4324
4325
4326
4329
4329
4330
4331
4332
4333
4334
4336
4336
4337
4338
4340
4340
4342
4343
4343
4344
4345
4346
4347
4348
4349
4350
4351
4351
4354
4354
4355
4356
4357
4358
4359
4359
4360
4363
4364
4364
4365
4365
4367
4369
4369
4369
4371
4371
4373
4374
4375
4376
4377
4378
4379
4380
4381
4382
4382
4383
4384
4386
4386
4388
4388
4389
4390
4391
4393
4393
4394
4395
4397
4398
4399
4400
4401
4401
