620
6623
6623
6625
6626
6626
6626
6628
6628
6631
6631
6632
6633
6635
6636
6637
6637
6639
6639
6640
6642
6643
6644
6644
6645
6646
6646
6648
6649
6650
6651
6651
6653
6654
6655
6656
6658
6659
6660
6661
6662
6662
6663
6664
6665
6665
6667
6668
6669
6669
6671
6671
6672
6674
6675
6676
6677
6678
6678
6679
6680
6681
6682
6683
6685
6685
6686
6688
6689
6690
6690
6692
6692
6695
6695
6696
6696
6698
6699
6700
6701
6702
6704
6704
6705
6705
6708
6708
6709
6710
6711
6711
6713
6714
6715
6717
6717
6718
6719
6720
6721
6722
6723
6723
6725
6727
6728
6728
6729
6730
6732
6732
6733
6734
6736
6736
6738
6738
6739
6740
6741
6743
6744
6744
6745
6746
6746
6747
6750
6750
6751
6751
6753
6754
6755
6755
6757
6758
6760
6760
6761
6762
6764
6764
6765
6767
6767
6768
6769
6770
6771
6773
6773
6774
6774
6776
6777
6778
6779
6779
6781
6781
6783
6785
6785
6786
6788
6788
6789
6790
6791
6793
6793
6794
6794
6795
6796
6798
6799
6801
6802
6802
6802
6805
6805
6805
6807
6808
6808
6811
6812
6812
6814
6814
6814
6817
6817
6817
6818
6819
6820
6823
6823
6824
6824
6825
6826
6827
6830
6830
6831
6833
6834
6834
6835
6836
6837
6838
6839
6839
6842
6842
6844
6844
6845
6846
6848
6849
6849
6849
6850
6852
6853
6853
6856
6856
6856
6859
6860
6861
6861
6862
6862
6863
6866
6866
6867
6867
6869
6869
6871
6872
6873
6874
6875
6877
6877
6878
6880
6880
6882
6883
6883
6883
6886
6887
6888
6889
6890
6890
6892
6892
6892
6893
6895
6895
6897
6897
6899
6900
6901
6902
6903
6903
6905
6906
6907
6909
6909
6911
6911
6912
6914
6914
6916
6916
6916
6918
6919
6921
6922
6922
6922
6923
6924
6925
6927
6928
6928
6930
6931
6932
6932
6934
6936
6936
6937
6939
6939
6941
6941
6942
6943
6944
6945
6945
6946
6949
6950
6951
6951
6953
6953
6953
6954
6956
6956
6958
6960
6960
6961
6962
6962
6965
6966
6966
6967
6967
6970
6970
6970
6973
6974
6974
6975
6976
6976
6978
6978
6979
6980
6981
6982
6984
6984
6985
6987
6988
6988
6990
6990
6993
6993
6994
6996
6996
6996
6999
6999
7000
7001
7003
7004
7005
7005
7006
7006
7007
7009
7010
7011
7013
7014
7014
7015
7017
7017
7019
7019
7021
7021
7022
7023
7024
7026
7026
7026
7027
7028
7030
7031
7031
7033
7034
7036
7036
7037
7038
7039
7040
7041
7042
7043
7044
7046
7046
7047
7048
7048
7051
7051
7053
7053
7053
7054
7055
7057
7058
7058
7059
7060
7062
7062
7065
7065
7067
7068
7068
7069
7071
7071
7072
7073
7074
7075
7075
7076
7078
7078
7079
7082
7082
7083
7084
7085
7086
7088
7088
7089
7089
7090
7092
7093
7094
7095
7096
7097
7098
7100
7100
7101
7101
7102
7103
7105
7106
7107
7108
7109
7110
7111
7111
7112
7114
7115
7116
7117
7117
7118
7120
7121
7121
7122
7124
7126
7126
7127
7128
7128
7130
7131
7132
7132
7135
7135
7136
7138
7138
7139
7139
7142
7142
7143
7143
7146
7147
7147
7148
7149
7150
7151
7153
7153
7154
7154
7156
7157
7157
7160
7160
7161
7162
7163
7164
7166
7166
7168
7168
7168
7171
7171
7172
7173
7173
7175
7176
7176
7179
7180
7180
7181
7183
7183
7184
7185
7186
7187
7188
7188
7190
7191
7191
7194
7194
7195
7196
7198
7198
7198
7200
7200
7203
7203
7204
7205
7205
7207
7208
7209
7209
7211
7212
7213
7213
7215
7216
7218
7218
7220
7221
7222
7222
7223
7225
7225
7226
7228
7229
7229
7230
7230
7231
7232
7234
7235
7236
7236
7238
7238
7239
7241
7242
7243
7244
7245
7245
7246
7249
7249
7249
7250
7252
7253
7254
7255
7256
7256
7258
7258
7259
7261
7262
7263
7264
7264
7267
7267
7268
7269
7271
7271
7272
7274
7274
7275
7276
7277
7277
7280
7281
7281
7281
7283
7284
7286
7286
7286
7289
7289
7290
7290
7293
7294
7294
7295
7295
7296
7299
7299
7300
7301
7302
7304
7304
7305
7307
7307
7309
7309
7310
7311
7311
7313
7314
7316
7316
7317
7317
7319
7320
7320
7322
7323
7324
7326
7326
7327
7329
7329
7331
7331
7332
7332
7333
7334
7337
7337
7339
7339
7341
7341
7343
7344
7344
7344
7346
7347
7349
7350
7350
7352
7352
7352
7354
7355
7355
7356
7357
7359
7360
7362
7362
7363
7364
7365
7366
7367
7368
7368
7369
7370
7372
7373
7373
7374
7376
7377
7378
7379
7380
7382
7382
7383
7384
7384
7385
7387
7388
7389
7391
7391
7392
7392
7394
7394
7397
7397
7398
7398
7400
7401
7401
7402
7403
7406
7407
7408
7408
7409
7410
7411
7412
7413
7415
7416
7416
7417
7418
7419
7420
7420
7422
7423
7425
7425
7425
7427
7428
7429
7429
7431
7431
7433
7433
7434
7435
7437
7438
7438
7441
7442
7442
7443
7444
7445
7445
7447
7448
7448
7450
7451
7451
7454
7454
7454
7455
7457
7458
7459
7460
7461
7461
7464
7465
7465
7466
7467
7467
7468
7470
7470
7473
7474
7475
7475
7476
7476
7478
7479
7480
7481
7483
7483
7484
7486
7486
7487
7488
7489
7490
7491
7492
7492
7495
7495
7496
7498
7499
7500
7500
7501
7502
7503
7503
7505
7506
7507
7507
7509
7510
7511
7513
7513
7513
7514
7516
7516
7518
7519
7520
7520
7522
7523
7524
7524
7526
7528
7529
7529
7530
7530
7532
7534
7534
7536
7536
7537
7539
7540
7541
7541
7541
7543
7544
7545
7547
7548
7548
7549
7550
7551
7552
7553
7554
7555
7556
7556
7558
7560
7560
7561
7562
7563
7563
7565
7566
7567
7568
7568
7571
7572
7572
7572
7575
7575
7576
7578
7578
7579
7580
7580
7582
7583
7584
7585
7586
7587
7588
7589
7590
7591
7593
7593
7594
7594
7595
7597
7598
7599
7601
7601
7601
7602
7604
7605
7605
7607
7607
7610
7611
7611
7612
7613
7613
7616
7616
7617
7617
7619
7620
7621
7622
7624
7625
7625
7627
7627
7628
7629
7630
7631
7632
7633
7634
7635
7636
7637
7638
7639
7639
7641
7642
7643
7643
7645
7646
7646
7647
7649
7650
7650
7653
7654
7655
7656
7657
7657
7657
7659
7660
7661
7662
7663
7665
7665
7666
7668
7669
7669
7671
7671
7673
7673
7674
7675
7676
7676
7678
7678
7680
7681
7681
7683
7683
7684
7685
7688
7689
7689
7690
7690
7692
7692
7693
7695
7697
7697
7698
7698
7699
7702
7702
7702
7704
7704
7706
7707
7707
7709
7709
7710
7713
7714
7714
7716
7716
7717
7719
7719
7720
7721
7721
7722
7724
7724
7727
7727
7727
7730
7731
7731
7732
7733
7733
7734
7735
7738
7738
7739
7740
7742
7742
7743
7744
7745
7746
7747
7748
7749
7749
7751
7752
7752
7753
7756
7757
7758
7758
7760
7760
7761
7762
7763
7763
7766
7767
7767
7768
7768
7770
7770
7773
7773
7774
7775
7776
7776
7777
7779
7779
7781
7782
7784
7785
7786
7786
7787
7788
7790
7790
7791
7791
7792
7795
7795
7795
7797
7799
7799
7801
7802
7802
7804
7804
7804
7806
7806
7807
7810
7811
7812
7812
7812
7814
7814
7816
7817
7817
7819
7819
7821
7822
7822
7823
7826
7826
7826
7828
7829
7830
7830
7831
7833
7833
7836
7836
7836
7839
7839
7840
7842
7843
7843
7843
7844
7847
7847
7848
7850
7850
7850
7852
7853
7853
7855
7856
7858
7858
7858
7861
7861
7862
7862
7863
7865
7866
7868
7868
7869
7871
7871
7872
7874
7874
7874
7877
7878
7878
7879
7880
7881
7882
7883
7883
7884
7885
7887
7888
7888
7889
7892
7893
7893
7894
7896
7896
7897
7899
7900
7900
7901
7903
7903
7904
7906
7906
7906
7908
7908
7910
7911
7911
7913
7915
7915
7916
7916
7918
7918
7920
7922
7922
7923
7924
7924
7925
7926
7929
7930
7931
7931
7931
7932
7934
7935
7937
7938
7939
7939
7939
7942
7942
7943
7943
7945
7945
7946
7949
7949
7949
7951
7951
7952
7955
7956
7957
7957
7958
7959
7960
7961
7961
7963
7964
7966
7966
7966
7969
7969
7970
7970
7971
7973
7975
7976
7977
7978
7979
7980
7981
7982
7982
7982
7983
7984
7985
7987
7988
7989
7990
7992
7993
7993
7995
7995
7995
7998
7998
7999
8000
