3
3
4
4
5
7
7
7
10
11
12
12
12
14
15
16
16
17
19
20
20
23
23
24
25
27
27
28
29
31
31
32
32
34
36
36
36
38
39
40
41
42
43
45
45
46
48
48
50
50
51
52
53
55
56
56
57
58
59
60
62
62
63
63
65
67
68
69
69
70
72
73
74
74
75
75
77
77
79
79
80
83
83
83
86
86
87
88
89
90
91
92
92
94
95
97
98
98
98
99
102
103
103
105
105
106
106
108
109
110
111
111
113
114
115
117
118
119
119
120
120
122
123
124
125
126
127
127
128
130
131
132
133
134
135
136
136
138
138
140
141
142
144
144
144
146
146
148
149
150
151
151
153
153
154
155
156
157
159
161
161
161
163
163
166
166
167
168
169
171
172
172
174
175
175
176
177
177
180
180
181
182
182
184
186
187
187
189
189
190
191
191
193
194
194
195
197
198
199
201
202
202
202
203
205
205
207
207
210
210
210
212
213
215
215
215
217
219
219
219
221
223
224
224
225
226
227
228
230
230
232
232
233
235
235
235
237
239
239
240
241
241
242
243
245
247
247
247
250
250
250
251
