1
9
17
18
18
21
22
23
30
32
37
54
61
70
72
75
80
84
85
94
95
99
102
116
118
119
120
123
124
130
132
133
135
137
142
144
147
153
172
174
174
177
178
179
180
183
184
191
193
194
204
205
207
208
212
213
214
214
224
224
224
226
231
234
247
248
255
256
261
265
269
270
270
275
277
279
280
292
294
294
298
303
309
313
315
316
318
320
324
329
332
332
334
335
336
337
337
344
348
350
352
359
368
375
383
385
391
395
405
406
409
413
417
419
425
431
434
434
441
452
452
456
468
469
478
480
483
484
484
486
486
489
492
498
499
504
512
515
519
520
520
521
527
535
535
535
545
546
553
554
556
556
566
568
577
578
588
589
599
603
608
611
613
618
622
623
623
625
641
643
655
679
679
682
684
685
686
706
710
713
717
719
720
722
727
729
731
741
757
760
761
763
769
770
772
774
775
778
782
790
792
795
795
799
800
804
805
818
820
821
824
824
825
830
849
850
851
852
858
858
860
862
867
868
871
876
877
877
882
894
895
896
897
910
911
918
918
919
934
934
936
939
944
946
963
970
975
980
986
991
1000
1008
1014
1017
1020
1029
1039
1040
1043
1047
1048
1053
1053
1056
1058
1066
1069
1070
1074
1074
1076
1077
1077
1082
1083
1094
1095
1103
1105
1107
1109
1111
1119
1121
1122
1124
1135
1141
1149
1155
1158
1166
1170
1170
1172
1177
1187
1195
1197
1199
1200
1201
1201
1208
1211
1212
1214
1216
1219
1221
1233
1239
1245
1248
1251
1252
1258
1262
1266
1271
1276
1278
1281
1292
1294
1296
1302
1306
1307
1309
1310
1312
1312
1313
1315
1316
1317
1318
1323
1332
1336
1337
1341
1342
1343
1347
1352
1353
1353
1355
1362
1369
1369
1369
1371
1373
1376
1382
1394
1396
1398
1411
1412
1414
1415
1417
1422
1423
1429
1431
1433
1436
1439
1443
1447
1470
1471
1471
1473
1483
1483
1492
1492
1494
1500
1501
1508
1523
1531
1536
1536
1537
1548
1552
1553
1559
1563
1564
1566
1567
1572
1576
1578
1579
1583
1587
1588
1589
1600
1605
1612
1617
1625
1627
1630
1636
1638
1640
1643
1645
1646
1650
1657
1659
1672
1677
1682
1683
1684
1697
1698
1699
1703
1703
1722
1724
1729
1734
1741
1745
1753
1758
1769
1776
1776
1786
1788
1790
1792
1793
1797
1801
1803
1811
1815
1822
1823
1829
1830
1831
1831
1835
1835
1839
1839
1846
1846
1848
1850
1853
1855
1858
1859
1861
1861
1862
1895
1896
1897
1906
1913
1923
1928
1930
1931
1933
1940
1948
1948
1974
1979
1981
1986
1990
1992
1993
1994
2000
2003
2015
2016
2022
2026
2026
2027
2033
2035
2038
2042
2044
2052
2054
2058
2058
2070
2073
2075
2082
2087
2095
2097
2103
2106
2108
2109
2112
2113
2114
2121
2125
2127
2131
2136
2137
2137
2140
2141
2142
2148
2151
2153
2154
2157
2164
2165
2168
2169
2170
2170
2171
2173
2176
2176
2180
2185
2186
2190
2202
2204
2212
2217
2218
2227
2230
2231
2233
2234
2235
2236
2248
2250
2251
2251
2258
2263
2264
2264
2269
2270
2285
2285
2293
2295
2302
2314
2316
2319
2321
2322
2341
2350
2351
2352
2370
2373
2373
2376
2382
2392
2402
2404
2409
2414
2425
2428
2433
2434
2436
2439
2441
2445
2445
2448
2459
2470
2473
2474
2475
2478
2479
2491
2492
2493
2494
2494
2496
2508
2520
2524
2525
2530
2545
2548
2549
2552
2555
2562
2562
2567
2569
2572
2578
2578
2579
2584
2587
2587
2591
2598
2604
2605
2609
2617
2620
2623
2639
2639
2647
2647
2649
2653
2663
2669
2670
2671
2679
2680
2682
2684
2684
2690
2701
2711
2717
2724
2727
2728
2732
2736
2742
2742
2743
2745
2755
2757
2763
2765
2766
2774
2775
2804
2806
2810
2812
2816
2818
2819
2824
2827
2829
2837
2847
2850
2852
2860
2861
2870
2883
2884
2885
2886
2890
2890
2893
2898
2904
2927
2927
2930
2935
2937
2938
2941
2941
2945
2947
2948
2949
2955
2956
2958
2963
2964
2967
2969
2978
2983
2989
2997
3001
3001
3006
3009
3016
3020
3027
3032
3040
3040
3047
3048
3059
3059
3072
3077
3080
3081
3095
3096
3098
3103
3111
3120
3121
3121
3124
3124
3127
3132
3136
3140
3141
3143
3144
3144
3161
3176
3177
3181
3182
3185
3186
3189
3193
3200
3211
3214
3215
3217
3219
3224
3228
3236
3249
3255
3255
3256
3256
3257
3259
3261
3262
3264
3270
3273
3289
3295
3297
3303
3306
3309
3316
3320
3320
3322
3331
3339
3340
3342
3344
3348
3351
3352
3373
3374
3376
3376
3391
3395
3396
3398
3403
3405
3407
3410
3416
3416
3421
3421
3422
3423
3425
3440
3440
3442
3442
3449
3462
3462
3464
3464
3467
3468
3474
3483
3490
3493
3493
3505
3508
3518
3519
3519
3526
3526
3534
3545
3551
3552
3557
3559
3562
3564
3567
3569
3574
3579
3587
3592
3593
3604
3606
3613
3615
3616
3617
3618
3629
3629
3634
3641
3644
3653
3659
3659
3663
3669
3669
3670
3675
3675
3682
3682
3692
3693
3695
3695
3700
3701
3712
3718
3719
3722
3727
3728
3729
3731
3733
3734
3734
3740
3740
3741
3745
3746
3753
3754
3756
3759
3760
3761
3762
3768
3769
3772
3773
3787
3790
3793
3794
3799
3799
3804
3805
3808
3810
3811
3815
3815
3816
3819
3820
3823
3835
3838
3842
3846
3848
3849
3854
3860
3866
3871
3872
3873
3881
3881
3887
3895
3900
3902
3911
3915
3915
3918
3925
3934
3935
3937
3937
3941
3943
3944
3947
3961
3967
3968
3971
3974
3982
3986
3996
4000
4002
4008
4012
4014
4023
4023
4026
4028
4031
4032
4032
4033
4039
4050
4057
4058
4058
4059
4063
4064
4066
4067
4068
4076
4083
4085
4088
4088
4089
4102
4104
4112
4113
4116
4116
4119
4121
4128
4132
4133
4134
4135
4148
4157
4159
4161
4163
4165
4171
4171
4172
4172
4174
4175
4176
4176
4184
4185
4189
4198
4208
4209
4214
4217
4219
4222
4222
4226
4232
4235
4238
4238
4246
4247
4248
4251
4259
4264
4264
4266
4271
4273
4275
4280
4284
4305
4313
4315
4315
4315
4315
4318
4320
4321
4323
4328
4332
4333
4339
4339
4353
4355
4355
4357
4358
4358
4360
4361
4368
4370
4374
4376
4379
4380
4383
4390
4397
4397
4397
4398
4399
4401
4404
4409
4410
4410
4410
4412
4414
4417
4417
4418
4429
4433
4434
4439
4442
4445
4445
4452
4455
4455
4457
4458
4458
4460
4462
4465
4465
4467
4469
4470
4472
4473
4479
4482
4484
4484
4488
4490
4490
4496
4497
4500
4501
4503
4508
4509
4512
4514
4518
4521
4526
4529
4533
4536
4540
4550
4551
4552
4554
4555
4578
4584
4593
4597
4602
4604
4604
4606
4608
4609
4611
4611
4612
4613
4614
4617
4619
4625
4625
4643
4646
4647
4651
4655
4655
4655
4656
4658
4669
4669
4685
4687
4689
4692
4704
4707
4715
4720
4720
4722
4728
4739
4745
4748
4752
4761
4764
4767
4769
4773
4776
4780
4784
4792
4803
4805
4806
4812
4826
4834
4840
4841
4844
4845
4852
4857
4859
4864
4867
4873
4878
4883
4883
4884
4884
4884
4895
4897
4897
4898
4900
4901
4903
4911
4911
4911
4915
4916
4918
4918
4926
4927
4931
4933
4937
4938
4942
4942
4953
4954
4957
4967
4972
4973
4977
4982
4982
4984
4984
4989
5002
5004
5009
5012
5022
5035
5041
5041
5046
5051
5054
5070
5074
5078
5081
5083
5083
5086
5092
5098
5098
5102
5108
5111
5111
5111
5113
5118
5124
5127
5134
5134
5134
5136
5140
5148
5149
5150
5151
5151
5156
5158
5161
5162
5162
5174
5181
5189
5190
5190
5192
5193
5196
5200
5212
5212
5218
5221
5222
5226
5228
5230
5240
5242
5247
5249
5252
5255
5260
5266
5266
5269
5269
5271
5273
5277
5295
5298
5303
5304
5309
5314
5315
5315
5316
5317
5319
5321
5327
5333
5334
5335
5338
5343
5344
5350
5350
5350
5358
5361
5367
5368
5379
5384
5389
5390
5392
5392
5403
5403
5409
5412
5420
5420
5431
5439
5441
5446
5452
5455
5461
5462
5464
5468
5471
5476
5478
5480
5484
5496
5503
5503
5507
5508
5519
5523
5529
5532
5534
5539
5541
5543
5544
5554
5555
5556
5557
5558
5583
5587
5595
5599
5599
5601
5603
5607
5623
5634
5639
5639
5640
5644
5646
5648
5651
5651
5663
5668
5675
5679
5680
5682
5691
5695
5701
5703
5706
5711
5712
5717
5718
5719
5726
5726
5731
5739
5740
5740
5754
5755
5755
5758
5760
5762
5763
5771
5774
5778
5780
5781
5785
5789
5795
5796
5797
5797
5801
5808
5816
5823
5823
5832
5843
5843
5845
5847
5850
5854
5858
5862
5864
5871
5874
5876
5879
5883
5889
5894
5896
5900
5901
5906
5912
5912
5925
5927
5934
5940
5943
5958
5962
5962
5963
5965
5968
5984
5989
5990
5991
5998
6003
6008
6019
6020
6029
6031
6031
6035
6038
6041
6044
6046
6048
6049
6050
6053
6058
6072
6079
6085
6086
6091
6096
6097
6105
6108
6108
6114
6116
6119
6120
6121
6139
6140
6154
6167
6168
6169
6171
6172
6172
6173
6174
6174
6189
6195
6196
6205
6211
6218
6226
6239
6243
6248
6250
6279
6279
6298
6300
6302
6304
6305
6306
6307
6311
6312
6312
6317
6326
6329
6336
6338
6341
6343
6345
6347
6350
6351
6357
6362
6367
6372
6376
6378
6388
6391
6392
6395
6399
6400
6401
6405
6405
6407
6411
6413
6414
6414
6421
6421
6424
6429
6435
6439
6446
6448
6452
6454
6458
6460
6462
6463
6467
6473
6482
6483
6487
6488
6495
6495
6495
6496
6500
6501
6503
6505
6507
6511
6513
6515
6519
6520
6522
6525
6526
6532
6533
6533
6536
6542
6546
6547
6552
6554
6559
6564
6573
6579
6581
6584
6591
6598
6599
6602
6602
6602
6606
6608
6620
6624
6626
6632
6635
6635
6636
6636
6646
6649
6653
6653
6657
6662
6662
6667
6682
6683
6687
6688
6688
6691
6700
6700
6711
6718
6718
6728
6733
6742
6742
6744
6745
6745
6747
6753
6753
6757
6758
6764
6768
6769
6770
6771
6777
6782
6782
6789
6789
6791
6794
6802
6805
6814
6816
6817
6817
6827
6828
6834
6838
6846
6850
6854
6857
6859
6866
6867
6872
6873
6878
6891
6891
6892
6894
6907
6912
6921
6922
6923
6934
6945
6947
6947
6948
6951
6956
6964
6965
6965
6965
6988
6989
6990
6991
6991
6993
6993
6997
6998
7001
7002
7003
7008
7011
7011
7012
7014
7015
7018
7026
7031
7032
7039
7039
7047
7048
7051
7055
7057
7058
7062
7080
7104
7105
7118
7121
7124
7134
7137
7138
7139
7143
7158
7163
7166
7168
7170
7174
7180
7182
7186
7187
7192
7192
7193
7196
7200
7201
7223
7225
7225
7227
7234
7247
7248
7251
7260
7262
7264
7272
7274
7274
7287
7293
7295
7297
7304
7307
7311
7319
7327
7329
7333
7333
7337
7337
7339
7342
7343
7345
7346
7348
7348
7350
7357
7358
7360
7368
7369
7377
7378
7378
7379
7381
7384
7387
7388
7389
7396
7399
7402
7411
7417
7424
7425
7427
7432
7433
7436
7439
7439
7440
7442
7443
7455
7463
7467
7467
7469
7471
7472
7475
7495
7496
7504
7507
7509
7511
7518
7519
7521
7535
7536
7538
7544
7544
7547
7550
7550
7552
7559
7561
7562
7578
7580
7580
7583
7584
7588
7594
7598
7605
7605
7606
7614
7617
7622
7633
7634
7638
7638
7638
7642
7643
7653
7657
7664
7669
7669
7672
7675
7688
7699
7700
7708
7710
7710
7712
7712
7713
7716
7730
7736
7741
7742
7752
7756
7770
7772
7775
7777
7781
7782
7797
7798
7803
7804
7808
7816
7816
7817
7817
7820
7820
7824
7828
7833
7844
7846
7846
7863
7874
7875
7885
7886
7890
7894
7896
7897
7900
7903
7929
7929
7930
7937
7947
7948
7956
7957
7959
7961
7963
7974
7975
7977
7983
7993
7994
7998
8000
8001
8015
8023
8026
8036
8039
8042
8054
8059
8060
8062
8064
8073
8077
8080
8089
8092
8095
8099
8116
8118
8132
8141
8145
8146
8147
8156
8156
8159
8163
8167
8172
8176
8183
8188
8189
8191
8194
8199
8200
8202
8205
8206
8219
8237
8238
8243
8243
8246
8253
8257
8262
8266
8273
8274
8274
8277
8280
8282
8287
8289
8292
8302
8309
8314
8328
8341
8346
8358
8359
8363
8368
8377
8380
8382
8385
8396
8396
8400
8404
8409
8413
8415
8417
8419
8433
8436
8438
8442
8444
8451
8452
8452
8453
8456
8458
8468
8471
8475
8475
8489
8493
8497
8505
8505
8505
8509
8512
8518
8518
8518
8523
8523
8525
8526
8528
8530
8530
8539
8547
8549
8551
8554
8557
8575
8579
8591
8594
8603
8603
8604
8608
8609
8611
8617
8618
8628
8633
8639
8646
8647
8652
8655
8675
8676
8678
8680
8684
8686
8692
8696
8699
8702
8702
8703
8705
8712
8714
8717
8718
8729
8730
8745
8754
8759
8762
8765
8766
8767
8775
8779
8782
8784
8785
8787
8795
8800
8800
8810
8815
8818
8826
8827
8827
8831
8832
8835
8844
8864
8867
8873
8874
8874
8875
8880
8880
8880
8881
8883
8888
8892
8893
8896
8898
8903
8904
8911
8914
8917
8920
8922
8932
8932
8936
8940
8944
8951
8968
8974
8980
8981
8986
8987
8990
8991
8995
9005
9011
9011
9021
9022
9023
9024
9028
9033
9035
9037
9038
9049
9050
9052
9054
9057
9059
9061
9064
9068
9069
9069
9074
9084
9099
9100
9104
9105
9111
9112
9133
9134
9134
9136
9138
9138
9143
9143
9147
9156
9159
9159
9162
9164
9168
9170
9170
9175
9178
9179
9184
9184
9196
9199
9200
9202
9203
9205
9206
9207
9208
9208
9211
9224
9226
9227
9228
9239
9240
9246
9247
9251
9260
9261
9264
9271
9271
9276
9278
9280
9281
9284
9285
9286
9287
9289
9289
9297
9299
9306
9311
9314
9321
9325
9334
9339
9352
9357
9358
9358
9360
9366
9377
9380
9386
9392
9395
9397
9400
9402
9404
9406
9416
9420
9425
9430
9444
9444
9452
9456
9456
9463
9475
9481
9482
9487
9495
9496
9496
9501
9510
9520
9536
9549
9554
9554
9557
9558
9567
9579
9579
9599
9601
9603
9605
9605
9617
9617
9617
9618
9619
9621
9621
9624
9627
9633
9634
9637
9641
9645
9645
9652
9660
9665
9665
9671
9675
9686
9692
9693
9701
9710
9714
9715
9715
9722
9724
9727
9730
9733
9735
9742
9744
9750
9750
9751
9752
9752
9752
9761
9764
9766
9767
9775
9776
9778
9784
9795
9796
9806
9808
9815
9819
9823
9825
9826
9828
9830
9832
9835
9839
9840
9847
9849
9851
9860
9867
9870
9873
9879
9883
9884
9885
9892
9896
9896
9901
9906
9909
9917
9918
9919
9921
9927
9930
9931
9931
9931
9937
9945
9945
9946
9948
9948
9955
9958
9963
9964
9966
9967
9967
9975
9978
9978
9978
9985
9990
9991
9998
9998
10001
10006
10006
10007
10007
10011
10013
10016
10016
10017
10017
10020
10024
10026
10030
10030
10037
10040
10040
10045
10047
10048
10056
10058
10067
10070
10071
10081
10083
10086
10091
10092
10094
10098
10099
10099
10101
10112
10113
10114
10114
10116
10127
10130
10133
10140
10140
10142
10143
10144
10144
10145
10147
10149
10150
10157
10163
10164
10164
10174
10175
10179
10179
10180
10180
10180
10182
10182
10182
10183
10195
10198
10201
10202
10208
10218
10219
10222
10224
10227
10232
10250
10252
10260
10270
10275
10288
10292
10311
10311
10312
10314
10322
10325
10332
10334
10347
10348
10352
10356
10359
10368
10373
10373
10376
10377
10385
10387
10387
10387
10388
10392
10393
10397
10398
10401
10403
10412
10421
10423
10427
10428
10429
10435
10442
10444
10447
10452
10452
10453
10469
10475
10487
10494
10506
10508
10513
10518
10527
10529
10531
10533
10540
10541
10552
10553
10555
10557
10561
10565
10566
10567
10569
10578
10587
10588
10590
10594
10594
10597
10601
10603
10604
10606
10608
10610
10613
10627
10642
10648
10649
10658
10659
10659
10660
10660
10662
10664
10665
10667
10675
10678
10678
10679
10687
10688
10690
10690
10694
10699
10702
10705
10705
10707
10719
10725
10739
10751
10756
10758
10761
10765
10768
10771
10774
10779
10779
10790
10793
10815
10826
10831
10839
10839
10842
10848
10849
10850
10856
10859
10863
10864
10864
10870
10891
10892
10896
10900
10907
10911
10918
10919
10923
10924
10960
10961
10976
10978
10991
10997
10998
11004
11006
11011
11013
11027
11027
11029
11032
11040
11042
11042
11051
11052
11053
11056
11057
11058
11061
11064
11066
11076
11076
11080
11081
11081
11085
11088
11107
11109
11110
11115
11116
11116
11117
11118
11128
11128
11130
11136
11143
11148
11155
11160
11174
11174
11178
11180
11199
11200
11202
11207
11210
11221
11221
11225
11226
11242
11244
11245
11249
11255
11255
11256
11265
11277
11282
11287
11300
11303
11306
11318
11319
11322
11330
11333
11343
11344
11348
11357
11361
11362
11367
11373
11374
11379
11380
11385
11385
11396
11399
11401
11407
11413
11423
11424
11432
11438
11439
11444
11445
11449
11452
11466
11467
11473
11474
11475
11476
11477
11478
11478
11495
11495
11497
11500
11507
11512
11517
11521
11532
11542
11543
11551
11556
11558
11568
11575
11578
11589
11590
11595
11600
11601
11617
11620
11627
11629
11632
11649
11650
11657
11661
11662
11662
11669
11672
11677
11684
11686
11696
11701
11702
11707
11712
11716
11717
11723
11728
11728
11743
11748
11750
11753
11754
11758
11765
11781
11785
11788
11802
11813
11818
11819
11829
11832
11836
11837
11840
11842
11842
11844
11849
11850
11854
11854
11858
11861
11866
11874
11890
11890
11896
11898
11909
11912
11917
11918
11919
11927
11935
11938
11942
11949
11951
11953
11957
11958
11962
11963
11964
11968
11982
11984
11984
11989
11994
11995
11997
11999
12006
12011
12012
12014
12017
12018
12023
12026
12027
12036
12036
12040
12043
12053
12062
12068
12069
12071
12075
12079
12080
12082
12085
12089
12089
12090
12090
12095
12100
12101
12108
12108
12108
12112
12116
12119
12128
12129
12131
12132
12133
12137
12150
12156
12163
12168
12168
12170
12178
12180
12181
12184
12189
12196
12198
12200
12201
12204
12218
12222
12224
12226
12237
12238
12242
12252
12256
12258
12262
12263
12266
12269
12269
12271
12274
12275
12278
12279
12281
12282
12289
12296
12298
12306
12312
12317
12319
12330
12334
12338
12340
12345
12349
12354
12360
12361
12366
12370
12376
12383
12384
12385
12394
12397
12398
12400
12403
12404
12404
12411
12431
12435
12438
12449
12461
12461
12467
12467
12472
12472
12475
12479
12485
12486
12487
12489
12496
12497
12501
12506
12510
12510
12522
12523
12530
12533
12538
12543
12547
12555
12557
12563
12563
12564
12571
12571
12580
12580
12590
12591
12592
12597
12606
12606
12613
12619
12621
12623
12626
12634
12638
12638
12643
12647
12651
12654
12657
12659
12659
12662
12665
12665
12668
12673
12673
12678
12686
12686
12691
12692
12694
12695
12707
12711
12726
12727
12734
12737
12738
12752
12753
12754
12757
12760
12767
12774
12786
12796
12809
12810
12817
12823
12828
12829
12851
12853
12858
12862
12865
12872
12883
12883
12891
12892
12892
12892
12893
12901
12902
12906
12913
12922
12922
12923
12925
12926
12939
12944
12946
12949
12951
12959
12974
12975
12976
12978
12980
12980
12987
12990
12991
12995
12997
13001
13003
13010
13011
13014
13015
13016
13017
13017
13022
13023
13030
13035
13035
13037
13037
13043
13045
13053
13057
13061
13068
13073
13074
13076
13082
13083
13084
13089
13107
13108
13112
13112
13118
13131
13131
13134
13146
13149
13150
13151
13153
13160
13163
13168
13171
13171
13178
13185
13197
13197
13206
13208
13213
13214
13219
13219
13220
13221
13224
13231
13233
13235
13239
13243
13244
13245
13259
13261
13261
13264
13265
13267
13276
13284
13285
13287
13288
13289
13293
13296
13298
13308
13310
13321
13326
13327
13329
13330
13332
13332
13333
13334
13336
13339
13341
13357
13362
13365
13367
13369
13370
13377
13379
13385
13394
13395
13395
13396
13397
13398
13406
13417
13417
13424
13425
13431
13438
13439
13452
13460
13460
13460
13463
13472
13482
13485
13487
13487
13493
13501
13511
13513
13515
13516
13523
13531
13535
13544
13550
13553
13555
13571
13578
13587
13589
13605
13607
13607
13608
13611
13616
13619
13620
13621
13623
13623
13633
13640
13641
13645
13652
13655
13657
13658
13659
13663
13663
13668
13675
13676
13676
13681
13683
13687
13692
13692
13706
13713
13714
13721
13727
13748
13750
13752
13755
13756
13756
13759
13761
13761
13763
13771
13772
13788
13792
13805
13807
13813
13818
13823
13824
13827
13830
13849
13851
13856
13863
13866
13868
13869
13871
13880
13883
13883
13886
13893
13896
13903
13904
13907
13908
13909
13912
13916
13917
13920
13924
13925
13925
13927
13935
13940
13941
13942
13947
13948
13950
13952
13968
13974
13975
13976
13977
13978
13982
13996
13997
14012
14030
14031
14032
14035
14038
14044
14044
14058
14061
14062
14062
14066
14066
14074
14075
14081
14095
14096
14100
14100
14102
14104
14108
14109
14110
14121
14124
14127
14130
14135
14135
14140
14144
14147
14148
14156
14159
14163
14169
14170
14171
14173
14175
14175
14176
14177
14181
14184
14190
14200
14215
14220
14221
14231
14234
14239
14248
14255
14256
14264
14267
14269
14272
14276
14276
14277
14277
14278
14283
14287
14298
14301
14302
14303
14306
14311
14331
14339
14342
14342
14343
14344
14345
14352
14352
14354
14361
14369
14369
14370
14382
14383
14383
14385
14385
14394
14394
14395
14399
14400
14403
14403
14404
14405
14422
14426
14427
14432
14434
14436
14440
14443
14448
14451
14455
14455
14457
14463
14469
14475
14479
14480
14480
14488
14489
14490
14492
14492
14500
14502
14505
14507
14507
14513
14515
14518
14520
14522
14530
14536
14542
14545
14549
14550
14551
14556
14557
14569
14574
14575
14576
14577
14580
14581
14581
14581
14597
14600
14612
14612
14622
14623
14624
14624
14625
14626
14629
14635
14637
14646
14646
14651
14651
14660
14660
14671
14671
14673
14674
14687
14688
14694
14697
14707
14710
14711
14715
14717
14719
14724
14732
14737
14737
14740
14741
14746
14746
14747
14748
14749
14757
14763
14763
14766
14767
14775
14776
14777
14777
14780
14790
14793
14794
14800
14801
14802
14806
14808
14809
14814
14823
14824
14834
14835
14836
14847
14853
14857
14858
14860
14864
14866
14868
14869
14877
14882
14883
14885
14887
14889
14891
14892
14893
14899
14899
14900
14903
14909
14919
14920
14922
14924
14924
14925
14931
14945
14948
14950
14954
14955
14966
14991
14999
15000
15002
15007
15016
15018
15019
15019
15020
15024
15024
15026
15030
15033
15051
15054
15057
15060
15061
15063
15065
15073
15075
15075
15086
15090
15095
15095
15111
15113
15113
15115
15116
15117
15118
15127
15135
15136
15139
15146
15149
15154
15154
15156
15159
15164
15165
15168
15179
15188
15189
15194
15195
15199
15205
15206
15207
15209
15209
15210
15212
15218
15219
15220
15222
15223
15224
15229
15231
15232
15237
15239
15239
15239
15241
15245
15247
15253
15261
15265
15270
15282
15287
15289
15306
15307
15309
15312
15314
15319
15321
15323
15324
15325
15328
15329
15342
15343
15343
15347
15353
15354
15354
15354
15358
15363
15370
15375
15382
15383
15398
15406
15412
15413
15426
15431
15438
15443
15465
15465
15474
15481
15484
15484
15486
15490
15490
15491
15496
15497
15502
15510
15514
15523
15523
15527
15534
15539
15543
15549
15549
15553
15557
15557
15564
15571
15577
15583
15584
15588
15590
15591
15591
15592
15595
15597
15600
15604
15605
15610
15613
15618
15622
15626
15631
15632
15636
15641
15644
15645
15646
15646
15653
15655
15657
15659
15660
15664
15677
15684
15689
15699
15700
15714
15720
15725
15727
15731
15733
15738
15743
15750
15751
15751
15752
15756
15757
15760
15761
15764
15764
15764
15774
15780
15782
15785
15796
15798
15802
15806
15806
15808
15809
15809
15809
15816
15821
15825
15833
15835
15846
15847
15848
15853
15854
15854
15855
15867
15870
15870
15878
15889
15897
15898
15901
15902
15910
15911
15915
15921
15921
15926
15927
15930
15936
15938
15938
15938
15941
15944
15950
15951
15962
15967
15970
15977
15979
15980
15984
15985
15994
15995
15995
15995
15998
arquivo ordenado pelo algoritmo 	qsort da api C++, tempo da ordenação = 0.999928 milisegundos

