0
3
3
5
7
8
13
14
20
25
25
28
30
34
34
36
36
39
40
41
42
42
42
47
52
54
63
64
64
66
67
67
69
71
74
75
75
76
78
79
81
81
86
93
106
108
110
111
117
117
117
122
131
131
132
132
133
137
137
138
140
142
142
143
143
144
149
150
151
152
155
161
163
163
165
165
165
165
169
177
177
178
180
180
181
185
185
187
189
191
197
200
202
208
209
209
210
211
211
213
214
215
215
215
216
217
218
220
223
225
227
237
238
239
240
240
241
244
244
246
246
248
253
254
258
260
262
266
269
269
272
273
278
280
282
284
284
284
285
287
288
290
290
292
292
293
295
295
296
300
300
301
303
303
303
304
307
308
309
311
312
312
314
321
322
324
330
335
338
340
340
342
342
343
343
347
351
353
354
355
355
356
356
363
371
375
375
376
380
381
381
386
388
390
392
395
399
399
407
408
419
423
423
425
426
430
431
431
435
437
441
443
444
453
453
453
456
467
467
470
470
470
473
473
476
477
483
484
485
488
488
489
490
492
495
500
502
503
505
509
513
517
519
519
521
522
523
524
525
525
527
528
529
537
538
538
540
540
540
545
546
546
551
552
555
558
559
559
562
566
570
571
572
572
573
574
575
576
581
582
583
585
587
592
593
593
593
598
599
601
601
606
606
607
610
612
612
613
613
613
615
615
616
616
620
620
623
624
625
625
628
635
636
638
638
640
642
643
645
648
650
653
656
656
658
660
661
662
667
669
670
672
676
677
677
682
683
685
690
693
696
698
701
701
703
704
709
710
714
715
716
716
717
717
719
720
721
721
723
724
725
729
731
732
735
738
739
742
742
749
749
752
756
758
758
760
761
762
763
764
765
768
770
770
771
771
773
781
781
784
788
788
791
791
792
797
800
800
801
806
807
808
809
809
809
811
813
814
814
819
821
823
824
825
828
829
832
832
834
834
835
837
838
843
843
848
851
851
853
856
857
858
859
860
862
874
876
877
879
879
882
884
885
888
889
889
891
891
892
893
897
901
902
904
905
905
906
909
909
912
914
914
915
917
919
921
923
924
925
927
927
927
927
930
931
931
937
941
941
944
945
949
953
954
955
956
957
959
962
964
966
966
970
972
975
975
976
977
978
980
980
981
982
982
984
984
990
995
995
999
1001
1002
1003
1004
1005
1011
1011
1015
1016
1021
1028
1029
1030
1032
1034
1035
1036
1036
1036
1037
1038
1039
1041
1041
1043
1045
1048
1048
1052
1052
1053
1054
1058
1058
1058
1060
1063
1067
1071
1073
1075
1076
1077
1077
1080
1080
1086
1087
1089
1089
1089
1090
1092
1093
1095
1096
1098
1104
1105
1106
1107
1112
1112
1116
1119
1123
1124
1124
1127
1130
1133
1133
1133
1135
1136
1137
1139
1140
1140
1141
1142
1143
1146
1151
1151
1154
1154
1156
1157
1159
1162
1165
1165
1167
1168
1168
1171
1172
1173
1173
1177
1177
1179
1180
1180
1182
1184
1185
1186
1186
1191
1197
1199
1200
1201
1202
1202
1202
1202
1204
1206
1206
1207
1209
1209
1218
1228
1231
1233
1234
1236
1239
1239
1242
1242
1243
1243
1249
1249
1249
1250
1250
1252
1255
1255
1256
1257
1259
1260
1261
1262
1263
1264
1267
1267
1269
1271
1271
1271
1272
1273
1273
1274
1279
1280
1281
1283
1284
1286
1287
1290
1292
1293
1295
1296
1300
1303
1306
1307
1308
1312
1313
1313
1314
1318
1319
1322
1326
1332
1333
1337
1338
1339
1339
1340
1341
1342
1343
1347
1348
1351
1352
1353
1353
1355
1356
1356
1358
1358
1371
1375
1375
1376
1378
1383
1383
1384
1386
1388
1392
1393
1396
1397
1397
1397
1398
1398
1400
1402
1403
1405
1407
1409
1410
1413
1416
1417
1420
1423
1424
1424
1424
1425
1426
1427
1428
1433
1433
1435
1442
1445
1447
1451
1451
1453
1454
1455
1455
1457
1462
1462
1463
1464
1466
1467
1469
1469
1473
1476
1476
1476
1477
1478
1478
1479
1485
1487
1488
1497
1499
1501
1502
1504
1509
1509
1510
1512
1515
1516
1516
1516
1518
1519
1521
1522
1529
1531
1537
1539
1547
1548
1549
1551
1552
1553
1553
1556
1557
1558
1558
1567
1569
1569
1569
1570
1572
1573
1573
1574
1575
1575
1576
1578
1580
1582
1587
1589
1590
1590
1590
1596
1598
1599
1599
1600
1607
1608
1611
1611
1612
1613
1615
1619
1619
1621
1622
1622
1624
1625
1625
1626
1627
1627
1628
1634
1636
1636
1636
1637
1638
1639
1642
1642
1643
1644
1644
1644
1646
1649
1649
1654
1658
1658
1660
1662
1662
1662
1663
1665
1665
1665
1665
1666
1669
1672
1673
1675
1676
1678
1681
1683
1683
1683
1683
1687
1687
1687
1693
1693
1695
1697
1700
1702
1702
1703
1714
1714
1715
1717
1720
1725
1731
1734
1735
1736
1737
1739
1743
1746
1748
1748
1749
1751
1751
1755
1757
1757
1760
1762
1762
1764
1765
1767
1768
1769
1770
1772
1778
1785
1785
1787
1789
1792
1797
1797
1798
1800
1800
1802
1806
1807
1810
1811
1811
1811
1812
1814
1815
1817
1821
1822
1827
1828
1829
1830
1837
1840
1841
1841
1842
1845
1845
1847
1848
1849
1851
1852
1869
1873
1875
1875
1876
1883
1887
1889
1894
1895
1895
1898
1901
1901
1903
1907
1907
1908
1908
1911
1915
1916
1918
1921
1924
1926
1929
1932
1938
1939
1943
1946
1947
1952
1958
1964
1964
1964
1966
1967
1971
1978
1978
1982
1987
1991
1992
1994
1995
1995
1997
1997
2001
2003
2003
2005
2006
2009
2016
2016
2017
2018
2019
2028
2029
2029
2036
2039
2040
2042
2043
2046
2049
2049
2050
2051
2051
2055
2058
2058
2063
2064
2066
2070
2073
2075
2077
2077
2078
2079
2083
2084
2085
2086
2087
2092
2097
2098
2100
2100
2101
2103
2105
2105
2110
2110
2113
2113
2120
2120
2121
2122
2126
2130
2131
2132
2133
2135
2139
2140
2143
2143
2145
2148
2149
2149
2152
2153
2153
2154
2155
2156
2158
2162
2166
2169
2177
2186
2187
2189
2192
2195
2198
2199
2200
2201
2202
2211
2211
2213
2213
2213
2218
2221
2222
2225
2225
2232
2233
2234
2236
2237
2238
2240
2240
2243
2243
2246
2246
2246
2248
2252
2257
2258
2264
2265
2266
2267
2271
2272
2274
2277
2278
2280
2282
2286
2292
2293
2294
2295
2299
2299
2300
2300
2301
2301
2305
2309
2309
2312
2314
2319
2323
2326
2326
2326
2326
2332
2335
2342
2342
2345
2345
2345
2346
2348
2349
2350
2353
2353
2358
2360
2360
2364
2364
2366
2366
2368
2373
2374
2375
2376
2376
2376
2379
2381
2386
2388
2393
2397
2397
2397
2399
2399
2400
2402
2404
2408
2409
2409
2410
2411
2413
2415
2418
2420
2421
2428
2429
2436
2439
2440
2442
2443
2444
2444
2444
2444
2452
2455
2456
2457
2459
2460
2462
2466
2469
2470
2478
2480
2481
2481
2483
2486
2489
2490
2492
2493
2496
2498
2499
2502
2502
2502
2506
2507
2507
2512
2512
2513
2515
2517
2521
2521
2523
2523
2524
2525
2525
2526
2527
2528
2532
2532
2536
2537
2543
2548
2549
2549
2550
2550
2550
2551
2554
2562
2563
2563
2565
2566
2566
2568
2569
2569
2569
2571
2572
2572
2573
2573
2574
2575
2575
2576
2579
2581
2584
2585
2585
2586
2591
2592
2592
2593
2598
2601
2604
2608
2611
2612
2618
2621
2622
2622
2623
2624
2627
2630
2630
2630
2631
2631
2633
2634
2639
2640
2642
2643
2644
2645
2647
2650
2651
2653
2658
2665
2665
2666
2669
2670
2670
2673
2674
2676
2679
2682
2683
2688
2690
2691
2692
2692
2696
2697
2698
2699
2700
2701
2701
2702
2703
2704
2705
2707
2707
2707
2708
2709
2712
2712
2713
2714
2718
2718
2718
2720
2720
2722
2722
2722
2723
2726
2727
2729
2732
2735
2740
2743
2744
2746
2751
2752
2755
2758
2759
2762
2770
2770
2772
2773
2778
2782
2791
2795
2797
2800
2800
2805
2805
2806
2808
2810
2812
2812
2812
2815
2815
2817
2818
2828
2828
2829
2830
2835
2836
2839
2839
2840
2841
2843
2846
2850
2851
2856
2869
2869
2870
2873
2878
2880
2885
2887
2888
2889
2890
2893
2896
2897
2904
2904
2904
2905
2906
2906
2908
2909
2915
2916
2917
2917
2917
2921
2929
2929
2931
2933
2934
2937
2938
2941
2942
2942
2944
2945
2946
2947
2948
2948
2951
2953
2954
2960
2963
2967
2967
2968
2968
2969
2970
2972
2974
2975
2976
2977
2977
2979
2979
2980
2982
2984
2984
2985
2986
2989
2990
2990
2991
2992
2992
2994
2997
2997
2999
3000
3005
3005
3006
3011
3011
3011
3015
3016
3026
3028
3030
3031
3032
3036
3037
3041
3042
3043
3046
3047
3049
3052
3053
3064
3067
3070
3072
3076
3076
3078
3083
3084
3084
3086
3086
3089
3089
3090
3090
3092
3094
3098
3105
3106
3106
3108
3110
3114
3115
3117
3117
3119
3120
3120
3124
3126
3129
3130
3130
3131
3132
3133
3133
3135
3136
3137
3137
3137
3138
3139
3140
3142
3147
3152
3154
3155
3157
3158
3159
3162
3164
3167
3169
3173
3184
3184
3186
3187
3188
3188
3189
3191
3193
3197
3198
3198
3199
3206
3206
3206
3210
3213
3218
3218
3220
3220
3221
3222
3224
3226
3230
3230
3236
3236
3242
3243
3244
3244
3244
3245
3248
3248
3249
3251
3254
3255
3256
3259
3260
3263
3266
3267
3268
3268
3269
3270
3270
3271
3272
3276
3276
3278
3278
3279
3280
3281
3281
3282
3283
3283
3286
3286
3294
3299
3305
3309
3309
3312
3314
3317
3319
3319
3320
3321
3321
3322
3324
3324
3324
3326
3329
3330
3330
3333
3336
3338
3339
3341
3342
3346
3347
3352
3354
3357
3359
3361
3363
3364
3364
3368
3369
3369
3373
3374
3375
3375
3378
3379
3381
3384
3385
3388
3389
3396
3397
3398
3399
3400
3400
3400
3401
3402
3402
3402
3405
3406
3407
3407
3410
3410
3410
3414
3417
3417
3417
3417
3419
3420
3422
3422
3424
3426
3427
3427
3428
3429
3430
3433
3434
3435
3438
3448
3457
3464
3465
3467
3467
3470
3472
3473
3474
3474
3478
3480
3482
3486
3486
3489
3495
3495
3497
3498
3498
3498
3499
3502
3503
3503
3507
3508
3510
3510
3511
3511
3512
3515
3516
3517
3518
3520
3523
3524
3529
3531
3531
3537
3538
3540
3540
3544
3547
3552
3553
3554
3556
3560
3571
3576
3580
3581
3585
3585
3588
3596
3596
3597
3599
3603
3604
3605
3606
3608
3609
3611
3612
3612
3614
3617
3617
3622
3623
3624
3626
3628
3629
3630
3631
3631
3633
3634
3635
3635
3635
3639
3641
3644
3650
3652
3652
3653
3654
3654
3655
3658
3658
3660
3661
3664
3666
3673
3675
3678
3679
3679
3682
3682
3684
3685
3687
3688
3689
3691
3692
3692
3694
3698
3699
3702
3706
3706
3707
3708
3708
3714
3714
3717
3720
3725
3727
3728
3729
3731
3731
3735
3736
3736
3740
3741
3744
3745
3749
3749
3756
3756
3758
3759
3761
3763
3765
3765
3765
3767
3767
3767
3768
3773
3776
3781
3786
3787
3787
3792
3794
3794
3795
3796
3799
3801
3802
3804
3806
3807
3807
3808
3808
3811
3811
3816
3819
3820
3821
3821
3822
3822
3822
3823
3826
3826
3830
3831
3833
3833
3834
3842
3848
3849
3853
3856
3861
3861
3862
3865
3868
3868
3869
3874
3875
3877
3879
3881
3883
3884
3884
3884
3887
3893
3893
3894
3895
3896
3901
3912
3915
3918
3925
3926
3928
3929
3929
3929
3932
3935
3940
3941
3942
3944
3947
3947
3948
3948
3949
3949
3949
3949
3955
3955
3956
3958
3969
3969
3975
3981
3982
3988
3990
3992
3992
3997
3997
3999
4003
4004
4005
4005
4009
4016
4017
4022
4023
4024
4024
4025
4026
4027
4027
4028
4030
4032
4032
4032
4034
4036
4042
4045
4045
4045
4048
4048
4049
4049
4053
4054
4056
4059
4065
4067
4068
4074
4075
4079
4079
4082
4083
4084
4085
4086
4090
4091
4096
4099
4100
4100
4101
4104
4105
4117
4119
4123
4123
4128
4131
4133
4141
4141
4146
4147
4147
4149
4150
4152
4152
4152
4155
4155
4156
4156
4161
4161
4164
4170
4170
4171
4174
4179
4180
4181
4183
4185
4185
4190
4190
4190
4192
4193
4193
4194
4195
4195
4196
4198
4199
4201
4201
4203
4204
4204
4206
4207
4212
4215
4218
4218
4219
4221
4223
4223
4225
4225
4225
4225
4227
4230
4231
4232
4233
4246
4251
4256
4257
4257
4260
4261
4261
4264
4268
4269
4277
4283
4283
4286
4294
4295
4295
4300
4300
4301
4303
4304
4307
4308
4308
4311
4312
4312
4315
4316
4316
4319
4323
4324
4324
4328
4331
4331
4333
4334
4336
4337
4341
4341
4343
4344
4345
4345
4346
4354
4357
4361
4362
4363
4364
4365
4366
4368
4369
4371
4372
4373
4374
4374
4374
4375
4376
4378
4379
4379
4380
4380
4381
4382
4383
4385
4385
4388
4393
4399
4399
4401
4403
4410
4412
4413
4415
4415
4416
4424
4427
4427
4428
4432
4434
4436
4436
4437
4438
4439
4441
4442
4443
4448
4448
4450
4451
4452
4456
4456
4457
4458
4460
4462
4462
4465
4466
4471
4473
4475
4481
4483
4485
4488
4489
4493
4494
4498
4500
4502
4502
4511
4511
4514
4514
4515
4516
4518
4522
4523
4527
4527
4527
4527
4527
4530
4530
4535
4535
4540
4542
4543
4544
4544
4545
4545
4546
4554
4554
4554
4557
4558
4565
4566
4567
4568
4568
4571
4573
4574
4579
4584
4586
4588
4590
4590
4592
4593
4595
4595
4597
4601
4601
4604
4606
4610
4611
4615
4615
4616
4619
4620
4632
4633
4635
4639
4640
4640
4645
4645
4646
4649
4652
4653
4654
4655
4656
4664
4666
4667
4668
4670
4674
4676
4677
4679
4680
4683
4684
4688
4691
4691
4695
4695
4700
4702
4703
4705
4706
4707
4707
4708
4715
4715
4716
4716
4718
4721
4725
4726
4730
4732
4736
4736
4738
4739
4743
4745
4747
4751
4752
4754
4755
4756
4756
4757
4758
4759
4761
4763
4763
4764
4768
4778
4788
4789
4790
4791
4796
4798
4799
4800
4800
4801
4802
4802
4803
4806
4807
4807
4809
4811
4811
4812
4819
4819
4820
4824
4824
4825
4826
4826
4827
4827
4830
4837
4839
4842
4844
4847
4849
4852
4852
4853
4855
4856
4859
4860
4861
4863
4866
4866
4867
4870
4875
4879
4880
4884
4886
4891
4892
4894
4895
4897
4899
4900
4900
4903
4905
4906
4909
4910
4914
4914
4915
4916
4917
4919
4919
4926
4928
4929
4929
4932
4932
4932
4934
4936
4936
4936
4942
4943
4949
4951
4951
4954
4955
4957
4961
4962
4967
4967
4970
4973
4977
4978
4978
4979
4979
4981
4981
4981
4982
4984
4985
4986
4988
4994
4995
4996
4997
4998
4999
5001
5001
5002
5005
5014
5016
5017
5018
5020
5023
5024
5026
5026
5026
5028
5031
5031
5036
5037
5040
5046
5048
5050
5050
5051
5054
5056
5060
5063
5064
5067
5069
5071
5072
5074
5074
5076
5081
5082
5082
5082
5083
5084
5086
5088
5089
5089
5089
5091
5092
5093
5094
5100
5102
5102
5107
5107
5107
5109
5110
5112
5116
5118
5120
5125
5129
5131
5132
5135
5137
5140
5144
5146
5148
5150
5150
5152
5154
5157
5159
5160
5162
5172
5173
5174
5176
5176
5177
5178
5179
5182
5184
5187
5187
5189
5189
5193
5194
5194
5194
5194
5196
5197
5197
5198
5198
5198
5199
5200
5201
5208
5212
5212
5214
5214
5215
5218
5220
5220
5224
5225
5228
5228
5239
5242
5244
5247
5247
5248
5249
5249
5250
5254
5259
5264
5266
5268
5269
5272
5285
5285
5286
5287
5288
5288
5289
5289
5290
5292
5295
5295
5299
5306
5311
5311
5313
5317
5319
5333
5333
5333
5333
5335
5335
5336
5337
5338
5339
5342
5342
5345
5346
5346
5352
5362
5363
5366
5366
5367
5370
5375
5378
5380
5380
5381
5384
5384
5391
5393
5394
5395
5397
5398
5399
5400
5402
5403
5405
5406
5408
5409
5411
5415
5416
5423
5426
5429
5430
5430
5430
5436
5436
5436
5437
5440
5444
5444
5446
5447
5448
5450
5450
5459
5460
5460
5461
5461
5462
5467
5467
5475
5478
5480
5482
5483
5485
5485
5488
5490
5491
5492
5494
5496
5497
5497
5504
5506
5509
5510
5510
5518
5521
5522
5528
5535
5535
5536
5537
5538
5538
5541
5546
5549
5550
5550
5552
5553
5556
5559
5559
5564
5568
5569
5572
5575
5576
5577
5577
5578
5580
5584
5588
5589
5590
5594
5596
5597
5597
5597
5597
5598
5601
5606
5606
5607
5607
5607
5607
5609
5611
5613
5618
5623
5624
5629
5631
5638
5639
5642
5643
5643
5643
5646
5649
5656
5657
5658
5659
5659
5660
5665
5672
5673
5674
5674
5675
5681
5681
5682
5683
5684
5695
5698
5699
5700
5700
5701
5702
5702
5703
5705
5705
5706
5711
5715
5716
5717
5721
5721
5723
5725
5726
5730
5732
5734
5736
5738
5742
5743
5744
5746
5746
5748
5749
5750
5750
5755
5758
5760
5766
5772
5772
5772
5774
5781
5784
5786
5787
5789
5790
5790
5795
5797
5798
5801
5803
5804
5805
5810
5814
5815
5824
5825
5826
5830
5833
5839
5840
5840
5840
5845
5846
5847
5856
5856
5857
5858
5859
5859
5859
5860
5862
5864
5869
5870
5876
5877
5877
5878
5880
5886
5889
5890
5893
5897
5900
5902
5902
5907
5909
5913
5913
5914
5918
5921
5923
5923
5923
5925
5933
5934
5935
5944
5945
5948
5950
5951
5956
5960
5963
5965
5966
5968
5969
5970
5970
5971
5973
5980
5981
5989
5990
5991
5993
5995
6002
6005
6006
6007
6012
6020
6023
6024
6025
6030
6030
6036
6038
6039
6039
6043
6044
6047
6048
6049
6049
6049
6054
6055
6056
6057
6058
6060
6060
6063
6064
6064
6067
6069
6070
6071
6087
6088
6090
6093
6095
6096
6100
6101
6103
6112
6117
6118
6120
6123
6124
6129
6129
6135
6135
6141
6151
6151
6152
6154
6155
6157
6157
6161
6163
6164
6166
6166
6169
6169
6171
6179
6180
6185
6192
6195
6197
6199
6200
6200
6203
6204
6206
6211
6213
6213
6215
6219
6228
6230
6230
6233
6234
6238
6241
6244
6250
6253
6254
6255
6255
6256
6256
6257
6263
6265
6267
6267
6272
6276
6277
6278
6281
6283
6291
6293
6296
6298
6300
6301
6307
6309
6311
6311
6313
6316
6316
6317
6318
6322
6324
6324
6326
6327
6327
6329
6329
6329
6335
6337
6344
6345
6352
6353
6354
6355
6356
6359
6359
6360
6362
6362
6366
6368
6375
6378
6379
6380
6386
6391
6391
6404
6406
6412
6416
6420
6421
6428
6429
6432
6435
6436
6436
6439
6443
6445
6446
6446
6450
6452
6453
6456
6456
6457
6462
6463
6465
6465
6469
6469
6470
6477
6478
6481
6481
6482
6483
6484
6484
6484
6484
6488
6488
6491
6491
6491
6495
6501
6504
6505
6510
6515
6519
6519
6520
6522
6529
6532
6534
6538
6539
6540
6540
6541
6546
6546
6551
6552
6555
6559
6562
6562
6566
6567
6568
6570
6570
6571
6572
6573
6573
6574
6582
6584
6584
6587
6589
6590
6591
6591
6591
6594
6595
6595
6596
6598
6599
6601
6603
6604
6609
6613
6616
6616
6618
6619
6619
6623
6626
6627
6627
6631
6633
6636
6637
6639
6641
6642
6644
6646
6646
6653
6656
6665
6666
6666
6667
6668
6670
6679
6680
6681
6681
6682
6682
6683
6684
6685
6687
6689
6689
6689
6692
6694
6696
6698
6701
6702
6703
6704
6704
6706
6709
6711
6712
6713
6720
6721
6722
6723
6723
6724
6725
6726
6732
6732
6733
6734
6735
6737
6737
6737
6742
6744
6746
6747
6750
6750
6752
6752
6753
6754
6763
6765
6768
6775
6777
6779
6782
6784
6784
6785
6785
6787
6787
6791
6793
6794
6794
6794
6798
6799
6801
6803
6804
6810
6811
6812
6819
6822
6826
6827
6828
6830
6837
6838
6839
6846
6847
6847
6848
6849
6849
6853
6854
6858
6858
6860
6866
6867
6867
6867
6869
6871
6874
6877
6882
6885
6889
6892
6893
6895
6900
6901
6903
6907
6907
6910
6912
6913
6922
6922
6923
6925
6927
6934
6935
6938
6938
6938
6943
6945
6945
6953
6955
6956
6962
6964
6965
6965
6967
6967
6968
6968
6971
6972
6974
6977
6982
6983
6985
6985
6990
6991
6993
6995
6996
6997
7001
7002
7003
7005
7008
7009
7009
7010
7012
7014
7016
7020
7022
7022
7024
7026
7027
7028
7029
7031
7033
7035
7036
7036
7036
7036
7037
7037
7039
7041
7045
7047
7049
7051
7053
7054
7057
7060
7064
7064
7065
7065
7070
7070
7073
7077
7081
7082
7083
7084
7088
7092
7092
7093
7094
7094
7096
7097
7097
7098
7100
7103
7105
7105
7108
7109
7110
7111
7113
7114
7114
7117
7119
7123
7125
7127
7128
7132
7135
7138
7142
7143
7143
7146
7151
7153
7154
7156
7158
7158
7160
7161
7161
7161
7162
7167
7172
7174
7179
7189
7190
7191
7191
7201
7202
7203
7203
7206
7206
7207
7207
7208
7210
7216
7217
7218
7222
7222
7223
7226
7228
7232
7234
7244
7246
7246
7247
7247
7251
7255
7257
7258
7259
7261
7262
7263
7264
7266
7269
7271
7272
7272
7279
7281
7282
7282
7285
7286
7287
7293
7293
7295
7296
7296
7300
7302
7303
7304
7305
7305
7306
7307
7311
7312
7314
7316
7320
7326
7332
7334
7335
7336
7340
7342
7344
7348
7351
7355
7359
7360
7363
7363
7365
7366
7366
7368
7368
7369
7376
7376
7379
7379
7380
7384
7387
7387
7389
7389
7389
7391
7394
7403
7405
7406
7411
7415
7416
7417
7418
7418
7418
7418
7421
7424
7427
7430
7430
7431
7432
7435
7440
7442
7446
7448
7449
7450
7451
7454
7456
7457
7457
7460
7461
7462
7463
7468
7468
7470
7470
7470
7472
7473
7480
7486
7486
7488
7490
7490
7491
7492
7496
7496
7498
7499
7500
7501
7501
7507
7508
7508
7512
7512
7519
7526
7528
7528
7530
7531
7533
7534
7535
7537
7538
7539
7539
7542
7544
7546
7548
7549
7549
7558
7560
7561
7563
7566
7566
7567
7568
7569
7571
7573
7574
7574
7580
7580
7581
7582
7584
7585
7585
7588
7590
7597
7599
7601
7605
7608
7610
7610
7612
7613
7614
7618
7622
7624
7628
7628
7630
7634
7635
7637
7637
7642
7646
7647
7647
7649
7649
7651
7652
7656
7657
7659
7659
7662
7667
7668
7671
7676
7676
7685
7690
7694
7696
7697
7698
7699
7699
7700
7702
7704
7707
7707
7709
7710
7712
7714
7716
7716
7719
7719
7721
7721
7722
7725
7725
7733
7736
7737
7738
7739
7741
7742
7744
7744
7745
7748
7749
7750
7753
7753
7755
7755
7758
7760
7761
7764
7766
7766
7766
7768
7769
7779
7780
7781
7783
7790
7797
7799
7800
7800
7802
7804
7806
7810
7811
7814
7818
7820
7824
7827
7828
7836
7836
7839
7842
7847
7847
7848
7849
7850
7852
7856
7858
7858
7860
7863
7864
7865
7867
7868
7870
7870
7871
7871
7873
7873
7874
7877
7878
7879
7882
7883
7888
7891
7900
7901
7906
7911
7912
7912
7919
7920
7921
7923
7924
7924
7925
7927
7927
7930
7934
7935
7935
7938
7938
7941
7942
7943
7950
7952
7954
7960
7964
7968
7971
7973
7974
7978
7979
7981
7981
7988
7989
7993
7993
7997
7998
7998
7999
7999
7999
7999
8000
8002
8003
8003
8006
8008
8011
8014
8016
8017
8018
8018
8019
8022
8022
8022
8025
8029
8030
8030
8031
8032
8042
8042
8053
8054
8058
8060
8060
8060
8062
8063
8063
8068
8071
8073
8075
8076
8080
8081
8081
8081
8083
8087
8088
8088
8090
8092
8094
8098
8099
8100
8102
8104
8104
8108
8109
8109
8109
8110
8113
8117
8117
8121
8126
8128
8137
8139
8141
8146
8146
8150
8151
8153
8154
8155
8156
8157
8159
8160
8161
8163
8165
8168
8170
8170
8174
8174
8177
8181
8183
8183
8185
8186
8191
8191
8192
8193
8195
8195
8195
8196
8198
8201
8206
8207
8208
8209
8209
8209
8210
8211
8212
8212
8213
8213
8216
8217
8218
8219
8220
8220
8222
8223
8224
8227
8228
8234
8238
8239
8241
8241
8241
8244
8246
8247
8249
8250
8250
8252
8255
8257
8257
8258
8258
8262
8267
8267
8268
8272
8273
8278
8281
8281
8285
8288
8290
8292
8292
8293
8301
8303
8308
8310
8314
8315
8317
8317
8327
8331
8336
8336
8343
8350
8350
8352
8353
8353
8354
8363
8364
8366
8367
8367
8367
8368
8371
8373
8387
8393
8396
8402
8405
8406
8411
8413
8413
8414
8417
8421
8423
8424
8433
8434
8436
8437
8438
8439
8443
8444
8446
8446
8447
8450
8450
8451
8453
8458
8460
8460
8463
8464
8465
8466
8466
8469
8472
8474
8474
8475
8480
8483
8487
8489
8491
8492
8492
8493
8497
8498
8498
8504
8512
8513
8514
8515
8515
8516
8517
8518
8520
8523
8524
8527
8533
8535
8535
8537
8537
8537
8539
8540
8551
8553
8555
8556
8559
8559
8562
8564
8564
8565
8565
8573
8575
8577
8580
8581
8589
8590
8592
8592
8593
8593
8595
8596
8598
8603
8604
8605
8608
8608
8618
8619
8620
8622
8625
8628
8630
8635
8642
8645
8646
8646
8650
8655
8656
8657
8658
8659
8661
8661
8663
8663
8665
8665
8666
8669
8673
8674
8674
8675
8676
8677
8677
8680
8681
8688
8688
8689
8694
8695
8696
8697
8699
8704
8706
8710
8716
8718
8718
8722
8725
8727
8731
8731
8736
8736
8736
8736
8737
8739
8741
8745
8745
8746
8746
8748
8752
8757
8757
8757
8758
8760
8763
8767
8767
8773
8773
8776
8780
8781
8781
8782
8783
8786
8787
8789
8791
8792
8796
8798
8799
8800
8802
8802
8802
8803
8804
8814
8815
8821
8821
8821
8823
8823
8824
8825
8827
8836
8841
8842
8845
8848
8848
8849
8850
8858
8865
8867
8870
8870
8871
8872
8872
8873
8876
8877
8878
8880
8883
8886
8890
8890
8890
8890
8891
8894
8896
8896
8897
8901
8901
8903
8904
8904
8908
8908
8909
8911
8912
8914
8917
8918
8920
8925
8929
8934
8935
8937
8937
8939
8943
8944
8949
8950
8960
8966
8967
8967
8971
8975
8976
8976
8977
8977
8979
8987
8989
8989
8991
8997
9000
9004
9004
9005
9005
9005
9008
9010
9010
9012
9013
9014
9016
9016
9017
9018
9019
9020
9025
9029
9030
9032
9033
9035
9037
9038
9041
9041
9041
9045
9045
9045
9046
9046
9047
9047
9049
9051
9056
9057
9057
9058
9063
9067
9068
9071
9073
9074
9075
9076
9078
9078
9082
9084
9087
9087
9090
9091
9091
9092
9097
9098
9100
9101
9103
9103
9106
9107
9107
9111
9112
9114
9127
9135
9135
9138
9141
9147
9155
9156
9159
9160
9163
9163
9164
9167
9171
9172
9173
9174
9177
9187
9187
9191
9192
9195
9198
9201
9201
9202
9203
9208
9210
9215
9215
9217
9218
9226
9228
9229
9229
9231
9233
9233
9233
9235
9235
9235
9241
9244
9245
9245
9246
9246
9248
9248
9250
9250
9252
9252
9253
9255
9255
9256
9258
9263
9265
9267
9268
9274
9275
9278
9278
9280
9281
9282
9287
9288
9291
9292
9292
9292
9292
9303
9305
9311
9311
9313
9315
9315
9316
9316
9318
9323
9327
9331
9335
9335
9335
9336
9340
9341
9342
9343
9344
9346
9348
9348
9348
9352
9353
9358
9358
9361
9365
9368
9371
9371
9378
9381
9384
9384
9387
9387
9389
9394
9395
9396
9396
9397
9400
9401
9401
9414
9416
9419
9421
9421
9423
9425
9427
9430
9434
9437
9441
9443
9446
9449
9449
9452
9452
9452
9453
9453
9455
9455
9457
9458
9459
9464
9466
9469
9470
9472
9473
9475
9481
9483
9488
9491
9492
9493
9493
9498
9499
9499
9502
9502
9503
9503
9504
9504
9504
9507
9507
9509
9514
9515
9515
9517
9520
9521
9522
9524
9527
9527
9528
9528
9530
9531
9532
9532
9534
9540
9542
9547
9550
9553
9555
9556
9557
9558
9561
9563
9569
9570
9577
9577
9579
9584
9587
9588
9590
9591
9591
9591
9591
9593
9595
9596
9597
9598
9603
9604
9605
9605
9606
9613
9616
9617
9617
9621
9627
9627
9628
9629
9631
9632
9635
9636
9641
9643
9646
9648
9650
9653
9654
9657
9658
9660
9662
9664
9667
9667
9670
9671
9672
9682
9684
9686
9690
9691
9691
9691
9692
9695
9695
9696
9698
9699
9700
9702
9704
9706
9707
9711
9717
9718
9718
9718
9722
9722
9722
9724
9725
9727
9727
9728
9728
9728
9734
9738
9742
9743
9744
9745
9746
9752
9752
9752
9755
9758
9759
9760
9761
9762
9767
9767
9767
9777
9777
9778
9785
9785
9786
9789
9791
9793
9794
9796
9796
9796
9798
9801
9801
9803
9807
9807
9811
9814
9817
9818
9825
9828
9830
9831
9833
9837
9837
9839
9843
9844
9845
9846
9847
9848
9848
9849
9854
9858
9861
9864
9865
9870
9873
9874
9882
9887
9887
9890
9895
9896
9897
9899
9903
9904
9906
9910
9912
9913
9913
9914
9921
9925
9925
9930
9935
9941
9943
9946
9948
9948
9949
9952
9957
9958
9960
9961
9961
9962
9967
9972
9976
9976
9977
9978
9984
9984
9986
9986
9988
9990
9991
9993
9993
9999
10000
10002
10004
10005
10006
10006
10007
10007
10008
10011
10012
10014
10014
10015
10016
10019
10021
10022
10022
10024
10024
10024
10025
10030
10033
10033
10034
10037
10038
10039
10039
10041
10044
10046
10047
10052
10052
10055
10056
10058
10058
10065
10065
10065
10068
10069
10070
10072
10073
10074
10077
10079
10081
10081
10081
10083
10087
10089
10090
10091
10092
10092
10092
10094
10102
10102
10103
10103
10106
10110
10112
10114
10120
10121
10121
10123
10124
10125
10125
10125
10126
10128
10131
10131
10136
10136
10136
10138
10139
10141
10141
10143
10144
10145
10150
10151
10151
10152
10152
10153
10155
10155
10156
10157
10158
10159
10164
10173
10173
10174
10176
10179
10180
10183
10188
10193
10195
10197
10202
10204
10205
10209
10211
10215
10215
10217
10219
10220
10220
10224
10229
10230
10231
10232
10232
10234
10236
10236
10241
10244
10245
10248
10248
10251
10252
10253
10255
10262
10262
10265
10266
10267
10270
10272
10273
10273
10274
10278
10278
10279
10279
10280
10284
10284
10286
10289
10289
10290
10300
10304
10305
10305
10307
10310
10311
10312
10315
10317
10317
10318
10320
10321
10324
10326
10327
10331
10332
10337
10340
10341
10343
10345
10347
10349
10350
10351
10352
10353
10353
10355
10355
10357
10358
10360
10365
10369
10369
10374
10383
10383
10383
10387
10389
10390
10391
10395
10395
10395
10395
10397
10400
10404
10405
10411
10426
10427
10428
10429
10439
10439
10445
10445
10446
10447
10447
10451
10456
10458
10462
10468
10469
10472
10472
10476
10476
10477
10478
10478
10483
10488
10488
10497
10498
10498
10499
10502
10503
10503
10505
10505
10506
10510
10513
10518
10520
10520
10523
10524
10525
10526
10526
10526
10527
10527
10530
10532
10532
10534
10534
10534
10538
10540
10543
10544
10548
10548
10550
10552
10557
10558
10558
10559
10562
10563
10563
10563
10565
10583
10585
10586
10588
10588
10590
10590
10593
10595
10597
10601
10602
10602
10604
10609
10609
10610
10613
10618
10619
10621
10623
10624
10625
10626
10626
10627
10630
10631
10632
10633
10635
10636
10643
10644
10647
10648
10649
10650
10652
10653
10656
10657
10658
10659
10662
10662
10662
10663
10664
10666
10667
10677
10678
10680
10682
10682
10683
10684
10690
10693
10694
10695
10699
10700
10715
10716
10723
10728
10736
10752
10754
10755
10756
10756
10760
10763
10765
10771
10772
10774
10776
10777
10783
10784
10786
10786
10787
10789
10790
10793
10795
10800
10802
10805
10807
10807
10811
10811
10811
10814
10816
10816
10817
10819
10819
10822
10826
10830
10835
10837
10837
10837
10838
10841
10844
10845
10849
10849
10850
10850
10851
10852
10853
10854
10858
10858
10860
10862
10863
10865
10871
10875
10877
10878
10881
10882
10884
10886
10886
10890
10891
10892
10897
10898
10901
10902
10904
10908
10909
10910
10910
10912
10913
10913
10913
10914
10918
10918
10920
10921
10922
10924
10924
10924
10930
10931
10932
10934
10936
10938
10940
10946
10947
10951
10951
10956
10960
10960
10961
10964
10966
10970
10971
10973
10975
10975
10976
10976
10977
10979
10979
10980
10982
10983
10984
10987
10989
10993
10999
11001
11001
11006
11007
11009
11014
11016
11018
11022
11023
11026
11026
11027
11028
11031
11031
11033
11033
11037
11037
11039
11041
11044
11044
11047
11049
11050
11051
11055
11057
11061
11062
11065
11069
11069
11069
11070
11070
11070
11070
11071
11071
11075
11076
11076
11077
11077
11079
11079
11080
11083
11084
11085
11085
11091
11096
11097
11098
11098
11099
11100
11105
11105
11105
11106
11107
11108
11109
11111
11111
11116
11126
11130
11132
11134
11134
11136
11137
11139
11139
11141
11146
11148
11149
11154
11154
11155
11156
11157
11159
11168
11168
11169
11169
11169
11169
11170
11175
11175
11178
11178
11182
11183
11189
11193
11200
11205
11208
11210
11210
11211
11211
11214
11214
11216
11217
11219
11221
11232
11234
11235
11236
11242
11242
11243
11247
11248
11249
11256
11257
11257
11258
11259
11262
11262
11269
11269
11272
11272
11274
11275
11276
11285
11288
11292
11298
11298
11303
11304
11308
11309
11309
11310
11315
11316
11317
11319
11321
11323
11323
11324
11325
11326
11328
11330
11330
11334
11335
11336
11336
11337
11338
11340
11341
11343
11346
11350
11350
11352
11353
11353
11353
11354
11354
11358
11364
11366
11368
11369
11369
11371
11373
11373
11375
11376
11377
11380
11385
11386
11387
11387
11389
11396
11399
11400
11400
11403
11403
11408
11409
11409
11409
11410
11412
11414
11417
11418
11422
11423
11424
11427
11430
11431
11437
11437
11439
11440
11445
11445
11446
11450
11452
11452
11456
11457
11458
11459
11460
11460
11461
11461
11462
11462
11463
11466
11468
11469
11476
11479
11484
11484
11487
11490
11490
11494
11495
11498
11499
11501
11501
11502
11502
11504
11506
11506
11507
11508
11512
11513
11513
11516
11521
11525
11528
11528
11529
11529
11530
11530
11531
11536
11536
11537
11537
11538
11539
11541
11544
11544
11548
11552
11553
11553
11554
11557
11557
11562
11563
11576
11576
11578
11579
11580
11582
11585
11585
11590
11590
11591
11595
11596
11597
11597
11598
11599
11601
11603
11603
11604
11607
11609
11611
11613
11619
11621
11622
11623
11623
11627
11628
11628
11628
11629
11633
11636
11636
11637
11637
11640
11640
11641
11647
11651
11656
11658
11662
11665
11666
11667
11668
11669
11672
11674
11675
11677
11677
11678
11680
11681
11682
11684
11690
11691
11696
11696
11697
11699
11700
11702
11705
11709
11715
11715
11716
11719
11720
11721
11723
11723
11726
11727
11728
11729
11729
11731
11734
11734
11735
11735
11746
11746
11747
11747
11747
11748
11748
11749
11751
11752
11754
11754
11756
11756
11756
11760
11761
11763
11766
11766
11767
11770
11771
11773
11776
11777
11778
11778
11780
11780
11783
11784
11787
11790
11792
11797
11799
11803
11808
11812
11813
11813
11814
11817
11817
11820
11821
11823
11824
11825
11825
11826
11829
11842
11846
11847
11853
11855
11856
11856
11859
11866
11868
11870
11871
11871
11873
11873
11874
11875
11878
11878
11882
11884
11887
11896
11897
11898
11899
11900
11902
11904
11905
11906
11907
11907
11911
11914
11917
11920
11924
11925
11926
11928
11934
11934
11938
11939
11944
11945
11947
11947
11947
11947
11950
11952
11954
11954
11954
11955
11957
11957
11957
11960
11960
11965
11970
11970
11973
11974
11975
11979
11981
11982
11982
11983
11986
11987
11989
11990
11992
12001
12002
12002
12003
12004
12006
12007
12008
12012
12013
12014
12015
12016
12017
12034
12034
12034
12036
12041
12041
12045
12045
12048
12051
12052
12054
12055
12057
12064
12065
12066
12066
12069
12072
12074
12074
12076
12077
12079
12079
12081
12083
12083
12083
12084
12086
12089
12090
12091
12094
12095
12095
12095
12095
12101
12102
12102
12104
12104
12105
12106
12110
12111
12111
12112
12115
12118
12122
12124
12127
12129
12133
12133
12134
12140
12140
12142
12143
12143
12145
12148
12149
12150
12157
12158
12160
12163
12163
12165
12169
12169
12173
12178
12179
12185
12186
12187
12188
12189
12189
12191
12191
12191
12194
12196
12198
12199
12206
12212
12213
12213
12214
12214
12217
12218
12222
12223
12225
12228
12233
12234
12234
12236
12239
12240
12241
12242
12243
12247
12251
12255
12256
12257
12261
12263
12267
12268
12268
12269
12269
12269
12270
12275
12276
12283
12284
12287
12291
12295
12297
12303
12304
12305
12311
12311
12316
12316
12317
12319
12321
12323
12323
12332
12333
12339
12341
12343
12343
12343
12344
12348
12354
12355
12358
12360
12360
12366
12367
12368
12372
12373
12376
12377
12377
12380
12381
12383
12384
12386
12386
12387
12387
12387
12388
12388
12390
12392
12393
12393
12398
12402
12402
12403
12405
12405
12414
12414
12416
12417
12417
12417
12418
12420
12421
12425
12427
12428
12429
12431
12433
12434
12436
12438
12441
12442
12442
12443
12444
12444
12446
12452
12454
12457
12460
12460
12460
12463
12464
12466
12468
12469
12469
12469
12469
12478
12480
12482
12482
12484
12486
12490
12492
12492
12494
12497
12498
12498
12499
12499
12499
12501
12501
12502
12503
12503
12505
12509
12510
12516
12517
12517
12518
12520
12520
12520
12521
12522
12522
12524
12526
12533
12533
12535
12537
12538
12540
12545
12546
12546
12548
12553
12555
12558
12560
12561
12563
12570
12574
12575
12576
12576
12581
12582
12584
12589
12591
12593
12594
12594
12595
12600
12602
12603
12604
12605
12607
12611
12613
12614
12614
12618
12619
12619
12620
12621
12621
12630
12632
12632
12634
12636
12639
12639
12639
12641
12646
12648
12648
12650
12656
12659
12659
12660
12660
12662
12662
12663
12668
12669
12670
12675
12678
12678
12679
12679
12680
12681
12682
12683
12685
12687
12690
12691
12694
12695
12695
12696
12697
12698
12700
12702
12708
12709
12709
12712
12714
12718
12718
12718
12719
12720
12721
12727
12729
12732
12732
12733
12736
12737
12737
12737
12740
12740
12740
12741
12741
12744
12747
12749
12749
12750
12750
12750
12753
12753
12759
12761
12763
12764
12771
12771
12771
12772
12774
12776
12779
12785
12785
12785
12787
12789
12793
12795
12796
12800
12800
12801
12802
12802
12809
12809
12809
12812
12820
12820
12823
12823
12825
12826
12826
12829
12830
12831
12833
12842
12845
12845
12851
12851
12851
12852
12855
12858
12859
12859
12863
12864
12864
12865
12868
12871
12875
12877
12880
12881
12883
12883
12883
12884
12886
12886
12890
12890
12891
12892
12897
12897
12901
12905
12911
12912
12915
12915
12918
12919
12919
12921
12922
12926
12927
12928
12931
12932
12934
12936
12938
12945
12954
12954
12956
12957
12958
12958
12960
12965
12966
12968
12969
12970
12971
12973
12973
12974
12975
12978
12979
12985
12986
12988
12988
12991
12991
12993
12997
13014
13016
13017
13018
13020
13022
13024
13024
13025
13025
13028
13030
13032
13032
13033
13035
13038
13038
13039
13040
13040
13041
13041
13043
13045
13045
13047
13047
13048
13049
13054
13059
13060
13070
13071
13074
13083
13086
13089
13092
13096
13098
13098
13101
13101
13101
13102
13102
13104
13104
13105
13110
13111
13112
13116
13118
13120
13122
13130
13131
13132
13133
13133
13135
13135
13141
13144
13146
13147
13147
13147
13149
13151
13151
13153
13158
13162
13162
13169
13170
13170
13171
13173
13174
13174
13174
13174
13174
13177
13179
13180
13181
13181
13184
13188
13189
13193
13194
13195
13196
13198
13199
13206
13208
13208
13212
13212
13217
13219
13220
13220
13222
13222
13224
13225
13226
13232
13232
13234
13235
13238
13239
13241
13245
13246
13250
13251
13252
13258
13259
13260
13261
13261
13262
13270
13271
13272
13272
13272
13273
13274
13279
13283
13286
13287
13295
13295
13300
13300
13301
13301
13302
13303
13303
13303
13304
13306
13308
13308
13309
13310
13311
13314
13314
13319
13320
13324
13331
13334
13336
13338
13338
13343
13348
13349
13353
13354
13354
13355
13356
13357
13361
13363
13369
13370
13371
13378
13381
13387
13387
13387
13388
13390
13390
13391
13391
13393
13394
13397
13398
13399
13401
13402
13407
13407
13410
13416
13424
13425
13427
13429
13431
13434
13436
13437
13439
13441
13441
13444
13445
13454
13455
13456
13457
13459
13461
13464
13466
13468
13474
13474
13475
13481
13482
13484
13487
13489
13490
13491
13491
13492
13492
13495
13497
13497
13500
13502
13506
13511
13512
13513
13514
13519
13521
13525
13529
13529
13531
13539
13541
13543
13547
13548
13549
13554
13554
13559
13560
13560
13561
13565
13570
13570
13572
13574
13575
13576
13583
13584
13585
13585
13585
13589
13590
13590
13593
13594
13594
13596
13601
13602
13602
13603
13608
13609
13612
13612
13614
13617
13619
13619
13624
13624
13627
13628
13628
13630
13632
13633
13636
13636
13638
13639
13641
13646
13646
13646
13647
13649
13651
13652
13664
13665
13665
13666
13668
13674
13674
13675
13678
13680
13682
13683
13685
13685
13686
13687
13688
13690
13690
13691
13692
13693
13694
13696
13696
13697
13698
13698
13701
13702
13705
13706
13709
13711
13712
13713
13716
13716
13719
13727
13728
13730
13730
13734
13735
13739
13740
13740
13744
13745
13747
13748
13748
13749
13750
13751
13751
13760
13762
13764
13764
13764
13769
13771
13773
13777
13781
13781
13781
13785
13787
13788
13789
13789
13791
13791
13792
13794
13794
13794
13796
13796
13797
13806
13809
13812
13813
13815
13818
13821
13821
13831
13836
13836
13843
13845
13846
13846
13846
13847
13848
13850
13850
13852
13854
13854
13856
13857
13857
13858
13859
13860
13863
13869
13870
13870
13871
13873
13875
13875
13875
13879
13883
13890
13893
13895
13897
13898
13898
13898
13898
13899
13904
13916
13920
13922
13930
13931
13932
13934
13935
13936
13937
13938
13938
13943
13944
13944
13945
13948
13950
13950
13951
13952
13953
13953
13954
13957
13958
13961
13962
13962
13965
13965
13966
13967
13970
13973
13980
13987
13987
13988
13989
13991
13995
13996
13996
13999
14001
14003
14004
14005
14010
14013
14016
14021
14022
14024
14027
14029
14029
14029
14030
14033
14034
14037
14037
14037
14038
14047
14052
14053
14054
14056
14056
14057
14059
14059
14061
14061
14064
14066
14066
14069
14069
14069
14070
14070
14071
14072
14072
14074
14077
14079
14082
14083
14084
14085
14085
14086
14091
14092
14093
14096
14096
14098
14099
14103
14106
14108
14109
14112
14117
14117
14118
14121
14124
14125
14125
14126
14128
14129
14132
14134
14134
14139
14149
14149
14150
14155
14155
14155
14155
14156
14165
14170
14172
14176
14180
14182
14185
14186
14187
14187
14187
14187
14188
14190
14197
14198
14199
14203
14206
14207
14209
14213
14215
14216
14221
14224
14227
14229
14230
14230
14232
14232
14232
14233
14235
14235
14238
14238
14239
14239
14241
14243
14244
14248
14250
14250
14252
14252
14253
14254
14254
14257
14258
14258
14260
14262
14267
14267
14268
14271
14271
14272
14276
14276
14278
14278
14282
14285
14289
14290
14294
14296
14298
14302
14303
14303
14304
14304
14306
14306
14307
14309
14309
14310
14311
14313
14314
14318
14320
14324
14325
14329
14333
14335
14337
14338
14339
14341
14343
14344
14346
14349
14349
14352
14353
14358
14358
14359
14359
14363
14363
14364
14366
14366
14371
14373
14375
14376
14377
14384
14385
14385
14387
14387
14389
14394
14395
14397
14400
14400
14404
14405
14410
14411
14412
14413
14414
14415
14415
14416
14417
14418
14420
14420
14420
14421
14423
14423
14426
14431
14431
14432
14436
14437
14438
14440
14441
14445
14446
14448
14452
14453
14453
14455
14457
14460
14462
14464
14465
14466
14468
14468
14468
14473
14481
14486
14486
14488
14490
14495
14497
14497
14498
14500
14500
14500
14503
14506
14510
14511
14513
14513
14516
14518
14521
14523
14524
14525
14525
14529
14529
14531
14531
14534
14534
14536
14540
14543
14548
14552
14553
14554
14554
14554
14559
14562
14564
14565
14569
14570
14572
14573
14573
14578
14582
14583
14583
14584
14585
14587
14589
14592
14593
14596
14602
14602
14603
14605
14611
14614
14614
14615
14617
14618
14618
14619
14619
14619
14619
14625
14625
14626
14631
14631
14631
14636
14640
14641
14648
14648
14649
14651
14657
14658
14660
14665
14666
14672
14676
14686
14687
14689
14689
14691
14693
14693
14697
14700
14702
14703
14705
14705
14707
14708
14708
14714
14715
14716
14717
14720
14720
14722
14722
14724
14724
14725
14731
14732
14733
14735
14738
14738
14739
14742
14742
14743
14748
14748
14749
14755
14756
14756
14756
14758
14758
14760
14762
14764
14764
14765
14768
14768
14768
14771
14780
14780
14780
14782
14785
14785
14787
14790
14790
14791
14794
14802
14803
14804
14805
14806
14808
14808
14814
14816
14819
14819
14820
14824
14826
14828
14828
14829
14830
14831
14832
14832
14833
14834
14836
14837
14837
14840
14843
14849
14851
14852
14853
14856
14856
14858
14859
14860
14860
14862
14862
14863
14863
14863
14868
14868
14873
14873
14873
14874
14875
14877
14877
14879
14886
14886
14887
14891
14894
14895
14897
14897
14902
14905
14905
14907
14909
14916
14917
14918
14919
14919
14921
14922
14923
14927
14927
14932
14932
14932
14937
14944
14946
14946
14947
14948
14950
14951
14952
14955
14955
14956
14959
14961
14961
14962
14962
14969
14970
14972
14972
14975
14977
14981
14984
14984
14984
14984
14984
14987
14992
14993
14996
14997
15001
15002
15005
15008
15009
15013
15014
15015
15015
15017
15019
15019
15022
15022
15023
15027
15029
15031
15032
15032
15034
15042
15043
15044
15045
15047
15049
15051
15052
15060
15060
15063
15066
15068
15072
15073
15073
15074
15076
15076
15079
15079
15080
15082
15083
15086
15087
15093
15094
15097
15102
15103
15103
15106
15107
15116
15117
15118
15120
15121
15122
15124
15125
15125
15127
15128
15130
15131
15134
15134
15134
15134
15136
15137
15139
15139
15140
15142
15145
15151
15155
15155
15159
15160
15161
15163
15168
15173
15175
15176
15177
15185
15189
15191
15193
15193
15195
15200
15205
15208
15209
15209
15212
15213
15218
15222
15223
15225
15225
15226
15228
15229
15230
15234
15237
15239
15244
15245
15246
15247
15247
15249
15250
15252
15257
15259
15262
15265
15271
15275
15280
15282
15283
15284
15284
15289
15292
15292
15293
15294
15295
15297
15300
15301
15307
15307
15308
15309
15312
15316
15321
15324
15325
15327
15328
15329
15329
15334
15339
15343
15344
15344
15345
15346
15347
15347
15348
15348
15350
15351
15363
15363
15363
15363
15366
15368
15369
15371
15373
15374
15381
15382
15383
15384
15387
15388
15391
15393
15395
15395
15396
15398
15403
15405
15406
15406
15407
15408
15412
15413
15420
15426
15427
15427
15430
15430
15431
15436
15437
15438
15439
15441
15443
15446
15453
15453
15461
15461
15466
15469
15471
15471
15475
15476
15477
15479
15480
15484
15485
15485
15495
15497
15500
15502
15502
15503
15505
15505
15506
15508
15509
15514
15514
15524
15525
15525
15526
15527
15529
15529
15530
15535
15536
15545
15546
15546
15548
15549
15551
15551
15555
15555
15556
15559
15559
15559
15560
15561
15562
15563
15563
15564
15568
15571
15571
15572
15574
15575
15575
15576
15578
15579
15581
15583
15584
15586
15587
15588
15589
15591
15592
15592
15593
15593
15594
15600
15602
15604
15604
15609
15610
15611
15612
15614
15615
15616
15616
15617
15624
15625
15626
15629
15630
15633
15633
15639
15641
15641
15642
15642
15643
15652
15652
15653
15655
15659
15660
15665
15665
15665
15666
15667
15669
15671
15672
15673
15676
15676
15677
15679
15681
15685
15685
15687
15689
15689
15691
15692
15692
15700
15704
15709
15710
15715
15716
15719
15721
15724
15731
15732
15735
15738
15739
15741
15741
15744
15745
15748
15749
15751
15751
15755
15757
15757
15758
15759
15761
15763
15763
15764
15766
15766
15769
15769
15770
15775
15778
15780
15781
15784
15794
15795
15799
15802
15803
15804
15806
15808
15810
15811
15812
15815
15821
15821
15823
15823
15830
15830
15836
15837
15843
15844
15848
15849
15855
15856
15856
15857
15859
15861
15863
15869
15869
15871
15873
15874
15876
15876
15880
15886
15887
15887
15890
15893
15897
15903
15904
15908
15908
15911
15911
15912
15913
15916
15917
15919
15926
15926
15930
15930
15933
15934
15937
15939
15939
15942
15947
15948
15950
15955
15955
15955
15956
15956
15957
15957
15958
15961
15961
15963
15964
15965
15967
15968
15968
15972
15973
15978
15978
15981
15983
15983
15986
15988
15992
15993
15993
15993
15997
15998
15999
arquivo ordenado pelo algoritmo 	qsort da api C++, tempo da ordenação = 3.99995 milisegundos

