0
3
4
5
6
6
7
8
9
11
11
12
14
14
15
16
18
18
18
19
21
23
23
24
25
25
28
29
30
30
31
31
33
34
36
36
37
38
38
39
41
42
42
44
46
47
47
49
49
50
50
53
54
55
56
56
56
59
59
60
62
62
63
65
65
66
67
68
68
70
72
72
74
75
76
76
77
78
80
80
81
81
83
84
84
87
87
89
90
90
91
93
93
94
96
96
97
98
98
99
101
103
103
104
104
106
107
107
109
109
111
112
113
114
114
117
117
119
119
120
120
122
122
124
125
126
127
129
130
130
131
132
133
133
135
136
137
139
140
141
142
143
144
144
145
145
147
147
149
149
151
152
153
154
155
156
158
159
159
160
160
163
164
164
165
166
167
169
169
170
172
172
173
174
175
175
176
178
178
180
181
183
183
184
185
186
187
188
189
191
192
193
194
195
196
196
197
198
198
199
201
203
203
203
206
207
207
207
209
210
211
212
213
215
215
216
217
218
219
220
221
221
223
223
225
226
228
228
228
231
231
232
233
233
234
235
238
238
238
241
241
242
242
243
246
246
247
247
249
250
251
252
253
253
256
256
258
258
260
261
261
262
264
265
265
267
268
268
269
270
271
271
273
274
275
275
276
278
279
279
280
282
283
284
286
286
287
289
289
289
291
292
293
294
295
296
297
299
300
300
300
302
304
304
305
306
308
308
309
310
311
311
312
315
315
316
318
318
319
320
320
321
323
324
325
326
326
327
328
329
332
333
334
334
335
336
336
338
338
339
341
342
343
345
345
346
346
348
349
349
352
352
353
354
355
355
358
358
358
359
361
362
364
364
366
366
366
367
370
370
371
371
372
374
375
377
377
377
379
379
381
382
384
385
385
385
388
388
389
390
392
393
393
394
395
396
398
398
399
400
401
401
403
404
405
406
407
408
409
409
412
413
413
414
415
416
416
419
419
420
420
422
424
424
425
425
427
428
429
430
431
431
433
435
436
437
437
438
440
440
441
441
442
444
445
446
448
448
449
450
451
452
453
454
455
457
458
458
459
459
461
463
463
463
466
466
466
469
469
470
470
472
473
474
475
475
476
478
479
480
480
483
484
484
485
487
487
487
489
489
490
492
492
494
495
496
497
498
498
499
500
502
504
504
505
505
507
509
510
510
511
511
512
514
514
515
517
518
519
519
520
523
524
524
525
525
526
528
528
530
532
532
532
534
534
535
537
538
538
540
540
543
543
544
544
545
547
548
548
551
552
552
553
554
554
556
557
558
559
560
561
562
563
564
566
566
568
568
570
570
571
572
573
573
575
576
576
577
578
580
580
581
582
585
585
586
588
589
590
590
590
593
594
594
595
597
597
597
599
600
600
603
604
604
605
607
607
608
608
610
611
611
614
614
614
617
617
619
619
620
621
623
624
624
625
625
626
629
630
631
631
632
633
634
636
636
636
638
638
639
640
642
643
644
646
646
646
648
650
650
651
651
653
654
655
656
657
659
659
660
662
662
662
664
664
666
667
668
670
671
672
672
672
675
675
676
676
679
679
679
682
683
683
685
685
686
688
688
689
690
691
692
692
694
695
696
697
698
700
700
701
702
703
704
706
706
707
707
708
709
711
713
714
714
715
715
716
719
720
720
721
723
724
724
724
727
727
728
729
731
731
732
734
735
735
736
736
737
739
739
740
742
743
743
746
746
747
747
748
749
752
752
753
754
755
756
757
759
760
760
761
763
763
764
766
766
768
769
769
769
772
772
773
774
775
776
778
778
779
780
780
781
782
784
784
786
786
788
789
789
790
791
794
794
795
796
796
797
799
800
801
802
803
804
806
806
808
808
809
809
810
813
813
813
814
816
817
818
819
820
820
822
822
823
824
826
827
828
829
830
831
832
834
834
835
835
836
838
840
841
841
842
843
843
845
846
848
848
848
851
851
852
853
853
856
856
857
859
859
860
860
862
863
864
865
865
868
869
870
871
871
872
872
873
876
877
878
878
879
881
881
882
883
884
884
886
887
888
889
890
892
892
893
893
895
897
897
899
899
899
901
901
903
904
905
905
906
908
909
910
911
912
913
914
916
916
918
919
919
920
921
922
924
925
926
926
926
927
928
931
932
932
933
934
935
937
937
938
938
941
942
942
943
943
944
945
947
947
949
950
951
952
953
954
955
955
956
958
959
959
961
961
962
965
965
966
967
967
970
970
971
971
974
974
974
977
978
978
978
981
982
982
983
983
985
986
987
988
988
991
992
993
993
993
995
997
998
998
999
1000
arquivo ordenado pelo algoritmo 	qsort da api C++, tempo da ordenação = 0 milisegundos

