0
0
1
2
3
3
5
6
6
6
7
8
10
10
10
12
14
14
14
15
18
18
18
20
21
22
22
23
26
28
29
31
32
32
33
33
33
36
36
37
37
40
43
43
43
46
47
47
48
52
54
54
54
55
58
60
60
61
61
64
65
68
69
70
70
70
72
73
73
74
74
74
74
78
81
81
83
83
85
86
87
88
88
88
89
89
89
91
91
92
93
94
97
98
99
99
100
100
100
103
104
107
108
108
109
109
110
111
111
112
112
112
114
114
115
116
116
121
122
124
125
125
125
125
126
127
128
129
129
130
130
130
131
135
136
138
138
139
140
143
143
145
147
150
154
155
155
156
156
157
158
159
160
161
163
164
165
166
166
166
166
166
166
167
168
171
171
172
173
177
178
180
180
180
180
182
182
183
183
183
183
184
185
186
189
189
189
191
193
194
196
197
198
199
200
200
200
203
203
204
205
206
206
206
209
209
211
211
213
214
216
217
217
221
222
223
223
224
225
225
226
227
228
232
233
236
239
240
240
241
245
246
247
248
248
249
249
249
250
251
252
252
252
252
253
254
254
255
255
259
262
264
265
266
269
269
270
271
272
274
278
279
280
283
283
284
284
285
285
289
289
290
292
293
295
295
296
296
296
297
297
298
299
301
303
303
305
306
308
309
309
311
315
317
318
319
319
321
321
321
322
323
326
327
327
328
328
328
330
331
332
332
335
339
339
340
342
342
346
346
349
352
352
353
355
355
355
358
358
359
360
361
362
364
364
365
367
367
369
369
369
370
371
372
373
373
375
375
376
378
378
380
380
381
384
385
385
387
388
390
391
392
392
393
393
394
397
398
399
399
399
399
399
399
400
402
402
403
404
405
406
406
408
409
411
411
411
412
413
413
415
416
416
417
418
419
420
421
423
424
424
425
425
426
429
429
429
429
430
431
432
432
433
433
433
436
436
437
437
438
438
442
444
444
445
446
446
446
447
448
448
450
450
450
451
452
456
457
457
458
458
459
463
463
464
465
469
470
470
471
472
472
472
473
475
476
477
478
480
480
480
481
481
484
484
484
485
485
486
488
489
492
492
492
492
495
495
498
498
498
499
500
502
503
503
504
505
507
507
509
510
510
514
515
516
519
520
521
522
523
523
523
524
524
524
525
528
531
531
531
533
533
534
536
537
537
538
543
544
545
546
547
547
548
549
549
550
551
552
552
553
554
555
555
555
556
557
557
557
557
557
559
559
560
562
563
564
567
567
568
570
570
570
572
574
575
578
580
580
580
580
581
582
583
583
583
584
586
587
589
591
591
591
594
595
595
595
597
597
597
598
599
600
601
604
604
610
610
610
612
615
617
617
618
621
622
624
625
625
625
626
627
628
629
630
630
630
630
631
633
634
636
637
638
639
640
642
642
642
644
645
645
649
651
652
652
653
654
656
656
657
659
660
662
663
665
667
668
668
668
669
670
670
671
671
673
673
674
676
676
677
677
679
679
680
680
683
684
684
685
686
686
687
688
689
691
691
692
693
695
696
699
699
699
700
700
701
702
705
705
705
706
706
706
706
709
709
710
711
711
711
711
712
712
714
714
715
717
719
719
722
725
725
726
727
727
730
730
733
734
736
736
737
737
738
740
742
742
744
745
746
746
746
747
748
748
749
750
751
752
752
752
752
753
756
757
757
758
759
759
759
760
761
763
763
765
766
767
768
769
770
770
770
771
771
771
771
772
772
772
774
774
776
777
779
780
780
781
781
782
782
783
784
784
784
785
786
788
790
791
792
792
793
794
795
796
797
798
798
799
799
800
800
801
801
803
803
805
806
806
808
810
811
812
813
814
814
816
818
819
819
819
824
825
826
826
827
828
829
829
830
830
831
832
832
835
835
835
837
838
839
840
840
841
842
845
847
847
850
851
851
853
857
860
861
861
861
861
862
863
863
864
864
865
866
868
868
869
870
870
870
873
875
875
875
877
877
878
878
878
880
880
880
881
881
886
886
886
887
888
890
891
893
893
894
895
897
899
899
899
900
900
901
901
902
902
904
905
905
907
909
909
911
912
914
916
922
922
923
923
926
927
927
928
928
928
930
930
933
934
934
936
936
940
941
946
953
954
958
959
961
962
962
963
963
964
965
965
965
967
967
968
968
968
971
972
977
978
979
979
980
981
981
983
983
984
986
989
990
993
996
996
996
997
998
998
1001
1001
1005
1005
1005
1005
1006
1009
1010
1010
1011
1015
1015
1015
1015
1017
1018
1018
1019
1020
1021
1021
1022
1022
1023
1024
1025
1025
1025
1028
1028
1028
1031
1031
1031
1032
1032
1033
1035
1036
1036
1036
1038
1039
1039
1040
1042
1042
1042
1044
1044
1045
1045
1046
1046
1047
1048
1048
1050
1050
1051
1051
1051
1051
1052
1053
1054
1056
1056
1058
1059
1060
1061
1062
1063
1064
1066
1066
1067
1069
1069
1071
1071
1071
1072
1072
1072
1073
1075
1075
1076
1076
1077
1080
1080
1082
1082
1083
1084
1085
1085
1087
1087
1088
1088
1089
1089
1090
1090
1092
1093
1093
1094
1094
1096
1098
1099
1101
1101
1103
1104
1104
1105
1107
1108
1110
1110
1111
1112
1112
1114
1116
1117
1120
1123
1125
1126
1127
1127
1128
1130
1131
1131
1132
1134
1135
1136
1137
1138
1138
1139
1139
1140
1141
1141
1142
1143
1146
1146
1151
1151
1152
1155
1157
1157
1157
1159
1159
1160
1163
1163
1165
1165
1165
1165
1166
1166
1166
1167
1168
1170
1171
1171
1171
1171
1173
1174
1175
1177
1177
1177
1178
1180
1180
1181
1181
1182
1183
1183
1183
1183
1185
1186
1186
1187
1194
1195
1195
1197
1199
1199
1200
1200
1201
1206
1206
1207
1207
1207
1207
1210
1211
1211
1211
1211
1212
1214
1216
1220
1221
1221
1224
1224
1225
1228
1229
1230
1230
1235
1237
1238
1238
1240
1240
1241
1241
1242
1243
1244
1245
1246
1248
1248
1248
1248
1249
1251
1252
1252
1252
1253
1253
1253
1254
1255
1255
1256
1258
1258
1260
1262
1264
1264
1264
1265
1265
1266
1266
1267
1268
1270
1270
1273
1274
1275
1275
1276
1278
1278
1279
1279
1285
1286
1288
1288
1288
1290
1291
1292
1292
1293
1294
1299
1301
1301
1303
1303
1303
1305
1306
1309
1310
1311
1313
1314
1314
1316
1317
1317
1320
1320
1322
1322
1323
1323
1324
1324
1326
1326
1326
1327
1328
1328
1329
1329
1329
1330
1330
1330
1332
1333
1333
1333
1333
1334
1336
1338
1339
1343
1345
1347
1347
1348
1350
1351
1352
1352
1353
1355
1356
1356
1358
1358
1359
1360
1363
1366
1366
1367
1368
1368
1369
1370
1370
1372
1374
1375
1375
1375
1376
1376
1377
1377
1377
1378
1379
1381
1382
1382
1383
1384
1385
1385
1385
1385
1385
1388
1390
1391
1393
1395
1395
1395
1397
1399
1401
1401
1402
1403
1403
1405
1407
1407
1408
1409
1410
1410
1412
1413
1414
1415
1416
1416
1418
1418
1420
1420
1420
1420
1421
1421
1422
1424
1424
1424
1424
1425
1425
1425
1426
1427
1429
1429
1430
1432
1432
1432
1433
1434
1435
1436
1436
1438
1439
1439
1439
1440
1440
1441
1445
1448
1448
1448
1449
1451
1453
1455
1455
1456
1459
1459
1459
1461
1461
1462
1462
1464
1466
1466
1467
1467
1468
1468
1469
1469
1470
1470
1470
1472
1472
1476
1476
1477
1477
1477
1481
1481
1482
1483
1483
1486
1487
1488
1488
1488
1488
1488
1489
1490
1490
1491
1491
1492
1492
1493
1495
1499
1500
1501
1501
1502
1502
1504
1506
1506
1507
1508
1509
1509
1509
1511
1511
1511
1511
1513
1513
1514
1516
1517
1518
1519
1520
1520
1521
1523
1523
1523
1524
1524
1525
1526
1526
1528
1529
1529
1529
1530
1531
1531
1532
1532
1532
1533
1534
1536
1536
1536
1537
1540
1541
1542
1543
1548
1550
1550
1551
1551
1552
1553
1555
1557
1558
1558
1559
1559
1561
1571
1571
1572
1573
1573
1575
1576
1576
1576
1580
1580
1581
1581
1582
1583
1584
1585
1586
1586
1587
1588
1588
1590
1591
1591
1592
1593
1594
1596
1597
1597
1598
1599
1599
1600
1601
1601
1601
1603
1604
1604
1604
1604
1606
1606
1606
1610
1614
1615
1615
1616
1616
1616
1620
1621
1622
1622
1623
1623
1624
1624
1625
1625
1626
1626
1627
1627
1628
1628
1629
1631
1631
1634
1634
1637
1637
1638
1638
1642
1642
1644
1645
1646
1646
1646
1647
1648
1649
1650
1650
1650
1651
1652
1652
1653
1654
1654
1654
1657
1657
1657
1658
1658
1659
1659
1659
1659
1660
1660
1660
1661
1661
1661
1662
1662
1664
1667
1667
1669
1672
1673
1674
1675
1675
1675
1676
1676
1676
1677
1677
1679
1681
1686
1686
1687
1688
1689
1692
1692
1692
1693
1693
1693
1695
1695
1699
1699
1699
1700
1700
1703
1704
1704
1706
1707
1711
1711
1712
1715
1715
1716
1719
1721
1724
1724
1724
1725
1725
1726
1728
1728
1729
1729
1734
1735
1735
1736
1736
1737
1737
1738
1738
1739
1739
1740
1740
1741
1741
1745
1745
1746
1746
1748
1750
1754
1761
1762
1762
1767
1769
1771
1772
1773
1773
1773
1773
1775
1777
1777
1778
1779
1780
1780
1782
1783
1784
1786
1787
1787
1789
1791
1793
1795
1796
1796
1796
1798
1799
1799
1800
1801
1802
1803
1804
1804
1806
1806
1806
1806
1807
1807
1812
1812
1815
1815
1817
1817
1818
1819
1820
1820
1820
1823
1823
1823
1826
1826
1827
1829
1829
1831
1831
1831
1832
1833
1833
1838
1839
1840
1840
1840
1841
1841
1841
1842
1844
1846
1848
1850
1850
1852
1853
1855
1856
1856
1859
1859
1859
1861
1861
1862
1862
1864
1866
1867
1867
1867
1868
1868
1868
1869
1869
1870
1870
1872
1874
1874
1877
1877
1879
1879
1879
1879
1880
1880
1881
1882
1882
1883
1884
1884
1885
1887
1888
1891
1892
1895
1895
1896
1896
1897
1897
1898
1898
1900
1904
1904
1904
1904
1906
1906
1907
1908
1908
1908
1910
1914
1914
1914
1915
1916
1917
1917
1919
1920
1921
1921
1923
1923
1924
1924
1925
1925
1925
1926
1926
1927
1929
1930
1931
1932
1933
1935
1936
1937
1937
1938
1938
1942
1943
1943
1944
1945
1945
1948
1949
1950
1951
1951
1951
1952
1953
1954
1955
1955
1957
1959
1960
1961
1963
1964
1964
1967
1968
1970
1971
1972
1972
1974
1975
1977
1977
1980
1982
1982
1983
1985
1986
1987
1988
1990
1991
1992
1992
1992
1993
1994
1996
1997
1998
1999
1999
2000
2000
2001
2001
2001
2003
2003
2005
2008
2008
2009
2010
2010
2012
2012
2012
2015
2016
2017
2017
2018
2019
2020
2021
2022
2022
2026
2027
2027
2028
2029
2029
2030
2032
2032
2032
2033
2033
2033
2034
2035
2035
2035
2036
2036
2040
2040
2044
2044
2046
2047
2048
2049
2049
2050
2050
2051
2053
2053
2054
2055
2056
2057
2057
2060
2060
2060
2061
2062
2064
2065
2068
2070
2070
2074
2077
2078
2080
2080
2081
2082
2083
2084
2084
2086
2086
2086
2086
2087
2087
2088
2089
2090
2091
2092
2092
2093
2093
2093
2094
2094
2096
2097
2099
2099
2100
2101
2102
2102
2104
2104
2106
2106
2107
2108
2112
2112
2112
2115
2120
2121
2122
2122
2124
2125
2125
2126
2128
2129
2130
2130
2132
2133
2133
2133
2135
2135
2137
2138
2139
2139
2140
2142
2142
2142
2143
2143
2144
2145
2145
2146
2147
2147
2148
2150
2151
2152
2153
2153
2153
2153
2158
2159
2160
2161
2162
2162
2164
2166
2167
2167
2168
2169
2170
2170
2175
2175
2176
2177
2178
2179
2182
2182
2187
2187
2188
2190
2190
2192
2194
2195
2195
2195
2196
2196
2197
2198
2199
2200
2200
2203
2204
2205
2206
2207
2209
2210
2211
2212
2213
2213
2215
2215
2216
2217
2218
2219
2219
2219
2219
2221
2222
2224
2225
2225
2226
2226
2227
2229
2230
2235
2236
2237
2237
2239
2241
2242
2243
2244
2245
2245
2249
2249
2250
2251
2253
2254
2254
2255
2255
2257
2258
2258
2258
2260
2260
2260
2262
2263
2264
2267
2272
2272
2273
2273
2274
2274
2276
2276
2277
2278
2279
2279
2280
2281
2281
2282
2282
2282
2283
2287
2287
2288
2289
2289
2289
2290
2291
2293
2294
2295
2295
2295
2298
2299
2299
2304
2305
2307
2308
2309
2309
2310
2310
2310
2312
2312
2313
2314
2314
2316
2321
2322
2322
2322
2322
2324
2327
2327
2328
2330
2330
2331
2331
2334
2335
2337
2337
2340
2342
2343
2344
2344
2345
2346
2346
2348
2348
2349
2349
2350
2351
2351
2352
2353
2353
2354
2354
2355
2355
2356
2356
2356
2356
2360
2361
2363
2363
2365
2368
2368
2369
2369
2369
2372
2373
2374
2374
2375
2376
2377
2377
2378
2378
2379
2380
2380
2381
2382
2383
2383
2385
2387
2388
2388
2391
2392
2392
2393
2393
2396
2397
2398
2398
2400
2401
2403
2404
2405
2406
2407
2407
2409
2409
2409
2409
2411
2411
2411
2411
2411
2413
2414
2416
2424
2426
2429
2431
2432
2433
2434
2434
2435
2435
2437
2438
2441
2443
2444
2446
2446
2446
2446
2447
2448
2450
2450
2453
2455
2456
2456
2456
2457
2459
2459
2459
2461
2462
2462
2462
2462
2463
2463
2464
2465
2466
2468
2469
2469
2469
2470
2473
2473
2473
2473
2474
2474
2475
2476
2477
2477
2478
2479
2480
2482
2484
2485
2486
2486
2487
2488
2491
2492
2494
2498
2500
2502
2503
2506
2506
2507
2508
2509
2509
2513
2516
2519
2519
2520
2520
2520
2522
2522
2525
2525
2527
2528
2529
2529
2529
2529
2530
2530
2532
2532
2532
2532
2533
2533
2533
2534
2535
2535
2536
2537
2538
2539
2539
2540
2541
2541
2542
2542
2542
2543
2543
2545
2546
2547
2551
2558
2558
2558
2558
2559
2561
2561
2561
2562
2562
2565
2565
2566
2568
2569
2570
2570
2572
2574
2576
2578
2578
2579
2579
2580
2580
2581
2581
2582
2583
2583
2583
2586
2587
2588
2589
2589
2592
2594
2594
2595
2596
2600
2601
2601
2603
2605
2608
2608
2611
2612
2613
2614
2616
2617
2621
2622
2623
2624
2624
2624
2626
2627
2627
2630
2632
2633
2634
2634
2635
2636
2636
2637
2639
2639
2642
2644
2645
2645
2647
2648
2649
2649
2650
2651
2651
2654
2654
2656
2656
2656
2657
2658
2658
2663
2666
2667
2669
2670
2671
2672
2672
2674
2675
2677
2677
2677
2678
2678
2678
2681
2682
2684
2686
2687
2688
2690
2691
2691
2691
2692
2693
2695
2695
2696
2697
2697
2698
2700
2701
2701
2702
2702
2702
2703
2704
2705
2705
2705
2707
2707
2709
2709
2711
2712
2713
2713
2713
2713
2715
2718
2719
2719
2720
2726
2728
2728
2729
2729
2730
2731
2732
2732
2734
2734
2740
2740
2740
2743
2744
2744
2745
2745
2746
2746
2748
2748
2749
2749
2750
2750
2751
2752
2753
2754
2755
2755
2755
2755
2757
2758
2759
2759
2760
2761
2763
2763
2763
2764
2765
2765
2765
2767
2769
2770
2771
2772
2776
2776
2777
2779
2779
2782
2783
2783
2786
2786
2788
2788
2790
2792
2792
2793
2796
2798
2800
2800
2802
2803
2803
2803
2806
2808
2808
2808
2808
2808
2811
2811
2812
2812
2812
2812
2812
2812
2814
2816
2818
2818
2819
2821
2821
2822
2823
2823
2823
2824
2825
2825
2825
2826
2828
2829
2830
2830
2830
2831
2832
2832
2833
2833
2833
2834
2834
2836
2837
2838
2839
2840
2841
2842
2844
2846
2847
2847
2850
2851
2852
2853
2853
2854
2855
2855
2856
2857
2857
2858
2858
2858
2858
2858
2862
2863
2864
2864
2864
2865
2865
2865
2865
2866
2866
2867
2867
2868
2870
2870
2870
2871
2872
2873
2873
2873
2874
2874
2878
2879
2879
2882
2884
2884
2885
2888
2889
2889
2890
2890
2890
2891
2893
2893
2894
2895
2899
2899
2900
2901
2902
2903
2904
2904
2905
2905
2907
2907
2909
2909
2910
2910
2912
2914
2915
2915
2916
2917
2917
2919
2920
2920
2920
2921
2922
2922
2923
2923
2924
2925
2925
2926
2928
2928
2929
2931
2932
2933
2934
2934
2936
2937
2938
2938
2941
2942
2942
2942
2943
2945
2945
2946
2948
2948
2949
2950
2950
2954
2955
2955
2955
2955
2956
2958
2959
2959
2960
2961
2963
2963
2966
2968
2969
2969
2969
2970
2970
2976
2976
2979
2980
2981
2981
2981
2981
2983
2984
2986
2989
2989
2989
2989
2990
2990
2991
2991
2993
2994
2995
2995
2996
2996
2996
2997
3001
3001
3003
3004
3005
3005
3006
3008
3008
3012
3012
3013
3014
3014
3016
3019
3019
3019
3020
3023
3024
3028
3028
3028
3030
3032
3032
3032
3033
3034
3039
3046
3046
3047
3047
3049
3049
3051
3051
3052
3053
3054
3056
3058
3058
3060
3061
3062
3062
3063
3065
3065
3065
3068
3070
3072
3073
3077
3077
3077
3080
3081
3081
3081
3081
3082
3083
3084
3084
3085
3085
3085
3087
3087
3088
3089
3089
3090
3091
3093
3094
3094
3095
3097
3099
3099
3101
3104
3105
3107
3108
3109
3110
3113
3114
3115
3115
3116
3116
3116
3117
3118
3120
3120
3121
3121
3124
3125
3125
3125
3126
3126
3127
3127
3128
3128
3128
3131
3132
3133
3135
3135
3137
3139
3140
3142
3143
3143
3144
3146
3146
3147
3147
3147
3148
3149
3149
3150
3150
3150
3152
3154
3155
3156
3156
3156
3156
3157
3160
3160
3161
3161
3162
3163
3163
3165
3166
3167
3168
3171
3172
3173
3173
3173
3174
3178
3180
3181
3181
3184
3186
3186
3188
3190
3192
3195
3196
3198
3201
3201
3202
3203
3204
3204
3204
3208
3208
3209
3209
3209
3210
3211
3211
3213
3213
3213
3214
3215
3216
3216
3216
3217
3219
3220
3220
3228
3229
3230
3230
3230
3231
3232
3232
3233
3233
3233
3234
3234
3235
3236
3237
3239
3239
3240
3240
3242
3243
3243
3248
3250
3250
3251
3251
3254
3255
3256
3257
3258
3258
3258
3259
3259
3260
3262
3262
3263
3263
3265
3266
3266
3270
3270
3270
3271
3272
3272
3274
3275
3276
3277
3278
3279
3279
3279
3280
3283
3283
3285
3285
3286
3286
3287
3289
3290
3290
3291
3292
3292
3296
3299
3299
3299
3299
3301
3302
3303
3304
3305
3306
3306
3308
3308
3308
3311
3311
3312
3313
3314
3315
3315
3315
3316
3318
3320
3320
3321
3322
3323
3324
3324
3325
3328
3328
3329
3329
3330
3332
3332
3333
3334
3334
3334
3334
3335
3335
3338
3338
3338
3339
3344
3344
3346
3350
3350
3350
3352
3353
3355
3355
3356
3358
3358
3359
3361
3362
3363
3363
3363
3364
3364
3365
3365
3367
3368
3368
3371
3374
3375
3375
3375
3375
3377
3377
3377
3379
3379
3379
3381
3384
3385
3386
3390
3390
3390
3391
3391
3392
3393
3393
3395
3396
3399
3399
3400
3400
3400
3402
3404
3407
3408
3409
3409
3410
3410
3410
3412
3412
3413
3414
3414
3415
3415
3417
3417
3418
3418
3419
3419
3420
3424
3425
3425
3427
3428
3428
3430
3431
3431
3432
3432
3434
3434
3434
3434
3437
3437
3439
3439
3441
3441
3441
3441
3443
3446
3447
3447
3448
3448
3449
3450
3452
3452
3454
3455
3455
3455
3455
3455
3460
3461
3462
3463
3463
3463
3465
3467
3467
3468
3473
3474
3475
3477
3477
3479
3479
3480
3480
3486
3487
3487
3489
3490
3491
3492
3493
3498
3498
3499
3500
3500
3501
3502
3504
3504
3504
3506
3507
3508
3509
3510
3512
3513
3513
3513
3515
3516
3516
3516
3516
3517
3517
3518
3521
3523
3524
3526
3527
3527
3528
3528
3528
3529
3530
3531
3531
3532
3533
3533
3536
3536
3536
3537
3537
3538
3540
3541
3544
3545
3546
3546
3547
3547
3548
3549
3549
3551
3553
3553
3554
3555
3555
3556
3558
3558
3561
3561
3561
3562
3562
3566
3567
3568
3568
3569
3569
3571
3573
3579
3581
3581
3581
3582
3582
3584
3585
3585
3585
3587
3587
3589
3589
3590
3590
3591
3592
3592
3595
3598
3598
3599
3601
3604
3606
3606
3606
3608
3609
3610
3610
3610
3611
3612
3614
3614
3618
3620
3621
3621
3624
3626
3627
3627
3628
3630
3634
3638
3639
3639
3639
3640
3640
3642
3643
3643
3644
3644
3644
3645
3645
3646
3647
3650
3652
3652
3653
3653
3654
3656
3656
3656
3657
3657
3657
3658
3663
3664
3664
3666
3669
3670
3671
3672
3673
3673
3674
3675
3677
3677
3680
3680
3681
3682
3682
3683
3683
3685
3686
3687
3688
3689
3690
3690
3692
3694
3697
3697
3699
3699
3701
3704
3705
3705
3705
3705
3706
3706
3706
3707
3712
3713
3713
3714
3714
3716
3717
3717
3718
3718
3719
3720
3720
3721
3722
3724
3725
3725
3726
3726
3729
3730
3733
3733
3733
3734
3734
3738
3738
3738
3738
3740
3741
3742
3743
3743
3744
3744
3745
3747
3747
3748
3749
3749
3749
3749
3750
3750
3751
3752
3752
3754
3754
3755
3755
3756
3757
3761
3762
3762
3763
3763
3766
3767
3768
3768
3768
3769
3770
3771
3771
3772
3774
3775
3776
3777
3778
3779
3781
3782
3783
3785
3785
3785
3791
3792
3792
3792
3794
3794
3796
3798
3799
3799
3799
3800
3800
3800
3800
3804
3805
3807
3808
3808
3809
3809
3811
3811
3811
3812
3813
3814
3814
3815
3815
3817
3820
3821
3821
3823
3824
3825
3828
3828
3828
3830
3833
3833
3834
3836
3837
3837
3838
3838
3840
3841
3843
3849
3850
3850
3850
3851
3851
3851
3853
3856
3856
3860
3861
3862
3862
3863
3863
3863
3864
3864
3865
3865
3865
3866
3867
3869
3870
3871
3871
3871
3872
3873
3879
3880
3880
3881
3882
3882
3882
3883
3884
3886
3886
3886
3888
3890
3891
3891
3894
3895
3897
3897
3897
3898
3898
3900
3900
3901
3903
3903
3905
3905
3906
3908
3909
3911
3911
3911
3914
3915
3916
3916
3918
3920
3921
3922
3923
3927
3929
3929
3929
3929
3930
3931
3933
3934
3935
3936
3937
3939
3941
3942
3942
3942
3943
3943
3944
3944
3946
3947
3947
3948
3949
3949
3949
3950
3951
3951
3951
3953
3953
3954
3955
3956
3956
3959
3960
3962
3963
3963
3964
3964
3966
3966
3966
3970
3976
3977
3982
3984
3986
3986
3986
3989
3990
3991
3991
3992
3994
3994
3995
3996
3996
3997
3999
4002
4002
4003
4003
4006
4008
4009
4009
4010
4010
4012
4012
4013
4016
4016
4018
4019
4022
4023
4023
4024
4025
4028
4028
4032
4035
4037
4039
4039
4039
4040
4040
4041
4043
4046
4052
4052
4052
4054
4054
4054
4055
4056
4058
4060
4060
4061
4062
4063
4063
4064
4064
4064
4064
4064
4065
4065
4066
4066
4067
4071
4071
4071
4072
4073
4074
4075
4075
4075
4076
4076
4077
4078
4079
4079
4080
4081
4081
4084
4084
4085
4085
4087
4087
4088
4088
4090
4090
4092
4092
4097
4098
4101
4101
4101
4102
4103
4108
4109
4109
4110
4111
4111
4111
4112
4113
4113
4114
4114
4114
4114
4115
4115
4115
4116
4116
4121
4121
4123
4123
4124
4125
4126
4126
4127
4128
4128
4129
4129
4132
4133
4133
4133
4133
4134
4136
4139
4140
4142
4142
4142
4145
4145
4147
4147
4147
4147
4147
4148
4149
4149
4149
4152
4152
4152
4154
4154
4156
4156
4156
4157
4158
4158
4163
4163
4164
4164
4164
4164
4164
4165
4165
4168
4168
4169
4170
4170
4171
4173
4175
4176
4178
4180
4182
4182
4182
4184
4184
4185
4187
4187
4189
4190
4192
4192
4193
4193
4194
4194
4195
4195
4196
4197
4197
4197
4198
4198
4199
4200
4200
4201
4202
4203
4203
4205
4206
4208
4208
4210
4210
4211
4211
4211
4211
4212
4213
4214
4215
4215
4216
4218
4219
4219
4220
4220
4220
4221
4221
4222
4223
4225
4226
4226
4227
4227
4227
4227
4228
4230
4230
4231
4231
4232
4234
4234
4235
4236
4236
4237
4238
4239
4242
4242
4242
4243
4244
4244
4244
4245
4246
4246
4251
4254
4255
4258
4258
4261
4264
4267
4268
4269
4269
4271
4271
4271
4272
4272
4273
4274
4276
4276
4277
4278
4280
4283
4283
4286
4286
4286
4286
4287
4287
4287
4288
4290
4293
4294
4299
4299
4300
4300
4300
4301
4303
4305
4306
4306
4306
4306
4307
4307
4307
4309
4310
4312
4313
4314
4317
4318
4320
4320
4322
4325
4326
4326
4327
4327
4328
4331
4333
4334
4336
4336
4337
4338
4340
4340
4341
4341
4342
4344
4344
4345
4346
4347
4347
4350
4352
4352
4352
4357
4357
4358
4361
4362
4362
4364
4365
4365
4365
4365
4365
4366
4366
4367
4370
4372
4373
4375
4375
4376
4376
4377
4378
4380
4380
4380
4381
4381
4383
4386
4387
4387
4392
4392
4393
4393
4394
4395
4400
4400
4401
4401
4405
4408
4408
4408
4408
4409
4409
4410
4412
4412
4413
4413
4413
4416
4416
4416
4417
4417
4419
4420
4421
4424
4424
4425
4426
4428
4428
4429
4430
4430
4431
4432
4433
4433
4434
4438
4440
4442
4442
4442
4443
4443
4444
4444
4445
4446
4447
4448
4448
4449
4449
4450
4451
4451
4453
4453
4455
4455
4458
4458
4458
4459
4460
4461
4464
4465
4466
4467
4468
4469
4471
4471
4472
4472
4473
4475
4477
4479
4480
4480
4481
4481
4483
4483
4484
4484
4485
4485
4486
4487
4487
4488
4488
4489
4490
4491
4493
4493
4494
4495
4497
4500
4501
4501
4502
4503
4503
4503
4505
4505
4505
4506
4508
4509
4510
4512
4514
4516
4517
4518
4520
4521
4521
4522
4522
4523
4524
4525
4527
4527
4528
4529
4529
4529
4530
4532
4532
4532
4533
4534
4536
4537
4538
4538
4540
4541
4542
4542
4545
4545
4546
4546
4548
4549
4550
4550
4550
4551
4551
4551
4551
4552
4552
4554
4554
4555
4555
4556
4556
4556
4556
4558
4559
4559
4562
4562
4562
4563
4566
4566
4567
4567
4568
4570
4571
4573
4573
4574
4575
4576
4577
4577
4578
4580
4581
4582
4582
4583
4583
4584
4585
4586
4587
4587
4590
4590
4591
4592
4593
4593
4595
4595
4596
4596
4597
4598
4598
4599
4599
4601
4602
4604
4605
4606
4606
4610
4616
4616
4617
4617
4617
4617
4618
4618
4618
4619
4619
4625
4627
4627
4630
4630
4631
4633
4634
4634
4636
4638
4639
4641
4644
4645
4645
4646
4647
4650
4650
4651
4651
4651
4654
4655
4655
4655
4657
4659
4660
4661
4661
4664
4666
4667
4668
4671
4671
4671
4672
4674
4675
4676
4677
4677
4678
4681
4681
4685
4686
4687
4688
4688
4688
4688
4689
4690
4690
4691
4692
4693
4694
4696
4697
4700
4700
4701
4701
4701
4702
4703
4705
4706
4707
4708
4708
4711
4712
4712
4716
4717
4718
4720
4720
4721
4721
4721
4722
4724
4727
4730
4731
4731
4732
4733
4733
4733
4734
4735
4736
4736
4739
4741
4743
4745
4746
4746
4747
4748
4750
4751
4753
4753
4754
4756
4757
4758
4759
4760
4762
4762
4763
4764
4765
4765
4766
4768
4768
4769
4770
4770
4771
4772
4772
4772
4773
4773
4774
4776
4777
4778
4780
4781
4782
4782
4782
4784
4784
4786
4787
4788
4788
4789
4789
4790
4793
4796
4797
4798
4798
4799
4799
4802
4803
4804
4805
4805
4807
4808
4808
4809
4809
4809
4810
4811
4811
4814
4816
4817
4817
4818
4819
4819
4821
4824
4825
4826
4827
4828
4828
4829
4829
4829
4831
4833
4834
4835
4837
4839
4841
4841
4843
4844
4845
4847
4847
4848
4848
4849
4850
4851
4854
4854
4857
4858
4858
4859
4861
4863
4864
4864
4865
4865
4865
4866
4868
4869
4869
4870
4871
4872
4872
4873
4873
4875
4875
4875
4876
4877
4878
4878
4878
4880
4880
4880
4883
4883
4884
4884
4884
4887
4889
4890
4891
4891
4894
4895
4896
4896
4899
4899
4899
4899
4900
4901
4901
4901
4901
4903
4904
4905
4907
4909
4911
4911
4911
4913
4914
4916
4916
4917
4917
4917
4918
4919
4919
4920
4920
4921
4921
4923
4924
4927
4928
4928
4928
4929
4930
4931
4933
4933
4934
4934
4935
4935
4936
4937
4938
4938
4939
4939
4940
4941
4941
4941
4942
4943
4945
4947
4948
4950
4950
4951
4951
4951
4951
4952
4952
4952
4953
4954
4954
4954
4956
4958
4958
4959
4959
4962
4965
4965
4965
4967
4967
4968
4968
4968
4969
4970
4971
4971
4971
4971
4972
4972
4972
4973
4974
4977
4977
4979
4979
4981
4982
4984
4985
4985
4985
4986
4986
4987
4988
4990
4990
4991
4991
4992
4997
4999
4999
5003
5004
5005
5006
5007
5007
5007
5007
5009
5009
5010
5012
5014
5014
5016
5016
5016
5016
5020
5020
5021
5021
5022
5022
5023
5024
5024
5025
5026
5027
5028
5030
5031
5032
5032
5033
5033
5033
5035
5035
5037
5038
5038
5038
5038
5039
5046
5046
5046
5046
5048
5054
5056
5056
5057
5057
5061
5062
5062
5062
5062
5062
5066
5067
5069
5069
5071
5072
5074
5075
5075
5077
5080
5081
5083
5084
5085
5087
5088
5089
5090
5091
5091
5092
5093
5093
5094
5094
5095
5097
5098
5099
5101
5102
5102
5105
5105
5106
5107
5107
5108
5110
5110
5111
5113
5113
5114
5117
5117
5118
5118
5118
5119
5119
5122
5122
5123
5125
5126
5129
5132
5132
5133
5136
5137
5139
5141
5141
5142
5143
5143
5144
5146
5149
5151
5151
5154
5154
5157
5160
5160
5162
5163
5164
5168
5168
5169
5172
5173
5174
5176
5177
5178
5179
5181
5182
5183
5186
5186
5187
5187
5187
5187
5187
5188
5191
5191
5192
5194
5195
5195
5195
5195
5196
5197
5198
5199
5199
5200
5200
5201
5201
5201
5203
5205
5206
5207
5208
5208
5209
5210
5212
5212
5212
5213
5213
5213
5215
5217
5218
5218
5218
5220
5221
5221
5221
5222
5222
5222
5222
5225
5227
5228
5230
5230
5232
5232
5232
5234
5235
5235
5235
5236
5237
5237
5238
5239
5240
5240
5240
5240
5240
5244
5245
5245
5246
5246
5246
5247
5248
5248
5251
5251
5252
5254
5255
5256
5256
5257
5258
5259
5261
5261
5261
5261
5262
5262
5265
5266
5269
5270
5270
5270
5271
5275
5275
5275
5276
5277
5277
5279
5279
5279
5279
5279
5280
5282
5282
5282
5283
5285
5285
5288
5288
5289
5289
5289
5290
5290
5291
5291
5292
5293
5293
5293
5293
5295
5295
5295
5295
5296
5296
5300
5300
5301
5301
5301
5302
5303
5304
5304
5304
5305
5305
5305
5312
5312
5313
5315
5315
5317
5318
5320
5320
5322
5322
5323
5323
5324
5324
5326
5326
5328
5328
5329
5330
5331
5332
5332
5335
5335
5335
5335
5337
5337
5338
5338
5339
5341
5342
5343
5343
5343
5344
5344
5345
5348
5350
5350
5350
5352
5354
5355
5356
5361
5362
5363
5364
5364
5365
5365
5366
5367
5367
5369
5369
5370
5371
5371
5372
5373
5373
5374
5374
5376
5377
5379
5379
5380
5380
5380
5381
5383
5383
5385
5386
5386
5388
5389
5389
5391
5391
5391
5392
5393
5393
5393
5394
5395
5395
5395
5397
5398
5398
5398
5399
5399
5400
5400
5400
5402
5402
5403
5404
5404
5405
5405
5406
5406
5408
5409
5409
5410
5410
5410
5410
5414
5416
5416
5417
5418
5419
5419
5421
5422
5423
5424
5424
5430
5430
5433
5435
5436
5437
5437
5438
5444
5444
5444
5444
5444
5446
5446
5447
5448
5449
5449
5451
5452
5452
5455
5455
5456
5456
5457
5457
5457
5460
5460
5460
5461
5462
5462
5464
5464
5465
5465
5466
5468
5470
5471
5471
5471
5472
5472
5472
5473
5474
5474
5474
5475
5476
5476
5477
5477
5477
5477
5478
5478
5479
5479
5480
5481
5482
5483
5484
5484
5487
5487
5488
5489
5490
5490
5493
5494
5495
5498
5499
5502
5502
5503
5503
5505
5506
5510
5510
5511
5512
5512
5512
5512
5514
5515
5515
5517
5517
5518
5518
5519
5520
5521
5521
5524
5525
5526
5528
5528
5529
5529
5529
5529
5530
5530
5530
5532
5532
5533
5534
5535
5535
5535
5536
5542
5542
5543
5543
5544
5544
5548
5553
5553
5553
5554
5554
5557
5557
5558
5559
5560
5561
5562
5563
5564
5564
5565
5566
5567
5569
5570
5570
5571
5574
5574
5575
5576
5577
5581
5581
5581
5582
5583
5586
5587
5587
5588
5590
5591
5591
5591
5591
5594
5595
5596
5596
5598
5598
5599
5600
5601
5602
5605
5605
5607
5607
5609
5609
5609
5610
5610
5611
5612
5612
5615
5618
5619
5620
5621
5624
5624
5624
5624
5626
5626
5627
5628
5631
5632
5633
5634
5634
5635
5636
5636
5636
5637
5639
5641
5641
5643
5643
5643
5644
5645
5645
5646
5647
5647
5647
5647
5649
5650
5650
5650
5651
5653
5653
5653
5653
5654
5656
5657
5660
5663
5663
5664
5665
5666
5668
5669
5669
5670
5671
5673
5674
5674
5676
5678
5678
5679
5682
5683
5684
5685
5685
5688
5689
5690
5692
5694
5695
5696
5697
5699
5702
5704
5705
5705
5707
5709
5710
5711
5711
5712
5713
5714
5715
5716
5716
5716
5717
5721
5722
5722
5724
5725
5725
5728
5730
5731
5734
5735
5735
5738
5741
5743
5743
5745
5746
5746
5747
5748
5749
5751
5752
5753
5756
5757
5757
5758
5760
5760
5762
5763
5764
5765
5766
5768
5769
5770
5771
5773
5774
5775
5775
5776
5776
5776
5776
5779
5780
5781
5781
5782
5783
5785
5785
5785
5787
5787
5787
5789
5790
5792
5793
5793
5794
5795
5796
5799
5800
5801
5802
5802
5802
5804
5806
5807
5808
5809
5812
5815
5816
5817
5818
5819
5820
5820
5821
5825
5827
5828
5828
5830
5833
5833
5834
5837
5838
5840
5842
5842
5842
5844
5846
5847
5848
5848
5849
5850
5851
5854
5854
5854
5856
5857
5858
5865
5866
5866
5868
5868
5869
5869
5871
5871
5871
5873
5873
5874
5875
5875
5876
5877
5878
5878
5880
5881
5881
5882
5883
5883
5883
5884
5884
5885
5885
5885
5888
5888
5889
5890
5890
5891
5891
5892
5893
5894
5895
5895
5895
5896
5898
5898
5898
5899
5899
5899
5900
5900
5900
5900
5901
5903
5903
5903
5903
5904
5907
5907
5907
5907
5908
5909
5909
5910
5911
5913
5913
5914
5914
5914
5921
5921
5922
5923
5924
5924
5924
5925
5925
5926
5929
5933
5933
5933
5934
5935
5938
5938
5939
5940
5940
5940
5940
5941
5942
5945
5945
5946
5947
5950
5951
5952
5952
5952
5953
5954
5954
5954
5961
5962
5965
5965
5965
5966
5966
5967
5967
5968
5968
5968
5969
5969
5973
5974
5975
5976
5978
5978
5980
5982
5983
5985
5985
5986
5988
5990
5991
5991
5992
5994
5995
5996
5999
5999
6000
6002
6003
6003
6003
6004
6005
6012
6012
6013
6013
6014
6014
6016
6017
6018
6019
6019
6019
6020
6021
6022
6023
6023
6025
6025
6025
6026
6027
6029
6029
6029
6031
6032
6032
6033
6034
6035
6035
6035
6038
6039
6039
6039
6040
6041
6041
6042
6042
6042
6043
6043
6043
6044
6045
6045
6045
6046
6046
6049
6052
6053
6053
6053
6054
6055
6057
6058
6058
6060
6060
6060
6061
6062
6062
6062
6065
6065
6066
6066
6067
6068
6069
6069
6071
6071
6072
6075
6077
6078
6079
6081
6083
6087
6087
6087
6089
6091
6092
6093
6093
6098
6099
6101
6102
6102
6103
6103
6104
6104
6105
6105
6105
6106
6107
6108
6108
6110
6111
6112
6113
6115
6115
6116
6120
6120
6121
6121
6121
6122
6122
6122
6123
6123
6127
6129
6129
6130
6131
6131
6131
6131
6133
6134
6135
6135
6136
6136
6136
6136
6142
6146
6146
6147
6148
6150
6150
6150
6151
6151
6151
6152
6152
6153
6154
6155
6155
6155
6156
6156
6158
6161
6161
6162
6163
6163
6163
6169
6170
6170
6171
6175
6175
6177
6178
6182
6183
6184
6184
6184
6184
6184
6187
6189
6191
6191
6192
6193
6194
6198
6198
6198
6198
6198
6199
6200
6200
6200
6203
6203
6204
6206
6207
6207
6208
6209
6212
6212
6212
6214
6216
6216
6217
6218
6218
6219
6219
6220
6221
6222
6223
6223
6226
6226
6226
6230
6231
6234
6234
6234
6235
6236
6237
6238
6238
6239
6241
6241
6242
6242
6242
6243
6243
6243
6244
6244
6246
6247
6249
6250
6252
6252
6254
6255
6256
6257
6257
6258
6258
6258
6259
6260
6261
6265
6265
6266
6266
6267
6267
6267
6269
6270
6270
6271
6271
6272
6272
6273
6273
6275
6275
6275
6278
6278
6278
6279
6280
6280
6280
6283
6284
6285
6287
6288
6289
6290
6290
6290
6294
6295
6295
6298
6298
6298
6299
6300
6300
6304
6304
6307
6311
6311
6311
6311
6312
6312
6312
6316
6316
6316
6316
6316
6317
6318
6319
6319
6320
6321
6321
6321
6321
6322
6322
6323
6324
6325
6328
6328
6328
6328
6329
6329
6331
6332
6334
6336
6336
6336
6336
6337
6338
6338
6338
6339
6340
6341
6342
6342
6342
6343
6344
6346
6346
6346
6347
6349
6349
6350
6351
6354
6355
6355
6357
6358
6359
6359
6359
6361
6362
6364
6365
6366
6367
6368
6368
6369
6370
6371
6371
6372
6373
6375
6376
6378
6378
6379
6379
6379
6380
6381
6383
6385
6386
6390
6390
6394
6394
6395
6395
6396
6396
6396
6396
6398
6402
6405
6406
6408
6409
6410
6411
6412
6414
6414
6414
6416
6416
6417
6418
6419
6419
6419
6422
6422
6422
6423
6423
6423
6423
6425
6427
6430
6431
6433
6436
6438
6438
6438
6439
6439
6440
6440
6441
6442
6444
6444
6445
6446
6448
6451
6452
6452
6452
6454
6455
6455
6456
6457
6457
6458
6459
6459
6460
6460
6461
6461
6462
6464
6464
6465
6466
6466
6468
6468
6473
6474
6475
6476
6476
6477
6478
6478
6479
6481
6481
6485
6486
6490
6492
6492
6496
6497
6498
6498
6500
6500
6504
6505
6506
6507
6509
6511
6512
6513
6513
6513
6514
6515
6516
6518
6518
6518
6518
6521
6521
6522
6522
6528
6530
6531
6531
6532
6534
6536
6539
6540
6542
6543
6543
6545
6545
6546
6547
6548
6549
6550
6550
6552
6553
6555
6556
6556
6558
6558
6559
6559
6559
6560
6561
6563
6567
6567
6568
6570
6570
6570
6571
6572
6576
6576
6577
6577
6577
6578
6578
6579
6579
6579
6581
6581
6583
6583
6583
6583
6586
6587
6588
6588
6589
6591
6591
6593
6593
6593
6594
6595
6596
6597
6597
6598
6599
6599
6600
6602
6603
6603
6603
6604
6604
6605
6606
6610
6610
6612
6615
6617
6619
6620
6620
6621
6621
6622
6626
6628
6630
6631
6631
6633
6637
6637
6637
6638
6638
6639
6640
6641
6642
6643
6643
6644
6647
6650
6651
6653
6655
6656
6656
6659
6660
6661
6663
6663
6666
6666
6667
6667
6667
6667
6668
6669
6672
6672
6676
6676
6677
6681
6681
6681
6682
6683
6683
6683
6683
6683
6684
6684
6685
6685
6686
6686
6687
6687
6688
6692
6692
6694
6695
6695
6695
6697
6698
6699
6700
6703
6703
6707
6707
6707
6707
6708
6709
6709
6710
6710
6711
6711
6712
6713
6713
6714
6715
6715
6716
6716
6719
6719
6719
6720
6721
6721
6721
6722
6724
6725
6725
6726
6728
6728
6728
6729
6730
6731
6731
6731
6732
6734
6734
6735
6738
6740
6742
6742
6742
6742
6743
6744
6745
6748
6748
6750
6753
6754
6755
6756
6757
6757
6758
6758
6759
6760
6760
6760
6760
6760
6763
6764
6764
6770
6770
6770
6771
6773
6774
6774
6775
6777
6779
6780
6781
6781
6781
6782
6783
6784
6784
6787
6787
6791
6792
6793
6794
6794
6795
6795
6796
6798
6799
6799
6801
6802
6803
6805
6807
6807
6808
6809
6812
6813
6814
6814
6815
6815
6816
6817
6817
6818
6820
6822
6822
6824
6824
6828
6829
6832
6832
6833
6834
6834
6836
6839
6840
6845
6846
6847
6848
6848
6849
6850
6852
6852
6852
6853
6854
6854
6855
6855
6856
6856
6857
6857
6859
6860
6860
6861
6862
6863
6864
6865
6865
6867
6867
6867
6868
6870
6871
6871
6872
6872
6874
6874
6875
6877
6878
6880
6882
6882
6883
6884
6885
6885
6886
6886
6887
6887
6887
6888
6888
6889
6889
6890
6893
6893
6893
6895
6895
6895
6895
6897
6898
6898
6899
6900
6901
6901
6902
6902
6904
6904
6904
6904
6905
6907
6909
6909
6910
6910
6911
6911
6911
6912
6915
6918
6919
6919
6919
6920
6922
6923
6923
6924
6924
6924
6924
6925
6926
6927
6928
6930
6930
6931
6932
6932
6934
6937
6937
6937
6939
6940
6940
6941
6942
6943
6943
6944
6944
6945
6945
6949
6950
6951
6951
6954
6954
6955
6956
6958
6958
6960
6960
6962
6965
6965
6967
6967
6967
6967
6967
6968
6969
6970
6970
6971
6973
6975
6976
6977
6979
6980
6980
6980
6980
6981
6981
6982
6983
6984
6984
6986
6990
6991
6993
6996
6996
6996
6997
6998
7000
7002
7003
7004
7004
7005
7006
7006
7007
7008
7009
7010
7010
7012
7012
7014
7017
7018
7018
7018
7018
7019
7019
7019
7021
7021
7022
7022
7023
7024
7025
7025
7026
7028
7030
7030
7030
7031
7033
7034
7034
7035
7036
7037
7038
7038
7038
7039
7040
7041
7042
7042
7043
7044
7045
7045
7046
7047
7048
7048
7049
7050
7051
7053
7053
7055
7056
7059
7059
7059
7061
7063
7063
7063
7063
7065
7067
7067
7067
7067
7068
7068
7069
7072
7072
7073
7073
7075
7076
7077
7078
7078
7079
7079
7080
7081
7081
7083
7083
7086
7088
7089
7089
7089
7089
7092
7092
7095
7095
7097
7098
7098
7098
7104
7104
7104
7108
7108
7109
7110
7111
7112
7114
7114
7114
7115
7115
7115
7116
7116
7117
7117
7119
7120
7121
7121
7121
7121
7122
7123
7123
7124
7125
7126
7127
7128
7129
7129
7129
7129
7131
7131
7133
7135
7136
7137
7138
7138
7138
7139
7139
7142
7142
7143
7144
7144
7145
7148
7149
7149
7150
7151
7153
7156
7160
7163
7163
7164
7164
7166
7167
7167
7167
7169
7169
7170
7170
7170
7171
7171
7171
7173
7177
7178
7179
7179
7180
7180
7183
7183
7183
7183
7184
7184
7185
7187
7189
7190
7190
7192
7194
7194
7196
7198
7198
7199
7202
7202
7205
7206
7207
7207
7208
7209
7210
7211
7212
7212
7213
7214
7214
7214
7215
7216
7218
7221
7221
7221
7221
7222
7222
7223
7226
7226
7227
7230
7230
7234
7235
7236
7241
7241
7241
7241
7242
7244
7244
7246
7246
7247
7249
7249
7249
7251
7251
7251
7254
7255
7255
7256
7257
7258
7258
7259
7260
7260
7260
7261
7261
7263
7264
7266
7266
7269
7271
7272
7272
7272
7273
7273
7274
7275
7276
7278
7279
7280
7281
7281
7281
7282
7282
7282
7284
7285
7285
7285
7286
7287
7288
7290
7290
7292
7293
7294
7294
7296
7301
7302
7302
7305
7307
7307
7309
7309
7310
7312
7313
7314
7314
7315
7316
7316
7316
7317
7319
7319
7321
7321
7322
7324
7325
7326
7328
7328
7330
7331
7331
7331
7331
7332
7335
7336
7337
7340
7340
7342
7343
7343
7344
7348
7349
7351
7351
7351
7352
7353
7355
7355
7357
7357
7357
7358
7358
7359
7361
7361
7362
7365
7366
7367
7369
7371
7371
7371
7371
7372
7372
7374
7375
7376
7378
7379
7381
7384
7384
7384
7385
7385
7388
7389
7392
7396
7396
7396
7398
7398
7399
7406
7408
7408
7408
7409
7409
7409
7409
7412
7414
7414
7415
7417
7417
7419
7421
7421
7421
7421
7423
7424
7424
7424
7427
7427
7427
7428
7428
7430
7430
7431
7433
7434
7434
7434
7435
7436
7436
7436
7436
7436
7437
7441
7442
7443
7445
7445
7446
7446
7447
7448
7449
7449
7450
7450
7452
7453
7453
7455
7455
7456
7457
7458
7459
7459
7459
7460
7461
7462
7462
7463
7463
7463
7465
7466
7467
7468
7471
7476
7476
7477
7477
7478
7481
7481
7482
7482
7483
7484
7486
7489
7491
7492
7492
7494
7495
7497
7499
7500
7502
7502
7503
7503
7504
7504
7505
7507
7507
7507
7509
7509
7509
7511
7512
7512
7512
7513
7513
7514
7516
7517
7517
7517
7519
7519
7519
7520
7520
7521
7522
7523
7524
7524
7524
7524
7527
7527
7527
7529
7530
7531
7531
7532
7532
7533
7533
7534
7534
7534
7535
7535
7536
7537
7537
7538
7538
7538
7539
7541
7542
7543
7543
7543
7544
7545
7546
7546
7548
7554
7554
7555
7555
7555
7556
7556
7556
7558
7560
7560
7561
7562
7562
7563
7563
7563
7567
7567
7567
7568
7569
7570
7571
7571
7572
7572
7573
7574
7575
7576
7578
7578
7578
7579
7579
7580
7583
7585
7591
7591
7592
7593
7594
7594
7594
7594
7595
7597
7597
7598
7598
7599
7599
7600
7601
7602
7604
7606
7609
7610
7610
7612
7613
7616
7616
7617
7618
7619
7619
7619
7623
7623
7626
7628
7628
7629
7630
7632
7632
7633
7635
7636
7637
7639
7639
7639
7641
7641
7642
7643
7644
7644
7645
7646
7646
7647
7649
7649
7649
7650
7654
7657
7658
7659
7663
7664
7664
7665
7666
7666
7669
7669
7670
7670
7670
7673
7676
7680
7680
7680
7681
7681
7682
7682
7684
7685
7687
7688
7689
7690
7691
7692
7693
7693
7695
7696
7698
7699
7699
7701
7701
7701
7702
7703
7705
7705
7706
7706
7707
7708
7709
7709
7710
7711
7713
7715
7719
7723
7723
7724
7724
7724
7725
7725
7725
7725
7725
7726
7726
7727
7727
7728
7728
7730
7731
7732
7737
7738
7739
7739
7740
7740
7740
7741
7742
7744
7745
7746
7747
7751
7755
7755
7756
7756
7757
7757
7758
7758
7759
7759
7761
7762
7762
7762
7763
7764
7764
7764
7764
7764
7765
7767
7767
7771
7772
7773
7773
7775
7775
7776
7778
7779
7779
7780
7781
7782
7783
7784
7784
7784
7786
7788
7788
7789
7789
7790
7792
7793
7793
7793
7795
7796
7797
7798
7798
7800
7801
7802
7804
7805
7805
7805
7806
7808
7809
7813
7813
7813
7819
7820
7824
7825
7826
7826
7830
7832
7833
7833
7835
7837
7837
7838
7839
7839
7840
7840
7841
7841
7841
7842
7845
7845
7847
7847
7848
7848
7849
7850
7850
7851
7854
7856
7856
7857
7857
7857
7857
7858
7858
7859
7860
7863
7864
7867
7867
7869
7869
7871
7873
7873
7873
7873
7874
7875
7875
7875
7876
7877
7878
7879
7880
7883
7884
7886
7887
7887
7887
7888
7888
7889
7889
7889
7890
7892
7892
7893
7893
7894
7894
7896
7897
7898
7899
7900
7904
7906
7906
7907
7907
7910
7910
7912
7913
7913
7914
7914
7915
7917
7917
7918
7918
7919
7920
7920
7920
7922
7923
7926
7927
7931
7932
7932
7932
7932
7933
7934
7934
7936
7940
7940
7940
7941
7941
7942
7943
7944
7944
7945
7946
7947
7949
7951
7952
7953
7954
7956
7957
7959
7960
7960
7960
7960
7960
7962
7962
7962
7962
7963
7965
7966
7971
7972
7974
7974
7976
7976
7977
7978
7979
7979
7979
7981
7981
7983
7983
7983
7984
7984
7985
7987
7987
7988
7989
7990
7991
7993
7994
7994
7995
7995
7996
7997
7997
7999
8002
8003
8005
8006
8007
8008
8009
8010
8011
8012
8013
8014
8014
8014
8016
8017
8017
8024
8025
8026
8027
8027
8029
8029
8030
8030
8033
8035
8035
8036
8037
8038
8040
8041
8043
8045
8046
8046
8048
8048
8050
8051
8052
8054
8054
8054
8059
8059
8060
8060
8063
8064
8064
8066
8068
8069
8070
8071
8071
8071
8072
8072
8074
8074
8077
8077
8079
8079
8081
8081
8083
8086
8086
8087
8088
8088
8089
8090
8091
8093
8095
8095
8096
8099
8099
8100
8100
8100
8103
8103
8103
8105
8105
8105
8106
8107
8111
8112
8112
8113
8113
8116
8117
8117
8117
8117
8119
8119
8122
8122
8124
8125
8126
8126
8127
8129
8132
8132
8132
8132
8132
8138
8139
8139
8139
8139
8140
8141
8143
8145
8147
8150
8151
8151
8152
8153
8154
8154
8155
8156
8160
8160
8163
8165
8168
8169
8171
8172
8172
8174
8174
8175
8177
8178
8178
8179
8180
8181
8184
8184
8185
8186
8186
8188
8189
8190
8190
8192
8192
8193
8195
8196
8197
8198
8198
8198
8203
8203
8205
8206
8206
8207
8209
8209
8210
8210
8210
8210
8210
8211
8211
8213
8214
8215
8215
8218
8220
8222
8222
8222
8224
8225
8225
8229
8230
8231
8232
8232
8233
8234
8235
8236
8236
8237
8237
8238
8239
8243
8245
8246
8246
8246
8248
8249
8251
8251
8254
8254
8255
8256
8256
8257
8257
8258
8259
8259
8262
8263
8266
8266
8267
8268
8270
8270
8270
8275
8275
8275
8276
8277
8278
8278
8279
8280
8280
8282
8282
8283
8286
8289
8292
8293
8294
8295
8296
8297
8299
8299
8299
8299
8300
8302
8302
8302
8304
8308
8309
8311
8311
8311
8312
8313
8314
8318
8320
8322
8322
8324
8325
8328
8328
8329
8329
8330
8330
8332
8333
8333
8333
8334
8336
8336
8339
8340
8342
8342
8343
8344
8345
8346
8346
8347
8347
8348
8348
8349
8350
8350
8350
8352
8352
8354
8355
8358
8358
8358
8359
8359
8359
8360
8360
8360
8361
8362
8364
8365
8365
8367
8368
8368
8368
8368
8370
8370
8371
8372
8372
8373
8373
8374
8376
8376
8378
8379
8380
8381
8382
8382
8383
8385
8389
8389
8390
8390
8392
8392
8392
8393
8396
8397
8397
8398
8398
8399
8402
8402
8403
8404
8404
8406
8406
8408
8409
8411
8411
8412
8412
8413
8414
8415
8415
8417
8420
8420
8422
8424
8424
8426
8427
8428
8429
8430
8431
8432
8433
8435
8435
8435
8435
8436
8436
8439
8440
8440
8442
8445
8446
8447
8449
8452
8454
8455
8456
8457
8457
8457
8460
8460
8462
8465
8470
8470
8474
8474
8475
8476
8476
8478
8479
8481
8482
8482
8484
8485
8485
8486
8487
8488
8489
8490
8491
8491
8491
8496
8497
8498
8498
8500
8503
8504
8504
8505
8505
8507
8507
8508
8508
8510
8511
8512
8513
8515
8515
8515
8517
8518
8520
8520
8520
8521
8522
8526
8526
8526
8528
8530
8531
8531
8532
8535
8536
8540
8540
8540
8541
8542
8544
8544
8544
8545
8545
8548
8549
8549
8549
8550
8550
8553
8555
8555
8557
8558
8559
8559
8559
8562
8562
8564
8564
8564
8564
8567
8567
8571
8571
8574
8574
8575
8576
8580
8581
8581
8583
8583
8584
8585
8589
8589
8589
8591
8592
8594
8595
8595
8596
8596
8597
8598
8599
8601
8602
8603
8603
8603
8604
8606
8606
8607
8607
8607
8609
8609
8609
8610
8610
8610
8611
8613
8617
8618
8618
8619
8619
8621
8622
8624
8626
8626
8627
8627
8627
8628
8628
8629
8629
8629
8631
8632
8633
8634
8634
8635
8635
8635
8639
8642
8643
8643
8644
8646
8646
8648
8651
8651
8652
8654
8655
8655
8657
8657
8661
8661
8663
8663
8664
8666
8666
8670
8670
8671
8672
8673
8674
8674
8675
8676
8677
8681
8683
8683
8684
8685
8685
8687
8689
8691
8693
8693
8694
8694
8694
8699
8699
8701
8701
8704
8704
8705
8706
8707
8711
8712
8713
8713
8713
8714
8715
8717
8717
8717
8718
8719
8720
8722
8724
8724
8725
8726
8726
8729
8729
8729
8729
8730
8732
8732
8733
8734
8734
8734
8734
8736
8737
8739
8739
8740
8740
8741
8741
8742
8742
8742
8743
8748
8749
8752
8752
8755
8756
8760
8761
8761
8762
8763
8765
8766
8767
8770
8771
8771
8771
8771
8772
8772
8773
8773
8773
8774
8774
8777
8777
8779
8779
8779
8781
8782
8782
8783
8783
8783
8784
8785
8785
8785
8786
8788
8788
8788
8791
8793
8793
8793
8794
8795
8797
8798
8798
8798
8803
8804
8806
8806
8807
8808
8808
8808
8808
8809
8811
8812
8812
8812
8812
8812
8814
8814
8814
8817
8817
8817
8818
8819
8819
8821
8821
8822
8822
8825
8825
8825
8826
8826
8827
8827
8827
8827
8828
8831
8832
8833
8833
8834
8834
8840
8840
8840
8842
8843
8844
8844
8844
8844
8845
8845
8846
8847
8848
8848
8849
8850
8850
8850
8850
8851
8852
8852
8853
8855
8858
8859
8859
8860
8860
8863
8864
8866
8866
8866
8867
8868
8872
8872
8876
8877
8877
8877
8877
8878
8879
8879
8880
8881
8881
8881
8883
8885
8885
8888
8888
8889
8890
8891
8892
8892
8897
8897
8898
8904
8904
8905
8905
8907
8908
8909
8909
8910
8911
8912
8913
8916
8916
8918
8920
8920
8922
8922
8922
8922
8923
8923
8924
8925
8925
8925
8926
8927
8929
8930
8931
8934
8935
8936
8937
8937
8938
8944
8944
8945
8947
8947
8948
8948
8951
8951
8953
8954
8954
8955
8955
8955
8955
8956
8956
8957
8958
8959
8960
8961
8961
8961
8964
8966
8966
8966
8967
8968
8968
8969
8970
8970
8972
8973
8973
8973
8974
8980
8981
8982
8984
8987
8987
8987
8989
8989
8989
8990
8992
8993
8993
8994
8994
8995
8996
8997
8997
8998
8999
9000
9002
9002
9003
9004
9005
9005
9009
9011
9011
9012
9012
9014
9017
9019
9020
9021
9022
9023
9024
9025
9026
9026
9029
9029
9029
9031
9034
9035
9035
9035
9036
9037
9037
9040
9041
9045
9047
9047
9048
9049
9050
9050
9051
9053
9053
9053
9055
9056
9061
9065
9066
9067
9068
9068
9068
9068
9070
9070
9071
9072
9076
9077
9078
9080
9082
9082
9083
9083
9083
9083
9084
9085
9086
9087
9088
9090
9092
9094
9095
9097
9097
9098
9099
9099
9100
9100
9101
9101
9103
9103
9103
9104
9105
9105
9106
9110
9110
9114
9114
9114
9114
9117
9118
9118
9119
9120
9121
9121
9123
9123
9125
9127
9128
9128
9129
9131
9131
9132
9134
9135
9137
9138
9138
9139
9140
9140
9140
9141
9141
9141
9142
9144
9144
9148
9151
9151
9152
9153
9153
9153
9154
9157
9159
9159
9160
9160
9161
9164
9164
9164
9164
9166
9167
9167
9167
9168
9169
9169
9170
9170
9171
9171
9172
9174
9174
9175
9175
9175
9176
9176
9176
9177
9179
9179
9182
9183
9185
9188
9189
9190
9190
9190
9191
9192
9192
9193
9194
9195
9197
9197
9198
9198
9201
9201
9202
9202
9203
9203
9204
9205
9205
9208
9209
9209
9211
9211
9214
9218
9219
9220
9221
9221
9225
9225
9225
9228
9228
9228
9230
9232
9232
9233
9233
9233
9234
9234
9234
9234
9236
9236
9238
9241
9242
9242
9243
9243
9243
9244
9245
9245
9246
9249
9253
9255
9255
9256
9256
9256
9256
9257
9258
9259
9260
9263
9263
9264
9266
9267
9269
9271
9277
9277
9278
9280
9280
9280
9282
9282
9283
9287
9288
9291
9291
9291
9292
9292
9294
9295
9296
9296
9297
9297
9299
9301
9304
9304
9305
9306
9307
9307
9309
9312
9314
9316
9317
9318
9318
9319
9320
9321
9323
9323
9324
9324
9324
9324
9326
9326
9328
9329
9331
9331
9332
9333
9334
9335
9337
9337
9337
9339
9341
9341
9342
9342
9342
9343
9346
9347
9348
9350
9350
9350
9352
9354
9355
9355
9357
9358
9358
9358
9359
9361
9361
9366
9366
9369
9370
9371
9371
9371
9372
9373
9373
9374
9375
9377
9379
9380
9381
9382
9383
9386
9389
9390
9391
9392
9392
9393
9393
9394
9395
9395
9396
9396
9396
9397
9397
9398
9398
9399
9401
9401
9402
9402
9404
9405
9408
9410
9410
9411
9411
9412
9414
9418
9419
9421
9421
9422
9422
9423
9423
9424
9424
9426
9427
9427
9429
9429
9431
9431
9435
9435
9435
9435
9436
9438
9438
9440
9442
9444
9444
9444
9445
9445
9446
9447
9448
9448
9450
9451
9453
9454
9456
9457
9459
9459
9459
9460
9460
9460
9461
9466
9466
9468
9468
9468
9469
9470
9470
9470
9472
9472
9473
9475
9475
9476
9477
9477
9477
9479
9480
9481
9481
9483
9484
9484
9485
9486
9488
9490
9492
9494
9496
9497
9499
9500
9500
9502
9504
9506
9509
9510
9513
9513
9514
9515
9515
9516
9516
9517
9518
9519
9521
9522
9525
9525
9529
9531
9531
9531
9533
9534
9535
9537
9537
9537
9538
9539
9541
9543
9543
9544
9544
9544
9545
9545
9545
9547
9548
9548
9549
9552
9552
9553
9553
9555
9558
9559
9559
9560
9560
9562
9562
9563
9563
9563
9564
9565
9566
9567
9572
9577
9577
9577
9581
9583
9583
9585
9586
9588
9589
9590
9592
9592
9593
9597
9598
9599
9599
9600
9601
9602
9603
9603
9603
9606
9606
9606
9609
9611
9612
9613
9613
9613
9613
9614
9617
9618
9619
9620
9621
9621
9621
9623
9626
9628
9628
9630
9631
9632
9634
9634
9635
9635
9636
9641
9642
9643
9645
9645
9647
9648
9649
9658
9659
9659
9660
9660
9661
9661
9662
9664
9665
9666
9670
9672
9673
9675
9675
9676
9677
9678
9679
9681
9683
9684
9684
9685
9687
9689
9690
9693
9694
9694
9694
9697
9697
9700
9704
9705
9705
9706
9707
9707
9709
9710
9710
9711
9714
9714
9714
9717
9717
9720
9720
9721
9722
9724
9725
9725
9726
9727
9727
9731
9732
9735
9736
9739
9740
9740
9743
9744
9745
9746
9746
9747
9749
9752
9752
9754
9754
9754
9755
9756
9757
9757
9758
9759
9759
9759
9760
9761
9762
9763
9763
9764
9765
9766
9767
9768
9768
9769
9770
9771
9772
9773
9774
9775
9775
9776
9777
9779
9779
9781
9783
9783
9783
9784
9785
9786
9789
9789
9791
9791
9793
9794
9795
9795
9796
9796
9797
9797
9798
9799
9801
9801
9802
9802
9802
9803
9803
9804
9804
9805
9805
9805
9806
9808
9808
9809
9811
9811
9812
9814
9814
9815
9817
9818
9820
9820
9820
9820
9821
9821
9821
9823
9825
9826
9828
9829
9829
9831
9831
9833
9833
9836
9837
9840
9841
9841
9841
9841
9842
9842
9843
9844
9844
9844
9845
9846
9847
9849
9852
9853
9853
9853
9854
9855
9859
9860
9861
9862
9862
9862
9862
9864
9868
9870
9870
9870
9871
9872
9873
9873
9874
9874
9876
9877
9877
9878
9880
9881
9882
9882
9886
9886
9887
9887
9887
9888
9888
9889
9890
9890
9891
9891
9892
9892
9893
9893
9893
9896
9896
9897
9898
9898
9899
9900
9902
9903
9904
9905
9905
9906
9909
9910
9912
9913
9914
9916
9917
9917
9918
9919
9920
9921
9922
9923
9927
9928
9929
9931
9932
9932
9933
9933
9933
9933
9934
9937
9937
9937
9938
9941
9941
9942
9942
9945
9947
9948
9951
9952
9954
9955
9956
9957
9957
9960
9962
9962
9962
9963
9965
9969
9970
9971
9972
9973
9974
9974
9975
9975
9977
9978
9978
9979
9982
9983
9983
9983
9983
9984
9984
9985
9986
9988
9992
9992
9993
9998
9999
10000
10000
10001
10002
10004
10004
10008
10011
10012
10015
10015
10016
10018
10021
10023
10025
10025
10026
10028
10029
10029
10029
10031
10031
10032
10034
10036
10036
10038
10042
10046
10046
10049
10051
10051
10053
10054
10055
10056
10057
10057
10058
10058
10059
10059
10061
10061
10062
10062
10063
10064
10066
10067
10067
10068
10068
10069
10069
10070
10071
10071
10072
10072
10073
10074
10074
10075
10078
10079
10079
10080
10083
10083
10084
10085
10085
10089
10090
10092
10093
10093
10094
10094
10095
10097
10099
10100
10101
10102
10103
10103
10105
10105
10106
10107
10107
10111
10111
10112
10112
10115
10116
10116
10117
10118
10118
10118
10119
10119
10119
10119
10120
10120
10122
10123
10123
10123
10123
10123
10125
10125
10125
10125
10126
10127
10128
10129
10130
10130
10132
10134
10134
10135
10135
10135
10137
10137
10138
10139
10140
10140
10143
10143
10145
10145
10145
10146
10146
10146
10147
10149
10151
10151
10152
10154
10157
10159
10159
10161
10161
10162
10166
10167
10168
10168
10169
10171
10171
10172
10172
10174
10175
10176
10176
10177
10177
10177
10180
10180
10181
10181
10183
10185
10185
10187
10188
10189
10193
10194
10195
10196
10196
10198
10201
10201
10202
10205
10205
10208
10209
10210
10211
10211
10212
10213
10213
10214
10217
10217
10219
10219
10220
10220
10224
10224
10224
10225
10226
10226
10227
10227
10229
10229
10231
10233
10234
10235
10235
10236
10236
10236
10237
10237
10238
10240
10241
10241
10242
10246
10248
10248
10249
10250
10250
10255
10255
10256
10256
10256
10257
10257
10258
10259
10260
10261
10263
10264
10266
10267
10268
10271
10271
10273
10276
10279
10281
10281
10281
10281
10283
10283
10289
10289
10291
10293
10294
10295
10296
10298
10299
10300
10303
10305
10306
10306
10308
10309
10309
10310
10314
10315
10316
10317
10318
10319
10322
10326
10326
10326
10327
10328
10330
10332
10333
10333
10333
10334
10334
10335
10335
10337
10339
10340
10340
10341
10342
10343
10343
10344
10345
10345
10345
10346
10350
10350
10351
10351
10352
10352
10354
10354
10357
10358
10358
10359
10359
10359
10360
10362
10362
10363
10364
10365
10365
10365
10366
10366
10366
10368
10369
10371
10372
10372
10373
10374
10376
10376
10377
10377
10381
10381
10382
10382
10385
10387
10388
10389
10390
10392
10394
10394
10397
10397
10397
10399
10399
10400
10402
10403
10404
10406
10406
10407
10407
10409
10409
10409
10409
10410
10410
10412
10412
10412
10412
10413
10413
10416
10416
10418
10419
10421
10422
10423
10425
10425
10426
10426
10428
10431
10431
10432
10433
10433
10435
10436
10436
10437
10438
10439
10440
10442
10443
10444
10446
10446
10448
10449
10449
10451
10451
10452
10453
10453
10453
10454
10454
10454
10454
10455
10455
10458
10458
10459
10461
10462
10463
10465
10465
10465
10471
10471
10471
10473
10474
10475
10475
10479
10479
10480
10481
10482
10483
10483
10484
10484
10485
10486
10487
10488
10488
10490
10492
10494
10495
10495
10496
10496
10497
10497
10497
10498
10499
10502
10505
10506
10507
10507
10508
10508
10510
10515
10515
10515
10516
10517
10517
10517
10519
10521
10523
10523
10524
10527
10529
10530
10530
10531
10531
10531
10531
10531
10533
10533
10533
10534
10535
10536
10538
10539
10542
10542
10542
10542
10546
10547
10548
10548
10549
10549
10549
10551
10551
10552
10552
10552
10552
10552
10554
10555
10555
10556
10557
10557
10557
10557
10558
10558
10559
10560
10560
10560
10561
10561
10561
10562
10562
10563
10564
10567
10567
10568
10569
10570
10570
10572
10572
10574
10574
10575
10577
10577
10578
10579
10580
10580
10581
10582
10582
10583
10583
10583
10584
10584
10586
10589
10590
10590
10591
10591
10596
10597
10597
10598
10599
10601
10601
10602
10602
10603
10604
10604
10605
10606
10607
10608
10609
10609
10609
10611
10612
10612
10613
10614
10615
10616
10617
10617
10618
10618
10619
10621
10623
10624
10625
10626
10626
10626
10627
10628
10629
10631
10631
10633
10633
10634
10637
10638
10640
10642
10643
10643
10646
10648
10649
10654
10655
10655
10659
10659
10662
10663
10665
10666
10667
10668
10668
10668
10668
10668
10669
10669
10671
10671
10673
10675
10675
10676
10681
10681
10681
10682
10683
10686
10686
10689
10689
10690
10691
10692
10693
10694
10695
10696
10696
10696
10697
10697
10698
10698
10699
10701
10701
10701
10703
10703
10703
10704
10705
10706
10707
10710
10710
10710
10711
10712
10712
10714
10715
10718
10718
10719
10720
10720
10721
10722
10724
10724
10724
10725
10725
10725
10725
10727
10728
10728
10730
10730
10731
10731
10733
10735
10735
10735
10737
10739
10740
10740
10740
10740
10741
10742
10742
10743
10743
10745
10746
10746
10746
10747
10747
10747
10747
10747
10748
10748
10749
10749
10750
10751
10751
10751
10753
10757
10759
10760
10760
10762
10764
10764
10768
10769
10769
10769
10770
10770
10771
10773
10775
10776
10777
10779
10779
10779
10780
10780
10782
10783
10783
10785
10786
10787
10787
10788
10788
10790
10791
10793
10794
10795
10798
10798
10799
10800
10800
10801
10802
10803
10804
10806
10807
10808
10808
10815
10817
10817
10817
10817
10818
10819
10821
10821
10822
10822
10827
10832
10832
10832
10833
10833
10834
10835
10837
10837
10839
10840
10843
10844
10845
10845
10847
10847
10848
10852
10854
10855
10855
10855
10856
10857
10858
10858
10859
10859
10860
10862
10863
10864
10864
10865
10867
10867
10868
10869
10869
10869
10871
10871
10871
10873
10874
10874
10876
10876
10877
10877
10877
10878
10882
10883
10884
10884
10885
10885
10886
10887
10889
10889
10889
10890
10890
10891
10892
10893
10894
10895
10895
10895
10896
10897
10898
10898
10898
10899
10900
10901
10901
10903
10903
10904
10904
10907
10907
10908
10909
10911
10913
10913
10914
10915
10915
10915
10915
10916
10917
10918
10918
10919
10920
10921
10924
10930
10930
10931
10934
10934
10935
10936
10936
10937
10937
10937
10938
10941
10942
10943
10944
10944
10945
10946
10947
10947
10948
10948
10948
10950
10951
10952
10952
10953
10953
10954
10955
10955
10956
10959
10960
10960
10960
10963
10964
10964
10965
10966
10966
10967
10968
10970
10970
10971
10972
10973
10976
10977
10979
10979
10979
10981
10984
10984
10984
10986
10986
10986
10987
10989
10990
10990
10991
10991
10991
10992
10994
10995
10997
10997
10997
11000
11004
11004
11005
11006
11006
11007
11008
11008
11008
11008
11009
11009
11010
11010
11011
11015
11015
11016
11019
11019
11022
11022
11023
11023
11024
11030
11031
11032
11033
11034
11034
11034
11034
11034
11035
11035
11035
11035
11038
11038
11039
11040
11042
11043
11043
11043
11045
11046
11046
11047
11047
11048
11048
11048
11049
11049
11050
11050
11051
11051
11052
11052
11052
11052
11052
11053
11054
11054
11054
11059
11060
11061
11062
11063
11065
11065
11067
11069
11070
11070
11071
11071
11072
11072
11076
11076
11076
11077
11078
11080
11081
11081
11081
11081
11083
11084
11084
11085
11085
11087
11087
11088
11089
11090
11091
11092
11094
11094
11095
11097
11098
11102
11102
11103
11105
11106
11107
11108
11109
11109
11110
11110
11113
11115
11116
11121
11121
11121
11121
11123
11123
11123
11124
11125
11126
11126
11129
11131
11131
11131
11133
11133
11134
11135
11135
11135
11136
11136
11138
11139
11139
11140
11141
11142
11142
11143
11144
11145
11145
11148
11148
11148
11150
11150
11150
11151
11151
11153
11153
11153
11156
11156
11157
11158
11158
11158
11158
11161
11164
11166
11167
11168
11168
11169
11170
11170
11170
11171
11172
11172
11173
11173
11174
11177
11178
11180
11181
11183
11185
11185
11188
11189
11190
11194
11195
11195
11196
11198
11202
11203
11203
11204
11204
11206
11206
11207
11209
11210
11210
11212
11213
11214
11214
11215
11216
11217
11217
11218
11218
11218
11219
11219
11220
11220
11221
11222
11223
11225
11227
11229
11230
11230
11233
11236
11237
11237
11238
11240
11242
11242
11243
11243
11243
11245
11246
11247
11247
11248
11249
11249
11249
11249
11250
11250
11252
11253
11255
11255
11255
11256
11256
11256
11258
11260
11260
11264
11264
11264
11264
11266
11268
11268
11271
11273
11274
11277
11280
11280
11281
11283
11283
11284
11284
11286
11288
11290
11291
11292
11293
11296
11296
11299
11300
11300
11304
11305
11305
11305
11305
11306
11308
11309
11311
11312
11313
11313
11315
11315
11315
11319
11321
11322
11324
11324
11326
11326
11329
11329
11330
11330
11331
11331
11331
11331
11332
11332
11334
11335
11335
11336
11338
11338
11339
11340
11340
11341
11341
11341
11341
11341
11343
11345
11345
11346
11346
11347
11347
11347
11349
11355
11355
11356
11357
11358
11359
11361
11362
11367
11368
11368
11369
11373
11373
11373
11374
11374
11378
11379
11380
11382
11383
11386
11388
11388
11392
11393
11393
11393
11395
11395
11396
11397
11398
11398
11399
11399
11400
11401
11402
11404
11405
11405
11405
11407
11408
11408
11408
11409
11409
11410
11410
11411
11411
11413
11414
11414
11415
11417
11417
11418
11418
11418
11419
11419
11422
11424
11425
11425
11426
11429
11429
11430
11433
11435
11435
11438
11438
11438
11439
11440
11440
11443
11444
11444
11444
11446
11446
11448
11448
11448
11449
11449
11449
11450
11450
11451
11452
11453
11455
11455
11455
11456
11458
11459
11459
11459
11459
11460
11460
11462
11467
11468
11468
11469
11471
11471
11471
11471
11472
11473
11474
11476
11476
11477
11477
11478
11480
11481
11482
11482
11483
11483
11484
11485
11485
11489
11489
11489
11490
11493
11495
11495
11498
11498
11499
11500
11504
11504
11504
11504
11507
11508
11508
11508
11509
11511
11512
11512
11513
11513
11516
11519
11519
11521
11521
11523
11524
11524
11524
11525
11526
11526
11526
11527
11528
11531
11531
11531
11532
11534
11534
11536
11536
11536
11537
11537
11539
11540
11541
11541
11542
11542
11544
11545
11545
11546
11547
11547
11547
11548
11548
11550
11550
11550
11551
11552
11554
11555
11555
11556
11556
11558
11559
11561
11561
11563
11563
11563
11565
11566
11566
11567
11568
11570
11571
11573
11573
11574
11575
11575
11576
11577
11579
11579
11579
11580
11581
11583
11584
11585
11585
11589
11590
11590
11591
11591
11591
11592
11592
11592
11593
11593
11595
11595
11596
11597
11598
11598
11599
11601
11602
11602
11602
11602
11607
11608
11608
11609
11611
11612
11612
11614
11615
11615
11615
11616
11616
11617
11617
11619
11621
11621
11623
11623
11624
11625
11626
11626
11627
11627
11629
11629
11630
11632
11632
11633
11634
11634
11635
11635
11636
11636
11636
11636
11637
11637
11639
11639
11640
11640
11641
11642
11643
11644
11646
11646
11646
11646
11647
11648
11649
11649
11650
11650
11652
11652
11653
11655
11656
11658
11658
11660
11662
11662
11663
11664
11664
11664
11664
11664
11664
11665
11667
11667
11668
11669
11669
11669
11675
11676
11677
11678
11678
11679
11679
11679
11682
11683
11683
11684
11685
11685
11685
11686
11686
11686
11687
11689
11689
11689
11690
11690
11691
11691
11693
11693
11694
11694
11695
11695
11696
11697
11697
11699
11699
11701
11703
11703
11704
11704
11704
11704
11704
11705
11706
11706
11708
11708
11708
11710
11711
11711
11713
11713
11713
11715
11717
11717
11718
11718
11718
11719
11719
11720
11720
11721
11722
11722
11723
11724
11727
11727
11728
11729
11731
11731
11732
11732
11732
11734
11735
11735
11736
11737
11741
11742
11743
11744
11745
11745
11746
11747
11747
11748
11748
11748
11750
11750
11750
11751
11753
11753
11753
11753
11753
11755
11755
11756
11756
11757
11757
11759
11760
11760
11760
11761
11762
11762
11764
11765
11767
11767
11768
11769
11769
11770
11770
11771
11771
11774
11774
11774
11775
11778
11782
11784
11784
11787
11788
11790
11791
11792
11792
11792
11793
11793
11793
11793
11794
11797
11797
11798
11798
11799
11799
11799
11799
11801
11801
11804
11804
11804
11808
11808
11811
11812
11813
11813
11815
11816
11817
11818
11819
11820
11820
11821
11823
11823
11823
11823
11824
11825
11825
11826
11826
11826
11826
11828
11828
11828
11829
11831
11831
11836
11836
11836
11837
11838
11838
11838
11838
11839
11841
11843
11845
11846
11846
11846
11846
11846
11846
11847
11848
11848
11848
11848
11850
11852
11852
11853
11854
11857
11858
11859
11859
11859
11861
11862
11862
11864
11865
11865
11867
11868
11869
11869
11872
11872
11872
11872
11873
11874
11875
11875
11877
11879
11880
11880
11881
11882
11882
11884
11885
11885
11886
11886
11888
11891
11894
11896
11898
11898
11898
11900
11900
11902
11903
11903
11904
11905
11905
11906
11907
11907
11908
11908
11910
11911
11912
11914
11916
11918
11919
11919
11920
11920
11921
11922
11923
11923
11924
11924
11928
11928
11928
11930
11930
11931
11931
11931
11932
11933
11934
11935
11935
11935
11938
11938
11938
11942
11942
11943
11944
11944
11944
11945
11946
11946
11946
11946
11949
11949
11951
11951
11952
11952
11954
11955
11956
11957
11957
11957
11958
11959
11960
11960
11966
11968
11968
11968
11969
11969
11970
11970
11971
11972
11973
11974
11975
11975
11976
11976
11977
11978
11982
11983
11983
11984
11987
11987
11988
11988
11990
11990
11991
11993
11995
11995
11995
11995
11995
11997
11999
12000
12000
12000
12000
12000
12002
12004
12005
12006
12006
12007
12007
12007
12007
12009
12010
12010
12011
12011
12011
12012
12013
12015
12016
12016
12016
12016
12018
12018
12019
12021
12023
12024
12027
12028
12028
12028
12029
12029
12032
12033
12034
12034
12036
12036
12041
12041
12042
12042
12044
12045
12046
12046
12047
12048
12050
12050
12050
12051
12052
12053
12053
12053
12054
12054
12055
12055
12056
12058
12058
12059
12065
12066
12066
12067
12068
12069
12071
12072
12078
12078
12081
12081
12081
12082
12083
12084
12085
12085
12085
12086
12088
12089
12089
12089
12090
12091
12091
12092
12092
12096
12097
12101
12103
12104
12104
12104
12105
12105
12106
12108
12108
12110
12110
12110
12111
12111
12112
12112
12113
12113
12114
12118
12119
12121
12121
12122
12122
12123
12123
12124
12126
12128
12129
12129
12129
12130
12130
12130
12130
12130
12132
12133
12134
12135
12135
12136
12138
12140
12142
12142
12142
12143
12143
12145
12145
12145
12146
12146
12147
12148
12148
12149
12149
12151
12152
12153
12154
12154
12156
12157
12159
12160
12161
12163
12163
12163
12163
12165
12165
12168
12168
12168
12168
12172
12172
12173
12173
12175
12176
12177
12177
12178
12178
12181
12182
12182
12184
12185
12185
12185
12186
12186
12187
12188
12189
12189
12191
12191
12192
12194
12194
12194
12195
12195
12195
12196
12197
12198
12198
12200
12201
12202
12203
12204
12204
12204
12205
12208
12208
12209
12210
12211
12211
12211
12214
12215
12216
12216
12218
12219
12223
12225
12226
12226
12227
12229
12231
12231
12233
12233
12233
12234
12235
12235
12237
12242
12243
12246
12246
12247
12247
12248
12249
12249
12250
12251
12251
12251
12253
12253
12253
12254
12254
12255
12256
12256
12256
12258
12259
12260
12260
12262
12262
12262
12264
12264
12264
12266
12267
12267
12269
12269
12275
12275
12277
12278
12279
12280
12280
12281
12282
12282
12282
12285
12287
12288
12290
12290
12291
12292
12292
12293
12294
12294
12294
12295
12295
12296
12301
12302
12302
12303
12304
12305
12306
12308
12309
12309
12310
12310
12310
12311
12312
12312
12312
12313
12314
12316
12320
12321
12322
12323
12330
12332
12332
12334
12335
12336
12336
12339
12341
12342
12343
12343
12344
12347
12347
12351
12353
12354
12357
12358
12358
12358
12359
12361
12362
12363
12364
12364
12364
12367
12368
12368
12368
12368
12370
12370
12371
12371
12373
12374
12375
12376
12378
12378
12381
12384
12384
12385
12386
12388
12390
12390
12391
12391
12392
12392
12392
12393
12394
12395
12395
12396
12396
12396
12400
12401
12402
12402
12402
12404
12404
12404
12406
12406
12407
12408
12412
12412
12413
12415
12416
12418
12422
12422
12422
12424
12428
12430
12431
12432
12434
12436
12438
12438
12440
12441
12441
12441
12442
12443
12443
12444
12444
12444
12446
12446
12449
12449
12449
12451
12452
12452
12452
12453
12453
12454
12456
12457
12459
12460
12461
12464
12465
12465
12467
12467
12468
12474
12475
12476
12476
12478
12482
12482
12482
12484
12484
12485
12487
12489
12489
12490
12491
12491
12492
12492
12493
12494
12495
12495
12497
12498
12501
12502
12503
12505
12506
12508
12508
12508
12508
12508
12510
12510
12510
12511
12512
12513
12513
12513
12515
12516
12516
12516
12517
12518
12519
12520
12520
12522
12523
12523
12524
12524
12525
12526
12528
12529
12530
12530
12531
12533
12533
12534
12534
12534
12534
12535
12535
12536
12537
12537
12540
12541
12541
12541
12541
12542
12545
12546
12547
12547
12548
12550
12550
12551
12553
12554
12554
12557
12558
12558
12559
12559
12561
12561
12562
12567
12569
12572
12572
12573
12573
12574
12575
12575
12579
12580
12582
12582
12583
12583
12583
12583
12584
12585
12586
12587
12587
12589
12589
12589
12590
12591
12594
12594
12595
12595
12596
12596
12598
12599
12599
12600
12601
12601
12602
12602
12602
12604
12605
12606
12607
12607
12608
12609
12609
12611
12611
12612
12613
12613
12615
12615
12617
12617
12618
12619
12619
12620
12621
12622
12622
12625
12625
12627
12628
12629
12632
12633
12633
12634
12635
12637
12637
12637
12638
12638
12638
12638
12639
12639
12639
12640
12640
12642
12644
12644
12644
12644
12644
12645
12646
12648
12649
12650
12650
12650
12651
12652
12653
12654
12655
12659
12659
12660
12660
12660
12661
12661
12662
12664
12666
12666
12666
12667
12669
12670
12671
12671
12671
12672
12673
12674
12675
12677
12677
12678
12678
12679
12679
12680
12680
12681
12682
12682
12682
12683
12685
12686
12686
12686
12687
12691
12692
12693
12697
12697
12698
12699
12700
12700
12700
12702
12703
12704
12704
12704
12705
12707
12711
12711
12711
12714
12714
12715
12716
12717
12717
12717
12717
12718
12718
12718
12718
12720
12720
12723
12725
12725
12726
12728
12731
12732
12733
12734
12735
12736
12737
12737
12737
12738
12738
12739
12739
12740
12741
12741
12742
12743
12743
12743
12743
12745
12746
12746
12746
12748
12749
12749
12752
12752
12760
12760
12761
12762
12763
12765
12766
12767
12768
12771
12774
12776
12776
12776
12777
12780
12781
12782
12782
12783
12783
12784
12787
12788
12788
12788
12789
12789
12789
12789
12790
12791
12791
12792
12793
12798
12798
12799
12800
12801
12802
12802
12802
12803
12803
12804
12804
12805
12805
12805
12807
12808
12808
12808
12811
12811
12812
12812
12812
12814
12815
12815
12816
12817
12818
12818
12818
12819
12821
12821
12822
12822
12823
12825
12826
12826
12827
12829
12829
12831
12832
12832
12832
12832
12833
12833
12833
12836
12839
12842
12842
12843
12843
12843
12844
12846
12846
12846
12847
12848
12850
12851
12854
12854
12854
12854
12855
12856
12856
12859
12861
12863
12864
12865
12865
12866
12866
12866
12867
12867
12868
12868
12872
12873
12873
12874
12875
12875
12876
12877
12877
12878
12879
12879
12879
12880
12882
12882
12882
12883
12884
12887
12887
12889
12890
12895
12895
12896
12897
12898
12899
12899
12902
12904
12904
12904
12907
12909
12909
12910
12912
12914
12916
12916
12916
12918
12919
12921
12922
12924
12924
12924
12925
12926
12926
12928
12928
12928
12932
12933
12933
12933
12933
12934
12934
12936
12936
12937
12940
12940
12941
12941
12944
12945
12946
12946
12949
12950
12953
12955
12955
12955
12955
12956
12956
12960
12962
12963
12964
12965
12967
12969
12969
12970
12970
12971
12972
12972
12973
12973
12973
12974
12975
12975
12975
12975
12975
12976
12978
12979
12979
12980
12980
12981
12981
12982
12984
12984
12984
12985
12985
12986
12987
12987
12989
12991
12992
12992
12994
12995
12995
12996
12998
12999
13000
13001
13001
13002
13003
13004
13005
13008
13009
13013
13013
13014
13014
13015
13015
13015
13016
13016
13017
13017
13018
13019
13019
13027
13027
13028
13028
13029
13030
13030
13030
13035
13035
13038
13038
13039
13039
13040
13040
13040
13042
13043
13043
13044
13044
13045
13047
13048
13049
13049
13051
13051
13055
13056
13058
13060
13061
13061
13062
13062
13062
13063
13064
13064
13065
13068
13070
13070
13070
13071
13072
13072
13075
13077
13078
13078
13080
13081
13081
13081
13082
13083
13083
13083
13083
13083
13084
13085
13088
13088
13090
13091
13092
13095
13095
13097
13097
13098
13102
13102
13104
13105
13106
13107
13107
13107
13108
13111
13112
13112
13113
13113
13114
13114
13116
13116
13117
13118
13118
13118
13119
13121
13123
13126
13126
13130
13130
13131
13132
13133
13133
13133
13134
13135
13136
13136
13137
13138
13139
13139
13140
13142
13143
13144
13144
13145
13149
13152
13152
13155
13156
13156
13156
13159
13159
13160
13160
13161
13163
13163
13163
13164
13165
13168
13168
13169
13171
13171
13171
13172
13172
13172
13173
13174
13174
13174
13175
13176
13176
13176
13178
13180
13181
13182
13183
13184
13185
13186
13186
13188
13193
13193
13199
13199
13201
13203
13203
13203
13204
13206
13206
13206
13207
13208
13211
13211
13211
13211
13212
13213
13214
13215
13216
13216
13218
13219
13222
13222
13223
13223
13224
13224
13224
13225
13227
13228
13228
13228
13230
13230
13232
13232
13234
13234
13238
13239
13239
13241
13241
13244
13244
13245
13246
13246
13246
13247
13247
13248
13250
13250
13250
13250
13255
13255
13255
13257
13258
13258
13259
13262
13263
13264
13266
13266
13268
13268
13269
13270
13270
13271
13272
13274
13276
13278
13279
13281
13281
13283
13285
13288
13288
13288
13288
13289
13289
13292
13292
13293
13293
13295
13297
13306
13307
13307
13308
13308
13308
13308
13309
13310
13311
13311
13314
13314
13315
13315
13316
13316
13317
13319
13319
13320
13321
13321
13321
13322
13322
13324
13324
13327
13327
13327
13328
13329
13331
13332
13333
13333
13335
13339
13339
13341
13342
13342
13343
13343
13343
13345
13347
13347
13347
13349
13349
13350
13353
13355
13356
13356
13357
13360
13360
13360
13361
13362
13363
13365
13366
13367
13367
13368
13369
13369
13370
13370
13371
13371
13371
13373
13374
13374
13375
13375
13376
13376
13377
13377
13378
13379
13379
13380
13380
13381
13382
13382
13385
13386
13388
13388
13389
13389
13390
13393
13393
13395
13396
13397
13399
13399
13400
13403
13404
13406
13407
13410
13411
13411
13412
13412
13413
13414
13414
13415
13415
13416
13416
13416
13418
13418
13421
13421
13423
13423
13424
13427
13427
13431
13432
13433
13439
13440
13441
13442
13444
13446
13447
13447
13448
13448
13448
13448
13449
13449
13449
13450
13451
13453
13453
13454
13454
13454
13458
13461
13464
13465
13465
13466
13466
13467
13467
13468
13468
13469
13469
13474
13476
13476
13481
13481
13481
13482
13483
13484
13484
13484
13485
13486
13487
13488
13488
13490
13490
13491
13491
13492
13492
13497
13498
13498
13499
13500
13501
13502
13504
13505
13505
13508
13509
13509
13515
13516
13517
13517
13517
13518
13519
13520
13522
13523
13523
13523
13523
13524
13524
13525
13525
13527
13528
13530
13530
13531
13535
13535
13537
13537
13538
13538
13539
13540
13541
13543
13543
13544
13545
13547
13548
13549
13550
13552
13553
13554
13554
13555
13556
13556
13556
13556
13558
13559
13559
13561
13562
13563
13565
13572
13573
13575
13575
13575
13577
13577
13580
13581
13582
13583
13583
13583
13584
13584
13585
13586
13588
13589
13591
13595
13597
13598
13600
13600
13602
13602
13604
13604
13605
13605
13605
13608
13608
13612
13613
13617
13618
13620
13621
13622
13623
13625
13626
13630
13634
13635
13635
13636
13638
13638
13638
13638
13639
13639
13640
13641
13641
13642
13644
13644
13646
13646
13647
13647
13649
13649
13650
13651
13651
13652
13652
13653
13653
13654
13654
13654
13655
13656
13656
13657
13657
13658
13660
13661
13662
13662
13663
13663
13663
13664
13665
13666
13667
13667
13668
13669
13670
13670
13671
13674
13676
13676
13676
13679
13680
13682
13683
13683
13685
13687
13687
13688
13688
13690
13691
13692
13692
13693
13693
13695
13699
13701
13701
13702
13702
13704
13708
13708
13710
13712
13712
13712
13713
13714
13714
13715
13716
13716
13717
13717
13722
13722
13722
13723
13723
13724
13724
13726
13726
13726
13727
13727
13727
13728
13729
13729
13730
13733
13735
13736
13737
13738
13739
13740
13740
13741
13742
13743
13744
13745
13746
13747
13747
13748
13749
13752
13753
13753
13753
13754
13756
13758
13759
13759
13760
13760
13761
13762
13763
13764
13765
13765
13766
13771
13772
13772
13773
13774
13775
13777
13778
13780
13780
13781
13781
13782
13786
13787
13789
13790
13790
13791
13791
13794
13794
13795
13795
13797
13798
13798
13801
13801
13804
13805
13806
13807
13807
13808
13809
13809
13809
13809
13810
13812
13813
13813
13814
13816
13817
13821
13822
13823
13824
13824
13825
13825
13825
13825
13829
13829
13830
13831
13833
13835
13835
13835
13835
13836
13840
13841
13842
13843
13843
13845
13846
13846
13846
13847
13848
13848
13849
13849
13850
13850
13852
13852
13853
13853
13854
13855
13855
13856
13856
13858
13858
13859
13860
13861
13862
13862
13863
13865
13865
13868
13871
13872
13875
13875
13876
13876
13876
13883
13884
13884
13884
13885
13885
13886
13887
13889
13890
13891
13891
13892
13892
13893
13893
13894
13895
13895
13896
13897
13897
13900
13903
13906
13906
13907
13908
13908
13909
13917
13918
13919
13919
13920
13920
13920
13921
13922
13922
13923
13924
13925
13925
13926
13929
13929
13930
13934
13935
13935
13935
13936
13936
13939
13939
13943
13945
13945
13946
13946
13946
13946
13947
13948
13949
13950
13952
13953
13956
13956
13956
13956
13957
13958
13960
13961
13962
13963
13963
13963
13964
13966
13967
13967
13968
13968
13970
13970
13970
13972
13974
13975
13976
13976
13979
13982
13982
13983
13986
13987
13988
13989
13991
13992
13992
13996
13998
13999
13999
14000
14002
14003
14004
14004
14008
14012
14013
14014
14014
14015
14015
14016
14016
14018
14020
14020
14021
14022
14024
14026
14026
14026
14027
14027
14028
14030
14030
14031
14033
14034
14035
14035
14036
14037
14037
14037
14038
14040
14040
14041
14042
14043
14045
14045
14046
14046
14048
14049
14050
14050
14050
14052
14056
14056
14057
14057
14058
14058
14058
14062
14063
14063
14064
14066
14066
14066
14068
14068
14069
14070
14071
14072
14074
14077
14080
14080
14082
14082
14083
14085
14085
14086
14087
14089
14089
14090
14090
14092
14095
14098
14098
14098
14098
14102
14103
14104
14106
14109
14109
14110
14111
14112
14113
14114
14116
14121
14121
14121
14125
14126
14127
14131
14131
14132
14135
14135
14137
14137
14139
14139
14140
14140
14141
14141
14143
14143
14144
14145
14146
14147
14147
14147
14148
14148
14148
14149
14150
14150
14151
14153
14153
14153
14154
14155
14155
14156
14157
14157
14157
14158
14160
14160
14161
14162
14165
14167
14167
14167
14168
14168
14169
14169
14169
14169
14170
14172
14172
14174
14175
14175
14176
14176
14176
14179
14180
14180
14182
14183
14184
14187
14188
14189
14189
14190
14190
14191
14191
14192
14192
14192
14192
14193
14193
14194
14195
14197
14197
14197
14198
14199
14199
14200
14200
14201
14201
14201
14202
14202
14203
14204
14205
14207
14208
14209
14210
14213
14216
14216
14216
14217
14218
14218
14218
14219
14220
14221
14221
14222
14223
14223
14223
14223
14227
14229
14229
14229
14229
14230
14231
14233
14235
14237
14239
14239
14240
14245
14245
14245
14246
14246
14247
14248
14248
14249
14249
14250
14251
14252
14253
14257
14257
14257
14258
14260
14260
14261
14261
14262
14262
14263
14263
14263
14264
14264
14265
14265
14266
14267
14267
14267
14270
14270
14271
14272
14274
14274
14275
14275
14278
14281
14282
14282
14284
14284
14285
14285
14286
14288
14288
14289
14289
14290
14290
14292
14294
14294
14296
14298
14299
14299
14302
14303
14307
14308
14311
14315
14318
14318
14319
14322
14324
14324
14324
14325
14325
14325
14327
14327
14328
14331
14332
14332
14336
14337
14337
14338
14339
14340
14341
14343
14343
14345
14345
14346
14347
14350
14351
14351
14351
14351
14354
14357
14358
14361
14361
14361
14362
14363
14363
14363
14364
14365
14365
14365
14365
14367
14367
14368
14368
14369
14369
14370
14371
14371
14372
14373
14374
14374
14374
14374
14377
14377
14378
14378
14378
14381
14384
14385
14386
14388
14388
14388
14390
14391
14391
14392
14393
14394
14395
14397
14399
14399
14403
14403
14403
14403
14405
14409
14409
14410
14411
14411
14412
14412
14416
14416
14417
14417
14420
14421
14423
14424
14424
14425
14426
14426
14426
14429
14429
14429
14430
14430
14430
14430
14432
14433
14434
14436
14437
14437
14441
14444
14446
14447
14448
14449
14450
14450
14450
14451
14451
14451
14451
14452
14455
14456
14458
14459
14460
14461
14462
14463
14463
14463
14464
14467
14468
14468
14468
14469
14469
14472
14473
14473
14473
14474
14474
14477
14478
14479
14480
14482
14482
14485
14487
14488
14489
14489
14492
14494
14494
14494
14499
14501
14502
14502
14503
14503
14503
14505
14507
14507
14509
14509
14511
14511
14511
14513
14513
14513
14514
14516
14519
14520
14521
14525
14526
14526
14527
14527
14530
14532
14533
14533
14534
14535
14536
14536
14537
14537
14537
14538
14539
14539
14540
14543
14545
14547
14547
14549
14550
14550
14550
14550
14550
14550
14550
14551
14552
14553
14553
14554
14554
14555
14556
14557
14559
14560
14562
14562
14563
14564
14564
14564
14564
14567
14567
14568
14569
14570
14570
14570
14572
14572
14573
14573
14573
14575
14576
14577
14577
14578
14578
14579
14579
14580
14581
14581
14582
14582
14584
14584
14585
14585
14586
14587
14587
14590
14595
14599
14599
14599
14601
14602
14603
14605
14607
14607
14607
14607
14609
14610
14611
14613
14613
14615
14615
14615
14616
14618
14619
14620
14620
14621
14621
14624
14624
14624
14625
14625
14625
14625
14625
14626
14626
14627
14628
14629
14631
14634
14634
14636
14637
14640
14641
14642
14642
14642
14643
14643
14646
14646
14649
14649
14650
14651
14654
14656
14661
14662
14663
14664
14664
14664
14665
14666
14669
14670
14671
14671
14672
14672
14675
14676
14676
14678
14678
14679
14682
14682
14683
14683
14683
14684
14685
14686
14689
14689
14691
14692
14692
14693
14693
14694
14695
14696
14696
14697
14698
14698
14700
14701
14702
14704
14707
14707
14709
14709
14710
14710
14711
14712
14712
14713
14713
14714
14715
14715
14716
14718
14718
14719
14721
14722
14723
14723
14727
14727
14729
14730
14731
14731
14731
14732
14732
14733
14735
14735
14736
14737
14738
14739
14739
14739
14739
14739
14740
14743
14743
14746
14746
14746
14747
14748
14749
14749
14750
14751
14751
14751
14753
14754
14754
14756
14756
14757
14758
14759
14759
14761
14762
14763
14764
14766
14766
14767
14768
14769
14773
14775
14775
14778
14778
14779
14783
14784
14784
14784
14785
14786
14786
14788
14789
14789
14789
14789
14792
14793
14793
14793
14797
14798
14798
14799
14800
14801
14802
14802
14802
14802
14803
14803
14804
14804
14804
14804
14805
14805
14806
14806
14807
14809
14809
14810
14811
14811
14813
14813
14815
14816
14817
14818
14818
14825
14826
14827
14828
14828
14829
14831
14832
14835
14835
14836
14838
14838
14838
14839
14839
14840
14841
14841
14842
14842
14843
14843
14844
14846
14846
14846
14847
14847
14849
14849
14849
14849
14850
14850
14851
14851
14852
14854
14854
14855
14857
14859
14860
14861
14861
14861
14863
14863
14864
14865
14867
14867
14868
14868
14869
14869
14870
14870
14870
14870
14871
14871
14873
14874
14875
14876
14878
14879
14884
14886
14886
14886
14888
14888
14891
14891
14892
14893
14895
14896
14897
14898
14898
14898
14899
14899
14901
14901
14901
14902
14902
14903
14903
14903
14903
14904
14906
14907
14907
14909
14910
14910
14910
14910
14913
14913
14918
14919
14919
14919
14920
14925
14925
14929
14929
14929
14930
14930
14931
14933
14933
14935
14936
14938
14939
14939
14939
14942
14942
14942
14942
14943
14944
14944
14946
14950
14952
14954
14955
14956
14957
14958
14958
14960
14965
14966
14967
14968
14969
14969
14974
14974
14974
14978
14980
14982
14982
14983
14983
14983
14984
14985
14985
14986
14986
14986
14987
14987
14987
14989
14989
14989
14991
14992
14994
14995
14995
14997
14999
14999
15001
15002
15005
15006
15006
15006
15006
15009
15011
15012
15012
15012
15013
15014
15015
15017
15017
15019
15019
15020
15020
15020
15020
15022
15023
15024
15025
15025
15025
15028
15028
15030
15033
15033
15035
15036
15041
15041
15043
15044
15045
15045
15046
15047
15047
15048
15048
15050
15052
15053
15053
15053
15053
15054
15055
15057
15058
15058
15058
15058
15061
15062
15065
15066
15069
15070
15071
15072
15072
15073
15074
15074
15075
15075
15075
15075
15075
15076
15076
15076
15077
15078
15078
15080
15082
15083
15083
15088
15089
15090
15091
15092
15092
15092
15093
15093
15093
15094
15094
15096
15096
15097
15098
15098
15099
15100
15102
15102
15103
15103
15103
15105
15106
15106
15106
15108
15109
15109
15109
15110
15110
15110
15110
15111
15112
15112
15113
15114
15114
15116
15116
15117
15118
15118
15118
15120
15120
15121
15122
15126
15127
15128
15128
15128
15128
15129
15130
15130
15130
15130
15132
15133
15136
15136
15141
15143
15143
15145
15146
15148
15149
15149
15150
15151
15153
15153
15153
15156
15156
15157
15157
15158
15160
15160
15160
15161
15162
15164
15166
15167
15168
15169
15171
15172
15172
15173
15176
15176
15176
15178
15180
15183
15184
15184
15186
15186
15186
15187
15187
15189
15192
15194
15195
15198
15199
15200
15201
15201
15201
15201
15202
15202
15204
15205
15205
15205
15205
15209
15210
15210
15216
15219
15219
15219
15220
15221
15222
15223
15226
15227
15228
15228
15229
15230
15231
15233
15236
15237
15239
15241
15241
15241
15242
15243
15244
15244
15247
15248
15252
15252
15252
15253
15254
15255
15260
15262
15262
15262
15262
15263
15263
15265
15265
15266
15267
15267
15268
15270
15270
15271
15272
15272
15275
15276
15277
15281
15281
15281
15282
15282
15285
15286
15288
15288
15289
15289
15289
15290
15291
15297
15297
15298
15298
15299
15299
15300
15302
15304
15305
15306
15307
15307
15308
15308
15309
15311
15312
15313
15314
15314
15315
15315
15316
15317
15317
15318
15318
15319
15319
15319
15320
15321
15321
15322
15323
15324
15324
15325
15326
15327
15331
15332
15334
15334
15337
15337
15339
15339
15340
15340
15341
15341
15341
15341
15342
15343
15344
15346
15348
15350
15353
15353
15354
15357
15358
15358
15359
15361
15361
15362
15364
15365
15365
15366
15369
15371
15371
15373
15374
15377
15377
15378
15378
15379
15381
15383
15384
15386
15388
15388
15389
15389
15389
15389
15390
15390
15391
15392
15394
15394
15395
15395
15398
15399
15399
15399
15399
15401
15402
15405
15405
15405
15406
15406
15407
15408
15412
15414
15414
15415
15416
15417
15417
15419
15419
15419
15419
15419
15420
15420
15421
15421
15422
15422
15423
15423
15423
15425
15425
15425
15426
15426
15427
15428
15428
15428
15428
15430
15430
15431
15431
15431
15431
15431
15433
15433
15433
15434
15434
15434
15434
15436
15437
15439
15440
15440
15441
15442
15442
15442
15444
15447
15448
15449
15449
15451
15451
15452
15453
15453
15453
15454
15454
15455
15456
15456
15456
15456
15458
15459
15460
15463
15464
15464
15465
15465
15465
15469
15469
15471
15473
15479
15480
15480
15481
15484
15485
15485
15487
15491
15493
15493
15495
15498
15498
15499
15500
15501
15502
15502
15503
15503
15505
15505
15507
15508
15508
15508
15509
15509
15510
15513
15515
15516
15518
15518
15519
15520
15521
15522
15522
15522
15523
15523
15526
15526
15527
15528
15530
15535
15535
15536
15537
15538
15538
15539
15539
15539
15540
15540
15540
15541
15541
15542
15543
15543
15546
15547
15549
15550
15550
15550
15551
15551
15552
15553
15555
15555
15558
15558
15558
15558
15559
15561
15561
15561
15561
15562
15562
15563
15563
15564
15567
15568
15568
15568
15569
15572
15572
15574
15574
15577
15577
15578
15580
15580
15581
15583
15583
15585
15586
15586
15587
15588
15588
15589
15589
15590
15597
15597
15599
15604
15604
15606
15606
15607
15607
15608
15612
15612
15613
15613
15614
15616
15617
15617
15618
15619
15619
15620
15621
15623
15624
15625
15625
15626
15627
15627
15629
15631
15632
15632
15634
15635
15635
15636
15640
15641
15643
15645
15645
15645
15646
15646
15646
15647
15649
15649
15650
15654
15655
15657
15657
15658
15659
15660
15661
15661
15662
15663
15663
15664
15664
15665
15665
15665
15666
15666
15669
15669
15670
15672
15672
15673
15675
15676
15678
15680
15680
15681
15682
15682
15682
15684
15686
15686
15690
15692
15694
15695
15695
15697
15699
15699
15699
15700
15703
15704
15705
15705
15706
15706
15706
15706
15707
15710
15710
15710
15712
15712
15713
15714
15716
15716
15718
15719
15719
15721
15723
15725
15726
15727
15727
15730
15733
15734
15735
15735
15740
15741
15743
15743
15744
15746
15746
15746
15747
15748
15748
15748
15748
15750
15751
15751
15752
15752
15754
15754
15755
15755
15761
15762
15762
15765
15766
15767
15768
15768
15769
15770
15773
15774
15774
15775
15777
15780
15781
15782
15783
15783
15783
15783
15786
15786
15791
15791
15791
15793
15794
15794
15795
15795
15796
15796
15796
15797
15797
15798
15798
15799
15800
15801
15803
15805
15805
15806
15806
15807
15807
15808
15808
15808
15809
15809
15810
15810
15811
15812
15813
15814
15816
15816
15817
15820
15822
15825
15825
15827
15827
15827
15828
15830
15830
15830
15832
15833
15833
15834
15836
15837
15837
15838
15839
15839
15841
15843
15844
15844
15845
15847
15848
15849
15852
15855
15855
15857
15857
15859
15859
15859
15860
15861
15862
15863
15864
15864
15865
15868
15869
15869
15869
15870
15873
15874
15874
15875
15878
15879
15880
15880
15881
15882
15883
15884
15886
15886
15886
15888
15888
15889
15890
15892
15894
15894
15894
15894
15896
15897
15897
15897
15898
15898
15899
15900
15902
15902
15903
15903
15908
15912
15912
15913
15916
15916
15917
15918
15918
15920
15921
15922
15923
15924
15925
15926
15926
15926
15928
15929
15931
15933
15933
15934
15936
15936
15937
15938
15938
15939
15939
15940
15941
15941
15943
15943
15943
15943
15944
15945
15945
15945
15946
15946
15946
15947
15948
15949
15949
15949
15949
15951
15953
15953
15954
15955
15955
15956
15957
15958
15958
15958
15959
15962
15963
15963
15964
15965
15967
15968
15969
15970
15971
15971
15972
15973
15973
15973
15976
15976
15978
15978
15979
15979
15981
15982
15984
15985
15987
15988
15989
15989
15990
15991
15992
15994
15998
15999
16000
arquivo ordenado pelo algoritmo sort da api C++, tempo da ordenao = 3.99995 milisegundos

