24
25
28
39
46
53
59
67
90
92
101
106
115
118
142
148
150
158
198
201
202
212
214
216
221
228
235
237
238
250
266
270
278
307
312
317
322
334
337
376
384
386
395
410
414
419
423
438
456
465
482
490
492
496
502
503
523
527
537
544
547
547
547
549
560
562
570
579
581
614
623
647
650
663
686
691
711
727
739
741
759
761
774
777
781
788
808
814
817
824
838
855
880
897
916
919
933
944
962
966
969
980
988
996
998
1000
1007
1018
1055
1061
1075
1084
1084
1122
1123
1125
1133
1136
1146
1167
1188
1205
1210
1224
1225
1229
1230
1246
1246
1269
1273
1277
1282
1292
1305
1321
1327
1347
1364
1377
1381
1384
1389
1390
1413
1444
1446
1460
1477
1483
1497
1501
1522
1537
1539
1561
1562
1569
1571
1578
1612
1622
1625
1628
1636
1641
1647
1650
1651
1654
1656
1665
1672
1676
1682
1701
1702
1703
1705
1705
1726
1737
1738
1745
1751
1754
1766
1776
1780
1799
1809
1822
1841
1846
1853
1856
1888
1891
1913
1950
1954
1957
1965
1968
1971
1972
1986
1986
2000
2002
2005
2007
2014
2017
2026
2032
2036
2049
2060
2068
2070
2084
2100
2102
2106
2107
2116
2141
2144
2147
2155
2161
2163
2174
2174
2190
2197
2200
2213
2215
2221
2224
2241
2248
2250
2288
2291
2295
2298
2304
2326
2330
2339
2339
2346
2360
2370
2422
2422
2427
2440
2444
2458
2467
2473
2483
2493
2507
2509
2522
2543
2545
2563
2567
2584
2594
2597
2600
2612
2613
2622
2622
2627
2629
2700
2702
2704
2713
2724
2726
2726
2737
2762
2777
2779
2789
2792
2794
2797
2809
2831
2849
2852
2862
2889
2904
2916
2919
2919
2923
2925
2936
2952
2968
2975
2984
2998
3014
3017
3021
3026
3050
3071
3084
3097
3102
3106
3114
3124
3127
3135
3138
3152
3160
3164
3170
3176
3179
3187
3192
3193
3205
3208
3219
3236
3243
3249
3250
3252
3254
3260
3261
3306
3308
3309
3318
3324
3331
3331
3332
3342
3343
3353
3368
3372
3373
3382
3387
3393
3394
3402
3415
3422
3430
3432
3456
3460
3463
3481
3483
3487
3506
3510
3514
3519
3533
3543
3543
3576
3577
3578
3588
3596
3613
3616
3633
3651
3662
3684
3695
3705
3706
3711
3720
3750
3753
3754
3757
3758
3776
3780
3789
3799
3807
3814
3815
3821
3826
3840
3840
3842
3853
3858
3861
3863
3877
3884
3884
3889
3896
3902
3926
3926
3928
3933
3965
3976
3977
3989
3998
4020
4021
4028
4031
4034
4041
4053
4056
4061
4066
4083
4090
4091
4091
4105
4106
4114
4120
4123
4124
4128
4140
4143
4157
4165
4179
4180
4209
4213
4226
4227
4232
4242
4244
4255
4258
4263
4266
4266
4268
4271
4272
4273
4274
4277
4297
4301
4301
4320
4324
4329
4335
4335
4338
4342
4357
4375
4386
4395
4400
4431
4435
4450
4457
4460
4475
4481
4486
4490
4492
4496
4502
4503
4511
4522
4526
4545
4561
4563
4571
4582
4589
4592
4596
4610
4611
4616
4625
4650
4665
4682
4719
4724
4725
4735
4744
4756
4762
4773
4775
4784
4792
4794
4798
4799
4802
4804
4805
4816
4826
4835
4837
4837
4839
4847
4847
4849
4862
4863
4865
4865
4904
4909
4911
4914
4916
4923
4936
4937
4941
4949
4950
4957
4967
4980
4985
4991
5000
5006
5010
5015
5021
5029
5032
5042
5061
5079
5089
5092
5101
5113
5118
5135
5137
5145
5147
5158
5163
5167
5178
5185
5234
5267
5302
5329
5331
5336
5338
5353
5361
5372
5381
5386
5386
5391
5392
5402
5411
5411
5440
5440
5443
5456
5457
5468
5471
5473
5485
5496
5500
5508
5509
5515
5522
5524
5535
5539
5545
5555
5592
5595
5606
5610
5612
5619
5620
5627
5640
5641
5646
5655
5666
5666
5667
5675
5681
5724
5731
5734
5738
5748
5757
5763
5765
5781
5803
5808
5809
5850
5851
5861
5862
5873
5875
5884
5886
5918
5934
5938
5943
5960
5963
5974
6006
6007
6013
6015
6031
6031
6033
6035
6036
6041
6045
6058
6072
6073
6074
6074
6091
6094
6098
6100
6100
6124
6130
6134
6136
6149
6157
6158
6168
6171
6174
6175
6181
6181
6182
6184
6185
6191
6200
6200
6215
6223
6223
6228
6229
6230
6238
6241
6252
6266
6267
6268
6271
6272
6275
6279
6282
6289
6320
6323
6326
6337
6338
6366
6377
6381
6425
6435
6436
6442
6443
6471
6486
6494
6507
6508
6521
6524
6525
6536
6541
6542
6545
6577
6593
6594
6605
6612
6614
6632
6634
6656
6659
6681
6688
6695
6697
6701
6711
6725
6737
6740
6749
6750
6755
6765
6776
6779
6780
6783
6792
6793
6798
6800
6804
6824
6831
6832
6839
6841
6851
6851
6854
6863
6865
6871
6880
6904
6905
6909
6910
6921
6927
6933
6954
6981
6985
6990
6990
7018
7019
7023
7027
7044
7053
7058
7074
7089
7092
7096
7097
7099
7100
7108
7113
7119
7120
7125
7141
7141
7142
7146
7152
7158
7158
7163
7173
7177
7178
7183
7193
7196
7206
7219
7237
7240
7252
7265
7266
7271
7282
7283
7311
7320
7320
7334
7341
7355
7359
7361
7375
7379
7389
7398
7410
7431
7431
7434
7443
7450
7454
7462
7486
7490
7499
7509
7514
7526
7529
7530
7534
7535
7535
7537
7539
7561
7567
7567
7577
7578
7587
7588
7613
7621
7636
7637
7643
7659
7661
7678
7684
7695
7695
7699
7700
7722
7723
7729
7731
7731
7741
7744
7746
7749
7749
7770
7775
7777
7784
7786
7798
7809
7812
7818
7827
7843
7862
7870
7872
7873
7891
7906
7909
7918
7920
7921
7928
7945
7951
7957
7961
7969
7998
8009
8031
8038
8039
8047
8056
8058
8062
8099
8103
8107
8109
8110
8112
8120
8127
8135
8153
8160
8171
8172
8174
8176
8179
8182
8184
8218
8232
8249
8261
8263
8275
8281
8283
8289
8293
8298
8299
8300
8335
8340
8341
8343
8344
8349
8354
8360
8361
8373
8376
8378
8385
8386
8396
8398
8407
8407
8415
8415
8421
8423
8423
8428
8451
8461
8462
8465
8468
8477
8496
8507
8517
8518
8520
8549
8565
8575
8584
8588
8594
8609
8615
8623
8630
8638
8641
8651
8652
8658
8664
8674
8684
8706
8728
8728
8730
8735
8746
8747
8750
8750
8756
8775
8788
8790
8799
8809
8811
8812
8820
8821
8822
8822
8823
8829
8843
8851
8857
8860
8864
8875
8895
8897
8899
8901
8903
8913
8923
8926
8932
8941
8952
8954
8966
8972
8980
8988
8997
9010
9010
9014
9023
9030
9039
9039
9044
9052
9062
9063
9070
9075
9077
9089
9092
9099
9107
9108
9113
9113
9128
9156
9177
9181
9183
9195
9195
9203
9230
9243
9254
9255
9255
9264
9266
9273
9282
9283
9297
9299
9306
9308
9309
9312
9334
9339
9344
9346
9350
9354
9371
9375
9377
9379
9387
9398
9401
9407
9421
9429
9432
9432
9433
9437
9439
9452
9464
9487
9488
9500
9500
9514
9516
9518
9518
9526
9526
9539
9544
9557
9561
9563
9574
9579
9584
9588
9607
9611
9618
9636
9642
9643
9677
9686
9689
9693
9697
9744
9755
9770
9790
9791
9798
9815
9823
9828
9829
9843
9846
9846
9849
9852
9858
9872
9877
9894
9904
9911
9914
9926
9952
9960
9964
9966
9972
9976
9979
9984
9984
9994
9999
10004
10005
10016
10025
10032
10045
10046
10055
10057
10059
10068
10069
10075
10075
10075
10089
10093
10115
10119
10129
10133
10162
10163
10165
10167
10197
10210
10223
10224
10235
10242
10245
10273
10276
10278
10302
10302
10308
10316
10322
10333
10335
10348
10349
10349
10354
10363
10381
10384
10389
10397
10404
10411
10415
10424
10427
10434
10440
10454
10468
10476
10478
10486
10500
10502
10505
10509
10512
10524
10533
10541
10551
10553
10569
10574
10607
10608
10612
10616
10638
10652
10652
10655
10658
10661
10662
10668
10668
10673
10674
10675
10676
10684
10691
10698
10714
10717
10720
10726
10733
10736
10741
10752
10752
10757
10761
10771
10790
10792
10793
10793
10803
10809
10828
10836
10841
10850
10882
10884
10885
10894
10903
10910
10922
10934
10947
10951
10956
10958
10969
10976
10980
10984
11002
11003
11004
11006
11007
11008
11009
11011
11016
11031
11034
11038
11051
11053
11053
11056
11079
11099
11108
11119
11125
11126
11130
11132
11138
11154
11155
11156
11159
11162
11163
11164
11166
11180
11190
11192
11195
11202
11205
11209
11233
11251
11256
11286
11290
11304
11305
11325
11331
11339
11346
11380
11385
11394
11398
11401
11410
11414
11433
11441
11446
11447
11449
11449
11457
11467
11480
11484
11485
11487
11490
11497
11497
11509
11524
11530
11533
11544
11559
11568
11573
11574
11587
11587
11594
11596
11608
11613
11635
11637
11639
11641
11650
11656
11678
11689
11705
11705
11724
11731
11733
11733
11741
11743
11746
11752
11762
11773
11802
11813
11857
11857
11861
11881
11885
11890
11893
11904
11912
11919
11922
11924
11929
11929
11936
11950
11958
11965
11974
11975
11982
11982
11985
11992
12003
12006
12013
12016
12021
12023
12032
12033
12046
12052
12064
12073
12076
12076
12100
12111
12116
12119
12127
12130
12141
12142
12144
12146
12152
12168
12180
12190
12190
12196
12197
12203
12208
12227
12227
12261
12300
12311
12312
12314
12320
12345
12349
12381
12387
12393
12397
12402
12407
12413
12425
12431
12442
12458
12472
12479
12480
12503
12507
12509
12515
12526
12527
12540
12548
12549
12555
12558
12559
12580
12582
12594
12597
12604
12605
12625
12627
12634
12634
12664
12678
12679
12684
12688
12691
12701
12704
12705
12722
12733
12741
12764
12766
12768
12771
12784
12792
12793
12797
12798
12818
12820
12828
12832
12839
12846
12859
12865
12882
12895
12897
12903
12935
12938
12951
12952
12956
12957
12961
12978
12989
12999
13022
13045
13046
13050
13054
13056
13060
13063
13077
13079
13082
13109
13121
13125
13130
13133
13144
13159
13159
13161
13165
13173
13177
13182
13193
13207
13210
13220
13220
13232
13234
13247
13250
13251
13269
13273
13287
13289
13297
13298
13299
13306
13308
13310
13320
13325
13329
13334
13339
13341
13345
13349
13353
13354
13386
13390
13399
13399
13404
13412
13417
13419
13431
13432
13434
13435
13436
13449
13465
13465
13474
13480
13483
13496
13498
13499
13504
13515
13525
13548
13548
13557
13564
13565
13571
13575
13576
13578
13580
13585
13591
13602
13603
13608
13609
13610
13611
13612
13616
13643
13661
13662
13670
13679
13682
13685
13695
13698
13709
13729
13738
13753
13754
13756
13759
13769
13769
13773
13790
13799
13810
13814
13817
13820
13826
13844
13857
13863
13864
13866
13885
13886
13890
13891
13897
13900
13902
13902
13904
13927
13941
13949
13965
13965
13967
13973
13976
13979
13980
13993
14004
14034
14044
14047
14049
14062
14063
14110
14111
14140
14142
14144
14180
14185
14190
14195
14238
14251
14253
14267
14273
14287
14302
14316
14317
14317
14330
14356
14357
14363
14369
14374
14388
14395
14396
14405
14413
14423
14440
14444
14445
14460
14466
14467
14468
14485
14489
14501
14505
14512
14513
14525
14532
14540
14556
14566
14571
14576
14579
14580
14585
14587
14604
14612
14612
14616
14618
14622
14628
14632
14633
14644
14657
14669
14670
14671
14677
14704
14713
14716
14729
14745
14750
14753
14764
14773
14776
14776
14783
14791
14796
14797
14798
14814
14831
14846
14849
14862
14875
14897
14901
14910
14913
14918
14924
14934
14964
14970
14974
14980
14985
14991
15003
15008
15020
15021
15024
15036
15036
15049
15051
15061
15069
15070
15074
15079
15104
15104
15108
15121
15123
15126
15136
15155
15162
15163
15166
15179
15184
15188
15190
15202
15209
15211
15215
15222
15224
15229
15230
15232
15247
15248
15258
15277
15291
15299
15302
15303
15304
15306
15311
15323
15327
15329
15388
15390
15394
15394
15395
15403
15405
15408
15413
15426
15426
15455
15472
15474
15477
15480
15484
15512
15519
15524
15534
15548
15550
15555
15558
15595
15603
15614
15630
15639
15644
15662
15665
15668
15669
15674
15683
15690
15690
15724
15728
15751
15756
15779
15818
15825
15830
15831
15836
15843
15849
15857
15883
15888
15891
15899
15918
15925
15939
15945
15950
15950
15956
15960
15969
15977
15978
15980
15984
15985
15997
arquivo ordenado pelo algoritmo sort da api C++, tempo da ordenação = 1.00017 milisegundos

