3
3
5
6
7
9
9
11
11
11
12
15
15
15
17
18
18
19
20
22
23
24
26
26
27
27
29
30
30
31
34
34
35
36
37
39
39
39
41
41
44
44
46
46
46
48
49
49
52
52
52
54
55
57
57
57
59
59
62
62
63
65
66
66
67
67
68
70
71
73
73
74
75
75
77
78
79
80
80
82
82
84
85
86
86
88
89
90
91
92
94
94
96
97
97
99
99
99
101
102
103
105
105
106
107
107
109
111
111
112
113
114
116
116
117
118
120
121
122
123
124
124
125
127
127
128
129
130
131
133
133
134
134
136
137
139
139
140
142
143
143
144
145
146
147
148
150
150
150
152
153
153
154
155
157
158
158
160
162
163
164
164
165
166
167
168
170
170
171
172
173
174
175
176
177
178
178
180
181
181
183
185
185
186
186
189
189
190
191
192
193
193
195
196
197
199
199
200
201
202
202
204
206
206
206
208
209
210
211
212
213
214
215
217
217
218
218
220
221
222
223
223
226
226
227
227
228
229
231
232
233
235
235
235
238
239
239
240
241
242
243
245
246
246
247
248
248
250
250
251
254
254
254
257
257
258
260
261
261
262
263
264
266
266
267
268
268
270
271
273
273
274
275
276
276
277
278
279
281
282
284
284
285
287
287
288
289
290
291
292
293
295
296
296
296
298
300
300
300
302
304
304
306
306
307
307
308
310
311
311
312
314
315
316
317
319
319
320
320
323
324
325
325
326
327
328
329
329
331
333
333
333
335
337
337
338
339
340
341
342
344
344
344
347
347
348
350
350
351
351
354
354
354
356
356
357
359
359
361
362
363
365
365
367
367
368
369
370
370
373
373
375
376
376
377
377
379
379
382
383
383
384
385
386
387
388
388
389
391
392
393
394
396
396
396
398
400
401
402
402
403
404
405
407
407
408
409
410
410
412
413
413
414
417
417
418
420
421
422
422
423
423
425
426
427
429
430
430
430
433
433
433
435
437
437
437
438
440
441
441
443
444
444
445
448
448
450
451
451
452
453
454
455
456
457
459
459
460
462
462
463
464
465
465
466
468
469
470
471
472
473
475
475
476
477
477
480
480
481
481
482
484
485
486
487
488
489
491
491
492
492
494
495
495
496
497
500
500
501
502
502
504
505
505
508
509
510
511
512
512
513
514
515
516
517
518
519
521
522
523
524
525
525
525
526
528
529
529
531
532
533
534
535
536
536
537
540
540
541
542
542
545
545
545
548
549
549
550
552
553
553
555
555
557
557
557
558
561
561
563
563
563
564
566
567
568
569
569
570
572
572
573
574
576
578
578
579
580
581
582
583
583
585
586
588
588
589
590
591
591
593
594
594
596
596
599
599
600
601
601
603
604
604
605
607
609
610
611
611
611
613
614
615
617
618
618
619
619
621
622
623
624
625
626
627
628
629
630
631
632
632
634
635
636
637
638
638
641
641
643
643
644
645
646
647
648
649
650
650
652
654
654
655
656
658
658
660
661
661
661
663
665
665
666
668
668
669
670
671
671
673
675
675
676
677
678
678
681
681
682
683
685
685
686
686
688
689
689
690
692
693
694
695
696
697
698
699
700
700
703
703
704
705
706
706
709
709
710
710
713
713
713
714
716
717
718
720
720
721
723
723
723
724
727
727
728
729
731
731
731
732
733
735
736
738
738
739
740
742
742
743
744
745
745
747
748
748
750
751
752
753
754
755
756
757
758
758
759
761
762
763
763
765
767
767
768
770
770
771
773
774
775
776
776
778
778
779
779
781
782
783
783
785
785
786
788
790
791
791
792
794
794
795
796
798
799
800
801
802
802
802
804
805
806
806
808
808
811
812
812
813
814
814
816
817
817
818
819
820
822
824
824
825
826
827
827
828
830
832
832
833
834
835
836
836
837
840
840
840
841
842
845
845
846
847
848
849
850
851
852
852
853
856
856
856
857
858
859
860
861
862
864
864
866
867
868
870
870
871
872
872
873
874
875
876
878
879
880
880
881
884
884
886
886
886
887
888
890
891
891
894
894
895
896
896
897
899
901
902
902
903
903
904
905
908
908
910
911
912
912
912
913
914
916
916
918
920
921
922
922
922
923
924
926
927
928
930
930
931
933
933
933
935
936
936
939
939
940
942
942
942
943
946
947
947
947
949
950
951
952
954
954
955
956
957
957
958
959
960
961
962
963
964
966
967
969
970
970
970
972
973
974
976
976
976
978
979
979
982
983
983
983
986
987
987
988
988
990
991
991
992
994
994
995
997
997
1000
1000
1002
1002
1003
1005
1005
1005
1007
1008
1010
1011
1011
1012
1013
1014
1015
1016
1018
1018
1019
1021
1022
1022
1023
1025
1025
1026
1027
1027
1028
1029
1032
1032
1033
1033
1035
1036
1037
1038
1038
1040
1041
1041
1043
1044
1045
1045
1048
1048
1049
1050
1051
1053
1054
1054
1055
1056
1057
1057
1058
1060
1060
1061
1064
1065
1065
1066
1066
1067
1069
1071
1071
1072
1073
1073
1075
1075
1077
1079
1080
1081
1082
1082
1082
1084
1085
1086
1086
1088
1089
1090
1091
1091
1094
1094
1096
1097
1098
1099
1099
1100
1101
1102
1102
1103
1106
1106
1108
1108
1108
1110
1110
1113
1113
1115
1116
1116
1117
1119
1119
1121
1122
1122
1123
1124
1125
1127
1127
1128
1129
1129
1131
1132
1133
1135
1136
1137
1137
1138
1139
1139
1141
1142
1142
1144
1146
1147
1147
1147
1149
1150
1151
1153
1153
1153
1154
1156
1157
1158
1159
1160
1161
1162
1163
1164
1165
1166
1167
1167
1169
1170
1170
1171
1172
1173
1175
1176
1176
1177
1179
1179
1181
1181
1183
1184
1185
1186
1187
1187
1190
1191
1192
1192
1193
1195
1195
1196
1197
1197
1198
1199
1202
1203
1203
1204
1205
1206
1208
1208
1209
1209
1211
1212
1213
1214
1216
1217
1217
1217
1219
1220
1220
1221
1223
1224
1224
1226
1226
1227
1229
1230
1231
1231
1233
1235
1235
1235
1236
1238
1238
1240
1240
1242
1243
1243
1246
1246
1247
1248
1250
1251
1251
1252
1252
1254
1255
1256
1256
1259
1259
1261
1262
1262
1263
1263
1265
1266
1268
1268
1269
1270
1270
1273
1274
1274
1275
1275
1276
1279
1280
1280
1281
1282
1283
1284
1286
1286
1287
1287
1290
1291
1291
1292
1293
1294
1295
1296
1297
1298
1299
1300
1302
1302
1302
1303
1305
1306
1307
1308
1309
1310
1311
1313
1313
1314
1316
1317
1317
1318
1318
1320
1320
1323
1324
1324
1325
1327
1327
1328
1328
1330
1330
1332
1332
1335
1336
1336
1338
1338
1339
1340
1340
1342
1344
1344
1345
1346
1347
1347
1349
1350
1351
1351
1353
1354
1355
1356
1358
1358
1359
1360
1361
1362
1363
1363
1365
1365
1366
1367
1368
1371
1372
1373
1373
1373
1376
1376
1378
1379
1380
1381
1382
1382
1384
1384
1385
1385
1386
1389
1389
1390
1391
1393
1393
1393
1394
1396
1398
1399
1400
1400
1400
1402
1403
1403
1405
1405
1408
1408
1409
1410
1410
1413
1413
1415
1415
1415
1418
1418
1419
1420
1420
1421
1423
1425
1426
1426
1427
1428
1429
1429
1430
1431
1432
1433
1436
1436
1436
1438
1439
1441
1442
1442
1442
1445
1445
1446
1447
1447
1448
1449
1451
1452
1452
1455
1455
1456
1457
1457
1459
1459
1462
1462
1464
1465
1466
1466
1467
1468
1469
1470
1471
1472
1473
1475
1475
1476
1478
1478
1479
1479
1480
1483
1483
1483
1485
1485
1487
1488
1488
1490
1490
1493
1493
1494
1494
1496
1497
1497
1499
1499
1501
1502
1502
1504
1505
1506
1507
1509
1510
1510
1510
1513
1513
1514
1515
1515
1517
1517
1520
1520
1520
1522
1523
1525
1525
1526
1526
1529
1529
1529
1532
1532
1532
1533
1535
1536
1537
1538
1539
1539
1540
1542
1543
1543
1544
1545
1546
1549
1549
1550
1551
1551
1554
1555
1555
1555
1556
1558
1559
1561
1562
1562
1564
1565
1565
1566
1567
1568
1569
1569
1571
1573
1573
1574
1574
1577
1578
1578
1579
1580
1581
1582
1584
1585
1586
1586
1588
1588
1588
1590
1592
1593
1594
1594
1594
1595
1598
1598
1599
1600
1601
1602
1603
1604
1604
1605
1607
1607
1608
1610
1612
1612
1613
1614
1615
1615
1616
1617
1619
1619
1621
1622
1624
1624
1626
1627
1627
1627
1629
1629
1631
1631
1632
1634
1636
1637
1638
1638
1639
1641
1641
1643
1643
1644
1645
1646
1648
1649
1649
1649
1651
1651
1653
1655
1655
1656
1657
1658
1659
1660
1660
1663
1663
1663
1665
1666
1667
1668
1668
1670
1670
1673
1674
1674
1676
1677
1677
1677
1678
1679
1682
1682
1682
1683
1686
1687
1687
1688
1690
1691
1691
1691
1692
1694
1695
1697
1697
1699
1699
1699
1701
1702
1702
1704
1705
1706
1707
1707
1708
1710
1710
1712
1714
1714
1716
1716
1717
1718
1720
1721
1721
1721
1722
1723
1724
1726
1726
1728
1729
1729
1730
1732
1732
1734
1735
1737
1738
1738
1739
1741
1741
1742
1743
1743
1745
1746
1747
1748
1748
1751
1751
1752
1753
1754
1755
1756
1757
1759
1760
1760
1761
1762
1762
1764
1764
1766
1767
1767
1770
1770
1770
1772
1773
1774
1775
1776
1776
1779
1780
1781
1781
1782
1782
1784
1786
1786
1787
1789
1789
1790
1791
1793
1793
1794
1795
1796
1797
1798
1799
1800
1800
1803
1804
1804
1805
1807
1807
1808
1810
1810
1811
1812
1813
1813
1814
1816
1817
1819
1819
1820
1821
1823
1823
1824
1825
1826
1826
1827
1829
1830
1831
1833
1833
1834
1835
1836
1837
1838
1839
1840
1840
1841
1844
1844
1846
1846
1848
1849
1849
1850
1851
1852
1854
1854
1856
1857
1857
1858
1858
1860
1862
1863
1863
1863
1865
1865
1867
1868
1870
1870
1871
1871
1872
1874
1875
1876
1877
1878
1878
1881
1881
1883
1883
1883
1885
1886
1887
1888
1888
1889
1892
1892
1893
1895
1895
1895
1897
1897
1900
1900
1900
1903
1904
1904
1905
1907
1907
1907
1909
1909
1910
1911
1912
1913
1915
1916
1918
1918
1918
1920
1920
1922
1923
1925
1925
1926
1926
1927
1930
1931
1931
1932
1933
1935
1935
1936
1936
1939
1939
1940
1940
1941
1943
1944
1944
1947
1947
1947
1949
1950
1951
1951
1952
1955
1956
1956
1957
1958
1959
1961
1961
1962
1964
1964
1966
1967
1968
1968
1970
1970
1970
1971
1972
1975
1975
1976
1977
1977
1979
1980
1982
1982
1983
1984
1984
1985
1986
1989
1989
1990
1991
1993
1993
1995
1996
1996
1997
1997
1999
2000
2000
2001
2002
2004
2004
2006
2007
2008
2010
2011
2012
2012
2013
2015
2015
2016
2017
2018
2020
2020
2020
2023
2024
2025
2026
2026
2027
2028
2029
2029
2032
2033
2034
2034
2035
2037
2037
2037
2039
2040
2040
2043
2043
2044
2045
2046
2047
2048
2048
2050
2051
2051
2052
2054
2055
2055
2056
2057
2059
2060
2061
2061
2064
2064
2065
2067
2067
2069
2070
2070
2071
2073
2074
2074
2075
2075
2078
2079
2080
2081
2081
2082
2083
2083
2085
2086
2087
2087
2089
2090
2090
2092
2094
2094
2096
2096
2097
2097
2098
2101
2101
2102
2103
2104
2105
2106
2107
2107
2109
2110
2111
2112
2113
2114
2114
2116
2117
2118
2118
2120
2121
2122
2124
2124
2125
2127
2128
2128
2129
2130
2131
2131
2133
2134
2136
2136
2136
2137
2140
2140
2141
2143
2144
2144
2146
2146
2147
2147
2149
2150
2150
2151
2152
2154
2154
2156
2157
2158
2160
2160
2162
2163
2164
2164
2165
2166
2167
2168
2168
2170
2171
2171
2173
2174
2174
2176
2176
2178
2179
2180
2180
2182
2183
2184
2184
2187
2188
2189
2189
2190
2191
2193
2193
2194
2195
2196
2196
2198
2199
2201
2202
2203
2203
2204
2205
2207
2208
2208
2209
2209
2211
2213
2213
2213
2214
2215
2216
2217
2220
2220
2220
2223
2223
2223
2225
2226
2226
2228
2229
2230
2232
2233
2233
2234
2235
2236
2237
2238
2239
2240
2241
2242
2243
2245
2246
2246
2247
2248
2250
2250
2251
2253
2254
2254
2255
2256
2256
2259
2259
2260
2261
2262
2262
2263
2265
2266
2268
2269
2269
2269
2271
2272
2272
2274
2275
2276
2276
2278
2279
2281
2282
2282
2284
2284
2284
2287
2287
2289
2289
2290
2292
2293
2293
2294
2294
2297
2298
2298
2298
2300
2302
2303
2303
2304
2305
2305
2307
2307
2309
2311
2311
2312
2312
2313
2315
2316
2318
2318
2318
2319
2320
2321
2323
2325
2325
2326
2328
2329
2330
2331
2331
2332
2333
2334
2334
2336
2337
2339
2339
2340
2342
2342
2342
2344
2345
2345
2348
2349
2349
2351
2351
2352
2354
2354
2355
2356
2358
2358
2358
2361
2361
2362
2363
2365
2366
2366
2366
2368
2369
2370
2372
2373
2373
2375
2375
2376
2378
2378
2379
2381
2382
2382
2383
2384
2384
2385
2387
2388
2390
2390
2391
2392
2394
2394
2395
2396
2398
2399
2399
2401
2401
2401
2404
2404
2406
2407
2408
2409
2410
2411
2411
2412
2413
2415
2415
2417
2417
2417
2419
2419
2421
2423
2423
2424
2426
2426
2428
2428
2429
2430
2430
2431
2432
2434
2435
2437
2437
2439
2439
2440
2440
2442
2443
2444
2444
2445
2446
2447
2449
2450
2451
2451
2454
2454
2454
2456
2457
2458
2460
2460
2461
2461
2463
2463
2466
2466
2466
2469
2469
2470
2471
2472
2473
2473
2474
2475
2477
2478
2480
2480
2481
2483
2483
2483
2484
2487
2488
2488
2489
2490
2491
2493
2493
2494
2494
2497
2497
2498
2500
2501
2502
2502
2503
2505
2505
2506
2506
2507
2508
2511
2511
2512
2513
2514
2515
2515
2517
2517
2519
2520
2521
2523
2523
2525
2525
2526
2527
2527
2528
2529
2530
2533
2533
2534
2535
2536
2537
2538
2539
2540
2541
2542
2544
2544
2545
2547
2547
2548
2549
2550
2552
2553
2553
2554
2555
2555
2557
2558
2559
2560
2560
2562
2563
2563
2565
2566
2568
2568
2569
2570
2571
2572
2574
2574
2575
2576
2578
2578
2580
2580
2581
2582
2583
2584
2584
2586
2586
2589
2589
2589
2590
2591
2592
2595
2595
2595
2596
2598
2599
2600
2602
2602
2603
2604
2604
2605
2607
2608
2609
2610
2611
2612
2614
2614
2615
2615
2616
2619
2619
2620
2620
2623
2623
2625
2626
2626
2627
2629
2629
2629
2631
2631
2633
2633
2636
2637
2637
2639
2639
2641
2641
2641
2642
2645
2645
2646
2647
2648
2649
2650
2652
2652
2652
2654
2655
2656
2657
2658
2659
2659
2661
2661
2663
2664
2664
2665
2666
2668
2669
2671
2671
2673
2674
2674
2674
2676
2677
2679
2679
2681
2681
2681
2684
2685
2685
2686
2687
2688
2688
2691
2691
2693
2694
2694
2694
2696
2697
2698
2698
2700
2701
2703
2704
2704
2705
2706
2706
2707
2708
2709
2712
2712
2713
2714
2714
2715
2717
2717
2719
2720
2722
2723
2723
2723
2725
2726
2726
2728
2729
2730
2730
2732
2733
2734
2734
2737
2737
2738
2739
2740
2741
2742
2744
2745
2745
2746
2747
2747
2748
2751
2751
2752
2752
2753
2754
2756
2757
2759
2759
2759
2760
2761
2762
2765
2766
2766
2767
2768
2768
2770
2772
2772
2773
2775
2775
2776
2777
2778
2779
2779
2781
2782
2783
2783
2785
2786
2786
2789
2789
2790
2790
2792
2793
2794
2794
2796
2797
2799
2799
2800
2802
2802
2803
2805
2805
2806
2807
2809
2809
2811
2812
2812
2813
2813
2814
2815
2817
2818
2819
2820
2821
2823
2824
2824
2826
2826
2827
2829
2830
2830
2831
2832
2832
2834
2834
2836
2836
2838
2839
2840
2841
2842
2843
2845
2845
2846
2848
2848
2849
2850
2851
2853
2854
2854
2854
2856
2857
2859
2860
2860
2860
2861
2862
2865
2865
2865
2868
2869
2869
2870
2871
2872
2873
2874
2874
2876
2877
2878
2879
2880
2881
2881
2883
2885
2885
2885
2886
2889
2889
2890
2890
2892
2893
2894
2896
2896
2897
2898
2898
2900
2901
2901
2902
2903
2905
2905
2907
2908
2908
2910
2911
2913
2914
2914
2916
2917
2917
2917
2918
2919
2922
2923
2923
2924
2925
2925
2926
2927
2929
2930
2930
2933
2933
2934
2935
2935
2936
2938
2938
2940
2940
2942
2943
2944
2946
2946
2946
2948
2948
2949
2950
2952
2953
2953
2955
2956
2956
2957
2960
2961
2961
2961
2963
2963
2966
2966
2968
2968
2969
2970
2970
2973
2974
2974
2975
2976
2976
2978
2979
2980
2980
2983
2983
2984
2986
2986
2986
2988
2989
2990
2990
2991
2993
2993
2994
2995
2998
2998
2998
3000
3001
3002
3003
3004
3005
3007
3008
3008
3009
3010
3010
3012
3013
3014
3015
3015
3018
3018
3019
3019
3020
3021
3024
3025
3026
3026
3027
3028
3029
3029
3030
3033
3033
3034
3036
3037
3038
3038
3038
3039
3042
3043
3044
3045
3045
3047
3048
3048
3049
3049
3050
3051
3052
3055
3056
3056
3056
3059
3059
3060
3060
3062
3062
3065
3065
3066
3067
3069
3069
3069
3072
3073
3073
3074
3075
3076
3077
3078
3079
3079
3081
3082
3084
3085
3086
3086
3087
3088
3088
3091
3091
3092
3093
3095
3095
3096
3097
3097
3099
3101
3101
3102
3104
3105
3105
3106
3107
3109
3109
3110
3110
3111
3113
3115
3116
3117
3117
3118
3118
3121
3122
3122
3122
3124
3125
3126
3126
3128
3129
3130
3131
3132
3133
3134
3134
3136
3137
3138
3139
3140
3141
3141
3143
3144
3145
3146
3147
3148
3150
3150
3152
3152
3154
3154
3155
3155
3157
3157
3159
3159
3160
3163
3164
3165
3165
3166
3166
3168
3168
3169
3170
3172
3172
3174
3175
3175
3177
3178
3180
3180
3181
3182
3182
3184
3184
3185
3186
3187
3189
3190
3190
3192
3193
3194
3196
3196
3196
3198
3198
3200
3200
3202
3203
3204
3205
3206
3206
3209
3210
3210
3212
3212
3213
3213
3214
3216
3216
3218
3219
3219
3222
3222
3223
3224
3225
3226
3227
3228
3229
3231
3232
3232
3232
3234
3234
3235
3236
3238
3239
3241
3241
3243
3244
3244
3245
3246
3247
3248
3249
3250
3250
3252
3253
3255
3256
3256
3256
3257
3260
3261
3261
3262
3263
3263
3264
3266
3268
3268
3268
3269
3271
3272
3274
3274
3274
3276
3277
3279
3279
3281
3281
3282
3282
3284
3285
3285
3287
3288
3289
3290
3291
3292
3293
3293
3294
3296
3296
3298
3299
3299
3301
3301
3304
3305
3306
3306
3307
3307
3308
3311
3312
3313
3313
3314
3314
3315
3316
3318
3320
3320
3321
3322
3323
3324
3326
3327
3328
3328
3329
3329
3330
3331
3332
3334
3336
3337
3337
3338
3338
3340
3340
3343
3343
3345
3346
3347
3347
3348
3349
3350
3351
3352
3353
3354
3355
3357
3357
3358
3360
3360
3360
3361
3363
3363
3366
3367
3367
3369
3370
3370
3370
3371
3372
3374
3375
3376
3376
3378
3380
3381
3382
3382
3383
3385
3385
3386
3386
3387
3389
3389
3392
3392
3392
3395
3396
3397
3397
3397
3400
3400
3401
3401
3403
3404
3405
3405
3407
3408
3409
3410
3411
3413
3413
3414
3416
3417
3417
3418
3418
3421
3422
3423
3424
3424
3424
3426
3427
3427
3429
3430
3431
3431
3433
3433
3435
3436
3438
3439
3440
3440
3440
3442
3442
3444
3445
3447
3448
3448
3449
3450
3452
3452
3453
3453
3455
3457
3458
3459
3460
3460
3460
3463
3463
3463
3464
3466
3467
3468
3469
3469
3471
3472
3473
3474
3476
3476
3476
3478
3479
3481
3481
3482
3482
3484
3485
3487
3488
3489
3489
3490
3490
3491
3493
3495
3495
3497
3497
3498
3498
3499
3502
3502
3502
3505
3506
3506
3507
3508
3510
3510
3511
3512
3512
3514
3515
3515
3516
3519
3520
3520
3521
3522
3522
3523
3525
3526
3528
3529
3529
3530
3531
3533
3533
3534
3536
3537
3537
3538
3538
3540
3541
3542
3543
3545
3545
3547
3547
3548
3548
3550
3551
3551
3553
3554
3555
3555
3556
3557
3560
3560
3561
3562
3563
3564
3566
3566
3568
3568
3569
3570
3570
3572
3572
3574
3575
3575
3577
3579
3580
3580
3581
3583
3584
3584
3585
3586
3587
3587
3589
3590
3590
3592
3592
3593
3596
3597
3597
3597
3598
3600
3601
3602
3603
3604
3604
3606
3608
3609
3609
3609
3612
3612
3614
3614
3615
3617
3617
3617
3619
3620
3621
3622
3623
3623
3625
3626
3628
3628
3630
3630
3631
3631
3633
3633
3635
3636
3637
3638
3640
3640
3640
3641
3643
3643
3645
3647
3647
3648
3649
3651
3652
3652
3652
3654
3655
3657
3657
3658
3658
3660
3661
3662
3664
3664
3664
3666
3667
3667
3668
3670
3671
3671
3673
3674
3674
3675
3677
3677
3678
3680
3680
3681
3682
3684
3685
3686
3688
3688
3689
3691
3691
3692
3693
3694
3696
3696
3697
3698
3698
3700
3701
3702
3702
3704
3704
3705
3707
3708
3709
3709
3711
3712
3713
3715
3715
3717
3717
3718
3720
3721
3721
3722
3723
3723
3725
3726
3727
3728
3728
3730
3731
3732
3733
3735
3735
3735
3736
3738
3740
3740
3741
3742
3743
3744
3746
3746
3748
3748
3749
3751
3752
3752
3753
3755
3755
3757
3758
3759
3760
3760
3760
3762
3762
3765
3766
3767
3767
3768
3768
3770
3770
3772
3773
3773
3775
3776
3777
3778
3779
3780
3781
3783
3784
3784
3785
3786
3787
3788
3789
3789
3791
3791
3793
3794
3795
3795
3797
3798
3799
3800
3801
3802
3803
3805
3806
3807
3807
3808
3809
3809
3812
3812
3812
3813
3815
3815
3818
3819
3819
3820
3820
3822
3824
3824
3824
3826
3827
3828
3828
3830
3830
3833
3834
3834
3834
3835
3836
3837
3839
3840
3840
3842
3842
3843
3844
3846
3846
3849
3849
3850
3851
3852
3852
3853
3856
3857
3857
3858
3860
3860
3862
3863
3863
3863
3864
3866
3868
3868
3868
3871
3871
3873
3873
3875
3875
3875
3878
3878
3879
3880
3880
3881
3883
3884
3884
3886
3886
3887
3889
3891
3891
3891
3893
3894
3894
3896
3897
3897
3899
3900
3901
3902
3902
3903
3906
3906
3907
3909
3909
3910
3910
3912
3913
3914
3914
3917
3917
3918
3920
3921
3922
3922
3923
3924
3925
3925
3927
3928
3929
3930
3931
3932
3933
3933
3934
3935
3936
3938
3940
3940
3941
3942
3943
3944
3945
3947
3948
3948
3948
3951
3952
3952
3954
3954
3956
3956
3956
3959
3960
3960
3960
3962
3963
3963
3966
3966
3966
3968
3968
3969
3972
3973
3974
3974
3975
3976
3977
3979
3980
3980
3981
3982
3983
3984
3985
3985
3987
3987
3989
3990
3990
3993
3993
3994
3995
3996
3997
3999
3999
4000
4001
4002
4003
4004
4005
4006
4008
4008
4010
4010
4012
4012
4013
4014
4014
4015
4017
4018
4019
4020
4022
4022
4022
4023
4024
4026
4026
4029
4029
4029
4031
4032
4033
4034
4035
4036
4038
4038
4039
4040
4041
4041
4043
4043
4044
4045
4048
4048
4049
4051
4051
4053
4054
4054
4055
4056
4056
4057
4059
4060
4060
4062
4062
4063
4066
4067
4067
4067
4068
4070
4071
4072
4073
4074
4074
4076
4076
4077
4078
4079
4081
4083
4083
4085
4085
4086
4086
4089
4090
4090
4092
4093
4093
4093
4095
4096
4097
4098
4098
4100
4101
4102
4103
4104
4104
4105
4108
4108
4109
4110
4110
4113
4113
4115
4115
4117
4118
4119
4120
4121
4121
4122
4123
4124
4125
4125
4127
4127
4129
4130
4132
4133
4133
4134
4135
4135
4138
4138
4138
4140
4141
4142
4144
4144
4145
4147
4148
4148
4150
4150
4151
4152
4152
4153
4155
4157
4157
4158
4159
4161
4162
4162
4163
4163
4165
4165
4167
4168
4168
4171
4171
4171
4173
4174
4176
4177
4178
4178
4178
4179
4180
4181
4184
4184
4186
4187
4187
4188
4188
4190
4191
4191
4194
4194
4195
4195
4197
4199
4199
4199
4200
4202
4203
4204
4205
4205
4208
4208
4209
4210
4211
4212
4213
4215
4215
4216
4217
4218
4218
4221
4221
4222
4224
4225
4225
4226
4227
4228
4229
4230
4231
4233
4233
4233
4234
4236
4237
4239
4240
4240
4241
4241
4243
4244
4245
4246
4247
4248
4249
4250
4251
4252
4252
4253
4255
4257
4257
4258
4260
4260
4261
4262
4264
4264
4265
4266
4267
4269
4269
4270
4272
4273
4273
4274
4274
4276
4277
4279
4280
4281
4281
4282
4283
4284
4284
4287
4287
4287
4289
4290
4291
4293
4294
4294
4294
4296
4297
4299
4299
4301
4301
4302
4303
4305
4305
4305
4308
4308
4309
4309
4310
4311
4314
4314
4315
4316
4317
4317
4319
4320
4321
4322
4323
4324
4325
4325
4328
4328
4329
4330
4330
4333
4333
4333
4336
4336
4336
4338
4340
4340
4341
4343
4343
4344
4345
4347
4347
4348
4349
4349
4352
4352
4353
4353
4355
4355
4356
4357
4358
4359
4362
4362
4363
4365
4365
4366
4368
4369
4369
4369
4371
4371
4373
4375
4375
4375
4377
4377
4380
4381
4381
4382
4384
4384
4385
4386
4387
4387
4388
4389
4392
4392
4392
4394
4395
4397
4398
4398
4399
4400
4401
4403
4403
4403
4404
4405
4406
4409
4410
4411
4412
4413
4413
4414
4415
4416
4417
4418
4419
4420
4421
4423
4423
4423
4424
4427
4427
4427
4430
4430
4431
4432
4433
4433
4434
4436
4437
4437
4440
4440
4440
4442
4443
4445
4446
4446
4446
4447
4448
4450
4450
4451
4454
4454
4455
4457
4458
4458
4459
4460
4462
4462
4463
4463
4465
4467
4468
4468
4470
4470
4471
4471
4472
4475
4476
4477
4478
4479
4480
4481
4482
4482
4484
4485
4485
4486
4487
4487
4488
4490
4491
4492
4493
4494
4495
4497
4498
4498
4499
4500
4501
4502
4503
4505
4505
4506
4507
4507
4508
4510
4511
4511
4513
4514
4515
4516
4516
4519
4520
4521
4521
4523
4523
4524
4525
4526
4528
4529
4529
4529
4530
4532
4532
4533
4536
4536
4537
4538
4539
4540
4541
4542
4544
4545
4545
4546
4547
4548
4548
4550
4551
4552
4553
4554
4555
4556
4556
4557
4559
4561
4561
4562
4563
4564
4565
4567
4567
4568
4568
4570
4572
4572
4573
4574
4575
4575
4578
4578
4580
4580
4581
4581
4584
4584
4585
4585
4586
4587
4589
4590
4591
4592
4594
4595
4596
4596
4597
4599
4599
4599
4601
4601
4603
4605
4606
4607
4607
4608
4609
4610
4612
4612
4612
4615
4615
4617
4618
4619
4620
4621
4622
4622
4622
4625
4625
4625
4628
4628
4629
4629
4631
4632
4633
4634
4635
4637
4637
4639
4640
4640
4641
4641
4643
4644
4644
4646
4647
4649
4650
4650
4651
4652
4652
4653
4655
4656
4657
4659
4659
4661
4661
4662
4662
4664
4665
4666
4668
4668
4669
4670
4671
4672
4672
4674
4675
4675
4678
4678
4678
4679
4681
4681
4684
4684
4685
4686
4687
4688
4688
4691
4692
4692
4693
4694
4695
4696
4697
4698
4698
4700
4701
4701
4702
4705
4706
4706
4708
4708
4708
4711
4711
4712
4713
4714
4715
4716
4718
4719
4719
4720
4721
4722
4723
4725
4725
4726
4726
4729
4729
4730
4731
4732
4732
4734
4735
4736
4737
4738
4739
4739
4741
4742
4743
4744
4745
4746
4746
4748
4749
4751
4752
4752
4753
4755
4756
4757
4757
4759
4759
4760
4762
4763
4763
4764
4765
4765
4767
4768
4768
4771
4771
4771
4773
4774
4774
4775
4777
4778
4779
4780
4781
4781
4782
4783
4784
4787
4788
4789
4790
4791
4791
4792
4793
4794
4795
4797
4797
4798
4799
4800
4801
4802
4803
4803
4805
4807
4807
4808
4809
4810
4810
4811
4812
4814
4815
4817
4818
4818
4819
4821
4822
4822
4823
4824
4825
4826
4827
4828
4829
4831
4831
4832
4833
4833
4835
4835
4836
4837
4839
4839
4841
4843
4844
4845
4845
4845
4847
4849
4849
4850
4850
4851
4852
4853
4855
4856
4856
4858
4858
4859
4861
4862
4862
4864
4865
4866
4867
4869
4869
4870
4871
4871
4872
4874
4875
4876
4877
4878
4879
4880
4881
4882
4884
4885
4886
4886
4887
4887
4890
4891
4892
4892
4892
4894
4895
4895
4898
4899
4899
4901
4902
4902
4902
4903
4904
4907
4908
4908
4909
4910
4911
4912
4912
4913
4916
4916
4918
4918
4919
4921
4921
4921
4923
4925
4925
4925
4926
4929
4929
4930
4932
4932
4932
4933
4934
4936
4937
4938
4940
4941
4941
4941
4942
4944
4945
4946
4947
4948
4949
4949
4951
4952
4953
4954
4956
4956
4956
4957
4960
4960
4962
4962
4962
4964
4966
4966
4967
4968
4968
4970
4971
4973
4974
4974
4976
4976
4977
4978
4980
4981
4981
4981
4983
4984
4984
4985
4987
4987
4988
4989
4991
4991
4993
4994
4994
4997
4997
4997
4998
4999
5001
5002
5003
5003
5005
5006
5007
5007
5010
5010
5011
5012
5014
5014
5016
5016
5017
5017
5019
5020
5022
5023
5024
5025
5025
5025
5027
5028
5028
5030
5031
5032
5032
5034
5034
5035
5037
5039
5040
5040
5041
5042
5043
5045
5045
5047
5048
5049
5049
5051
5052
5052
5053
5055
5055
5055
5057
5058
5059
5061
5062
5062
5062
5064
5065
5065
5066
5068
5069
5069
5070
5072
5072
5075
5076
5076
5076
5079
5079
5080
5082
5082
5083
5085
5085
5087
5088
5088
5088
5091
5091
5092
5093
5095
5095
5096
5098
5098
5099
5099
5101
5102
5103
5105
5105
5106
5107
5108
5110
5110
5110
5113
5113
5114
5116
5117
5117
5119
5120
5120
5121
5122
5123
5125
5126
5126
5126
5128
5128
5129
5132
5132
5133
5133
5134
5135
5138
5138
5139
5139
5140
5143
5143
5144
5145
5145
5146
5147
5148
5149
5152
5152
5153
5155
5156
5156
5157
5159
5159
5160
5160
5162
5163
5164
5164
5166
5166
5168
5169
5169
5170
5172
5173
5174
5175
5176
5177
5178
5179
5181
5181
5181
5183
5183
5184
5185
5188
5189
5189
5191
5192
5192
5193
5193
5194
5195
5198
5199
5199
5200
5200
5202
5202
5204
5204
5206
5207
5208
5209
5210
5211
5212
5214
5214
5214
5215
5217
5218
5219
5220
5220
5223
5223
5224
5224
5225
5227
5227
5229
5230
5230
5232
5232
5234
5235
5236
5237
5238
5239
5240
5242
5242
5243
5244
5245
5245
5248
5249
5249
5249
5250
5253
5253
5255
5255
5257
5257
5257
5258
5259
5260
5262
5262
5264
5266
5266
5266
5269
5269
5271
5272
5272
5274
5275
5276
5277
5278
5278
5278
5280
5282
5282
5282
5285
5285
5286
5287
5287
5290
5290
5292
5292
5293
5295
5295
5297
5297
5298
5300
5301
5301
5301
5303
5304
5304
5305
5307
5307
5309
5310
5311
5311
5312
5315
5315
5316
5316
5319
5319
5319
5322
5323
5323
5323
5325
5326
5326
5328
5329
5330
5331
5332
5333
5334
5335
5336
5337
5338
5340
5340
5341
5342
5344
5344
5345
5347
5347
5348
5350
5350
5351
5353
5354
5354
5354
5357
5357
5357
5359
5360
5361
5363
5364
5364
5365
5365
5366
5367
5369
5370
5370
5372
5373
5373
5374
5375
5377
5378
5378
5379
5380
5381
5382
5383
5385
5385
5388
5388
5389
5390
5392
5393
5393
5394
5394
5395
5397
5398
5400
5400
5401
5401
5403
5404
5404
5407
5408
5408
5409
5410
5411
5412
5413
5414
5415
5415
5417
5417
5420
5420
5421
5421
5422
5423
5425
5426
5427
5427
5428
5431
5432
5433
5433
5435
5436
5436
5438
5439
5439
5440
5441
5443
5444
5444
5445
5445
5446
5447
5449
5450
5451
5452
5453
5454
5456
5456
5458
5458
5459
5459
5460
5463
5463
5465
5465
5466
5466
5467
5468
5470
5472
5473
5473
5475
5475
5476
5477
5478
5479
5480
5481
5482
5483
5485
5485
5485
5486
5488
5488
5490
5490
5491
5494
5494
5496
5497
5498
5498
5498
5499
5501
5501
5503
5504
5505
5506
5507
5509
5509
5510
5510
5511
5513
5515
5515
5515
5516
5519
5519
5520
5521
5522
5523
5525
5525
5525
5526
5528
5529
5530
5532
5533
5534
5534
5535
5535
5536
5538
5540
5540
5540
5543
5543
5543
5545
5546
5547
5547
5548
5549
5552
5552
5552
5553
5556
5556
5557
5557
5560
5560
5561
5562
5563
5564
5564
5565
5566
5569
5569
5571
5572
5572
5573
5575
5575
5576
5578
5579
5579
5580
5580
5582
5583
5584
5585
5586
5588
5588
5590
5590
5591
5593
5593
5593
5594
5595
5597
5598
5599
5600
5600
5601
5603
5604
5604
5605
5608
5609
5609
5611
5612
5613
5613
5614
5614
5615
5617
5617
5618
5619
5622
5622
5623
5624
5626
5626
5626
5628
5629
5631
5631
5631
5632
5634
5634
5637
5637
5638
5639
5641
5641
5641
5643
5643
5645
5646
5646
5648
5649
5649
5652
5652
5654
5654
5655
5657
5657
5657
5659
5660
5661
5662
5662
5665
5665
5666
5667
5669
5669
5670
5671
5672
5673
5673
5674
5677
5678
5678
5679
5680
5680
5682
5683
5683
5684
5686
5687
5688
5688
5690
5691
5691
5692
5693
5694
5697
5698
5698
5700
5700
5701
5703
5703
5704
5704
5705
5707
5707
5709
5709
5710
5713
5714
5714
5716
5716
5718
5718
5719
5719
5720
5722
5723
5723
5725
5727
5727
5728
5729
5730
5731
5732
5732
5733
5735
5735
5737
5738
5738
5740
5741
5743
5743
5743
5744
5745
5746
5748
5749
5750
5751
5752
5753
5754
5754
5755
5756
5759
5759
5760
5761
5761
5763
5765
5765
5766
5767
5768
5769
5770
5772
5772
5772
5774
5776
5777
5777
5778
5778
5779
5781
5783
5784
5785
5785
5787
5787
5788
5789
5789
5791
5793
5793
5793
5794
5796
5797
5798
5798
5799
5800
5802
5802
5804
5804
5806
5807
5809
5809
5810
5811
5812
5814
5815
5815
5816
5817
5817
5820
5820
5821
5822
5823
5823
5824
5827
5827
5828
5829
5831
5832
5832
5834
5835
5836
5836
5836
5838
5839
5840
5841
5842
5842
5843
5844
5845
5848
5849
5849
5849
5850
5852
5853
5854
5854
5857
5857
5859
5859
5860
5861
5863
5863
5864
5865
5866
5866
5868
5868
5870
5871
5872
5873
5873
5875
5875
5877
5878
5880
5881
5882
5882
5882
5884
5884
5886
5886
5888
5890
5890
5890
5892
5892
5895
5895
5896
5898
5898
5899
5900
5900
5903
5903
5904
5905
5906
5907
5909
5909
5910
5911
5911
5913
5913
5915
5916
5918
5918
5918
5919
5920
5922
5923
5924
5925
5925
5928
5928
5929
5929
5931
5931
5933
5935
5936
5936
5938
5939
5940
5941
5942
5942
5944
5944
5945
5946
5946
5948
5949
5950
5951
5951
5953
5954
5956
5957
5958
5959
5959
5960
5961
5962
5962
5965
5965
5966
5967
5967
5970
5970
5970
5971
5974
5975
5975
5976
5976
5978
5979
5979
5982
5982
5983
5983
5985
5986
5986
5989
5989
5989
5991
5992
5993
5993
5994
5997
5998
5999
6000
6000
6001
6003
6003
6004
6005
6006
6007
6008
6010
6010
6011
6012
6012
6015
6016
6016
6016
6018
6019
6020
6022
6022
6022
6024
6026
6026
6028
6028
6028
6030
6032
6032
6033
6034
6035
6036
6038
6038
6038
6041
6042
6043
6044
6044
6045
6047
6048
6049
6049
6050
6050
6051
6052
6054
6054
6056
6057
6057
6058
6060
6061
6062
6063
6064
6064
6066
6066
6067
6069
6070
6070
6072
6072
6075
6075
6076
6076
6078
6080
6081
6081
6082
6083
6084
6085
6086
6087
6088
6089
6089
6091
6093
6093
6094
6094
6095
6096
6099
6100
6101
6102
6102
6104
6105
6105
6107
6108
6109
6109
6110
6110
6113
6113
6115
6115
6116
6116
6118
6119
6121
6121
6122
6123
6124
6125
6126
6126
6128
6130
6130
6132
6133
6134
6134
6135
6136
6138
6138
6140
6141
6142
6142
6143
6145
6145
6146
6147
6147
6148
6151
6151
6152
6154
6155
6156
6156
6157
6158
6159
6161
6162
6163
6163
6163
6164
6166
6167
6169
6169
6170
6170
6172
6173
6173
6175
6176
6177
6178
6179
6180
6182
6183
6184
6184
6184
6185
6188
6188
6190
6190
6190
6191
6193
6194
6195
6197
6197
6199
6199
6199
6200
6201
6202
6205
6205
6207
6207
6208
6209
6210
6211
6212
6213
6215
6215
6216
6216
6218
6218
6219
6220
6221
6224
6224
6225
6226
6226
6228
6230
6230
6232
6232
6232
6233
6234
6235
6236
6238
6240
6240
6242
6243
6244
6245
6245
6246
6247
6248
6249
6251
6251
6251
6254
6254
6256
6256
6257
6258
6260
6260
6260
6261
6263
6264
6266
6266
6267
6269
6269
6270
6271
6271
6272
6273
6274
6275
6276
6277
6278
6280
6281
6283
6283
6283
6286
6287
6287
6287
6289
6290
6290
6293
6293
6293
6295
6296
6297
6298
6299
6299
6302
6303
6303
6304
6306
6306
6307
6308
6308
6310
6311
6312
6312
6314
6316
6316
6317
6319
6319
6320
6320
6321
6322
6323
6324
6325
6327
6329
6329
6330
6330
6332
6332
6334
6335
6336
6337
6338
6339
6340
6341
6343
6344
6344
6344
6346
6347
6349
6350
6350
6351
6352
6354
6355
6355
6356
6357
6358
6358
6360
6361
6362
6363
6363
6364
6367
6367
6367
6369
6370
6370
6372
6373
6373
6374
6377
6377
6378
6379
6380
6381
6382
6384
6384
6386
6386
6386
6387
6390
6391
6392
6392
6392
6395
6396
6397
6397
6397
6400
6401
6401
6402
6403
6403
6405
6407
6407
6407
6410
6411
6412
6413
6413
6415
6415
6417
6417
6419
6420
6421
6421
6421
6423
6424
6425
6426
6428
6428
6428
6429
6431
6432
6434
6435
6435
6436
6436
6437
6439
6441
6441
6442
6443
6444
6444
6445
6448
6449
6449
6450
6451
6451
6453
6453
6454
6455
6456
6458
6458
6459
6461
6461
6463
6464
6466
6466
6467
6468
6470
6471
6471
6472
6473
6475
6475
6476
6478
6479
6479
6479
6480
6481
6484
6484
6486
6487
6487
6487
6490
6491
6492
6492
6493
6495
6496
6496
6498
6498
6500
6501
6501
6501
6502
6505
6506
6507
6508
6508
6510
6510
6510
6512
6512
6513
6514
6517
6518
6518
6519
6521
6522
6523
6524
6524
6525
6526
6527
6529
6530
6530
6531
6532
6533
6534
6536
6537
6538
6538
6539
6539
6541
6541
6543
6544
6545
6546
6546
6549
6550
6550
6552
6553
6554
6554
6554
6555
6556
6558
6559
6559
6560
6563
6564
6564
6566
6566
6567
6568
6568
6569
6572
6573
6573
6574
6574
6575
6577
6579
6580
6581
6581
6582
6583
6584
6585
6586
6588
6589
6589
6590
6591
6592
6592
6595
6595
6596
6597
6599
6599
6600
6601
6603
6603
6603
6605
6606
6607
6608
6609
6609
6610
6613
6613
6613
6616
6617
6617
6618
6619
6619
6620
6621
6624
6625
6625
6626
6627
6627
6629
6631
6631
6632
6633
6633
6635
6636
6637
6638
6638
6641
6641
6641
6642
6645
6645
6645
6646
6647
6649
6649
6651
6653
6654
6654
6655
6655
6656
6659
6659
6659
6661
6662
6664
6665
6665
6666
6666
6669
6669
6670
6672
6673
6674
6674
6675
6676
6677
6678
6679
6679
6680
6682
6684
6684
6686
6686
6687
6688
6689
6689
6691
6693
6693
6694
6694
6696
6696
6697
6698
6699
6700
6702
6703
6703
6704
6705
6707
6707
6708
6711
6711
6712
6714
6714
6715
6716
6717
6719
6719
6720
6721
6722
6723
6724
6725
6727
6727
6729
6730
6730
6731
6733
6733
6734
6735
6737
6738
6738
6739
6740
6742
6742
6743
6744
6745
6747
6747
6748
6748
6751
6752
6752
6753
6753
6754
6755
6757
6758
6759
6761
6761
6762
6762
6764
6765
6766
6767
6767
6770
6770
6772
6772
6774
6774
6775
6776
6777
6778
6778
6780
6781
6782
6783
6785
6785
6785
6787
6788
6789
6789
6792
6792
6793
6794
6795
6795
6796
6798
6799
6799
6801
6801
6804
6804
6806
6807
6807
6808
6808
6811
6811
6812
6813
6814
6815
6816
6817
6817
6818
6820
6822
6822
6823
6823
6825
6827
6827
6828
6828
6829
6831
6832
6833
6835
6835
6837
6837
6837
6839
6840
6841
6842
6843
6844
6845
6845
6848
6848
6848
6851
6851
6852
6853
6853
6855
6857
6857
6857
6858
6859
6860
6862
6862
6864
6864
6865
6866
6868
6869
6870
6872
6872
6873
6874
6875
6877
6877
6878
6878
6880
6880
6882
6884
6885
6885
6886
6886
6887
6888
6891
6891
6892
6892
6893
6894
6896
6896
6898
6899
6899
6901
6901
6903
6903
6904
6906
6907
6907
6908
6911
6912
6912
6914
6914
6914
6915
6916
6918
6918
6921
6922
6922
6923
6924
6924
6927
6928
6928
6930
6930
6931
6931
6932
6934
6935
6936
6937
6938
6939
6940
6941
6942
6942
6944
6944
6947
6947
6948
6949
6949
6951
6951
6954
6954
6955
6955
6957
6958
6958
6960
6961
6963
6963
6964
6965
6966
6967
6968
6969
6970
6971
6972
6973
6974
6975
6977
6977
6977
6979
6979
6981
6981
6984
6984
6985
6985
6987
6988
6989
6990
6991
6991
6992
6993
6995
6996
6997
6998
6998
7000
7001
7001
7003
7004
7005
7006
7006
7007
7010
7010
7011
7013
7013
7013
7015
7015
7018
7018
7019
7020
7021
7021
7023
7024
7024
7027
7027
7028
7029
7029
7030
7031
7032
7035
7036
7036
7036
7037
7040
7041
7041
7042
7043
7044
7045
7047
7047
7048
7050
7050
7050
7052
7053
7054
7054
7056
7057
7058
7059
7059
7060
7061
7062
7064
7065
7066
7067
7068
7069
7070
7071
7073
7073
7074
7075
7076
7076
7077
7078
7080
7080
7081
7084
7084
7085
7087
7087
7087
7088
7090
7092
7092
7094
7094
7095
7096
7097
7097
7098
7100
7101
7101
7103
7104
7105
7107
7107
7107
7108
7109
7112
7113
7113
7113
7114
7115
7117
7117
7118
7121
7121
7122
7123
7124
7125
7126
7128
7129
7129
7130
7132
7132
7133
7134
7135
7137
7138
7138
7139
7139
7140
7142
7143
7144
7144
7147
7148
7148
7149
7151
7152
7153
7153
7154
7156
7156
7157
7158
7160
7161
7161
7163
7163
7164
7166
7167
7168
7168
7170
7171
7172
7172
7173
7174
7175
7176
7176
7179
7180
7181
7182
7183
7183
7184
7184
7186
7187
7189
7189
7189
7191
7192
7192
7193
7194
7196
7197
7197
7200
7201
7202
7203
7203
7204
7205
7206
7208
7208
7208
7210
7211
7212
7213
7214
7215
7216
7218
7218
7218
7219
7221
7222
7223
7223
7226
7226
7227
7227
7228
7229
7231
7231
7232
7233
7235
7236
7237
7239
7240
7240
7240
7241
7244
7244
7245
7246
7248
7248
7249
7250
7250
7251
7254
7254
7255
7256
7257
7258
7260
7261
7262
7262
7263
7263
7265
7267
7268
7268
7269
7271
7272
7272
7273
7273
7275
7277
7277
7278
7279
7279
7281
7282
7283
7283
7284
7285
7288
7288
7289
7289
7291
7291
7293
7294
7295
7295
7298
7299
7299
7301
7301
7302
7302
7303
7305
7305
7307
7308
7309
7310
7312
7312
7313
7315
7315
7315
7318
7318
7318
7321
7321
7323
7323
7324
7325
7326
7327
7328
7329
7331
7331
7332
7332
7335
7335
7335
7338
7338
7339
7341
7342
7342
7343
7343
7344
7347
7348
7349
7349
7350
7351
7352
7352
7353
7356
7356
7357
7358
7360
7361
7362
7363
7363
7365
7366
7367
7367
7368
7369
7370
7371
7372
7373
7374
7374
7376
7377
7379
7380
7381
7382
7382
7383
7383
7386
7387
7388
7388
7390
7391
7392
7392
7394
7395
7396
7397
7397
7398
7399
7400
7402
7402
7403
7403
7405
7406
7407
7409
7410
7410
7411
7411
7413
7414
7415
7415
7418
7418
7419
7419
7420
7423
7423
7423
7424
7426
7427
7427
7429
7429
7431
7432
7432
7434
7435
7435
7436
7437
7438
7440
7441
7441
7443
7444
7444
7445
7447
7448
7449
7450
7451
7452
7453
7454
7455
7457
7458
7459
7459
7460
7461
7463
7464
7465
7465
7466
7468
7468
7468
7469
7470
7471
7473
7474
7474
7477
7478
7479
7480
7481
7481
7482
7483
7483
7485
7486
7486
7489
7490
7490
7491
7492
7493
7494
7494
7497
7498
7498
7499
7501
7501
7502
7503
7505
7505
7505
7508
7508
7508
7509
7511
7512
7513
7513
7515
7517
7517
7517
7520
7521
7521
7522
7523
7524
7524
7526
7527
7528
7528
7530
7531
7532
7533
7535
7536
7537
7538
7538
7540
7540
7541
7541
7544
7544
7546
7546
7548
7548
7549
7550
7551
7552
7552
7554
7555
7556
7556
7558
7559
7560
7560
7562
7564
7565
7565
7566
7568
7568
7570
7571
7571
7572
7573
7574
7576
7576
7577
7578
7579
7579
7580
7581
7582
7584
7585
7586
7587
7588
7589
7591
7591
7593
7594
7594
7594
7596
7596
7599
7599
7601
7601
7601
7602
7605
7605
7606
7608
7609
7609
7609
7610
7613
7614
7614
7615
7615
7618
7618
7618
7619
7622
7623
7623
7624
7624
7626
7627
7628
7628
7629
7632
7632
7633
7633
7636
7636
7637
7638
7639
7640
7640
7641
7644
7644
7645
7646
7647
7649
7649
7649
7651
7653
7653
7654
7654
7656
7657
7658
7659
7661
7661
7662
7662
7664
7665
7666
7667
7668
7668
7669
7671
7673
7674
7675
7675
7676
7677
7678
7679
7681
7682
7682
7683
7684
7684
7686
7687
7687
7689
7690
7692
7693
7694
7695
7695
7695
7698
7698
7700
7700
7701
7702
7702
7703
7705
7706
7706
7708
7709
7710
7710
7711
7714
7715
7716
7717
7717
7718
7719
7721
7721
7723
7723
7723
7725
7726
7727
7727
7730
7731
7731
7731
7734
7735
7735
7736
7736
7738
7739
7741
7741
7741
7742
7745
7746
7746
7746
7747
7749
7750
7750
7751
7752
7753
7755
7756
7756
7759
7760
7760
7760
7761
7762
7764
7765
7765
7767
7768
7770
7771
7771
7773
7773
7774
7775
7776
7777
7779
7780
7780
7781
7783
7783
7784
7786
7787
7787
7788
7790
7790
7791
7791
7794
7795
7795
7796
7796
7799
7799
7800
7802
7802
7802
7805
7806
7806
7807
7808
7809
7811
7812
7812
7812
7815
7815
7816
7816
7817
7818
7820
7821
7821
7822
7825
7825
7827
7828
7829
7829
7830
7830
7831
7833
7834
7834
7836
7838
7838
7838
7841
7842
7843
7844
7844
7846
7846
7847
7848
7849
7850
7850
7853
7854
7854
7855
7857
7858
7859
7859
7860
7861
7862
7863
7864
7865
7866
7866
7867
7869
7870
7871
7872
7874
7875
7875
7876
7876
7878
7878
7881
7882
7883
7884
7885
7885
7886
7887
7887
7889
7891
7891
7892
7893
7894
7895
7895
7898
7898
7899
7900
7900
7903
7904
7904
7905
7905
7908
7908
7908
7909
7911
7912
7912
7915
7915
7915
7917
7917
7918
7921
7922
7922
7923
7925
7925
7926
7926
7927
7930
7931
7932
7932
7933
7935
7935
7937
7937
7938
7939
7940
7941
7943
7943
7944
7945
7945
7947
7948
7948
7950
7951
7951
7953
7954
7955
7955
7957
7958
7959
7959
7961
7963
7964
7964
7966
7966
7967
7969
7969
7971
7971
7972
7973
7974
7975
7976
7977
7978
7979
7980
7981
7981
7984
7984
7985
7986
7987
7988
7989
7990
7990
7991
7993
7994
7994
7995
7997
7998
7999
8000
8000
8000
arquivo ordenado pelo algoritmo bucket sort tempo da ordenação = 0 milisegundos

