2
31
46
49
60
63
64
67
85
108
116
117
120
126
138
166
170
177
181
183
193
198
204
209
218
219
226
232
233
235
251
252
258
277
283
292
293
295
300
300
305
305
306
315
316
321
322
324
337
345
354
356
361
365
367
369
370
390
394
394
397
412
413
418
421
425
434
448
465
469
474
487
488
510
525
533
545
549
564
574
601
603
606
619
633
638
640
645
659
705
708
709
729
733
739
752
759
777
777
785
802
802
822
829
831
836
845
846
847
853
856
871
897
901
908
908
912
914
928
944
980
986
991
1002
1007
1018
1020
1024
1038
1043
1048
1049
1058
1070
1071
1073
1082
1100
1108
1113
1116
1118
1131
1131
1148
1151
1154
1166
1178
1178
1192
1195
1197
1200
1209
1222
1222
1224
1225
1226
1236
1241
1243
1245
1247
1253
1261
1268
1273
1279
1280
1293
1295
1310
1317
1327
1327
1334
1349
1367
1379
1381
1398
1426
1426
1433
1465
1469
1479
1479
1482
1495
1521
1569
1576
1584
1589
1599
1601
1602
1618
1634
1653
1655
1656
1666
1672
1692
1692
1699
1732
1740
1749
1754
1755
1765
1765
1766
1767
1788
1797
1797
1821
1828
1840
1851
1864
1871
1886
1906
1907
1926
1931
1943
1954
1956
1960
1966
2000
2005
2008
2009
2013
2015
2020
2020
2029
2037
2045
2047
2064
2071
2078
2081
2083
2086
2094
2096
2098
2111
2121
2124
2127
2139
2142
2143
2143
2144
2148
2162
2165
2167
2173
2179
2179
2184
2186
2189
2204
2210
2211
2220
2222
2226
2228
2244
2249
2305
2308
2314
2316
2317
2321
2324
2328
2332
2337
2340
2354
2362
2372
2374
2379
2397
2400
2405
2407
2410
2411
2427
2433
2436
2437
2448
2454
2469
2477
2523
2526
2532
2534
2535
2550
2582
2586
2590
2593
2601
2625
2636
2643
2646
2647
2649
2653
2678
2682
2694
2695
2712
2728
2732
2735
2740
2742
2746
2754
2785
2786
2787
2793
2797
2805
2807
2810
2812
2818
2819
2828
2855
2861
2889
2890
2896
2899
2908
2917
2925
2931
2938
2955
2960
2973
2980
2993
2994
2994
2997
2997
2998
2998
2998
3000
3026
3045
3053
3061
3074
3087
3094
3102
3102
3106
3107
3112
3136
3137
3150
3168
3173
3198
3235
3241
3244
3249
3260
3261
3262
3271
3288
3289
3294
3303
3305
3307
3315
3318
3323
3325
3326
3335
3338
3343
3351
3354
3366
3368
3373
3377
3383
3389
3395
3395
3409
3416
3421
3426
3434
3445
3447
3455
3467
3474
3479
3492
3502
3505
3505
3510
3525
3527
3530
3534
3550
3554
3574
3580
3596
3610
3628
3630
3634
3672
3685
3696
3703
3706
3708
3710
3714
3717
3720
3726
3729
3732
3753
3784
3785
3793
3811
3820
3832
3835
3836
3844
3852
3858
3868
3869
3869
3876
3890
3926
3932
3942
3946
3951
3955
3963
3979
3998
4002
4016
4052
4056
4062
4068
4113
4115
4122
4122
4136
4139
4146
4153
4159
4162
4167
4169
4178
4180
4182
4191
4198
4198
4199
4200
4205
4210
4213
4213
4218
4219
4225
4230
4230
4236
4238
4247
4249
4249
4252
4260
4267
4270
4291
4294
4307
4311
4323
4323
4329
4334
4334
4339
4347
4349
4356
4361
4362
4389
4394
4395
4396
4414
4424
4426
4429
4448
4459
4465
4474
4485
4498
4515
4535
4538
4539
4548
4551
4560
4562
4571
4575
4581
4592
4596
4599
4637
4643
4655
4670
4683
4686
4686
4687
4697
4707
4714
4716
4717
4726
4741
4742
4743
4773
4786
4789
4790
4803
4806
4858
4886
4893
4907
4916
4929
4947
4959
4976
4985
4987
4990
4991
4992
4992
4993
4998
5002
5020
5028
5054
5071
5079
5093
5098
5099
5103
5121
5132
5142
5149
5155
5158
5188
5194
5201
5202
5215
5216
5230
5239
5241
5245
5270
5271
5277
5280
5323
5334
5342
5349
5366
5367
5367
5368
5375
5388
5394
5403
5408
5411
5432
5445
5447
5464
5465
5470
5482
5488
5497
5506
5514
5516
5555
5563
5584
5587
5591
5591
5599
5609
5610
5620
5635
5657
5671
5679
5691
5707
5719
5728
5729
5733
5744
5744
5755
5756
5758
5768
5768
5770
5795
5803
5812
5828
5828
5833
5844
5855
5858
5863
5879
5879
5882
5885
5900
5908
5912
5925
5939
5939
5943
5944
5944
5954
5960
5963
5968
5985
6020
6025
6032
6034
6035
6052
6065
6073
6078
6096
6099
6102
6172
6175
6190
6199
6205
6205
6217
6226
6232
6241
6242
6245
6249
6269
6269
6272
6272
6273
6282
6283
6283
6288
6305
6309
6314
6316
6332
6336
6337
6348
6350
6351
6352
6355
6362
6377
6400
6402
6403
6405
6406
6419
6423
6438
6452
6457
6485
6487
6549
6553
6589
6590
6591
6613
6614
6614
6620
6623
6625
6627
6628
6635
6653
6662
6676
6682
6697
6705
6714
6722
6740
6752
6764
6765
6784
6790
6807
6811
6818
6821
6826
6840
6852
6855
6861
6865
6873
6892
6896
6900
6904
6907
6921
6922
6929
6945
6947
6949
6955
6974
6975
6976
6977
6977
6983
6989
6990
7004
7011
7015
7024
7026
7031
7041
7044
7044
7057
7058
7060
7061
7062
7081
7082
7132
7140
7142
7144
7148
7148
7162
7171
7177
7196
7196
7203
7209
7212
7221
7235
7244
7251
7260
7271
7273
7274
7275
7278
7285
7290
7304
7304
7316
7317
7322
7341
7351
7357
7382
7385
7413
7416
7426
7427
7435
7443
7447
7467
7484
7492
7516
7517
7524
7525
7540
7548
7553
7555
7558
7571
7577
7586
7587
7589
7602
7604
7606
7607
7616
7622
7626
7638
7659
7668
7674
7676
7688
7694
7700
7703
7705
7706
7707
7724
7727
7745
7752
7753
7755
7758
7776
7805
7808
7819
7819
7829
7829
7831
7839
7840
7841
7841
7851
7865
7873
7882
7882
7928
7940
7942
7948
7951
7956
7959
7963
7964
7969
7988
7991
7995
8008
8013
8024
8038
8061
8071
8076
8101
8109
8110
8117
8128
8135
8138
8145
8150
8154
8162
8165
8169
8181
8188
8192
8193
8201
8206
8212
8218
8235
8251
8254
8254
8255
8260
8260
8264
8275
8291
8296
8299
8311
8313
8318
8326
8340
8343
8353
8357
8363
8365
8372
8373
8374
8377
8379
8380
8404
8424
8428
8434
8444
8462
8469
8477
8483
8485
8493
8498
8501
8508
8512
8523
8540
8540
8541
8546
8549
8550
8559
8559
8560
8560
8584
8591
8591
8598
8609
8612
8612
8616
8642
8652
8656
8662
8696
8714
8715
8716
8726
8735
8737
8749
8757
8761
8763
8780
8781
8783
8802
8808
8809
8841
8858
8866
8868
8884
8893
8896
8899
8899
8918
8932
8938
8941
8945
8946
8949
8967
8985
8991
9009
9016
9020
9021
9028
9037
9038
9043
9049
9050
9051
9056
9058
9092
9098
9103
9132
9140
9141
9143
9146
9154
9159
9168
9171
9187
9206
9207
9215
9215
9231
9233
9250
9254
9254
9269
9277
9285
9296
9300
9315
9324
9328
9331
9343
9355
9365
9367
9378
9392
9397
9428
9436
9443
9455
9459
9470
9473
9481
9492
9528
9532
9544
9544
9547
9551
9560
9562
9566
9574
9581
9586
9586
9598
9613
9618
9620
9630
9639
9642
9647
9651
9652
9655
9666
9677
9683
9691
9698
9704
9724
9740
9763
9776
9786
9803
9803
9805
9814
9820
9820
9859
9862
9872
9876
9876
9881
9884
9889
9893
9893
9897
9897
9899
9902
9902
9920
9921
9925
9935
9941
9947
9948
9949
10000
10012
10024
10032
10046
10059
10074
10075
10077
10080
10083
10088
10091
10103
10108
10116
10116
10149
10161
10161
10179
10183
10189
10196
10196
10198
10203
10205
10219
10223
10227
10228
10237
10242
10248
10250
10250
10265
10268
10271
10271
10272
10279
10288
10293
10305
10316
10328
10332
10340
10349
10353
10364
10381
10385
10385
10391
10397
10406
10421
10425
10441
10447
10449
10457
10460
10461
10473
10480
10488
10489
10494
10496
10501
10502
10506
10507
10548
10562
10565
10584
10588
10592
10597
10609
10617
10625
10630
10633
10635
10661
10669
10697
10704
10707
10708
10713
10726
10731
10734
10736
10742
10750
10766
10769
10776
10777
10797
10851
10882
10895
10897
10900
10912
10918
10928
10940
10941
10945
10951
10967
10981
10989
10992
10994
10996
10999
11003
11007
11007
11008
11025
11030
11053
11055
11061
11081
11091
11101
11102
11108
11110
11118
11124
11124
11125
11130
11150
11157
11158
11161
11165
11166
11176
11202
11209
11209
11212
11229
11232
11239
11243
11254
11260
11265
11270
11277
11278
11279
11283
11300
11305
11307
11312
11320
11323
11324
11342
11344
11345
11353
11396
11400
11409
11409
11421
11436
11448
11451
11463
11480
11512
11513
11526
11531
11534
11543
11587
11596
11622
11637
11648
11652
11679
11701
11713
11719
11719
11727
11728
11733
11745
11757
11769
11770
11773
11779
11799
11807
11809
11816
11817
11843
11850
11850
11852
11863
11864
11864
11866
11882
11888
11896
11899
11928
11931
11938
11944
11956
11959
11960
11972
11975
11990
12002
12007
12015
12021
12033
12040
12041
12048
12049
12051
12054
12056
12065
12073
12074
12085
12085
12097
12113
12114
12119
12122
12125
12145
12149
12155
12166
12171
12175
12178
12179
12193
12193
12195
12207
12226
12232
12233
12244
12247
12258
12283
12313
12322
12323
12352
12366
12370
12406
12415
12433
12440
12462
12467
12503
12531
12539
12553
12558
12563
12563
12564
12576
12591
12610
12615
12622
12623
12632
12634
12647
12650
12654
12655
12704
12708
12721
12724
12726
12745
12753
12758
12761
12767
12768
12781
12803
12803
12810
12810
12812
12812
12815
12816
12854
12879
12883
12886
12896
12898
12909
12915
12922
12940
12941
12954
12960
12978
12984
12989
12990
12990
12995
13000
13002
13005
13007
13007
13013
13027
13037
13049
13056
13071
13071
13078
13081
13086
13086
13088
13088
13091
13093
13098
13108
13114
13115
13115
13116
13118
13126
13130
13134
13141
13142
13154
13163
13167
13169
13189
13205
13216
13227
13258
13265
13270
13282
13288
13289
13292
13295
13318
13324
13332
13345
13350
13351
13355
13363
13366
13376
13378
13382
13389
13397
13403
13428
13442
13471
13481
13492
13494
13496
13505
13516
13527
13528
13539
13559
13566
13612
13614
13616
13676
13677
13701
13718
13720
13720
13722
13726
13732
13736
13743
13744
13755
13756
13761
13762
13770
13774
13776
13781
13807
13809
13815
13817
13836
13837
13839
13841
13845
13849
13858
13860
13868
13871
13873
13880
13883
13886
13891
13900
13904
13906
13913
13913
13919
13919
13927
13934
13939
13941
13942
13951
13952
13972
13975
13979
13993
14000
14014
14015
14017
14021
14027
14032
14038
14043
14046
14046
14048
14049
14056
14064
14070
14071
14076
14078
14095
14099
14101
14110
14128
14157
14161
14169
14170
14175
14189
14194
14221
14222
14234
14241
14261
14263
14266
14267
14271
14280
14282
14283
14289
14302
14306
14306
14309
14319
14322
14324
14335
14345
14361
14363
14373
14387
14399
14400
14405
14411
14412
14421
14422
14423
14429
14458
14459
14460
14462
14471
14480
14488
14493
14500
14503
14512
14520
14520
14528
14536
14545
14548
14549
14557
14559
14587
14612
14616
14630
14634
14641
14652
14680
14683
14706
14716
14719
14722
14723
14747
14751
14757
14763
14772
14796
14799
14799
14804
14805
14808
14820
14823
14838
14843
14852
14855
14862
14872
14881
14898
14899
14918
14923
14930
14939
14961
14986
14995
14996
15020
15035
15035
15037
15040
15043
15044
15060
15061
15071
15071
15072
15101
15103
15107
15119
15121
15143
15151
15156
15164
15171
15174
15175
15176
15182
15219
15225
15227
15234
15242
15242
15257
15261
15262
15274
15274
15278
15287
15290
15290
15291
15292
15294
15321
15322
15325
15327
15341
15361
15361
15366
15367
15369
15369
15380
15408
15431
15443
15462
15463
15467
15475
15478
15479
15488
15488
15489
15492
15500
15504
15506
15508
15514
15515
15522
15526
15529
15532
15534
15539
15547
15562
15584
15595
15596
15602
15610
15617
15630
15652
15676
15677
15681
15685
15686
15686
15693
15697
15698
15704
15715
15722
15729
15733
15739
15759
15761
15765
15791
15795
15796
15804
15809
15813
15819
15827
15830
15831
15844
15844
15856
15870
15875
15887
15896
15922
15936
15952
15977
15990
arquivo ordenado pelo algoritmo insertionsort tempo da ordenação = 0 milisegundos

