2
4
5
9
10
20
26
32
35
37
53
54
56
59
62
66
68
73
74
76
78
78
85
85
86
88
88
90
92
99
99
105
106
115
117
119
122
123
123
124
125
128
128
132
135
149
155
157
157
167
168
169
182
186
191
194
196
197
199
202
207
209
225
233
234
250
256
258
270
276
278
285
300
307
318
319
326
343
343
347
354
356
364
364
365
368
372
377
377
380
381
383
392
393
393
393
395
396
407
407
409
422
429
429
430
430
431
438
439
440
440
446
446
451
465
470
478
480
482
489
501
503
521
529
529
532
535
537
543
551
560
563
566
573
579
588
590
606
613
623
627
633
635
640
641
645
649
654
662
668
668
668
671
671
671
673
675
685
696
697
719
722
726
740
750
756
758
759
766
772
776
776
780
783
810
811
811
812
813
816
821
822
824
830
837
848
855
856
860
866
872
879
883
886
888
892
898
900
901
903
906
906
906
906
909
929
938
941
945
950
956
967
968
970
971
974
978
989
990
991
999
1001
1003
1005
1005
1010
1014
1015
1022
1022
1024
1024
1026
1026
1030
1036
1037
1038
1050
1057
1063
1068
1070
1074
1075
1076
1082
1083
1086
1089
1093
1095
1098
1101
1106
1113
1116
1123
1144
1149
1151
1151
1153
1161
1162
1163
1164
1168
1170
1175
1177
1177
1180
1182
1183
1183
1184
1191
1192
1193
1195
1200
1200
1201
1207
1214
1224
1232
1237
1240
1251
1252
1254
1257
1258
1263
1273
1275
1285
1289
1291
1308
1308
1317
1321
1323
1323
1326
1334
1336
1341
1341
1342
1343
1347
1347
1348
1349
1361
1361
1361
1361
1362
1371
1371
1376
1388
1391
1392
1396
1397
1404
1407
1424
1430
1436
1439
1444
1445
1449
1456
1460
1461
1464
1464
1464
1465
1471
1481
1486
1486
1492
1492
1493
1493
1495
1497
1508
1519
1519
1524
1527
1531
1546
1546
1551
1554
1557
1557
1561
1563
1563
1574
1575
1576
1577
1584
1589
1590
1593
1599
1600
1601
1601
1611
1616
1617
1619
1626
1629
1638
1643
1649
1657
1658
1661
1665
1667
1669
1669
1673
1680
1687
1690
1696
1703
1703
1709
1722
1723
1727
1730
1734
1734
1742
1743
1743
1749
1756
1759
1762
1763
1765
1766
1772
1773
1774
1778
1779
1782
1789
1792
1794
1796
1799
1800
1802
1802
1805
1811
1812
1812
1812
1828
1828
1830
1843
1845
1849
1850
1851
1852
1853
1855
1856
1866
1870
1876
1879
1881
1886
1893
1893
1893
1897
1898
1904
1908
1914
1917
1931
1933
1934
1940
1940
1940
1945
1949
1951
1957
1960
1967
1975
1976
1981
1982
1985
1988
1993
2008
2009
2014
2016
2017
2021
2023
2025
2028
2033
2035
2036
2041
2042
2047
2051
2052
2053
2057
2064
2065
2065
2068
2075
2080
2085
2088
2093
2094
2096
2097
2099
2109
2112
2125
2130
2132
2136
2138
2156
2159
2161
2164
2164
2168
2168
2169
2169
2169
2171
2172
2174
2193
2201
2206
2214
2218
2221
2223
2235
2236
2236
2237
2247
2252
2266
2280
2281
2284
2289
2304
2305
2305
2308
2308
2311
2312
2314
2314
2317
2319
2320
2325
2326
2326
2327
2330
2333
2333
2343
2344
2346
2351
2352
2353
2360
2364
2366
2369
2376
2378
2403
2417
2418
2418
2418
2424
2429
2434
2436
2442
2446
2447
2452
2459
2471
2472
2476
2478
2479
2479
2480
2482
2483
2487
2487
2498
2499
2502
2503
2508
2509
2511
2530
2532
2535
2540
2541
2541
2544
2546
2546
2554
2555
2557
2559
2564
2569
2575
2590
2590
2595
2602
2604
2607
2609
2613
2615
2616
2618
2621
2622
2642
2647
2648
2666
2669
2670
2673
2682
2695
2701
2702
2702
2704
2710
2714
2718
2720
2721
2724
2730
2737
2743
2744
2747
2748
2749
2750
2754
2754
2779
2781
2782
2784
2789
2791
2796
2796
2801
2801
2802
2807
2812
2816
2818
2818
2828
2835
2847
2849
2852
2864
2865
2871
2875
2877
2880
2883
2889
2889
2890
2894
2897
2899
2900
2901
2905
2912
2913
2915
2915
2923
2929
2931
2935
2939
2945
2947
2951
2952
2953
2961
2966
2970
2970
2973
2974
2975
2977
2987
2988
2988
2990
2995
2995
2998
3001
3006
3010
3023
3026
3027
3030
3039
3042
3049
3054
3055
3071
3073
3080
3082
3085
3086
3091
3096
3096
3099
3108
3109
3111
3117
3124
3124
3134
3151
3152
3153
3156
3157
3162
3164
3164
3169
3174
3178
3184
3184
3195
3200
3201
3203
3206
3207
3211
3211
3213
3213
3215
3217
3218
3218
3239
3245
3252
3259
3267
3270
3272
3294
3315
3322
3323
3326
3330
3331
3336
3342
3346
3346
3352
3352
3363
3365
3375
3377
3377
3381
3384
3385
3388
3392
3403
3407
3411
3413
3420
3421
3421
3422
3425
3425
3429
3432
3440
3441
3446
3448
3455
3456
3457
3463
3466
3472
3474
3477
3477
3480
3484
3492
3498
3502
3504
3509
3511
3511
3511
3515
3527
3532
3537
3538
3540
3540
3541
3545
3545
3553
3560
3562
3571
3577
3585
3590
3590
3597
3601
3602
3603
3604
3604
3604
3604
3606
3611
3617
3618
3621
3621
3625
3627
3628
3629
3634
3639
3640
3647
3649
3652
3658
3662
3667
3669
3675
3675
3680
3681
3685
3686
3690
3701
3705
3706
3708
3721
3723
3725
3728
3740
3744
3749
3757
3761
3764
3767
3771
3775
3777
3779
3780
3782
3786
3788
3792
3798
3801
3802
3811
3822
3830
3831
3832
3835
3836
3847
3859
3861
3863
3874
3877
3884
3885
3893
3894
3895
3895
3896
3900
3902
3902
3903
3907
3908
3913
3924
3937
3939
3943
3946
3948
3949
3950
3959
3961
3963
3967
3967
3971
3976
3976
3977
3983
3995
3996
4000
4005
4009
4018
4022
4030
4034
4035
4036
4042
4043
4045
4049
4051
4053
4064
4070
4070
4075
4077
4082
4085
4096
4099
4104
4108
4111
4114
4121
4142
4143
4144
4146
4146
4153
4154
4157
4163
4163
4163
4168
4170
4171
4172
4173
4174
4184
4186
4191
4198
4201
4201
4203
4208
4209
4219
4220
4224
4225
4228
4233
4235
4237
4238
4239
4243
4248
4248
4252
4256
4259
4267
4270
4272
4272
4285
4290
4292
4304
4309
4334
4335
4338
4339
4348
4358
4361
4362
4373
4379
4389
4391
4396
4397
4401
4402
4409
4409
4410
4410
4413
4417
4420
4424
4447
4447
4458
4461
4465
4465
4466
4467
4471
4472
4473
4484
4503
4504
4509
4513
4514
4528
4530
4531
4542
4549
4550
4554
4558
4560
4561
4564
4564
4565
4566
4579
4585
4586
4589
4592
4596
4601
4603
4604
4606
4606
4611
4615
4620
4622
4624
4630
4630
4632
4642
4649
4650
4652
4652
4654
4654
4655
4657
4658
4667
4670
4679
4679
4681
4681
4689
4696
4697
4698
4700
4701
4703
4706
4712
4714
4720
4722
4728
4728
4732
4736
4738
4739
4740
4742
4744
4744
4748
4749
4753
4756
4757
4758
4763
4769
4777
4779
4782
4784
4785
4787
4789
4796
4796
4796
4799
4799
4800
4814
4814
4816
4818
4819
4824
4825
4836
4838
4848
4852
4852
4857
4862
4866
4869
4885
4886
4893
4901
4909
4923
4932
4934
4934
4947
4949
4949
4956
4959
4963
4969
4975
4980
4989
4990
4991
4992
4992
4992
5006
5009
5010
5013
5015
5019
5023
5024
5026
5035
5035
5037
5037
5040
5042
5044
5054
5055
5059
5061
5061
5063
5068
5073
5084
5088
5090
5090
5092
5094
5107
5110
5112
5113
5115
5119
5119
5121
5130
5130
5137
5139
5144
5145
5146
5147
5148
5149
5156
5160
5161
5161
5166
5171
5173
5176
5177
5178
5180
5189
5191
5193
5203
5205
5208
5209
5209
5209
5213
5216
5217
5222
5223
5223
5234
5239
5243
5244
5258
5261
5265
5267
5270
5270
5277
5286
5290
5291
5298
5298
5304
5304
5318
5319
5321
5323
5330
5330
5336
5342
5344
5344
5356
5359
5364
5365
5369
5369
5373
5376
5380
5383
5391
5394
5396
5398
5404
5409
5411
5415
5417
5422
5424
5426
5435
5436
5439
5441
5447
5458
5464
5467
5474
5474
5475
5476
5481
5487
5491
5495
5495
5498
5503
5504
5516
5520
5520
5525
5528
5530
5535
5538
5541
5546
5550
5551
5554
5565
5569
5569
5571
5577
5578
5580
5581
5581
5582
5585
5591
5599
5604
5606
5613
5616
5627
5633
5649
5651
5656
5656
5657
5658
5660
5669
5671
5673
5679
5680
5680
5681
5684
5687
5700
5711
5714
5718
5718
5723
5724
5729
5729
5739
5741
5742
5742
5761
5765
5765
5766
5769
5770
5775
5779
5783
5784
5787
5796
5801
5806
5807
5807
5808
5816
5820
5820
5821
5838
5840
5847
5850
5856
5856
5871
5878
5878
5880
5886
5888
5901
5903
5909
5928
5941
5945
5951
5951
5952
5955
5955
5969
5972
5985
5986
5987
5988
5994
5997
6001
6008
6018
6022
6035
6039
6039
6051
6055
6056
6057
6080
6085
6087
6095
6098
6104
6106
6112
6112
6113
6119
6125
6127
6129
6138
6141
6143
6149
6150
6169
6172
6173
6185
6192
6195
6205
6209
6209
6213
6215
6219
6224
6225
6226
6234
6235
6237
6243
6255
6265
6267
6268
6281
6282
6282
6282
6289
6306
6309
6313
6319
6320
6322
6327
6331
6333
6334
6334
6336
6340
6342
6343
6349
6349
6353
6359
6374
6384
6391
6393
6403
6406
6420
6422
6422
6423
6428
6432
6436
6436
6440
6440
6446
6450
6450
6450
6454
6457
6463
6473
6474
6476
6477
6480
6482
6484
6486
6494
6496
6498
6499
6504
6507
6507
6511
6512
6512
6512
6514
6521
6521
6523
6526
6527
6528
6528
6529
6531
6536
6537
6540
6541
6550
6555
6560
6577
6578
6579
6582
6586
6592
6595
6596
6597
6603
6612
6615
6620
6621
6628
6636
6637
6642
6644
6644
6645
6651
6654
6656
6660
6662
6665
6667
6667
6668
6673
6674
6678
6678
6683
6688
6689
6689
6701
6701
6704
6710
6710
6717
6717
6724
6725
6726
6729
6736
6739
6740
6749
6751
6765
6775
6776
6777
6777
6779
6781
6799
6800
6801
6819
6820
6822
6824
6824
6826
6826
6827
6832
6832
6840
6845
6846
6848
6848
6856
6856
6857
6865
6869
6875
6875
6884
6884
6885
6890
6892
6899
6900
6906
6932
6933
6935
6938
6940
6941
6943
6957
6970
6978
6999
7000
7002
7003
7007
7011
7020
7029
7033
7034
7036
7042
7044
7044
7048
7049
7051
7065
7074
7074
7084
7085
7088
7090
7098
7107
7108
7110
7117
7118
7119
7131
7131
7140
7140
7143
7148
7149
7150
7158
7159
7159
7164
7168
7181
7183
7185
7186
7187
7188
7191
7192
7192
7198
7199
7199
7204
7205
7211
7212
7218
7223
7224
7224
7230
7231
7239
7243
7247
7250
7250
7256
7260
7264
7274
7275
7277
7280
7281
7283
7284
7285
7292
7293
7296
7305
7309
7310
7314
7316
7323
7326
7326
7332
7338
7343
7343
7348
7353
7356
7363
7368
7374
7384
7385
7386
7390
7398
7405
7406
7414
7416
7427
7429
7436
7442
7442
7444
7446
7451
7459
7459
7464
7469
7469
7471
7472
7480
7488
7489
7494
7498
7499
7502
7511
7519
7520
7521
7526
7532
7533
7534
7547
7549
7551
7552
7553
7559
7560
7573
7574
7593
7594
7594
7597
7600
7606
7615
7619
7627
7628
7633
7641
7659
7665
7666
7670
7675
7676
7676
7676
7681
7690
7691
7693
7698
7698
7706
7713
7718
7718
7719
7722
7722
7726
7733
7735
7736
7737
7738
7746
7748
7755
7762
7763
7765
7770
7770
7772
7776
7785
7793
7795
7797
7801
7801
7803
7806
7808
7812
7822
7822
7829
7830
7831
7832
7838
7841
7841
7841
7842
7845
7848
7857
7858
7858
7868
7873
7879
7884
7887
7893
7903
7906
7906
7911
7913
7918
7924
7928
7932
7932
7933
7941
7945
7946
7949
7951
7955
7976
7980
7984
7991
8000
8007
8008
8010
8012
8016
8038
8040
8040
8043
8044
8058
8060
8061
8063
8065
8068
8071
8086
8086
8087
8087
8090
8091
8094
8096
8096
8100
8101
8119
8122
8126
8130
8144
8146
8147
8151
8151
8155
8161
8162
8163
8166
8173
8177
8179
8186
8197
8198
8199
8200
8211
8212
8213
8216
8218
8218
8220
8223
8231
8243
8251
8253
8258
8261
8261
8272
8286
8287
8288
8292
8292
8297
8299
8308
8309
8311
8311
8321
8331
8341
8351
8354
8356
8365
8367
8376
8378
8378
8381
8386
8390
8391
8392
8396
8397
8399
8401
8411
8411
8419
8424
8434
8443
8450
8450
8453
8453
8458
8459
8461
8466
8466
8469
8484
8486
8494
8494
8497
8521
8522
8523
8524
8528
8530
8533
8544
8544
8546
8550
8552
8557
8557
8557
8563
8564
8566
8567
8569
8579
8579
8584
8585
8587
8591
8591
8593
8594
8599
8599
8601
8601
8602
8604
8606
8610
8617
8621
8624
8625
8629
8631
8634
8640
8641
8642
8643
8652
8654
8656
8656
8657
8661
8670
8672
8672
8674
8675
8676
8677
8680
8683
8684
8687
8689
8690
8693
8696
8699
8701
8707
8709
8715
8716
8720
8722
8723
8727
8728
8733
8733
8739
8745
8748
8749
8750
8758
8760
8767
8773
8777
8778
8778
8781
8786
8789
8798
8798
8802
8805
8805
8805
8807
8812
8813
8816
8828
8828
8829
8834
8841
8843
8851
8856
8857
8861
8865
8873
8884
8890
8891
8898
8900
8900
8905
8920
8921
8935
8954
8958
8958
8963
8963
8964
8964
8966
8966
8970
8972
8972
8992
8994
9001
9008
9011
9011
9014
9015
9024
9030
9031
9040
9053
9054
9061
9064
9064
9064
9070
9074
9078
9079
9079
9080
9084
9089
9091
9095
9103
9109
9115
9119
9122
9123
9125
9129
9131
9132
9142
9149
9149
9150
9152
9152
9158
9160
9162
9172
9173
9174
9176
9180
9182
9188
9189
9190
9190
9196
9197
9199
9202
9205
9206
9214
9218
9219
9221
9230
9230
9234
9242
9251
9254
9254
9258
9259
9260
9268
9277
9279
9279
9289
9289
9290
9297
9304
9305
9308
9331
9332
9332
9338
9338
9340
9348
9351
9354
9360
9370
9375
9381
9388
9391
9397
9405
9406
9418
9426
9427
9430
9432
9450
9451
9452
9452
9459
9459
9460
9460
9461
9464
9474
9477
9479
9480
9484
9485
9486
9493
9502
9503
9503
9504
9507
9532
9534
9545
9548
9560
9563
9565
9574
9574
9575
9594
9595
9617
9620
9623
9641
9643
9651
9651
9653
9654
9655
9655
9656
9658
9663
9675
9678
9696
9704
9708
9708
9723
9726
9731
9731
9738
9738
9744
9748
9749
9751
9762
9762
9765
9768
9771
9775
9776
9777
9781
9782
9786
9791
9793
9793
9796
9797
9802
9803
9809
9819
9824
9836
9841
9847
9848
9859
9861
9864
9870
9875
9877
9881
9885
9892
9895
9899
9900
9905
9906
9906
9907
9911
9924
9925
9935
9936
9938
9939
9939
9944
9950
9952
9953
9956
9962
9971
9972
9974
9978
9983
9997
9998
9999
10002
10004
10008
10009
10012
10018
10024
10034
10044
10046
10053
10059
10060
10063
10064
10069
10072
10072
10075
10076
10084
10087
10091
10091
10091
10095
10096
10099
10100
10109
10131
10132
10133
10137
10142
10145
10146
10146
10156
10162
10171
10178
10178
10181
10182
10184
10186
10193
10197
10203
10206
10211
10215
10216
10216
10219
10224
10224
10227
10232
10243
10244
10245
10247
10258
10263
10268
10277
10290
10291
10314
10315
10319
10319
10322
10323
10323
10325
10326
10340
10342
10354
10354
10364
10366
10366
10372
10377
10384
10402
10404
10405
10416
10424
10427
10429
10435
10446
10452
10466
10470
10473
10476
10477
10477
10477
10482
10488
10488
10491
10492
10494
10494
10498
10503
10503
10510
10513
10513
10515
10524
10524
10525
10525
10526
10528
10528
10530
10533
10537
10549
10549
10554
10557
10561
10564
10579
10585
10586
10588
10591
10591
10593
10597
10603
10605
10605
10605
10607
10609
10615
10620
10623
10629
10640
10644
10646
10649
10650
10651
10655
10659
10667
10670
10673
10678
10680
10686
10692
10702
10703
10705
10709
10722
10727
10730
10746
10752
10759
10764
10769
10770
10772
10777
10778
10780
10780
10781
10782
10782
10784
10785
10792
10793
10794
10796
10803
10803
10808
10808
10813
10815
10816
10823
10825
10827
10828
10830
10845
10852
10856
10860
10862
10862
10863
10863
10866
10866
10874
10877
10880
10886
10886
10896
10913
10915
10920
10920
10925
10927
10928
10929
10930
10935
10941
10955
10957
10957
10958
10965
10976
10978
10995
10995
10996
11000
11006
11014
11015
11018
11018
11030
11041
11042
11049
11055
11057
11058
11068
11072
11081
11083
11086
11090
11091
11093
11101
11101
11103
11119
11119
11121
11124
11128
11134
11137
11137
11137
11137
11141
11143
11153
11153
11159
11159
11163
11171
11176
11196
11197
11201
11215
11228
11234
11239
11242
11242
11244
11252
11259
11259
11263
11276
11280
11281
11282
11284
11286
11288
11291
11292
11293
11294
11304
11307
11310
11318
11321
11322
11329
11334
11334
11337
11344
11347
11356
11360
11361
11363
11366
11367
11369
11371
11375
11375
11377
11377
11378
11388
11392
11395
11396
11397
11401
11409
11413
11417
11420
11425
11425
11440
11442
11443
11449
11455
11457
11458
11463
11465
11469
11472
11474
11479
11503
11512
11512
11518
11519
11525
11528
11545
11551
11559
11559
11560
11562
11570
11574
11580
11583
11583
11586
11588
11590
11591
11596
11597
11605
11613
11617
11619
11622
11624
11628
11629
11634
11636
11637
11638
11638
11645
11648
11651
11653
11656
11664
11672
11675
11677
11678
11681
11684
11685
11695
11696
11696
11703
11705
11707
11708
11714
11719
11727
11727
11729
11747
11747
11748
11757
11759
11760
11761
11762
11764
11765
11766
11767
11769
11770
11770
11771
11771
11777
11778
11780
11780
11781
11782
11785
11789
11793
11794
11798
11813
11825
11827
11827
11832
11833
11841
11844
11847
11847
11851
11854
11860
11866
11867
11869
11870
11872
11873
11873
11886
11887
11888
11892
11897
11907
11910
11918
11920
11922
11923
11924
11927
11939
11943
11949
11953
11953
11954
11957
11971
11971
11974
11975
11979
11984
11988
12001
12001
12005
12007
12008
12009
12012
12015
12027
12028
12030
12037
12038
12042
12050
12053
12055
12060
12070
12071
12075
12078
12088
12089
12106
12111
12114
12127
12133
12135
12146
12147
12148
12151
12156
12157
12159
12162
12172
12175
12179
12180
12189
12189
12195
12195
12205
12206
12206
12207
12217
12222
12222
12231
12233
12240
12242
12242
12244
12245
12249
12252
12259
12259
12262
12263
12264
12272
12284
12288
12292
12297
12297
12311
12316
12316
12322
12331
12341
12342
12347
12356
12357
12358
12359
12360
12365
12368
12372
12378
12378
12387
12389
12402
12403
12408
12414
12415
12417
12432
12439
12449
12453
12463
12464
12467
12467
12468
12470
12494
12498
12502
12511
12514
12516
12526
12531
12537
12538
12539
12540
12542
12543
12546
12555
12558
12562
12566
12568
12573
12577
12578
12584
12588
12588
12589
12592
12611
12611
12614
12616
12622
12622
12622
12626
12630
12635
12639
12639
12640
12643
12643
12645
12646
12652
12658
12676
12678
12682
12683
12690
12692
12694
12696
12697
12708
12713
12716
12725
12727
12731
12733
12734
12735
12737
12745
12747
12749
12749
12762
12763
12764
12765
12772
12789
12799
12803
12803
12809
12818
12818
12821
12824
12824
12826
12836
12841
12844
12849
12851
12854
12857
12861
12866
12870
12875
12881
12890
12895
12895
12896
12901
12901
12902
12903
12903
12905
12906
12907
12908
12909
12912
12921
12921
12927
12927
12931
12942
12946
12947
12948
12950
12953
12959
12961
12965
12967
12973
12974
12975
12978
12983
12985
12992
13000
13003
13009
13010
13015
13020
13027
13036
13036
13038
13050
13051
13051
13055
13061
13063
13064
13069
13073
13079
13080
13081
13082
13088
13089
13089
13091
13091
13092
13092
13101
13103
13110
13113
13114
13115
13116
13119
13123
13130
13137
13151
13151
13163
13164
13165
13167
13176
13177
13178
13179
13192
13195
13202
13210
13211
13215
13221
13225
13225
13228
13231
13239
13239
13241
13246
13247
13248
13250
13254
13255
13257
13278
13281
13292
13298
13300
13300
13313
13316
13317
13321
13331
13338
13342
13345
13359
13362
13367
13374
13376
13384
13391
13395
13398
13399
13400
13411
13412
13414
13417
13422
13423
13426
13427
13431
13434
13444
13446
13451
13458
13464
13471
13481
13481
13483
13490
13494
13496
13499
13503
13512
13513
13514
13521
13522
13523
13524
13525
13525
13530
13533
13537
13537
13562
13564
13575
13580
13581
13589
13599
13604
13605
13606
13606
13607
13608
13611
13617
13617
13620
13621
13623
13625
13634
13635
13641
13644
13651
13653
13656
13657
13668
13672
13674
13676
13677
13681
13684
13687
13692
13696
13699
13707
13710
13711
13712
13715
13715
13722
13726
13758
13758
13758
13761
13762
13763
13763
13763
13765
13768
13769
13771
13771
13774
13783
13783
13787
13788
13788
13790
13793
13793
13795
13796
13797
13803
13809
13809
13813
13813
13816
13823
13824
13824
13827
13827
13829
13838
13839
13840
13842
13842
13844
13845
13846
13847
13848
13856
13857
13858
13883
13884
13885
13892
13892
13892
13894
13895
13900
13906
13906
13911
13911
13913
13915
13917
13922
13924
13926
13926
13931
13934
13934
13935
13936
13939
13949
13955
13957
13961
13962
13967
13978
13998
14008
14008
14011
14014
14020
14022
14024
14025
14025
14026
14028
14033
14037
14042
14045
14046
14062
14078
14080
14086
14089
14089
14091
14093
14097
14098
14101
14101
14109
14112
14112
14124
14126
14131
14139
14141
14143
14146
14150
14155
14156
14161
14165
14169
14181
14182
14185
14188
14190
14194
14194
14201
14204
14208
14217
14218
14221
14224
14225
14240
14248
14255
14267
14270
14275
14280
14281
14281
14282
14295
14300
14305
14306
14320
14324
14331
14332
14334
14338
14340
14340
14343
14343
14346
14349
14351
14352
14353
14358
14365
14368
14373
14376
14378
14379
14382
14385
14385
14394
14394
14396
14408
14423
14433
14436
14441
14446
14448
14458
14460
14461
14463
14463
14466
14467
14475
14480
14481
14483
14497
14499
14500
14508
14518
14518
14526
14526
14527
14529
14532
14535
14536
14543
14545
14545
14555
14557
14558
14558
14559
14559
14561
14568
14569
14573
14574
14574
14578
14579
14581
14585
14589
14591
14594
14601
14604
14609
14611
14612
14612
14616
14620
14629
14632
14633
14633
14636
14641
14654
14655
14655
14660
14672
14673
14685
14693
14695
14699
14699
14701
14702
14705
14714
14718
14720
14728
14728
14731
14732
14732
14735
14741
14750
14755
14761
14767
14777
14784
14785
14786
14790
14794
14796
14800
14805
14806
14814
14814
14822
14832
14834
14845
14846
14859
14859
14868
14869
14880
14881
14884
14886
14887
14889
14892
14896
14903
14903
14906
14908
14910
14914
14916
14922
14926
14928
14937
14939
14943
14959
14963
14965
14965
14968
14969
14973
14974
14978
14991
15002
15007
15014
15015
15018
15021
15028
15028
15031
15043
15046
15050
15053
15061
15062
15064
15065
15073
15074
15075
15089
15090
15091
15091
15096
15101
15105
15109
15113
15115
15115
15118
15120
15125
15129
15130
15135
15140
15144
15146
15149
15149
15150
15162
15165
15167
15178
15180
15183
15187
15189
15190
15193
15203
15209
15212
15215
15217
15218
15218
15224
15224
15236
15236
15237
15242
15249
15250
15259
15260
15263
15270
15270
15274
15274
15276
15278
15279
15286
15287
15290
15302
15311
15311
15320
15322
15323
15327
15335
15339
15348
15348
15357
15361
15369
15371
15378
15383
15384
15384
15402
15403
15417
15424
15428
15429
15435
15437
15437
15437
15441
15444
15446
15447
15449
15456
15463
15464
15468
15470
15472
15475
15475
15480
15480
15485
15488
15492
15501
15503
15504
15510
15514
15519
15529
15535
15537
15547
15549
15552
15555
15563
15571
15574
15576
15581
15585
15586
15587
15589
15594
15595
15599
15604
15617
15622
15636
15637
15640
15655
15658
15659
15659
15663
15665
15670
15675
15678
15693
15699
15706
15711
15717
15725
15727
15730
15731
15737
15738
15739
15746
15756
15761
15768
15770
15776
15780
15780
15783
15792
15793
15795
15796
15798
15798
15806
15808
15810
15812
15813
15820
15824
15825
15825
15826
15830
15841
15841
15842
15843
15843
15848
15851
15862
15870
15874
15884
15886
15886
15894
15898
15898
15899
15902
15903
15911
15912
15916
15929
15942
15943
15945
15953
15954
15961
15968
15970
15976
15987
15987
15988
15991
15993
15993
15994
15994
15995
arquivo ordenado pelo algoritmo insertionsort tempo da ordenação = 31.1999 milisegundos

