1
3
4
4
6
6
7
9
9
9
10
13
13
13
15
16
16
18
20
20
22
22
24
24
25
26
27
28
28
29
32
32
32
34
35
36
37
39
39
39
41
42
44
44
45
46
47
48
48
51
52
52
53
55
56
56
57
58
59
60
62
62
62
65
65
66
67
67
68
70
70
72
72
75
75
75
77
79
79
80
82
83
83
84
85
86
88
89
89
90
91
91
94
94
96
96
98
99
99
100
100
102
102
103
105
105
107
108
110
110
111
113
113
114
115
115
117
117
118
121
121
122
124
124
125
127
127
128
129
130
132
132
132
133
134
136
136
138
139
139
140
142
144
145
146
146
146
147
149
150
151
152
154
155
155
156
158
159
159
160
162
162
162
165
165
166
168
169
170
170
171
171
173
174
174
175
178
178
179
180
182
183
184
185
186
186
186
188
189
189
191
191
193
194
194
196
197
198
199
200
200
203
204
204
204
205
206
207
210
211
211
212
213
213
214
215
217
218
219
220
221
222
223
224
225
226
228
228
229
230
232
232
233
235
235
236
237
238
240
241
241
242
243
245
245
247
247
248
249
250
251
252
252
253
255
257
258
258
259
260
261
262
263
265
265
267
267
268
269
270
272
273
273
274
276
276
276
278
280
280
281
282
283
284
284
287
287
288
289
291
291
291
293
295
296
297
298
298
299
300
300
302
302
303
306
306
307
307
308
310
311
312
313
313
314
316
318
319
319
319
322
322
324
324
325
327
327
328
329
331
332
332
333
334
335
336
336
338
339
339
340
343
344
344
345
345
347
348
349
350
352
353
353
354
355
355
358
358
360
360
362
362
362
364
364
367
368
368
368
370
372
372
373
375
375
375
377
378
379
380
380
381
383
384
385
386
387
387
389
391
391
392
393
395
396
397
398
398
399
399
401
401
402
403
406
406
406
408
410
411
411
412
413
413
416
416
418
419
419
420
422
422
424
424
424
426
427
427
429
431
431
431
432
434
434
436
437
438
440
441
441
441
444
444
445
445
446
447
448
450
451
451
452
455
455
456
457
458
459
459
461
462
462
465
466
466
466
468
469
471
472
472
472
473
475
476
476
478
480
480
480
483
483
484
485
486
486
488
489
490
491
492
494
494
494
496
497
497
500
500
501
502
503
503
506
506
507
507
508
510
510
512
513
514
515
515
516
517
520
520
521
522
524
525
526
526
528
529
529
530
531
533
533
533
534
537
538
539
540
540
541
543
544
545
545
546
547
547
548
550
552
553
553
554
556
556
557
558
559
560
560
562
562
565
565
566
567
569
569
570
570
571
573
573
574
576
577
579
580
580
581
581
583
583
584
586
586
588
589
590
591
592
592
594
595
595
596
598
599
601
601
602
602
604
605
606
607
608
608
609
612
612
613
613
614
615
616
617
618
620
620
622
622
624
625
626
627
627
629
629
630
632
633
633
636
636
637
639
639
641
641
642
644
644
645
646
647
648
649
650
650
652
653
654
655
655
656
658
660
660
662
662
663
664
664
665
668
668
669
669
671
672
672
674
674
677
677
678
679
679
680
682
683
684
686
687
687
689
689
690
692
693
693
693
695
697
697
698
699
700
700
702
703
704
704
706
707
709
709
710
710
711
713
714
715
717
717
719
720
720
721
723
723
724
725
725
728
728
729
730
730
733
734
735
735
735
736
739
740
741
741
742
744
745
745
746
747
748
749
750
750
753
753
755
756
757
758
758
758
759
762
762
764
764
765
765
767
768
769
770
771
771
774
775
775
776
776
778
780
781
781
783
783
784
785
787
787
787
788
790
791
792
793
793
794
796
797
797
798
800
801
801
802
805
805
805
806
808
808
810
811
812
812
813
815
815
817
818
818
819
820
822
824
824
825
826
826
827
829
830
830
832
834
834
835
836
837
838
839
841
841
842
842
844
846
847
848
848
849
849
851
852
853
854
856
856
856
857
859
860
861
862
864
864
865
866
866
868
869
870
871
873
873
874
875
876
877
879
879
880
882
882
884
885
885
886
887
888
889
890
891
893
893
893
896
896
898
899
899
900
901
901
903
904
905
907
908
908
909
910
910
912
913
913
914
915
916
918
918
920
920
922
922
924
926
927
927
928
929
931
931
931
932
935
936
936
937
939
939
939
941
943
943
943
946
946
947
947
948
949
951
951
952
953
954
955
956
959
959
960
961
962
963
964
964
966
968
968
969
969
972
972
973
973
975
976
977
978
979
980
981
982
983
984
986
987
987
987
989
989
991
991
992
994
994
995
997
998
998
1000
1001
1001
1003
1005
1005
1006
1007
1008
1010
1010
1010
1012
1014
1014
1014
1015
1016
1019
1019
1021
1021
1023
1024
1024
1025
1026
1028
1028
1029
1030
1030
1032
1033
1033
1035
1035
1037
1037
1040
1040
1041
1043
1044
1044
1045
1045
1047
1049
1049
1051
1051
1052
1053
1055
1055
1056
1057
1057
1059
1061
1061
1062
1062
1064
1064
1067
1067
1069
1070
1070
1071
1072
1073
1074
1075
1077
1077
1078
1078
1080
1081
1082
1083
1084
1084
1087
1087
1088
1088
1089
1091
1091
1092
1095
1095
1096
1097
1098
1098
1099
1102
1103
1103
1103
1105
1105
1106
1108
1109
1109
1112
1112
1113
1113
1115
1116
1117
1118
1118
1119
1120
1122
1123
1125
1125
1126
1127
1128
1128
1131
1131
1131
1133
1133
1135
1137
1137
1138
1138
1139
1140
1141
1144
1144
1144
1146
1147
1148
1149
1149
1152
1152
1153
1154
1155
1156
1156
1158
1159
1160
1162
1162
1163
1163
1164
1167
1167
1169
1170
1170
1172
1173
1174
1175
1175
1175
1176
1177
1179
1181
1181
1182
1183
1184
1185
1185
1188
1188
1189
1189
1191
1193
1194
1195
1195
1196
1197
1198
1198
1200
1200
1203
1203
1203
1206
1206
1207
1208
1209
1211
1212
1212
1212
1214
1214
1217
1217
1218
1220
1220
1221
1222
1223
1225
1225
1226
1227
1229
1230
1230
1230
1233
1233
1235
1235
1236
1237
1237
1239
1240
1241
1242
1243
1244
1245
1246
1247
1248
1249
1250
1250
1252
1252
1254
1255
1255
1256
1258
1259
1261
1261
1262
1263
1263
1265
1266
1266
1267
1269
1270
1271
1273
1273
1274
1275
1276
1276
1279
1279
1280
1281
1282
1283
1283
1284
1287
1287
1287
1288
1290
1290
1292
1293
1295
1295
1296
1297
1298
1299
1300
1301
1302
1304
1305
1305
1306
1306
1309
1309
1310
1312
1312
1313
1313
1316
1316
1317
1317
1318
1319
1320
1321
1323
1324
1325
1326
1327
1327
1328
1330
1330
1332
1332
1334
1335
1336
1337
1338
1338
1341
1341
1342
1343
1344
1345
1347
1348
1348
1349
1351
1352
1352
1354
1354
1355
1357
1358
1358
1358
1359
1360
1361
1363
1364
1365
1366
1367
1369
1369
1370
1370
1373
1373
1373
1375
1376
1377
1378
1380
1380
1381
1382
1382
1383
1384
1386
1386
1388
1388
1389
1391
1392
1393
1395
1396
1397
1397
1397
1398
1401
1401
1402
1404
1404
1404
1406
1407
1409
1409
1410
1411
1411
1412
1414
1415
1416
1416
1418
1418
1419
1421
1421
1423
1424
1426
1426
1426
1428
1429
1430
1432
1433
1433
1434
1435
1435
1437
1437
1440
1440
1442
1442
1444
1445
1445
1445
1446
1448
1449
1450
1452
1452
1454
1455
1456
1457
1457
1458
1458
1460
1461
1462
1463
1464
1465
1466
1468
1468
1469
1470
1471
1472
1472
1475
1476
1477
1477
1478
1480
1480
1480
1482
1482
1485
1486
1486
1488
1488
1490
1491
1492
1492
1493
1494
1494
1495
1497
1497
1499
1500
1502
1502
1503
1503
1506
1507
1508
1508
1508
1510
1512
1512
1513
1513
1514
1515
1517
1519
1519
1520
1522
1522
1523
1523
1524
1527
1527
1528
1529
1529
1530
1531
1532
1534
1535
1535
1537
1538
1539
1540
1541
1541
1542
1544
1544
1546
1547
1548
1549
1550
1551
1551
1553
1553
1556
1556
1556
1558
1558
1560
1562
1562
1563
1563
1565
1566
1567
1568
1569
1570
1571
1572
1574
1574
1574
1575
1578
1578
1578
1579
1581
1582
1583
1583
1584
1586
1588
1588
1588
1590
1590
1591
1592
1594
1594
1596
1598
1598
1598
1601
1602
1602
1603
1604
1604
1607
1607
1608
1608
1609
1611
1611
1612
1613
1616
1616
1618
1618
1619
1619
1622
1622
1622
1623
1625
1626
1627
1627
1630
1630
1630
1633
1633
1635
1635
1636
1637
1637
1640
1640
1641
1642
1644
1644
1646
1646
1647
1649
1649
1649
1652
1652
1653
1653
1655
1656
1657
1658
1658
1660
1660
1662
1663
1664
1664
1667
1667
1668
1669
1669
1671
1673
1673
1674
1675
1676
1677
1679
1679
1680
1682
1682
1684
1685
1685
1686
1687
1688
1688
1690
1691
1692
1693
1694
1695
1696
1696
1697
1699
1700
1701
1702
1704
1705
1705
1706
1708
1708
1709
1709
1712
1713
1713
1714
1715
1716
1718
1718
1720
1721
1722
1722
1723
1724
1725
1726
1727
1728
1729
1730
1731
1732
1734
1734
1735
1736
1736
1739
1740
1740
1741
1741
1743
1744
1745
1745
1747
1749
1749
1750
1750
1752
1753
1754
1755
1757
1757
1757
1758
1759
1760
1763
1763
1765
1765
1765
1767
1768
1769
1771
1772
1772
1774
1774
1775
1775
1778
1778
1780
1781
1781
1781
1783
1785
1785
1785
1787
1788
1789
1790
1791
1792
1793
1794
1795
1795
1797
1797
1798
1800
1802
1802
1803
1805
1805
1805
1806
1808
1809
1809
1810
1813
1813
1815
1815
1817
1818
1818
1818
1820
1821
1822
1823
1824
1825
1826
1827
1829
1830
1830
1832
1832
1833
1834
1835
1837
1837
1838
1839
1839
1841
1843
1843
1843
1844
1845
1846
1847
1849
1849
1851
1851
1854
1854
1854
1856
1856
1858
1859
1860
1862
1862
1862
1864
1864
1866
1867
1868
1869
1869
1872
1872
1872
1873
1875
1875
1878
1878
1879
1880
1880
1881
1884
1885
1886
1887
1887
1887
1889
1890
1890
1893
1893
1894
1894
1895
1898
1899
1899
1901
1901
1902
1902
1904
1906
1907
1907
1908
1908
1909
1912
1912
1913
1914
1915
1916
1917
1918
1919
1920
1921
1921
1923
1923
1925
1925
1926
1929
1930
1931
1931
1932
1934
1935
1936
1937
1937
1937
1938
1941
1942
1942
1943
1944
1944
1947
1948
1948
1949
1951
1951
1952
1954
1954
1956
1956
1957
1959
1959
1960
1961
1961
1964
1964
1964
1966
1968
1968
1968
1969
1972
1973
1973
1974
1975
1977
1977
1977
1980
1980
1981
1982
1983
1983
1984
1985
1988
1988
1988
1990
1992
1993
1993
1994
1995
1997
1997
1997
2000
2000
arquivo ordenado pelo algoritmo insertionsort tempo da ordenação = 0 milisegundos

