0
2
3
5
6
6
6
7
10
11
12
13
14
15
15
15
16
17
20
21
21
21
23
24
25
27
27
28
28
31
31
32
34
34
35
36
37
38
40
40
41
42
43
44
46
47
48
48
49
49
50
52
53
55
55
56
57
58
60
61
61
62
62
64
65
66
66
67
69
70
71
72
73
74
75
76
76
78
79
80
81
82
83
84
86
86
88
89
90
91
91
92
93
95
95
96
96
99
99
100
102
102
103
103
106
106
106
108
109
109
111
112
113
113
115
116
118
118
118
119
121
123
124
124
125
126
127
128
130
130
131
131
134
134
135
136
136
137
140
141
141
142
142
145
146
147
147
148
149
150
150
153
153
154
155
155
157
157
159
159
160
163
163
165
166
166
166
167
169
170
172
172
173
175
175
176
178
179
179
179
182
182
182
183
185
185
188
188
189
189
191
192
192
194
195
197
197
199
199
200
201
202
204
204
205
206
206
207
209
211
211
211
213
214
216
217
218
218
220
220
221
222
223
224
224
225
227
228
229
231
231
233
233
234
235
236
238
239
240
240
241
241
244
245
246
246
247
248
249
251
252
252
252
253
255
256
257
257
259
260
262
262
263
265
266
267
267
269
269
270
271
272
273
274
275
276
277
278
279
280
281
282
283
284
285
285
286
289
289
290
290
291
292
295
295
296
297
298
298
300
301
302
304
304
304
307
308
308
308
309
311
313
314
315
315
315
316
318
319
320
320
323
324
324
325
327
327
328
328
331
331
332
334
335
335
335
337
337
340
341
341
342
344
344
344
345
348
348
349
350
351
351
352
353
356
356
357
358
359
360
361
362
364
364
364
365
368
369
369
370
371
372
374
375
375
375
378
379
379
380
381
382
383
384
385
385
387
388
390
390
391
392
393
395
395
395
398
398
398
400
401
401
404
405
406
406
407
409
409
410
412
413
414
415
415
415
418
419
420
421
421
422
424
425
426
426
426
427
430
430
431
432
434
435
436
437
437
439
439
440
442
442
442
445
446
446
446
449
449
451
452
452
454
454
455
455
457
458
458
460
461
462
464
465
466
466
468
468
470
470
472
472
473
475
475
477
477
478
479
480
481
483
483
485
485
486
487
489
489
489
490
492
493
495
495
495
498
498
500
500
501
503
503
504
506
507
507
509
509
509
510
511
513
514
514
516
516
517
519
520
521
521
523
524
525
525
526
527
530
531
532
533
533
534
534
535
536
537
540
540
541
543
543
544
544
546
546
548
550
550
551
551
552
554
554
555
558
558
559
561
561
561
563
564
565
566
568
568
569
570
570
572
573
574
574
577
578
578
578
581
581
581
583
584
584
586
587
587
588
591
592
592
593
594
594
595
598
598
599
600
601
601
603
604
606
606
607
607
608
610
610
612
614
614
616
616
617
618
619
619
621
622
623
624
626
627
627
628
630
631
631
632
632
634
634
635
637
638
639
641
642
642
643
644
645
647
647
648
649
649
651
652
652
654
655
656
656
657
659
660
660
663
663
664
665
667
668
669
669
669
671
672
674
674
674
677
677
677
679
679
681
681
683
684
685
686
686
688
689
690
691
691
694
694
695
696
697
698
698
701
701
702
703
705
706
707
707
708
709
710
711
712
712
714
715
717
717
718
720
720
721
723
723
724
725
726
727
729
729
730
730
733
733
735
735
736
737
738
739
740
741
742
743
744
744
746
747
749
749
750
751
751
752
754
754
756
756
758
759
759
760
762
764
764
765
766
766
767
768
770
770
771
773
774
774
775
778
778
780
781
782
782
782
783
785
786
787
788
788
789
791
791
792
793
796
796
797
798
800
801
802
802
803
804
805
805
807
808
810
811
812
812
813
813
816
817
817
818
819
821
821
823
824
824
824
827
827
828
829
829
831
832
832
833
836
836
837
839
839
840
841
842
842
844
845
846
847
848
850
850
850
851
852
853
854
856
857
858
859
859
861
862
863
864
866
866
866
868
868
871
872
873
873
873
875
876
877
878
878
879
882
882
883
883
886
887
888
888
889
891
891
893
893
893
895
896
898
899
899
900
901
902
902
904
904
906
908
908
909
909
912
913
913
914
914
916
916
918
919
920
922
923
923
924
924
925
927
928
930
930
931
932
934
934
936
936
937
938
939
940
940
941
943
944
944
946
948
948
949
950
950
953
953
954
955
956
956
957
959
961
961
962
964
965
965
967
967
968
969
971
971
971
974
974
975
975
977
977
979
980
981
982
984
984
984
987
987
988
990
990
991
991
994
994
995
995
996
998
999
999
1000
1003
1003
1003
1006
1006
1007
1008
1008
1010
1011
1013
1014
1014
1015
1017
1018
1018
1019
1020
1020
1022
1023
1023
1024
1026
1027
1027
1030
1031
1031
1033
1033
1033
1034
1036
1038
1038
1039
1040
1040
1042
1044
1045
1045
1046
1047
1047
1050
1050
1051
1051
1054
1055
1055
1056
1057
1058
1059
1061
1062
1063
1064
1064
1065
1066
1067
1069
1069
1069
1071
1072
1073
1074
1075
1076
1077
1079
1079
1080
1080
1081
1082
1085
1085
1086
1088
1088
1089
1091
1091
1092
1093
1094
1095
1097
1097
1099
1100
1100
1102
1103
1103
1103
1105
1106
1106
1107
1109
1110
1111
1112
1114
1114
1115
1115
1117
1117
1119
1120
1121
1121
1123
1123
1125
1126
1126
1127
1130
1131
1131
1133
1133
1134
1136
1136
1137
1138
1140
1140
1141
1142
1144
1144
1144
1146
1148
1148
1150
1151
1151
1153
1153
1154
1154
1156
1157
1157
1159
1159
1161
1161
1163
1164
1165
1165
1166
1167
1170
1171
1172
1172
1173
1173
1175
1177
1177
1177
1179
1179
1181
1182
1182
1183
1184
1186
1186
1188
1190
1190
1191
1192
1194
1195
1195
1195
1198
1198
1199
1200
1201
1201
1203
1203
1204
1206
1207
1208
1210
1211
1211
1212
1214
1214
1215
1215
1218
1218
1220
1220
1221
1222
1222
1223
1224
1226
1227
1228
1229
1230
1231
1231
1234
1234
1235
1235
1237
1239
1240
1240
1241
1241
1244
1244
1245
1245
1247
1248
1249
1249
1250
1253
1253
1254
1255
1256
1256
1257
1260
1260
1262
1262
1263
1264
1266
1266
1267
1268
1269
1270
1270
1271
1273
1275
1275
1275
1276
1277
1279
1280
1281
1282
1283
1283
1284
1285
1286
1289
1289
1290
1290
1292
1293
1294
1296
1297
1297
1297
1299
1300
1301
1302
1304
1304
1305
1306
1306
1309
1309
1310
1312
1312
1313
1313
1315
1316
1316
1318
1320
1320
1321
1322
1323
1324
1325
1326
1326
1327
1330
1330
1331
1333
1333
1333
1335
1336
1338
1338
1339
1339
1341
1341
1342
1343
1344
1347
1347
1348
1348
1350
1350
1351
1354
1355
1355
1355
1357
1357
1358
1360
1362
1362
1363
1364
1364
1365
1368
1368
1369
1369
1370
1373
1373
1373
1376
1377
1377
1378
1379
1380
1381
1382
1382
1385
1385
1386
1387
1389
1390
1390
1391
1392
1393
1394
1395
1395
1397
1397
1398
1401
1401
1402
1403
1403
1406
1406
1407
1408
1408
1409
1410
1411
1413
1414
1415
1415
1416
1418
1419
1420
1420
1421
1424
1425
1425
1426
1426
1429
1430
1431
1431
1431
1432
1433
1435
1437
1438
1438
1438
1439
1441
1442
1442
1444
1446
1447
1447
1449
1449
1451
1452
1452
1453
1453
1455
1456
1457
1457
1459
1460
1461
1462
1463
1463
1465
1465
1467
1468
1469
1470
1470
1472
1474
1475
1476
1476
1477
1479
1479
1480
1482
1482
1483
1485
1485
1486
1488
1488
1488
1490
1491
1491
1492
1493
1495
1496
1497
1498
1499
1500
1501
1502
1504
1505
1506
1507
1507
1508
1509
1510
1511
1512
1512
1514
1515
1516
1517
1518
1519
1520
1521
1522
1522
1523
1525
1526
1526
1527
1528
1529
1531
1532
1532
1534
1535
1536
1537
1538
1539
1540
1540
1542
1544
1544
1545
1546
1546
1547
1549
1551
1552
1552
1553
1554
1555
1557
1557
1558
1558
1560
1561
1562
1562
1565
1566
1566
1566
1568
1569
1570
1572
1573
1574
1575
1575
1576
1577
1579
1580
1580
1581
1582
1583
1585
1586
1587
1588
1588
1590
1591
1592
1592
1593
1593
1594
1596
1597
1598
1598
1601
1601
1602
1604
1604
1605
1606
1607
1608
1610
1611
1612
1613
1614
1614
1615
1616
1616
1618
1619
1619
1621
1622
1623
1624
1626
1626
1627
1629
1629
1629
1631
1631
1633
1633
1636
1637
1637
1639
1639
1640
1642
1642
1643
1644
1645
1645
1647
1649
1650
1650
1652
1652
1654
1654
1656
1656
1657
1659
1659
1659
1660
1663
1663
1663
1664
1667
1668
1668
1669
1670
1671
1671
1672
1673
1674
1676
1677
1679
1679
1679
1681
1683
1684
1684
1685
1686
1687
1687
1690
1691
1691
1693
1693
1694
1695
1696
1698
1699
1699
1700
1702
1703
1703
1704
1705
1705
1708
1709
1709
1710
1712
1712
1714
1714
1715
1717
1717
1718
1719
1720
1720
1722
1723
1724
1726
1726
1728
1728
1729
1730
1730
1732
1733
1734
1735
1736
1736
1738
1738
1741
1741
1742
1743
1744
1745
1746
1747
1747
1748
1750
1750
1752
1752
1754
1755
1755
1757
1759
1759
1761
1762
1762
1763
1765
1766
1766
1767
1768
1769
1769
1770
1773
1774
1774
1775
1776
1777
1778
1778
1780
1781
1782
1782
1784
1785
1786
1788
1789
1789
1789
1791
1792
1793
1793
1795
1796
1797
1798
1799
1799
1801
1802
1802
1804
1806
1806
1807
1808
1810
1810
1811
1812
1813
1814
1815
1816
1816
1818
1818
1820
1822
1822
1823
1824
1826
1827
1828
1828
1829
1830
1830
1833
1833
1834
1834
1837
1837
1837
1839
1841
1842
1842
1842
1844
1844
1845
1847
1848
1850
1851
1851
1852
1853
1854
1855
1855
1857
1858
1858
1860
1861
1862
1863
1865
1865
1866
1867
1867
1869
1869
1870
1871
1872
1873
1874
1876
1876
1878
1879
1881
1882
1883
1883
1884
1884
1885
1888
1888
1889
1889
1891
1892
1893
1894
1895
1895
1896
1899
1899
1900
1901
1902
1903
1904
1905
1906
1906
1908
1908
1910
1911
1912
1913
1913
1915
1915
1917
1918
1919
1920
1921
1922
1923
1923
1925
1927
1927
1929
1929
1930
1931
1931
1932
1934
1935
1936
1937
1938
1939
1939
1941
1942
1942
1945
1945
1947
1947
1948
1949
1950
1951
1952
1954
1954
1955
1955
1956
1957
1958
1959
1961
1963
1963
1964
1965
1965
1967
1968
1970
1970
1972
1972
1973
1973
1975
1975
1977
1977
1979
1981
1981
1982
1982
1984
1984
1985
1986
1988
1988
1989
1992
1992
1993
1993
1994
1997
1998
1998
1999
2000
2000
2001
2002
2004
2005
2006
2007
2008
2009
2011
2012
2012
2013
2013
2015
2016
2017
2018
2019
2020
2021
2021
2022
2023
2025
2025
2027
2028
2029
2029
2032
2032
2032
2033
2035
2036
2036
2039
2039
2039
2042
2042
2044
2045
2045
2045
2047
2047
2049
2051
2051
2052
2052
2055
2055
2056
2057
2058
2058
2060
2061
2062
2063
2065
2065
2065
2067
2069
2070
2071
2072
2073
2073
2073
2075
2076
2077
2078
2079
2079
2081
2083
2084
2085
2085
2086
2087
2088
2090
2091
2091
2092
2092
2093
2094
2095
2096
2098
2100
2101
2101
2102
2102
2104
2105
2107
2108
2108
2109
2109
2110
2111
2113
2115
2116
2117
2117
2118
2118
2120
2121
2121
2123
2124
2124
2126
2127
2128
2129
2130
2131
2133
2133
2134
2134
2137
2137
2138
2139
2140
2141
2141
2142
2145
2145
2146
2147
2149
2149
2149
2151
2151
2152
2153
2154
2157
2157
2158
2158
2159
2161
2162
2162
2164
2165
2165
2166
2168
2169
2169
2171
2171
2173
2175
2176
2177
2178
2179
2180
2180
2181
2181
2184
2185
2186
2187
2187
2187
2189
2190
2191
2193
2193
2194
2195
2195
2197
2198
2199
2200
2200
2201
2203
2204
2205
2206
2207
2208
2209
2210
2211
2212
2212
2215
2215
2216
2218
2219
2219
2219
2220
2221
2222
2225
2226
2226
2227
2229
2230
2230
2230
2231
2232
2235
2235
2235
2236
2237
2239
2241
2241
2242
2242
2243
2244
2246
2246
2248
2249
2251
2252
2252
2252
2254
2255
2256
2256
2259
2259
2260
2261
2262
2262
2265
2266
2266
2266
2268
2269
2270
2271
2272
2272
2274
2276
2277
2277
2278
2279
2280
2280
2281
2282
2283
2285
2286
2287
2289
2289
2289
2291
2292
2292
2294
2295
2297
2298
2298
2298
2299
2301
2301
2304
2304
2306
2307
2307
2309
2310
2310
2310
2311
2313
2313
2314
2315
2318
2319
2320
2321
2322
2322
2324
2324
2325
2326
2326
2327
2329
2330
2330
2331
2333
2334
2336
2336
2336
2338
2339
2339
2340
2342
2342
2344
2345
2346
2348
2349
2349
2350
2351
2352
2354
2355
2355
2356
2356
2357
2359
2360
2361
2362
2362
2363
2365
2367
2368
2368
2369
2370
2371
2372
2373
2375
2375
2376
2377
2377
2378
2381
2381
2381
2383
2384
2384
2386
2386
2387
2388
2390
2391
2393
2394
2394
2394
2397
2397
2397
2398
2400
2401
2401
2402
2405
2406
2407
2407
2408
2408
2411
2411
2412
2412
2413
2415
2415
2416
2418
2419
2419
2421
2423
2424
2425
2425
2425
2427
2429
2429
2430
2431
2432
2434
2434
2434
2435
2437
2439
2440
2440
2442
2442
2443
2443
2446
2446
2447
2447
2448
2449
2450
2453
2453
2454
2456
2456
2456
2457
2458
2461
2462
2462
2463
2463
2465
2466
2467
2469
2469
2469
2471
2472
2474
2474
2475
2477
2477
2478
2478
2480
2481
2481
2483
2484
2485
2486
2487
2488
2489
2490
2491
2491
2494
2495
2495
2495
2497
2498
2499
2499
2500
2503
2503
2504
2504
2506
2506
2507
2509
2510
2511
2513
2513
2513
2514
2516
2517
2519
2519
2520
2522
2522
2522
2525
2525
2526
2527
2529
2529
2530
2532
2532
2533
2535
2535
2536
2537
2537
2539
2540
2541
2542
2543
2544
2545
2546
2546
2547
2549
2549
2551
2552
2552
2555
2555
2556
2558
2558
2559
2560
2561
2562
2562
2564
2565
2565
2566
2568
2569
2569
2570
2572
2573
2573
2576
2576
2577
2578
2579
2579
2581
2582
2583
2584
2585
2587
2587
2587
2590
2591
2591
2592
2593
2593
2595
2596
2597
2598
2599
2600
2601
2601
2602
2603
2604
2606
2608
2609
2610
2610
2612
2613
2614
2614
2615
2615
2618
2618
2618
2620
2622
2622
2624
2624
2626
2626
2627
2627
2630
2630
2631
2631
2633
2634
2635
2636
2637
2637
2639
2640
2642
2642
2643
2645
2645
2646
2646
2648
2649
2650
2652
2653
2653
2653
2654
2656
2657
2659
2659
2659
2660
2661
2663
2664
2665
2665
2666
2668
2669
2671
2671
2672
2673
2673
2674
2675
2677
2677
2679
2680
2681
2682
2683
2683
2685
2686
2687
2688
2690
2690
2691
2692
2692
2694
2694
2696
2697
2697
2700
2700
2701
2702
2702
2704
2705
2706
2708
2708
2710
2710
2710
2712
2713
2715
2715
2716
2717
2719
2719
2719
2722
2722
2724
2724
2725
2725
2726
2728
2729
2729
2731
2732
2732
2734
2735
2736
2737
2738
2739
2741
2742
2742
2743
2743
2745
2745
2747
2747
2748
2749
2752
2753
2754
2754
2755
2757
2757
2759
2759
2760
2761
2761
2763
2763
2766
2766
2768
2768
2770
2770
2770
2772
2773
2774
2775
2776
2776
2778
2779
2779
2781
2782
2783
2783
2784
2786
2787
2788
2790
2791
2791
2792
2793
2794
2795
2795
2796
2799
2799
2800
2801
2801
2803
2804
2805
2806
2807
2808
2810
2811
2811
2811
2813
2814
2814
2816
2818
2818
2818
2820
2821
2823
2823
2825
2825
2826
2828
2829
2829
2830
2831
2831
2833
2834
2835
2836
2838
2839
2840
2840
2841
2841
2843
2844
2844
2847
2848
2849
2849
2850
2851
2852
2854
2854
2855
2856
2857
2859
2859
2860
2861
2861
2863
2865
2866
2866
2867
2869
2869
2870
2870
2873
2873
2874
2874
2875
2877
2878
2879
2879
2882
2882
2883
2885
2885
2886
2886
2887
2889
2890
2891
2892
2893
2893
2896
2897
2898
2899
2899
2899
2900
2901
2902
2903
2904
2905
2906
2908
2908
2909
2911
2913
2913
2914
2915
2915
2918
2918
2919
2920
2921
2922
2923
2923
2926
2926
2928
2928
2929
2930
2930
2933
2933
2934
2936
2936
2937
2937
2938
2941
2941
2943
2944
2944
2944
2947
2947
2948
2949
2950
2951
2953
2953
2954
2955
2956
2957
2957
2959
2959
2962
2963
2963
2964
2965
2965
2966
2967
2969
2970
2970
2973
2973
2973
2975
2976
2977
2978
2978
2980
2982
2983
2984
2984
2985
2985
2987
2988
2988
2990
2991
2991
2993
2995
2995
2995
2998
2998
2999
3000
3001
3002
3002
3003
3006
3007
3008
3009
3009
3009
3010
3012
3012
3013
3015
3016
3016
3017
3020
3021
3022
3022
3022
3024
3024
3027
3027
3027
3030
3031
3031
3031
3033
3033
3035
3035
3038
3038
3038
3040
3041
3041
3044
3045
3045
3045
3046
3049
3049
3049
3051
3052
3054
3055
3055
3056
3058
3058
3059
3060
3060
3061
3064
3064
3065
3066
3067
3068
3068
3071
3072
3072
3073
3074
3074
3077
3078
3078
3080
3080
3082
3082
3084
3084
3085
3086
3087
3087
3088
3089
3092
3092
3094
3094
3095
3095
3097
3097
3099
3100
3100
3102
3104
3104
3104
3107
3107
3107
3108
3110
3111
3113
3113
3114
3115
3117
3117
3118
3118
3120
3121
3122
3122
3124
3125
3126
3128
3129
3130
3130
3130
3133
3133
3134
3134
3135
3137
3138
3139
3139
3141
3141
3142
3145
3145
3146
3148
3148
3149
3149
3151
3152
3152
3153
3154
3156
3158
3158
3159
3160
3160
3162
3162
3163
3166
3167
3167
3168
3170
3171
3172
3172
3172
3174
3175
3175
3177
3178
3179
3181
3182
3182
3182
3185
3185
3186
3187
3188
3188
3190
3190
3191
3192
3194
3196
3197
3197
3197
3199
3200
3200
3203
3204
3204
3204
3206
3208
3208
3208
3209
3211
3213
3214
3214
3216
3216
3217
3218
3219
3219
3222
3223
3223
3224
3225
3226
3226
3227
3229
3230
3231
3231
3233
3234
3235
3236
3237
3237
3238
3239
3242
3243
3244
3244
3244
3246
3247
3248
3249
3250
3251
3252
3252
3254
3254
3256
3257
3259
3260
3261
3262
3262
3264
3264
3266
3266
3266
3269
3270
3270
3272
3272
3272
3274
3275
3276
3277
3278
3279
3280
3280
3283
3284
3284
3285
3285
3287
3288
3288
3289
3290
3293
3293
3293
3295
3296
3297
3298
3299
3300
3300
3301
3302
3303
3305
3306
3308
3309
3309
3311
3311
3313
3314
3314
3314
3315
3318
3318
3319
3321
3322
3323
3324
3324
3324
3325
3327
3328
3329
3330
3331
3333
3333
3334
3334
3335
3338
3338
3339
3339
3340
3342
3343
3344
3345
3345
3347
3347
3349
3350
3350
3352
3353
3354
3355
3355
3357
3358
3358
3361
3361
3362
3363
3364
3365
3366
3367
3369
3369
3370
3370
3371
3372
3373
3374
3376
3377
3378
3380
3380
3381
3382
3382
3383
3386
3386
3387
3387
3389
3390
3392
3392
3392
3395
3395
3396
3397
3398
3399
3400
3402
3402
3403
3403
3406
3407
3407
3408
3408
3410
3411
3412
3413
3414
3415
3417
3417
3417
3418
3419
3420
3421
3422
3424
3426
3426
3428
3428
3429
3430
3430
3432
3433
3434
3435
3437
3438
3438
3439
3441
3441
3443
3443
3443
3446
3446
3446
3447
3449
3449
3450
3453
3453
3453
3454
3456
3457
3458
3458
3459
3461
3462
3462
3464
3465
3466
3466
3467
3468
3470
3472
3472
3473
3474
3475
3477
3477
3478
3478
3479
3480
3482
3482
3485
3485
3486
3486
3488
3489
3490
3492
3493
3493
3494
3496
3496
3497
3497
3499
3501
3502
3502
3502
3504
3505
3506
3507
3508
3509
3509
3511
3512
3514
3514
3514
3516
3517
3519
3519
3520
3521
3522
3523
3524
3526
3526
3527
3528
3530
3530
3531
3532
3532
3534
3535
3535
3537
3539
3539
3540
3541
3542
3543
3544
3544
3546
3546
3548
3548
3549
3550
3551
3553
3554
3555
3556
3557
3559
3560
3560
3561
3562
3562
3563
3565
3566
3567
3568
3570
3570
3571
3571
3572
3574
3576
3576
3578
3579
3579
3580
3580
3582
3582
3585
3585
3586
3587
3587
3590
3590
3591
3593
3593
3593
3596
3596
3596
3598
3599
3600
3601
3602
3603
3604
3604
3606
3606
3609
3610
3610
3612
3613
3613
3614
3616
3616
3616
3617
3620
3620
3621
3623
3623
3624
3625
3625
3626
3628
3628
3631
3632
3632
3633
3634
3634
3635
3636
3638
3639
3641
3641
3641
3644
3644
3644
3647
3648
3648
3650
3650
3650
3651
3654
3655
3656
3657
3657
3659
3659
3660
3662
3662
3662
3663
3664
3666
3667
3667
3668
3670
3671
3672
3673
3673
3674
3676
3678
3678
3679
3681
3681
3682
3682
3684
3685
3687
3687
3688
3688
3689
3690
3691
3693
3694
3694
3696
3698
3698
3698
3700
3701
3702
3702
3705
3705
3706
3706
3708
3709
3709
3711
3712
3714
3714
3714
3715
3718
3719
3719
3719
3720
3722
3723
3724
3725
3725
3727
3728
3728
3731
3732
3732
3733
3733
3735
3737
3738
3738
3739
3740
3742
3743
3743
3745
3745
3747
3748
3748
3750
3750
3751
3751
3752
3754
3754
3756
3757
3759
3759
3761
3762
3762
3763
3765
3766
3767
3768
3769
3769
3769
3771
3772
3772
3774
3775
3776
3777
3778
3779
3779
3780
3783
3783
3784
3784
3786
3788
3789
3790
3790
3792
3792
3792
3793
3796
3797
3797
3798
3800
3801
3802
3802
3803
3803
3805
3806
3807
3808
3809
3809
3811
3812
3813
3813
3814
3816
3817
3818
3818
3820
3821
3821
3824
3825
3826
3826
3827
3828
3829
3830
3831
3832
3833
3835
3835
3835
3837
3838
3838
3839
3842
3842
3843
3843
3844
3846
3847
3849
3849
3851
3851
3851
3852
3853
3855
3856
3856
3857
3859
3860
3861
3862
3862
3864
3864
3867
3868
3869
3869
3871
3872
3872
3874
3875
3875
3876
3877
3879
3880
3880
3881
3881
3884
3885
3885
3885
3886
3888
3889
3890
3891
3891
3894
3894
3895
3896
3897
3899
3900
3901
3902
3902
3903
3904
3905
3906
3907
3908
3909
3909
3910
3912
3912
3914
3914
3917
3917
3918
3920
3920
3920
3921
3923
3924
3924
3927
3927
3928
3930
3931
3932
3932
3933
3934
3935
3935
3938
3938
3939
3940
3942
3942
3943
3945
3945
3946
3946
3948
3950
3950
3951
3953
3953
3954
3954
3955
3956
3959
3960
3961
3961
3963
3963
3963
3965
3966
3967
3968
3969
3970
3972
3972
3972
3974
3975
3975
3977
3979
3979
3979
3981
3982
3983
3983
3985
3986
3988
3988
3989
3991
3991
3993
3993
3993
3994
3996
3997
3998
4000
4000
arquivo ordenado pelo algoritmo insertionsort tempo da ordenação = 0 milisegundos

