8000
12630
4155
9167
12532
7044
1952
1032
13713
5493
4179
13305
14920
7178
13883
14006
8519
13616
13549
6195
4529
2072
14466
6175
13272
10029
9353
13831
4482
470
4960
13095
1452
13467
6262
13984
8864
8214
15016
10929
13708
3195
8235
980
14725
10470
14986
11597
8086
888
6144
12616
2960
4610
7143
4584
2991
4848
6767
11826
9670
79
8921
11122
13547
3536
9106
10763
102
12474
5692
2162
4021
2279
3143
7098
12750
6481
2695
4836
7369
8839
5804
14681
1802
1299
7617
4793
6147
14384
619
15817
14464
13893
10939
363
1429
8397
11126
5883
9223
5170
8046
13244
7450
11189
4343
4200
6022
11390
13388
13392
4230
7545
12073
6032
8844
8043
15177
14992
6427
4149
3161
9243
6394
2453
9606
12175
10850
9084
2058
4074
14255
10104
5670
5705
9645
10013
14257
15668
5404
15997
1412
13986
7542
1837
8370
4739
9880
7547
3731
308
48
11244
9551
6442
13697
7510
2617
8548
594
4676
974
14849
3132
6644
8906
12778
5010
11515
798
14766
11513
2210
12752
7407
4047
5122
12146
13928
1021
4229
2588
1070
15474
491
7512
13171
8001
10130
10071
8596
3158
11045
11797
6290
6042
9056
7420
11052
4571
8218
14170
4436
14780
15274
11844
7180
8748
7990
9460
9769
12220
12048
15191
46
12539
6704
1569
8893
5186
11641
5841
8344
11038
5990
2986
1080
15046
10407
484
7970
6977
3006
12406
5758
2280
12602
1290
11028
8945
10750
9150
9517
6798
8341
9563
7689
3397
11132
4934
8583
6773
10775
5279
6164
766
8266
11596
4164
7025
12081
12134
14002
3439
12893
8112
5720
9495
9402
748
2440
4152
9898
11957
15302
2240
9872
11344
9989
5005
278
2573
130
11054
12204
6294
172
4470
6243
4336
11495
6676
4823
13850
10115
1716
5962
15835
15563
15365
4936
6356
7869
3186
6665
7172
9778
538
2516
3768
9895
2794
6341
14377
2200
2545
9024
2372
11368
15267
11061
11215
5943
15884
9065
58
5952
15028
4246
5515
2745
9182
223
10614
12368
6889
6138
6147
11779
8654
9915
10026
15801
4608
12755
2001
7153
5779
8726
6873
9398
3787
2089
15341
3671
15506
3752
9623
14534
7998
3490
5631
5532
3714
4598
1900
14955
10736
12399
15086
3391
6314
13464
3192
10922
10219
9545
6428
15999
2271
1653
13749
6058
3742
13091
14081
3249
5195
7704
6135
13193
11195
119
2725
3261
4717
8977
6568
15453
5377
5654
2844
43
3118
10388
15318
13337
8286
5746
1688
10557
7399
15438
4968
15494
881
3049
7095
6076
15106
1582
7621
14653
1701
14698
1914
6418
7675
8482
5872
1404
2488
13068
1448
5606
11809
766
7295
4095
10864
13336
3004
6615
1126
12324
10461
2007
3726
1556
12435
2832
7491
4056
1485
9192
2754
7751
3963
14781
233
9835
4538
7073
11255
5986
1031
11416
11104
8326
3863
5968
10014
6868
935
11140
7544
11397
1499
11270
1305
13934
14102
8796
6342
3939
6341
13448
11690
10304
12230
11923
4139
5120
7348
3746
11106
8379
15163
10562
5058
3026
4882
15072
14246
5817
14565
10143
5566
64
5413
6872
2351
7868
4020
8693
11807
10361
6142
7498
4665
6724
7773
13156
11844
15122
5255
11302
7501
4418
5864
12559
11796
15098
15984
14395
4915
2901
8538
14834
2965
13951
10058
5316
5819
14078
2362
1627
8440
12856
13477
1457
7932
5250
14614
3776
8724
8221
3430
226
12639
13646
1137
12787
12744
5473
11182
6011
8374
3720
4845
15692
6024
14903
9360
11843
1334
11722
1822
9774
8578
3651
15583
4862
8902
2549
8638
1626
10770
420
6204
11761
2418
11694
8549
15162
1167
3731
9526
9542
11804
14371
13586
1828
1627
6946
2023
2961
2669
8198
1087
15599
201
670
4462
9103
7572
1452
15082
2342
6225
9638
14104
8643
5332
11005
12158
10852
14736
5684
4394
14892
8407
6332
5072
14386
13278
11448
1347
4299
7998
2434
3899
8199
7457
12713
5655
15029
2517
4737
5723
8742
14375
3827
5738
8060
14832
1896
2912
1921
11932
11658
5165
8691
1990
10238
7078
15268
10038
8425
3568
2036
15212
11819
10235
11021
12884
15890
14402
15401
8979
4125
12496
11707
12305
2234
3767
15489
8482
11031
5762
8766
6689
10928
1457
13031
9518
8535
12299
7908
5313
4219
9944
4525
4390
8531
3898
1274
8422
2300
676
5753
10777
13172
1460
7082
3758
9579
10924
592
8962
686
9358
15651
15966
10815
1034
13836
3351
1686
5744
13016
5905
15688
1541
10296
8220
9791
11570
4994
443
598
15099
11220
2122
4912
6655
5880
14491
1579
6472
11806
6617
4182
15809
6584
14998
844
4420
6701
2530
10165
3717
8435
14205
9610
7083
10777
3401
7006
15771
3844
7604
3223
3416
9727
8135
10071
3959
10978
2
14784
6784
6620
2966
6594
1556
1964
7438
5976
13017
14320
4493
734
11107
2699
10344
2191
1828
2097
9197
5952
10293
5153
9175
13710
3232
1310
12133
7192
12288
12136
5976
7425
7108
13294
14019
8664
15259
9809
2992
628
12481
11838
1363
7588
2889
59
9779
4717
2157
7328
10669
802
834
3844
14512
4066
9506
14998
15610
5795
15486
9938
1572
6594
7233
3943
3610
10844
2104
10954
11472
14585
6792
1187
6173
14033
1247
4305
2751
7756
15985
1772
8558
819
5617
7071
9238
15123
10421
13200
9270
9907
7139
15194
4853
14372
3137
8463
13568
5241
7769
9040
3826
2914
10228
14352
947
15827
2657
8050
7583
6994
9823
141
12166
3792
11564
5404
2915
5985
2604
538
15892
14095
15732
4745
12467
7222
1560
10035
12463
13682
7428
4642
596
6008
2994
5895
5835
10003
13946
13418
997
12121
13559
13163
15913
13476
2567
7180
3461
9524
12070
7706
7619
11803
12451
8439
7377
2364
6826
3840
46
14254
8482
4994
8614
15828
10889
14449
9831
13187
219
10829
9308
2131
7992
13573
15607
14912
4754
3068
12788
824
15126
4407
979
15930
1198
8356
2294
8025
549
6692
10631
13383
11686
3246
13212
10927
6047
7043
8115
6267
6224
5775
8398
14217
3349
12357
1481
12455
3777
14269
1631
2904
2676
6963
2834
8227
3671
5128
252
4220
172
10883
5956
11858
2481
3168
11137
12881
14563
7604
3148
9140
13380
15898
7357
5081
12255
13190
5888
32
11459
7519
2936
2487
2834
10122
10714
6506
3602
10966
15078
3774
10202
5034
3984
1035
12554
15122
13916
15470
6726
5416
8610
8458
5314
4319
1891
5921
1509
12131
10306
12968
3651
1594
15455
10837
11717
10170
1343
15319
9488
422
3094
8042
9808
7078
9078
6363
10552
11346
10185
5631
763
2795
2441
10429
7114
8685
351
8623
4816
10657
9943
12819
12251
9398
7657
12320
7920
9000
11640
5761
13774
3086
13803
7583
10164
11233
2298
9069
6580
835
14700
7343
3630
5493
6124
15096
14178
6475
12071
2995
5484
6014
15814
6088
3764
11823
2408
11685
4824
14048
1446
6950
1134
3601
2885
15651
14835
9535
13072
5415
10370
11772
1110
14000
5617
7234
1448
3796
2062
13519
11143
7546
3533
10957
13634
7298
6781
4395
7335
15957
6795
13133
11259
12282
734
14145
11933
3921
7680
9005
13688
2051
9129
14798
4403
14746
10385
5852
6894
12447
3371
2037
3993
11257
1347
5980
6907
12480
10375
2594
12437
5522
15727
7696
1804
4813
10193
13737
8735
6226
11094
6423
12629
8575
9574
1032
11674
3959
11236
2568
406
2960
8958
8751
2569
10305
3083
9476
6785
1810
12070
7574
7333
149
3622
9137
9314
13816
11227
6401
4042
10673
1177
671
3249
10751
6055
3275
3062
1292
10195
3468
8604
3153
571
11173
13458
3655
9001
4243
5465
5071
11817
12798
9572
15440
10288
2886
1608
5515
9288
10002
188
10465
10673
7789
5216
728
11064
8278
6372
5260
98
3328
12765
5021
14501
10224
8676
7502
2819
2494
925
2989
3644
10497
6781
13932
13384
8389
3447
6672
2391
7988
1137
1416
15777
10705
6496
15194
7335
12869
8806
11785
4549
5571
806
3051
15795
9483
14905
6967
329
15831
9956
3973
10328
737
6258
12064
13478
14057
7088
15869
6045
8225
1285
10175
7282
12133
9369
14617
13354
2175
10402
1904
12098
15561
4955
11894
9044
8212
2861
13725
8043
1169
1698
6724
1906
7956
7140
15384
10366
14229
3605
411
10806
9242
10586
2089
5375
8307
5058
2730
14834
3813
4634
10933
3374
13941
11179
770
10505
2392
14495
2549
3561
4545
13625
5467
854
4765
9203
11220
2994
12808
15983
2153
10402
14922
4242
15777
7229
13652
6859
10416
5817
15845
5349
9191
2138
4880
14313
12644
7272
1160
3545
10833
5706
1170
4652
10912
10287
13855
10484
13282
15015
10467
3787
9417
9389
8029
13546
4971
10033
8758
15387
15851
8603
9088
13394
10742
13968
11708
11738
9592
12868
15283
4425
6926
453
9077
1838
10740
11284
674
12374
10299
11142
161
8068
8883
12542
9966
13854
10928
2724
1593
10779
11328
15033
8173
10422
1353
8233
6160
10945
5102
5443
3722
380
10248
12799
6571
9340
12435
7245
5715
11086
6739
10228
3154
15623
11123
13121
1829
6051
15845
7775
830
15525
6808
13355
14299
8162
5589
4459
7459
15043
14254
11182
3775
8502
12333
10346
1843
8769
1592
11910
3855
12683
6138
11362
12306
5613
8483
2488
11664
12680
10263
12494
558
1071
14202
14857
13585
8143
3317
9397
11538
5923
4579
15313
14426
5264
9660
4621
14033
15604
4883
6241
639
15373
5955
12946
4987
14438
15434
651
15470
14049
1498
4380
3472
15700
3238
1058
12195
10907
14807
7733
830
7738
7046
3608
13002
5058
12581
15388
9014
1464
5629
9654
5190
11584
10952
10177
14374
14738
10828
2196
12787
12326
6577
4611
378
14167
10021
12573
9074
8828
8658
14256
566
15705
6217
13569
9115
7150
12957
6482
8615
6938
4488
2157
6874
15440
12334
9600
2530
7162
148
3669
7841
11077
8280
12571
9244
2302
13497
6670
11130
6155
9279
11697
10212
15496
13618
3328
10998
14927
14162
7965
5865
2650
10122
1091
6442
6456
10691
8972
1971
10839
993
9812
5917
9273
10735
3513
11575
8232
10184
11058
14388
7815
11107
8600
7311
8725
280
6661
7652
14442
14627
1869
5444
8749
2960
238
15206
2003
9210
1177
12842
14555
15341
7111
7829
10076
14977
7756
2309
9161
2814
697
5328
2273
13649
12639
10998
13930
3300
7002
724
6279
8871
10521
15029
183
10759
14235
2186
8322
3764
3381
6877
3105
14844
3058
13181
13821
10815
3842
11334
1981
8891
662
4255
6541
1653
15253
8823
9306
10608
13899
15585
3479
8420
14614
3663
7532
1201
10201
15854
4965
13582
6731
8070
779
14142
9604
14600
8957
13446
9935
10938
10690
14949
15193
1231
603
2799
14406
14261
13407
12305
13846
5238
9078
12461
13253
610
2014
7455
464
6980
9389
11547
15050
10168
9689
13006
13121
2646
14805
11408
1937
9495
10357
5482
15078
15312
12633
13484
13573
10040
9789
11420
3631
2867
12233
884
3477
14247
12691
8293
9579
10433
3841
12982
8953
1882
9988
6074
8881
8793
5834
10818
6640
192
4652
5718
3856
1286
3202
1430
15678
1344
1202
3309
4211
1787
4194
12041
4386
5237
4334
13966
15670
12527
10948
8624
14410
9288
3050
7291
6434
8885
6461
13074
13429
11113
7145
1285
751
10347
7067
430
11691
12621
3739
4255
14408
12285
296
7147
1523
8982
5113
5545
5510
4413
2521
8272
13701
9924
15563
4135
2809
10376
1210
4590
9841
8355
10227
10593
7054
1295
11023
7098
2268
3114
15705
5029
15400
4353
12176
5275
13335
5641
15172
7197
10054
1694
15469
7755
11618
15032
11891
2779
13760
1453
7369
7602
14160
1596
2195
9566
7243
1570
664
9512
4684
369
2893
4084
9074
15069
13711
6410
4710
12884
13607
3116
14578
13077
10871
14548
461
11114
1327
14222
919
13048
10176
3431
14644
12371
12998
10240
13941
2014
8104
6977
6736
10997
15414
15810
14418
13125
6220
7480
14361
8180
10596
1291
9609
9819
15839
10070
4934
5518
12644
10205
2566
6820
13637
1211
7543
14987
11451
9836
1001
3555
814
7737
2904
4580
11900
1322
6057
6472
8802
4419
14652
3398
5710
12613
13217
9902
11036
6503
15420
7680
5061
1987
2853
7050
7550
14748
6037
7353
8585
7038
10908
13751
3128
2164
2331
3380
3486
12740
9852
12288
1159
12857
4038
6870
9470
5607
5124
4506
463
4544
539
5524
6531
7744
12574
14081
6492
6963
9786
3429
14001
9046
1180
5481
11210
7863
8861
14696
4604
7066
15336
10115
3923
7726
5337
1745
13334
10461
6252
13797
15006
11143
7673
9889
2887
8599
12323
9379
15562
6109
12809
1915
15156
2341
11749
10366
14557
4610
13415
7513
28
12751
1628
3951
4478
6966
10049
6164
1427
301
8313
4785
11444
15986
3027
2683
8585
15350
414
12499
5459
1575
14414
8967
3917
10163
7686
6826
3126
5101
14339
3154
6204
4319
11458
15034
11285
5507
5198
1065
10160
1863
10202
9956
1849
13229
12639
14786
12579
13053
11285
6391
14629
14052
3710
6898
8215
11396
13724
11341
497
415
2848
11054
4734
2658
10088
4372
8165
3639
5437
6677
5502
3991
633
7352
1221
1624
10490
2152
14677
10128
12895
1658
8180
606
8556
4747
354
10632
89
852
15399
7289
11906
4134
9947
10346
8506
6464
13985
2295
13141
3488
10638
2126
15192
11859
3750
14034
2364
6779
8162
15259
12790
342
4217
9698
5090
4572
4331
9531
9776
3730
5172
10034
12216
15119
4380
9074
9935
6718
11369
11428
10206
6008
13554
13750
6219
5656
11784
12935
787
3947
547
13577
8641
4764
7276
2083
13688
15959
15966
11816
3689
5138
5850
4258
8609
14583
13332
2544
5301
13054
2324
3859
7414
15878
5961
13633
9886
1745
14921
10674
10044
15468
8251
7038
4232
15527
9121
6273
15486
13440
2089
7528
2578
12292
11786
15540
15227
13470
6436
8880
10524
8761
1091
1938
12991
7052
3924
6878
8797
2845
1552
2842
2313
14155
9880
10897
13683
7353
5522
1521
4793
11964
13401
11724
12608
9187
11264
11835
11010
1700
9067
5534
14813
10158
11825
11805
1210
4101
2683
14359
11298
8587
1201
13611
6742
15433
12860
8777
11139
6735
14651
15932
2699
12052
8
3659
9592
11272
3846
4602
1325
12913
14488
138
7071
10313
295
12633
14414
2978
10992
9712
15917
546
11675
11012
4331
12888
8141
15470
3623
6792
3755
10674
2845
3763
14333
12437
3388
2179
5391
9065
3444
3879
13555
10515
14193
13851
11500
959
5181
6492
15024
5099
11390
10699
4463
15722
11939
12604
3544
3914
3397
7299
14588
10594
15415
1273
7031
7155
7804
774
220
11248
4653
13775
10115
2846
11626
5615
8158
5160
460
7182
10259
11850
6233
14722
11572
2173
15678
15117
6087
3075
10768
9028
13669
14535
10301
9052
5690
6458
9826
10262
1706
14480
8038
174
5678
8016
5789
13836
13176
10601
5018
11787
6452
11252
14861
6376
1777
14540
9845
7864
5967
8966
5244
7989
7501
15546
5393
13192
6004
15220
11806
12062
2052
3844
12236
12082
213
6378
9919
1741
979
3289
1881
11783
2893
742
2160
4670
3634
357
887
13954
9323
6131
5943
5177
10029
11336
6721
4385
14908
2527
4800
5312
10724
1036
1395
15289
11766
15666
1030
12746
7307
7263
8529
10201
8006
15041
3223
15992
3751
8462
13946
1426
14594
8241
6603
12975
3578
13324
1361
6838
4204
6161
12151
14928
11549
1898
14217
7316
5916
3599
8414
13223
10863
5295
11776
7221
4337
3352
11565
12440
11814
9512
13866
14760
1753
8822
11736
9683
10498
1449
4874
14702
7610
5377
1982
7511
7275
199
14827
13191
8151
7241
14766
3014
12537
14895
14587
5226
2247
10152
6018
14061
8016
8236
1174
14122
1058
12910
7805
15909
14359
1031
14611
10321
6408
4946
1832
13683
9497
5012
15226
1648
605
2345
9014
13142
1240
7601
6720
7839
1754
12738
10252
14122
9327
11426
12244
10385
8336
4050
10294
11047
5081
13258
5368
15842
2204
11553
13525
53
565
1104
1702
1170
7801
10716
2665
9041
6670
13737
5232
12776
14828
15484
10898
8155
10911
7143
6892
7599
15545
5539
6999
8978
2797
12367
8820
9353
12272
10698
9406
12837
154
15460
2360
7955
14529
9377
5348
5199
7114
10580
6327
10294
10064
5577
2449
9327
1072
13694
5279
617
3233
12278
13948
10382
12997
11120
8087
13622
5818
1493
14811
10324
5306
1171
2279
3835
14900
7627
13386
6015
2207
8065
4661
624
13642
7111
14303
14715
4805
3582
3684
12390
4212
1632
6772
5562
1105
14859
3184
11275
4704
1995
5600
10010
7519
7879
2197
6419
3859
15583
786
10418
7648
5448
11042
9643
911
9346
8358
10068
1280
394
6458
5493
6379
1582
15407
7484
441
6943
2759
9497
13290
12711
3508
4809
4591
5705
15581
12802
9641
4719
7220
5641
14519
2263
15284
15430
15961
11994
13850
1241
741
8660
11086
7120
14594
14845
2956
15035
5788
5715
12885
3079
2427
4745
12240
11370
14802
173
12524
8443
4893
3744
2437
3412
10359
1721
7195
10320
2068
9397
15914
2809
2058
15352
14281
652
14198
1237
4040
3986
6952
925
11417
13731
5670
12010
13453
4472
12183
14329
1268
1076
2074
3705
8841
785
9778
36
15458
198
9433
15372
3007
15843
14724
5640
496
12922
6877
8888
5261
2182
14165
5030
4265
3835
1040
6071
12659
13224
4400
2279
2652
10826
10336
11493
11612
8467
11529
11070
8665
9315
14794
25
9158
13518
5665
14006
14793
12543
6894
4054
14725
5059
13436
2990
13246
14477
9061
14258
11701
13462
4889
2705
12640
15226
14199
8252
7693
14080
7674
4710
7395
6468
4735
4906
3987
10401
2912
7132
11296
14159
15538
10021
3218
12974
1363
4817
11451
14777
7427
11504
591
12316
14210
13231
15894
761
5484
7587
14841
1510
650
10589
7979
5385
15495
318
4138
6759
7450
15434
4918
6988
13807
12489
8314
15171
5658
3766
13948
13085
3622
14539
9401
6184
11770
9296
6945
5606
5235
10139
11469
5885
4728
3448
15623
4223
8118
3761
10982
15568
7548
4253
10908
5355
742
3222
4526
6400
11340
6826
3485
3315
9717
1238
9499
9840
14886
4797
3798
8474
14936
15267
2711
8016
2715
2334
591
10833
10448
15925
14753
1996
4178
14013
7351
4920
1236
230
15672
928
7056
7509
4243
5126
13100
2095
14966
11986
6892
2764
8812
10180
2032
11524
2196
9099
2210
7139
8285
1010
7064
7038
3006
11243
5052
14710
4515
10640
3292
8540
11568
14700
49
4164
3826
13149
6259
2792
13488
1503
5557
10652
11683
11941
6176
2231
5040
12739
13722
13325
2101
4786
8716
9460
29
2120
8170
4545
12760
15814
13085
12680
14514
1486
844
2341
2988
11455
5133
476
12958
15042
15480
12993
10983
10009
3576
4376
6748
1298
1701
13201
6085
10417
6661
10466
889
14831
3363
2001
14645
448
14682
1512
6287
3878
3853
9275
15334
13338
14103
644
733
13583
13638
11716
7592
5566
92
2692
6865
6146
15894
1302
4915
6555
11768
5805
9739
15132
7806
12736
3932
10840
14248
10219
3071
6453
7846
2405
8144
10301
3049
8877
12237
5039
8945
8181
10606
13390
10874
5823
3536
15120
7125
12803
10027
2893
6960
8118
2025
3119
9207
10310
2311
11807
4529
5382
2261
728
7787
10405
11029
15189
7634
7266
8580
579
15448
3186
2321
14674
13361
10209
2146
4486
7013
12173
7380
13973
8644
13757
5444
1851
8067
7756
13658
949
13138
4271
1677
9278
3028
1058
8467
10662
12677
5399
15594
477
8586
1915
15151
10299
12125
5649
14786
7490
1822
10518
9815
10466
12627
15260
669
9047
7016
14328
9996
8506
6951
25
1784
9980
5435
14603
8994
2112
4003
8588
2589
941
10504
6092
11240
10981
11741
14378
2471
1916
8896
12286
734
5524
11546
1404
14571
6914
4084
12919
15421
11035
12944
5557
9367
6731
4161
2362
8844
12516
10950
15785
1809
9806
5878
13049
4787
1619
11428
11610
3535
8676
7897
8622
14200
7795
10026
1123
3062
2462
2394
6835
13497
3690
12392
6865
10422
4905
9227
3266
5773
8529
3051
7582
2336
13281
4632
11475
3253
4412
7086
11140
13088
3335
3762
15641
15482
13788
5116
2544
250
7511
9379
2100
11201
10124
13317
5623
3381
10896
13241
9155
3425
4645
737
10113
1926
5369
9941
5179
14133
5379
320
15574
8714
4082
15215
12548
6223
8683
15093
10825
194
12824
12925
15748
6948
14594
9723
10330
9490
6965
7837
12916
11610
8574
11381
1888
2296
5322
7068
429
15053
7388
3
7767
15822
3570
8668
10397
606
7761
5223
800
8937
6500
4900
4238
5095
14624
2920
2937
9941
10757
4205
5551
3331
15587
11791
5627
9261
2859
10409
8315
14599
14764
4434
2774
6687
13102
13171
7293
9215
2394
12445
6505
13247
1346
10743
6694
4322
2015
9631
14263
12772
13837
8166
4455
13424
3957
14435
11037
11169
8844
3352
9768
11960
12139
12542
2647
9241
14066
9940
6809
460
6386
13314
2059
12084
12409
8753
406
14424
2385
3021
11196
4574
15539
4003
1998
3496
2438
1387
14665
15634
9092
12786
11595
5231
13680
2594
14472
11746
12535
9633
559
7273
6947
2618
7709
3356
11372
12467
1780
2109
3840
1328
6683
3379
5332
13033
6875
12122
14420
9893
11757
7512
6679
11704
1095
4359
14298
3920
4458
15185
13553
5017
10810
8853
7635
6871
12209
7359
3338
2342
13820
7178
8022
4503
10557
1706
1536
5785
2181
4309
4030
2290
173
10709
13994
1269
3420
644
5189
7878
15830
7094
12895
14992
15947
8883
5864
509
4594
13554
7203
2415
4733
3577
6918
3642
5284
12807
13779
11817
5468
1809
14107
9993
870
12101
11262
4291
12745
4803
521
927
250
1769
4272
197
15004
10136
5058
3598
7690
12261
6013
775
15839
1284
4418
9475
14091
6549
5292
7911
8359
7751
1904
9229
3852
1519
1872
4949
10674
6746
10229
10924
8515
14501
11122
7519
8637
180
15469
4679
794
5483
5455
4985
6767
14225
2812
9210
4774
12456
1121
1485
4207
7377
10715
8059
8896
939
1360
3571
7685
15941
14495
4552
14442
13969
423
11431
2502
15893
111
7648
9728
9918
12633
4847
8143
15445
14057
12917
11901
3530
14403
4460
15259
13470
12519
8156
2761
2231
79
10447
2173
2926
14999
4967
896
3775
399
7750
3668
4862
15398
1748
14780
383
6595
6923
15828
9004
8192
81
886
10947
4541
145
12769
5412
12653
15531
11995
12732
9978
2520
15659
13329
7488
4907
1104
7887
12657
9124
1101
407
15224
15881
790
5819
11156
4970
3175
3348
9403
4061
2648
2296
8559
15417
7708
5212
14948
8055
6297
13278
10576
5956
14960
2064
15215
4416
14303
11872
1893
15404
631
1117
3637
1421
6937
14793
10743
14464
6493
4146
2526
9141
6442
11085
12911
2502
4649
211
10557
10946
13490
5133
5254
802
11549
4469
5218
9852
4693
7111
13608
5324
12581
1245
11097
7870
38
5840
6334
10884
14338
8860
4025
4780
8297
5288
7282
1299
5500
1840
12245
7342
11325
5852
8144
6875
10321
1714
5079
3367
13178
2688
13043
9759
8285
12493
1629
8324
2333
7963
3208
672
5176
11585
9804
13473
874
5439
3124
10726
7279
15370
2068
6956
9574
14564
2183
8247
278
7263
11614
13456
14303
13010
11567
6588
9503
13196
3264
188
9512
10824
5212
14688
6410
15017
513
11636
4456
3638
10714
87
7360
1134
7043
934
15698
13579
9181
4328
4842
9148
6137
3145
6158
1704
9733
4013
3253
12998
4201
12765
7822
9414
11453
2584
12783
318
2572
1239
8308
13286
5678
15668
14420
1073
4954
2470
14652
2488
6799
3494
11636
12936
10991
6146
2992
9077
10159
6245
10427
2712
3010
6601
12126
2815
13538
13261
7486
110
2852
15794
1749
8530
15463
4521
9604
8769
11344
12608
11257
2143
4455
11245
3431
15446
5743
10775
12875
4254
1021
7302
6967
8383
2256
7445
15551
15794
4707
7037
4256
7559
11183
10357
4442
14998
3231
2398
7768
14575
15006
3025
718
3461
2623
8501
7260
8366
3276
4135
12621
8649
15790
3588
5385
6398
15385
4936
6192
4092
325
14800
4
11508
9158
4446
10507
12389
6844
2275
15316
5850
9652
34
13664
12275
12887
4924
8994
163
13411
5615
13165
1553
13555
2550
7951
12940
11838
2495
1033
12163
5648
5389
12023
3158
14187
6530
3899
5031
13157
3215
15233
11162
7601
1249
7437
4488
6173
4783
9003
7937
10398
6168
13842
7953
13070
5794
4894
8908
12641
10279
5071
2289
4020
1095
9799
2207
11977
13698
7238
9135
913
10823
8649
12866
12073
4438
1354
6598
9222
14710
2887
3620
4878
730
15926
6301
10876
4820
15209
7517
3451
4281
14159
7471
9728
7958
9678
10057
10009
5268
7544
15274
4443
193
12141
4868
4632
13495
11467
13854
12205
14354
1474
5436
3436
5752
11737
14312
10572
10946
5830
2375
3579
8341
14198
1659
4651
7876
11717
14660
1496
3261
13935
10292
3455
10076
15160
8087
11923
10627
10293
8129
13334
119
1917
770
5872
2006
15083
4796
12952
9265
7172
4884
5958
5370
10895
10609
1599
6612
13622
7447
14226
11557
1739
1681
9985
900
14120
5908
15879
8413
2389
13213
12884
4306
2336
2756
6312
5771
7553
7617
3388
3077
853
9346
12799
11748
8307
2750
6713
5929
10198
4939
5838
289
6620
15823
1189
9092
10084
1069
5857
12473
2634
2741
5132
4970
9850
15796
10741
5755
11765
2481
13184
12618
11827
9983
12719
8487
12734
3432
14416
11284
8371
8607
11573
3343
12782
1115
787
6866
6536
6644
7692
9170
13737
12824
2493
11939
972
1586
1694
12738
4068
3230
13708
4247
13214
14779
12734
14300
2211
15503
13936
14934
8110
13861
6629
4892
14976
11768
111
5512
2412
7803
3035
4502
8979
9880
4793
9951
11466
6488
11041
3886
14070
8750
8134
11284
11881
9220
13936
2445
8723
11872
1379
833
14086
12361
10078
13062
8129
10189
6927
14894
6344
14314
7748
15323
8194
12541
9274
8012
7381
8668
11899
5452
5770
4033
5088
1651
1605
3025
4096
10329
3249
9828
15514
1335
10541
9592
2750
2670
8133
9677
5916
14477
12343
13664
2152
4537
14558
15779
12549
5939
8447
8448
15743
14217
833
4832
4220
2439
12209
8317
1120
15458
6497
634
5146
1038
14579
7896
8060
6712
5925
13977
9542
2268
15993
11694
11157
14551
11473
7706
4491
8272
4507
4234
6489
9692
13418
15062
483
9627
7379
1603
13438
2228
2238
2584
3266
817
14832
11326
11881
9109
13655
5423
15729
13649
5470
10886
12200
5295
6944
5043
13568
11451
13630
8409
9496
11048
7471
9979
4676
3202
11583
2114
5430
13821
9050
13048
2990
12234
12727
3223
9695
10382
12999
9424
12383
2469
8662
12936
12116
15606
1979
9684
15410
3961
6446
8906
15010
13917
2885
8038
5472
14468
14504
10902
641
11906
7951
7983
12492
9030
11207
6187
3412
8206
15611
4148
15027
8273
1084
11143
12231
7415
9180
11641
11377
15626
8899
14739
1895
11785
11129
7367
14605
13985
6622
3599
9891
14573
11582
10735
7603
11141
922
15367
3347
533
3515
6726
13158
8951
1870
13741
367
15402
13735
96
15028
6634
3187
923
2419
14316
12643
5377
653
3265
8976
14896
6190
8910
9631
2145
4052
10553
1512
11751
15438
9380
2478
12596
2331
8700
14689
2698
8102
12424
7146
11482
3059
10333
757
9830
8649
13400
15207
9302
665
12535
8198
11207
5446
6181
13352
9498
734
14865
9601
172
12597
431
1120
14928
9131
15810
5979
5585
12234
13125
1067
3645
7459
6177
13476
4460
3577
12683
2115
8595
9219
14665
3802
3017
4847
1155
867
5581
4372
10468
5754
969
10900
11226
4249
8383
11036
10228
13969
11623
7354
3388
15268
14813
9565
1096
7625
1495
2132
9740
14442
15703
8406
6596
2720
13253
12103
3587
7186
4827
2407
1292
5796
13307
12519
14398
10043
11907
8626
12364
11882
4332
15752
15503
7497
13670
599
15123
3517
2731
8863
6311
2434
5621
12907
5154
2874
9011
13093
10061
13838
15501
15705
7987
1160
12224
6385
11203
8132
3363
11919
8366
7696
24
7869
15193
2046
8469
14316
5563
11200
11532
11874
1987
1153
13133
7141
4028
6144
8587
2441
8335
8088
6498
4674
13600
2723
11059
13156
15207
14422
9075
7573
6118
9099
15443
9664
11145
12264
7980
5060
11816
3512
5286
13803
4666
2420
9297
13046
12916
1884
3839
5251
14324
10337
9925
11924
1412
9336
9080
4971
12111
6508
12545
6581
15607
340
245
15105
956
8226
4165
12772
90
9452
10576
9108
11872
3873
6154
8788
10109
14345
2392
8433
13035
669
8709
14447
14358
1790
3419
10469
8298
4316
1050
12257
9008
5648
11362
9964
13874
15528
6736
2316
13332
5664
11425
9204
13889
5931
6344
12350
4277
13088
4783
1312
13758
13493
4111
12116
3635
11882
10937
285
198
339
12542
13558
5987
12257
7522
8213
137
2611
10530
13469
12627
10307
11025
14869
238
1369
11219
8867
2810
3
14531
4920
1848
2643
1036
9835
14525
325
10120
3076
664
11014
634
6652
11623
12509
14865
11760
3472
13747
9229
99
8054
4254
14968
8293
9976
10188
1160
1138
14543
15692
6058
4743
6687
11446
14578
9564
11771
13050
992
12435
12416
5979
7439
8040
2488
6305
3800
5960
8404
1382
6059
459
9988
9380
13104
3964
3568
2616
5102
6463
6660
15512
11206
13347
10958
9784
11264
6729
11186
12256
7517
7602
2235
14956
15642
9075
9613
3443
15035
2018
9177
9447
6829
3165
2827
3933
7130
10747
6549
584
1210
1562
4449
12416
14909
15407
10552
14525
6137
5738
15134
13654
13340
1369
962
1335
14797
10576
9130
13832
946
2307
11631
7775
5472
2810
60
954
13557
10961
5891
3119
12523
10340
3887
15785
9747
14439
14310
4236
8529
13444
1890
10222
3166
7205
11557
1963
1781
9039
4147
2727
11346
15779
14854
818
6941
14914
6125
4499
9875
12016
11970
6399
10708
15858
6184
4455
2649
8846
8692
11179
6291
14934
9753
13809
6139
5310
15772
12272
14349
3919
3351
14047
8050
2205
3217
14992
5471
9342
7843
15347
9710
3813
10098
4418
8023
4634
8874
10673
1832
5918
5852
8123
9204
15605
10284
15344
9267
10056
15968
11968
2328
3320
10015
14730
5525
1584
2074
10997
10927
9917
14696
4637
2083
13146
13408
10106
6132
10634
4779
7964
552
14983
4440
9756
2940
14724
13452
559
8781
13421
879
15461
5093
10894
14191
10618
831
266
9967
11758
14535
13015
4747
4970
14513
2155
15077
4645
12789
8208
962
1693
11544
5402
15802
2836
4126
1606
7748
1259
15027
8627
5072
4120
7874
3264
3091
8705
7882
1410
4463
10769
2778
13562
15740
1291
4070
3169
10289
5211
15729
11251
6905
11273
5005
11059
2462
9131
12665
10210
14743
45
2837
3815
8517
10711
11431
11608
3416
3313
1371
12231
14083
4149
14146
2175
9792
2216
5344
4081
11779
5073
3684
7036
4699
8689
2095
7161
6173
14761
1371
4916
3158
8560
13083
11675
7624
8515
11636
15392
11828
13007
15976
14263
5508
14122
4790
15300
4690
10134
7734
469
3560
15770
11858
8259
8460
13953
3772
2985
1066
5143
7901
4224
2055
4984
15900
9679
13499
11536
9072
13680
12895
9048
295
6755
11522
5086
6055
212
3572
2141
5033
7132
1912
891
3743
14724
3197
7515
1709
4263
1010
13962
12840
3066
7298
1092
1097
4798
980
10169
6830
13875
7569
7125
4630
3091
563
15037
7655
4136
5531
1041
15620
11795
6284
3364
14871
9481
10879
4932
2097
242
2894
14937
3308
10192
29
4405
3342
1009
2927
10172
3236
10496
5650
12218
1940
10565
15607
13947
3053
5138
14988
7026
5285
5273
10390
4156
3106
9621
9088
5203
9863
334
4140
1523
10527
8521
10281
13869
13882
13208
12394
1118
12056
6396
13336
2348
961
12944
296
8367
6434
3636
15393
11720
13261
14135
4228
368
7756
13317
9923
5972
13651
2416
7495
12530
10937
6128
14752
8820
3336
11146
14290
3745
5894
11627
10445
11207
12923
15093
3574
3357
2730
2967
3429
4343
5454
7658
9063
13211
9327
2987
7535
6978
5403
3382
7861
4692
9511
6613
13512
1199
6111
155
4944
12005
11782
3742
11564
13057
2835
15139
4766
9917
6458
8196
14261
11913
15854
7324
13476
9181
10311
5011
4511
4066
8393
12372
8759
6256
2985
10623
7456
13448
10778
752
13805
10912
4494
9370
7969
11682
8509
12736
5599
3319
9284
3860
3584
9138
15537
1060
6671
14200
10423
15534
2267
7169
11907
15378
13425
3244
10001
9233
5045
9132
14338
2850
4044
7184
12220
366
2866
9081
13102
8466
12401
6386
678
4337
3876
215
9750
14899
2768
4173
14433
5035
15694
14692
8765
1472
1937
2766
15057
6982
250
13395
9832
4295
4580
10405
4661
7446
3486
6115
4264
15887
853
4943
4225
4729
9510
13975
3628
12278
6500
2061
5665
10547
5106
14430
12019
7043
5549
11076
2377
5799
8472
561
10094
1404
10966
3107
8850
14453
9222
13115
2692
14427
2058
11269
3156
15920
13596
11136
12199
4097
1550
1864
2996
6656
295
15015
2051
10196
14443
4428
15995
6915
9341
14442
8319
8660
5901
5522
7113
3476
2637
14157
1903
9047
9427
5060
13319
7023
196
9518
15472
6098
15735
2468
12754
4382
5835
14805
14578
4279
7585
14573
15546
5279
1367
12218
13939
7269
1740
9404
10745
8729
7561
12648
6128
5340
1708
3447
716
6257
12966
4540
12355
1053
7009
13462
5435
1196
12267
4013
5475
8205
6938
5022
13484
8306
5592
11423
15575
7332
4827
14672
61
740
11320
10541
6081
1381
13988
6797
7638
15306
11337
8345
359
6698
5807
10146
7895
6427
14159
1722
14632
9450
11096
12116
6108
688
11891
10035
12372
718
8707
785
5810
4027
11326
11891
5408
9315
7040
1398
12973
6730
9744
13333
13428
3903
7479
9675
10330
9991
11398
8962
7793
10846
9430
13901
11535
5321
7936
7907
10391
643
8693
202
9022
8371
445
2783
1686
7486
4181
14660
14216
2277
345
15996
6181
12176
9672
4863
10519
9422
2178
2312
8620
15960
213
8507
5282
12501
415
4025
1496
13460
4227
10519
5831
9025
13302
11870
511
1483
14882
3079
8113
3579
3075
2646
15755
1099
7509
10275
14873
14039
12587
7494
14000
1153
1
7634
13654
4768
11659
15151
6580
4239
14022
764
13264
11324
986
2127
1159
15868
5206
9272
3447
12633
11918
7554
13733
7780
1829
958
10171
2769
12804
12523
3922
1158
4157
5928
5926
4169
5079
859
12760
3101
5975
10024
2777
6961
12151
3937
11181
5709
1561
2980
2342
1832
10534
4427
9612
716
9738
8135
3485
6542
4659
11759
7700
8816
1687
1979
1337
11119
7190
14097
2572
13165
8121
5350
8478
8624
13639
8011
2685
15200
10991
9380
1032
9877
13807
14996
14945
11897
7132
6782
2440
11791
2541
14492
8959
8581
4823
10297
3700
12013
8394
10624
13530
4868
15974
6008
1844
1965
14019
8882
1166
13362
2262
2198
7240
4421
5547
10537
319
12679
1320
7111
12822
3861
5603
5781
12442
14779
4430
4494
10792
1177
3471
12675
10397
7797
2683
593
9763
5055
9475
10929
2417
11737
1479
14009
159
7026
8547
4830
8057
9867
11941
4879
2080
5896
15013
2875
4675
7795
11721
3820
8972
15192
495
7721
6990
7530
8315
753
12585
1790
34
3355
1880
1513
1364
6391
12892
14263
11221
9301
8130
11514
14181
14563
5762
1546
1438
14790
9341
13159
6962
6666
704
7457
14387
7694
3339
6702
8447
15925
12845
12833
7632
3077
14346
8996
9468
15590
7260
9041
8892
3742
4555
11425
2305
14669
12971
8095
13459
10664
9607
4421
1330
10311
230
4070
2005
3570
10772
14804
7847
11969
11637
15479
15046
14335
12827
12866
13926
8439
5907
11170
12182
14814
10947
2839
13484
12270
10935
15295
6934
4542
8069
12617
14853
12651
687
5210
4573
15811
4014
12420
11781
15651
251
15179
2338
1431
12046
264
9870
6305
15786
10404
5120
10733
13244
6956
11355
12531
6251
2290
5425
2672
3259
4278
15324
3946
13840
3897
8109
1854
4670
8242
5857
4921
7422
8195
10704
7820
12812
4575
14125
950
14979
3245
11684
575
14553
7039
13106
4805
13681
2531
7477
940
11161
11153
9238
9001
15051
1348
15207
3721
9590
9416
12994
5364
1612
7699
13184
2776
12274
11310
3726
15605
2907
3762
181
1461
15154
1639
10618
12835
4171
6447
2128
3684
1601
15718
12686
652
5418
245
8725
15009
9662
5719
4373
11274
13418
5910
14050
14044
1220
6128
2002
8479
9891
2183
9940
9045
3822
8910
10232
12345
15358
712
30
5311
431
1068
5963
5849
1313
3040
9210
10975
8759
1936
10601
10530
7846
13003
8574
13418
3132
10576
5897
1375
1111
4190
10420
9286
1452
9004
5631
810
9717
10013
10473
14500
11081
436
8701
12395
7828
6264
11722
588
8200
6324
11118
46
7679
8044
1816
10811
6973
12065
12186
8084
4607
10958
1370
6060
3963
11354
11222
2032
5367
5696
532
4801
10484
13585
5548
2313
3849
1270
7253
12049
11946
2371
447
3626
14767
6615
2789
5740
2681
3328
2177
11640
14286
7899
1700
6601
3253
1275
8633
12973
11323
13517
6126
5807
11103
11674
12472
3304
1296
3725
3706
13243
10448
8505
5221
9216
15121
8010
3308
6154
11338
5485
1794
13977
13385
7847
4578
4990
13474
13212
1963
8797
15081
8089
2956
14536
8115
15429
1841
9412
7506
5547
6655
1955
2404
228
15523
1525
8238
2831
12031
7929
12669
2178
5906
10054
10025
14836
15044
11851
400
5360
4648
15482
1801
11956
14018
9917
15737
15859
3329
7244
9758
9984
13551
12163
14564
1426
2040
6802
8609
14072
3083
5278
250
13341
15332
14627
12178
2729
10478
12578
8089
3478
12060
9890
15434
14431
8159
3524
2642
11488
10768
12401
9824
12671
12916
8388
2449
3308
3543
11058
5732
6626
337
5982
3968
4021
8961
146
6750
7791
1076
3191
15621
1489
1434
15056
15920
9593
2580
2562
5082
1700
3315
3258
2723
4583
11647
5172
7892
15190
230
13624
5816
4919
7959
14136
8941
5272
2634
4043
13064
3711
11587
12685
9552
1373
93
9472
10966
7025
386
4400
13077
8054
7659
15800
12637
3306
9324
8881
6848
9555
10858
1016
2826
7169
15153
11767
12441
1787
4163
13857
9850
4102
14895
3402
5475
3340
1226
441
14718
5965
9194
11795
14019
853
15948
15008
8511
9272
12242
3711
7179
7100
4727
10006
2621
3880
10125
3414
10020
2640
1272
8222
6742
4519
11625
12217
7859
1203
1011
6577
7168
10205
6725
5187
15410
6673
8548
12273
4297
4790
15984
11477
242
4711
9835
2863
12944
3960
6277
11316
10953
11901
3538
1695
420
3515
2265
12632
4719
3276
7561
239
1833
14286
5427
1243
9311
2327
13516
13609
7117
13500
13438
7359
6563
11625
14574
3507
15585
4851
3175
14890
753
6714
4938
5525
14581
7203
6509
3300
14831
14071
3540
664
709
13319
6259
14373
3998
8127
334
11115
9979
13772
6826
542
9397
5400
8402
13334
14603
11577
577
3708
6643
5515
13586
5225
12718
4095
12877
11549
2166
4769
565
7228
2088
11176
5601
6086
3303
5935
5553
13282
8059
12379
2176
5808
6131
14930
3142
9087
10508
3719
12795
5503
13586
10381
10728
10304
14477
7606
10205
4995
12375
15122
575
2816
10298
6176
13254
1953
463
7160
3587
8522
7891
5764
2682
14023
4694
10177
7110
3554
2248
8257
9058
15835
2639
8138
10139
5468
4096
8697
10463
4824
7819
11039
7640
6470
5567
9246
8423
10383
406
12011
2905
8298
6127
9940
10673
15173
4117
1783
7080
6365
10040
4490
6200
1031
12628
340
6499
725
13389
5315
9901
5208
4706
1541
30
14625
15139
8454
9008
15546
8817
266
12196
14944
10206
6869
2469
14323
13004
9549
4688
7044
14039
10889
12428
15020
15581
7279
4097
12970
12594
13998
6530
5652
15539
6561
4278
3030
3367
13286
2576
536
13552
14772
15480
7758
5641
6301
10433
2645
15851
15122
14042
13890
14363
14822
1262
13944
6101
5359
15266
7048
3357
10148
12700
7248
5061
978
10279
8428
14265
12855
8964
11817
15980
12796
7928
9973
3098
2361
971
7301
5835
3365
9543
4198
2187
10806
6494
12640
165
10112
3688
3523
4261
389
10771
9322
1367
9402
6103
3984
10610
15067
4154
10590
216
434
8915
7666
2795
14238
14967
12983
1603
12862
5533
8142
7668
12028
4783
7834
10492
12823
15709
14753
1564
14832
12428
7284
8235
2531
11268
2845
5950
15422
1787
6166
15856
10702
13832
7004
8941
1151
8339
14896
14014
13872
11391
5682
14252
4526
1868
8745
1349
5929
11850
2914
9114
8278
10198
1349
10809
9818
8546
760
13593
10333
11278
1801
9387
9111
13157
6680
14614
5496
9929
12628
7721
5320
6663
5973
9846
12883
3070
15547
2813
14921
6813
11927
11551
5363
1628
6361
15182
14526
11473
12775
13211
6751
2928
10950
4214
86
1631
2829
9934
15912
15457
1655
9584
10472
11981
3430
7356
15051
2977
14521
2324
14143
14800
13876
3506
428
8589
2688
14954
4062
3815
517
15165
11096
11467
3380
11182
1450
6209
5116
1362
10018
6772
10946
4491
2753
2728
11847
6156
10058
10368
12833
8201
13520
10709
11707
13948
7650
2748
1254
11712
10915
1771
10877
6011
13238
14257
1193
3041
8818
10662
4403
2837
5786
3702
7328
8539
6430
7527
3047
488
6247
15880
13041
3767
14941
8749
6067
6591
15849
7321
6655
10764
13444
1533
776
15034
4142
6321
2075
1313
5335
10831
4150
11121
14533
15830
8012
4963
7357
11060
9804
13604
15292
6845
1371
14234
3946
11790
9177
3795
3111
15833
2912
4907
5718
8040
8293
9860
2713
14721
15525
8049
9552
3675
3170
12437
7857
11183
1400
15214
6243
15556
1170
9887
10754
6893
8121
14700
2683
5651
6848
10146
5484
14112
15053
11202
6152
11699
9414
8865
10420
8940
5266
8324
967
8437
4761
8825
3620
10513
12391
14215
10070
13562
8102
9176
4455
4576
7876
7139
10227
3076
1285
4063
1188
4691
15265
11692
4742
8679
8910
15162
5971
14176
7486
6939
6613
599
15764
14585
11112
507
12800
5182
14069
9255
14358
2525
2183
10587
14016
762
2015
3653
4825
7556
12696
8442
3248
1438
1121
12158
600
7093
10335
12438
2384
5300
13037
6500
3886
8150
7007
5038
1684
5077
2645
4395
11954
9180
3334
14322
9942
5349
1975
3119
1257
14672
11561
4506
4462
1035
5016
5063
12480
3703
5853
14864
9004
7243
9716
1242
3745
723
10632
9781
10152
1630
2528
10458
10810
5862
8780
9105
15564
15108
576
821
2132
12138
9679
6594
1525
14696
9
14005
2399
10215
1221
15755
1458
10937
5349
9555
12
4334
3336
14517
5964
10217
8975
774
79
6108
14231
3995
9568
14808
9169
11700
15298
7200
6646
823
5896
6656
3180
12648
871
4401
755
6681
3690
6105
236
3702
10439
7924
6571
4755
6493
3899
9881
10925
10007
8113
14920
7927
11273
12441
3627
10571
3642
10273
11394
13890
5281
14574
10538
10504
7327
15646
1185
11017
5751
5773
3071
4542
2050
13995
9297
8543
1894
3178
3468
253
15643
6741
8180
10916
3182
159
9839
11176
10432
5233
9067
4066
8159
7957
14570
3838
7603
4108
3207
1706
9881
6279
6248
283
4274
3897
8827
10520
11428
647
10773
11071
11740
2953
10340
3275
3112
4179
14451
1896
13765
11870
10314
10276
3828
8885
14115
11431
12993
1322
13138
11226
11953
7738
11510
4579
15988
8689
15099
11416
9336
9872
10839
5077
1177
5179
8352
4289
9359
11155
10538
11476
7026
4852
5752
10854
13737
8219
10637
15082
9542
12127
10309
9847
8218
10171
14427
8206
2860
1878
3622
548
11751
14461
5625
1280
7993
2329
5570
1352
1837
4460
12828
8863
9312
6932
8069
11402
15152
7058
14836
13046
3186
13497
6893
11404
7668
9672
3610
10528
15903
11584
11077
6
14397
5054
1286
6390
11736
11208
12094
13573
15668
13274
10788
13333
4207
2857
13087
7711
9915
11923
4757
1453
9421
2
12857
1089
14027
4819
15970
13930
4755
15399
13936
3153
4453
3574
13895
4541
14783
9990
2114
2803
7264
1254
136
15823
4111
1575
7534
2379
1851
643
3832
15624
646
5042
5065
3025
14213
5035
955
7321
4434
3243
14826
13240
11169
12721
1781
9952
11063
8248
1108
6680
9502
5596
6503
13614
7172
2390
4345
9023
3033
12529
8647
8031
1571
13712
11056
4137
7100
363
11458
11534
7958
10284
8774
3128
11357
14908
1432
6421
7156
2540
13101
658
8137
7956
2624
3661
10346
6969
1036
1732
3499
9683
9763
9422
11747
4820
13559
2847
9535
13369
2734
1494
12005
15860
8974
7363
14768
10406
2136
5924
1299
3589
10935
13788
11545
13559
5801
10244
4529
6837
11976
12380
4872
5739
5802
4971
14911
7714
12171
12799
9435
14905
14293
5441
3117
11619
1156
6238
6025
7644
514
11676
11233
11449
13816
6778
9009
3617
1022
1890
10454
12998
14270
3678
7090
4072
8650
10353
138
4821
7152
9574
8078
9797
3367
11195
5416
8875
1433
15794
519
1948
11470
11752
13397
13639
6882
10758
1256
7905
12648
63
9255
10918
3741
4697
3343
12391
15051
3481
1212
6203
1407
13642
1
9126
8838
9769
2001
14623
9563
6872
571
5034
2624
2321
7025
9507
13079
8281
5764
9728
8344
15019
8998
438
8069
12341
1181
7120
4175
2394
1675
9934
4388
6028
3061
13226
15798
9414
11850
9361
287
773
2747
7263
7446
9772
770
4526
6406
10886
2606
3102
14258
11604
3540
6327
7946
4722
1799
473
11468
3474
10407
15856
9503
13468
1435
13653
11235
13285
11366
11522
2410
14114
2785
9857
12238
7908
2735
2644
7146
5341
5747
5404
5297
13639
11731
1595
2361
13530
2068
2181
5357
12476
2038
3212
14296
3473
865
13883
5110
12231
9405
11872
14697
543
5729
15288
12803
12816
1932
3949
6509
12031
9354
11807
14023
9437
13402
384
11320
3823
6918
677
299
8956
3889
2947
781
4754
831
10243
5337
14588
6115
4035
3483
197
3323
286
13013
9607
8588
7875
9991
6294
3682
8014
15731
5436
12750
15403
9259
8020
80
13910
976
3969
858
6109
13075
6041
4704
2413
4629
10820
10800
8113
15369
2475
12751
734
434
9691
8609
10425
15985
643
6791
4069
6080
7894
3472
15339
15914
3553
13250
5243
11874
2460
15704
8950
8501
4409
15715
13130
3581
14867
9595
2950
1342
10699
3684
6128
4390
646
4906
8728
1289
49
12797
11721
7943
4621
11061
12210
12526
12663
5805
8401
3475
5509
5703
11976
14270
9770
13458
1851
8637
11406
4801
14331
6105
12838
4459
14847
1836
13717
7575
7477
13767
8724
3199
10062
13346
2612
6272
9872
3627
12077
6625
7102
5939
12328
3078
4209
10450
4888
6061
3087
294
15214
5770
10751
404
10230
13951
2240
12299
5526
9718
10066
2603
1269
4129
4301
3881
14753
2525
7508
10831
9151
14610
5122
9831
6040
9331
4282
10928
3744
7369
15575
7311
1492
14678
7715
74
12629
14308
12373
6508
12378
6440
9111
13647
14921
13412
1528
13674
4289
13388
12857
13440
350
1979
7272
6390
15663
11554
5670
3407
7275
9597
15070
8767
8276
6786
8841
9257
9446
9567
15765
5824
7
13228
7823
14928
14992
13703
12602
3282
11091
9460
722
11441
15791
12346
6183
15454
12252
11853
7214
7880
9803
6284
4999
2079
1422
2193
15688
15220
11760
15454
9396
11767
12682
1219
15047
27
3274
1
3309
14365
13813
8383
14158
13605
4730
8693
1411
5334
8899
12977
13214
2702
3262
2214
9133
9036
4407
8821
12609
167
8275
6005
286
9310
7225
3685
13689
14851
3686
998
13217
5852
13733
15727
3457
6815
8421
9220
12150
1320
6198
9364
8374
13812
15930
1507
6848
4337
10328
7809
8856
6956
13815
9142
4618
9392
1179
2307
8243
4866
7657
9812
15070
5390
9540
2527
12206
6313
11747
8356
11985
6297
6072
4359
4109
6003
5866
15310
14692
4546
7119
7549
11502
4934
5043
4472
14326
6223
11131
6570
15441
2788
4734
14511
12531
14274
5390
13089
8939
5489
9797
4924
11787
15869
9283
15896
10224
3501
15206
8917
8048
6326
466
7902
15612
9861
12375
13939
4436
7506
8861
3877
10295
13595
6740
11178
222
482
8267
9161
5972
2064
2438
1759
6285
11721
6007
510
15223
9566
13779
11623
15892
2597
3525
15504
12458
15900
1795
895
11759
15008
9124
10406
956
4217
5584
1178
4699
2203
14691
10671
4267
1129
782
14904
1203
11142
15414
4778
4708
1545
401
8952
4142
8278
8456
601
12531
14604
5848
8290
1964
3324
2696
2920
7541
12632
8450
593
14835
11494
15616
7454
975
4751
6358
6530
15893
10125
11308
4601
11670
61
13553
4165
8340
10361
9118
9223
13317
14966
1513
15282
6642
8561
2202
14184
5193
15005
3129
8380
10499
2745
15834
15826
7496
10544
6357
7389
9021
1665
342
9044
6079
13895
13209
2771
12609
6327
11994
