2000
9113
2038
12099
1888
15337
3053
10472
11563
7670
6883
11364
4660
1541
1906
11082
14168
9836
4127
6992
1805
3269
12554
4221
10254
8189
13476
11916
355
7569
4077
13859
5035
10467
9958
6923
14156
13012
5748
9719
9034
12631
9436
2046
14172
15694
13128
693
9531
5607
7685
11336
8876
4239
3909
7483
12428
1385
3399
1135
13307
11828
14994
2342
6295
8953
13617
8804
10317
3365
6875
7703
4348
311
9749
6873
6
6877
7566
9537
12485
3603
9225
9713
7842
13135
1196
8622
2872
8948
9757
4531
9128
8751
6873
15424
6056
8843
12580
4725
560
3455
12428
4909
3767
6177
134
3773
13055
7700
1662
13892
11303
10887
11957
7497
12374
13154
119
15247
10454
14228
3778
3582
11331
15004
7358
5740
12199
3938
10465
12759
11746
6894
6020
15513
13071
6154
7638
14478
2206
13652
12370
1861
8539
8328
9358
9266
9834
13829
12865
8640
409
643
12222
11741
3999
7933
1481
4550
223
11946
1310
11969
2840
11682
11482
4264
6189
7472
2742
8395
5124
3465
14609
2016
145
7967
11282
14331
10149
8147
6971
10558
13142
7545
10651
5494
15478
12132
10044
15702
12431
15706
11671
3623
15741
11506
7887
5930
7330
10630
2677
12455
14095
1286
2823
2592
13606
14105
923
12107
10604
7894
6665
7746
3791
5669
13240
3270
1801
11637
7324
2584
11343
2995
6208
11084
2853
14095
5366
10184
13077
8044
10991
15524
13682
13814
2116
15640
271
3039
11747
10875
15285
6765
2621
3077
12434
4214
10699
2587
15851
2023
5172
15546
9370
15732
10631
12224
13827
4349
10760
10905
12393
5751
14781
10076
7917
898
14068
8188
8289
9816
3063
7575
581
10036
15004
1367
14250
9703
3954
2453
11726
13478
6352
5096
13210
5335
5672
11038
9684
4784
10295
6078
10535
13428
4506
6804
14326
2574
14992
6616
742
6407
2543
5675
444
5899
7042
3046
15602
10997
5500
15680
12827
11852
9128
10038
1187
14801
9428
15223
3585
3723
5301
2473
5503
14159
13629
3830
5086
12622
14798
5828
3029
5693
11504
7825
11592
6898
10872
15546
1895
4724
15226
14723
4928
8354
13113
10467
11507
6541
9690
3445
14616
14992
10270
4119
1503
7899
12301
6589
4521
11099
770
11903
5144
626
3728
736
7524
2952
282
13772
7676
3860
847
12604
12215
13960
7071
12074
4501
762
15519
7469
4106
9789
11588
5609
6041
7890
551
10562
7341
5673
10817
12486
6299
2898
13222
2175
5850
1857
15947
13527
5717
5146
10131
6284
3106
1203
6711
11959
6317
6230
3428
10423
4372
3369
4384
10413
11259
9287
9327
2600
14960
8497
3438
9611
11395
5013
11787
1245
6870
86
14772
939
5233
13256
11576
12691
2811
2287
8651
9128
12869
431
3551
1241
3800
12287
6
3411
5575
13686
10364
8887
6183
13802
2499
1578
2815
2638
2823
14037
7076
5948
14977
12309
3204
10553
13353
6015
12840
10356
3495
9709
10787
11398
15303
2940
7685
3661
10703
13260
1347
5067
10500
7530
2870
12999
9108
10037
15637
284
8075
6713
6232
7052
7375
13788
5957
9080
8155
7149
3436
11650
5210
2575
7048
8865
9867
3085
12527
4571
4698
13874
9638
15198
5405
860
549
2865
10898
4538
3149
2973
15603
13733
14377
6978
11521
8686
58
8028
15835
7846
8030
9397
10422
3430
2263
4289
6516
14790
13212
11214
12664
6851
14764
6421
12063
15313
9287
6961
3851
788
14286
3454
14522
1015
14785
14395
9701
3195
10776
13888
11042
2806
7286
9816
6237
9549
2457
12753
8339
15670
12319
9355
10873
15435
4129
6936
14748
1768
2250
6951
2556
4888
10405
5430
10256
13542
8178
8309
738
2954
6198
132
5760
13484
14300
11997
11385
757
13102
8076
4779
13773
5783
15652
13208
9912
10941
11956
11680
13191
7259
2589
6431
6017
8019
687
3559
197
8997
8649
7503
15195
13133
13264
1031
11433
13613
768
543
10716
13196
9674
8489
2979
13679
10050
1244
8620
10358
12924
10163
1618
3865
594
7635
11885
5634
15546
434
14631
8196
7938
2178
9681
9554
7561
9467
7167
12681
14362
6235
9877
8036
3077
12856
5715
13127
14100
14335
11837
15377
8498
13455
3242
13445
9442
3479
3079
8989
8266
6062
5537
4556
8240
15218
14110
4153
8685
9629
834
7047
4217
10711
3436
7294
11919
9151
8773
14372
11839
4610
13749
4337
6418
5343
6134
15860
13175
9213
8849
5441
15275
2738
9997
11867
1957
12459
20
14994
6088
854
10394
10305
15917
13830
5951
11837
11333
3076
10209
7172
12039
12310
15862
2457
6005
5996
6669
3180
3562
3871
12973
7189
6609
11322
7409
8566
7781
7429
11913
13870
12636
6307
12527
905
8489
6831
12742
3822
9907
11303
15347
5946
11965
15209
12755
1971
9557
3425
9503
1471
11648
6477
8661
2257
6151
4422
15176
13933
11851
11089
155
12839
5748
12682
2097
2589
7865
3191
10763
1773
14495
10110
12071
14812
13671
13179
5135
7229
4956
14639
8700
604
9468
5713
2861
15619
10135
2037
1904
10339
1478
2059
11530
11578
3094
13627
14167
10959
819
8931
1084
3666
7393
13156
2478
5065
14687
7614
12294
3643
10605
9346
8599
4073
3412
15812
8044
13547
1850
9949
12238
7680
360
7769
3259
3454
9748
1426
14414
10567
14709
15498
14233
6103
1006
5064
11168
15693
12678
11814
7688
7283
5160
287
15708
8572
100
12104
10472
6302
10405
6710
2334
10766
2831
5593
14220
12580
11372
986
7147
10081
485
9733
184
5843
14797
11352
5537
15827
11518
1577
11462
679
6217
15522
13603
10669
11626
12427
971
10384
7490
3305
5150
10321
13251
3370
11253
8623
4357
6753
2704
9194
4838
7241
15037
7987
6945
8926
7814
2464
10504
7628
7495
721
7150
9450
15742
7128
5878
713
1512
1720
8370
11014
393
9973
14385
11647
2596
7094
2400
9653
288
7238
5246
3677
15225
12191
12604
11391
14655
11460
3019
10502
533
14521
3953
275
10001
14183
5340
15866
15903
2062
15232
296
12036
1969
11943
2984
9063
2695
989
13703
14285
6235
5733
1862
2427
2337
13253
5434
2149
4624
15937
2682
7497
3890
7309
5851
2073
12649
10069
1976
14711
9301
6624
15099
11271
2568
2084
4334
9615
7425
6390
7901
13661
12123
9763
88
2812
11369
5522
4961
4345
9811
11995
11843
13701
3304
6046
4126
4305
115
6102
7368
9416
1079
10820
4687
3647
12904
13374
1614
8681
8116
9515
6342
4239
7631
10782
11403
3000
4657
4716
7345
14468
711
7540
12170
8367
13586
4648
1024
13701
15103
8392
11470
182
3212
4509
3829
4468
1883
5443
13150
14351
3311
7844
6942
10942
2627
2345
2294
7284
7061
9639
5752
12124
5532
6274
4491
3118
10923
5515
5172
10026
2260
642
10208
9824
5151
2389
2645
11387
12184
15795
9738
3847
11991
681
14789
14618
7378
5435
10254
14440
3427
7
10564
8959
10633
3408
429
5556
8923
5601
3934
15535
6243
2494
9360
15747
4883
12005
11134
5420
152
4872
9267
12143
9905
12409
15114
1284
1844
9368
4076
5271
13727
14640
2582
8361
2048
3012
2269
15324
8613
10556
14859
3209
13050
12571
2956
6286
8576
14090
11706
13080
7314
9325
13576
1220
5734
12690
6856
11931
6058
10932
5554
8138
13924
8137
499
15973
11149
7120
3649
3762
1676
2508
6971
14727
15080
14279
9365
12008
12369
9423
9089
3684
2748
6665
9256
12835
7707
4464
8766
2117
15396
14320
10255
13320
6457
10754
1645
5958
1875
5294
14073
3551
12155
9396
6630
11235
7676
15995
11595
4045
9418
9036
12081
519
4053
9689
13354
11760
14153
10472
13878
1901
8792
8133
15222
3602
7240
5219
13912
13467
10514
11985
5370
6669
5382
12001
6256
1410
348
1851
5455
14119
15240
5889
14638
3293
15578
344
15054
2084
10816
12932
3985
7960
9417
7559
15914
657
12779
13827
2476
11645
14164
7847
6666
7898
3848
12922
9308
8548
3125
3116
6667
2365
9005
9657
5659
12935
14353
9065
3371
9169
10349
7357
5482
3766
3268
9748
8776
4399
11927
11252
44
10092
3099
6710
6342
11299
7984
15651
8200
15462
7119
3219
6179
4476
12877
190
1411
11230
9255
4783
8752
3604
492
2586
11723
3760
12334
4499
8160
8262
4103
12556
6706
7203
7619
13048
6854
3955
1051
15054
7769
8170
2274
13949
12646
3503
2491
2410
14733
11747
11545
11837
3703
12037
2775
15426
4149
15110
8277
661
11724
12381
1570
2430
7936
9189
15478
14790
13144
530
13845
4914
13052
4471
7215
9699
7974
9706
461
11059
9805
12006
6897
13509
12395
9672
1287
4896
13134
13917
5558
8858
10298
7128
11288
6586
4669
15119
5376
6165
4001
7573
15431
1053
12044
6646
15104
8370
4705
15565
3430
14510
11571
14679
371
12318
12703
1659
1215
9838
15576
6773
2696
14226
2253
2337
4812
11274
1456
14540
1439
9809
10466
871
10862
10862
11869
14319
3233
574
13884
6663
15085
13808
9694
15456
10126
6397
5467
11341
235
9395
6466
7284
7621
13071
9621
785
8345
15429
3678
14137
9238
14144
15008
8452
13358
10877
6771
591
11452
4656
11606
14889
6816
5300
14345
942
11698
3813
636
285
1560
11454
7569
9182
12878
5542
14319
5223
4971
1997
3360
14209
4493
6720
6662
6204
1598
1785
11147
1402
6441
6754
291
13257
406
2988
2552
456
11153
7540
5094
12714
2994
12663
5896
15872
2206
8567
9448
11529
14917
1160
9739
3410
12233
4753
9614
13831
6538
4762
3585
1332
15868
3876
2941
4626
6864
9845
9435
2018
1385
14529
14732
8732
15544
8980
12956
6102
5899
6404
1632
4816
11917
15723
8227
8150
8828
6193
10333
3718
15307
2270
9402
3527
6146
12344
12506
1362
6189
5941
7732
11927
8822
10816
4659
12718
8148
1615
2821
14048
12372
8805
2864
12641
12880
15443
9143
10060
9989
7828
13778
9296
10098
7181
1176
4596
7877
13682
5958
2418
3623
2043
14345
797
1211
7356
1867
9360
13324
9040
11760
14048
1845
14624
10689
3077
2420
3832
13137
12409
12
10916
10057
10110
6449
11233
14706
2678
8915
4664
5096
890
11059
7794
6039
12271
3502
7907
9983
826
947
5743
14874
7145
4367
13915
10222
11139
6099
7360
11900
6111
6628
5958
221
1429
5543
14927
4107
14459
7944
13555
3701
7355
9701
9741
3626
1556
6000
13609
2382
6947
3352
5609
14092
12072
7876
12667
11563
13976
8379
7464
8439
15007
13422
13013
4788
2965
292
13247
5776
8236
15154
13830
3944
8856
11923
7570
10412
1923
9532
1146
8870
1236
11107
11315
1660
2984
7982
13224
5312
4713
4688
2103
3720
6462
15116
12860
13779
15409
14459
7908
11997
13613
5738
15941
10821
1661
11864
9585
3584
5396
15084
806
10984
10191
473
12645
1527
12807
14221
6839
1520
2909
13295
9592
13723
12411
10804
11502
11820
9263
3410
12170
6877
13500
12111
1698
15161
7975
15636
7097
1723
14720
12256
1060
8911
12729
13705
14791
13889
11926
9982
15409
3187
7277
13354
5262
3689
8158
764
3861
1422
8527
31
12651
6027
12143
14349
9541
8470
2337
638
14546
1057
12894
15606
14321
13976
1663
13112
11865
1941
7094
15626
9480
14372
1332
14742
6413
9491
3858
10274
15265
737
10306
11916
6765
10801
14617
4658
3271
955
9648
6169
2012
6543
5775
333
8871
11790
1797
9088
2083
8892
8714
11563
11616
14399
14657
2029
7890
2516
12303
7155
3253
6609
3071
14370
1410
1688
7380
9034
6995
1029
15203
9008
7572
9331
13693
4795
9473
3843
13883
11557
12735
10949
11472
12703
9348
10130
14732
5590
998
15387
12745
8603
5997
4168
11326
11759
10209
2706
9145
1204
3735
8349
14564
15659
6032
610
4454
15505
4453
6689
15414
5540
5991
10887
2243
3691
9369
5327
9282
14719
4714
10379
7322
10711
14548
2648
10823
13109
9707
3968
14313
13442
669
1230
1454
6701
1840
10260
10559
10645
950
14325
185
11293
9212
6780
14984
6933
12107
8266
5652
821
6998
1327
15885
9898
8327
15060
7007
2034
3028
9672
3829
8050
10902
5283
3103
1094
15543
13662
11739
4845
11988
11924
138
9552
2704
15123
4838
3163
11741
14842
3985
2739
4521
8222
12637
12849
7282
3644
3235
14662
1669
11416
6712
12571
699
9816
13666
4595
