16000
15106
13899
6686
11492
5300
8067
7288
13270
5521
6801
3257
14445
15661
6827
1467
1814
13676
9059
3694
5341
12417
7143
13689
15123
4881
13914
3535
4101
14608
14523
15317
2067
774
10355
1911
10427
6775
9200
7697
12296
4353
10955
15093
4015
6134
4913
10181
8163
13972
13875
13504
10389
9370
15546
13864
14252
13460
5752
6705
421
8627
10374
6840
9401
9082
8751
3828
15857
6303
15878
12153
10657
15185
15598
3024
9671
4511
13205
1834
2484
15432
15339
1225
8802
14885
3442
11406
697
9194
2111
1118
6173
838
7958
15574
9920
5062
7755
9777
11365
7633
5930
6022
6818
9880
9046
489
14392
10603
2324
876
10035
6015
6453
7190
9252
9895
2596
14301
7441
9060
15420
13614
9898
11730
1541
8170
792
9296
1947
510
5281
12229
6532
12099
6109
3931
940
4501
14534
7616
9729
12922
1983
183
8464
15587
14430
15412
13889
5872
8472
1661
7838
6722
13391
9379
14892
2536
7027
5191
3046
12308
1420
13930
12759
7530
6213
2052
383
9100
14020
10113
10374
4
14648
2838
3943
13078
2250
6184
7302
15075
7845
3493
10149
9589
12872
13394
477
3900
2585
7875
4560
4006
10157
5672
15888
371
7724
4623
9471
5744
3088
3845
10100
1736
6683
14044
3167
13285
4228
14821
12360
426
2314
6510
10015
3539
3904
14844
7439
10841
6719
351
14847
876
6023
3087
1247
13747
12063
15070
7844
15151
7267
1944
888
13950
4340
8407
15588
12921
7228
11948
13347
13895
6810
11714
1434
15066
14910
13225
9908
5629
13576
13107
10857
7952
4547
457
10051
610
15527
1895
15761
6795
8192
5001
9097
884
1760
8685
13805
13341
8986
15504
11236
4148
15570
1022
7567
14480
14247
1475
8461
175
2934
3319
8127
7481
8128
2179
12443
7655
8426
557
2802
4970
5558
252
5855
11671
8937
8012
9012
6275
11869
4248
14776
15791
5270
6343
2624
7869
12170
11085
8044
15104
2756
4524
10938
15236
11055
7381
6892
3481
12290
14046
12804
1849
14298
7011
13520
11588
3375
10884
6215
15244
15132
4991
3388
8754
15686
6012
4975
11856
5449
13019
15313
12558
1543
10251
11794
950
5984
7038
4432
2275
5085
5588
8476
3383
12599
10348
3323
4326
5232
9539
7923
8716
14530
11311
5822
14217
1323
10797
10073
11124
12168
13738
7682
2064
7989
3477
3014
2326
10515
11798
8953
3952
1386
5781
11688
2337
129
15011
6664
9713
8550
2939
2429
7081
14250
12603
9650
3925
7400
8075
15049
7920
5814
11084
9984
2155
14561
12999
4481
13428
8797
1786
5733
14536
7567
1421
5225
7696
432
241
1409
8983
3180
8190
64
5782
4793
9714
9707
545
1789
13109
8466
11955
8193
2450
14111
11106
3801
2592
12886
951
4379
2619
15487
11946
4040
9064
7995
4473
9306
13756
13456
838
5947
1872
6621
10740
15938
328
11286
6079
1789
8104
2035
9982
10554
146
9440
2708
7090
6327
3659
15821
8946
7498
11768
12987
562
8115
5812
14220
5871
3268
15059
11818
9492
5680
10911
9430
10360
10549
15509
12150
2653
5896
10484
1559
6042
3925
4267
13133
10252
12278
12954
7550
3776
13074
8889
8691
9541
14701
6911
15413
6321
10322
15583
4165
4354
14846
13595
14715
9395
1457
15217
400
7353
14053
6312
13396
1978
14931
14881
582
11210
187
8133
3338
1614
5374
12029
11155
8428
7293
14920
3101
5967
2856
7267
10322
1702
4862
13389
15450
10671
958
4202
2025
15011
10514
3773
990
9446
2654
5924
9008
7193
2409
12346
8807
7784
12728
8315
4564
8373
11587
7665
14340
14443
14932
13014
4498
8147
14755
3948
2818
15713
12502
9195
14725
7017
12968
4067
4815
3974
9991
13823
11168
12401
14521
8327
8537
15601
4994
13101
7974
582
4766
10667
3377
8051
12033
7875
198
10789
175
3016
10502
12678
564
13579
8047
13532
1646
12862
1507
11638
15037
1027
12391
13558
13706
9280
1512
7053
6381
13838
11987
15499
8505
15364
7550
8891
11592
7748
3680
119
15117
2534
1149
15681
114
9196
1565
1760
10410
7424
1750
9447
8451
2493
11358
10510
11773
12870
1563
6506
10708
13550
6006
7566
1266
13556
4809
1210
9657
8489
1330
13126
15375
2479
1159
3841
28
2724
9954
10438
10149
11704
8238
6952
2550
7948
5814
14323
9170
7377
4830
3878
9279
15188
15796
14898
1096
4605
108
15105
1446
5790
12231
5174
8270
1742
9015
12650
8819
2969
7088
2968
3026
3678
14272
5576
11626
4087
8251
4796
15816
1433
13027
13448
621
12823
12346
6070
5781
806
5175
11579
6597
5759
753
3219
11853
14121
15869
4672
1090
6957
7640
8468
10636
10265
14044
6262
2704
10648
15411
2520
12081
12438
4320
1055
9261
666
7125
3394
5825
652
3326
12422
6411
8431
15641
2265
6552
15510
6937
11995
10819
2930
4463
9807
1547
6860
4422
4251
1508
3833
11123
13589
271
15444
14644
13884
4462
5769
5631
10287
10774
8957
11061
1185
1388
10702
7802
7941
14564
3092
8288
13736
6022
12751
7543
11921
3611
317
172
5119
4150
11295
7061
8773
10739
5705
6658
3554
15827
641
13841
10601
9598
8903
138
10986
7957
12293
7279
10874
15385
15567
8610
9759
671
4505
5680
8634
4823
5852
2106
13325
5499
9167
6099
239
3224
1109
3793
7403
1750
5986
2004
15700
3241
6495
15038
11199
2788
6318
10425
2173
10237
3035
11932
15260
11892
5964
7895
5067
11816
10001
2393
1315
3168
12844
5906
10744
2305
14051
2148
8407
8390
8504
8107
11631
14999
7145
11182
6139
1815
5607
8312
405
12994
8596
15665
8887
14560
11912
13954
14728
5913
4699
4396
13433
5895
10302
8178
12552
12706
14678
4959
5096
7182
13066
727
6182
8564
262
673
10379
5869
8986
10784
2864
5934
14802
103
8847
10714
2409
11927
4980
11461
323
2413
1356
14978
14943
13909
11684
13621
7220
5132
4804
4287
5859
15338
1203
10473
11
11582
343
13349
10719
7559
7636
13873
12014
4835
8587
2775
762
13567
14236
1086
4333
3945
4416
3276
6206
100
5250
13426
9584
10054
6065
15443
9392
7268
14269
13755
7203
14612
11105
6274
10523
2741
4147
10889
7576
1086
13664
12690
14654
11901
2128
7339
15846
6544
10615
6052
10996
4217
7830
4580
14271
13896
8376
12015
9516
6645
14123
719
9609
9228
6993
8484
321
15492
3373
12249
579
1037
13291
3585
12938
15420
10924
1136
5964
9891
11540
5313
14109
7723
14245
732
5619
6621
12748
15135
1618
10871
4207
11227
8451
15552
8063
13124
15045
11436
13725
15624
12474
11016
7561
13764
10436
2485
3253
4753
728
3145
10066
14837
10868
8311
15570
4839
3285
670
8327
4903
15893
12534
4483
12696
12086
12546
9820
15483
12335
11897
15107
13161
6913
11020
15277
1350
13505
2530
6103
14234
10028
4521
1423
4896
1184
5345
9736
4469
10367
6415
13725
14612
2949
6560
11308
3387
3106
9480
2871
3793
5377
6330
954
12291
1351
232
1993
14856
2762
12448
1442
12790
969
7218
6039
6505
12563
4127
15327
11283
10542
13052
9895
1843
3612
9556
5230
11070
3036
8101
14864
12766
14432
15818
9057
15783
50
15402
2991
7165
11850
8786
8307
1171
4
2698
7676
919
6825
7003
12202
5719
8407
6098
7562
12019
15654
12793
11442
7042
9246
14658
3808
7678
14476
1217
11813
2879
619
3157
14396
12469
11943
6703
13640
299
13754
9669
1218
8931
672
13421
14651
13432
7871
6213
9451
11877
7358
9245
2919
605
7903
11080
12635
10732
12297
12801
13611
1269
15958
359
13738
253
11414
15731
552
9168
13752
1770
2100
2776
3543
751
208
15766
11316
14012
15995
7027
7257
2915
11984
15161
2347
8619
9893
14644
5420
11856
4265
9730
12215
2004
9983
7629
6087
10535
798
3839
658
7250
6615
8553
12353
11176
12672
12021
9188
12667
3048
445
3934
15032
3958
6281
12004
2203
9278
1424
14059
13543
11155
10274
3899
9490
6256
9986
8378
11406
2177
13388
2656
13145
5941
15009
8321
6965
11030
5861
3633
2431
6306
7567
1463
10265
13849
13467
12468
11479
3244
14880
9022
2751
13506
12922
12241
3762
11260
8971
3520
1790
6359
6176
14935
653
9537
11608
7618
8920
1469
11251
11351
12127
2819
1166
10744
5020
14634
11565
499
6230
10445
13873
8981
12303
10795
9574
4418
10408
2546
7938
12198
8905
2467
15485
9558
356
15445
1177
9276
5266
12428
8979
1393
3599
10146
490
12971
13132
12055
1822
3362
10852
15696
695
11507
10491
10269
15925
9251
1167
12216
5449
10073
14683
4934
7983
3391
4379
9160
1020
9645
9941
9999
15391
1892
8497
15881
14864
9981
288
686
1695
15492
382
2390
10999
15226
1012
10925
8477
2179
11493
13927
12252
14528
7213
4236
1919
15945
1748
2939
13942
11689
1291
13333
13582
9788
1566
798
8122
1854
1484
9817
5698
6219
12208
698
5445
1572
15975
2274
3751
11468
201
4356
9996
11767
12944
267
11712
14692
7559
9654
14734
8850
11340
668
6990
12906
1466
15112
3113
7302
8930
8811
13521
9490
9509
7318
11062
13836
9593
14813
9304
14146
7521
7652
9913
4465
7920
5625
3158
15479
3632
6244
12681
14972
6912
3671
230
12730
7136
3343
8384
4418
12155
5906
13908
10016
1576
13322
7853
11169
12135
5509
13668
8009
13162
7581
12474
9434
1559
3984
13265
5191
10228
9946
8515
5492
1969
8745
6574
9105
12089
14959
13523
12596
9217
15783
10964
10793
13105
7169
10315
13593
12679
7983
5602
14193
3916
2076
7627
5475
6061
4892
15018
4641
3190
7533
14486
5159
4631
5060
14265
5072
4019
140
6020
13236
15924
984
8030
13029
12506
2345
10622
9185
14680
4576
11730
2596
6653
3357
8072
1066
12601
11442
10059
15791
7328
8545
9302
11959
13606
11919
1031
1625
12060
7051
14862
336
12387
11244
1717
8893
1941
692
6430
621
5268
2160
7569
273
9869
15641
1339
10822
15436
11399
14965
6764
8296
8268
2723
5902
4187
8106
11880
4599
3509
15094
9287
15896
10338
11005
13142
631
11697
3572
1252
5317
10085
8821
5591
3954
12815
6930
14777
603
6681
2094
7367
14978
10362
14442
9232
2902
6548
5112
11853
14409
4206
5141
14305
2896
4498
11447
3527
195
3372
9131
9864
13457
6305
15455
1411
3120
10738
4540
8075
5771
6635
15442
9101
5349
13884
2334
12603
8784
11798
8457
7193
4357
1950
9850
7253
6448
9650
10781
10995
13022
8264
4859
10479
14569
8667
242
6041
3405
9135
14116
9176
4122
13558
2278
13823
15794
8964
14779
12930
4762
7236
4123
9119
13538
2326
4725
8338
11976
3858
3333
13350
12122
12544
12181
10692
5211
12423
733
12968
9910
14850
10497
2384
760
1127
4560
555
10091
3339
1837
3205
14927
10313
12325
12465
12639
5402
4803
12967
9260
12488
10317
5382
9032
6498
74
2596
7273
5160
3916
1184
4010
14413
7920
9122
15540
12480
14029
13983
15819
15867
1189
14746
10180
1866
15563
6819
7268
4366
3786
4880
854
14103
10262
14239
8953
14689
5187
226
3849
9103
5762
12211
11869
13683
5333
11409
14515
7715
13745
2687
7582
3286
1433
1762
5152
997
12933
772
9715
5071
5652
14922
7526
4266
1513
479
2955
6700
705
11156
4155
10820
11719
24
8503
5405
15786
11370
13120
13531
14057
4702
817
3843
10816
10321
9192
7749
15445
2907
12820
5097
6181
4346
13715
7694
4825
671
14394
9882
179
2550
4702
11899
2574
1557
1304
6712
1280
14424
4243
15337
7478
9412
3180
2294
3733
724
10043
3178
3632
6863
12627
14165
15561
10343
5860
8738
15366
4254
2620
15545
11156
11675
11444
13731
1584
12748
4443
2864
15524
13039
6554
7002
6451
14086
9296
14537
14811
3339
6067
6795
14554
2695
4960
2467
1390
10820
11205
756
15075
2178
4653
14583
2205
98
666
3789
1198
5110
11006
5075
6501
1560
12077
1304
15646
9726
15841
14457
1417
10261
5252
15972
1308
10213
6791
2698
9385
1997
7806
12812
8527
12459
11396
10732
909
12062
14521
2108
5524
9527
7183
12025
15439
7612
1682
15086
1338
1523
13543
2756
136
7148
7080
1444
5713
13871
8494
15098
4220
300
11911
12747
1112
7307
11831
2021
3369
14705
8481
8894
12584
4016
9271
12024
11629
10953
11110
1319
829
13005
8427
965
8505
15507
6762
14218
1731
15256
1669
10303
3909
13580
11403
5021
9239
7234
11394
960
5939
8228
14206
2524
12244
7478
2900
12225
6783
14010
13545
7612
15367
5972
12930
7873
9832
3692
10443
15915
7300
12112
10218
11209
14044
5621
4582
7283
1208
4329
8244
11499
12557
6450
14023
8801
2280
5275
9379
9064
3285
6924
676
7005
1248
1958
14878
11080
5650
13673
10995
12951
9786
9566
12512
7830
15187
1095
15114
4747
9776
11710
247
6333
6512
2622
3486
13145
7898
12865
6209
15535
8141
11237
6540
9390
13196
9770
4470
7198
7444
3818
8501
1230
13384
5014
13412
923
10461
878
5671
4237
12588
5918
14922
7453
8540
6760
4598
438
3626
15159
15974
119
14748
10866
9509
296
4637
2332
11847
433
6150
4348
1663
7886
13714
15075
8809
12527
15954
14480
5116
894
8750
4038
12699
5643
10799
5649
6081
2777
4808
10407
2896
7909
9626
758
8205
2615
3090
4052
3048
13592
12753
4711
5478
10467
8138
2639
6995
12444
1120
12111
13339
14222
4502
14390
3865
3653
4040
14299
6430
13200
13058
13678
5109
6684
14436
1667
9299
5878
5719
12347
3470
6824
5410
13300
1292
13549
15940
12639
9993
5412
13102
11684
3634
1604
14427
7500
5257
2467
10151
11687
15667
7209
13718
9129
13894
12154
10796
11545
6385
4867
7893
9855
11692
13303
11508
1336
15204
15800
13975
13550
5212
11077
9234
13198
12682
7661
9050
6291
14480
3201
6331
14148
10411
4049
7277
12657
4555
6425
8202
10940
11292
4447
9148
6984
6103
4656
8320
5307
8808
10647
2857
14020
5725
444
15570
6759
12457
8621
1402
15290
174
7733
13438
10585
11782
9067
11594
4690
3844
8149
15630
15136
12596
13130
6121
2699
6138
2793
12359
14946
13441
15216
12966
7518
4012
12537
14277
4822
9510
15679
4112
9684
11765
5902
8622
7547
3321
4216
589
7165
12365
220
6301
13314
1702
774
13
7841
3568
12372
6787
1009
15941
3754
8527
8305
4643
11156
13127
14153
15187
1239
12189
10952
7141
4811
6852
10462
9028
7441
1627
9745
12013
12281
7059
13716
13055
11425
5557
623
7797
12344
5984
12090
4450
14511
4396
13445
14019
5875
15950
13207
7115
12140
8159
2608
951
15011
13071
14331
10805
3050
12429
6818
15331
3488
4534
12387
14913
14443
1362
11063
10788
7347
11505
3590
10210
15901
1036
8230
5777
5338
5437
1244
1478
1948
3852
6782
5312
5275
9465
117
12678
5894
6935
361
13735
15822
1100
1000
14265
2463
12063
9053
14162
11921
996
8372
174
6384
602
5951
11722
10391
11547
1553
692
3752
12687
6004
9027
10504
6121
5705
399
1408
6067
2486
1230
11519
3486
15496
13982
3902
12901
12144
15823
13897
4517
15997
8633
9471
10301
4356
8215
5848
10261
8907
9600
6948
3263
6980
5804
9384
1037
6203
10792
11456
13041
375
6976
528
15871
9310
8782
12772
5455
8605
15022
14324
8602
7655
12147
7255
12011
4362
1456
10624
1621
15408
5924
4884
6388
11729
2620
11778
6284
1765
7234
3326
2140
2562
8206
2011
11873
988
3135
1328
9593
2157
4004
6547
14165
151
2155
14528
8866
3611
9153
14839
3019
15077
8076
13760
10806
15048
9538
1091
813
5124
8769
7305
7687
975
13668
3560
6315
5156
9240
15908
7313
1596
10807
9830
6099
1314
8359
3317
4925
1512
2157
12297
4941
14585
14409
4100
13633
7947
5191
2799
1423
2312
14456
9110
3287
12125
1022
9602
1281
14614
13862
12946
210
13021
6777
10662
14336
15136
13979
7613
5000
4488
8262
14293
3073
6671
2393
5059
14618
7584
12210
4394
9896
10666
13504
1535
6791
2879
15489
12424
5845
13351
13723
6056
14725
8852
718
1413
12340
3049
9026
1340
7538
1289
15633
10611
7960
2027
4022
10931
13963
232
15325
12212
10899
1181
2099
6042
8412
1589
6819
14258
3292
4542
8666
2017
13394
13736
3430
14086
785
809
15426
12675
6450
3411
7287
2762
9790
15661
2045
12106
15894
5722
8318
15145
11256
10417
9539
3668
358
358
6278
3651
9252
14944
10020
10998
1032
13451
9084
1818
2612
12862
14493
13414
4626
10132
176
14416
14146
6574
10522
14040
12296
7192
1537
7552
5962
11076
11221
6320
15787
1499
9971
13391
4796
3992
12742
5828
5795
5826
11998
12759
7041
14844
10173
11667
13328
14701
10083
11474
5275
8958
13866
1572
150
3755
9124
6112
14832
8697
12433
2971
14549
10756
4714
3345
14748
1456
13525
8895
7283
13876
5654
2676
12720
15827
14343
14400
14529
8426
14227
3804
5736
12093
9728
5887
4201
2853
351
7385
11550
12784
10356
14451
11893
15070
1796
14993
527
3674
7889
12162
1550
1895
14838
2622
1723
13181
1022
4604
9959
3601
12760
15696
4047
10841
9935
8248
13694
10286
15633
13596
11423
9989
12048
11668
13411
2196
10661
2290
5870
2550
14452
11772
8798
1642
14394
10521
3175
3769
3477
1487
7370
4589
5535
11417
15430
15470
3665
1476
14108
3298
3425
13883
1639
3825
9551
15051
10373
8565
5693
4596
15467
8498
368
8265
10140
3115
7138
1668
6884
14967
3155
2606
3557
13042
14024
7339
864
6041
13168
14972
13692
593
1208
15331
8770
15111
2734
3143
7676
8428
7739
11496
5278
12460
3761
3770
15575
10900
5438
6459
9867
12945
9065
1776
9987
11441
9116
10851
1483
10636
14176
15175
11229
3736
2858
8351
7199
5593
11494
14876
2373
7586
14724
7651
8398
2485
11421
7973
13385
5212
2784
11605
2157
201
13381
497
11643
10849
11348
1478
5485
13876
653
5066
5964
7863
13417
13164
13456
13264
392
4181
9202
15116
184
1600
1601
11606
13925
3339
5170
709
14944
7327
910
677
12176
905
15879
11877
2383
5364
9753
7388
14783
15718
15252
12200
12882
1060
13816
1626
5242
11370
742
5426
1322
2343
5384
15247
10034
10554
15956
13330
6234
5219
14008
2410
6124
2239
14287
8508
7603
12393
15896
10738
463
3500
6939
1697
4561
9107
3323
9803
8830
4065
3581
10152
10760
8966
9400
9147
7872
13708
6477
2458
2927
8837
4869
13404
11076
7508
10264
7032
3901
10160
1770
8716
13661
13061
10413
6574
6169
13736
377
14999
6153
3958
13503
914
1276
6903
10061
13501
4612
4890
15959
11891
13728
4828
13647
8804
689
7911
4188
8942
6424
5959
1659
8437
3020
12072
15011
13541
14161
15388
892
4314
7698
14396
9580
13327
9651
7993
10828
14263
12884
10787
14507
14964
15616
12154
12120
4657
8418
309
13599
14842
6268
15258
7279
13640
11331
6290
11182
9492
10030
12074
2158
1728
14822
11739
15055
8474
8084
9883
11089
9320
4671
9596
8284
8639
10103
4405
1648
2521
9066
15247
5715
15334
14506
12994
12974
14189
7636
12508
12033
1666
8583
14191
7746
11757
14282
6802
4231
10719
5037
15321
4039
14060
13269
676
11051
11724
9433
12699
2597
2499
11947
8312
1833
14805
5306
3159
12994
12942
15668
13379
2960
12603
15922
10707
8360
2557
1509
944
13276
10898
265
5667
8959
1886
6343
8362
13611
15776
5062
208
2275
5361
8521
8460
4166
2179
11620
5512
3474
15640
2891
6434
595
2813
1141
13307
5370
7002
14251
2646
1901
2868
8314
15212
4755
3009
7574
2366
2786
988
6926
9413
6349
3799
1874
10515
10331
1846
27
13805
5838
2918
8591
6433
10084
14085
3740
15454
5087
6344
6453
11340
9212
3119
10552
13967
6128
6479
4685
8914
7467
11612
2328
13817
3763
8554
12684
14094
14752
1064
251
4590
3982
13195
11023
2418
11280
3115
1873
367
9459
12678
11708
2672
15797
10612
4991
5925
5443
9677
3192
12911
9641
9872
15080
1756
6778
11764
4203
5530
12828
4454
10120
5163
6001
9495
7581
1281
12610
13806
6001
10422
10484
1709
1446
14633
673
6437
4559
6117
4466
12103
7380
14107
5975
6460
15864
1105
6576
4067
6635
7757
12873
755
1272
2875
10250
13205
4156
11212
15364
10157
9986
14200
218
15784
12834
5244
6222
1393
11361
10688
1848
7093
13148
12175
13553
13012
13280
8481
5431
3915
4590
2304
4670
5862
9531
3272
7420
13688
2836
6784
12197
1175
4984
768
959
1818
6012
11533
7563
5725
6222
13763
12818
3370
9938
14723
4734
7218
7204
10165
11133
11795
821
4155
6009
10353
11779
13429
12393
2968
8565
8590
8495
1902
13710
9454
8072
3722
4988
15636
9447
15562
13399
10617
7284
11690
9340
12018
2908
545
10535
2394
692
11356
10901
11053
10061
11033
12835
6454
14001
5400
15045
6496
7302
12755
4302
15375
4830
13642
3363
2629
13204
5114
13247
4488
804
6587
4858
8065
11484
3745
10459
12176
3454
9712
11582
13515
4745
8417
3970
2746
13817
7367
13594
9472
8474
6249
13199
1656
3891
562
4286
1096
10028
1533
9936
15185
12472
3147
7250
7957
11244
6061
8485
14698
15773
4067
12214
8871
12484
4536
11617
14654
11903
13564
8126
8729
3813
5325
10386
7704
10239
14672
13152
8619
4557
11441
7804
1029
2940
15054
13338
14184
9467
5824
12883
13593
9891
9097
6464
10728
1985
6433
9382
13888
8349
5860
10969
12162
15537
5355
8219
9776
8379
9723
2395
1288
5164
14552
2318
8104
1958
4008
6289
11426
9832
7524
13371
8076
621
3835
2804
2606
14620
538
4846
6970
6398
4167
7484
5935
9523
15703
4063
6254
9427
10810
7543
2943
9362
14213
15400
15673
2221
10041
11099
406
1565
12822
8482
2186
657
15638
9144
15277
4528
2342
10599
15278
6509
2084
9565
4384
6139
13628
14991
3918
12790
6534
6862
10505
9099
6262
10178
11320
303
9629
11726
6220
6451
8560
8406
11460
8198
5902
15089
12726
12596
9689
356
7457
11773
9921
194
1912
7549
15185
10183
8692
10071
1045
3197
3170
11659
1727
2842
314
11356
14569
6534
6159
11481
3292
1619
8032
13546
708
4758
10142
14749
5115
5951
10522
3388
6145
787
10938
5330
10970
7982
15401
367
15531
2571
378
1258
9766
692
966
12687
11578
7125
8168
14870
8744
200
768
13804
9311
15262
12554
2778
5213
11428
6166
11359
567
5456
689
11537
13438
4443
256
12969
11366
634
2579
5132
5678
3545
1819
1256
10670
9988
4478
7766
10188
5246
9923
7851
4508
6477
10629
9722
1905
796
9433
2473
6252
10122
2362
8043
2917
2619
9364
14284
7605
11944
7768
13284
15489
9588
14540
14512
7928
3019
10630
2116
12617
4553
9968
1126
11030
8949
15200
1288
9745
8633
8113
4350
7107
14827
12393
10025
1446
5757
12661
13404
6053
4429
10688
9895
2369
13580
8407
10297
599
7389
766
1569
11943
10734
7047
11325
8035
6247
965
6133
3232
9078
10483
10339
7906
11228
8716
13704
5337
9729
15460
11391
14159
10148
5286
528
7729
2045
15178
12680
9434
15944
14249
9729
15030
5296
5055
7065
15895
10372
13198
3127
3451
7681
1819
15709
7261
14887
1765
12599
8617
1226
12342
11128
15726
5980
8
7455
8025
15186
8488
5811
15130
6737
15541
14160
386
8948
5226
281
3320
6776
7761
11123
2810
9580
10832
10071
8467
950
11022
5436
6528
7364
564
6254
1696
573
2062
14073
4111
10550
3885
3242
1287
7778
5754
6025
726
15332
6307
4046
6109
2420
15170
8919
12000
14354
7342
8819
3656
2365
14256
10184
14081
14820
4791
4130
3745
6853
2203
12209
1403
6088
3803
7042
13866
9557
13068
2944
8890
7727
6991
3351
10147
10513
622
6147
13219
12316
14966
876
3033
1574
15412
5467
4747
4203
9597
8492
11056
11800
9053
12459
6241
12856
7854
4107
6414
4922
7052
3656
12649
2395
11359
6796
12908
333
12943
14479
12649
261
15355
15683
6188
14768
5150
10935
7323
3099
7779
2380
14899
833
3191
5140
13689
11045
13600
4103
4319
9004
12111
968
15751
7470
7764
1011
12155
9059
15490
8805
13673
14846
8488
3861
1966
1990
14796
9289
5089
10927
21
8340
11760
7565
1833
9450
6962
15433
1905
11282
12789
2369
12250
12540
14191
8367
1903
10347
5778
1393
3152
3451
239
15992
11664
6557
6334
14812
4199
15775
9740
4220
8115
5500
137
9948
3302
7100
13733
5208
6734
14874
11929
7336
15766
10120
15703
1669
4467
9834
3063
7619
1637
7654
11963
13302
2564
2297
466
6763
2072
10206
15335
14540
4059
15473
8488
7361
10925
10574
921
1659
13800
12850
13347
13567
6971
1403
15236
15790
11237
6651
7410
12874
14306
7725
14528
870
10023
14995
11985
447
9201
11320
14987
1612
15145
11828
8974
10070
10754
14247
81
8554
11098
13429
6121
6421
14832
9710
6211
14421
361
1973
15647
3019
9699
14176
8241
8074
13171
4226
8521
10724
3899
11861
12337
3044
7689
9663
1467
2443
7910
5900
15349
7360
7681
5471
13781
10865
3533
3993
9286
3894
10318
8934
11266
8369
11462
7859
443
8633
12086
13317
7709
4337
9178
8398
11733
5219
2061
1552
12014
14324
7453
11363
5684
3486
5186
3466
14352
8719
11811
11990
966
10481
9276
12232
2851
4738
4091
3294
1723
4529
4963
9433
13218
14141
6183
8952
7712
12597
10504
3726
10921
6309
15090
605
9796
8628
8423
12500
1348
8586
12842
2314
3068
6119
2898
5919
10857
6989
13565
12581
15871
2529
10366
13089
5022
4901
10393
12735
1498
4898
461
771
15559
3903
1377
13707
12532
14152
14559
13880
6739
11402
4546
14159
1521
7444
4078
730
2785
5995
13311
2656
8524
12029
4098
13547
931
14491
10282
6781
7741
15095
7553
7301
7351
13282
9360
3883
11434
7920
6115
6525
3322
10661
4684
9195
6457
13114
9925
9242
3110
11589
251
15986
11970
4349
1885
12901
2840
519
8035
10582
15615
15588
6235
6966
12870
15595
15201
12656
7515
5316
7534
15189
4329
570
8384
10786
13685
6662
4028
5147
2251
4279
9485
14221
12980
11371
15475
15821
11890
7510
14755
15857
11450
4990
6823
12672
4585
6024
13680
453
15692
5214
15642
4021
5785
12379
14807
7822
3041
7188
1321
5292
15819
10806
3513
12800
10529
7340
973
10772
3202
15728
10629
14652
4718
1453
15676
13655
11829
13357
14108
11522
6923
13751
3895
12708
10130
7055
8882
13171
14243
14555
6815
2414
13714
14680
3566
8243
6021
4539
3015
9223
8619
13645
12228
13337
3450
256
15345
3631
13613
13453
3505
4537
11204
7401
5597
9686
14456
2832
6857
12699
1387
2024
3465
15101
705
7032
11697
6726
15923
14712
4301
8543
709
4881
10232
8511
5138
9577
12143
2751
7031
15648
11640
6587
11401
5590
274
9857
8422
11483
10908
14161
13508
14374
13263
14213
9758
13312
9291
9681
376
1944
6576
1086
6826
809
13949
11964
10386
14444
3067
5769
2445
3060
12357
13846
8650
983
12056
5424
818
6964
3585
14326
9690
5200
891
3448
2512
10182
1482
2889
479
8058
8327
7305
13219
6276
3269
7606
9073
10688
1727
11518
13748
2436
13716
6398
3419
9772
11822
4238
737
3760
6916
14779
8960
12160
6580
15825
10694
8062
2714
11173
4472
15393
2478
1692
10021
10099
13650
3094
4788
15377
2964
2536
6166
681
13287
9585
10453
13461
2175
15542
1221
13444
14322
14534
9604
4902
14359
4298
1316
1073
15472
10140
466
6302
11832
14839
402
13834
1934
5190
1564
4898
12078
7730
5579
13717
5667
4385
11179
12195
3927
752
9639
2249
15286
7595
11503
13645
11893
1171
3070
15717
15664
7888
6020
11496
6728
10774
13683
13014
4316
15247
1912
394
6977
11844
2464
996
229
13643
13191
4156
14395
11182
10758
2034
2777
10613
15679
3023
137
7102
2740
15801
3342
13112
15649
10070
7886
13332
7084
12202
931
13349
949
12260
13545
3413
13257
13774
5408
14800
6282
8155
9983
5392
10189
12760
6
14221
15783
4495
9675
6876
4296
13017
8340
3945
11440
4579
5630
6876
5133
6561
4225
6082
2822
1770
13847
4431
3896
7607
3231
10179
15763
13214
15571
9952
14327
3929
12525
14110
8424
6200
9338
1072
3218
1679
9370
14658
6258
3352
5534
11391
9913
14112
5826
1087
4234
8025
9870
8131
15633
13102
6662
15396
14668
10585
13700
12995
2867
10226
15458
15643
4778
13148
716
12348
14827
14438
11006
9437
1790
4893
9181
55
7357
3359
1143
11591
11384
15365
8074
15369
819
3088
14765
15488
13674
818
835
541
15396
4645
184
4174
1794
5252
523
4973
3690
15881
14411
5480
9126
11944
9888
483
15303
15383
427
15039
14748
12853
14409
15568
15942
1526
3408
1968
2344
4243
6861
6092
8889
7045
10267
10683
650
15142
15656
8692
3375
2419
2525
12502
2715
12413
1337
2018
11796
6116
5410
10544
7322
8171
14464
7264
9697
1872
9232
394
6116
93
6486
3357
11490
5105
2392
492
4247
2048
9185
7623
8820
62
8477
11535
12475
14166
1906
8271
8635
11668
7167
15957
3839
9984
11573
13536
11856
9157
2282
6324
13602
8769
14033
13444
13874
425
13937
6474
6826
11474
2449
15646
11536
15278
15533
12363
13444
5791
4634
10431
1459
153
14740
5298
10137
10313
7187
10346
7822
9469
5022
5424
6590
3056
2869
4465
3481
5158
10939
10307
632
1740
14305
520
1018
2191
12883
2814
7982
5869
13246
9442
6022
338
3092
4512
10652
10279
3210
6826
8101
8232
12251
14691
15640
3472
7508
3122
8630
6799
1781
9262
8539
4439
9782
9557
6630
6665
12372
2964
12534
13970
758
6908
14308
3851
15772
13312
14130
7334
4139
6231
15567
390
9275
15207
3862
783
6681
844
7583
12815
10106
122
5606
8240
9680
588
3257
10404
3552
4143
8374
4311
15403
11034
12514
15176
8347
10644
10862
12486
5228
10429
1228
2855
13989
9442
3638
9022
10286
11221
10189
8744
15696
15795
5336
13728
383
8593
8132
3936
12736
4858
12599
491
4244
9113
4019
12591
8109
14882
13429
1689
13663
3009
4544
4
803
8183
9027
11089
7756
3216
8185
11804
3012
13521
9532
7747
10466
6016
11683
11554
15226
12634
12046
3471
5747
65
62
2209
14947
1844
3898
963
4853
8443
967
5657
4978
9994
5098
1086
1563
1636
12891
8927
3509
10775
674
13976
792
710
9530
18
13344
5576
3489
7444
9994
7904
9653
13293
14100
1903
14256
2953
14698
15224
12962
8028
13570
6413
9115
3485
12401
10358
12412
15910
5133
1439
13886
10277
2149
11769
10296
3845
1345
2137
11289
15691
14393
9294
12985
12493
15550
15593
3799
2600
3169
5113
10629
5092
15878
8096
8577
12279
6806
9342
542
11939
10781
2780
6217
12930
14549
4865
775
4247
11354
417
3938
14100
14063
5275
14945
1965
4869
2744
4566
12390
12210
15195
1482
12088
7291
10060
12720
14097
3402
13262
14388
14183
42
8957
15465
2944
2174
4592
7191
1881
9361
11129
15981
7425
4757
3278
13742
13978
6023
2308
10368
6585
1503
11851
7025
13146
5911
3745
15595
13665
5359
2336
200
9754
11293
15665
12698
1820
8609
3889
3701
1971
3370
8034
13748
8127
11312
11490
6105
5687
13799
4826
12272
3654
677
3298
5153
10940
11395
4748
8605
755
7084
13157
14861
6730
1174
11559
8550
9783
3800
603
106
7170
12989
2206
3650
12653
2049
14107
2341
4200
2933
2965
7854
7962
10615
13007
2902
6011
6108
15859
11118
1544
13016
9979
8274
14190
9890
5176
12326
13690
5779
12432
9212
7120
14639
1214
3774
688
3674
6115
4888
6607
13432
1094
2922
8048
14102
5824
2411
8562
10036
1881
10106
7052
212
6733
9595
10102
11909
5921
12144
6041
2353
9708
13161
5344
10923
935
6032
14597
11402
15272
9556
13187
367
12478
5235
2821
6655
11998
11383
5043
13879
9841
447
14091
574
10042
12545
836
15963
13041
6877
6669
6749
8390
12013
6024
13678
6398
8973
13432
10022
2530
10619
10389
3360
4206
13210
14367
204
12945
7762
2435
11139
8210
4878
11713
2252
5775
12549
6568
2816
7778
1589
13918
4521
1954
8294
2199
12704
1268
15631
6727
8150
14603
1116
15862
2809
2679
14230
7366
3976
5992
14153
15115
2554
7384
15181
4807
13159
82
15727
4328
12213
1316
6598
734
3270
14892
7285
4327
160
11268
11054
8310
9871
12170
8173
1033
3201
10755
12751
11530
5099
15256
10645
7654
6640
14178
813
8152
2613
4892
832
14826
6208
7430
15560
13830
6322
6845
2157
10835
2113
13211
7497
337
13734
4022
5722
5287
3129
2473
817
8229
1729
15815
4235
12722
13993
9400
9226
4958
14292
10058
3784
8852
1488
7696
11034
12162
14541
13192
11349
5007
14755
2847
9696
841
6869
15418
6129
9999
6243
11298
6580
12324
11113
15167
9046
13459
8567
6624
2417
11211
682
10554
4063
6522
2250
15097
2685
5144
641
14034
14503
3749
5233
8199
4590
12103
11969
15071
10454
2212
10370
1034
14536
9835
4553
11935
11646
1472
2559
2416
12683
7594
12970
5098
14116
15220
8547
5153
4364
13541
7540
2867
1290
12773
15418
10232
13228
11387
9304
7682
1951
8026
13068
4840
1861
1621
5127
1860
3093
7686
4276
15776
3632
5598
9226
1749
9170
1774
11254
13535
3667
2794
4754
4957
3920
8525
15189
1148
8264
12845
13183
10216
4871
10251
15056
11085
11873
4183
1297
3318
221
5573
3095
8206
15523
673
14307
8693
6799
9561
10580
10466
708
3687
3775
8980
12212
7317
10128
4476
4162
11663
3044
9034
5915
2100
8471
6140
10635
9768
9458
15209
3693
905
7415
3216
1579
5722
11909
12730
3635
6490
7197
4343
14529
15324
13323
10741
6641
11804
3569
10804
7467
6614
8190
1734
13066
661
7874
12054
14781
1333
15615
2474
6590
7030
10042
8169
1104
5951
4900
9091
793
449
1787
15322
15773
3462
14415
6415
15266
6337
5571
11086
12951
13761
1172
14369
2774
9047
14775
1555
14732
14390
8381
5322
9772
2423
1844
10876
12726
11096
3968
1872
15897
5755
5546
15670
9217
3962
10437
12836
10299
8
12274
11602
2121
13446
14323
4895
10845
13099
10802
13929
11489
3183
7604
9614
9958
9448
4490
6685
8896
12810
8557
8793
6917
14103
12815
4487
6417
7253
5675
5068
11613
6301
670
2087
8099
3346
6982
2945
445
6137
5226
286
9320
12830
9900
3279
10630
2743
14316
3526
3905
6873
12319
15175
9328
9135
3662
15746
4740
13689
4814
4705
3990
9837
6792
12089
13183
2127
3386
1980
8264
8613
6618
5936
5443
519
13567
4426
7614
11883
7952
11519
2756
8624
10694
12085
6111
2708
183
10851
397
4997
15556
8739
14834
10701
4829
369
12828
8215
2349
5092
828
8968
11028
10624
13839
8596
15050
9805
4479
11354
5324
11588
3978
4371
12025
10089
11431
12208
9292
181
1205
13201
8920
4392
7902
2101
4761
4730
10317
7111
14174
15497
4431
9202
14473
2270
6150
1875
12075
10630
13230
5751
10570
5560
14474
6595
15650
14258
7155
13294
14439
8360
10495
11711
1104
6749
13813
5866
15831
12482
1329
14005
331
5760
11560
14805
12382
1710
680
8457
692
2262
2560
11262
7823
5387
6209
11825
3645
13364
9119
6436
10077
7967
2147
11181
3068
4312
5399
2900
794
6728
5257
5478
12488
817
8635
8870
2528
9315
5679
7572
15930
12592
7187
7753
1979
13396
7930
9976
15113
1049
412
13542
13368
6911
13075
437
11224
2475
3337
370
9203
8594
10200
5692
13764
2835
2914
4644
503
8594
12216
433
5186
3403
12538
11517
5152
4468
5493
8617
9869
5905
6159
7238
1168
7586
7675
12392
10061
15364
1115
3265
12310
11315
13309
10074
14151
4575
3070
14654
1521
15287
3439
6707
7042
15977
6576
12194
8797
12069
9163
2666
6326
3674
9904
7495
11261
5931
3887
5322
9647
9354
12939
10310
9022
14600
8736
7173
3176
11807
10179
4697
11094
1970
15757
2136
1947
6333
2683
10744
6755
11846
1762
13081
3873
19
4576
15134
5950
12816
4456
3950
6170
5748
14260
15192
8700
11348
10717
11876
7155
9248
4926
2249
11218
9035
8738
1517
15368
15773
613
6123
15971
2376
7557
3844
2395
12133
2978
12697
8949
11787
647
3472
5887
3259
7016
14587
14608
1734
14816
10115
15334
3742
717
14905
12777
13807
422
497
13580
1036
10973
13551
7764
2530
5748
10159
3015
13078
11208
11965
13217
208
15437
3104
7819
10805
1692
10779
891
508
4895
226
8602
5612
15131
9731
3419
3905
10228
999
9293
9553
2902
1057
12083
13002
15568
3451
10081
15129
15416
7298
15337
3205
14755
7156
14010
4799
1936
14902
9659
6831
3480
2261
795
6963
344
4214
10868
10572
9565
8514
8478
819
9571
8913
2174
13492
12364
12255
12621
11780
7905
310
3337
11012
7466
5700
15811
13754
8954
9470
8937
12434
83
9732
3397
427
2298
2617
15352
215
11131
7830
5387
9055
743
7561
10899
13108
8168
7520
13240
4425
12182
4930
15438
3648
10630
3601
5755
3584
1424
14692
4370
1507
12777
12119
6287
3427
14736
9991
3643
14220
6173
9030
11627
6916
4943
6526
8376
13111
2398
9969
5888
14580
14899
5326
6580
13881
8928
12335
5817
10352
15380
10187
211
509
10658
10850
3936
13746
4841
11931
11966
11014
9313
11945
6283
14256
2471
3011
15719
9221
12980
5608
12153
231
10934
2734
2464
8214
3421
8281
6918
7153
6820
11482
7662
1478
6332
11599
15225
15526
7530
15543
14892
844
11489
9527
3452
2312
12539
3172
11534
13871
8780
7687
2455
3714
14773
4919
281
2195
1553
7199
9348
12725
7033
5363
14204
13366
962
1781
1244
12844
1324
4488
2040
1165
14016
5493
3478
14907
8665
15012
1130
5797
6699
3585
9511
9825
12857
14144
12020
2762
9696
9720
15487
729
15083
2043
2447
4397
3824
3691
5594
9501
8180
7634
10666
10548
13127
14144
13807
10144
13156
14937
15941
8208
6875
13805
2033
3732
301
2405
10846
9997
477
10333
10727
15561
12377
13174
8310
4553
5218
13904
14054
1750
5539
13073
12298
7018
11217
10105
5515
12726
13394
9808
9286
4269
11965
11319
12353
12267
2076
7199
6264
2553
1533
991
6466
2262
2518
14777
11167
7736
1033
9222
9486
10924
10647
10136
6295
5864
8593
11810
2590
5987
5618
11876
10257
1584
11547
6610
2203
1975
13810
8467
4529
3695
13811
15347
10309
329
2476
5476
8065
3510
3050
5903
14434
13697
4391
4729
3562
12984
4891
10504
2971
14862
10733
1580
4798
10632
8191
7001
12608
10353
15468
5489
2400
13279
4836
12709
13608
7313
2185
10025
15175
5236
4280
13609
7285
8671
6691
10847
5655
11582
9704
12979
14796
4437
14559
3594
3421
11102
10595
29
9807
14416
5518
12207
11695
14707
13268
13656
10372
3806
12033
9547
9042
314
11508
327
13337
2199
15527
2993
2134
9231
4324
930
2020
7235
8877
5441
2338
3472
9823
497
1888
3693
1057
1936
2400
14325
3944
12772
2131
15977
6319
15525
4643
1828
4205
1981
8379
3732
9326
14865
1315
13650
15796
7687
4885
8673
1480
11575
497
11303
425
6738
3349
1482
8674
5749
4159
12618
6874
6291
947
1545
10168
5591
7725
14373
11924
105
6457
9602
14970
12124
7252
3118
8163
489
143
9644
417
641
9299
842
7379
1000
6676
4405
6750
10835
5375
1976
5478
6322
3521
3999
265
11247
2372
541
15704
13182
10143
3026
13658
1395
6145
5822
6237
10640
3818
6654
11281
1469
11848
7012
2470
6876
15769
13572
1711
5144
15548
11542
11467
7421
15541
84
2668
6265
626
6724
3447
10769
9751
5458
517
4248
11280
6754
14888
3450
1760
14522
9271
1960
9886
93
8836
9656
13665
14899
14800
1565
10441
14619
8987
9982
14704
7
248
15330
6732
8047
14451
4835
13505
14968
9083
13137
10074
12323
4939
186
15197
14211
6498
13436
14304
15334
7092
322
2586
10244
6239
13027
8864
15226
11362
7568
15234
15962
11250
10318
8009
14053
3505
9867
1374
12588
11356
11448
13263
296
15987
813
2859
6485
14249
5515
10172
5341
10189
1110
15585
429
14137
12801
4007
13851
8721
7593
13813
8323
1911
10175
6377
5416
8394
7751
6356
3750
7551
7972
8398
11890
8785
15609
6728
7034
9477
900
727
3666
6362
4664
8447
4499
1466
12455
2351
14539
4048
4516
6863
5960
14691
13240
15728
7085
9343
10437
15188
894
2409
7586
12785
15546
11548
7865
10932
5025
8765
11
13043
15127
4675
5491
7978
10493
1946
14681
9033
5994
3198
4248
306
6241
5840
4387
13327
15183
14824
867
4429
5585
8453
5566
9483
8353
13431
8767
13378
10548
8778
10422
14027
1805
15913
6006
12299
6211
9039
9684
12205
589
2284
864
6831
8124
5251
8510
7307
8427
9377
11736
2364
6182
1303
199
14536
14734
8966
266
9283
1744
10688
7310
3549
14953
1668
4200
5164
15060
2236
5722
15649
4520
6586
6480
12644
189
3342
3951
12968
1071
4040
15332
7254
5343
15531
10142
8429
8497
10408
6064
14593
9449
1727
2142
8402
7747
10695
1919
6807
12931
7641
6457
1452
2579
1289
14096
7120
4632
6400
4088
5703
10440
3420
1309
4135
7303
15803
12564
4152
10212
6981
2745
8013
8708
9239
415
4807
3934
6686
11615
866
2679
6424
2318
5258
12065
4766
730
5049
11166
4818
15105
9958
12590
414
14093
8245
218
15010
12397
14782
5991
3494
6795
3051
12734
11562
12210
5020
6601
7825
5886
9280
2601
12556
2891
14667
5675
3621
3716
841
8440
2821
15152
9382
7588
13245
1628
12158
12255
14025
10940
6598
1520
6087
14001
2606
6001
10212
7626
12602
2037
1865
5883
8991
2773
13126
7658
8448
747
15726
13642
13539
6900
12794
6922
14488
10039
8550
10646
10647
10927
9938
1245
799
4377
15247
7757
10378
9459
15384
6981
15848
5601
1216
13191
8374
14342
4849
823
3441
8928
14465
981
15828
11259
12255
2668
9650
9157
1666
4297
8436
11604
9895
13588
15981
13494
5345
10359
6953
9081
5692
11153
14682
6908
8345
7057
5250
1546
12232
13044
14826
15049
2377
14654
14660
14632
5674
8310
12141
7340
960
4577
2944
10855
2165
7277
8349
11863
5989
3654
4944
11681
3159
7979
2590
11504
15036
12192
1403
15620
9236
229
14669
11613
3236
13329
14597
8910
9991
15090
251
10951
3668
7547
10158
10185
14825
2507
6048
4814
10513
15345
495
13673
7324
7437
13529
10712
7982
14932
10332
5570
3514
13353
5536
6750
10682
4133
15660
9025
3224
4263
3977
11244
11811
14135
9781
10636
4995
4182
3802
3860
3527
8649
1533
10851
4439
15063
5563
12421
2347
4247
1991
5861
1600
11879
12611
634
13
624
9659
7589
9239
1988
7185
5050
4476
966
4038
13823
5148
12192
1683
8675
4842
3217
7878
9281
6632
13441
10054
8979
6040
397
14841
7640
12277
15804
12626
12290
4780
10638
8231
14020
12626
15416
3070
5454
4734
11461
3277
9883
7653
9313
2558
12495
882
14789
10128
7514
12230
4182
4845
6623
4580
3686
14263
5209
7843
15242
5851
12623
9880
14082
10643
10858
1850
2066
313
6584
13527
7942
467
9532
5607
7378
10380
6489
6167
4508
2355
6749
13043
7201
13372
5975
15239
15988
11184
11434
15230
1035
8058
9110
3469
7053
3968
5319
9119
8633
11903
6646
576
723
4531
6183
8101
14911
1025
2620
3419
3380
9369
4814
14933
11094
10789
2525
11082
10325
13959
14664
15712
6017
7774
3181
13071
94
8500
6190
8728
8756
1189
13656
9479
5720
3839
1580
8983
4864
8552
754
12597
1921
5569
11530
1367
4710
14055
801
15036
367
15465
14748
6384
7239
6282
7807
11686
14782
2350
4414
7538
7891
2070
1017
1963
10261
6949
10946
3478
15501
11700
75
5775
1269
15957
7142
10332
2365
12296
9368
2732
11761
12468
13468
7353
2750
5276
3039
5885
7626
7453
13423
15517
13875
2793
1480
8136
14094
12426
11614
13596
12478
41
7723
13748
4351
14865
8080
6716
11161
5800
13800
11275
6620
11268
2628
13723
544
5667
3608
12522
1472
5383
391
15347
12528
1871
11835
10623
2649
7450
8219
15128
11843
4294
1228
194
7511
13660
11262
2673
3460
9062
2300
14432
8683
4928
12155
13579
14947
15763
10102
419
9499
10493
4118
6027
717
15953
650
7718
11755
13221
6846
7599
1515
12426
12145
9027
10086
7408
52
1898
4822
2352
331
13505
11632
12486
11085
10579
12250
9539
15350
10101
8384
3468
128
9101
7773
5131
820
3529
6704
12018
15480
8220
8445
15977
5599
2531
11737
10003
4430
560
707
9113
2417
12339
5599
1854
11270
6201
11393
14972
302
8130
2440
4783
1231
14565
9914
6403
2094
618
2422
5926
13190
15219
5904
2789
6102
1641
1144
14884
6553
1851
7997
8971
2542
13597
15177
2164
3798
10571
1136
8453
7053
7928
13236
8284
6494
7150
3040
12940
12120
5462
2867
9311
9033
13123
452
15135
3116
5949
14020
9670
7800
6017
6993
14695
7966
6170
859
117
5093
6348
8570
12146
14276
5806
8783
9122
1308
11823
6063
1780
5637
8930
15443
14670
10405
15896
2157
13521
10197
4529
7191
6349
14899
2536
5044
6865
8707
10256
6982
13800
604
3904
14299
3232
14062
7082
12355
3722
2905
2418
5503
12894
15700
4946
15916
10105
9194
2073
11978
3391
6603
7522
9741
5502
10058
3137
719
7117
13393
12054
9270
2349
15958
7569
5582
14021
3003
6289
6095
10260
13059
11598
7154
12759
4897
7070
11216
14091
9143
7194
5835
4098
3068
3928
9600
13127
7065
14672
8596
8811
10726
1866
15512
10684
9435
5094
13057
12438
15735
3153
6698
12794
3103
2204
9553
8000
9274
9121
10444
6770
4668
4631
10868
7736
8559
8821
9215
3976
7493
1812
12787
2219
3678
12300
1255
1466
5746
14313
2256
9834
5818
13307
6628
8921
15511
4534
5274
13138
2007
15718
3908
6675
4349
3128
2764
1260
301
11979
5236
7794
2143
6376
14365
10174
7028
15621
11640
1126
2286
2248
10960
8104
15555
5941
5377
15067
10475
10651
557
12482
14721
4465
7510
3070
11945
10274
8682
12247
10605
2271
8393
1101
8647
6759
11275
4027
10732
11267
5153
1370
13515
4466
13826
13071
10407
3203
490
9234
2207
5399
10068
928
14216
1578
8351
10161
204
1033
10760
15162
3304
3154
263
303
14265
11538
8682
8997
11157
2188
14719
8672
6654
12545
10095
5413
4100
14937
14647
6307
4336
13067
7236
2552
14646
3939
1066
3202
4972
11826
2364
12629
14980
2627
1284
13245
2517
14319
10594
13674
507
9313
6347
7161
5858
4794
926
9959
3732
3925
266
12420
992
11854
14973
15638
15793
39
7193
9118
11865
9557
10099
15198
12185
15735
12443
14702
14054
7038
729
14561
351
11428
10074
10562
222
11000
4521
8306
14925
9139
4727
15918
9346
8052
3908
13491
8091
11101
10961
8308
9011
5060
7506
5196
9148
8302
8250
7202
3692
13331
10116
4043
8759
8542
14605
13334
7895
7478
5640
6820
4970
14719
11090
14316
6771
3351
11807
3214
2804
6769
11523
11815
181
7381
5363
9329
4035
13614
4884
7727
15297
3352
11771
8057
11894
14728
5391
3789
10559
15383
14962
15529
14103
14404
13845
4874
1755
9652
8089
4560
4773
7964
4727
9307
15345
10091
2636
3381
12057
11872
11108
11354
15224
11231
3411
15471
14312
13154
3260
8871
12538
6574
8400
10641
4979
10597
15515
6734
8601
11956
15646
13375
3920
8726
6682
7618
2817
13670
15351
14874
13895
14811
14580
1471
10043
1992
942
12707
3498
8555
5578
36
15129
2330
15029
4108
12927
2897
15195
5528
14853
3193
7255
2774
11919
2289
14744
14736
4312
14095
1962
2207
12906
543
3678
11301
6887
8973
8008
10385
1528
1938
14774
657
4268
13803
9118
5547
700
8313
11076
15554
11506
6683
6680
7426
8973
5424
10514
13285
3519
12477
15492
4777
1372
7522
79
8259
495
8087
6996
6375
10026
5770
7033
14294
7926
4503
3842
12978
12816
3270
884
12674
9953
7564
4100
7278
1340
14615
4563
9211
15444
8407
13989
816
4282
14068
9075
4777
10507
4423
11153
4533
14546
6538
7180
6472
11041
15374
3450
12209
6996
8687
8883
5301
4603
1336
12580
5944
4303
5495
15155
3747
13903
1496
4563
2185
15564
1990
11314
14424
10765
10819
2957
9311
5709
14489
15783
5102
13863
7586
1311
4859
273
14547
10161
4876
15883
6741
15172
4186
588
2680
7933
14491
4176
848
5028
8093
7190
4695
6517
1955
15514
13826
11267
9576
12316
15402
14678
10179
11340
15990
3391
15965
14537
1904
9194
2772
12997
8366
6958
13585
11046
3243
429
3575
8443
5457
20
15633
14504
10889
1588
14019
8715
1207
11947
9383
610
10625
3563
11950
14967
11306
11916
13504
13210
9462
276
10207
1828
11586
12144
1227
14829
12573
9154
11624
2031
9174
11257
4887
4063
1198
7258
1130
2405
3205
10514
7367
13831
2429
7670
12798
13735
7938
14655
15297
1400
3283
13856
3228
14870
10000
8807
2051
6574
1961
13676
12957
11135
13285
1844
3550
14483
9103
9033
889
12308
3547
12608
14491
10328
4278
11290
8063
12216
9945
11712
13616
1580
9568
5197
450
3568
14004
6854
14494
15966
8882
11451
15453
6167
1648
7356
4651
10751
389
9892
11411
8288
6500
9903
2616
10779
9545
10679
11347
7842
10743
8964
9422
4311
14161
14225
12231
12165
5079
10726
483
2313
10529
15937
8480
12177
11645
1483
11280
12034
15727
11044
4322
6228
9299
11290
5359
2844
10321
706
10686
5064
14022
4108
9375
12183
2333
9958
12701
11764
9036
1536
14077
3566
5825
10910
4095
1470
12393
3728
1856
12121
3124
10530
6701
12423
5820
412
15267
141
5470
14305
5205
3493
2413
2932
4028
9099
12891
5081
9215
10279
6618
11645
13845
12443
6555
6293
2266
7300
14373
4122
7773
1497
14653
14474
13920
8825
3238
13187
8967
8709
15844
14172
554
6609
5457
4582
4060
6700
14016
13276
979
4634
13273
3177
5429
8180
9470
7695
15480
7843
170
7254
9340
3175
10080
11612
12000
1671
13151
4967
10380
12995
7492
10934
3604
12949
3868
7665
3649
1884
9293
8980
10870
6566
12157
4652
14746
5627
12347
2578
1822
869
14184
15514
4044
12617
11126
45
14288
8277
9364
13020
9624
856
12306
13229
2157
174
4894
10158
6411
2539
3139
5633
9105
15296
10285
12203
9276
10985
14781
11098
11854
12966
14965
15899
9583
10091
4296
12223
6721
13660
9243
345
14517
5549
13574
674
10075
6820
15185
4838
9359
2324
10472
6816
1620
4757
3019
15248
15742
6153
10347
15949
3119
9312
15848
1054
7755
8496
13277
14476
6156
6520
3174
4673
421
748
9700
10496
11921
8885
3687
9632
15561
14159
4801
5533
7268
12172
4782
11363
2325
3481
11312
9796
1145
15512
10850
8900
8008
12479
11729
14164
2999
14903
7190
7772
4003
5242
2269
4276
2479
10308
13909
2040
8467
7062
7573
15735
3234
12355
11098
5560
15836
10762
15356
5333
10274
14559
14234
2282
11038
14315
4799
2390
1570
11989
10162
5573
5583
783
9850
8062
11091
12111
10102
7910
3173
6027
11998
10759
2383
11448
319
6571
6211
4028
11905
485
6939
14491
7120
1977
12806
11919
8719
14376
12260
7234
8301
1843
12369
6503
14257
7461
6966
8359
3723
14491
14386
15721
9251
5121
11170
9570
45
5733
1950
11950
10570
8889
14793
1690
15219
15951
1961
12290
14327
2573
3524
10980
4416
15894
1484
7025
11707
12802
3736
15430
11294
2123
3504
4545
11596
14674
2467
11641
8759
4418
11943
3329
1659
10736
5020
5230
10687
11333
5873
13366
13907
9397
12699
6675
13643
2535
13701
13702
15337
1437
13133
10631
7912
4989
3528
3509
8015
5996
3502
774
14766
15446
4103
4777
10182
9123
10008
9222
4457
15881
10940
6716
13630
7639
13391
11274
10174
11092
13328
13864
12530
10461
8495
4442
15450
12024
12303
7465
6372
15806
12591
5138
15252
695
9915
13786
14170
8275
11360
6979
12508
6301
13695
14491
2292
11087
9765
12467
6179
7093
14683
7061
5907
7178
11504
9709
7554
12159
5527
2278
11965
2118
11768
11217
7165
10036
13356
5336
2311
8716
12315
3172
3369
10011
1663
5662
9450
15780
6481
3981
11225
5164
11043
5484
694
10899
15194
8249
7058
9073
14879
3024
15543
10648
2593
6709
4684
4301
12045
11347
13018
12712
14519
387
11075
4534
10401
4525
4314
882
8507
3892
6046
3550
9376
6741
2801
12922
3342
9859
5995
2221
1235
9891
1221
8181
600
10257
12482
997
5605
9500
2061
8476
14240
13137
13011
8641
6014
5677
13876
14521
9569
3922
6423
2946
15015
9224
4220
6709
7436
10216
8931
13023
8459
14504
5204
13411
8762
1687
2760
14367
15539
4821
11195
13779
6310
12558
10773
12325
2236
8649
15198
157
923
9974
3103
15939
7550
7324
6648
14986
5892
3931
12010
2703
6788
5566
114
15550
7253
2874
2269
6793
12047
1816
8924
2358
14375
3697
3035
4963
698
2233
5120
1622
12207
8224
5913
3758
3900
913
7096
14144
9197
7458
847
4337
13025
5313
3887
4278
12539
10508
11071
8586
12324
8348
15296
15051
12045
2331
4014
1096
4565
9135
7070
5124
5711
12983
8882
13963
2248
4331
459
15797
11789
5658
4134
8814
10971
12373
13093
7510
11233
12516
4448
11910
4864
3745
10961
5262
10428
14976
6358
3345
12463
13428
8470
2174
14763
5704
4489
5363
10035
4948
5161
5825
10606
13647
14639
5577
10021
84
1439
9606
12601
10239
5516
5817
13984
478
11079
12765
3806
5789
110
4621
3217
8580
11147
6332
14285
15636
11696
12672
4584
5209
2497
3542
7208
5489
13471
5581
9925
14910
15188
6526
13501
4704
696
11486
9534
127
12603
13340
5917
12713
6313
13486
5294
1460
3819
7931
1096
3867
8955
10032
13428
15805
13574
4636
5294
11045
14570
15219
14307
13758
10098
11809
2462
15146
11647
11997
15273
8250
13689
5190
9315
4003
2677
2961
5463
10848
15244
10912
3067
8200
4944
4847
8005
6871
13835
13299
6268
12405
870
4576
10163
15320
4737
978
14466
4736
12975
13740
12986
15016
2930
10653
3019
9959
13615
12835
9159
12859
7747
578
5059
1043
5425
13064
7914
7613
14715
2535
8370
15586
11463
2534
14906
200
7864
1725
4936
9191
15465
6274
8207
6747
927
11227
707
14542
12414
14218
15754
4161
3149
4813
5204
12926
1878
1471
4539
4945
4006
12910
8883
15469
3796
12142
4021
11660
13867
13309
4851
13332
3583
13058
4079
8862
12637
9138
11757
13403
11709
11511
1564
14858
324
11121
11784
6554
944
324
15852
9302
1586
8735
13123
5382
4877
1144
5394
2744
14453
14597
4428
6388
7
8508
3602
12645
5998
15359
10048
1707
15222
15965
565
3899
15438
12350
14805
382
12674
14657
9684
14260
11745
6807
7994
622
12303
13388
7719
10756
337
12147
5496
344
4655
13450
1341
10654
1162
11390
713
384
15707
1279
8635
15145
13629
7441
3879
14655
10450
13563
1267
6195
8722
9261
6818
5025
11001
14537
4133
11338
15036
9629
11682
8044
11431
13024
2698
12593
12766
7763
12978
825
9042
9965
4322
6671
1406
8201
9678
209
10116
10945
6404
2838
8558
1574
7863
7911
4463
11996
3249
3500
9977
3284
11544
5408
4660
2594
6354
5778
10357
7684
10955
3400
1649
15277
14423
7408
7478
8102
7617
5946
3047
14021
8784
15958
15596
647
7869
4059
995
15471
7559
15324
2755
7455
9084
11767
10049
15438
5897
4407
7122
852
12159
13124
4481
10582
4532
311
7036
12149
6257
14436
14522
15041
14394
14118
4040
6263
6530
9387
5734
2441
8711
12841
9897
1795
12960
8298
5586
2857
1057
1060
8061
13216
14184
12542
12151
2716
12853
3187
3217
7462
5975
1740
6503
4369
4210
14895
14985
10740
8282
9071
13182
993
5913
11431
7141
7225
3729
1079
10083
4787
2139
6496
6355
324
7391
2506
7392
8596
10046
10610
59
21
702
10914
8743
4912
9810
12080
15653
2092
5151
1187
7438
15416
970
2931
6642
9051
4010
5077
13838
6149
11573
8546
10825
2964
11052
6570
11561
9450
5532
15972
13824
6234
10886
6567
15498
4696
6999
3503
11141
12150
4690
6931
15919
10012
14214
6561
3064
2224
15990
5254
12725
15915
13800
11903
2880
13205
2473
2793
6655
8005
2765
4479
2591
2003
15398
2089
11052
6397
5593
6193
6900
14635
1476
11171
8648
15690
6084
11712
6266
6074
5318
2991
5989
3119
14894
13221
4676
5719
4366
11331
13724
7131
4163
315
13487
3561
6757
8539
14311
12350
3084
9563
10985
4560
4734
3633
8602
10818
3697
14868
5244
13368
6211
11233
4839
9458
12807
9515
15177
1173
4846
1254
12657
9009
5921
10144
923
12678
2683
3586
13380
10119
1501
8366
3031
6235
351
11633
5405
8401
14853
15001
5769
9416
14586
10608
2874
11393
8475
6404
919
13321
12010
13576
10683
6283
7720
15958
7314
14755
3544
4694
13226
5045
13060
257
15632
1764
11890
9389
10165
15095
8390
4286
8511
11328
3246
15738
6722
11721
10494
7641
13394
10856
9569
12429
1139
5641
12387
8453
8748
4283
1500
5974
13680
2912
6231
1664
4676
6473
15405
3193
5568
12147
11831
2431
7476
15077
6521
2550
15150
1015
14543
897
223
8112
13326
1363
13753
14066
14168
6501
6701
15668
12475
8734
2581
2706
14750
11609
13531
14156
14803
3099
10303
10634
9882
6131
14064
404
8681
13214
5771
7224
2463
10347
15336
15790
11710
1441
2208
14230
7942
13261
13899
4417
5995
4832
11475
4746
441
9006
7254
15244
457
5909
14231
14692
12041
12295
3448
9074
13861
13571
299
4677
7918
3987
8819
7980
5429
11027
6211
13371
12640
8462
6141
2636
13294
5968
11734
13735
3327
7340
1332
3784
13249
15563
6828
9290
210
10276
2365
2423
12200
7016
7100
4118
11003
15919
12099
4784
15298
2310
6508
11939
15124
1001
2927
12418
6969
3013
14505
10296
10353
15837
2433
7602
3752
9261
5245
8314
7890
11962
10738
4090
7330
6190
12560
6685
6110
8659
11470
9760
15321
1978
5699
14445
2979
8626
15215
14300
15991
13721
8597
10344
13558
15382
6299
5663
12995
11544
13977
9237
11858
13067
13327
3188
3258
14240
9873
13720
11251
5343
7480
10573
11673
1532
13370
3004
14510
938
1305
14502
14659
14254
8846
569
1988
15145
6232
14983
15041
4210
8221
10899
1277
9900
14087
8887
8140
12313
6607
3392
1656
2440
2317
1682
3972
4039
4686
2482
4977
10343
5336
7988
12949
14183
8558
14937
1680
14790
2273
722
7352
10494
15973
8630
8746
14061
5869
5239
10374
829
12983
382
3269
3652
6416
11593
7691
11103
14075
1021
9798
3412
9009
11100
5947
1567
10037
7627
4710
12310
12701
12062
11156
12675
9044
8255
15088
14914
13494
13814
15743
10477
14196
3012
14129
4613
14605
10172
4068
1032
11193
2218
8796
8555
13318
3095
14474
11708
10723
3184
12370
11776
15247
7527
8451
8291
15782
11891
7205
13276
9705
11300
12105
12254
2664
10234
867
1269
8758
9287
6654
3952
15857
3802
859
13176
6898
15333
13236
5973
6870
9606
1749
6117
1133
14553
2760
5267
10444
14318
6895
4150
9618
7352
404
12283
1586
5623
1904
10345
3262
12910
2649
3119
713
7860
4647
7611
11545
1883
13584
2415
15842
15333
8532
5327
2238
11293
10595
12683
13963
5842
5185
7581
13195
9941
8216
3133
15564
10121
1830
7178
11383
8831
10297
12096
691
3297
3707
12237
9532
1291
14652
9374
4977
11537
14702
7215
11182
13649
8250
9145
3491
13435
5078
5038
7376
13295
8172
11292
11768
10002
2470
7151
2834
1120
3248
7877
8769
11307
8466
2301
951
7119
28
5928
7008
14730
1495
2190
12379
14098
15687
4222
11533
4765
9261
7262
2060
1433
6906
2180
15787
13729
9332
6973
3201
12580
3203
11970
7887
11669
2623
8838
7140
2651
3118
14148
5733
8966
4690
6464
7064
4377
10687
6949
13495
8300
2563
15555
14085
9470
1736
2224
7199
15420
9198
10400
352
12401
10722
12591
12422
13345
5430
3563
4349
12900
1711
10082
10218
10754
4899
5634
15131
3938
12584
12626
12238
15147
534
14675
12969
6622
899
4168
6042
14449
2920
10746
10850
13642
7337
7273
10988
1119
15188
3689
14020
899
13771
12590
5
7022
2225
15137
10960
14809
115
7198
2308
5001
10225
15278
15975
11125
7798
10369
9574
10719
5115
8777
12713
12453
4402
12053
13572
3590
15742
15944
8841
1866
12535
8847
8888
3112
12336
3849
6273
803
15399
8581
10157
9625
12211
10132
4750
8362
8854
2676
3081
13969
11453
15794
14774
4207
200
12347
7797
15942
643
4991
1808
1530
13838
10697
4642
14526
2898
10915
15329
2297
7849
9486
11922
8412
7971
5024
774
825
7701
8207
3146
7506
12354
1921
11714
12554
2620
7863
12496
7615
12854
2657
9146
15044
1706
2140
13570
4604
1408
1252
6901
9257
15090
7176
6021
7061
12200
6796
12238
3901
3355
15385
11408
15709
5658
11474
12263
8278
3337
13112
15893
4544
15769
13391
3588
5827
15532
5511
10431
940
6763
5684
14549
10205
12860
4570
5619
13413
15718
1857
5666
3074
5594
5426
7135
11252
900
3399
7882
8590
4863
7776
13134
8984
5167
5074
14811
9051
10585
13594
9991
5700
7630
12892
15906
8843
5815
9877
6256
5533
86
11922
12959
5681
1349
4095
5285
6601
11846
13168
15191
5061
9296
12325
14045
2815
1400
1208
11867
337
14802
10210
6038
6432
7103
10296
15275
1270
4173
9883
11155
4259
5806
8115
14292
11507
562
3578
2108
760
5098
5652
5821
2746
6329
8218
5561
12081
9426
5780
12419
12580
15991
6809
7364
11446
1105
6640
12716
9630
4875
7871
2241
10681
4338
534
10540
9252
8464
1001
14364
1914
6653
8537
4660
12982
755
14573
9064
14533
4354
9835
11113
4345
644
6830
4143
6101
1822
859
15731
6697
13082
6324
5731
1421
6858
271
15025
3674
1272
13390
5588
7925
5927
14600
9260
11035
13174
6676
9568
1528
511
9034
10225
1155
15864
14368
7256
1686
3579
11339
12735
5013
6015
2466
10786
12874
2738
9812
4900
8362
7202
14841
4640
1481
13441
13900
12516
14967
4576
10437
4847
5087
7823
15072
10594
7687
1792
6202
13725
9723
5893
10460
14737
11908
1279
13875
13134
4017
7687
2035
12379
3241
5228
5371
9075
7021
3271
5591
5989
12199
4380
15188
5638
12203
14261
232
8242
4405
10786
5967
2481
679
4780
5570
12588
6059
3445
14074
14428
11133
4461
15159
2726
9689
4531
11801
711
12154
5745
11052
12706
10125
10240
2344
6329
12853
6929
14571
5611
1715
8891
8092
2395
2023
13662
3335
12434
1107
5761
10862
592
10223
14373
7671
3912
7256
3472
8975
3411
9217
8379
117
3343
6972
2461
14024
3825
13742
12595
13788
15458
9838
5880
6205
11861
7894
9540
8295
13354
15301
3157
2298
13876
5883
9969
1789
13139
13442
15116
4902
11011
11848
5019
2706
2820
11833
730
10997
9575
1678
8786
9033
11516
3018
3590
7378
10913
1482
15673
12619
5136
7183
14917
3012
13066
8887
9153
14557
10681
12622
3460
10044
8470
8479
12751
11290
8664
13481
10639
6592
15159
7777
3977
10676
10796
7568
6406
10061
9050
6079
6680
14186
1614
9949
1199
3032
7188
14704
1590
1869
11326
9402
11914
3796
6233
13017
3438
14898
10498
14078
5490
14010
5855
13819
13038
5003
5387
3444
15064
14438
13875
10096
976
3842
4046
6527
6874
15586
5232
12816
5808
4910
6218
6074
8707
804
3091
12145
15702
13589
14575
9544
15951
8783
7363
12989
13786
1103
4785
12851
3893
2661
11299
9221
10855
3697
15749
1729
3284
9333
2898
9092
14243
13468
15166
6950
14272
2257
7448
2326
4198
10375
11870
8502
3158
7586
9843
945
13041
14629
2148
934
5642
13447
10155
497
1145
14256
6578
8781
7589
9476
6225
5833
6945
9743
1135
9569
352
12935
11896
8902
7311
7766
1404
10469
3704
11248
15766
745
9877
1914
6031
3871
15362
4539
4368
4859
2795
15298
1992
10385
8775
8217
4570
4072
1960
10057
13641
6664
11345
13889
15566
2656
5656
971
1477
13712
12219
5596
2810
10448
7510
8841
2671
11224
13380
11391
4435
4528
10689
6427
14913
7816
2996
7835
240
9308
6244
13882
15972
1589
123
15539
8597
10131
4862
14427
7844
5433
4023
15006
15881
15885
12199
6904
11110
13932
2295
15545
2460
12984
10325
5725
4801
1673
13560
5041
10982
8156
7275
15306
9746
7399
3197
6695
1530
8059
9474
13726
13492
13497
12732
1725
13383
8932
8629
12845
6864
10924
742
9324
7909
11067
3401
1062
1093
5313
10455
427
13469
1731
15733
11567
13482
7283
2263
3364
15342
11737
1091
1187
13587
2175
2912
15322
11107
15894
12167
6323
10818
12909
3999
7079
12329
7400
8141
1774
12713
6949
2201
10183
8680
6286
10102
10514
13569
717
13878
12912
807
14969
14099
14394
1145
5363
13716
604
5257
14235
11280
4428
15496
15279
11507
177
6680
8001
1951
7745
14950
4152
6280
11982
10439
383
6496
8008
1100
8726
9272
1907
12048
11723
4653
1545
5439
6721
2149
10696
4956
1781
15124
8805
1061
14984
8982
12093
6985
10934
3838
10287
3438
10119
10621
13877
14854
5469
10238
15954
14195
3510
6214
10243
3586
10867
140
9025
1589
6642
3721
10897
8423
7198
3702
9484
6182
1037
5577
1519
11971
13768
158
3761
7887
10779
1639
11093
248
229
11047
14443
8091
1261
13039
11677
12129
13179
4702
2070
3821
12776
12967
12245
8326
5022
10081
2860
6059
4011
8731
6382
1779
8889
10143
14018
3668
134
9111
3916
363
8510
6711
8455
9772
3750
8484
10253
5282
1539
675
13455
14315
13642
14052
10993
7016
8134
13853
13075
497
6584
3457
2276
15473
13601
4646
7493
13735
2109
11409
2451
10619
2120
15258
8743
10223
7742
7348
3857
9281
8023
1312
11948
10018
15365
6941
1034
11851
9146
14110
12348
4082
5919
2976
3555
7872
7622
11048
5608
9731
10809
12411
4350
1282
11669
1446
15857
7763
8794
3714
1045
818
5026
1345
15188
8743
8287
4574
4594
5785
2684
942
9868
12956
3918
1775
4828
15892
1176
14788
9623
11985
11199
2326
1619
11220
3772
1476
2984
12566
5190
8381
1736
14569
9726
5276
7312
6365
9851
11907
12151
887
1201
6019
13843
5120
7794
2672
9364
8970
5812
2988
9308
1012
9666
10927
584
13438
756
3568
14356
10298
11949
4445
8867
10028
9721
4532
393
7924
439
12544
8812
1640
6915
6655
11112
3062
13679
8829
384
3492
11817
9692
8856
9835
8972
9440
7273
9728
1361
9981
8378
13310
2778
1246
7338
852
5778
12084
8776
10569
8628
1588
561
3896
8244
26
6958
10275
8855
7342
13767
9024
5387
10975
2859
2711
4416
14484
791
5777
8465
9169
7439
15596
10415
3130
448
4545
15214
9224
15114
12194
10813
4028
90
7409
4054
11400
1684
1261
7095
3804
10285
12482
14779
13144
15193
7547
15980
15984
1676
8445
13505
9116
12393
7921
12246
12841
818
15812
6066
4285
12006
879
8313
449
12640
719
11849
14324
1980
2944
6480
617
3778
9612
2113
7323
1159
2093
11659
2836
14890
9165
304
11284
5438
12550
8125
6256
714
14191
10541
12720
3422
7206
13169
62
7925
13371
2739
14257
4667
13571
14874
8446
7183
987
4121
12695
7432
15781
3883
6323
13298
4187
1607
2736
5089
9732
13344
5803
12276
12238
6875
15698
3444
4045
4113
15722
5768
6852
2331
10435
8775
5558
7233
15959
6545
11355
12654
13978
15488
537
8653
12786
9076
10260
3874
14165
8344
5570
8320
4620
1808
15195
8671
9605
7592
12784
13679
13360
7988
10
7796
763
5568
15029
5074
466
14736
6080
2796
14224
10969
11449
15362
4045
10061
3236
6562
2405
13159
14882
11378
14967
14078
4049
12924
5670
5185
10603
7383
1525
14966
3531
6640
8886
6912
67
13704
5649
6147
500
8225
1117
301
7588
9514
14714
15176
4429
5472
12335
3311
850
11303
5741
9251
12579
15764
2788
7183
7147
8665
10501
10678
15305
3387
5942
15372
1092
11591
9872
5944
3817
15341
10598
11405
13207
9312
10581
1636
14784
6917
4948
3986
6572
15041
1589
3151
14805
4377
14686
5952
13042
9187
4982
700
927
10925
4424
2019
10868
14296
7963
14685
13637
6913
14442
10845
226
13376
833
3362
8645
5781
11701
3569
4823
13290
11072
7980
1668
9759
2285
3062
7298
7267
8114
8225
6544
12539
10244
5765
15187
6560
8802
1177
13473
7245
374
2051
8973
1207
5414
5970
11341
1115
9539
164
2757
4611
12496
8777
2722
14781
11840
10021
10401
8306
2246
945
4845
843
11062
8385
11755
3865
9562
13580
11110
9936
15632
8435
11143
9398
14405
6484
14865
7944
11000
1622
907
7497
10400
3630
10630
10592
13651
5031
2898
4249
10329
12096
9444
5391
4481
5199
9256
14043
2780
8718
7979
6764
1153
7474
162
3910
2311
15027
206
13311
5001
1114
9160
15401
4744
8143
9993
6747
13174
1244
10996
7503
13340
8793
1247
1821
13992
14855
4216
5124
7574
547
11888
13079
8021
402
990
10332
3781
1196
11996
8783
6662
9508
8184
11406
1651
6530
2153
3178
12126
1502
15033
9466
10295
280
15639
12639
15136
3855
1764
11062
4402
2004
12493
775
2407
1835
15460
6188
3032
11456
14971
14046
9316
11508
9453
15320
6390
15958
2498
6868
5812
1531
334
4459
6164
4325
1099
5300
8180
7215
4714
934
9219
1207
1709
15978
3043
1169
6167
10427
977
9490
8473
10294
9350
6278
9614
4092
10589
12112
10960
401
1995
15646
4861
8159
3971
10312
1811
503
1527
6525
1437
15098
12085
3147
15077
3480
8668
9596
13907
9646
7438
10732
8292
5141
1011
1906
13585
15952
2370
12898
353
4365
12544
9566
877
4868
3878
2688
5371
9757
13566
6809
8856
14003
14308
12285
1483
6976
10233
3742
622
6023
14474
13266
11164
3837
15172
13102
3789
5894
10000
8495
14612
6544
2061
15489
11412
10292
6529
784
4049
8447
11945
1257
6450
10253
1894
7933
5581
12127
11675
10556
2151
14502
7822
1667
6691
6995
14769
14833
1241
8769
7328
15853
3666
13741
3694
15078
8033
10224
4214
435
2671
159
6044
9122
14764
7939
5407
4346
4066
5435
14902
10569
8289
6724
12237
3332
2071
15358
2165
3313
8128
13845
7518
11794
11587
11213
15224
7972
9789
3439
12759
812
7950
2804
9934
6715
10743
3694
15413
3161
13481
14315
2083
5770
9391
2672
9102
11463
2030
15620
3128
14510
13465
14998
10304
13404
10211
13881
9729
8352
1320
6488
9165
13622
9292
7451
8689
8387
11145
8102
15901
12978
6417
6336
2748
4161
9008
203
15624
11038
15823
7104
13901
1640
6102
12557
15045
4666
10438
13126
13018
110
3614
6183
13733
1259
13635
6422
13998
13132
2877
13899
10111
9294
4235
1211
13455
1595
1414
1431
986
5589
12887
14887
11582
2990
11444
14979
12008
5883
12105
9026
10345
15719
3562
12430
5330
5549
2853
3329
2681
5730
5580
1144
3376
14168
2356
5184
15763
8122
10967
5101
2064
7855
3988
13646
10845
3785
12625
6853
14020
8730
4231
8365
12801
7793
4796
2132
13342
12001
9813
4376
6083
15393
9872
9459
1913
12228
2995
6029
8703
13963
11130
15119
5818
15119
12765
5015
2904
13742
11868
5276
10824
4451
13641
7625
597
6789
14109
13939
2790
12274
6667
8873
11668
540
6685
1933
1120
9680
7962
9823
7643
3093
8942
1813
2212
10059
6828
9468
12153
7048
14744
6977
11500
737
2955
12097
7527
5416
14388
10317
1691
5056
7543
1711
9948
14228
3644
11068
7908
11607
9244
3904
14700
6538
5717
5264
4950
12546
3084
1103
3594
6180
12433
3446
6917
3740
15543
14444
9156
13932
13114
15199
7340
4657
910
5640
7237
8907
708
3497
4514
14304
7401
7566
4843
1471
1182
14145
2369
8618
15248
10315
14798
33
13762
5715
3773
13305
8512
12930
15589
9978
12129
11281
14635
1392
921
5872
10299
5982
9369
3165
4286
5123
15083
13481
10946
265
11626
13315
13235
15227
7630
12033
15260
9744
6100
3034
11402
2964
4316
15343
12942
445
10625
11577
6189
15898
5801
488
5880
3523
8005
14519
12998
7088
12000
7944
11705
7627
9611
8940
11206
5593
4973
10466
15338
15426
13500
10740
2390
1816
10083
15333
6614
9060
15262
1155
8959
9416
5996
3191
12939
14001
1710
14289
9442
2063
10585
5147
9690
4196
2440
9248
9789
11765
3714
13479
11191
5567
12571
13582
11735
11007
1267
6701
4067
529
7857
1378
14297
13853
8922
15588
206
10632
13877
9648
12695
8462
3148
10737
1010
9940
3985
10800
5705
12052
12631
5249
1619
9203
7183
13354
4210
8450
4056
12629
13331
265
14008
11629
2470
6930
15569
2676
5914
13447
677
2610
10261
8177
1699
11272
2117
10037
10424
12174
6089
7055
1423
7708
258
8606
9414
8820
5408
1822
5450
7092
2087
3458
7073
4557
14740
6642
11586
4654
4089
615
11616
2703
8792
1668
13975
15261
11705
8399
11435
1794
3806
1211
13854
8417
14169
7268
1237
3578
13443
11039
15022
15530
14497
6095
8440
1589
12737
4026
10596
5179
4641
6212
7882
1785
7880
5857
1046
3585
2608
833
9731
10766
6396
11937
3183
4566
3206
8773
12496
5001
3812
11518
4531
6662
5965
12971
8251
2702
5349
2847
12233
14342
13412
4115
127
9644
14324
5525
1582
5284
10711
11313
51
5459
7251
7586
10025
14809
359
10873
3810
4172
10743
12693
10834
708
14017
7437
7763
7718
10285
3996
6061
12049
12464
10540
5693
15140
4418
11627
4425
3481
6941
8828
8940
2544
414
2966
5705
5126
2191
13867
9298
12935
14912
8484
1995
12929
15921
9758
4648
14558
2107
15061
10607
14571
9601
4653
13711
2371
280
6488
5852
11573
3668
14793
2469
8435
6111
8174
13561
8302
10393
11211
9589
9306
3695
11585
10587
3616
9695
15235
6527
11802
2648
1134
14725
12250
10139
789
2973
14772
7277
8826
10345
15298
7619
12815
7733
13730
9341
9646
6032
8087
4857
3974
1393
12904
15559
11980
520
9254
15568
7047
9409
6568
12534
8134
7170
11025
8923
10144
9797
4553
2970
4143
3851
10589
5310
15936
12671
3003
9582
2703
11090
2791
11029
835
15695
10588
1168
4567
8195
5088
15967
1604
11656
853
14090
2827
11878
7014
12971
10028
11567
4293
2523
3770
14882
7833
3706
11553
15188
1640
2608
14631
4431
13638
15466
8478
12578
4986
13045
9125
10074
13012
15081
10083
13865
13172
1262
14096
4186
2585
8124
4105
6878
10647
7875
10112
6832
11581
10017
6020
1573
12625
4651
6004
14615
8470
14482
15546
13456
11527
13023
11883
12892
12105
10318
15109
13629
11580
13205
6167
14165
5329
10272
9395
4328
2147
3507
11160
2080
13524
5533
3653
14501
10184
14009
1469
7006
12491
5367
4463
12370
2390
4698
13614
2847
15016
12724
4828
10596
14281
10995
13113
7963
5267
6508
12291
11766
10015
7452
2198
11891
1337
10203
10392
11521
8212
213
2528
9055
5580
11343
9778
12323
4393
7392
15170
3409
8468
3999
2357
6750
3346
3822
14713
12966
10330
15356
8732
8697
11160
15283
8940
12497
9486
3332
12371
1699
7898
3251
15106
13478
14594
8884
14153
7339
4629
1676
10748
13097
10027
1457
8199
13373
5279
11264
10339
3961
10621
7424
1010
5781
6707
9950
6631
4545
1634
3002
10596
9532
6253
9703
11363
9199
2587
9516
538
11568
15544
15638
8666
9571
1095
865
11297
10726
482
5636
3039
11103
1412
4049
5236
12471
13999
11867
5369
3985
3221
15965
13518
9474
9668
13233
2673
608
11101
3211
12176
10646
7201
9194
8569
12648
14412
3866
7374
14894
13855
14765
9997
15267
7166
3585
91
9517
15453
5460
13503
2674
5425
11021
501
3446
12606
3174
8406
7707
10738
4582
2353
1939
13777
10923
14588
12189
3141
10314
15435
996
9080
9432
4616
246
13017
4707
9764
822
14519
11619
7849
3944
10992
8350
11742
7598
15876
4148
15305
10614
13083
6011
906
15212
5286
15494
15753
8427
14160
15188
9424
11592
8620
14040
191
9989
7099
14307
10812
5618
9926
7013
13914
4918
15363
9657
12516
15239
2157
173
9854
15240
10536
15112
14452
15822
14606
14205
12602
1118
13393
10378
12711
10365
8418
12902
8707
3869
11209
7871
9487
5135
14884
7401
10053
14247
5410
10921
1838
7568
11094
44
6808
9983
15156
9613
9805
13762
12170
6407
14881
13916
785
15944
12633
13555
12846
5340
1424
8055
13211
15263
13190
12095
11017
11595
14694
427
10868
533
7995
5962
577
3156
4297
15734
1121
14103
1848
13291
8862
5081
11207
14000
5025
7841
15907
1871
1533
5684
9926
14745
4947
11468
10840
15964
11415
13887
4744
6283
14420
1091
598
14997
8599
4895
14731
9720
7350
4932
11364
4565
10013
10923
2565
15039
7116
6824
5262
8650
12508
15189
7395
5808
15009
6587
10124
14777
4474
3220
5060
7246
4312
10010
6244
12911
14906
9327
6632
6256
14259
1996
10821
12625
12919
1738
11664
4036
8563
926
1038
9423
4467
8433
3583
7829
3372
13708
6606
12199
928
18
3445
9592
10029
14041
6504
8935
7369
1488
3543
9980
3484
2717
6605
4755
4455
6621
13143
1370
11900
14181
10794
367
10966
2729
12548
2691
4789
3154
14890
5718
7525
6687
15310
1554
4729
10166
14841
450
11654
2384
10430
3490
5101
5388
8246
13909
361
9741
15279
12261
7923
14425
981
7241
5507
13529
9932
10296
5036
8822
14
12561
15510
3677
2467
8591
2195
1308
9041
13850
8044
7823
1340
1498
1563
13938
15407
1925
7680
3038
14186
3955
5816
3519
11196
11323
1049
5129
5619
10437
2303
9986
6998
6165
2015
9465
14756
4210
15125
12149
6412
7169
3973
12105
8667
9888
10043
8074
11813
1723
15465
14352
10030
5281
1871
5227
4956
7272
14708
14927
1709
5363
13265
13059
11529
15280
6524
14637
7843
10001
10787
2607
1171
3112
14712
14190
13000
8756
10617
13166
14831
10082
15870
8862
3715
1741
2441
13023
13366
1149
11950
15075
10864
9216
12135
6393
12848
7011
9383
4691
1013
8522
7299
6536
11634
6011
4726
12986
3119
15343
14504
1951
13777
14374
15165
1492
116
1606
14515
13482
7107
14818
909
1971
8034
13044
12717
4882
8408
6100
13926
9421
2974
9577
4309
14608
3940
9035
15946
7060
12731
14451
13363
10508
12825
880
353
1293
2486
14868
3127
13945
2038
4037
4268
10072
5433
985
3307
13841
11437
5585
11614
14411
15162
15923
1371
3102
13311
1318
14514
10042
4121
11877
4550
5298
1109
4903
6592
7947
8124
9719
5892
10162
2108
10161
8587
11894
15498
246
9735
15288
5831
9702
13699
4993
9625
3423
12447
11288
9093
10962
5330
13214
11191
14233
2512
12301
7488
13456
8600
3964
11528
14493
2479
1988
13006
11066
13882
856
15664
7618
144
5495
1320
2196
14840
15297
5619
11287
10586
14712
10601
4268
278
10145
2501
2790
10798
14342
4599
3398
2306
127
6243
4785
2115
3249
4203
15998
8458
3867
11968
8602
13714
1640
10798
12554
5289
4769
12194
15875
3481
6795
8496
3759
5292
10997
10902
90
9339
3853
3489
15998
3980
9732
4783
10447
1334
8987
14797
9792
1206
15117
6746
14921
757
5897
15827
10399
10666
12021
10274
14148
7169
2770
6259
813
2120
1161
904
15811
5014
8745
15809
13346
6829
8945
12146
12515
6284
15295
10659
7490
14413
1406
10763
3522
7303
14943
13921
1969
15316
12548
4469
10837
3670
10729
11651
10142
242
12555
9954
9609
9652
14115
6955
4833
7060
7453
1349
13344
6749
12008
9187
9514
13414
8302
1388
9069
7245
15310
15391
10914
210
3860
5751
3880
2941
1402
2375
3184
2309
12329
1145
313
14796
12452
5147
10209
3906
6496
7553
15007
6856
5092
12873
4271
1747
14261
1692
13344
1923
1083
8258
2133
9296
14010
10366
12237
3764
12741
3773
10426
9070
9270
10739
12218
5723
15886
6427
9629
6382
2333
12988
13239
7425
9861
5862
13524
8122
11906
10869
10046
1342
3127
531
10638
5489
10897
11227
13606
7638
3353
8032
5060
12623
2771
1279
2346
2658
7706
327
13392
14391
1667
14983
10169
15880
9197
7693
8003
5104
2562
6401
6446
10042
6932
5436
3883
6182
5015
1489
13820
8368
9521
2881
9344
12293
8512
42
3303
4570
4722
695
2962
6389
4031
13131
6270
13228
4824
2625
6684
11739
13378
13130
5781
8662
6918
9664
14844
11934
15506
1017
8654
9027
8250
1998
9672
762
6393
12975
9684
11115
2023
12646
5856
10406
14129
478
7634
7306
3103
14319
3045
4833
15801
13178
13496
11072
11194
692
7006
10700
1709
4012
3728
9959
10363
1752
10721
756
14728
4406
223
5103
5404
6079
15509
3534
6558
11495
10840
14013
9814
2237
7199
13968
15415
4695
9040
10609
5387
4398
5310
7097
8410
13390
1056
2773
15142
130
7881
2222
8888
8104
11677
14292
14184
15538
6178
9094
11034
5370
11459
9200
7607
2658
7168
11374
11705
4560
10336
5445
8958
3998
894
5721
5740
6302
12846
4882
6432
4728
11457
3672
12832
11486
6317
15368
11025
12495
12814
6059
6218
8274
15259
13825
15284
10780
13552
15342
15340
7888
4787
12651
238
5681
2372
5978
335
15218
15212
6768
8298
10669
14792
5131
6156
5109
8851
1181
1605
5666
11592
7823
2292
10851
10000
5928
9983
11904
5270
9324
8144
14409
10327
8382
8442
12699
14360
8778
269
13573
3898
8568
12594
2690
2051
7102
7800
10902
12635
13757
4920
8227
9932
7212
7431
8284
13141
1414
8541
6763
15090
685
5173
9417
13420
13615
10468
11780
10745
10738
13705
14643
7658
14652
5686
14061
5754
13486
8963
6742
15595
13884
3321
13879
9448
10752
10515
6589
519
3056
1705
15609
8094
6878
13379
5514
8845
7847
5646
3591
6937
7704
2234
14595
6356
7920
1008
462
9758
14324
7204
13705
12208
10526
15936
10008
9630
10452
4950
10149
1860
6655
14111
9954
13533
11490
15468
10730
7689
5115
14321
14627
1171
556
1574
7527
12828
2583
7989
10939
907
3546
8644
1467
14072
8581
11475
7702
7385
425
6204
9245
11432
8667
3200
8965
4157
7020
3696
11846
487
6369
14825
1658
11277
400
9185
8106
2983
5527
7397
8242
9073
41
9709
11497
12974
9536
7551
4359
14314
2107
1957
9746
10774
5157
7064
14931
12177
15112
15130
1017
5481
13955
2675
759
2707
213
13217
10042
5740
4614
2284
3165
9007
345
14662
5982
9882
10565
14693
12548
12673
650
6294
7447
10159
13358
10731
10689
12470
14213
11706
6304
520
2733
7063
3228
2946
4280
13270
13038
8894
3907
203
1901
8604
3217
12235
6838
13783
15281
3386
14808
4283
9681
10607
2795
11391
5338
13484
12214
3551
13542
2518
8424
275
13933
11652
7574
2213
13274
4612
15459
5533
4816
5712
14138
12385
6300
4976
14520
5581
12715
13328
9864
6396
7936
12659
6139
1626
14495
6705
9530
389
13575
1954
5017
11508
13606
12591
2073
15232
1203
5884
4766
10371
11597
7256
11109
6249
12232
9629
11830
8947
6958
10046
3695
3246
11058
14187
4872
13905
4892
14402
14295
6820
356
3312
2328
2314
4255
8754
5899
9810
14638
10665
8534
14587
6273
3643
4836
2505
13272
5018
15805
8582
15065
7852
11828
10123
6039
5053
12380
15284
7807
10675
6104
12516
2339
12784
14830
6594
9890
9081
405
8529
8098
8939
11468
14371
934
4657
5229
14206
9675
5034
11141
13092
12886
11321
11567
7278
374
7948
10914
12534
2623
5370
9050
9315
6506
12232
15909
397
5314
4666
13278
13412
1957
8746
11784
2891
1755
1013
5450
11431
10399
591
8523
11637
264
4091
2915
639
12039
2181
13173
3014
7551
10575
12329
2410
6807
591
2807
12121
5257
85
13886
11567
13183
9670
2810
14939
15035
8260
14722
9434
13203
7245
5071
13468
15688
12339
2459
79
14520
3984
3094
10424
14559
3775
12834
9718
4366
15641
5840
13976
4078
3726
13895
5613
1748
705
4552
783
13318
7626
10217
10521
14872
3640
12341
2912
15979
3152
2992
2852
7136
10438
13276
10047
14213
14462
3766
6932
2455
13958
9260
6533
6036
7155
12146
7784
7860
5051
12919
9530
1029
11488
8404
15901
15128
4745
7166
15108
12250
10158
1960
3386
4596
3588
1786
7161
2050
5552
14093
4505
3510
11705
15390
9546
2860
15888
5682
15073
9291
2601
8603
10321
14089
1007
14574
1569
10105
5740
677
6355
15898
6989
14093
8846
14929
15879
4360
979
9783
6805
9836
1645
2511
9226
15543
5371
13467
5225
4444
6758
12178
1400
1079
10267
6759
15654
11837
5216
5394
866
15923
9645
12208
14017
6843
11137
2248
11203
469
384
2009
14657
2029
4520
12236
1573
9891
9703
11150
2688
461
7329
8440
5893
5948
15199
5547
6137
4416
15293
11356
4339
8938
7564
6708
15782
7053
13309
10985
11874
13693
12994
10532
15722
5866
11120
5647
4110
4823
798
6798
9636
12479
3590
15529
2427
2789
9428
8565
11557
8722
3921
4249
1660
15837
10957
5794
6890
8266
5132
7117
10311
6478
6001
10034
12345
1121
4033
455
10296
9183
11605
8284
5662
15195
7814
8090
6336
5594
655
1894
14316
8928
10495
4329
8765
5452
14475
4007
2071
3607
11124
12382
10086
1125
10768
10783
6598
14802
11238
894
7985
11195
9179
13648
14742
5345
10090
9430
15291
15097
15676
13608
8025
10171
6289
5142
15624
4764
9149
6047
12724
8626
2429
6810
14103
13198
1593
4702
352
1183
9948
12689
730
7479
14689
15472
1176
8779
13254
468
7876
12931
2428
4253
7102
13069
9395
11078
1833
2545
1125
2909
15523
3555
9719
13626
5105
15664
6680
9809
5199
4981
6498
10281
812
9540
9753
1989
2319
11360
6809
14548
8291
9237
2801
15393
6306
12197
10472
12491
3094
15949
15401
2617
3504
13472
4595
12961
1489
15628
6770
6688
4609
1621
970
5421
11161
15075
11762
1832
10435
2571
380
7078
160
3182
10824
6466
3731
9648
7310
11177
9597
11063
13794
1454
8535
6741
14415
14376
6369
9538
9417
15330
15511
14739
4752
15024
13814
514
856
12602
3086
5589
8032
7598
13123
2856
2417
854
12504
9727
12031
6102
9142
14177
7556
1677
9270
10323
54
15640
8213
9471
14970
7724
8210
8074
6748
10376
8589
7605
11330
27
1546
3363
7625
14669
10571
10042
15523
7076
8121
15906
1530
1263
14083
9086
7293
11705
7761
11699
11345
15975
9522
14668
7699
6084
11094
2800
4812
3683
14757
4495
8062
303
12210
4040
14972
6781
2434
2847
13857
14908
2753
3739
171
5188
12825
11816
893
8939
7515
591
8914
5389
3611
4965
11473
14705
7765
4638
2389
10874
9133
14803
11177
5343
7195
10149
12124
9630
12996
14334
8538
4101
2073
13061
9289
3251
13230
14535
12190
9097
15126
9456
14487
2737
2773
14312
1442
14891
2950
8183
9765
12083
11339
4943
1426
2534
3444
1903
12164
4793
4589
9054
8894
11014
10468
6536
14265
7698
5071
14807
795
4197
12615
3634
11286
15389
1947
12728
14280
4897
9264
12397
5333
4603
5692
6759
11489
13489
13014
12006
2282
1603
5060
15528
12618
3880
6064
15235
15930
15487
2395
726
3684
15010
8712
3322
2751
10659
4403
5383
3909
13667
1781
9242
6622
11825
4353
2111
9314
1368
14117
11596
7323
7530
15477
8293
11410
9893
7529
11341
9381
14276
419
1417
1638
9131
4740
4390
8143
9143
9773
12052
11162
15906
5294
1784
84
9647
3895
9398
15367
6365
9347
6691
13895
8824
3336
13657
7069
15217
13350
450
13493
13769
1868
15132
11253
6608
7874
7748
4103
5999
3800
15265
10258
13446
1049
10342
11445
9296
3740
10813
4013
13087
5856
1908
10263
13544
3918
1333
12762
1268
6135
10255
15038
8003
13739
14643
2963
5613
6391
7066
15965
14543
6331
10223
11989
11732
4565
11786
9381
12657
6599
13394
14097
807
3655
8360
14352
7573
14045
15466
8841
4181
14073
12231
536
11813
10874
3500
5778
5617
14918
5743
8512
5250
4318
4501
5334
8883
4640
14715
9893
15591
462
7990
399
4117
350
3103
11690
2748
2569
4531
11281
642
763
11817
807
15989
3669
10938
9959
2588
5033
2471
12190
9352
11325
1524
6587
15965
4592
480
15556
5054
8470
4307
9171
13173
7410
9213
4273
14331
13744
15554
3326
2859
15723
4133
2849
3393
3423
1160
5981
8457
3631
6523
1809
3308
8047
8396
3273
991
13229
7182
10397
5699
11489
7920
2872
7252
1133
7145
9935
14878
11051
13261
6089
10775
5747
13290
14168
9170
14450
8501
1627
6434
15024
7788
9742
11423
4537
13016
12415
1766
4198
11164
11817
4039
3085
3042
11291
4218
14539
5227
7448
9591
6840
13538
4366
12587
10828
6886
10110
13631
3739
11737
4065
2763
7878
13807
2538
12415
10823
3305
2533
3373
14470
14350
7413
1555
1392
2704
10125
15932
12283
1574
9523
3124
3464
2241
15711
2644
13479
9821
275
1218
9911
4340
8333
6141
2148
15223
2556
1323
2529
9441
4697
5351
7791
12110
11258
9184
3166
5383
9116
15450
11309
6991
6926
14773
9232
6637
1418
11063
4811
1693
12281
3074
6034
8966
13567
12534
8189
4475
13857
10718
13916
2554
4421
5707
3016
15679
14891
10535
5063
12359
9985
4724
3350
5263
3498
934
11900
9268
11997
5063
15313
12630
12489
9699
5596
10056
6233
2138
14531
4091
1208
12447
10997
5630
6507
2366
5309
9750
12901
10372
6110
11238
15097
9460
501
6947
14747
753
4567
10744
10169
3880
7375
6658
1932
1323
5067
8165
3461
7950
608
4670
8750
15958
10300
15257
2324
3961
9007
15225
2686
3469
14815
6135
1282
15316
13082
29
69
6001
15125
14590
9881
10852
5249
11813
12176
14668
8331
3989
10970
8939
8659
3720
13249
7311
7329
15573
11273
4689
3150
13959
12510
1965
8446
13792
5633
5528
2173
10055
11529
1299
8645
9762
12151
2246
9928
8327
914
2259
669
11885
15550
9328
3957
12800
4992
15639
725
4617
4328
3876
6928
5190
10193
15374
2983
15827
9254
5156
9882
4783
6455
2527
2897
6959
4774
12825
3638
10040
3436
4307
10277
7339
1988
14235
4139
6980
2226
9216
11597
10906
13092
6877
96
11638
6251
3079
11465
15505
12588
9699
8640
7395
12226
11537
14354
5352
12715
1993
15393
4503
10652
9670
11842
12640
12257
15981
7972
14483
9198
3569
9389
10642
14798
9486
6280
5049
917
6097
4554
13505
15796
1546
4901
375
13084
7607
5727
14151
9600
9472
2654
8605
7495
14497
5245
3752
2830
13218
6588
380
5139
4329
15375
3938
2167
10007
8987
3085
105
1894
4942
4253
3440
14195
4628
4876
5803
10356
7379
3755
8180
10034
12360
15675
12883
5958
3428
4065
7528
14368
8798
12667
2697
8173
4957
9217
6532
2297
654
6637
4191
5596
10891
11983
8144
3871
5212
13947
2579
12591
6054
10760
10977
2415
10435
7860
12725
2215
278
4253
583
9076
920
7633
5601
10230
5202
12133
12527
5856
7123
5070
15804
6366
1053
7948
10237
10617
10247
12817
7209
302
11929
2186
7069
6364
14399
3794
8580
14677
8047
13515
12105
13319
9500
1706
7549
14702
2191
8428
8910
9314
13498
8715
15680
2904
5015
14270
13521
15263
11087
9082
3917
7016
15621
10986
1732
2372
3132
14664
5401
15531
12180
1506
1202
10032
7564
13104
8735
9755
5532
5997
3070
7383
14712
2750
10287
3728
5372
12160
7343
459
5243
11260
11827
9216
10598
1912
11588
2082
576
989
5965
1108
2495
7167
11141
10059
4271
8228
8166
14156
14225
11236
5539
1290
2339
15826
9370
7711
338
713
12523
5581
325
12702
14797
15275
14614
10385
1357
15191
15726
11674
4651
2221
2841
15792
632
11465
12372
8799
9621
14950
8387
3512
240
10726
3338
9610
6790
3676
14675
3313
13610
3352
15
759
6979
14630
15497
12688
2173
15223
8362
6824
5797
11203
10969
6429
6668
7341
3580
4641
10643
11968
8153
10883
6694
15843
8845
13484
7872
11872
5149
5482
3576
5165
10593
10555
8147
10090
7243
10320
9314
15605
1144
15111
10809
12113
9892
5829
7807
13473
10471
2450
9441
2624
1686
4487
6820
14883
6324
14692
15108
15825
4174
2684
4990
14767
13240
1489
13210
4483
11809
6524
4089
1306
9987
3250
1771
3879
9079
13930
1352
3550
4733
15145
10527
6419
7985
1347
9654
2661
4391
8762
2486
8565
11447
11829
11684
8687
13318
13246
1522
13480
3770
5611
14786
13757
13213
4909
5989
6293
2840
7341
14195
7573
10839
13074
2344
7176
2773
11998
9837
7164
4761
675
4081
4560
12504
4118
1599
14175
1364
3121
11655
5135
13085
10441
7244
10298
3702
13233
4943
6542
8927
3139
14115
8118
213
4811
15294
7339
810
13483
14503
9923
14158
2585
2835
10663
6703
4434
8838
8067
11907
8845
1554
8992
7638
13151
7643
11340
14736
12586
1883
12015
15725
4350
4133
4291
9162
3427
11630
14324
5262
14485
8247
3421
1070
15434
2436
12125
3868
15626
8545
15775
8471
14451
13120
109
11602
4763
11449
14691
5701
1684
10706
5427
6035
14840
14070
3549
6619
14052
1873
11882
12537
14472
3655
1960
13906
6091
14085
6126
10069
10982
10253
6892
9434
7373
7001
9388
12136
6802
8079
6190
8487
2786
11617
2874
5978
14039
10775
949
443
1000
1183
12980
15472
4838
3292
1730
15281
5730
12208
9350
712
6461
242
10146
13835
11595
3535
14323
2398
11614
4513
15237
2752
4482
6463
8730
6873
1238
14032
7316
2238
15215
8649
6062
4054
293
12144
7687
6023
8352
1038
6736
14813
5632
882
1000
5580
8769
3676
12330
8736
12541
11567
11488
1024
2030
8571
12249
7620
6603
7918
9858
5818
567
15920
14224
860
12064
5912
6884
8768
11302
1972
7581
5286
2854
12934
10866
15976
610
11548
8712
1503
7115
8552
2527
13497
1123
3129
9469
12078
11047
3327
6249
15966
3247
4473
5178
3663
10385
12062
12431
10039
2386
8365
15326
5241
5299
14544
5217
10261
10093
2281
11764
5560
10833
2644
7410
11957
5773
879
12387
5172
4207
2636
5138
11806
11462
10316
15470
10199
10731
11901
4239
13117
4266
7917
6710
13917
6461
279
12530
4906
2560
8295
10467
13394
15291
6229
13703
5064
7108
14442
10236
15667
1079
3726
11474
12541
14042
15296
6740
8773
11197
15331
5891
3816
7248
12601
6085
13710
1233
2616
6968
3793
15263
1435
5539
14554
7664
3242
7970
3125
6037
6558
2792
7116
10284
2618
8009
8326
1914
14749
5452
1464
2433
11343
9632
9681
12296
15717
11743
13529
6685
2712
5675
5948
8499
11214
4502
4516
2809
12472
7641
8846
7382
14785
4314
1666
1404
12323
9993
7670
15424
15445
9134
1857
15140
7118
11539
15788
11188
11634
1670
1873
14346
7345
7822
11198
6911
676
15714
14072
1501
11707
11270
8883
10492
15584
10550
248
11907
8895
12271
15684
12692
5405
5893
11832
876
1432
15972
12064
1419
1642
13937
15765
13339
10111
10963
8603
10788
15029
6675
641
10736
1946
9524
9581
5882
8426
9829
6142
1321
6100
5826
2365
15858
11719
14197
734
1504
2522
1150
2923
8516
15087
7040
10208
9199
6356
2811
8339
5385
13838
8980
4474
4136
2504
14055
10019
15283
12236
4513
604
6689
10339
2970
10899
10410
5519
15985
266
12393
1135
7541
4910
222
2934
15118
13773
9290
6281
6112
3027
4119
3444
7501
12608
10301
9908
10979
9584
6145
15492
14540
1186
14183
5862
12085
12945
11382
12070
13212
12127
1557
9105
1037
1779
12039
4507
3905
9681
10788
14369
12709
3260
1814
8562
4220
12115
2471
15199
10051
12968
14691
8591
14154
1226
14454
14591
14171
14188
10661
15735
10315
12218
8841
15705
2349
9232
4212
10606
2914
3353
8976
15623
10965
15142
12537
15185
15609
3360
14384
9660
328
1427
2251
2834
7005
5057
1425
5176
3245
438
4912
1913
1008
2105
1618
3358
11337
10182
2316
14251
13535
11292
2226
8500
14786
3116
12037
14395
6476
14773
12407
6805
4552
3011
9639
11557
8068
15417
734
15666
15855
9998
1579
864
455
7549
8574
11792
1731
10890
14396
3619
10535
4974
471
9321
8090
861
12069
14567
15634
8476
9724
4187
11487
7715
15744
3556
7132
4830
7574
11340
3180
13505
556
3635
5054
9130
3780
11137
8372
6528
3108
2907
11502
3580
581
7945
4441
12650
6512
8427
5126
4588
12614
4966
12303
711
8522
7788
9893
4448
7480
13074
1953
8036
709
7007
5518
8841
6496
2242
15369
9605
5150
10872
1537
10083
2817
5978
6733
13681
14405
211
6621
15372
5177
7276
4435
2051
3416
14328
6499
10896
11402
8452
7284
464
3811
12802
9305
10308
15045
8675
3913
8547
7899
5450
6982
15068
15780
13715
1101
2537
2278
7722
6261
11808
14998
10696
13859
2415
9025
8711
1663
4427
1163
8948
9243
9327
10102
2549
3635
13499
15576
11900
6046
7475
5702
13028
6543
9834
15095
7644
12371
5726
3718
6985
1534
7068
1681
15393
13835
10706
8104
15499
3486
13620
8447
1081
6947
2549
3630
14934
49
3206
15186
10447
15033
4888
11828
5576
14722
10923
1572
15445
649
9642
6430
2183
711
8112
5929
14546
7170
2385
14045
15008
4357
10844
90
15656
1746
8072
14590
1795
11279
13776
594
14664
7016
12422
4241
10090
11698
10165
9536
699
8160
15966
7235
8871
12430
13164
11769
7953
3901
14167
6961
8259
9011
11403
7915
10757
3476
10858
904
3107
12986
1499
1771
4003
2273
10364
14093
13971
8882
11981
14671
1042
11948
10258
9913
12730
11774
10034
4683
15675
8201
15997
7934
1213
11400
4202
322
3228
15060
1227
6335
12046
7078
12459
4401
9351
6823
6847
11675
15705
2828
14698
747
3128
8956
15012
15859
4730
9047
4542
8757
5600
8891
692
11165
4292
9246
11488
7520
8306
1067
2208
8704
12497
14667
1458
5848
5490
8305
5875
9548
11133
4573
10295
2614
1881
13660
2473
6611
11059
11367
15369
659
4259
4413
177
12903
2011
11665
4423
10317
1084
6631
7373
13581
9650
8831
7781
15141
5488
13657
8689
4974
