2000
14599
7675
14310
3613
13681
5097
2883
10431
15432
10940
8381
10873
12907
5773
6650
10281
5320
8337
8611
4275
5929
12285
11887
7058
14882
8066
10969
5091
9559
5462
15502
8159
1490
2165
124
15171
7262
3007
13954
11046
2299
6335
5919
15207
12108
921
9488
5781
9258
2099
14408
3539
2736
10295
10597
1618
2362
5566
6710
273
15381
10564
8432
5223
12729
12909
4394
8343
15916
6700
3389
2216
13035
13660
5775
13495
14581
15263
7628
12191
5714
6036
15731
8450
4684
10328
10068
11398
4247
5130
11671
7980
15695
8456
13203
776
5365
5949
9120
9633
12649
12509
11849
9684
14522
5976
11531
13103
5239
3160
13647
15305
13548
13378
7755
2232
12058
6176
1982
4657
15658
13654
12637
15353
10462
9840
4482
15827
15789
1954
9460
12438
2815
9662
10474
1337
15638
10358
2793
9230
1870
440
8535
15418
2170
4643
6003
14228
15171
7985
2886
14829
9991
15523
2535
4453
13716
7017
8632
13505
8971
2093
14296
11786
107
13122
1476
15745
7480
4269
8975
9350
4709
5863
13121
6879
10506
3124
9459
9677
15461
12345
12858
13805
221
15393
6610
13937
10762
15243
15794
3733
5688
2442
3872
5795
15565
5348
5540
7045
13969
2868
4748
2678
13083
1869
13909
11941
4993
11720
9970
8806
12418
6828
6611
12639
6222
13222
14928
984
12465
3074
9070
2153
5517
1294
12300
5082
10994
6192
479
8963
13412
5227
15993
10495
7096
2254
6436
441
13974
406
9248
10392
11587
15859
11383
1809
1433
10311
7145
2250
13386
4567
8755
7255
5861
5055
12337
855
11248
12816
14170
8660
2044
14163
3156
13492
417
13944
13934
2744
2703
7182
13136
14290
11393
12872
4451
1179
7183
11596
3429
8921
4516
537
176
14729
5592
865
3937
840
2034
2107
13853
8430
4623
5361
5922
9392
3305
3856
12136
6008
15390
13625
8650
15136
10497
13101
4667
6032
13050
12448
3306
1566
12985
7834
295
2578
8700
4232
7770
10734
10692
5623
3164
15315
10984
13438
8707
2642
5647
9196
13002
9389
6821
5653
12877
1318
2754
1544
7350
4156
13993
10656
5722
15330
2491
10370
6260
15543
2954
14031
14629
1998
8006
6145
1313
7343
3583
14373
9985
9230
7569
6987
2620
14390
992
3849
4060
3747
5394
11410
12255
7739
10419
6330
7069
1262
700
13330
5157
8006
15713
3786
10005
7719
9931
15670
15062
1866
14043
13399
11097
5612
4387
2069
8354
5379
5918
12414
13478
15664
7825
14086
7403
6596
4416
2825
12210
9468
4507
1367
1474
4220
9505
15831
291
3436
15502
3706
9654
1897
1105
9103
7510
9844
11172
15864
3576
5443
12279
5406
5107
8456
3492
863
3404
7908
8040
15614
5728
12547
5333
11555
5119
14838
11386
5410
6626
15240
13468
280
1138
14574
9384
13000
12770
8908
1216
4698
2703
1847
10105
7811
10303
1949
13026
2059
14210
5066
6025
3938
5965
11358
15493
11084
14548
15232
4846
5174
2824
2315
9807
3962
5241
7543
5314
6363
4803
6531
11062
7507
8378
9519
3670
7034
15820
696
9093
14030
10114
3471
6321
79
14829
10166
15515
13378
13750
4361
6904
575
6676
5063
8889
269
12606
14204
6633
1410
9087
6047
8917
5817
15566
939
12851
3738
1635
10297
1769
101
13768
12442
180
949
10960
15695
2679
8711
8408
9584
13638
3437
2999
6527
3706
3958
9083
14691
5368
2170
9090
2637
7988
8656
3576
9191
747
9563
3488
6868
9664
5608
3310
14196
6558
2622
2243
13589
11333
15003
7173
8971
2440
14525
3851
10499
2483
12934
13542
12203
15105
6633
3192
11445
3641
11120
4636
4388
4683
12477
11256
2699
2085
2918
5247
12995
5541
7490
10585
874
6493
6110
14198
13286
4635
6401
7785
7118
3335
5327
3321
6792
312
6513
6589
3954
1633
11226
8342
10668
7703
3599
1719
14140
6517
6966
15488
410
14456
10073
1285
9302
4535
3835
6588
9171
14588
2725
4641
6275
12404
12315
13068
12717
7180
8009
671
13166
3235
13365
12186
15290
964
13906
13431
11834
4872
1271
12244
7681
11344
1881
983
4231
10068
11923
13402
13008
3000
6396
3284
15404
7063
4704
12121
14243
12713
1144
11409
4301
14510
7596
3591
3826
5502
5374
4012
14726
6645
4609
6407
6341
10842
11742
10573
9263
12017
12327
6271
15017
2723
9555
14422
9786
14259
14895
12382
10973
4392
7791
15274
2902
3739
7217
11080
13593
12592
3445
672
7589
8054
11431
13931
7248
7174
8504
511
7543
4831
6783
6561
11907
338
9335
10045
2950
8230
6427
2275
974
2571
5901
8228
10662
13118
3309
12608
14062
11106
13280
5652
3160
8711
3583
10408
4237
439
15272
11781
9622
6055
2342
5529
10745
29
3927
2047
8259
14706
4322
13586
5629
10223
5814
292
11694
9123
1252
9756
4229
14532
15408
11741
11595
7343
10502
15833
7782
9774
11614
1405
4181
2308
11286
3278
2337
15213
5326
14948
13920
14000
12534
3549
12576
2349
8193
8270
15824
9445
2026
8406
12329
1435
8499
7925
8778
3001
7758
4913
1127
7724
6318
9660
14384
1604
1291
5073
818
10969
8373
3090
8969
9260
10991
5545
11609
7537
13815
15785
982
4194
8191
13312
9981
5043
9589
7111
8044
5699
12024
13524
1775
2342
7184
159
3947
12827
9584
9117
7796
1957
559
766
11217
11550
10663
11178
3087
12831
15316
8422
1025
11859
10086
11006
902
3675
2117
8947
9374
14142
10823
11149
4836
6359
15660
13135
3187
9244
6252
10983
15553
11163
101
10771
11066
10765
10301
2505
7596
9617
10927
12973
5477
9365
7979
6379
13040
14448
3678
10766
942
14501
10267
5779
4861
9927
2914
8048
7523
13519
7383
11429
8682
7485
6200
3748
2250
4853
6254
14198
14471
5533
11171
8300
14899
3150
14679
291
5950
2358
11058
6893
5211
5325
12672
10072
3605
15586
6472
15480
13105
13856
10909
5788
5341
5461
13888
11943
14667
4142
10141
13138
14028
5312
5438
12927
12814
8469
13218
2764
15179
8276
9657
4391
1954
10681
2815
9911
10268
9288
13743
11725
11496
13005
5865
5189
6818
3754
1132
5485
12248
15625
2623
10276
9289
12413
11555
10455
4883
8774
13219
4062
5402
11229
8453
11708
5910
15621
9971
4530
8909
7715
256
8757
9072
10473
13946
15890
14227
3430
5376
14828
7407
7999
13456
696
8765
9012
11151
2000
6138
12722
6062
15892
12303
2868
11601
2214
2489
9924
11096
15750
5991
15704
12859
15063
10178
15157
14954
12757
2587
8682
11585
14346
5033
13394
3394
13798
6406
2897
15798
896
15619
10213
788
11923
1433
741
2489
8274
10666
13585
8024
5009
13290
9235
4073
11820
8392
7379
8577
15331
61
8515
13677
5094
5909
1071
7245
667
3968
7043
1563
7939
5608
6703
8214
7041
11797
15055
15315
10815
12641
11691
15824
14283
4926
8249
14455
13318
15628
7032
12649
4041
15547
14678
13488
9808
4101
4733
10475
12421
128
390
4361
5737
11446
927
12778
7243
15983
446
2058
976
12137
6234
3611
1064
14484
2066
2734
2464
9098
15384
10858
12998
2414
8346
6806
6516
1431
5634
2937
1559
6024
11650
7296
5822
930
8427
13065
913
8873
3475
1889
5010
14062
5500
10426
898
7566
13161
3362
5016
897
2572
2014
3311
15270
8821
14179
701
14455
5469
2261
8831
1119
13909
14654
2049
10688
71
7314
3561
3547
9203
12924
1609
3055
7350
2507
14973
8863
10221
3990
14112
1146
6004
5776
416
3177
3955
1118
1632
9424
7731
14816
14896
9992
13470
5297
4681
13541
12612
12594
5440
10167
9518
11401
1575
5221
2260
548
2436
12482
4538
549
1980
10543
6325
2396
13720
14632
7866
3705
12409
3949
2521
15657
13942
4343
4954
6975
6236
5918
3569
29
4438
1440
11430
6013
11013
13691
6561
13449
14525
11100
2350
505
9995
13027
7253
12067
12
15120
4124
12421
3069
10997
12078
5363
15340
5384
12338
9929
15655
4260
9958
4093
5700
9740
14458
5065
7431
5019
6866
10308
4471
13569
15165
2818
10596
6419
3238
14960
5539
7362
15733
12960
2360
11811
2324
6052
5548
14662
15981
5203
7274
9939
13648
1326
3680
12106
6391
15463
5477
13258
14124
14301
15179
13289
5471
14127
3708
8709
13088
9247
72
12821
6208
2432
12985
12884
8484
2533
11546
12818
12088
7173
11109
14088
8499
3141
14546
14891
2605
8375
501
5081
11028
15680
2370
500
13807
6079
13561
15247
3678
13633
12069
14238
4417
9054
11122
1254
15939
11021
2424
379
2194
13533
2819
15045
675
1365
13936
7632
14092
2789
12713
9121
6821
15083
13973
8981
9514
11534
8228
1545
9168
4297
4135
1937
1703
15258
7543
5994
14631
9967
10725
5177
7501
13544
4222
8176
3261
6511
4160
5706
13652
873
14827
4474
4308
12800
13455
2175
8334
5683
3720
5854
14333
7855
12144
4388
11465
3687
14735
14448
2007
9460
7977
9508
11357
552
6036
2970
7063
10196
8676
4715
15421
11855
13541
8081
8655
10996
10256
5342
5032
13976
15548
7717
10184
11692
457
10001
15380
15192
8450
5739
13005
4779
15247
12714
5331
9635
4036
746
8183
12713
5462
7604
12920
7355
4037
9928
2352
14294
15270
11736
622
14818
7805
15158
10511
8262
9160
14243
7455
5962
3982
8812
10741
7581
5526
73
1216
13914
819
9399
14979
10633
5355
11900
1989
9392
5828
8693
12038
5098
8781
12661
8268
586
11819
7131
8848
4979
9726
4655
15293
13708
1819
10035
9641
11697
14460
15209
9612
3631
12960
8591
2617
2315
8843
4606
60
14671
1651
12098
8121
14784
13111
390
15370
8931
11873
12570
2262
5600
5578
5908
7660
7397
15943
1302
3095
2755
511
12707
6386
13472
9650
9003
4139
2494
1961
8551
1165
7964
9002
13639
6748
6113
2381
10470
3396
14254
11393
10011
3854
971
15919
11515
12720
4214
1169
15815
11321
6032
874
6059
7856
10525
15063
348
1371
5376
8899
2536
1693
6253
4527
12793
719
6908
11616
8467
9515
7009
2478
13369
12332
6749
13236
9052
15315
2757
8868
14988
8790
14094
5048
646
8619
8463
994
9990
2191
14246
879
3884
8851
9758
5030
9570
667
646
2038
10182
12007
8868
11903
8339
3970
9140
5743
7637
249
14611
6626
9039
1058
11674
14038
9677
4137
15032
8020
6328
1630
13251
14565
10482
7009
3595
4052
12028
8593
10442
10562
4600
3311
6466
1291
11633
3958
7034
3270
4207
9998
9896
13247
11056
5570
11285
9085
14059
14669
1105
8740
4652
2708
11657
15134
9718
15252
7538
10098
7845
6333
4661
797
9644
11127
2088
5277
3437
9122
8547
7644
3120
6796
9243
14176
718
8880
7262
3130
11902
12719
11870
554
15428
7527
4040
13498
11131
15930
11948
7328
6263
609
12477
4259
88
14565
13888
3525
12039
10788
15522
3512
1584
13117
1688
2302
10350
13302
5432
6252
14374
5654
11158
2154
1533
3550
4004
1016
7832
15952
8344
14096
562
4821
2355
650
7738
4596
8528
3778
15384
8050
11642
968
9519
1682
7622
3869
14985
1407
14473
1711
11413
13983
3865
12947
1533
12221
13963
9366
12173
10660
11814
12735
3833
2521
1738
15924
7117
10266
8054
6501
6668
3696
11821
4539
5378
7796
8409
8715
9203
11234
10426
4616
9218
2643
5915
15103
14864
8231
12821
11038
2891
8635
12125
11076
15509
2215
11000
6626
12481
3054
1480
7501
11102
1653
393
481
9449
8802
9196
7004
8388
7975
15973
1606
14970
5888
5062
13835
14119
1883
13225
5362
14871
9350
439
14380
15918
15791
9358
12399
7198
15190
8253
2300
844
8646
2781
14645
5800
330
5650
2540
8305
5623
8499
7275
11511
13561
9462
13983
3796
6687
7697
2667
4390
12488
5399
4308
12280
3110
5059
3478
2300
1664
10130
7496
14662
12912
6142
8814
1594
11792
11355
9899
5767
3854
5526
1278
1415
14989
3613
9563
10028
11311
12231
2770
7799
5982
11430
8431
9092
4842
11909
15745
6506
10392
7241
9521
11656
1735
2335
13250
13527
2042
11501
3294
5896
1027
8925
11663
4368
890
5227
2749
12201
5810
9871
4001
144
5302
12432
9237
10144
12694
13334
5002
11438
8927
14523
7094
10663
5211
4344
8190
7253
15845
15837
1502
5224
13114
13165
9593
14004
2392
694
10206
12554
10565
2559
12699
15867
