16000
13548
10128
13009
4937
15083
12832
13520
7229
10382
12398
8549
7234
11110
4596
391
12206
7396
352
12341
3548
8368
8097
10740
12129
4236
15080
6735
2980
13987
10373
572
15887
4501
13581
9177
7936
14766
11049
15166
13500
7447
12067
4734
2557
663
9477
3115
12412
9829
3808
4312
6550
258
15052
2679
4494
14132
13766
7474
472
8139
12399
4711
12641
14332
2240
4577
13098
13289
8095
14950
4737
4162
3685
11646
9178
13162
14762
5590
11344
6922
9902
6246
7180
13307
13277
11674
11439
11043
3149
263
3183
3900
9327
4176
2232
11567
8753
3683
8857
5201
2633
1946
13715
10670
13592
11245
12185
706
5187
7529
7629
3442
2127
14809
749
15404
14836
540
10447
6337
5156
1982
10237
14483
6158
821
14402
3264
4504
11611
12817
7138
13557
10532
6160
15502
10130
2345
4560
15317
14226
541
7111
353
3703
7860
15757
2539
12753
14557
8876
1909
539
7465
4744
6698
8286
3146
14314
12791
14758
11131
8281
667
10015
14441
169
4145
787
9082
7815
3365
9623
14926
3719
1678
6787
7828
8569
7892
6385
1445
9801
6925
13262
14545
1975
5549
1691
4641
6692
4801
15772
14973
5469
14139
1766
5638
2285
6905
3072
10100
10271
12696
13378
2342
2726
8517
10170
11296
409
556
1093
10210
11833
14356
8755
2160
3905
14799
6801
14949
3600
10925
2274
9069
9064
4040
3060
15701
15298
6132
14153
9569
7180
11532
11911
9907
4049
10433
9555
4459
10989
10648
3021
11174
9004
11777
13334
1261
14928
8487
4562
6880
3412
6836
15950
829
15229
7362
530
14527
13494
14684
12448
9027
14568
12711
7286
2617
7144
841
11428
6486
15841
14450
1660
8846
14579
3347
14459
13507
11834
3022
4387
3599
14210
8689
8780
13439
4403
13662
318
1898
698
1118
15277
15266
2181
6563
6236
9326
11756
1664
4164
11597
114
5824
8795
14693
13523
11607
552
13710
2981
9292
1309
1191
6333
14441
2983
10737
12103
7653
987
12802
8772
264
12068
10953
11179
2304
8631
6935
3969
12795
2532
8435
6972
15680
7129
4495
11287
12033
2205
14268
5325
7866
15459
11659
6307
6794
6396
2411
14448
7383
15213
7220
11999
15633
6525
7178
1938
15157
14113
10259
304
4997
2694
7276
4677
14175
124
15964
10209
6681
2584
15534
2900
2044
15545
9207
8838
10293
15970
7286
6028
3535
2858
2027
3169
9384
9205
9459
12893
11670
8070
13197
5020
10764
8826
9697
8940
13302
14014
7501
3983
598
11387
11235
6994
10933
8795
4185
5226
13117
15823
11255
653
2682
1634
8174
418
10840
5985
13311
10862
14055
14860
15882
8819
7686
13932
6111
4988
11946
13612
13324
896
9000
12911
12243
8285
5706
428
1863
2824
251
1470
7829
7285
3105
3
7703
2297
10340
9366
13159
8395
8227
1394
5566
4265
15326
30
13606
15624
1994
15282
4872
10994
12193
1115
7631
1900
5895
9495
9076
10499
10965
905
1784
2422
5260
13840
4719
15600
7206
6231
12347
15433
11977
6265
8051
11303
6295
5657
15279
8290
4939
8503
7636
1132
9619
15268
7384
3866
13115
460
14365
12432
5717
4502
14855
10977
2342
7926
14929
9548
2509
15628
13334
14486
5894
5385
14141
12189
11042
1772
4479
4333
10276
468
5465
8247
15736
12850
12113
12851
1662
10479
9283
7380
14981
12490
6709
5675
8769
9991
3575
11278
9619
909
14117
15513
10646
12258
55
10040
2383
4534
14373
12659
5002
8191
4906
9090
9393
5371
10293
11055
15850
7929
6787
3183
8771
13497
13210
1540
7488
786
12819
5459
6047
15288
4973
694
15898
5028
15086
2281
13914
1812
14940
7269
10003
3846
4711
3396
9218
15005
2803
13420
6934
9591
4956
15705
11440
6518
5598
7280
7304
2417
12739
13352
6057
6064
2398
5955
11092
1484
8237
13359
7648
7177
8980
1651
15376
13691
9399
12946
12696
12203
14718
7982
10146
8026
12040
5586
14545
1638
12866
5849
8407
13957
7553
14464
4022
9951
4419
3466
15788
12656
5177
7436
8186
14157
13440
7562
11849
6839
8860
12897
7394
7578
4880
1540
3957
920
11478
2502
6910
12696
12703
15317
10654
4257
13781
3028
2560
6552
10846
2348
3209
24
14137
15747
14181
11577
11661
14382
6768
4521
11280
2515
451
160
4055
4408
5432
3886
11262
12342
582
7966
11659
15588
575
13792
2616
3135
4344
1815
5484
11905
1839
7973
4
4372
7902
11665
2755
14670
186
2387
1185
4990
6899
9593
13750
12331
1831
9013
13025
2413
5331
13036
2002
5906
10828
8970
9041
3524
15137
2877
3782
976
10850
3786
9701
2752
15452
808
5775
3990
3195
11312
8980
10094
9257
6731
10777
11088
4096
7802
13502
9427
4838
3856
15333
4018
1178
8374
7542
316
11252
11324
5644
10454
3463
15345
13207
2915
4505
7334
11257
7700
2646
8590
6146
11904
3673
5275
6992
7769
13077
8846
5548
6267
12702
4881
10285
2233
1607
6180
2549
1211
5856
12545
11666
9319
11891
13225
586
4748
4559
11844
12449
7205
8786
6947
7461
12459
12223
14454
8580
13652
11652
14128
3920
8355
3009
2557
14940
8968
8737
5841
10180
14594
2386
5846
12265
2629
7423
12852
7378
11982
13048
8179
7539
5834
15126
15001
6645
15701
1807
15225
13354
13459
13353
5626
10166
4714
8183
9106
13682
5273
14947
12214
3867
5686
6412
132
8315
13835
1336
15693
14169
2736
7872
5709
12922
11351
9062
3567
15404
10869
7144
12758
8328
8849
6736
6847
1915
14920
15953
15598
4193
3253
164
12412
8939
6577
896
1254
8764
6585
5300
6934
9321
1524
12643
6244
1227
5705
14163
632
4926
5308
1742
13254
14157
8479
8453
4425
11751
8407
8375
4296
12
8539
708
8951
3468
5956
14557
12233
12541
3857
3167
5863
9734
4162
459
10961
14219
14622
15945
3145
8282
1688
4751
10792
14519
13205
15217
10270
9964
7592
14566
9976
131
3626
2927
3600
9582
1484
4185
10476
9694
7352
339
7780
11514
5150
2741
14085
3772
7039
1230
407
8727
5981
11199
7246
7538
14768
5868
1502
6360
8786
11478
10843
12412
14405
2795
10346
4242
6980
4822
2288
2684
9513
10068
2550
14663
1161
635
6788
8200
6217
7195
5279
12199
6746
877
8089
5514
11097
9592
226
3883
9422
11069
295
12180
2217
14994
422
13549
3816
7062
234
13330
5482
2784
345
10995
7772
7133
3196
13989
14328
12827
14540
5074
2057
6630
14940
13154
4574
15166
1038
13996
14588
5685
10176
805
4679
14950
14354
12848
10364
2940
14530
15846
10077
14875
10842
1849
6009
2390
4190
8689
3569
2731
13764
5626
13713
1056
2781
6639
223
8171
4635
14811
13856
3164
3968
6888
2114
6674
8088
831
9615
6618
677
8044
5493
15871
9893
15854
2261
2435
8544
5831
9518
10660
11457
11583
11716
2590
2222
11939
10761
11210
15102
12970
14374
3070
3858
4840
9745
11946
5671
7712
2564
10701
15756
12409
10572
14001
616
1186
436
9160
7017
14307
3820
6826
9890
3888
13769
12113
4180
8530
7323
3282
5500
10049
10705
13710
3241
8802
9656
8913
514
572
7966
4622
1334
2538
2623
1950
3724
7411
11110
15093
5718
3282
5920
3961
7170
3689
74
15702
571
11749
2985
6072
10150
2042
8134
13391
10844
1791
10656
15710
6715
2622
4332
8049
5161
11307
14351
13237
2718
9461
12331
12789
1095
6603
750
12618
14644
5176
12320
15215
5277
3657
9639
15427
5699
1774
1170
4895
7917
11827
4605
2984
14449
13289
11034
7962
8596
9385
5200
15667
7199
5883
12456
12646
12486
1558
9264
15482
11086
5585
3049
363
13594
12689
4142
3294
2815
5312
8189
15084
5491
12795
2068
3941
14436
1454
255
7033
15192
5455
6700
6391
15690
7508
3037
12176
13418
654
10
8504
10591
3060
13219
8185
4101
5713
11479
6916
15377
8021
10352
4869
9168
12420
8810
7604
13875
13417
2989
13067
2873
9689
7810
6915
5549
15199
3092
7319
15853
7454
4175
14796
10514
5746
6982
14615
11459
6813
9883
10837
3186
4235
4058
12354
5008
1220
8311
7235
14637
11300
4302
1510
9342
464
8426
14891
4015
15870
10563
8221
11676
14738
7017
6191
4485
13999
4806
15944
9165
3042
15133
12351
7277
3191
13058
12285
4411
5369
3520
3049
5021
12174
8911
14363
990
5689
1607
5006
9911
12170
13227
5588
10908
4244
11779
15393
6596
4937
3690
4113
12331
7175
4816
3609
14719
1874
4246
3130
11595
12119
10531
617
12645
7795
3332
1988
13484
4939
6994
11748
1109
8573
1336
12018
1169
1467
15763
12117
10756
7805
230
7088
14981
9399
15049
2052
11273
7647
9534
11221
3766
4066
190
4764
213
3522
6752
2049
8462
2098
13797
13923
10671
3485
14293
11840
9304
14057
7958
4061
10214
12540
11149
13547
5939
14550
15599
5565
6197
9134
5138
14316
1552
5328
3080
6117
13202
14184
8166
5664
282
10316
7940
15305
13801
6233
15497
7106
8642
11807
15519
2857
8348
15020
404
2639
13570
4356
8204
3767
1842
1694
6435
7746
7022
9515
13863
4225
12051
10381
14241
685
4697
6181
15990
6851
12415
15488
13957
5057
11295
1828
12266
7995
848
1023
10635
14418
5379
7191
6537
11573
8886
12973
3319
4260
10840
1182
12837
11244
11563
15431
11929
4613
5612
11920
11464
6379
15760
13773
15789
11055
15601
407
7403
449
1430
6390
3219
11161
13581
14108
6734
10819
15433
10053
3432
14626
11235
269
9870
11151
15700
5799
15764
9665
6071
11228
4396
5831
9001
4185
887
12954
4593
12642
1755
10375
3032
4974
5537
613
7434
12271
15785
6868
6325
3217
9846
5912
3486
3716
1063
7539
13867
5179
1204
3939
407
5600
9770
13760
14138
15009
15066
7083
11651
821
1458
14683
10147
11347
3649
1582
7619
7786
12802
2296
11003
6648
8208
2841
14716
13624
10380
12583
2803
15936
4874
7563
5537
14645
9675
8027
2006
8742
15110
13658
9563
4920
693
8063
268
8694
13997
7887
4832
15151
14535
15835
5799
6743
7029
8867
8719
5761
9802
11523
5698
14677
7438
15587
1674
1113
7614
3680
9855
11076
5690
7771
15996
10736
4186
4616
7782
2183
855
12615
1334
15390
12450
11485
6134
7831
8704
14853
13593
2506
14728
7643
1183
6166
7230
7209
11632
3196
10890
9839
2624
4932
5962
6972
15668
10148
11589
7451
12331
12444
4066
2017
187
4868
13502
6321
1052
10558
9526
14645
13065
12607
10640
2600
7125
6222
9810
7109
9418
9052
949
394
13984
6911
7366
2005
5412
7307
13808
6095
8104
1874
8113
8291
11094
9967
2964
498
4526
842
15143
5943
13449
14135
8543
8927
4357
6705
36
2127
15757
985
2521
2094
12249
14240
4099
1661
5547
1907
7756
13651
8133
4221
5942
7579
2541
8906
8078
11419
9749
11573
1362
11550
9709
9905
4477
14066
4963
4514
194
9072
9851
7067
11166
10452
5307
15265
12113
10855
5524
8222
12858
2009
795
2801
9589
3336
59
1667
14755
14160
1592
117
9711
11301
14375
2540
13720
7690
11406
13914
762
9610
9333
11929
4062
14641
15546
176
13848
9423
12750
10706
11432
13545
1859
9373
5234
1919
11040
3989
79
12633
8459
14142
12286
11186
683
10006
7228
441
12272
7990
10051
5606
8271
14114
8599
7818
2642
6447
5593
15392
1153
1025
1289
3013
10399
6523
9284
9791
14865
9363
10776
7324
11858
7063
6862
893
5421
14090
1334
6046
10432
11386
11652
2704
9500
4251
10522
494
10698
115
15886
203
5492
1175
3216
15891
12051
852
14035
10916
14568
8811
6592
10426
4226
1806
11319
14000
15896
1005
4046
14680
12391
15698
1384
10243
8301
11906
10737
7351
373
14975
7554
10218
4503
15123
10109
554
15975
12496
15822
14543
5308
6414
13321
13886
12572
12992
11886
12468
13998
15932
15500
14741
3982
885
8985
635
1143
8074
7986
1517
11402
3893
11735
4257
7368
10196
4811
11695
6693
8985
14591
353
15399
11912
2591
11971
8905
14478
12791
11255
2762
12291
9996
11097
1528
7333
11732
2672
3760
8071
4189
15162
316
4276
3419
7684
2824
12582
7731
13869
5567
6322
2574
9318
6587
5166
9641
3844
3644
10784
15099
10758
11427
9095
5855
12956
429
1588
15628
8541
9659
8169
7703
14327
797
15474
10363
7973
408
2094
5843
10327
12769
8417
7997
7708
13583
5990
11552
5579
774
15003
338
553
8098
6193
1861
12879
12133
5841
5420
10144
2362
1475
8471
3159
5301
2834
11133
10061
9281
5328
4388
6050
13745
12385
13758
15681
6727
13662
9612
7501
12665
9950
12407
9115
4496
2620
10347
4981
8462
15767
3478
10824
5595
11949
2336
15248
3136
1821
9310
769
7149
13698
11171
9246
14436
13281
13279
5163
10943
6892
1017
11960
5194
1776
5075
14042
4396
15422
7376
12858
3542
10854
12035
13489
11155
2723
12737
2643
4544
6047
3412
45
8098
14583
13643
10886
11864
10923
4401
11159
6167
9770
7119
15713
11546
12195
13756
15943
11617
5132
1153
3511
4338
1540
1000
15493
4263
13738
2137
8807
8137
5549
13204
235
8485
10848
15473
4349
10123
3875
15509
290
13645
10980
3
13544
7175
2111
13487
7145
11595
2992
10656
15933
4533
11657
15427
13148
13747
1564
10308
5884
11465
7512
10472
3950
6712
9945
12652
835
2172
513
5477
4170
11493
9833
1714
7021
11944
3553
14166
11892
6545
13174
11825
15430
13183
15604
931
15282
1168
11239
5167
986
2751
3991
4936
13816
2288
5940
14651
4461
6453
4129
12983
6299
13962
14697
13320
14258
2250
15838
10150
13147
13012
10328
930
14548
9932
1861
13830
15453
1452
7349
439
8555
15692
9727
6371
1981
15668
5023
10794
10473
13504
7777
772
15818
10826
14092
2428
13076
2282
931
14575
15295
11259
15505
2195
5191
5718
4377
8996
7170
79
9435
15726
15771
7515
10449
6104
11535
15472
898
6008
1328
13027
6781
1146
7853
9225
7927
9281
11508
8858
12209
15155
4117
11714
5702
13660
5785
10079
6657
1307
10158
92
5385
14282
11959
15835
4386
7494
15307
9637
13503
4988
6664
8636
10486
2870
6213
2413
503
6073
11271
12712
9580
15388
12779
15282
1401
6916
13714
8058
8223
12224
12502
13609
10506
8462
13444
14893
15956
1103
8530
1811
6091
3546
14799
4930
10768
9365
7343
11272
15438
2615
12336
9019
6355
13467
8301
7756
4383
10367
15814
12607
6592
12317
14568
1098
9131
364
4343
13439
1467
12873
3603
11911
4772
2402
841
3892
11767
12536
3516
15558
15151
15853
8577
5507
13320
5230
13263
6056
3950
1430
7015
10542
2099
5583
11640
11230
5947
4336
8669
11766
5561
12272
12029
10333
3027
1222
14226
3146
13759
1742
7056
12910
5947
3985
6769
7620
13568
8385
13676
1518
9815
4691
12060
11914
14626
12052
11496
4573
388
4165
4691
5950
4790
721
4635
12169
1943
7213
3667
4054
13308
10724
965
3255
14709
12086
15227
12277
4471
1255
13795
14286
5946
14207
14552
8924
10260
10048
13497
15000
14214
6541
9302
7356
7262
13938
7877
13557
9503
11544
1612
6811
6268
6929
14419
9330
3015
13646
5607
7487
3254
7755
10125
9200
5962
8678
2125
4574
2726
3974
7927
5292
10515
1229
1000
6129
3519
8877
8039
13023
4422
14003
3834
15042
4932
6605
12724
12299
8604
6684
8138
11858
14439
2264
9410
8753
15294
15887
1680
2020
3862
9607
11665
2729
15188
12665
13211
2708
5543
5250
15731
14317
3253
7917
1711
12537
2875
14436
8836
11479
5120
975
11689
7911
7591
5099
5016
11237
4987
6696
13257
13201
4655
8922
15930
3844
9940
13141
6552
15483
6743
10635
13800
9996
6904
3863
6533
9779
2299
3722
9610
11771
9049
5299
3682
640
14751
8699
11877
3738
3747
13486
939
8403
10761
5221
599
4701
6715
11503
8536
13458
6138
10688
7455
1394
14551
2340
15526
851
6062
9136
974
15111
2788
4657
4103
1539
1708
4332
9629
5455
1819
14920
2210
932
4141
2809
9985
15208
14312
2521
12667
8802
13209
8474
10197
11760
15166
14075
963
5229
11563
1938
8692
14351
10947
12796
4242
12655
5480
2223
6462
11651
1143
13025
12583
9637
15834
6568
8845
2499
13441
9864
15653
10650
6690
14202
10763
5857
12277
78
15438
7841
6368
12482
10544
1315
13630
3139
2322
3111
5362
13137
14762
10858
10162
15698
4495
14348
6266
1692
5199
3708
15909
4853
2710
6599
3055
1825
808
3685
1904
4598
15878
8272
5433
10422
13940
3063
1913
4614
10526
11628
1751
9289
6486
265
13339
10981
2966
3605
1025
8165
11665
934
1370
2728
7534
8778
4553
12694
12463
6457
1293
12341
3082
11078
11115
1022
14141
1381
5636
13020
13009
11740
10661
3495
12005
8000
2828
14971
15957
3853
7137
11623
4788
12859
14351
12322
5637
7256
13368
2100
13714
3013
2793
5148
14091
13909
6170
585
15290
158
13605
651
11898
8266
4146
12256
266
6974
11227
223
10827
6716
198
15615
3576
2901
289
9213
10158
2010
15666
12224
5023
2459
1372
3115
4720
11894
3700
8362
12052
5657
9013
12303
13923
13159
8559
14189
4133
3786
2764
3313
14855
2963
7280
6783
5864
7570
15996
4374
9580
15662
598
2955
6474
6322
6070
11194
2216
14122
3557
2621
8131
922
14924
6054
14082
11835
8595
6567
3973
11360
9880
2828
14323
1161
9611
8539
13083
13960
12914
11015
1974
1864
13970
8448
8187
8393
7995
10403
10867
15904
1376
2999
826
300
9053
14908
12135
6001
9828
4461
1361
3708
7289
4036
9221
5253
12575
6304
3213
13841
5671
9539
15706
3642
1988
7893
12035
14335
6648
11254
14239
8025
14253
15065
12677
11659
2326
13165
1660
12154
1626
3021
4214
8915
11409
13436
2520
12336
8092
5733
10178
13764
15273
9884
5758
5613
6129
6145
8300
12777
1399
10891
9154
4005
14308
5832
15664
634
2997
1324
1140
4623
8697
9707
1890
4106
11495
4411
442
7939
14496
14972
5703
2121
13208
15813
12086
3337
5958
4386
4467
11710
15277
13621
15715
13586
7805
15379
2572
15154
5055
8065
3777
13752
1772
10020
6210
1619
2783
6652
9558
1279
9977
15262
3401
7185
3427
3839
10523
9386
8226
3342
9448
11855
5315
9163
13793
13121
12894
4718
12275
1949
1135
4405
4053
2907
2777
10263
4526
5560
5267
14084
6839
15244
1698
14592
6430
9478
2432
5305
7216
15010
8647
664
15217
13962
9827
1363
15435
6721
6081
63
13022
7216
8820
1075
14475
11597
11338
7353
5509
605
9789
12348
15850
15840
15293
10632
9318
6077
15937
534
5087
8584
5550
8656
10898
15377
10019
10334
10450
100
14749
7472
11668
7569
8547
14495
7518
8237
5848
13027
8842
3990
13727
13044
3830
13020
7676
1500
3097
11965
6386
12536
4549
11936
5193
3800
15665
3564
14134
10115
8017
1235
5939
3685
8804
2838
6533
4674
11075
12381
1701
8269
4723
15428
5314
12905
801
1342
14405
8250
13308
4791
9139
6209
5079
14332
10009
4744
6248
12495
14859
14265
13730
9150
6303
10886
11988
12836
15560
7063
13569
5613
15333
2293
9394
8999
15198
10195
10341
13604
6797
12001
6747
15936
2211
11827
2620
12220
571
8869
8716
3783
7134
6446
12933
13437
1333
8922
10273
5245
4337
12195
10859
3670
14488
4253
12669
2038
14448
11363
3994
9597
7364
10742
9534
9575
10921
12154
10148
15844
9375
2864
3627
510
13662
4913
2299
14995
2187
925
4241
10876
13120
3452
2899
15960
7705
3920
1998
10505
15283
5993
4102
11000
5087
13636
4575
8
14143
3075
15852
11870
5939
7832
732
3602
1097
3032
6949
7636
8309
15542
2512
5429
2994
5411
9741
10699
9332
11739
5204
12967
1732
13659
7967
6819
11295
895
11179
13790
3970
15384
9661
14262
11568
10393
1864
12665
1777
8813
8653
10086
12708
15517
3867
15702
9281
13608
14754
2613
9348
3958
3932
15432
1617
11900
10604
1265
1147
5783
3407
5117
9519
1420
3379
5087
11814
9595
6104
1943
6761
3109
382
3469
2627
4249
3171
11908
6210
1925
2873
3910
10236
6805
7694
205
7057
2298
5822
8204
12434
9230
13322
5953
15002
5053
15393
15168
14649
9849
1112
9762
12959
1494
13231
15586
10095
4754
11494
305
11032
14367
8567
9620
5172
262
9825
12230
2560
4000
8786
3346
1582
6108
13652
584
15514
13045
15753
2515
6894
5217
12277
3853
11063
13860
7791
5158
2614
3285
9816
1998
6004
2383
11618
15529
2645
9796
11759
9558
2148
8897
12904
3730
15006
14908
8666
2872
11953
12771
5387
7200
1988
6016
15405
13051
3876
7197
6562
10842
14834
4730
12841
4839
7113
12811
4368
14111
6607
4479
12021
8755
13376
13277
837
734
12186
9504
3606
12491
6275
13345
3691
12616
3361
7449
14019
7237
14646
4581
2080
13480
9311
14921
2319
4777
11732
11039
7240
6692
15518
3261
3799
12895
538
4637
13629
12724
2493
1236
9216
13120
14581
1259
9736
6295
13060
7756
13532
58
689
3964
13539
14353
2885
4210
7482
2970
15250
14722
14014
3120
1983
1813
15
6873
10802
13645
7950
1647
3233
5518
14768
6166
11129
12856
12461
8190
8964
9994
8248
14006
13958
10139
12359
5196
2702
3841
12518
6304
6915
10532
9424
13250
697
9440
4123
15852
11437
12073
1499
14670
1591
4619
4836
12721
1476
5650
9263
10440
15644
1511
8446
1954
11651
9157
11502
14353
1350
12372
9009
8265
6904
2433
9867
11954
11873
13991
158
11662
14416
1657
14684
4360
6277
7873
5433
12105
13523
14696
6545
1519
4559
3344
7825
4562
12501
3328
7267
2204
15700
276
10469
10957
2710
4337
11263
2935
6680
11421
14598
9448
13078
13282
13808
7707
9507
7593
3812
7030
6289
14710
8549
15201
6406
375
3763
2907
8055
11031
5111
12107
11307
3933
7064
14017
12622
2327
5305
7654
2100
3903
1102
3531
5537
3263
11238
15045
10856
3403
10427
5498
6465
2977
9051
12871
7704
12814
15778
15759
7845
9242
11866
7505
1527
7283
5522
2501
13962
10827
10155
63
3082
15609
3594
12972
7224
3184
12017
2081
10939
6444
11931
1404
13773
4982
14275
9829
6148
2406
9588
13994
0
9807
5499
5879
5442
15373
8380
7756
14553
6887
7819
1635
6496
15765
2959
13721
7302
3328
4154
2241
9773
4437
7998
11898
13771
6273
5728
3919
13031
3668
1913
1383
1827
11764
7262
7269
15490
15642
15026
14043
6529
11197
4030
1378
15315
6990
3451
10969
10318
7605
1562
8443
394
9560
8694
14165
4186
14422
2084
5569
6442
8350
6953
8270
8466
14215
3891
7956
2210
7269
5999
13091
6819
14382
14469
10486
5372
1920
5455
4042
13877
11369
12486
14271
9282
5180
788
1820
7954
2873
7389
2748
11223
2694
11018
3689
910
3262
15998
7472
14883
5997
4563
5702
8731
7385
4540
14103
13657
9995
6498
11535
9717
7336
14158
2999
868
3299
9171
8822
6172
560
11570
5747
7607
10941
13788
12869
2555
13786
4341
1438
8136
8904
7141
867
289
11681
3323
13947
10029
9821
13834
8098
1157
344
11097
2025
3643
8620
15199
9815
9180
15121
3914
5139
14414
1703
2008
969
15489
6349
2408
11977
15254
13901
12845
3895
13934
168
6194
12315
14341
4028
4413
3850
8725
3862
10227
12368
12482
9426
10536
10015
12899
14450
15154
15666
4505
1163
635
8347
7512
7395
4324
11118
9648
1169
3366
7583
5689
9560
3898
4030
13589
12664
7880
6314
526
6459
7034
13009
15885
1570
11376
1137
4373
10530
803
8878
11693
5790
1225
7558
13186
9902
2676
6834
11071
6042
2769
5113
3955
11020
13495
1544
7684
9728
12210
8210
187
3244
9571
4425
9167
4947
5562
1892
15478
10717
10770
15523
507
348
7081
2045
10250
14110
13232
9673
8504
1
3138
12459
11021
634
2355
7057
10362
14565
15268
14901
6162
8839
3326
3681
2139
13240
5573
5969
7957
4695
5492
8465
5043
926
14862
3645
15036
12094
1671
11892
448
9161
8352
15821
9795
10707
6879
8509
13625
6147
11763
8139
3338
15089
11820
9829
12330
1393
15798
8639
10440
5291
5456
3836
10569
4319
11833
13957
4765
13504
9849
5213
11018
2201
5035
9165
1261
11914
6027
3238
6413
1790
11377
14103
879
11549
7933
1561
1294
7731
14553
11734
1374
4009
15570
11943
8328
11404
9900
13094
13260
8102
2307
8278
10303
11694
1444
15916
11960
7471
7506
2373
13613
2883
477
2844
2784
8410
4406
4078
4493
2959
4165
5868
11320
3735
1811
3649
3491
64
5095
752
8166
11754
13382
6821
7449
3178
11090
3409
15001
2596
10135
12614
9832
10612
15459
12616
7374
8217
5047
11867
15528
9212
1735
10848
1299
7899
14497
4791
12315
7944
9895
4481
3699
11629
15654
11148
14808
10744
2909
13809
1693
13044
10424
11525
12008
14235
12493
3382
6452
1540
15250
5980
15104
985
828
404
13236
3678
5195
9551
11622
3442
14032
15321
15071
2039
14821
13879
1135
6083
41
2828
7479
14817
2705
3488
13052
15199
6870
7856
5091
10472
13836
4196
11458
3016
4600
8694
6694
14147
6598
6669
1589
8982
10342
660
11021
9164
2892
12157
3599
7285
14985
11078
6102
1691
14566
7506
5242
9789
15362
10333
4261
1550
14529
4071
4566
7481
1118
15613
5628
7716
6282
7217
698
624
12230
72
14140
3474
12229
6091
10759
15566
1170
5213
5609
4088
12719
15203
2229
433
9537
10843
6335
12418
14914
15253
3900
4384
14866
9528
452
9500
5098
5503
14477
5680
5575
969
9154
6156
7061
3913
10074
8231
13478
15684
671
14549
3239
2901
14982
12776
13744
9669
13547
1010
8922
1447
5395
7789
15327
10199
5641
8777
15702
4118
14457
5277
5088
7611
15785
12149
15876
9860
8732
13354
13896
9403
11903
1135
656
15237
2264
14400
8906
15811
3763
1829
5610
13510
13970
4937
7709
7963
2067
7412
12082
524
1041
5522
8136
827
6023
12364
15039
3107
9719
12935
12510
9974
2422
1519
13564
4686
4271
6470
8849
8034
12651
14459
5544
14973
7749
13254
6937
9816
9018
7371
14692
10059
1245
11180
15238
7268
7545
14277
10375
5616
15564
11237
15590
1987
12756
13154
11025
5380
7977
3875
13414
8980
2334
2959
12306
14435
4565
7595
8251
13583
3318
6944
11994
4563
2124
11233
183
14021
13862
14910
3637
13427
10147
7580
3766
11256
9086
14791
636
5415
2666
2402
14396
9353
9713
15054
7788
14278
11001
4392
213
14319
15688
560
7234
6164
11793
7417
4186
14007
6327
12175
11434
4826
3755
15200
82
12842
13992
5070
2257
5010
11825
5005
14363
5538
8411
10504
8169
3412
14896
8382
1731
2936
8942
8965
9100
9087
4734
1638
7095
11061
13814
6881
15888
1569
10434
4322
2763
12778
13745
5021
1788
9570
14378
4504
15108
6790
15008
7277
10202
2256
4012
286
5192
1306
13603
2644
14746
2338
4283
5841
1751
6449
1074
5991
12370
11508
10314
15134
8286
12411
8507
14427
10333
11237
2931
9441
2027
6291
5071
582
12899
13435
5220
2091
14741
2823
9087
13487
9513
1722
7680
11265
8171
8755
1256
8894
8615
15922
12380
5254
12333
9239
3681
6666
4476
10964
4460
10856
1255
13883
11438
14154
11318
658
4597
14411
7833
2036
251
1347
3759
7931
12612
282
5038
2220
9176
13654
2143
5556
2908
2828
14795
10941
13847
3272
5905
6659
14128
11512
4542
13918
14018
4212
2928
6967
2623
10761
9003
2874
12108
12762
15158
13072
13045
8548
15293
6221
6202
5788
11778
13462
8616
14925
12755
10815
2197
2660
1474
4677
2524
6016
2595
542
14580
5523
7509
1204
4637
513
8430
745
1627
11940
13818
14672
4489
1463
9246
15043
7251
9376
858
15867
8301
13613
15035
14851
4626
509
3528
7150
10878
10476
12045
9458
4351
3554
15014
8988
8419
7445
14086
10047
7737
11904
13071
12226
1719
10669
11270
8970
4045
12128
13189
699
9741
12224
15550
14367
12734
7430
9870
7612
1906
5915
5422
10610
13821
4437
3598
6241
234
1684
4640
7971
1940
6063
4198
3659
733
15468
981
9130
15948
14171
9829
9689
14747
9379
12409
11481
810
10631
7445
7068
546
12868
1678
2719
5657
9629
8960
5891
15665
1952
2214
5958
12368
6412
13969
13101
10232
14951
10583
10180
1474
4413
8222
221
13792
4631
55
2954
3614
11852
14375
4160
13072
4405
6879
2729
14034
4192
12972
2052
10496
15187
8010
6864
9951
5979
8317
4184
9282
2901
2716
10756
7314
10938
15330
9458
3921
3737
765
7535
15589
15140
47
12662
3545
11279
3743
5932
15471
716
7984
14319
4255
4346
9536
2558
14677
1853
6742
12312
9106
13811
7068
4772
13101
10750
14231
1023
14487
3348
12910
14077
6840
12958
15091
10385
12589
2834
4669
412
7902
1005
14731
509
5351
8267
3068
8381
14473
14162
4693
7579
11973
113
12352
9075
10864
14935
14450
13703
2283
15712
132
9123
1022
15223
7860
13611
6410
882
14023
2664
1887
1107
7526
11591
13726
10594
3972
12199
13108
13017
3779
13434
13130
4483
10861
12346
3418
9311
10050
10053
13375
10182
7528
14398
13758
3740
361
8520
4622
14385
11184
6510
3844
2710
6453
1570
1656
14777
13770
3117
11794
5901
551
8924
14736
11412
9623
6506
9075
3673
559
6450
2207
12439
9200
15965
179
9562
8485
4802
12299
8022
15664
143
15084
6117
1713
5093
4894
3835
8210
688
9736
8761
13964
12824
4173
7587
3330
13248
15612
3889
8050
1820
4680
1251
6137
4860
10813
14623
14014
11464
10997
13678
11607
10081
8147
1672
15174
13041
5508
7384
2081
3596
145
4397
421
8670
11985
3751
10270
15949
11993
2321
1769
5025
7924
7907
9885
7089
10882
7899
2553
10231
9929
2512
4312
2076
4184
7839
15117
14044
15223
5550
5993
3721
9948
6414
743
10285
14517
11014
10234
14862
1687
356
3888
9611
8263
2125
700
7497
14377
3253
1728
8306
5765
10392
10383
14301
2231
13852
12346
5807
3403
2339
13880
1703
13105
14623
11988
15974
13989
10574
3189
15676
10930
11429
9287
7545
13554
9987
15042
283
1592
5122
8590
11709
3867
2973
10011
6098
5177
10709
257
8580
1400
14137
10283
2857
1113
10623
2831
3454
5198
10372
3131
128
5801
12418
7674
7708
10758
11068
7991
702
4543
4933
12412
8410
12258
6423
2860
1436
1132
3118
14368
6884
5607
13004
9741
11072
7627
12572
14527
1177
11297
1658
1306
1098
2428
13332
13158
1538
12752
9502
2241
1295
14435
14653
14057
10694
9428
918
482
14912
4036
14850
5796
13995
11854
15537
13420
7834
461
11947
9011
11758
1957
14669
1209
4385
12001
2719
10276
13106
12221
12517
2753
15009
15522
811
14055
8950
1729
14537
12214
10117
13387
2010
8112
13594
1547
5532
5428
6360
5831
14439
2119
7788
13109
7680
526
13462
10399
15154
14920
6621
11671
1674
9982
15545
2485
8037
12847
4214
6574
9061
14331
8313
15423
10795
5907
5322
4680
11335
11682
14863
14127
2153
11004
11236
9833
11530
13050
4233
10684
11971
15206
10707
13645
9188
14604
130
5577
11451
8696
12151
8864
11379
4464
8287
10526
10372
1961
3558
10059
13643
2422
8186
15797
13426
7774
13982
13308
4825
2215
12344
5148
5773
7051
7145
3313
10007
7275
8890
9810
4323
5041
2674
15702
13858
15313
10228
12582
1274
13787
6641
3269
4561
14828
3066
1987
10954
1049
15295
4131
7616
15991
9279
1742
7042
424
5055
5401
12051
13946
15211
4726
7339
6237
4428
9549
5550
3009
6131
11176
5148
1125
14445
9709
4305
5864
48
15259
6913
15343
3391
2881
3686
12670
4623
10728
1447
9679
4481
1850
11977
3692
6577
7668
14281
11005
1218
3831
2366
11701
3359
7514
1178
6156
1223
5483
12020
1271
4743
7285
4966
12486
10167
8652
9156
3142
7732
14955
1173
565
806
1502
8609
11735
9171
6890
11092
14741
15073
13459
14794
2432
9325
15973
8589
10549
5456
8961
172
14551
247
9491
11037
14766
6495
8546
6260
2580
7501
7434
3145
12659
8936
11755
12746
6459
2645
7839
5200
6071
5298
8347
8503
14623
8320
5444
13524
2128
14406
2049
680
3005
15892
11717
1771
10739
8615
8031
13319
117
15465
4817
1128
12754
4924
13875
3213
11921
5714
12766
1992
15364
5113
14848
2339
1785
4292
4216
3913
2698
10617
8945
10055
10509
9015
11826
9600
1630
8210
6920
6099
12027
89
11580
8781
9365
9455
347
5286
3521
1465
11631
7237
6578
10479
13928
12715
3123
2144
4980
10174
1113
13926
4229
11622
11293
56
5223
12923
12618
495
7375
8645
4936
2955
5779
14301
12410
6126
7939
4283
7591
7922
15872
2521
2401
13800
15236
9877
4297
8568
4051
5410
10846
8280
5385
6139
12688
14960
3063
9306
3807
10438
6304
8743
1745
12083
11396
2507
2209
7687
6790
14152
15610
6662
673
6363
8814
4261
240
13111
1181
4291
6874
12028
924
12259
2167
13612
15571
9582
11271
3378
4020
1575
473
10117
2010
11869
12624
4219
3556
3414
6723
7518
14428
11748
13882
11595
9
14122
8706
1190
6766
15580
1570
7690
191
3738
9654
15762
13320
9277
3140
5693
15204
3613
15810
1214
3834
12435
9785
11743
4201
508
3261
6982
12256
5495
2577
617
7970
11283
6160
14736
15216
7730
10778
15407
11468
8784
3522
13141
6414
11014
2834
9970
2980
6996
15537
6814
3431
9322
6909
11985
14183
14523
2967
14791
4018
5544
3761
340
5179
14273
3428
4395
6003
2558
8155
5824
11343
11677
7317
6109
11043
14503
79
14023
5499
3968
4838
13283
13291
99
9268
15826
14622
12235
2969
6993
1779
6730
7333
6958
9355
10762
15706
3711
13320
7861
9535
13015
7890
5204
7476
2933
3707
11908
5309
9206
15876
10147
6489
1519
14598
4109
5697
13221
344
8667
8566
6475
3749
4251
1786
13105
3365
1492
816
5038
13705
14703
6405
9947
3907
13882
1232
11966
14142
6541
5172
14018
5040
14
3890
3639
8475
9587
5212
8820
2254
2130
3647
10356
6381
5433
11813
9747
11277
12629
14785
13334
15684
5190
11633
7943
7424
1218
3909
5566
7759
13433
3585
1152
1799
7475
9143
10275
5414
14355
7447
12021
485
11094
6377
11218
4880
2190
4965
4509
3171
8102
1844
7207
1645
1829
3502
9069
3047
7411
14636
10807
9196
6573
311
10996
2400
9454
5271
7814
7809
1070
3835
12646
12164
14564
12216
5396
5106
5534
9906
12629
13636
102
8188
15281
1931
11690
12703
9331
7453
11339
8490
650
6264
8801
11646
8664
2255
5269
4830
14416
10691
13018
15414
6855
15934
11630
604
9393
1164
10510
6022
3153
14964
14211
6786
895
14253
3489
14578
5707
3180
7068
6357
13796
15869
6355
10812
2124
15976
3995
4892
10667
1013
4306
5874
5299
4289
6478
14692
9805
5340
9067
12958
4304
11630
8097
9552
9883
15938
8130
15590
7471
15199
10299
5267
15068
654
80
5545
4982
8427
14789
15649
9440
3096
9876
3091
11737
354
1784
5542
5695
10851
6853
14351
6481
3302
7903
4716
3240
4386
4307
10711
7937
14606
4331
11357
3613
8763
902
12947
1190
15692
12597
14982
7140
10825
2073
2877
11179
3857
12771
5226
3060
7976
7930
13893
11278
4185
2610
14519
8571
6917
13582
508
9875
6265
11866
1840
15028
1120
14788
4570
5164
15737
3552
656
10562
5626
7885
10093
13835
4657
15320
5248
12633
11602
3141
12264
15787
5751
10783
12711
1020
12717
13219
15248
2983
13437
1088
6363
2910
4228
10934
8074
3965
2838
8731
2879
12816
616
12973
15004
9625
645
4252
10611
12247
7393
6875
386
13145
6010
13097
14165
7079
14669
1765
14414
12106
2854
4778
15016
11434
4064
11443
3752
6902
8526
6631
8071
13494
7956
7075
7120
12953
11327
6083
13552
2720
12958
13939
4217
7320
11036
6735
14399
9705
8500
12814
10164
15706
5944
13532
11141
10008
8975
3245
5262
5853
9876
13333
3348
6185
4408
14820
3138
15735
4903
5043
6808
6213
2982
11025
13533
2370
1760
284
428
10261
13098
10592
14319
3042
12476
9460
1402
5452
12705
6665
11305
10934
8350
3005
5471
12759
1825
12961
12494
6728
2004
7654
12941
9338
2680
14826
11709
4440
15111
489
3053
561
15433
1373
7956
11909
15185
9358
5713
11891
4375
5371
11177
12726
8376
648
13837
10202
13609
14683
5282
15614
6338
6576
8952
9018
5402
9013
1810
8865
9502
4864
9427
8935
10589
5735
9197
9774
3445
14910
10017
12173
4281
9546
8899
12658
10194
11088
11212
12156
9771
494
122
109
7070
13426
13479
12473
6440
15290
9690
4294
8506
3117
1582
3095
13204
10779
1221
650
9689
15591
12823
13971
9137
10074
14981
3332
5162
10193
3840
3285
10687
3962
3395
6110
1388
5226
6935
12180
8868
625
475
1374
8095
2057
8821
5299
12836
14395
5949
10877
13986
7124
8848
7123
1198
12181
14807
10712
6374
2647
13998
5414
10961
5745
11524
12350
10971
6811
8530
3840
7436
13357
9566
15531
3766
2388
4831
4954
783
15132
15832
3121
10609
13032
10244
159
9214
13404
10872
3940
51
13222
13706
11013
2967
13582
11715
2290
4393
8597
10482
11830
5955
8401
11361
9721
15141
4544
14676
4276
8029
2860
7397
2638
15892
5993
7149
13458
3397
2021
5751
7801
3595
3457
2814
10914
1040
2881
1557
9785
11478
12039
5615
1433
8792
5329
15507
7933
14225
2535
12209
10606
9747
3606
1596
9639
9600
8746
11450
1349
15119
1201
9150
2715
4658
316
13629
10050
3197
15186
3836
14676
15578
13803
4461
8370
7484
8320
304
5710
15207
12513
316
8954
4472
6265
2594
2424
15011
2396
3773
14130
3597
12924
845
12607
13240
14475
11010
438
2013
3198
3466
1591
1001
7927
14314
8486
4600
14618
2548
3807
15483
7216
12762
3955
13481
3708
6379
12492
6104
14505
14975
14053
11429
15820
15012
8669
2647
10022
13459
9013
13220
925
10604
2574
13205
13270
15412
1805
11888
1960
9964
15724
13528
6726
8031
15362
14786
2763
206
9242
1268
15181
7295
12697
15002
6308
9718
6001
330
11530
15014
1903
12455
13971
4477
14012
11241
3889
15817
11482
10201
9782
11206
7729
4860
7589
11443
3647
10352
11650
12889
11620
10831
8537
12669
14185
3197
10740
4187
7879
6270
3201
9782
2725
5524
2611
738
766
6500
4907
600
5053
3041
158
1135
12254
7747
12578
4253
2100
8228
1142
2072
7412
14031
3094
5597
1228
13834
9784
13460
4104
1338
7242
11181
6862
9854
271
11980
4706
5179
932
14112
12572
1090
15247
8826
13190
11825
13079
3642
8406
2574
5714
15818
4957
13160
5415
6186
10994
3552
3646
3450
4890
15240
14632
104
13446
14903
437
6505
8434
5721
4617
5007
11164
3864
2185
8354
4041
3617
11996
12447
6191
6062
617
11148
3223
6033
5686
2569
13937
13684
6020
2827
1277
4652
7283
14723
7907
12072
5228
342
1794
14197
9701
12958
2061
11886
5312
6103
15503
5660
6902
10046
74
11872
9547
7649
6257
15233
10219
4194
1270
4591
11373
2547
13595
2656
5622
5502
3081
15203
10196
4875
13400
3897
6185
15462
4136
15849
9917
7991
5509
5171
6390
9935
1043
15937
1585
7300
3522
156
11494
4792
9099
11219
11691
6694
13876
1314
12196
5309
4869
6393
10184
2269
14642
369
6083
2778
218
4352
15122
10079
9524
5512
8366
14919
5449
9951
10572
13323
14459
10418
6468
7558
5638
2159
14252
3514
7825
14801
8823
12694
5194
7359
14964
8188
12080
5047
15319
650
13752
14441
15081
7276
8305
7447
10547
2106
5751
5119
15429
4210
15538
5897
121
5176
8057
14373
13042
4234
1526
10217
929
6720
1576
15893
14909
2008
9292
2580
2658
7044
1021
1739
2672
9326
13538
13220
11432
3289
6691
10861
7500
6229
5111
11973
15757
1520
10346
12799
5754
11873
11368
6683
6945
1296
10928
10206
3304
8573
12786
10314
15617
2159
405
6642
11485
13944
8214
11269
1233
14905
10483
13085
9487
15594
9058
9244
1114
7757
10396
6868
7982
5764
13552
3279
11413
12832
13486
14717
5405
14624
13384
9375
784
13789
17
621
85
8231
11891
5671
11488
6374
2756
4975
10320
167
2572
11434
12276
12968
6654
4258
7084
8558
7537
2497
5391
9375
5567
10796
12352
2951
4171
1488
5092
8540
2109
5178
5123
2352
15201
612
13078
1957
5587
7398
6476
12511
7184
2752
13831
13839
11362
4916
6397
2900
11765
140
627
1332
10937
12979
8635
3460
14467
2080
12001
4929
11610
1124
11633
10811
6088
8712
1120
28
4462
7597
12539
11647
14701
10371
13838
10064
3639
8587
12964
15404
8728
1943
5089
8017
14923
2076
11477
1742
4156
11830
6671
4118
1307
2305
14929
7395
15369
50
7423
3831
11999
8315
3830
10700
2686
6020
4764
6325
2960
6080
10081
11688
8024
3522
8057
6947
5599
3534
13041
14107
3717
8065
2226
5024
10370
5507
771
14091
5557
8195
6274
1556
510
10105
609
7548
4477
5373
2225
7437
11454
12306
7477
3478
4181
15534
14777
9780
7421
170
12239
11138
8235
14465
4514
6957
8325
5285
5048
13882
1832
11323
3791
6694
9780
4400
14242
2609
14125
4819
10047
9579
5478
5876
1409
9659
9763
4538
7791
1184
4709
4030
674
1296
6848
5188
8254
15173
14825
13302
1407
658
12977
5198
11704
11109
13950
14299
13719
12076
3118
12118
5655
8596
1994
11417
2255
11757
4307
14398
1293
13368
2429
1967
14665
13629
11507
6919
12802
10333
8573
14209
15343
9903
7760
11047
5012
5710
13698
2731
1786
817
3201
11794
13765
5196
11563
4373
5305
15870
2771
6599
13239
9552
12918
256
7181
8426
11527
3983
7111
4100
6545
10806
14003
2657
10205
7368
8367
7904
10099
14506
8721
13301
14652
10838
6849
14567
15211
506
14437
1983
7105
28
11535
4024
4636
2717
802
163
11052
7913
4264
5949
7071
6619
8606
1276
13987
5326
9180
12439
8184
6253
14092
11188
1092
4941
9755
303
5447
12544
6638
905
925
6526
9281
5561
13595
10083
5725
8647
6348
9989
2949
13419
4960
15907
14695
2948
5233
12228
3739
1769
2481
1831
12957
3573
6772
11064
8229
571
7609
14867
5828
8534
5393
15109
14095
2988
13544
3820
15988
8244
2161
7289
5663
11474
7196
8711
14422
782
9291
6513
2551
11772
8344
3861
3698
3468
14925
11927
8391
10886
15146
14220
7772
8892
13329
5868
232
10874
14040
220
3118
4554
7509
13134
28
3058
10197
2802
3840
3488
9315
6391
15260
6011
14604
7310
9479
1882
3237
1870
12768
6736
90
8893
15628
1772
14761
15860
998
1153
4433
4116
10059
294
5602
10087
3352
15799
1241
7192
7639
10556
1936
6900
4919
540
14210
14398
6774
5800
4621
7895
12536
9063
788
12164
10835
3901
376
185
9406
9161
4302
3466
9456
14256
13553
12808
2408
3147
8353
10047
13703
10289
947
2623
15181
3510
5373
10308
13662
14346
2203
10198
7410
7343
10714
6597
11244
15442
6783
4650
8604
15437
12468
2060
13693
10022
3220
101
13169
11573
10149
15224
10214
15448
6199
9396
7310
15925
8056
4972
14271
10259
3522
10033
1602
14236
4983
1198
2031
11766
10200
10635
15555
6669
1047
13248
5043
4267
1702
6564
4193
203
10140
14407
4003
4692
12155
11314
4617
4211
286
7240
2822
8161
1274
4424
10749
6257
9974
12780
6375
4175
11767
5930
15196
12814
7530
4239
5434
9232
10803
9627
13787
9295
8034
1791
13987
8542
13105
2604
12753
1743
9845
15576
9904
15471
8352
4654
10080
6679
5786
455
15206
1554
10737
14402
14368
2267
2641
3802
15852
1796
1781
13639
11091
14168
3782
9079
6710
5239
35
7815
6983
14232
7391
5239
2055
4096
14245
12135
10775
4032
942
14333
9938
31
12735
8306
6651
3728
461
6503
9876
2242
8494
4967
4762
629
2398
11472
5868
6786
3288
1203
5018
15031
10795
11426
7479
9040
11913
6606
1424
12856
4939
11362
1239
1674
8021
7890
5402
12834
2745
3630
3428
11240
8598
8191
11869
15348
3663
6089
10486
6951
7293
15505
10335
2088
15283
1814
15480
11196
8421
5257
12404
1712
619
13644
3387
12992
5534
13141
9826
8280
772
13255
7872
13722
5446
8093
1422
9109
14182
11909
4413
9827
15766
3100
267
15049
9266
15748
10245
1687
5005
11002
7752
9976
8646
11139
6969
2532
12632
795
15164
1756
2402
7036
3830
7848
3481
5253
5310
6016
5514
14075
15843
5280
1175
4463
8681
10441
4211
7278
481
13568
2280
8233
11896
10926
7724
7217
1811
8708
8013
975
10465
14767
12364
2647
6616
4197
7900
11926
10213
13414
14353
10057
7046
15528
14520
4079
14321
7083
11358
14802
9003
13638
11387
9251
12917
3111
469
14728
172
8482
15703
10637
7249
419
13284
2217
4617
9537
2495
14830
11303
848
13239
6702
4728
111
10781
3050
11546
6139
6204
8901
3778
1592
2153
695
9055
2622
3775
13579
15456
7830
8216
11057
8250
9853
13275
12867
7742
4122
49
7397
4971
1641
14099
14051
1752
8881
1101
1651
3372
11658
10552
11502
1602
12705
12197
15009
3679
4324
12589
3135
12155
9157
14193
4405
3010
15820
5624
15104
3942
10025
6502
13265
11666
4601
11317
1771
1834
770
3422
5207
12428
2326
709
14030
15032
1259
13040
2711
9935
9629
10199
6090
2786
8392
14847
10149
12564
4471
13605
506
2849
4107
13772
14515
13061
9089
286
3247
9859
8060
8454
10640
10387
13516
8670
13771
3127
10062
4834
13062
8043
15033
3153
15182
11777
2000
13683
8341
10824
11288
8848
2025
15396
10972
540
809
8413
5179
4056
6624
13239
12511
1264
11978
14379
14287
9749
1506
12701
2936
2920
4745
1969
10425
3927
13747
778
1610
6088
11602
12898
3288
13627
646
14260
2519
1455
6673
12050
5512
1650
13642
6375
2914
9620
9106
1201
7722
14964
13903
10658
1884
7000
12627
12310
15279
14726
13088
889
9167
13042
2139
12455
15021
7138
15068
5892
12945
10093
1943
2457
11743
15585
13184
3010
13557
6290
8563
5279
9606
6466
4289
11491
1818
917
12153
1097
3995
13593
6338
13162
14987
12830
13970
14008
3968
13038
8252
913
11483
10195
7723
7227
14132
9259
10237
11690
3902
2800
5321
13508
13619
9611
8999
3789
14880
9504
4887
2875
7097
15577
4390
6084
12407
2360
8444
375
3750
697
5641
15233
15244
1716
6460
1729
10975
5049
1771
14877
12202
11444
12386
9821
5055
9737
13610
8287
3242
6849
15515
14691
6427
3905
4776
2834
6265
1572
7562
14367
2269
1555
13600
5866
3271
8413
11947
2598
13462
13718
1476
9664
9162
2214
7837
2570
303
9800
10857
7897
649
10372
6589
11428
14277
11365
2615
8894
12937
10177
7261
3559
84
4862
13777
7707
1627
9724
10305
15089
7442
133
13106
4956
6699
9295
7526
7003
3095
6736
14900
8097
1108
5489
7877
3738
5206
10492
12632
6496
9021
8246
14407
9105
1460
12184
812
3087
5908
15470
6528
1702
15603
7986
11010
10655
1282
2537
1658
4377
9273
4910
826
14733
14752
8704
2471
3958
7548
3456
14806
570
54
13213
9675
1514
9397
14840
8953
3657
2662
15481
9711
2265
7468
4722
1272
13102
11611
2930
5831
9236
12193
6658
12321
10945
3714
14793
14903
11262
6601
2062
11832
6655
15275
9860
12521
13025
13052
9826
5034
15714
13659
14746
6331
9479
7820
7604
6581
7783
14886
12413
5371
11079
7423
1692
6024
11137
4837
9280
10751
15790
11342
10936
10797
10617
9148
7318
11994
6200
1144
1029
5914
14804
4127
597
8283
299
8201
3217
8082
7088
15630
1805
6519
7053
7849
12544
6542
12687
10176
1293
829
9870
12229
11627
4487
5377
2945
4834
15929
8442
5863
10195
11598
9990
10793
8233
10289
7346
11450
6723
2786
15432
12880
9306
6485
4729
10202
13027
1416
4378
2673
6598
14248
14902
2225
7087
8632
9522
273
8561
1964
6136
2757
1914
4478
1902
10148
3119
9248
9950
14194
12035
9383
11074
5341
4220
15804
3895
5600
5572
12625
8273
12170
10873
7175
14395
6312
4159
7918
6586
12721
14234
1074
3830
149
5553
5732
14649
13024
14980
12951
11219
15367
10686
6293
4708
14907
6097
12955
4507
11670
9580
12780
7840
4453
8307
10588
15118
12467
2506
10056
13540
740
15482
5722
5241
5035
15806
3890
2060
3138
5194
1631
2506
15880
7924
11566
14787
14022
8522
3294
14044
2102
4426
10236
10908
12734
4824
14378
13553
7330
8434
15445
12423
7916
9519
1664
1304
9325
9907
7716
12463
15101
9347
3321
14981
1271
14888
13769
3645
7410
5415
6041
13864
9842
278
8772
10928
5102
11502
12833
12433
3936
630
13208
205
14501
14872
5861
7826
8779
13577
8641
12232
11276
315
11214
899
15203
13335
8897
10965
2750
14938
13181
944
15216
10306
224
4319
5808
1409
5104
9745
6391
2312
14302
4892
5536
4163
1070
2668
6092
14064
14900
5720
14379
10114
10971
1934
11801
3868
1251
2904
2807
14432
3848
6375
13090
8425
10694
2899
14186
4150
996
4578
6462
15298
9470
351
7813
14893
3019
2257
12957
1919
7977
15688
386
2948
1622
12187
11169
7225
15091
13976
10009
7292
8703
7100
4069
3398
9999
2255
11900
10995
6833
6715
14645
4656
7066
10810
3549
10085
13067
506
12004
9396
4546
742
696
10520
1282
217
1745
373
14193
11754
12017
11249
7206
86
14647
1205
6694
10547
552
13527
1262
3549
6535
12680
14359
10084
6765
15778
14942
7122
13526
3488
7864
2575
14008
13498
2792
4105
2224
5338
15860
14241
587
11418
2680
3586
12624
9374
2485
1528
11253
8100
5078
1789
4780
7789
11873
11546
11920
15168
7020
9446
7008
3236
12021
5017
735
3166
9122
2959
8504
13334
5552
9091
8753
8232
1029
9729
5958
3514
15609
1212
11614
4687
7353
395
829
7578
293
12749
6746
7313
10547
13755
10549
10921
7124
15636
14087
4598
2595
10943
6285
8148
8386
15038
4732
9415
13119
10691
12929
12728
255
12896
5768
7608
13291
10949
15186
1936
7698
10285
9249
6597
12392
8150
1518
3516
7787
15605
8114
14734
10548
14399
6882
2934
1789
11615
701
3260
10658
13631
15989
10913
10527
10109
6873
12170
5058
6059
2458
1108
4696
59
7705
1088
8209
9224
4604
4348
13181
1071
3083
12082
3822
14317
3368
5612
14284
4070
13224
13294
1701
1565
8207
580
11674
3432
1102
5084
13844
3560
6192
2540
3619
2250
3629
180
15826
12585
8881
13007
13656
316
9089
5831
14633
12458
15795
1270
4880
13019
14564
6581
14585
11124
11513
14611
14556
967
3696
12400
8879
14240
14941
850
4842
6922
5382
4668
3507
14263
1676
5516
14579
15117
15699
1565
15927
15494
2835
4807
12513
1399
15740
15450
12523
15605
14062
11080
4924
6110
7480
13803
4350
10773
14653
9193
1695
4036
13861
9555
6651
3889
3423
5231
7359
3122
6796
7286
2616
13983
446
3481
15382
186
2932
258
4144
994
15690
9068
7104
11522
6872
15806
6296
9877
13351
12343
2265
11213
5898
8917
3454
9321
2500
15165
12443
13648
10804
3411
11631
11250
6893
15365
15788
9825
15623
3932
15171
15313
1353
10627
10836
12577
14785
5484
6454
12137
1827
13072
11702
12078
10341
15156
5399
12841
14322
6195
14841
9126
13958
10472
8728
4851
14189
8516
3028
13813
801
6551
1478
2154
1178
666
14731
15964
6150
9537
453
7978
10961
12155
8408
5302
15663
13807
6495
13985
8354
5336
11463
6313
4160
8543
15516
2350
5412
2545
4515
6213
9096
10345
12719
14627
11012
15802
2943
5514
13691
3396
1844
8653
15551
10252
13955
15214
12412
8803
1552
4766
14139
1367
15431
6652
9911
14948
13354
3675
5845
6221
9888
3293
566
10959
1920
15930
15113
9215
5445
12804
12611
7289
9809
514
1542
7765
4081
13954
568
5633
7072
3059
11352
6504
14063
5263
9804
11417
8938
4001
1638
7178
7294
6557
6489
13567
6487
9954
6782
11932
6759
7746
7574
568
8260
9116
12685
12341
11422
1605
6326
2494
9017
1679
13350
7080
11294
11506
2498
8585
15507
8488
4115
6802
3397
10605
8721
9885
4559
15503
10169
15670
7249
1743
4591
15510
10859
5628
203
10633
7234
6530
13128
251
8209
14830
11683
3503
10337
2533
12088
14196
11022
204
9350
2771
15161
2071
12656
8072
1575
6826
7743
8824
12921
686
12686
12133
6314
12890
6766
1900
7772
8246
2151
15981
7077
2187
7836
5766
4720
8277
3962
15742
12833
13313
2514
346
3736
3522
8418
5311
14700
4513
2488
11622
5199
3526
12107
15866
4768
2873
1766
12540
11120
8270
873
2197
10457
13062
12315
15177
9691
277
3272
6524
1942
10138
6870
5679
13660
3640
15342
713
12506
1830
687
1705
9709
12794
5923
14477
15667
7690
15370
10787
15960
4595
1336
10417
1657
13651
13946
11348
2281
1218
6224
4223
11356
1446
14254
13369
9439
13597
2434
5945
3779
3121
12002
1840
15915
1926
318
3934
9616
4040
3074
13928
8635
8762
12697
14645
10766
10643
14345
13047
11862
8922
5622
11570
10368
3877
13291
8159
5826
15725
14104
13957
2846
10107
15798
7113
12033
4468
15400
10001
8508
6826
7929
5495
15588
4626
8492
10354
15269
11190
11753
15483
4112
1376
11054
2832
9605
12697
10992
15431
12423
9096
13388
3621
7555
1538
10735
3588
6006
14487
1941
2866
5313
9870
12714
4901
2848
9558
3608
2118
4748
15361
5953
13212
737
5359
45
10342
2057
15389
14125
14480
8485
15866
2101
4393
1404
1188
12333
11763
15675
14275
14629
4988
8145
15695
14242
10994
9254
1850
1464
14002
5563
7417
11215
6301
1129
15612
4995
3186
15001
7473
6018
7486
7339
12471
231
13095
13660
12565
8858
1687
10840
11840
11028
7337
11535
9270
2331
4789
15472
8147
7144
5035
3917
2359
15688
5046
1971
9036
8232
5324
509
2602
12810
12200
15073
1394
9295
1085
13959
6506
2773
8799
2346
13801
136
2233
11423
6820
7023
15247
3319
2519
8634
7236
9230
8323
12282
11201
1359
8866
525
1868
15820
1687
14068
14894
7433
11715
15979
5392
2221
7104
2543
8919
4905
7032
11153
4680
13852
6528
8279
5523
9047
914
12760
2277
13589
13394
1830
14948
6261
6707
5168
10433
12746
7588
9327
4180
7655
13659
13924
9877
4763
468
7148
9669
7500
2301
2701
9704
13181
10981
15227
10580
247
339
12857
13836
13734
3039
1136
8347
14098
6304
2780
10845
2244
12108
3377
9899
9767
1301
8128
14530
1769
15277
12551
13621
5930
3605
7325
7464
2938
10905
2044
3185
11244
3254
5373
8978
6293
6509
5677
8744
1165
8458
3589
3409
8918
11318
13308
7037
12619
9789
9919
2741
9066
10823
362
3348
14428
12040
10812
5718
11297
12857
8903
6541
4463
2628
3872
15108
9137
9549
7852
10302
6359
15793
2063
15277
11111
15371
10666
12083
13512
4586
14824
10930
15409
3538
14279
2189
15578
9091
7907
10875
10300
5162
5769
3115
7790
13993
2224
5279
7542
10076
3933
2254
9870
5996
5883
9333
9719
550
5416
7232
9488
8592
2162
13249
12131
441
15438
61
13885
11697
10937
12537
5211
5058
15653
13001
3051
1877
6632
14945
305
10565
1199
14527
561
11435
7861
10280
11985
1629
1512
9825
10222
8027
7074
6353
8468
10864
6414
10705
6561
5703
11595
11772
15113
11248
13125
2164
1477
3757
1110
1782
2674
6661
4662
3235
2096
12523
1867
2433
14152
3380
12258
12726
11407
7684
3079
8227
2548
13846
7285
9109
7901
2880
9233
7015
2480
6358
13531
3957
14467
2993
10091
5493
9655
14753
8728
103
15628
10596
2537
2133
2328
3147
14859
2087
10832
6291
14666
13380
8489
5951
10842
390
8831
8427
11757
11311
3138
9289
3620
1605
634
2064
7099
14641
817
4179
14745
446
3127
5634
6931
5455
8781
5790
11894
7965
12081
10561
9698
4570
4864
4540
9313
13696
12967
9422
13359
105
7063
5332
6063
7698
7396
1514
6339
8213
10045
5084
13011
13173
15070
3942
6980
7852
14085
2875
4169
10166
1788
13867
3089
6652
6759
754
8700
8079
10176
10412
12536
1240
15744
2599
8938
7140
8465
3629
3705
2511
8714
5069
4036
7784
13363
11016
3988
15800
2243
8158
14319
8383
10377
1408
15036
1137
2162
12088
9216
690
6500
5752
1930
10596
12704
15220
6088
9521
2850
9794
12032
11564
3215
4420
7700
4930
15437
41
4731
6032
12551
3050
14416
6928
8810
1804
12417
15324
13892
5633
14
8745
15738
6297
3341
794
5517
9430
10315
8367
7576
10700
8283
15143
15120
4336
4073
2909
4377
13156
13294
5280
206
11710
560
13368
1866
12978
12692
15758
6963
1059
8503
6701
7356
197
11847
12873
9627
10515
9593
1203
5215
1876
346
8687
6212
8771
15949
14941
5928
13243
8573
10486
8953
9134
7855
15171
6112
8899
14929
13075
9958
11785
8129
1314
334
8328
2540
9961
2843
12133
15516
8058
2361
4214
5098
12926
12985
5047
11867
7265
2290
8793
1752
15595
1927
13959
14766
8039
6858
2047
9466
5169
2184
5947
6483
2518
14276
13375
12479
1119
9508
347
13530
11870
4561
2628
8796
5899
7675
9015
13164
14317
6160
3268
13912
8087
5579
1030
4478
12438
3077
13945
5959
5262
8244
794
12132
6520
14170
12964
11992
12030
13311
13874
7900
1873
502
5048
12124
12529
2416
9288
15198
8576
909
13110
5016
6488
2492
9494
7278
5569
11791
13237
15183
4036
14032
11316
14908
12202
8280
10900
8232
9943
13126
4485
168
13628
13885
12292
14509
301
5581
13707
13230
10842
15169
2246
1330
1661
11740
8609
11583
11884
5846
15118
15920
8230
10434
3180
8784
7066
2433
1017
5362
15559
9854
5530
1540
7739
1823
49
12393
11756
2109
9623
6598
5630
11869
7928
11644
11961
4889
7227
7845
15088
6345
12117
7318
5132
3650
103
550
6083
5472
5912
5642
15326
11443
11534
11417
1618
15936
7810
13374
6397
1433
8324
12027
1654
4604
12023
1968
9494
7602
14165
12934
2300
10283
8604
7432
2285
13059
12334
8368
6883
6599
2362
6209
6394
13897
1627
8012
13833
13789
9738
4230
15223
2062
4609
5229
6666
633
7197
4512
8235
5363
5798
10535
3998
14403
6319
6283
11462
7006
3003
2346
13605
5365
12907
3999
7614
2886
363
5447
676
10101
14029
4251
515
2639
9480
11533
7624
5030
4398
4211
10393
10196
14747
2743
8599
9418
13378
8414
424
381
15112
2381
5746
12019
10732
13361
3258
11095
7160
3934
9548
9542
12537
14415
533
6017
9949
8157
11047
14347
720
9792
8543
15467
12535
5495
13238
9913
2261
2014
14646
1373
4396
4393
1744
15128
6106
5002
14576
1618
13288
8124
11160
9825
6540
45
4195
4841
8202
3594
3188
13275
1739
83
1094
14274
9930
14332
12540
12191
4699
11186
1916
9095
3931
3661
12575
14389
13015
15503
4360
14656
7628
15520
12833
2520
3918
1028
11713
472
8975
14901
13747
10714
3336
14842
13340
1619
13174
14232
2162
1873
13771
4079
15320
1702
7740
248
4444
4755
15751
8804
3411
11731
12676
245
14251
594
5625
9964
1067
2952
13217
14814
13666
4906
13656
15359
10877
15183
13591
13039
5408
11362
1118
4729
1417
8858
4977
5861
1966
9080
3017
9729
4812
15693
14326
3063
4640
8304
1380
5707
11256
2949
4521
13275
12207
6530
12634
7084
5713
10225
4124
11121
9940
5242
4202
11357
2453
13531
5570
4419
6612
8587
2500
11424
12632
827
2839
1272
13483
8571
11331
8739
11521
15853
6014
7728
10735
7000
3165
448
1226
7289
15921
11166
12531
8476
10875
14984
6007
445
7755
12619
13384
10256
12395
14368
15435
3587
15641
12918
12158
10972
10009
12031
15177
24
8112
9912
11376
11277
14712
12602
2566
2986
12120
15097
11462
11347
2434
1469
144
10189
2441
13528
4445
14836
249
3880
6775
4242
5150
2934
3566
15160
14965
2744
3536
7077
1008
14912
2354
4073
15867
9272
7059
339
8370
6873
11687
15156
12694
11831
9345
15135
13712
13791
2324
13961
6023
9099
6555
11174
12033
10121
14686
15351
1217
2222
10780
2226
1134
1487
10651
5353
10759
6062
5693
7481
12935
1380
6637
9629
1563
15983
13117
15275
2126
3793
1588
12501
12892
8143
12027
13278
6617
10713
981
7834
1287
11761
10060
2422
13248
9063
12127
8008
15125
1820
15489
412
7552
6127
14394
9116
10462
11511
12743
12588
15304
2684
13441
548
15179
9469
2178
5796
4182
3159
13631
5470
14921
12043
12244
521
5107
8371
8529
8584
14544
12371
8997
6096
6850
11743
3564
5664
11606
308
6604
10910
7344
4045
15810
6523
13514
1989
12320
6049
5148
14303
11519
8421
10346
12115
8943
15453
8838
5824
12390
11734
2195
9739
6183
13397
5482
9747
3061
1088
14407
9665
350
5751
13711
160
627
15577
2149
12947
5626
11650
11250
5497
4071
9948
5964
1366
13754
3155
7191
10144
14889
13738
3883
5072
15488
9365
14820
2549
10453
1579
567
10803
7331
2630
15315
7958
2207
5817
9257
12186
5819
8859
1683
9890
2807
12000
15609
561
15155
6800
15057
14044
8890
2940
3117
8378
12305
6289
10928
11110
7868
15847
10265
3551
2477
13933
15861
9036
3750
13470
9574
9569
6329
11258
7811
13489
11610
11772
2402
10765
2572
1460
8809
11463
4400
278
8193
5058
10919
3121
4520
2788
7320
3138
10691
14149
1071
10553
11538
9173
8023
5112
2742
2705
4722
14905
194
332
10678
6948
11097
1602
8408
8259
1417
1161
8537
9611
6219
3457
1084
15091
10597
8405
2229
5288
6554
3300
4193
2092
12473
12217
7205
3567
3274
279
6825
7820
612
5855
14768
11709
7457
7177
8320
8875
12690
5210
6838
7261
8667
7922
6352
7616
327
8582
1256
11234
234
5450
1678
1060
6019
13235
4627
9293
13515
15804
5465
14127
5659
4233
14188
13117
15762
6509
10344
12452
11719
1182
3713
8738
9104
14418
4706
13784
7000
5962
13370
11586
15764
3400
12646
5783
4988
1274
3428
2503
1078
13245
4982
6738
1479
7522
8207
5593
2383
2551
6398
2454
8085
14463
15544
5541
12881
4250
7677
8233
14565
5047
3820
14329
12800
466
8465
1788
6092
245
4291
11523
13491
13625
6613
3322
9499
14820
13267
11883
5723
3665
14337
2160
6481
2234
7701
7714
10836
15379
15948
9401
8778
8120
12083
5578
12938
8900
7366
3031
9145
9
2906
10988
1986
9519
14310
11486
12691
11578
7369
6766
3595
10058
8926
14428
644
4979
6143
11481
8710
10443
4882
1489
6915
5317
11419
3853
14217
7138
11236
7363
7147
14142
2351
13486
12013
5014
8972
13056
4944
4693
3822
12891
3103
1100
11320
3748
6080
5815
15229
3142
258
4111
8983
11525
9429
4403
15378
11998
15893
10615
3361
11392
13109
10065
8878
9123
3431
1850
6179
8375
10895
14354
9618
13999
15454
4938
1747
9886
10753
976
1381
15363
9439
10364
10888
7220
3119
14619
7571
3012
13586
10932
14405
10695
9349
7283
8170
12780
13486
2702
9507
8381
1056
3126
10732
4862
12416
12479
3101
11522
1807
4482
15237
15599
3198
14478
11171
6318
13097
2742
9330
10683
2027
7735
9730
15728
15019
1901
861
12505
8955
10368
9238
14363
1846
3971
3225
14263
450
10678
14137
6610
3512
13374
10561
6711
11852
5732
13029
8949
12827
6359
7984
3206
14095
1715
2934
13114
7968
3795
13971
5275
2516
7209
3638
4362
15532
11215
6977
4335
5894
5114
10945
9406
6841
9858
4469
2693
3942
1498
15995
769
7858
7979
3975
5953
14046
11262
7419
10366
15057
9742
3993
1573
5303
7631
10288
4836
7199
5617
9171
13093
10732
8468
10851
1573
2326
15321
8618
6268
5171
8613
11390
13029
4945
3717
7334
7343
14979
3105
6062
2389
12847
10055
8314
6503
6039
2602
11339
13238
12572
8862
14683
7304
1330
13886
13229
3656
1559
10199
14276
6731
7165
9666
3760
12110
13384
15447
7805
715
2552
2219
3104
3752
627
15771
14607
6666
2373
9946
8256
3297
7160
6939
10601
8490
9177
12182
498
10737
10734
3126
1468
1899
12793
9580
2361
14529
9027
14518
3596
15932
738
11053
3684
1365
10824
2291
12383
1549
589
8991
4847
7749
15930
3800
4591
13459
15983
9441
8196
15069
12567
9664
968
13712
3245
3329
593
624
6199
4190
556
6937
3595
8592
12654
14419
10883
13389
15968
15824
6380
4815
11925
10662
8616
4868
8122
12951
14309
318
12020
15229
14335
1340
12941
5932
9021
1887
6556
15220
10429
7113
10510
14024
15705
7164
12443
14941
4554
763
3117
10934
5579
3395
5597
2547
8263
13719
3850
6573
2389
4222
5802
724
5562
7095
6656
14583
8982
1565
2155
3411
8678
12665
5787
12735
8182
2230
28
1088
2994
3146
12022
12925
6541
5971
3824
3156
8042
7674
14081
10432
11896
8235
15508
1458
15331
10517
4393
12665
12082
10900
4429
4760
7566
10216
5847
4100
799
5876
5188
8145
13374
5562
5070
8267
11534
8894
11423
7928
568
9505
6712
816
1740
6221
2274
5423
738
11019
2089
1172
5919
10870
10284
1837
5086
131
5937
5885
10359
15477
14030
7733
5040
7452
4352
4926
4698
4128
12854
9618
13633
3567
10434
3725
14140
12708
13501
3230
12079
15590
4402
1999
14812
14686
8188
3898
3169
2478
14136
13529
1955
518
5262
6995
7971
13967
11921
1021
2095
13128
10640
15728
695
5074
7805
3187
6135
5306
6417
2214
9248
15171
8565
8060
13857
754
311
1026
3232
2799
2907
9539
3317
8170
535
15640
10489
808
662
12584
13936
11302
664
2983
376
8469
6170
6511
2128
939
13078
15728
110
5643
12141
2319
10749
12452
7698
2333
15251
10605
11873
6920
7127
12408
6561
1616
1568
7223
2552
15505
6877
3216
2488
7253
38
13011
2117
6518
2302
15195
6246
2413
9190
2387
9084
3940
3191
5134
10625
6794
4092
6498
13715
11219
7258
8628
1188
8827
15851
3740
8332
11080
11309
15172
2333
11347
535
8802
1865
2838
7997
12463
9603
5540
14851
2687
13832
6394
12174
8457
13189
266
14956
15256
15837
6214
7884
1025
3393
12087
9118
11725
7167
8779
15250
13852
4126
15785
6655
10343
2623
3004
6806
12226
8544
10009
3266
6376
404
15440
14834
1945
15706
2142
1201
15543
12708
13437
4921
102
9524
2391
179
5043
11170
15429
2895
3648
3567
9550
2343
6190
12555
9149
6769
9451
7511
14387
15828
12267
13827
14662
14212
1885
5156
3765
5780
1864
5554
15053
1966
15078
5796
2146
8473
966
5927
15720
8966
9494
13623
11309
4037
14530
8811
15158
7981
322
13545
7809
941
15724
10823
15153
5961
15979
7270
11741
6196
12824
15147
8162
254
4943
14660
13079
10262
4588
12799
7580
14082
10422
2890
6471
8952
53
5629
934
4727
3174
13095
5668
2898
12271
9173
8859
602
443
8953
6798
1619
8100
14961
1873
1395
1973
14952
9
6561
103
7590
8996
10526
10480
15467
7830
14885
5097
13116
3612
12623
10212
9280
15522
6483
6805
12733
7085
7248
10038
2236
13219
2138
1197
3444
7886
3170
6748
7895
14084
6851
15485
7080
5729
14317
10899
13560
13202
15996
10676
814
12620
9240
14446
494
15723
5251
1579
11161
851
11618
13397
2422
2108
2946
5866
9994
10468
12614
6242
8552
7818
5727
3984
13547
8397
14884
15459
9951
14880
10136
15118
15852
3376
13564
4698
7452
7168
6278
6965
12371
1896
4362
14794
4004
11660
9012
2351
6128
9979
8593
14681
1797
2672
7017
3696
11069
5901
3156
5021
9134
1644
4139
13338
9372
6055
2037
5176
1575
8315
12141
13947
14563
4855
1093
2567
515
10105
4918
6644
4084
1863
9677
10233
4536
694
13930
15605
10948
5438
8978
4082
7082
1469
1420
454
11877
7809
5631
13452
124
6124
15751
3039
10980
5196
9959
11495
15302
3229
2139
7738
5093
168
1972
9629
863
15902
13586
163
5340
10917
4245
774
12386
10017
5580
12615
1827
15563
10068
6303
5688
14171
9343
668
3368
3302
515
7022
6531
7007
14760
15976
7175
5084
9605
12390
9338
11544
12553
3030
6461
5150
3804
7199
15168
9385
3815
995
13300
2235
7298
2988
4758
641
8008
8126
8295
12876
3500
14827
3883
2261
14803
11058
11697
12761
11801
5036
12657
8354
8066
3118
1857
11871
14669
1025
9608
2484
2020
6908
9071
9318
14249
13830
14312
10609
10308
6607
7485
13809
9786
11368
4422
12942
10779
119
14055
10932
5155
10712
3286
13222
2182
5143
13445
851
10520
11405
7688
12540
6665
5111
10211
9266
7293
12875
3876
1602
7834
15713
3763
1621
15434
8185
2915
14565
12656
970
9497
1812
34
1135
3386
6568
10631
5183
7419
5151
588
3459
6044
11605
8571
4607
4872
15864
1482
13100
5818
9316
12813
9581
15289
599
6118
2204
15164
2775
7526
8661
4587
11912
14149
12325
2480
8780
5860
9900
13931
10800
1711
8327
6405
14634
12934
15629
2851
14416
12729
8669
7733
13895
6603
11374
14494
12721
13579
13659
15496
9457
10672
8435
5370
8821
9112
7850
5953
14972
6102
3885
9772
7814
564
4530
10800
13499
4159
13651
11915
889
10673
8000
14784
1276
3375
1630
13997
5306
15289
13494
3115
14314
10281
8485
11487
3394
336
1441
6718
6438
9678
491
2604
10242
9373
13405
7741
13532
11056
8009
2773
10081
4361
5909
11357
12088
7540
9355
5746
11181
11201
8862
13847
9834
1347
9335
13228
6035
10776
8299
12474
4454
8790
3430
3048
6515
5187
10790
8399
244
7151
11173
10325
11512
1082
10035
7601
12974
7742
13347
8156
7295
6209
10355
1129
11909
3690
2710
1944
2818
11009
2770
7272
8151
6201
14673
14666
11388
9463
7065
15984
4966
6590
14662
478
12025
8697
12431
8999
4791
9779
5507
12086
4340
15863
13215
249
3553
15925
6546
6372
15286
9316
1996
7437
15517
669
10455
15258
14484
1521
3594
3450
12463
2256
8281
8488
15305
4712
1488
4096
2843
11347
182
7184
15562
1750
11785
3116
6027
2331
13840
5314
11648
4188
1103
15517
9210
11559
3127
12046
1432
6722
3849
13895
8978
12130
6384
12636
5194
12224
5084
8038
11923
5267
3574
11486
11369
15359
2954
1396
6043
5146
11062
6043
9334
12166
9912
6896
7725
13040
2943
13509
3762
11144
11404
1092
7274
6140
2080
12468
6716
7165
8858
2640
784
12432
2478
12153
144
5432
1901
6187
10578
12964
582
8264
9130
10494
3513
5207
7534
6456
2716
15648
5952
2472
5093
13226
8613
11525
14046
3681
2690
6905
10673
7826
7689
13151
3979
7833
2583
10233
14020
1513
7197
14602
14130
4679
13449
1643
14238
9335
12451
954
8984
2403
7778
2429
3981
4743
13954
2027
8425
4997
13284
3098
12823
4974
250
5155
12807
7185
15388
15180
13051
6585
2134
11181
15616
15583
12824
13854
8919
9275
3160
6255
11678
10938
13036
15659
15682
15342
6038
8107
4339
3323
15557
5515
12649
15807
10670
13808
11345
10058
12988
8396
4995
3475
3577
4611
3058
4753
6817
329
14028
9977
10936
14058
9267
7972
2069
8949
7315
8107
5408
6
15782
4966
5521
783
9125
191
14592
8822
14601
15932
1218
3596
3407
9147
12559
6466
13900
3376
11147
280
13353
6084
14338
10973
2408
4759
3922
9723
12867
13683
14082
1001
7001
3603
1785
4478
8147
4729
13301
6748
4661
2871
10345
8069
12019
6904
2887
14271
14633
14034
2904
338
8470
5594
11311
10879
10354
3586
8954
11573
1269
7036
926
12622
14992
2711
1100
7139
7440
14401
13887
12102
5625
12584
8523
5996
3489
11410
8619
6474
13796
11523
6812
6267
1118
2124
5498
15824
10062
14452
11397
11331
9841
12323
7953
8833
3387
9053
4324
15179
11807
2211
15633
5784
14796
8156
11780
6637
3566
4399
13111
5715
15923
8275
11982
5393
14751
1480
5217
8813
4284
614
4144
2477
1289
449
15662
4676
13855
3986
3856
14014
6198
7841
3798
9346
15998
15578
4335
7916
8329
5798
13631
8252
14073
13965
13645
12825
15445
7214
5638
8082
7828
14135
10559
13470
2936
10222
2146
791
2560
10354
3157
13110
2196
6955
6456
6546
10885
15143
14462
3215
4941
12094
15819
3015
14411
1817
4192
2209
9031
14182
10291
5212
669
9202
2682
3606
7776
9180
8749
10337
3535
11907
7447
10083
7214
2256
629
6452
1399
3443
9667
6341
3889
13838
13708
2301
15655
1900
4510
8687
4434
14801
13899
5104
12355
4933
8710
4132
14113
1459
2821
6000
1718
10268
83
8933
876
5064
3737
2276
8508
13404
12969
12397
15594
15029
14698
15250
5281
3208
12289
9715
6361
10188
14819
2717
3473
11881
6849
1586
1693
9670
11939
3411
8290
12022
696
13519
5439
4433
15795
13947
6189
1116
10344
5784
4497
9043
9386
9778
603
5675
7845
6965
4215
6665
9682
7688
6898
4883
13626
8591
2905
9565
355
15547
9940
1051
13066
15379
9837
1213
13326
4378
2329
7670
10162
11178
5065
3548
4956
5669
13575
12802
986
1790
7819
15020
9478
14717
3903
7105
11661
11160
5022
12016
10707
14962
1419
7774
14341
15608
13339
11667
3987
4021
7690
2501
15199
1107
10402
4156
11128
7977
5310
12114
9768
1481
11134
7598
4550
3389
14703
211
2901
3726
579
13609
7040
6351
9735
5382
5959
11426
5401
9946
15447
1443
800
14647
2551
11202
7155
13679
7531
817
14146
5651
2298
13632
13250
11200
5374
11953
11412
8275
4031
343
10236
15424
6694
8323
4806
12654
3750
14559
10952
3197
3
104
6196
6906
11306
13351
8937
7190
2520
7083
12841
4818
9068
10091
19
14442
10397
15783
6717
2780
4478
5306
2204
11173
13629
11362
12179
5731
9922
11483
8929
14277
11588
15125
5183
11246
829
14120
2436
3349
9556
3630
12520
2624
13721
891
5418
12470
5026
487
15251
9504
5793
5807
9029
7775
5522
9560
13506
15444
5044
6435
13721
4984
9913
7256
230
15094
5376
7019
6795
3284
10649
7667
5908
12722
8558
11326
9193
1936
11814
12796
15793
5959
6955
8822
13734
12477
6735
11241
273
131
6028
2346
5115
4293
9602
5345
7739
3331
716
14535
6615
11365
6202
876
12440
3113
554
9985
5049
720
11133
4842
6680
2088
2017
8766
2918
8752
4007
3191
8883
14388
5538
13998
7033
3492
7695
14773
6823
8412
13308
1791
8129
7862
2667
4569
10975
3221
14554
25
3942
9687
4867
14974
128
6884
7740
3046
15636
100
6237
12871
2840
127
15221
9873
3620
6917
8646
10443
3681
10306
12234
11810
2169
3253
4732
13144
10827
7638
13169
3121
5678
6389
2095
10158
13273
14187
13204
1262
14287
7793
2485
1127
7921
1707
15353
15893
8624
7999
14688
657
2306
10923
12467
4475
2528
5551
1619
13355
1542
3141
476
7220
9530
2571
1378
11155
5111
2934
769
3398
10727
3255
8878
7000
4962
8231
11245
1938
4582
9934
2595
6888
4857
3414
15715
11737
8966
5687
9093
14860
8828
9569
6080
6710
493
11810
1865
9956
3096
6987
13354
13823
10242
10584
9176
3556
7167
4421
5494
11750
14355
12441
6990
7564
15855
11058
3302
13173
745
747
12033
9573
14668
6465
4635
3513
2275
10852
13469
5371
1839
15176
7547
433
14112
5075
3989
5280
13848
13835
5382
12204
10276
724
8120
10132
11782
15774
11657
12527
521
7691
10452
3542
14156
15087
7055
4784
14292
4525
10155
131
8053
6054
4917
6165
11129
8906
11445
8978
11094
5179
9534
9722
5904
6006
8206
1686
5781
3864
2566
10654
11555
13018
14196
14063
458
9604
2847
14750
2481
13003
3233
10534
7409
8150
699
6891
5409
497
15869
4855
5676
13755
14577
15932
3761
6784
1619
13894
10648
8537
8549
6203
5555
11097
8618
10365
4701
11466
9115
7182
12821
701
1716
4230
8851
6768
11121
2612
7265
15342
7467
1293
13097
6045
1226
5211
12829
7197
3105
11829
15734
11654
2032
9641
11104
15002
4007
15805
10468
1474
11340
7289
2175
1408
11520
15379
8176
10993
6343
3793
10336
13811
9439
11785
8208
10665
996
9389
6214
8454
5218
10300
8460
11602
3941
3564
10604
12300
7722
5073
13775
3062
12362
4302
8822
12234
8033
5351
7228
14377
9144
5916
540
6935
1701
8748
1600
7050
2137
12166
15504
7355
6466
7964
2957
10408
11529
1913
11060
7603
6986
8835
10665
7701
1490
7839
3935
9523
13190
15515
12252
10687
5431
12792
1622
11485
9892
7575
6887
12029
3741
6391
7736
10208
2707
15045
8968
2588
959
4028
10191
12297
1216
9208
3998
2706
1048
7934
581
2590
11801
12834
13277
1233
13978
3252
1070
7871
10827
7957
8252
14568
2700
15989
13128
9759
3386
6096
12348
8697
10125
10891
4995
11341
4100
8993
2399
9500
5279
2980
12090
1081
4166
13720
6666
2145
972
12088
10016
151
8397
2268
3071
11097
6609
200
4856
14348
10648
5556
7045
9125
448
12040
8818
8900
9386
11217
2400
14665
2550
2842
4098
6716
4914
10764
8861
10238
11204
7229
10389
3601
13850
1813
3050
8811
6365
7907
7159
1013
1815
14205
10139
2263
10245
2957
11163
3631
2527
1915
6649
5077
9110
10747
11793
2376
9864
9007
12615
5068
4588
11356
13022
6790
1521
72
15602
7886
12331
6761
8900
14147
9318
7391
410
7916
10348
15926
15899
12875
6193
6548
1952
3655
5648
2098
6032
3864
15457
6999
13284
4045
6707
10306
10836
8229
10379
14790
115
11062
5551
13367
9209
3222
4758
13972
11138
3459
2250
11037
4686
8443
5938
10991
451
11586
13089
10835
3802
12546
1834
1086
4943
12893
11393
4131
5122
10124
2921
9590
5186
12825
6957
2748
47
11716
720
11185
15175
2970
10574
8213
15765
4864
3204
216
4802
293
11051
8604
1191
1237
9691
6135
14131
9436
14618
3253
3560
1540
1195
13098
14365
8153
15846
14412
3869
566
13949
7396
7888
12875
3961
7654
1740
7166
12222
6542
7459
7274
3499
13003
12863
13190
7490
10994
6626
6108
2600
14538
7648
3795
15988
10365
300
15835
13129
8521
4753
15430
15917
994
658
3879
8648
2398
15397
4870
13292
11208
496
791
8211
13360
2333
15701
12706
13311
10162
3658
11849
6162
11806
11838
528
12106
25
2009
4628
9130
1440
8897
10124
2098
1128
2772
8848
525
11995
10492
11734
12491
15636
3945
14203
1969
7999
15262
15281
6513
2920
15482
12675
14726
11320
1555
10833
15697
3565
15461
8828
9357
8358
2952
15807
13839
10077
8655
14364
6072
3147
10098
6915
2783
2396
9471
9105
10395
8733
8386
908
5
7868
1935
3084
7541
7843
2269
7238
11408
6082
4418
9117
2792
7371
8924
631
5800
1579
14996
11872
9078
9094
7139
214
11490
610
13671
10237
13695
6057
15497
2053
2277
1433
5137
14170
9276
7406
9761
9036
1840
14179
6505
4632
9902
15429
5264
15702
5360
4260
15926
2790
1706
7066
3004
1549
12028
675
11786
14076
11084
11284
129
1714
1069
9618
15884
14697
5376
13997
12085
7216
12177
2590
200
10431
6371
5464
10134
11731
14076
10060
2873
15783
5478
10230
1332
5859
15257
1470
8287
10342
12754
8416
408
2175
6386
4644
5224
114
2642
1309
11682
3171
8251
11882
13602
14622
1347
12088
14705
3775
10501
1579
3558
4331
161
9242
10190
15418
10713
2477
14112
11819
15245
14520
13995
9983
7517
3219
10097
14511
8881
10131
1682
1132
6014
3636
4107
11713
15725
7164
15488
14578
13095
3047
2909
13256
12289
1452
12675
11354
3929
15139
7174
7527
2012
5169
1510
9529
12740
15960
8040
9973
10091
14074
11106
4457
1710
3565
170
5787
10729
15659
4365
12177
7058
11627
9433
7699
13079
10460
3054
5360
9600
14580
12887
15964
8101
2750
9493
4841
7062
5885
14815
1153
3959
14273
9963
10021
6190
10133
15809
5271
14144
8526
1448
5202
4153
15234
12902
5584
9694
4308
10945
7646
2888
12184
7610
10989
14934
5455
4182
10348
11340
7349
15854
3651
9974
9817
13673
164
3950
1834
5436
2095
10360
6884
11649
2866
6118
12903
8450
4165
1211
7747
163
8451
3932
12126
7792
7218
1581
327
1567
1274
7676
1421
4925
1651
11238
6950
6167
3540
8784
11603
5635
7497
6840
5637
14715
1310
2540
11517
9827
8104
3265
9991
555
11549
6117
12700
2767
12050
13027
8686
13324
4703
14459
6602
10706
9697
13552
874
1590
10689
829
11577
6538
12021
1214
5253
13332
3755
5122
11511
211
8387
5502
5118
8288
15971
1818
15408
12022
3197
8094
9346
7901
6554
4300
6959
4603
6205
12185
10545
894
13015
6123
11784
9036
7337
5389
10720
15444
10511
6232
15655
7251
86
4774
15539
58
10944
14947
432
14142
11394
14130
10395
6300
2431
1354
15255
8636
13540
9801
13882
14907
15924
9666
12295
11613
15055
11368
11058
13918
5952
15065
5169
10390
3839
9061
10448
14784
8008
15232
1278
7754
13363
11673
14054
15794
13027
1662
8430
14919
11463
6312
2178
15739
4330
2826
11352
7737
14194
10762
5655
8498
9828
10825
2888
2019
3886
1689
803
246
921
6433
12353
14284
2106
14759
14078
3486
421
10860
6757
236
5524
8936
15975
9854
114
15680
1591
2660
10442
7247
11158
4270
6424
14046
6290
14662
4087
11445
3260
5009
1879
15613
3293
3985
14373
5724
11823
14794
584
2581
3383
6109
15869
3358
4315
15983
3038
10259
6995
13481
1506
2153
1751
12282
4551
12393
15296
8639
7839
2556
2000
14070
2170
9645
6407
4895
15369
2231
3689
4306
9164
7072
14767
9033
14783
3082
13368
6173
13341
4363
3654
3199
10868
9758
3833
15419
6151
3129
12410
2342
5686
14410
412
12208
8056
6820
1103
11777
13403
9144
83
6567
4569
3202
3952
7704
10637
1320
13877
12330
10035
1532
15530
4903
15642
7715
8674
10145
10845
9437
12488
4883
7847
1252
5443
4255
8072
10898
4385
9827
4042
8820
394
12963
12023
4346
4667
6660
10018
2545
2990
8405
8429
6872
1660
12423
14588
10335
6568
13785
8124
7408
7020
4323
8661
12463
12931
5085
11713
1316
14913
15755
10136
3659
1071
10511
8006
10090
5523
6376
12635
12866
14782
9416
3738
442
5839
6678
15129
760
8815
7253
8168
4187
11577
829
5002
8508
10267
715
14176
9180
4823
12664
12839
5894
7176
9197
15984
12699
15574
972
9565
2708
10388
1656
3150
4580
12686
6632
5340
5502
13885
13508
9689
13814
2690
14692
10674
12957
3759
13202
10489
8582
9867
11680
14476
1043
4878
2813
13742
8804
3785
11660
11512
2525
13316
14662
11457
10002
5294
797
3856
7532
2658
1898
9698
9700
4942
4373
11009
8701
5927
5498
1284
15794
1178
4112
837
10408
6925
2932
3212
15062
2944
14724
1588
4612
1739
13045
14614
11385
2195
6823
7269
9205
8721
968
7257
2015
9693
2266
10716
15620
12116
12000
15415
13294
4465
252
12055
11390
7536
15267
10453
10480
2344
393
15092
8435
1790
2059
3820
8337
13234
11090
1542
10307
410
13151
12322
10103
15417
7038
9723
11533
7391
13490
13180
11856
2095
9235
7246
9631
12854
6051
8464
15198
6444
11908
11985
12587
13967
15806
4924
11201
15248
10819
5508
15658
7970
1830
14113
7388
13221
12188
2921
4612
9679
4453
468
126
13688
12066
14109
10543
6470
6573
14093
1266
2482
10079
13853
4801
14237
2778
3
1837
13597
9863
1495
5567
46
3960
1307
13267
148
8581
6231
14179
13034
6699
14305
15075
7117
12415
9618
13587
7340
12063
14854
9822
10494
1059
2976
8731
3837
2979
10568
5786
1194
415
15706
5592
8727
1013
2859
8876
9594
9090
11407
10981
4141
14065
10056
15611
14832
8026
13198
6172
4089
404
4347
2936
5816
7323
19
14005
14654
10588
3792
4200
15355
7850
9793
8083
8863
1004
5311
6810
14447
5070
6143
2588
3135
199
6551
1967
8225
8102
8140
666
8506
12487
7954
2674
8162
7974
680
6816
6914
8824
11016
6269
674
4809
2704
13889
5814
12367
9051
4261
1438
15194
11201
4573
15393
1753
6541
11970
9855
3033
989
6713
15520
8943
9388
12034
917
14420
2850
7831
7244
2218
2453
7918
7028
5157
10159
1194
5877
3211
9807
7315
2405
9360
11888
6151
15465
6781
6473
13672
9814
7462
8738
13686
4758
6478
9720
5675
4898
12570
1859
12142
14789
4312
8412
10169
13821
6923
15715
3698
10134
13874
15365
892
7234
11254
7043
11052
6387
1868
8724
202
9331
1462
13888
2441
7940
7609
8116
12838
8531
14327
13332
11672
6991
10096
10193
4813
1020
14260
12863
15506
12134
12229
398
7721
11835
11793
2773
2222
13662
11497
2424
11345
12960
4665
13786
9252
626
10254
6091
9157
8582
7775
9182
15573
1872
7727
8738
7244
5988
5602
6750
2122
6183
7149
9843
2018
2942
12616
8592
4956
12466
15369
301
9426
4034
2439
2678
4660
12694
13121
2169
9628
4897
11351
13553
11121
3079
6292
6717
13419
246
13467
15541
6429
4616
13737
12799
11911
10353
5391
5219
6819
4760
9873
4597
13146
12312
11628
1806
13358
8749
8328
6986
1998
8031
4540
1471
11110
15184
8188
12881
15430
5656
12423
10211
14624
14512
7010
14887
13217
753
8459
4037
9866
2332
12986
7012
14644
8614
13171
355
5716
5499
7341
12066
13530
233
13538
12993
15417
10078
9874
3199
4086
10649
13410
2711
9161
4420
5950
6379
9526
14409
14768
3392
741
11754
10404
3738
8721
7575
4093
2789
1426
15786
14855
14957
20
745
11950
3789
15176
10176
6989
3262
4826
4399
5973
13987
13172
276
4366
6698
3037
3134
10090
3779
3241
8846
11869
314
4774
15962
3103
6200
4100
6310
9509
8472
11408
9811
12262
10584
3988
7603
13846
8814
354
8172
11153
13526
12800
15520
8576
15837
7006
7018
7968
14599
15865
3837
14913
8991
8151
6368
15191
12252
12679
8701
9076
12439
2512
5338
11375
10852
1293
9221
3666
1648
5745
3172
3526
2545
2692
12103
6735
14050
3121
14703
12650
7338
2541
15915
329
15044
6284
3873
11296
7315
926
4373
3754
3438
14063
15129
2643
3709
12702
10661
5357
6800
13833
13235
13697
4877
9338
4432
2928
812
3136
3930
8150
10029
3845
12832
9073
14481
705
8722
5796
1631
1447
13902
9421
3862
1383
12064
7571
14086
11078
12928
9238
8911
10164
6935
13789
7854
15720
5069
8666
2856
13351
5169
1237
1196
6353
10310
15678
7058
7384
9826
13041
8831
7729
6462
12694
9112
6879
8617
11550
1957
5546
4788
10868
4062
76
13009
268
15796
6430
13287
7004
3781
6808
12593
9330
13161
6903
9008
4219
2640
7186
5612
11471
14915
12074
12517
8028
7305
5135
7930
9262
15033
1071
8483
7447
1147
9844
7715
5295
275
9354
651
4056
162
13244
1738
13323
8499
15098
5894
11139
6285
11506
10963
5200
11933
11832
1580
3238
5319
9511
853
4352
10582
13688
151
81
7532
12219
9728
12159
5573
10379
4568
5736
7623
6306
3059
122
5405
13306
11262
11690
8812
10577
5242
9097
6409
6823
12336
11729
4686
1541
4433
3620
15229
4585
3701
11113
804
13429
11625
10729
12160
193
465
3783
10851
7877
3905
4608
9535
3519
298
2347
2448
9893
15797
8858
716
12133
8939
9754
2026
13372
13374
5607
6309
5427
5072
11465
7208
697
6195
3368
5242
11012
7151
4446
2889
15408
9054
12424
7280
13705
3124
9728
7598
2921
6938
12666
3406
15877
6420
9784
13250
8146
15391
7911
1925
8815
3377
9133
9513
13924
12501
3107
8936
8004
7553
178
11764
608
954
3044
14313
8430
1125
10263
15703
8063
6929
7461
12293
1701
1245
13895
9847
4988
5806
11772
13804
13535
9257
11669
11459
10110
14776
8748
2114
6330
8926
13878
11290
9880
5275
9603
6663
10752
3866
6366
7167
15147
13828
3460
848
3425
5707
15047
8414
11514
15171
10570
13401
8428
6239
8861
6890
5015
1609
9004
15697
14887
11234
10987
13119
4861
8942
3782
3965
1160
10149
11133
307
12329
2945
5507
15754
13005
4554
12520
8519
8077
7090
10272
4857
13329
3133
11747
6697
9094
9103
10746
7981
4338
5734
9453
13551
3028
13235
1517
4189
11736
1002
8848
8065
8299
14356
12172
5304
7262
8692
2175
15340
4135
12448
8549
5816
3933
4297
12513
1380
13400
7260
13713
6090
1346
7166
7994
8726
4402
9511
1267
4490
14865
10116
908
7164
12824
13080
821
4086
10124
2996
7778
2611
15444
328
8428
7730
8977
4941
9110
10729
553
6823
5172
6251
13990
13166
14978
6744
11029
4597
11234
9894
14713
12142
5410
11537
13574
6231
3976
12051
9228
11754
14662
13024
434
7090
9106
13763
384
2216
8493
5289
13392
13665
11541
11382
10831
14871
6478
5860
3468
6064
4106
6534
6559
13868
2071
8485
4100
10399
4536
1680
10506
7551
3056
10940
2993
12163
8704
3377
2731
5549
8667
123
3214
8560
15857
2397
11783
6335
12609
15251
752
5067
5785
7311
2935
12209
15796
11387
10960
8685
13067
5466
236
4476
4759
7581
639
1815
10959
3370
7364
7978
7846
14930
4890
7703
1327
673
2391
2288
15924
3143
7355
10062
14806
10290
10623
14602
5678
5583
11639
7097
15402
11875
11573
4161
3457
564
5976
2768
3935
13340
15098
133
622
3988
7836
6301
4661
10227
8589
8937
1722
15944
7351
528
14586
6326
3483
8616
262
15122
4066
15664
15350
15639
8177
7159
204
14153
9927
8491
15845
13377
8624
467
1365
4812
6768
10378
3392
3709
7667
5114
8005
15019
9995
6591
9697
13478
3560
9959
12600
7626
9623
302
11617
1800
7461
173
4305
5740
13016
4150
3117
9992
8969
8834
14805
4089
3212
6549
7798
15232
11663
15803
14251
10010
10747
7948
11840
2659
6260
12793
14637
15883
13095
10254
6036
4557
14780
14693
10297
11796
2844
13415
10141
165
6249
13298
4255
13814
3847
12053
13046
3862
209
15649
13873
10956
11949
9713
13615
6561
6506
12252
10797
7954
10858
833
12511
13990
15526
6808
14139
6722
8575
8280
6888
3177
5578
15495
5343
9425
15900
6741
13287
109
10742
15512
15417
6691
13578
1384
1605
8436
1988
12402
390
12847
13235
12901
10837
1113
8062
8976
12188
4989
5608
7428
8166
11186
6923
1861
8963
11175
8602
10603
11285
3344
14467
15054
14388
12045
439
15993
8834
6779
12395
9224
3626
13982
10478
2816
3447
6892
144
15635
11881
10105
7063
8400
9643
2338
14613
2607
13514
7216
1562
13151
14912
29
557
13300
427
5348
1645
9261
12128
14040
6837
4106
374
5667
6922
3822
12559
11419
7809
12793
5524
14873
9545
3519
5563
8158
6126
7429
15374
12040
4580
2639
12070
9490
15939
849
14838
5937
14462
10966
3977
5299
15073
8704
10967
10347
878
7526
10118
8687
8671
3994
11912
2216
7514
1476
10375
13640
8905
14101
14033
1838
740
10103
11328
5032
15304
14518
10969
13766
9485
3298
3065
12910
354
2384
7257
1232
14263
1376
9920
6934
5370
5832
13503
1236
11660
7878
14877
8918
10331
12910
10756
15424
11365
10436
8808
15021
8954
3777
12787
6791
11427
4204
3701
11782
6589
15311
13014
4852
687
6934
138
10409
1119
13641
11646
1131
9871
14875
10049
8555
137
4805
7979
15854
3593
787
14875
12548
8916
14
7691
4343
4218
11393
125
15159
10704
13140
8363
15743
8426
12854
14504
13897
10495
14502
15029
8719
1729
9078
1274
1866
2236
9253
6072
5829
14392
9299
6729
7308
9313
14421
11651
1884
14166
129
1043
13222
13269
13759
12965
10047
10613
15821
12297
9460
14324
15678
2179
53
8756
3453
6272
10992
1058
696
5174
15450
9996
255
6758
3309
14676
6762
5193
1194
6891
10589
14416
8512
12700
15733
6911
7313
15555
3208
773
2231
2886
7305
6636
15995
10758
12908
15339
11817
13605
8865
15619
7601
9121
10730
15262
12149
1492
8808
13344
12735
3397
11760
5247
97
15846
510
11762
15401
8071
887
1632
10957
8192
8268
15304
7303
9529
2996
7472
11486
11861
7091
7439
4982
1821
6701
1132
7665
15509
2828
4400
7258
2940
13999
11707
2786
14510
11821
2187
6581
12709
8171
5890
9253
4792
9547
556
2673
12543
12380
14159
8404
3472
5598
13387
9645
651
2871
1311
161
5699
10063
7419
12991
8063
7479
15778
10925
3300
6317
1506
4361
2841
11748
13615
7633
5295
2523
14658
1838
14904
12817
10243
6728
6767
11982
373
7418
3205
6036
7579
13256
100
3351
10247
12515
15182
10025
7440
2482
343
13298
6844
7536
9046
8811
15169
14342
11334
13827
4532
14590
14996
3127
5318
5763
3461
10044
1533
6666
80
9113
8274
4532
816
2522
1047
4350
899
12839
6832
1242
10137
2028
8778
3184
10839
12299
5878
10526
14478
14762
9116
1826
1890
14435
7589
5351
12831
13475
370
12911
6588
8644
5796
11756
11166
6843
106
12066
8035
11290
1660
2172
13319
14791
9708
12510
15442
3938
11388
2273
2701
4505
4099
8943
7292
41
2646
4123
13516
7368
5386
8456
13
11182
8564
15531
6378
13022
15949
14413
8312
5962
4937
9983
9105
2998
10846
12899
6936
6234
15172
13989
10739
7624
11284
6383
7665
2283
10506
9533
9651
4245
6341
14016
15427
14905
13548
5805
11927
1849
8570
8591
12163
13508
6927
9620
506
1773
6520
11794
12359
10044
9784
11451
1668
9420
1834
13685
11703
693
11570
5355
4938
1911
3371
4365
816
5271
14523
1095
11473
7093
9687
7636
4601
4966
5609
9459
6739
12129
5254
3098
10525
3390
14549
546
12810
4736
2583
12866
5429
14154
2221
14719
4417
9944
7436
5234
3568
5959
10681
15041
1405
8720
11029
10358
13686
4990
3818
8777
1119
13424
228
15997
814
14777
543
1976
7865
3126
3194
13294
5632
9767
365
10050
3712
7802
3636
11632
2113
2669
15025
3518
11390
14406
13877
13428
3397
6047
6206
8868
3471
6434
8865
8637
9563
13760
14965
1429
5239
2160
3075
10871
11927
3441
9273
3991
15595
1261
3975
1708
3931
3000
5227
15321
1407
7456
12749
4804
1855
7307
2024
5326
13741
10890
2315
7305
8650
1280
13086
2241
7792
161
13113
8072
3602
10738
415
7549
12000
4391
9258
15931
7391
2837
3604
13150
10293
4705
6306
12148
12013
8331
5826
9754
3221
8141
5411
223
13773
2497
2465
9918
7011
3930
6342
14965
3020
6757
6515
15020
11148
15773
14951
6892
2610
6907
8394
12903
11613
14701
13403
7626
11384
3229
5732
2957
15722
11144
3180
1847
1993
9997
117
9004
2279
6459
7970
5300
13217
14485
8672
12717
2610
7624
7961
5220
2883
356
6475
14496
3409
3878
6122
14793
11459
11855
1750
15533
11351
9282
1380
13344
7632
1498
10701
14263
7957
7023
7915
9526
5508
588
6244
8118
12564
2557
1690
15447
2913
8165
13944
10674
395
4066
13819
11854
4273
15569
15739
3976
13204
5471
5673
9188
6969
374
7451
3279
7397
15367
1157
1257
4307
11753
13727
871
14311
15417
318
5576
7582
14262
251
7977
6681
14070
8183
15306
1992
7922
3283
15196
13393
8956
12736
8715
13682
4187
346
9431
7906
5855
10688
12213
1609
8415
13084
15920
7832
1755
5496
3766
4369
10099
95
15402
12522
8278
14709
14514
4552
6344
2062
6297
3652
14798
3364
5686
7337
8062
15117
3596
13918
9805
15809
15527
6572
1246
3799
14404
3001
13647
6522
11722
7747
6617
11125
4269
3247
14186
7135
12151
8882
9197
2448
886
12347
10165
6572
3684
2227
5689
7280
145
15494
11442
4024
6066
1040
7823
8822
8393
5471
15344
4115
1570
10313
3592
5839
13560
6130
12974
14063
15012
10523
511
15898
11222
15028
10822
3258
1256
511
14891
5753
4357
10333
9778
14775
11373
5953
11949
8118
11424
15645
12233
12994
9958
4178
7185
11870
10308
8511
9933
13673
7386
14797
1923
2608
13825
12746
5867
3433
1609
4758
13539
5967
3443
11669
9094
3168
1622
5044
11286
1399
4689
11871
2745
3000
49
9931
3222
10358
6794
13156
12383
2533
305
14306
5141
14130
11052
15360
5916
12662
4118
3455
6981
11913
15124
75
15081
5098
9471
14719
6497
2513
10591
13595
5513
14992
11878
8735
13702
2672
10243
10085
5205
10548
8392
14699
13031
3444
14059
7299
4458
6530
10754
11439
2443
14230
15867
5877
3328
13690
4596
14178
203
3539
11773
10068
2532
7651
7156
234
14675
1399
10320
3881
300
2712
6932
1683
10508
4991
8982
3319
15873
8088
14758
2317
10670
2977
12546
13998
668
1142
528
5223
9034
653
15292
11566
8304
6448
152
6980
12199
10472
15213
851
1536
10497
2534
397
15488
15868
3716
15362
7956
6826
6031
2626
14156
2577
4977
14824
8071
9857
8399
1105
10511
7691
1023
2815
2491
1176
14147
14691
0
1712
3894
5889
12209
10781
10638
50
10649
14354
3764
6958
9532
9795
13936
7688
724
7265
10864
8795
1123
3264
14253
15986
15307
15276
7153
1799
452
5301
4842
4805
11365
8736
10694
11927
7869
5332
11977
6871
8038
15741
2181
1570
13888
117
13611
14612
11735
12827
11759
1210
4443
10012
1196
3751
9289
8349
5550
14093
2002
14744
7250
1720
11832
6296
13647
3702
11628
13976
10573
8018
2069
12754
13941
15957
1223
15904
2921
1310
12731
14680
2520
1175
13045
8068
4926
10686
4770
14828
8779
6772
1924
4382
12844
13756
10678
10491
5810
10659
12819
383
2677
14888
1489
4970
3197
7065
4874
6118
8375
1606
9151
10896
7133
6196
7316
12059
882
12086
15239
14013
7211
1163
2395
4055
3271
13074
2899
9082
7733
15718
9465
14762
14607
15307
3733
6156
6372
8607
12275
14747
14565
5426
13995
5698
15974
5312
6109
856
5750
5348
14869
12961
10863
5617
1017
14135
2691
3916
7217
14776
7986
5034
1890
10945
8693
5623
1102
15065
2583
1729
2165
1148
7155
4512
6847
11481
14176
12956
12337
3927
6657
15558
888
1520
5175
6257
4007
12218
14525
15576
15346
6512
8963
1237
1457
1656
11212
6911
5074
13795
8640
7239
14944
4147
103
5791
15628
14280
7099
317
6559
2108
15876
7447
7981
9403
13705
11988
9974
582
15917
13672
7094
8880
3261
12904
10536
14474
3815
15610
12269
12456
11201
15565
603
15657
9708
4584
13937
808
4901
4496
2916
9129
295
10897
6885
2352
11238
859
2935
11155
2883
10029
8387
6145
11285
2923
4619
15101
6886
5240
15909
6439
4806
512
6096
14514
9448
8385
3674
14350
12881
10943
11831
1529
10192
2716
3881
5430
