8000
4819
10817
7446
2904
13699
3167
3983
4295
13171
4752
2106
15475
12387
14558
601
7488
3784
656
3124
2784
14885
4243
11814
14738
8952
3217
8600
6236
9804
8347
2050
2975
3165
9496
5880
864
1016
14215
5159
14187
7319
11617
2014
3706
10176
2616
11194
13960
3272
2670
5097
2157
6914
911
5248
4218
4128
13848
14807
2285
10548
857
5260
13713
10354
15492
2929
15722
13708
8089
2261
5027
3706
4275
8734
2234
6891
8280
195
14516
15303
5292
5025
6217
6203
14625
14787
14683
12474
13594
968
7022
2804
10581
9087
13158
10073
12016
1232
7781
8457
3493
1161
516
12120
14247
2750
3012
6527
2945
5880
10182
12589
10905
399
7144
9531
3539
10180
10357
1133
11148
5731
3937
5729
14818
5447
4155
10834
11031
11936
7644
14524
1449
8160
10645
15696
10910
2009
10576
2208
12241
4758
3149
7146
9510
14646
5029
13049
8826
3738
2534
8326
9469
10824
2408
12639
271
6563
11826
11303
6851
3470
14179
8301
15982
13176
7997
10892
3537
6925
1452
15778
11684
4602
11277
5194
3248
4658
6595
426
8397
9129
8752
6218
3953
11160
2858
8577
1723
3036
8232
12927
6506
6411
5228
6488
7940
1577
5732
11477
8503
11537
11256
8539
139
10885
2085
7739
15543
8680
8165
7940
1809
5269
14159
5763
430
5369
14340
6505
8405
6572
3432
3263
1335
13012
14103
9275
14590
8187
9105
11445
3724
8713
8336
8215
3598
10421
4306
7493
3101
823
3786
4910
6093
6297
15025
6523
11666
1717
1380
8423
12641
4813
38
13977
1825
14141
11604
4767
6328
9061
4564
14405
1774
12900
6620
9724
7321
10927
1218
14774
102
5004
8037
6195
11301
7062
1070
11319
13132
2451
3742
9773
7264
3780
12102
13441
6273
7707
6561
953
5120
11125
15358
6895
12378
10331
619
8051
9610
6189
6826
9712
11193
14863
15908
10846
10277
978
6165
11761
7781
14259
5535
15045
6391
1637
839
12664
13696
7400
13618
2817
6877
1328
14064
3255
11659
14683
11307
9621
9225
6485
3334
8770
9700
7594
3617
8329
12924
14134
4091
4706
12394
9626
8103
2785
15615
8942
15450
13312
4694
1420
4481
11572
7100
2545
14827
7112
5580
14486
733
14805
4971
8419
7576
14671
13
15545
11353
1290
13679
15444
5996
10073
9070
2451
1211
8685
11394
5013
10349
88
6433
3182
12
1885
5727
14840
8997
15660
1678
9731
2817
6650
6502
14745
9673
10868
14290
5026
12158
11970
4470
6506
10395
1892
8957
11606
14930
8703
619
13631
13144
11404
814
13156
1642
10893
348
10639
10553
2027
8722
13371
13029
15225
12116
6702
14445
14759
81
14955
10729
8903
5461
9476
15148
2770
5083
14078
15826
10054
11709
12970
9811
875
14478
11453
11769
14827
10444
6322
854
7519
8045
2235
11096
4162
8937
9541
2921
13370
8496
2002
10626
2309
11478
9774
5079
4913
12204
9257
3320
12265
6227
1483
13141
9058
1288
8910
7885
84
15232
13091
7603
7278
15326
2699
15792
12615
12240
7065
14338
9088
13419
8964
11397
13249
7090
4829
6515
3294
14086
14187
15559
8666
15670
1052
1724
5310
9962
13961
5394
13547
15404
12998
9177
3082
15697
13321
15697
290
4386
2387
9378
6157
15703
9128
7758
6793
13957
14273
14439
395
12460
2351
9061
482
3403
15137
10144
1718
1450
15539
15265
854
889
8442
3936
4938
5763
7986
5228
14501
10373
2959
9010
10077
12087
768
5222
14396
15042
3662
14791
15854
6013
12205
4689
13768
11342
14833
15486
12793
14372
14751
1999
3613
11545
10288
8552
5660
2274
13780
4161
999
5091
13171
11076
5530
2292
4651
3926
1334
8313
2718
5540
2678
14923
10229
4798
14617
9063
4285
15762
11787
7388
1762
15401
2934
12050
7953
8594
2676
10085
1108
3675
15177
2631
3104
9059
4923
7755
12986
10609
4420
4056
150
11450
7331
14731
248
5948
12146
8885
10063
7934
274
11825
11687
7560
12227
7992
4506
3255
6429
5614
6930
9958
12598
14386
3018
1521
6141
4
12131
14913
4060
633
10363
15743
15364
14964
5691
11511
7849
4106
7797
12475
4283
3484
8387
510
15828
12894
3765
6257
6860
15048
216
3458
13434
7586
4980
7928
7590
5463
6841
2
6096
5557
15745
5460
4521
9788
971
722
13895
8768
1550
2178
604
9937
7041
432
6831
15158
11042
13692
14206
15610
5502
15993
7196
14834
7921
14786
4297
14762
3140
14745
8671
2885
4206
1544
1025
9529
2267
14920
6650
3817
5451
11606
2106
12492
391
8938
11650
11433
10982
14209
11043
484
14202
2239
15319
6123
5377
7968
9237
12869
6714
1909
4106
15272
3453
5131
8801
10072
8404
3803
2241
13855
15410
4348
10347
15801
1638
10349
15586
12620
8558
14981
1456
6760
5572
5127
12883
10949
1448
10473
12170
8162
12382
276
7434
4187
5407
4587
14260
2163
12743
501
18
505
9201
14717
306
10839
13419
4244
7459
5977
3225
13268
1090
8797
6747
2325
8098
8195
12798
4268
357
9180
4544
12143
1720
14303
5083
15980
467
6178
4833
4837
6683
2387
7907
6989
13226
5326
15585
9038
11303
2810
6306
745
11607
13053
3071
3705
5249
15869
7973
9958
13402
12517
10454
15122
15172
15537
3454
3991
10067
12639
13181
750
15026
5088
12091
12253
10414
11676
5291
10069
14486
15949
10815
10093
13002
13886
13798
6603
2107
10123
4914
15509
10992
15368
2983
10164
3257
10789
2508
13324
7429
15689
14074
10807
4777
10165
11412
15191
5841
703
13612
4327
5004
12779
2772
6359
10665
570
1314
1125
10693
6228
634
5685
5596
7970
4201
13205
2759
6709
10529
10188
6398
12955
9348
11175
11472
4760
14718
1313
9816
683
9992
14820
13462
12764
9531
12480
1686
10846
13605
731
1074
2591
6416
11023
10561
14970
8228
13321
5679
7110
11861
430
8417
5209
11605
3890
9970
14676
5203
3786
3711
3548
6958
1173
312
490
13653
6351
11336
15610
7082
762
2202
1851
11785
12763
821
8366
10084
10852
3828
10298
11282
12245
15507
11240
135
9477
9916
9691
1615
13627
13239
12926
3152
1903
13416
5158
8254
13104
4768
3689
13866
6970
5540
9652
8086
10713
2018
6522
5565
10198
820
848
6443
328
440
6579
14157
14708
270
4125
687
1861
1051
3839
8116
2819
8997
4723
15923
2118
8412
13789
13440
2304
7441
5526
13017
13811
12049
6934
8009
1221
12134
2805
5901
12574
9384
4059
11282
14006
12536
321
4219
1939
4161
12335
4758
1510
5410
4681
7980
2174
2470
5421
4478
14264
10947
5847
427
11348
12782
12789
12570
13268
15594
2471
9843
13330
10882
9477
15688
11770
9799
8259
13709
2312
8946
2467
3822
14357
11500
11803
531
2323
5576
9362
4939
523
15209
5366
224
343
6507
12794
13612
10453
3617
11807
12135
2852
5284
175
14622
15083
8434
12332
1395
1381
3151
9570
15738
14652
9725
4621
5327
15301
13983
10266
4176
1545
3984
4400
6240
10492
5546
3852
9297
9164
15659
5433
12016
9296
9960
14990
12731
2395
15674
2479
3776
2826
12049
7866
5830
10126
12487
11157
9427
14823
5423
1955
368
9407
6356
6608
8251
11902
14813
5901
9418
14472
15686
9786
12120
9646
8777
8852
12041
12803
11331
15817
15629
7380
7683
9811
5858
8523
4968
3637
7346
14743
5592
7714
12503
300
2674
9106
555
1487
15007
9973
4312
14693
8112
4784
12692
5241
13636
8733
2044
8967
12903
6026
4699
4586
15837
10557
1461
9158
14194
8807
12253
8139
4873
8756
8439
11900
6215
13346
1739
5222
11672
6051
8268
3784
10836
4960
13377
12824
13693
15421
5792
10596
5447
10491
3535
9637
9401
9348
7147
11947
2156
3400
4086
11381
509
878
7281
6724
14224
9021
11946
9896
3424
8566
2032
2612
13526
15409
15437
15572
3183
5229
14520
8630
4072
6407
6619
13473
15756
13766
9421
6264
1167
1859
1645
6028
7089
8927
12752
9666
1948
8698
3562
9724
1265
9947
12337
3143
9356
11774
2715
12539
1003
1236
9522
9427
7643
4493
6901
11751
2260
4674
2015
7779
10885
3661
13807
1975
940
14911
11641
7240
7609
3555
964
13226
1854
13301
4722
11211
9075
7437
12102
14430
13025
9976
7858
4669
14470
3111
4772
5082
12137
6788
1213
7022
10449
3372
8997
11389
2283
8990
2629
14244
898
7945
15823
2752
5247
4545
2315
2674
11982
2770
1105
9008
12746
13315
2029
15568
4778
6801
9002
915
1941
10215
7937
12390
1939
5287
12131
8574
2629
3112
6819
3527
11058
10994
10632
4657
15539
12947
7331
15873
15717
12788
13233
816
14455
3614
4736
3233
14768
13739
4148
709
12306
438
1452
14246
5725
13583
6820
8354
5048
1991
234
4458
1337
10866
13467
876
12165
9150
5102
235
10291
2335
1051
8746
5950
5787
332
4718
7878
8832
5427
4185
9270
6879
2431
3347
8815
13603
54
2215
3947
4640
11025
5284
15506
8492
10513
23
5994
15615
258
285
1950
5661
9032
12252
15801
13716
5322
7679
6548
10750
216
4171
5981
6999
7518
3148
4603
11924
9715
12902
564
9092
6538
70
5936
1051
4446
11931
666
9056
12216
6969
14718
9600
3221
2871
7316
8544
14902
2217
7646
15119
6388
1979
6118
13906
9480
15073
9831
7547
327
10395
640
6866
14818
6576
7917
7616
6859
12936
672
3076
8257
15390
1028
15830
6613
12697
8374
5516
14914
4372
8987
5302
10704
3457
7560
4184
2531
5743
11731
7210
139
723
14076
3309
7300
10346
10925
14159
11634
15949
5587
3891
15340
10968
3721
10305
7665
448
4173
6579
9172
13160
233
3876
618
7793
8060
7501
13537
8144
3063
2028
8867
1140
9689
4519
15838
8966
7031
11472
8915
970
3715
12607
11938
11788
6913
3603
12236
11086
14534
5409
12599
14767
9285
1569
10913
5698
13422
12802
2194
485
14830
15413
1625
8519
3933
5815
5837
15316
5639
14752
286
9354
11360
12225
9495
6625
4180
5731
6063
7067
15492
2662
10186
13130
4231
5099
2828
1653
1901
5022
2139
5083
4435
8116
1954
12720
2284
7791
12036
7923
6544
675
5630
6256
1252
15125
1233
5432
9208
7296
851
8701
14311
11038
5831
2542
4489
13011
8548
6391
6385
15039
15826
10820
11507
1781
11893
13791
9572
12281
10067
4468
12956
15697
15076
14208
3174
309
7993
12382
7606
8844
9435
5917
8234
15266
12811
12724
12277
9711
7467
2662
13102
7293
1835
12962
13426
2080
10753
6999
14361
9172
15819
11318
13221
3248
13878
395
3557
5871
1130
15515
3068
10565
9784
11302
14184
10948
8026
14813
9011
3845
5828
6114
11139
12015
3076
8565
14095
2181
3916
12456
11354
8088
12126
12927
11336
10005
1675
14893
4228
7157
2761
7296
6074
12545
2599
4258
11845
14977
7424
4857
2823
13252
10971
2314
9267
2399
15231
11714
4580
3148
12522
4286
15588
8649
5566
10924
7006
7241
9817
15586
14398
930
6883
4472
1828
13834
13083
13673
1163
4507
2530
8338
6111
1853
10652
3730
4252
14236
15444
13185
1384
318
5823
972
13319
15741
248
4325
6982
14417
3912
9732
15348
15147
14205
1176
12981
15640
3201
2496
4147
5732
10835
14610
11937
9839
2340
4542
8075
6136
6079
13811
6454
254
3135
3774
15996
3383
12451
6978
1801
4715
711
1149
3862
3268
6677
5195
2908
9878
7692
11407
3962
2527
10017
15900
12366
12357
8794
4442
6845
14873
2253
1651
15127
5389
5425
15123
13124
6229
10454
14925
10944
15517
4426
14807
2785
11103
4002
10045
9334
46
5452
13296
6925
15469
1548
7644
178
10342
438
7023
13567
7043
8674
12695
12432
2452
170
13909
8681
10624
12834
3625
14493
1261
6784
1278
716
15139
11323
14402
15185
5127
11699
10463
4596
1599
2107
9126
11942
2545
4501
9509
9588
1528
10556
10373
3980
10727
8282
1013
9703
9468
8990
8197
10729
15775
13827
15798
3266
13503
14200
6803
2630
14251
1266
11579
15851
3373
9057
145
5918
13559
14006
15507
15087
8563
9880
7419
7642
6514
12784
5697
15982
5774
2246
15064
9901
74
14862
13167
1929
1414
3971
8911
15666
5237
8842
3869
12963
1900
4014
2881
15459
2020
6740
2898
14935
620
14669
6577
11486
11453
12275
11469
5579
14521
10533
15481
2947
13747
1000
9228
15161
9323
2140
3179
2913
15334
11400
15876
1234
15414
2757
5045
5787
9498
7943
4722
14470
10964
15652
9957
6417
11927
9778
11997
14800
4311
15830
6100
2058
830
15328
5571
10154
5820
13103
13067
5155
12855
12943
10741
12270
4052
15787
6409
1902
12082
15483
373
7047
15135
14682
13464
15414
8460
13813
2567
1123
13643
8667
7533
14474
12347
1456
12980
2168
2911
14399
11675
15767
15694
6416
389
3746
10555
6798
5649
6638
10633
10374
2037
9769
13408
3853
13535
10220
1667
102
11343
15310
13121
7228
2136
9469
8684
3468
15989
11596
1867
16
15715
1561
6432
104
5308
988
6902
15309
11978
5887
14035
14015
15656
11443
1868
13192
5663
7887
1646
5358
11550
14768
938
13686
12589
9622
5507
12578
9570
7374
12594
9285
13288
7378
13741
6948
12718
8995
6257
13048
14883
8644
11063
14539
4087
1284
83
14102
9171
1730
7812
4721
4850
8750
6760
1439
6724
12267
14017
4647
7993
14963
2284
5281
10693
26
12229
7412
9021
2486
4460
7904
15482
3876
10796
3569
9512
15231
6023
2683
5313
13835
11757
10163
10937
6869
11602
1662
3136
13971
6309
15481
1286
12945
4763
11980
12971
992
7744
10345
7831
556
6601
7313
8784
1397
15235
2296
4981
5258
9332
10294
7446
5089
4458
2383
310
4412
8397
3446
6736
14706
7279
8022
4
12042
8354
12975
13035
4450
7320
9218
5007
13922
4883
13791
3671
4118
4440
13004
9377
13772
7299
5175
7213
109
7558
7523
8873
15956
15321
15609
3014
6600
11984
3018
2643
4338
15994
4030
8789
11666
1600
2148
13940
6483
4291
5964
10602
8731
2968
8331
6503
10267
13506
2068
14728
5064
9591
7602
9372
13264
11563
12387
3865
7547
15405
10860
238
3751
3242
13379
3770
4842
15527
1710
15677
3818
12026
10279
902
14995
6962
7405
13614
4468
9474
12343
13885
7417
8297
7257
4682
3860
3644
12899
15760
7402
12111
15998
15505
15353
1729
3275
8547
1256
9338
8224
9426
5364
2504
10328
8711
9466
6086
6326
2287
3912
7021
172
15681
15318
11781
4363
7530
3778
5614
7290
11180
1725
11640
15037
1078
13369
6665
9625
2977
3
1850
756
9719
8706
15436
6783
6524
5522
13109
13163
13786
4130
13335
13468
7800
13469
6183
15330
1247
11798
6621
779
13523
6613
15816
14602
3983
6481
12579
11312
10836
2781
12068
8908
15839
15857
15691
10716
9731
1152
7879
7518
5282
9567
4986
1434
7036
11169
764
8283
11319
11737
9062
8843
2351
8878
11797
10686
3712
8376
10350
2900
11158
10771
11808
15349
10628
15851
10065
4359
1003
1945
11877
6285
11512
5215
12071
2548
4737
12836
15183
56
8573
8245
8899
15276
5475
4696
14314
9187
1425
8665
12088
935
3436
12248
284
14064
12100
10350
6775
13103
647
7005
7741
511
12220
3812
3059
5309
5000
6594
9718
1926
14839
6969
1202
8666
18
15517
1854
1443
12534
2294
2378
15970
2894
7014
2386
14994
5716
13513
450
6363
4518
12543
6874
5091
355
14285
14752
5356
4879
8470
11634
8070
15440
12836
737
15458
705
6943
5253
1591
13589
11983
5913
483
2997
8299
3830
8714
10165
4280
3429
14683
823
14656
8126
5530
12941
6879
15238
6173
15349
10872
14243
14789
12061
3332
2599
12766
14627
7852
14358
12216
3835
4271
1052
11185
923
4882
8251
15440
13514
11680
14123
2689
10336
10602
12571
11630
1481
11810
1803
830
6682
4398
3972
2743
12083
6571
3862
10710
2776
6572
11279
10963
15195
12331
6148
4470
5565
14399
3910
7431
14432
6386
14472
13120
988
11043
8750
2469
6853
10553
7651
1888
3304
11623
8983
15387
6547
12845
14449
13675
7769
14080
8638
6965
14763
14787
11435
8680
1538
3698
111
4322
10084
14583
1443
11072
9627
10193
1893
4832
9099
9544
6720
755
9520
15704
4494
67
901
2943
2094
8671
1024
10732
15636
4139
13871
15423
12820
15410
7473
12931
3732
1557
15867
5175
981
13846
3721
7226
2678
12820
5123
13751
1927
14643
1807
6421
3062
2708
9364
5156
11379
14740
15888
15367
2880
13760
3143
4052
1522
10616
983
9606
526
5202
3134
5859
3048
6855
1438
10079
8027
6561
12182
9954
5204
13989
375
12618
697
14091
1774
429
1184
6014
4148
4064
8126
11643
8116
9648
10612
13451
7607
11138
7006
10741
5349
14406
1596
6787
8485
9623
13348
9019
7929
6904
7008
8304
3522
12058
10747
9648
839
11931
15663
9339
4347
12141
4983
815
5790
15595
14267
1749
15085
5273
12490
4434
3679
14086
15574
517
12061
12922
13888
8342
3827
4897
646
11701
5307
15745
5350
6146
11677
9365
3837
24
5506
8820
840
15648
8415
3459
1397
7500
8732
13887
287
763
325
15861
5632
738
1135
3521
9080
9314
12770
14078
5016
2077
13824
14718
12575
9501
12435
412
9525
1941
13585
14717
5942
6000
2176
11691
1853
15260
13931
6492
24
14256
10705
10008
3347
11840
1881
12427
5155
14651
10506
14523
5080
12682
1593
6007
6183
14028
10772
4060
4321
8357
2778
10263
2709
4954
10307
8914
4215
8238
3758
8591
10846
14463
6951
14193
10304
8833
10621
3811
11836
9479
6686
5269
6161
8279
15628
12344
6307
10400
4756
10628
7109
7534
9244
14171
841
3551
11437
5056
11789
15196
1999
6635
13659
8950
9181
7963
1783
3802
126
1972
13281
6812
7241
7794
15091
6869
8490
9750
5622
13246
4379
1083
9133
1975
15254
9974
9878
10692
3382
5667
9888
5381
654
7547
14331
9835
3863
4467
1989
8341
6439
3622
15154
2032
11416
2597
13253
8258
12348
2875
5505
5079
3959
2990
7054
7565
12964
5284
2257
346
15303
497
5727
15957
12397
8410
14145
260
1229
4486
12953
12020
8109
12107
14052
7877
3057
15658
136
15405
6885
9993
8836
10844
12983
4242
6762
14299
9526
9019
14645
8829
13869
8724
13138
10266
5486
15635
14878
6716
4122
11831
2736
583
12291
5141
12812
15348
4799
12948
3105
11684
11293
11941
10881
12628
4535
1643
10927
14061
15014
13924
11242
12883
6648
8380
7149
487
8016
6027
7203
490
6211
9939
1073
2502
15080
13885
6202
3879
15186
9307
3916
14831
9600
14797
11460
2487
440
10739
548
15454
8664
11790
690
3664
8522
7839
4151
538
2219
11354
1028
12782
9646
6453
15284
8726
8691
9838
958
7877
7497
4874
11060
1097
8023
6520
3584
8463
5612
8484
12269
14276
8626
12959
1940
1148
9151
10444
6039
15722
5798
11419
12504
3796
1873
140
875
10564
9978
1833
6793
1475
11059
6205
6924
3082
1078
14860
15897
6690
11696
12166
4966
4322
13478
11258
9822
10981
5702
15861
10703
15853
11281
11559
3649
13154
11699
4524
12070
10029
10709
7215
15856
10120
13420
11132
1554
14498
14344
1451
5188
10040
1970
14506
2714
3800
14117
12536
14781
3819
12398
9484
8024
12031
5043
26
13537
5094
8902
13959
3475
7964
5174
3331
2084
6946
14463
7991
9797
12807
13794
3337
11199
15764
6196
13913
7916
4313
14801
6697
8132
11199
181
4509
11582
9576
4535
9119
3022
13437
7078
6497
9753
12252
9828
11838
7551
12643
8181
5700
13802
5975
9037
9001
10092
15233
11266
2008
3546
10068
8706
31
9619
13239
8892
5202
11168
13427
14321
14190
15216
5400
4688
8970
6004
2868
9160
1907
15512
1341
7607
13314
11668
645
10668
5760
4230
10286
7769
12129
4354
4827
512
2326
6418
9404
7528
1586
11183
10201
15777
14751
15601
4465
12073
9958
7333
5233
11865
11197
10926
3473
12864
6595
8470
7532
707
1052
1818
12828
1533
10525
1655
6397
12851
8074
15801
8731
9660
15336
2932
13789
14088
6886
2254
14513
844
13940
3747
1061
9137
3025
8886
6001
9620
5708
1885
14680
6761
8056
11508
12646
2581
1516
3044
3784
9590
7197
12515
7602
6534
15447
5392
8974
6333
11998
7487
11529
9938
15586
12591
7428
2612
5477
13429
584
15538
15315
15264
10651
7371
15125
7297
14304
641
10341
2088
14583
1539
2955
6185
12425
6754
15929
5399
1440
280
1238
12969
14570
825
13912
5998
7789
7742
7780
8373
7280
7095
11990
1931
2818
11115
13580
5474
11756
7922
11914
10339
13813
14869
4876
10238
9975
9158
3989
11415
9438
9579
12737
8008
10404
10649
2359
2193
6743
10139
14919
2375
5586
10909
4306
12756
6024
6239
2230
1780
14161
14144
471
326
1365
5347
14916
11340
14505
2905
6756
7943
12484
7845
4304
11241
6846
6663
1786
13590
5154
705
15965
10740
11614
8624
7496
5990
14863
14078
7770
1376
12222
12593
1702
1939
1941
4970
13279
446
12227
8387
12742
8711
4584
5398
8304
11431
413
10091
9021
5567
15148
13338
4659
10763
10314
507
753
13529
14585
12876
14905
15159
9469
4959
1098
15762
14281
2729
4561
10508
15469
5655
7572
4053
11053
15876
15484
15818
14319
12857
9737
13468
14548
14396
12583
8862
3255
13336
6392
1840
14564
9649
5351
12386
2961
10801
500
1242
13530
5061
11751
1351
10716
7675
9757
10121
7551
9241
9939
10223
10451
3676
7691
8999
6424
4274
6213
9679
5962
12605
15871
8879
10607
5222
9617
1920
23
10117
7514
1906
15179
7617
7609
14247
15292
1366
8369
11196
14960
2308
5419
9411
5985
13110
6762
12409
5736
12975
10441
50
13933
10312
8929
12892
15535
2546
14812
3910
1016
6326
5816
195
2296
13426
14442
1588
14792
11163
12784
2104
13472
6555
11515
7809
8017
2277
8570
13753
3605
3011
13804
1538
13324
11085
14430
1211
1984
1594
5121
3000
12272
15290
7547
14568
12716
10341
4509
15860
5505
5645
1965
7329
12201
1832
15138
4218
8462
7708
6324
12067
10720
8480
1957
12396
3565
4739
13607
9901
6333
7080
1253
6957
6370
8800
9878
7438
3142
14387
7299
12999
4032
13616
4328
4585
3800
3466
13156
12262
15526
3480
12681
14598
11960
14638
10994
3877
3377
12953
2131
14062
4034
3384
5020
10404
12185
14898
1843
3679
1637
13494
5030
10021
15462
9358
14607
3262
1176
11763
3877
702
3595
558
15301
3907
15197
14647
7784
6926
11601
14267
4989
3987
1652
10009
14391
2189
13259
4586
5868
14896
6432
15250
13269
5894
8608
11876
13509
14136
11991
1386
3190
15586
6296
2491
3493
5493
5491
15630
12420
1092
13897
5761
5079
3901
4122
7822
6090
1381
761
310
4629
7193
15560
1898
1440
12520
2127
3301
10656
2470
9039
13847
2057
15335
4690
9902
9181
10181
13884
9953
15625
134
15714
9056
4035
3836
5231
14478
9569
5992
14788
14198
1537
2701
4448
2977
15221
6575
10630
14230
9046
3669
429
15455
3005
5119
13709
538
3653
15946
10491
3278
80
10205
687
8467
14041
5918
11297
7610
262
14438
10160
1799
1139
2960
9129
4712
13888
3759
2942
11286
7429
3371
10741
14786
12843
12802
15324
496
12748
14167
8126
1180
8372
8813
14000
10765
3083
13649
6727
3345
12087
5239
9497
13226
8199
2626
6291
6087
6385
9233
1373
2166
957
466
952
13800
1621
4628
14296
2721
2795
6422
3902
15519
3588
6254
14636
6671
3903
9715
14369
15991
14954
7866
1569
11506
14844
7860
1593
5229
5446
7319
7396
6403
12137
12700
4203
13758
1329
6851
480
8476
1625
8734
7996
5213
3340
10984
237
7243
4700
2958
11586
8006
15176
1508
3512
14020
13720
9458
3249
3166
777
14997
13921
1266
11698
2124
15025
1379
13327
3857
14207
14953
12591
10555
8518
15931
5540
8755
11526
10240
65
11465
2246
15241
12973
10111
13261
10693
3569
4863
2212
8698
8212
133
9964
8262
6610
8989
9641
3937
1198
7849
7242
2141
6756
15761
2072
12296
8516
1951
10888
8582
13416
1487
12175
14741
11598
9437
9434
3519
2652
15998
12217
10864
132
6181
3127
6742
3523
1120
15031
4721
13321
6274
6863
4078
6035
13287
4726
2903
15238
15615
15837
1006
5454
12013
15747
5404
9802
13534
8923
806
13532
5140
11670
2016
11321
3149
13110
3196
8622
12142
7918
10295
6768
14781
2725
1155
420
7452
8410
15659
11419
8248
5017
5225
8613
4765
10629
6767
6651
3552
7573
4183
13044
7595
6200
12717
15097
3310
15914
12071
3804
7832
6366
10572
10965
9092
79
15737
4896
8490
3748
4667
5090
8766
9892
2055
1883
4521
8822
8534
12425
4747
12717
9469
694
7269
10538
4143
14932
10452
214
2736
6636
10933
1661
5953
8377
6092
5691
13273
14582
9439
1940
3672
6557
184
5727
8440
4705
2901
974
5482
12000
2044
3303
12695
13665
13841
838
12597
8294
5405
3686
14930
338
9699
9236
13067
15791
14927
10340
2726
12718
632
6398
3276
816
478
68
9873
3379
1043
15355
15380
7439
2658
427
5104
499
5617
6054
13145
11022
9740
428
15712
7791
9664
12779
7582
12943
11471
10308
9661
455
5059
1289
5623
5537
1358
15496
13268
6753
3203
1000
2544
10213
1427
7648
15065
7045
13702
12210
6419
11794
12638
6132
3585
10654
7263
15520
7597
7087
14180
5611
7542
7591
11252
1518
1480
962
1014
14749
12067
8570
15749
14611
2783
5529
6260
1848
926
8314
14059
7345
8461
15049
1829
12046
14056
13445
15918
5653
4532
2451
15616
426
10042
15221
1944
11523
183
7311
10272
12251
15881
14373
10862
7016
8254
5474
8865
9180
2141
11276
526
10602
14677
6707
11000
12733
4152
15271
6739
13036
1722
10707
1815
11764
9928
3759
7287
14464
15422
5911
10715
3655
8637
9929
10672
891
3756
7889
10072
10249
7517
14950
4851
10546
5657
4203
11632
14162
3474
6723
11198
9548
1430
13013
5313
11359
5125
952
14175
8899
6864
8890
12555
15501
7171
11579
4744
15279
7820
14816
9528
3689
13766
2731
14235
7776
6935
14219
5938
14761
4942
5488
12662
6373
2502
1975
6084
11979
7279
4259
4878
14143
1501
5785
1996
8672
1364
6741
7952
13536
9909
5832
1225
12028
8564
3813
3804
3851
2032
14094
6964
11327
3582
3626
1700
10436
9953
12136
6415
1233
395
15646
3728
6248
5431
10077
14920
11148
818
11224
8684
15079
1057
14262
11107
13973
2075
14911
1824
8459
13005
8788
3786
4940
767
9838
15376
10720
5974
10144
11953
10721
9790
4034
969
15221
14111
4242
10369
3281
3818
7406
2360
9227
5668
13468
7200
12095
731
13376
8906
2089
6165
12693
7029
6932
10883
10757
6004
858
4901
6310
15931
14691
10344
901
13913
8455
5143
12634
88
13313
4040
2448
6541
9708
15916
13741
5803
5000
11118
14710
7089
5635
15755
2470
919
10638
13227
6923
15848
2129
1585
15780
820
11929
5033
3085
8736
10176
4072
8824
11841
8112
11273
2382
6173
15541
124
328
4541
15594
3390
15982
9581
3145
2452
10500
2136
15680
5775
6336
1809
7361
10468
6981
3290
15501
14419
379
14029
2491
9203
9871
10603
8828
12253
5128
8370
729
5457
1263
323
8847
1246
9904
345
3698
8756
6833
3378
14532
13169
9539
10245
7638
4873
13535
7139
3292
2266
9521
5783
11470
3392
4738
4298
3997
9867
1020
4727
15324
2284
9402
12523
7882
7659
12868
15932
415
3701
7663
3299
871
1202
13544
12861
6075
15432
8352
13719
1698
1873
3502
1520
5265
12593
5819
9263
6460
11191
2342
10136
1827
11744
6659
9709
3403
3528
9642
8171
7229
1305
15822
12452
6859
1719
9313
1287
1151
1666
15006
7201
7891
6861
8722
1509
3454
2893
10772
14266
14084
1466
12754
15912
13210
3413
13973
4966
11293
11967
1489
6875
13272
5663
3327
8484
7382
993
9771
12885
7011
13129
4087
14902
3990
1161
411
11796
4054
15535
10062
6490
1001
6816
10754
2564
14582
8728
11882
9875
4695
13371
750
6320
3034
8430
14804
10417
13775
12927
11654
4786
10056
15741
8040
2399
5254
12804
14195
13660
12339
12610
4151
1693
7778
3257
4257
6360
11985
139
4588
5033
1862
9690
15705
4896
6472
14509
3665
4247
15788
15320
9033
9844
3413
1074
595
8668
13878
14791
6328
14569
15753
14831
262
7531
2089
8871
2244
2426
13362
11184
7459
15224
4874
7164
8473
11347
10025
490
15594
14165
4162
12980
8010
7576
2406
8605
4596
4636
11748
15276
3205
11501
2460
7820
7385
4549
5043
9629
6975
2406
4813
2787
1630
14039
14303
10103
13738
12681
14946
1685
10846
3108
14665
7208
10684
5423
4166
3632
10059
4266
7261
1616
15768
9721
13788
7153
14270
2832
5134
9597
5238
14299
736
11220
690
3392
9676
14429
73
8622
114
15271
11730
3131
10832
10767
8554
14998
2751
6965
3264
10012
8581
7384
3733
10722
2889
6355
13554
8023
4305
7144
6322
5041
6716
11365
8433
4744
9794
12858
13366
14260
12130
13449
1391
11314
12568
14297
10312
15319
9614
1928
13684
2195
9313
1417
1269
12202
7773
14823
4226
12078
10319
14900
5471
5388
10265
2257
10132
8411
15115
11851
6671
15597
13652
12414
10911
10220
15063
9575
13891
8677
11504
11575
15225
4817
1345
494
5371
13470
3670
13949
13900
2341
1202
3371
7729
11467
5628
1862
8231
9096
13713
3254
13045
11365
15669
12309
9937
3084
5884
12180
11762
5740
7756
10987
14909
9101
11481
4281
10923
3503
2230
8823
5845
3432
546
13574
3252
10527
15436
15835
3623
1501
3089
5020
1218
7110
1329
15507
10195
11566
11688
5957
1306
7796
5296
4568
897
5129
8849
172
8633
15431
8995
14478
7216
9541
404
14820
4068
4193
3007
12043
5694
6096
1064
11265
13207
6745
15124
11754
2311
10812
6063
7970
2608
11359
890
7857
488
9739
8029
13473
13522
1024
303
9090
14918
708
12262
2986
4901
15269
3382
14947
5366
4446
14564
6925
15543
13689
7031
6207
8501
13094
2529
15462
8453
3419
7319
13293
13158
15349
10767
15032
4725
15422
8123
3643
130
8737
10982
5031
8007
14364
8331
1725
7162
6895
8650
6705
4584
4033
12912
1438
1127
15441
900
13932
2860
8219
11225
4370
11920
10344
7755
4998
9767
4230
12993
14249
12967
7975
3281
4974
10691
15964
6699
1853
6859
3701
8559
11444
7734
9823
12882
8861
13617
13782
11145
4829
10353
10723
9200
10626
5067
955
15624
3186
5185
12617
5788
6504
8945
13421
11479
3636
13385
6530
5490
4244
10232
2401
15688
1966
576
922
15180
14193
3056
10325
3023
13410
5048
575
8036
14468
1530
12012
6006
11067
8629
146
5923
1574
13567
1402
9563
10952
7933
15053
15197
6517
5806
3237
8483
6382
8512
12015
4576
11568
10693
11951
13330
4093
12526
9718
6913
2408
5730
12920
1827
2712
13066
7750
8638
14986
9153
2201
9938
5438
5606
13487
11955
11412
5077
8790
1795
13589
9158
10723
9157
3851
6674
10840
7944
7552
4558
14858
9960
10289
130
11787
1353
1548
3537
9991
534
1042
545
14825
10832
6151
12312
6787
5916
1389
3930
12063
3330
13088
11138
840
939
6164
11680
13235
13716
238
445
7676
14879
4927
3463
4584
6476
11352
2928
11362
747
3473
10187
11579
13976
10852
2367
8244
593
6297
4307
3924
7737
15445
4764
13028
5609
444
10263
3325
5034
15061
15353
8266
3988
7168
12850
14816
6873
15778
14531
7620
3251
13070
3199
5580
12274
9918
13824
12868
4567
2132
5144
12304
5929
14260
9332
15891
3056
7948
7568
8090
11361
6922
356
3701
2442
1559
2518
9315
1337
5401
935
8941
6823
4135
14521
3098
2405
697
15966
6973
2829
9462
3277
13111
7722
962
13002
10778
13262
8922
2868
8623
15844
7577
12324
2287
9136
3194
15954
10473
12947
890
7766
3771
9377
6287
6869
11782
6985
11187
7107
14166
4649
14737
15629
12371
4051
12631
7149
1313
5554
14369
9936
9750
5946
10612
389
3434
13807
344
2260
10754
5586
10026
2877
3315
314
9746
3449
11651
4933
10557
14169
9582
13646
13799
10305
1697
14782
1454
3010
8688
15824
1298
6791
10122
11910
7180
13557
14069
11876
4169
13176
5814
14195
53
9129
2861
9800
931
2864
3085
15840
1034
1020
13486
3185
11325
15183
1967
12780
2193
15008
956
3491
5799
15430
3753
1331
1339
1823
1560
5508
3351
7374
3704
3404
4856
10917
1556
5787
13782
4642
9979
14816
5662
7465
2001
5339
6648
8320
2119
8841
7328
7427
684
13127
11210
4437
2811
12549
10612
4371
6410
13963
97
14466
5720
4953
9383
7276
15092
7165
270
9071
10333
10284
536
12334
15624
11536
9007
6095
4377
335
1875
9413
1815
13085
2203
4626
13986
12815
8997
4396
15131
9094
2862
4851
2400
598
479
5844
7763
750
14916
6449
15386
3804
2783
15010
15341
11790
5106
8070
478
6981
5836
2293
8418
8039
6919
6404
9206
4268
15153
8337
13362
6367
1540
4114
6965
2020
9959
3081
7122
13227
9530
10860
1031
665
9871
4724
808
3329
1147
5638
14662
6983
7931
7080
15022
3202
1836
8228
7470
5341
4918
9184
11709
6458
13299
7026
12830
7258
14459
8304
4485
12341
3165
9868
1359
1388
2945
6519
4717
4092
12157
3379
11075
8440
14811
10097
11642
4999
6677
3112
10341
11595
648
10402
2054
13947
5780
3236
9557
4240
11541
2394
4933
14706
12263
6292
94
15208
12811
9163
3300
13320
894
2727
5760
4057
1176
5754
9056
7853
8866
7749
7801
13867
2151
9855
11814
12284
1443
9724
524
12984
12118
9809
42
8381
102
4488
11941
1265
13651
3593
2938
14545
10672
8698
2602
11848
14453
11
8054
11671
12112
15855
13890
14264
14062
14057
14900
15505
7781
15424
12490
3899
13585
884
633
13687
5373
926
3305
3024
8872
6243
5922
3544
3293
12876
15393
6098
12887
11799
6122
9000
11654
4012
11616
9716
2069
10516
13573
9850
14292
14415
2102
229
15300
7087
2269
4673
8013
5574
7697
885
169
1971
4430
7814
14848
8175
13913
87
3974
4035
13439
15628
8047
13407
13696
14469
12275
15621
8319
14919
14037
14773
15149
13337
5860
1418
2010
13874
6992
14059
3111
11513
31
7541
3327
3231
4068
5592
3318
8042
13979
758
12022
10379
14165
14070
8848
10441
13692
5519
9360
81
4293
12861
13418
10153
14279
3780
12379
5271
1839
15491
5136
6222
11384
8464
13805
15453
2408
1124
11847
388
6234
12222
10767
8751
14644
3615
7544
688
9134
5257
769
13427
2118
14187
11933
398
6319
8312
10021
12511
7803
15158
7085
3188
11974
4891
6993
14382
6015
7192
3122
601
3414
13889
9352
2059
1504
5249
2747
14991
10506
7869
770
12624
10408
12703
1374
728
5016
11396
13239
12819
14906
8676
4359
15232
13567
15704
1966
7934
6897
5089
8535
10311
2978
6240
722
8835
11489
7822
7826
10347
15691
8596
11323
10099
9652
12698
15179
14668
12446
770
15839
15704
9447
4199
3288
11366
8255
5254
3301
15152
10343
188
9464
1674
6428
14538
10509
6269
6360
6687
616
10403
3635
292
8855
13287
1342
8034
11955
2140
13157
147
1844
6604
8698
5132
1970
953
14738
9623
106
9082
9812
13922
10756
4592
12460
9617
10862
7173
4656
15830
1576
8291
122
10431
9931
5816
2466
5886
7956
3975
10385
14152
10579
3083
7636
901
4037
6375
14877
8495
15457
8689
6417
14565
13281
7229
12534
12495
14402
1190
12326
15979
13833
800
10410
7764
10969
1228
2003
2925
5203
12388
1078
4134
3824
8714
9388
7861
3441
8265
4708
7250
5306
11125
10167
6939
6706
6701
3435
5109
12243
4113
9440
10077
4913
3850
6193
15882
9431
8196
7160
2986
8937
12590
11473
12761
9656
9213
8974
13098
5830
13682
4348
11136
13159
14516
2075
3865
9569
9862
8974
5813
13975
2414
4242
7241
10617
10435
11475
8400
6984
2635
15738
15921
15225
15563
12682
13234
8776
5656
10332
2958
3338
3032
14094
497
1548
4522
8714
15470
14384
6041
5283
712
12807
13877
7953
7424
8312
3428
4176
15296
10416
8267
3569
13993
7830
251
11227
4959
5907
5559
7917
13597
12944
10364
2446
14492
3238
11161
13962
5974
1202
7597
6686
14009
9826
14639
9786
6491
6420
2314
5787
836
10581
9357
14829
6764
13960
14409
11723
3868
3968
7992
5817
5264
6708
8264
3757
9946
3425
6071
15921
8979
2021
10959
6988
11847
13951
5126
2338
4371
7441
12478
9559
2022
10187
12740
13138
12499
11149
13213
367
3470
5206
10537
8734
11914
2801
843
5861
6226
6915
10134
3557
13288
9445
10545
13487
7396
15672
4178
119
11465
5008
9678
13487
15195
6419
14978
11694
5920
12191
414
9390
1397
15303
2125
1664
2104
2968
7525
12682
14235
6011
239
15875
15456
15136
13363
11205
14808
1541
11324
10273
10901
9355
12113
10096
15774
11091
10142
10046
11634
14908
3437
13032
14211
5562
3048
4667
12882
10573
1349
11118
4936
1588
10993
8744
725
12708
3949
3885
2601
3626
2511
13502
12981
2976
7598
1107
2419
6093
11153
14053
9353
14590
15437
11917
4152
2485
584
1035
1410
6286
505
6346
12226
11498
3443
1303
12559
7392
5189
15160
11018
12052
12663
7999
15028
8613
9106
1447
3058
8612
15500
12412
7202
14938
12681
15707
1423
13265
5094
2834
3551
5599
13532
15778
5449
975
5433
2008
12720
10622
1169
7738
6674
2184
4090
5702
10797
1548
7149
13856
10160
11002
14620
5715
9940
11301
5422
15715
8566
10516
2549
470
4467
4434
4600
9916
5409
10033
277
2129
9008
5798
14220
4034
7982
6662
9737
2779
8210
5238
4987
6723
240
3607
12438
14532
14908
6212
14248
11827
728
5149
12297
9547
9583
5249
3463
3345
3634
8092
9826
12642
13890
12398
5029
5872
3060
14766
13004
15623
8356
1991
10698
12949
9951
7136
15833
8859
1700
2433
4686
6780
7583
5335
327
5518
14936
3790
13215
2571
235
7042
3565
14125
3440
8594
8350
10853
11712
9706
10476
8421
49
9526
9722
10000
5014
9555
2860
6714
11989
11898
13494
7924
5586
13821
1794
4522
5963
15010
11445
6198
10404
3363
4324
2196
309
1026
13049
374
10732
11877
8795
15133
9755
6869
9134
14769
424
346
5483
765
12244
2977
13041
1830
5150
14836
10705
11114
2198
10502
1312
12602
13865
9988
3150
14175
15366
4552
2901
14450
4781
11696
13584
14537
2565
6718
13306
7341
7064
2790
8107
7660
10119
5148
13843
15270
8336
12900
14736
10534
7402
48
11488
9620
14389
14639
12147
2107
3191
15048
558
7972
10744
14142
6509
1661
9212
3816
13354
4628
10958
5461
12288
5077
14962
14483
8699
11650
11383
7435
6185
7138
11836
6025
758
10225
4664
12905
684
12207
11953
1242
4180
11049
3736
15041
1062
12948
7209
14416
1576
2167
8230
2217
11597
11544
5052
4296
7194
4788
11732
1731
11926
7568
7757
1036
6145
773
13941
6829
12981
14246
12424
1161
13647
160
4554
14709
13109
11764
13125
3037
13931
5355
9606
9528
899
3011
2177
12446
7799
2261
14177
8077
9829
10286
9113
4326
11060
11406
15507
8041
9652
11931
13554
7299
12092
2108
6008
13553
13872
7485
590
156
12841
14549
14036
2092
1560
213
14538
9359
2474
1068
1436
655
11354
14901
9333
6414
10307
8841
2807
3959
4772
361
15610
864
2470
9970
2769
4694
1455
7712
9202
2648
6261
7239
9093
12173
11804
11983
9884
2631
13051
15672
3286
12758
14573
972
3172
8880
9813
5980
1191
14585
10693
5153
3802
1515
15123
6571
6210
4930
14283
3764
11931
8896
11003
9376
5069
11160
5359
14953
13791
6763
14625
5429
3521
13198
6401
11045
10430
214
5377
15973
3152
4423
5126
11306
5938
8601
1877
500
13532
4513
4265
13815
13409
3620
11543
6831
14780
5254
10136
12571
12017
8762
6353
3890
10312
12754
3288
9095
1321
13017
9068
4473
1440
14195
15779
11731
6796
6008
12231
8680
14873
496
10847
12283
4117
6390
7466
2897
11645
1602
3821
12014
14716
10174
4257
9029
11280
7545
6476
12601
8914
15544
5426
10355
13739
9557
6086
8888
3918
2317
5920
2791
7166
768
15074
15635
11510
10892
6884
11507
12495
10705
7522
11211
9231
11779
8592
4512
7676
15068
5465
590
14613
10892
15297
704
8801
5383
13944
12719
12053
3865
15511
7571
8985
2937
7206
8847
13830
14090
4355
10325
13148
229
9888
6379
12008
2481
15243
8036
1549
4709
8626
4514
3953
7924
9571
12754
1659
7515
9474
13712
15732
8985
9635
8717
274
841
5917
14104
3284
10272
12781
432
10501
6670
6811
10861
9151
10407
2897
15052
15116
15875
7919
3069
7799
1490
4175
13811
13357
13649
15875
13090
10986
9511
10159
11261
10352
76
13717
1988
10348
10499
2420
9201
1169
13584
4062
14672
7991
11311
13724
11459
11187
9995
14528
7338
11485
2703
9501
8843
4705
9377
10285
4043
2888
4444
3656
1592
4521
1374
3581
3221
11873
10353
775
1394
12289
4837
66
4280
4501
2142
15739
4040
12138
2619
15730
7623
9675
9232
4818
2732
2609
15103
6775
5497
3548
10432
11441
12421
11806
15022
3994
12031
13728
4769
13425
10017
13959
13491
2650
2460
15633
2389
10852
123
9361
10582
12099
7388
3814
917
10120
6423
4373
895
272
12273
11327
11714
13046
11485
15088
1040
7516
12816
5810
4941
6834
3769
6784
9484
10581
10770
225
5433
15245
13938
15
11344
9678
3830
614
3798
14605
4987
9046
3230
5612
4373
14944
2658
4211
2384
3698
79
15201
13860
9373
10387
1629
157
8223
562
15279
12800
5995
14525
15091
10363
9869
8769
2545
14835
12568
1150
8174
5614
8732
13786
14339
7676
444
6902
14413
8495
6982
1966
6355
355
12353
12337
4864
8928
12899
4144
10080
7247
7021
13523
1610
5242
6293
8507
4078
7213
14009
12252
1179
6742
14391
3870
14418
3187
10773
12831
11682
6107
14797
6390
6462
15502
2727
15678
12782
3978
8174
11215
11225
15195
8738
1187
4438
3383
9694
12868
10596
7704
9120
127
14446
7511
3998
1216
15051
3123
2400
10733
13582
5549
1123
4044
9404
8202
8074
6186
533
249
5753
110
15444
14492
1298
8234
1875
15344
5102
824
7048
2575
951
9846
10086
9301
15415
9137
776
1815
8223
14358
11716
13698
6754
5120
10253
14829
15659
10786
15078
5412
10896
2874
8256
546
11109
10132
15891
211
10956
11291
2786
259
9490
1225
13913
8905
14714
14689
15072
11289
13048
10788
8988
8154
15909
3241
6983
3920
2379
6061
9332
13275
13288
1589
13822
8397
73
2065
12960
15381
13356
15747
3992
6846
5324
1905
15751
4038
595
14823
15328
1995
13964
12668
10149
2225
4261
5485
6145
6640
15898
3829
8267
13186
9770
6089
5583
9843
8154
2544
13576
9863
6643
1569
709
11967
3474
4813
4357
8421
7988
8037
14768
5952
9057
13270
8177
13318
2755
2674
3958
2653
6504
12226
15840
274
6667
9775
14470
3174
671
12046
13037
7314
13615
2098
7633
5442
11263
343
13863
3252
12732
984
13556
5790
14254
10086
3108
1009
12760
11419
3662
7616
11997
7854
7891
2664
1630
6361
10190
2301
6759
11579
13968
4375
13678
9953
14169
8941
10296
12032
545
7029
1368
2454
1171
15622
892
8631
631
13652
4050
8646
9621
4399
500
5864
11416
6482
577
5606
8784
7336
1186
11104
63
3216
5057
14232
509
3706
14617
1055
15087
15985
7861
258
15608
8753
8889
4591
10757
1292
1589
4378
5691
6442
10242
1107
12924
10819
6714
10060
6508
12252
5164
6571
15468
10222
4804
15977
2280
7773
5384
1367
7758
13245
5977
11718
10350
14866
4662
5108
4510
6251
13838
10202
12693
12433
11309
9618
11604
6375
3678
2112
2627
13195
13036
6447
7417
1840
6425
14049
13965
161
15416
5723
1759
9745
5794
12109
8611
10456
5569
1474
707
7760
11676
1753
4193
11337
15723
15797
6065
3401
6262
13044
4948
3298
3492
717
9490
14269
14766
7455
14430
2534
1530
4541
12279
7324
651
9243
1780
10572
10717
6840
2332
6393
12945
10877
6082
12668
15027
12147
4421
5289
9192
9370
12939
12684
10087
10781
15305
8854
6588
2087
11388
8118
6629
7668
15443
11632
5263
5575
10556
15980
767
12889
6373
13712
7766
12455
10380
11145
8603
14802
434
6147
12524
1725
2831
6611
12506
6488
3817
3094
8575
3558
15565
3556
15578
3360
15188
4841
8935
9745
4821
9703
10986
11194
11767
7104
12001
6148
2250
8956
9302
7036
15103
10178
8762
6286
789
9620
12774
8959
1067
5350
12517
632
13258
12095
3992
12447
936
12927
10544
5757
10982
5530
5303
11102
986
5656
5602
3236
14613
3256
10273
2068
13434
7387
8355
14223
1007
9481
7182
2074
3183
8051
7058
442
4146
11050
12889
9434
12330
11785
15191
11664
5667
8846
6766
6653
2855
12368
14242
1468
3976
8515
7888
1410
4254
243
3986
9613
9725
15520
40
12908
7572
7098
13350
11718
6501
14591
5153
2831
14728
8696
2847
4395
5895
13966
15401
8750
14686
13643
14570
2663
10510
6458
4073
14764
11054
8059
12729
4779
7580
12769
6039
15152
8220
7742
15222
14721
10685
4375
5904
9414
1424
8751
2161
7319
6717
1562
4421
5404
15205
2991
8067
14067
9449
12140
12831
4503
8552
13913
13634
132
10682
8026
3636
2902
15768
2858
1623
10453
11586
11879
8219
13010
4631
10381
8681
11348
11943
1454
5104
15501
4445
13171
13568
2246
13664
14752
11102
6216
12665
8736
10700
11699
5114
14336
2954
4882
1194
8929
3688
12780
4809
11907
14142
9440
10640
11175
9140
10936
12629
14245
10437
5426
15768
12357
7673
1784
15461
2775
12352
12126
15863
7052
12178
4978
5388
15132
14212
10935
8061
1900
12067
12870
2160
14562
10662
12800
9737
3803
7736
10719
6400
6525
145
10520
2883
7818
12305
2344
14945
8657
2823
14809
4062
3353
8139
9450
2485
6351
8737
14898
12604
4805
121
14764
3367
10783
15916
1456
2938
7653
12175
13690
14178
12321
8211
5413
8491
4516
12110
7437
13173
14933
10598
1235
2286
7089
15038
9123
13440
12127
12373
14396
5284
12494
13160
8651
11630
13077
14460
2920
9082
10635
611
11612
11308
8822
1026
8152
13338
13136
15589
14863
421
14539
4451
7059
5628
7841
4534
7420
3968
907
5817
9253
1754
2977
6256
13384
4406
9068
304
1840
8056
915
13453
3364
14089
2831
11516
11427
4319
15457
14643
4740
2348
3094
151
7976
15287
9037
15397
7607
9944
9566
860
50
895
11469
1786
5302
4537
2091
7142
12593
7358
8947
4310
5448
11778
4178
5227
97
7988
3870
9189
10336
11316
13692
6665
14955
6729
10414
6563
5026
3980
11775
5076
4875
7244
6863
14529
134
13306
5672
1079
9016
2971
9741
2816
14750
13920
8044
3199
10260
266
741
4596
15935
14433
15613
14890
5163
10027
9805
10189
14007
5581
3617
2883
1177
10480
5764
5663
12138
11436
6743
5155
2760
4836
7971
1510
2756
4367
9061
1368
4634
9802
10317
8921
12588
9930
12163
1751
3958
5969
292
1965
11550
3909
9200
1079
2742
14965
6743
14880
14753
1838
4035
5865
6674
12007
11727
13783
4726
4789
15151
9360
2943
9468
6633
15531
3399
2797
1282
11709
13118
5926
2026
13020
14188
15579
14099
930
14544
9194
15810
1649
11032
8198
7515
1707
8557
3242
3842
13283
12383
2993
10996
15327
814
1629
14858
8565
8778
4493
4274
5896
14771
6300
2916
12959
5879
5368
13889
8775
14562
2052
14777
13947
14602
10644
4006
11511
2238
7848
8794
14622
15193
8142
2301
7
14124
5511
12924
11254
10004
1198
1151
8776
11851
8419
10087
1730
2139
12329
10506
702
14381
13635
3001
1335
8279
7007
12846
10517
14855
9992
13491
2400
2135
4144
2408
4611
9656
3684
15865
8012
4883
1016
5140
734
13788
15228
6816
15927
11557
5674
4981
14290
3309
7982
15625
15940
3341
823
14810
2196
10815
12301
4597
12950
446
11357
1561
14454
15041
1427
6466
8276
6795
11607
13362
8935
10835
4179
13215
10744
9853
6548
9034
1515
14531
13011
1455
1872
13834
265
8421
8649
919
1370
9952
5717
12727
15865
4171
120
5644
10637
12749
792
6244
10111
9727
5431
2642
6942
175
848
13491
13561
2363
374
10572
8170
6598
8406
12788
3371
5408
2059
4741
15360
7776
5820
15225
299
5941
9222
10936
7042
10014
5533
1153
8093
15316
8148
15036
3844
8996
879
1405
15711
5605
330
7881
555
8736
9021
3927
2496
11080
8668
1856
7208
14489
5434
7507
8782
14656
6796
4176
13022
681
5329
5115
15997
1829
8503
3841
10825
13734
9599
10536
3339
9929
6770
3895
7017
4143
12174
9514
3576
4842
11370
10784
7683
5156
6644
4817
8164
13440
8993
5186
14121
2675
14654
2470
4504
7157
6312
3682
4892
15911
14218
12583
14192
9340
4830
5209
1836
1004
14723
5412
10199
10094
4548
6234
3602
11192
11052
11767
12984
4045
5305
11105
11072
3959
13576
15577
15469
8240
3259
4361
12503
5829
5296
10695
3522
14479
15904
5358
15483
14628
15122
14034
13074
3670
4269
5028
14863
15321
