8000
1202
13817
5496
8522
15290
6700
594
11349
1178
5595
5374
48
9150
6172
2456
5322
2245
10592
125
597
10515
4106
1518
292
8497
12385
10497
15719
7568
5648
567
8770
7817
10416
5644
11459
1116
6238
6808
6646
186
535
6694
13688
11059
9150
3010
1656
8094
7488
2253
6962
11594
8123
7254
4092
4508
1751
8163
12077
11751
8731
9199
3568
3147
14844
15027
8615
9434
10188
15261
9620
15075
5955
7309
10134
3457
14671
11790
15904
6159
2395
6866
6106
10518
14120
14550
15027
4223
6713
15456
15974
3796
8655
7894
11295
7499
11273
3910
934
5461
3171
14906
4536
13478
10567
3022
5288
13591
14812
5192
3750
1207
410
14208
78
2882
12758
3457
7105
3472
2913
11431
11620
15920
3325
6916
11772
2950
10826
1058
8412
2350
15964
1300
4180
14884
8675
9468
12475
7487
3012
4577
13047
3422
7138
13125
6304
3896
4934
1761
11720
12199
13192
7341
12119
4869
14257
7891
7820
13435
8949
4584
4137
13266
10236
8318
12150
2911
1786
12977
14751
9151
5906
11798
925
13044
13275
7230
941
6561
13343
1013
2760
10536
12706
14879
3757
15315
11123
11577
12751
4072
4513
888
5690
14750
9206
6192
1661
15345
3169
412
12848
13428
562
13773
10472
2189
9355
15765
8750
6699
5131
11510
1235
1837
14742
4992
1153
9865
4922
2256
2289
9435
3144
7980
8185
703
14172
14199
4400
5694
2963
1248
3122
7878
15021
1946
10067
8377
6064
7170
15076
15547
7032
4663
1384
5774
14007
6889
15639
2929
9145
1929
717
12290
9909
13254
1345
12433
11453
5745
2127
2769
6993
9601
10647
10366
15900
9066
7095
10316
236
10523
9863
11621
15186
15599
1395
1546
6489
5387
4475
15634
7316
9544
276
5577
6799
5973
6362
6604
70
12842
9373
11415
6443
8372
5782
10695
1439
12877
9363
6027
7401
3226
1648
10939
7178
7396
12485
13667
12783
5313
1653
4099
14857
6282
14028
10008
12255
4390
4965
12326
1232
2690
7741
12028
11063
1875
11075
854
3105
4439
11233
14858
12017
12882
14149
3195
8630
10635
862
5413
4300
6868
13864
7509
1502
244
1518
13757
4634
6483
14435
10219
9173
10529
10599
8588
756
10026
9442
3861
14465
9028
7071
14835
5910
5221
2030
2892
15856
7245
8305
8508
14113
6169
17
15615
6413
5887
1724
15399
12370
4512
13970
9896
3393
12921
6836
4149
6948
4631
12363
9765
13659
3434
8600
7921
13007
10631
10813
1215
6228
3118
9723
4341
13639
9741
8308
4052
15628
14384
7803
351
2896
10126
14599
6289
7047
5435
14791
2347
10066
15506
465
7725
2940
13417
15646
4300
12400
10459
5515
2628
1929
15239
6969
15568
13332
3629
7972
12960
2014
15776
1663
9262
14254
262
3904
9653
5698
2695
12001
4116
2201
818
11842
9493
14235
15840
2145
10636
14652
7661
13264
581
6900
8586
150
4232
12215
8122
5544
2581
12250
7208
11844
10504
11822
4100
4158
5872
6795
4511
9989
13348
5329
10183
11193
3564
14375
13339
2552
13027
9352
15817
13609
4604
12755
2111
13188
13322
10233
2732
15904
10836
14292
100
5340
14467
4200
13850
4339
15347
2361
2680
1047
12042
1215
592
3959
15591
2283
6511
970
11635
10680
2931
239
7435
5042
13427
4758
15276
4512
4662
10112
7156
9114
3804
5623
1666
1655
14315
1013
8368
5347
6412
4411
6563
7004
12722
10506
9288
3233
15828
9275
13914
2760
9515
9701
7802
11294
14459
7078
4158
7473
5542
11315
587
9347
5290
2253
15354
7957
7618
7722
13305
14030
485
8220
9387
13207
2726
2675
4793
6906
302
7059
9666
9817
760
1469
9464
15220
12899
1974
11045
6794
1641
11633
141
6932
2238
3847
14889
14209
11569
546
12239
407
8766
5626
13614
15844
12653
6759
6751
12956
13818
417
11125
14579
6238
8941
2151
7490
10916
13196
14284
12557
13181
2777
7841
3772
6624
11083
1981
6545
11629
2572
6952
4396
12551
8919
8592
13556
15678
15343
10512
1849
4113
9990
428
14703
2931
6931
6193
2199
8479
4477
14757
5661
7254
10950
13785
2230
6033
4118
8776
6015
6690
4080
14763
7593
1351
7355
5150
5382
11051
15662
7231
15164
14004
12011
13867
936
7294
8413
7487
15773
12890
6244
9786
8497
5547
7571
15079
11580
11689
12207
1595
6732
288
358
14325
5991
12066
7827
11373
7117
11842
6956
6281
9846
7319
8500
15134
14613
913
6622
14387
2156
1218
8173
15005
6765
15745
14084
2346
15786
10292
8293
10870
14932
13004
9196
4923
13422
5375
4649
4539
1217
15957
15172
11064
7277
12024
10198
5890
1290
820
4277
3446
2039
803
6803
8804
4900
4887
15502
4686
3531
12148
15557
2463
13504
13105
11739
10926
2480
388
3817
3698
4697
2989
3114
11974
15013
13312
1865
4655
2485
10494
12453
8876
11297
3256
6032
197
12496
5535
9236
27
6035
13145
6843
7891
14602
6934
2817
5434
11674
10986
13484
371
13975
598
12346
1340
2263
2563
5996
9100
13057
2449
1976
12707
10058
8008
1256
6554
1895
14844
10933
7930
11989
6128
15821
14943
13062
6990
4378
8736
6328
6214
9108
8655
6813
9806
9996
13428
12369
4344
6528
13778
11145
8504
14837
5203
512
94
109
2408
3290
15395
14690
3632
5523
2864
2575
6938
14206
11305
15674
4535
1520
13134
13190
8333
11292
11538
5761
7661
4234
641
9792
15380
9145
8629
8935
14009
13075
13397
417
366
12792
3460
3998
6667
6324
6573
13605
8882
6231
13280
13417
7751
14766
14960
84
10059
14850
10197
6072
3085
15190
4216
6817
8335
12846
15752
6344
14273
1501
11114
14639
14293
2926
2637
4961
13602
13563
2566
6484
3794
4198
8254
15897
7317
7214
4333
1376
6064
14530
11800
13501
2072
17
4318
10407
1215
4071
5103
15488
9924
4569
2480
8218
7495
9469
1531
5097
7032
8449
11582
15178
12648
3836
15075
8317
15402
3408
14045
9818
6290
9845
7320
8362
14214
11638
7121
15429
4061
12225
3270
2338
794
5750
10556
8290
15219
439
1739
10604
8888
13321
14134
9888
5509
1562
2205
9263
4970
250
7434
15613
14448
14754
12327
12662
14744
3449
444
7158
4026
3714
9496
9172
13816
8404
5814
1387
8843
7554
11991
6083
9227
14478
4324
14737
40
6529
12352
9362
11132
3786
8975
9580
6892
9655
10594
9989
1456
11038
5499
5482
3104
3347
14654
5272
103
4469
6660
13298
12023
7003
3381
9602
5481
7705
8339
9873
2587
9044
3236
13719
12830
563
11651
8075
10218
6245
6416
11674
5636
11915
5508
13092
3614
8515
2365
3717
12984
13377
1015
13359
4380
4396
6961
14214
454
3653
8087
3041
12697
15675
5112
13879
239
763
10306
14809
11360
722
14836
996
989
4344
2441
4603
12859
4806
8320
14195
2183
9335
15906
10915
2084
6868
9129
6890
14873
5569
9931
15922
5244
3395
2153
5483
8510
12460
8645
3870
1534
7481
9219
2524
177
11660
7127
1389
4818
15448
15584
11353
13135
15491
6268
3571
10711
3750
10461
13936
9319
4392
2210
14563
12139
4363
8399
4649
5175
1044
8520
6710
12877
6091
13586
13054
6103
9065
14443
10921
12865
2380
6274
10001
6223
894
13572
5286
4644
8034
7574
2315
778
9784
879
1270
14147
13630
5919
3323
3026
2791
14385
15903
8882
323
1309
3337
9388
4105
14258
6254
6485
8884
4607
1060
9779
2179
10698
2775
14565
2272
5091
3696
12056
10322
4966
10203
7952
15237
1878
10978
2029
4615
15233
15263
4938
542
2601
2679
4647
5211
8933
15484
14096
13540
4896
12227
4071
15594
15002
6989
1866
8445
15037
13922
2767
4003
12478
15071
7592
2708
14401
9621
11676
13634
13237
614
2529
4190
7645
7176
9401
4930
11013
11849
2470
15909
8076
10894
3856
11431
6235
5722
8228
5272
7997
15348
13627
8827
14419
5219
11535
1173
14841
7211
14807
430
12178
1336
4620
3823
12865
2373
8754
12230
14223
15576
12139
10651
14822
15995
10434
5057
10070
2663
14681
6419
6363
12308
15246
4782
1528
10781
5955
4721
6345
9115
9503
2523
14803
14123
10698
20
496
7804
12250
3071
11733
12742
2075
10555
1089
12509
3965
15511
3524
2646
5930
9887
3307
5176
3022
9187
15958
13329
2260
10655
6444
11763
13178
9600
14238
12228
13972
14734
4033
14575
6158
15766
11317
8233
14673
758
4742
2638
270
12619
9637
6200
6506
12944
11377
9528
6131
15687
6858
8391
14694
1654
8506
11872
15606
6744
12452
13579
9830
4837
506
15988
4603
11823
12573
3277
933
5668
10267
1203
2287
8256
11756
13145
5200
11485
6674
15683
15524
1884
12426
14218
7890
4932
10090
7497
11676
10894
9428
9859
15732
9934
9847
8687
10109
6421
316
11042
12089
10584
598
2728
2840
12354
15873
12393
12191
6547
428
11715
12783
12855
9933
9026
6139
8375
4875
6168
3269
14303
27
3001
12589
9874
11689
11050
4647
12005
10444
5088
10941
11042
7816
2134
11748
7690
14527
7939
2589
14955
8006
3725
162
1939
12751
6302
10314
1626
12470
13584
4281
849
4937
870
10723
4978
272
3723
5336
10716
8811
4629
10111
4980
6763
5859
12670
9642
2151
3611
8598
14509
7336
8760
449
4087
3414
15115
5713
4236
1051
14346
5085
5989
15216
4161
15319
15488
7884
9007
14557
5047
13637
8668
10027
4400
2879
11049
14043
9382
14661
10993
7892
5997
8105
8341
14437
11520
7456
8502
4108
8508
6849
9194
2849
10417
13355
6520
9906
9591
15528
12815
14638
13165
5483
13018
5917
8362
8067
8312
1745
6728
3305
9637
1078
15763
6330
15515
15635
2138
12369
3743
14998
3218
1289
6199
13636
2996
12720
11894
12587
12248
8709
15578
13765
14192
12596
8034
10906
4663
347
1003
15744
8004
14992
822
7767
5322
4689
7402
11813
1058
15498
15163
4277
787
5363
6265
3784
2083
6511
4723
2683
15220
4301
4800
1764
5249
12834
1022
14265
13181
2026
2361
9538
1018
3183
1305
10693
12224
13060
6506
13282
12558
5669
5911
1697
15384
528
5481
1467
7039
10205
8502
10611
2858
13302
727
12460
10137
1750
10725
11670
8128
13086
9560
9146
4621
15218
3839
845
630
14697
2479
13188
8719
12743
3237
8103
13271
8719
13923
4311
7276
6425
3274
14486
3728
4002
15298
2217
10104
10023
2239
2232
11461
152
11378
4434
15370
3570
9631
0
2267
463
1540
15338
13206
4777
7442
10477
1848
5365
3140
13476
11790
6415
315
3870
14769
15613
10439
13225
13989
1031
15457
9450
1183
15187
2237
4905
7109
220
4905
13729
683
6445
13067
13889
15574
4509
8367
5775
9874
11507
3251
10017
6274
3566
2239
5043
3180
12679
2268
1169
2062
6077
14971
3245
9617
5560
8150
726
5781
1407
14455
10816
12204
11523
8706
11778
4384
1073
5905
2611
932
9157
12628
11559
1075
14867
4954
8607
15898
11575
14128
1960
1652
1452
9557
15621
7012
6059
348
1145
7466
3155
11962
3670
3030
9020
3801
7415
14445
14058
10026
15377
7215
11006
15288
12643
14225
4243
9602
14124
15818
7731
4436
5822
9183
13994
5444
4547
8405
10144
10045
15872
13299
6007
7894
4682
3379
47
12097
1824
14106
10475
5553
9673
5481
4842
10668
3706
9085
4271
6182
13255
12002
10619
3077
9537
12965
12873
14084
5370
7017
8129
9594
8669
2488
5841
1703
5867
5888
13800
12043
8346
12627
1597
2020
6460
6439
1040
14518
15524
5311
4701
12779
1313
3672
4208
10850
4989
5434
13287
14711
12451
9768
12658
9472
609
2499
11175
10828
12739
13327
6872
5086
9954
8469
11458
4766
14908
12498
3285
2784
1810
12338
3915
7475
4362
12475
6678
13703
1909
3965
12414
2713
2085
9072
12185
2694
15923
11713
1875
12663
9040
8747
6101
7347
5568
1559
465
8828
2409
3750
11612
8571
4440
3879
4399
8802
354
11077
6505
6616
3394
7272
9329
5479
344
5514
12526
268
5579
2753
1283
2972
15852
7384
10319
5420
13295
10784
14248
4056
2887
14212
12628
7327
6443
1027
4482
11149
456
10987
1765
3850
2259
11094
13681
6956
4961
14559
11576
14892
1312
1211
1864
1164
8595
535
6584
10242
15672
9184
14298
2559
11748
15278
14238
6543
305
2720
1693
5113
2060
7810
8963
8671
2905
6645
15627
12218
5204
15555
11110
10869
766
12975
12033
13713
13510
6970
7955
13182
4506
10606
4093
4607
9884
2332
11150
14542
9404
12843
3655
15816
4654
12619
8488
11911
7616
12467
12481
1172
12023
7591
12041
1141
8918
12427
14855
10781
3397
11162
12315
12255
5768
4761
862
15653
11445
12013
14195
4849
13208
6202
4666
6214
7173
1506
6477
14789
13973
2958
4314
14348
14902
4707
15490
12172
5486
2697
11305
8883
13859
7621
9491
3628
12382
10353
7633
12179
10718
10180
1028
7927
382
10046
14141
7556
11552
8971
6345
13878
11929
15011
12226
15183
8071
68
11356
13557
2765
6661
10793
4977
2634
4284
8605
3368
14637
4590
15547
9356
14770
4928
5635
15152
14974
8128
6708
14879
1099
1406
12757
13029
4769
13335
12212
12840
13404
11920
10398
169
6934
5191
5146
9568
9475
2103
12937
12464
6693
12484
5820
9815
1412
11455
8968
4739
3584
4028
7970
9035
5434
4727
6064
14556
6414
6629
11396
3818
6901
5794
3988
13835
15337
13486
7404
8812
3942
8693
9629
14987
9529
3801
8803
10942
3609
6123
4033
11545
10151
12003
4580
3938
5082
14997
2494
11496
9978
2242
15315
879
12389
7655
14715
11726
9493
10471
8891
13435
3164
2520
12423
12693
6321
9578
11987
9930
15701
4372
5475
9852
4727
14408
2142
9809
13405
8988
9658
7383
11231
13325
8262
7620
9332
11329
7698
2825
10152
589
261
1668
7461
1036
2714
13783
10614
3053
12065
10315
7426
5893
8519
12153
4301
15014
10315
1706
8002
8325
9089
7585
5650
5703
3557
3334
5385
11256
6159
15537
11845
10772
1206
3307
11808
8272
5442
10774
11325
5859
5089
7103
11752
1961
7609
53
975
1924
6111
13329
14601
3552
9267
8603
9256
12824
11937
14641
8080
2096
2530
8278
1221
8088
15937
1381
360
5379
12156
11686
11238
5597
7141
11343
7558
14750
11396
12885
5026
5860
14567
3627
9412
7834
12230
2668
9010
12519
5661
5443
2968
8192
13721
4189
4632
13658
5570
4993
7389
1726
5031
2627
11676
12172
2322
7586
10923
2071
8824
4301
7931
7391
7929
1343
3577
8511
8364
12587
5031
2377
6382
7999
14921
4103
12188
3554
1761
6110
12899
13502
12189
1930
4482
7865
2454
6804
15451
1729
8875
8275
6031
806
4018
2312
6502
11947
10823
14866
12887
15854
1243
3269
7853
4517
7373
8393
8071
13486
14504
4970
10989
10693
11252
15471
6910
13706
6275
6361
3788
3503
2989
14171
4309
7007
483
10811
2955
11306
14029
15842
11161
3625
3111
7366
8142
14836
15760
213
12323
2616
9535
11664
13309
4787
15487
8571
6845
10114
14932
14985
13617
6273
13156
6279
1633
13639
1090
8940
8946
3472
13134
8459
11449
4597
4177
3591
3434
3937
8156
4109
6553
6043
15773
8214
10830
15260
785
6027
13726
4070
5013
11344
10343
6521
1623
328
4161
7065
9268
1459
10537
6402
14270
5986
15352
2447
13929
2786
10737
10437
11247
1290
480
15372
13857
15662
2984
14642
5690
710
7064
15055
12054
5760
9928
13677
6088
2441
9095
3709
3900
7984
14463
6522
2323
13815
13322
252
4953
8059
15042
200
13701
15522
3924
11558
15185
6908
14553
9227
7619
9969
12634
8025
15729
6562
10055
10170
9004
3150
13879
1256
11134
12342
12131
13457
14510
9453
2062
3463
1512
1104
8016
3565
626
11940
15124
4163
7201
2029
1742
3172
11998
14376
11197
80
9291
9604
10250
6647
12754
8129
12255
12241
8823
8386
14050
7333
6191
112
15149
7703
5568
11517
11269
10547
11809
14745
14710
3010
5126
4805
6182
1124
3181
5732
5556
824
15336
15806
11823
443
12287
8079
1036
9463
4817
15086
5148
11009
15199
4297
2712
9119
4166
2333
3666
15976
5430
2377
2986
10556
7182
13521
33
14715
7605
5589
3892
11293
5396
15715
88
6035
7794
1124
15498
12612
211
4647
7621
3762
13296
14685
12881
1463
5371
548
1439
15153
7277
8777
9710
2811
10650
14095
5878
6607
8036
9770
1901
13432
13838
6341
7820
9984
7466
7318
10948
7677
317
6921
15791
13614
5607
1024
15077
15330
1572
4868
2835
13201
13645
897
4364
12648
14992
10243
3255
7029
8365
9508
8813
6203
15850
633
4540
7316
12304
15488
3345
12621
6410
7488
14587
369
8512
2016
15699
14437
6884
6886
15990
8882
7784
4355
5530
6776
2950
13137
2157
11315
6646
10971
5871
10848
15956
10411
6516
612
9899
14213
1586
309
5701
173
678
2565
2190
4729
1002
9074
11616
993
6308
3400
9700
190
14528
12650
13328
686
7965
8326
9
2188
7526
4317
12599
14042
4930
10851
607
6516
15512
10660
6689
4543
13225
13231
9272
2580
10658
9240
7925
966
992
1625
1157
3873
14275
2837
8911
10592
15515
8920
12781
7041
13237
13732
9435
6519
8583
10042
13035
8096
4702
8077
991
1927
5308
10263
4507
15966
7856
12432
5285
13200
2409
6442
1073
684
13631
9984
11277
13146
7256
12410
4187
4494
10142
13622
15365
7078
7664
753
3526
718
8830
4517
2645
2490
3132
11505
6809
10988
12289
12094
12541
14699
6888
13614
3735
4519
11951
3364
1665
3207
15774
5852
12053
14269
7826
11419
5347
3842
12172
13225
4560
9354
1742
11557
11844
4874
11414
2653
4215
12056
3099
5108
10755
9987
2722
2842
14506
14673
6207
4523
6233
10333
14727
2286
8602
6553
13705
2301
10395
9877
3878
3307
3231
5620
14865
3428
14847
14631
10433
7414
10687
13533
12522
9794
7520
3596
12637
10379
6622
7196
14902
12855
5881
13630
15141
14484
8535
1199
5137
7283
11076
9016
10590
2660
2988
13807
10440
6187
12439
4873
13601
7126
2406
14475
921
9927
2072
13558
8658
13046
9106
7560
9901
14987
9542
13394
1823
2078
14593
11313
9361
14022
4329
3951
5034
11669
6111
15474
1857
2550
4347
3810
9676
6754
2286
10597
5033
8710
12507
13691
5756
5613
9603
4009
8953
3146
1403
10776
9576
15997
6089
2937
14019
14770
11240
3053
10440
1351
2527
12297
3901
11226
107
13578
6332
6745
12527
11365
15455
13387
13408
9563
7352
11364
13572
305
2862
14976
11082
12438
3325
5523
15375
1344
4294
10615
8749
14734
11967
15628
15383
4220
10854
3842
6150
1187
10588
2678
904
14395
4417
2665
7959
11769
14029
9883
12075
891
13211
11509
1681
536
1032
1056
6232
5326
23
3333
8412
342
2961
7795
4563
2168
11638
10713
7707
10578
1743
12963
8973
6160
15628
5284
6282
2009
3520
2357
7252
731
13866
8933
5620
14898
9989
11852
8577
14365
15186
989
14707
6499
8785
7622
13019
8775
6688
4726
7705
8431
1690
5030
2944
5670
10315
9226
7680
13835
15935
14932
2918
2153
7866
8538
1051
6207
8743
13980
4572
7929
14970
3280
2780
12107
10902
15800
4882
1590
8878
939
14374
14920
5969
5670
4591
284
3248
12271
2471
7535
15555
9742
9688
7421
2280
15091
13629
11023
13072
2201
7304
12042
9833
10085
12501
9088
14237
1383
10678
11467
2322
13404
10388
12643
7426
3331
12928
10674
3954
3751
6561
3509
13493
249
10931
4126
15341
12912
15149
765
3465
6454
12807
13299
4891
13660
6387
7480
15043
5417
7299
5717
7174
6039
2360
14600
9370
3640
13627
13324
11744
4188
5186
13589
8790
4469
1715
8131
1381
865
13248
4846
11671
14407
6497
562
12067
12884
12394
15462
6654
3693
5179
13828
9733
11891
12428
7455
3884
14407
9132
3980
2596
14318
1569
15738
2787
3285
12221
4168
4150
9469
13366
15821
7876
3864
4735
3943
5100
5481
3405
11754
13526
12936
9582
11611
13179
10363
3067
5415
8770
12199
9395
15718
14869
10965
15456
1656
14250
11677
10176
6752
5146
7542
10925
1374
15758
4012
5317
4859
9493
13074
613
7019
14362
14548
6983
11542
8911
10050
957
1681
10601
14705
5752
9470
9670
5208
15478
12272
5238
9654
3024
14736
5548
13949
111
9659
1961
9780
14518
15806
11207
3483
11177
9569
2031
2160
5111
10942
562
10421
976
15515
13478
6728
8985
7148
288
12815
3420
9878
10821
10796
12967
4722
13097
13078
14381
15058
11210
12899
3216
6417
382
14393
4339
6766
4906
13802
1708
5468
12575
7036
9336
10053
13764
6673
1201
2405
3489
8973
635
14310
3769
13602
3032
866
15032
5765
4276
10243
2664
11844
5012
7399
14590
9351
14165
3496
11506
4225
13316
8081
11262
6652
2135
9026
13326
3336
15783
5167
662
419
7829
8783
14021
15214
14002
13054
4979
6630
11649
11996
2475
5013
3395
1065
2717
1560
8913
14223
10137
10581
6304
5399
5586
8439
2778
7264
128
2561
12431
5142
7332
4260
13925
9706
7826
11927
11112
12806
2558
6761
8802
9385
126
549
10450
2843
6461
7715
1066
598
2296
11723
5998
7882
8514
8776
15146
12994
15689
11577
2136
7022
4190
4414
728
368
4693
11840
1526
11603
6953
10328
4988
7079
10877
3790
9923
5690
11505
15341
6289
13802
15416
12287
10036
12283
5063
9183
9277
4752
9112
15766
126
1654
8532
854
2023
13225
1046
3549
13181
7999
2230
2169
15079
1459
10312
13354
7150
10169
1047
13439
12323
4816
14078
6360
1099
7493
3895
14728
597
13007
14494
724
3014
7026
5930
9389
8604
6977
1290
5785
14976
7872
12306
2407
9332
10970
4113
4834
5140
9513
6625
1463
14329
4703
7823
3780
548
11718
2508
1145
13078
5355
1869
92
733
7800
13833
13689
14777
15123
7826
2105
6996
4133
8865
4680
15103
12978
9514
8595
6491
139
10059
9172
9194
6234
1304
9742
1953
8165
15239
3383
13520
1109
7827
2605
13261
5660
295
390
9135
8121
2495
131
606
15712
9163
4062
12691
2677
12657
7534
7168
6716
5059
4714
12951
6363
2808
3256
14528
2048
6639
400
7509
14466
7358
4770
8478
7653
9512
1613
4126
359
6097
4733
72
15260
8795
12763
6290
5452
8649
1810
521
2060
6525
13472
12776
13685
728
11304
15733
11719
57
7242
14537
7415
364
7015
3420
9876
12980
7546
10236
7429
631
14660
6690
9426
15775
1332
3231
8424
3142
3752
14837
14019
5576
11613
11705
10656
11269
15790
6375
11326
7033
9264
7093
11749
4631
10513
9978
1611
6412
8566
9041
7043
7226
4083
4822
7001
9767
8053
3777
12909
11805
2614
10929
1381
14227
10986
12037
9497
10776
6764
9175
6161
28
269
1911
9011
15134
241
10622
9898
8807
8015
942
33
450
5764
11386
10217
2169
3515
11479
13974
6130
10760
3707
8709
5746
4096
2206
522
15212
11382
6684
3592
3
12947
12603
3489
13188
11577
13388
10347
3593
2682
14732
8395
12798
10118
6965
14967
1985
2444
1293
8115
13204
9352
825
2950
1800
7383
7824
1012
7117
2860
4604
7120
15807
1207
14962
1347
1136
12350
11694
9081
3384
10426
1477
182
8896
8442
15149
10882
15238
4794
7349
794
14146
12526
3744
15946
3910
15920
5310
11027
2781
9914
6500
2588
15473
5462
8288
609
6164
3982
9691
9548
2761
15520
9730
9
12314
13231
15243
11552
2025
10945
698
4523
7471
4442
4469
11381
4362
9779
10761
11495
8045
1261
14084
11870
11075
6372
831
1239
14706
10522
15139
5819
14394
13221
5829
10708
14804
9424
10612
829
4369
11310
9704
11841
4104
2525
11574
12819
656
6335
8314
8701
7596
10750
8923
7023
5474
9754
8262
4181
8629
11753
10000
7023
8974
4181
6084
7778
1958
5048
12959
6327
4711
11015
2168
8815
13540
13743
9986
14196
8430
6653
11249
4379
1403
8524
11402
11230
2279
8017
15411
10908
3770
13763
6283
1097
6297
12367
13227
8255
1416
10187
2934
6127
9554
9455
3294
7095
11550
1633
9643
3980
8286
9245
8359
14041
1769
3762
9271
8400
11779
13034
7660
3901
15150
13944
4998
5447
14663
2226
2054
4431
765
4988
14910
10319
14443
2205
5766
14345
8190
3762
2326
476
13007
10685
14517
3128
2799
12141
15881
2930
9175
7541
6832
8325
5485
182
2124
4149
2408
4178
8580
7525
13519
7491
6197
314
14048
315
14660
10590
4077
5338
11066
5436
4375
13935
12917
7175
10076
12798
14457
7604
4339
5289
4281
9825
5472
6406
2326
12232
14936
15258
8110
807
11101
2659
1122
13501
2974
4134
8091
7052
13824
3157
12488
2199
5445
9405
13726
3873
6203
12184
11477
14895
5825
4111
8720
15649
10517
15398
11882
13805
14656
8344
14613
9758
11003
4087
11611
13977
12573
3703
9381
10397
11212
10222
12596
657
7979
14675
8883
2535
10859
8712
1430
684
12823
14502
334
7340
13900
568
5146
12556
13264
3759
10666
8267
12198
6278
10596
8771
14333
3978
3168
9545
14200
4116
14555
6179
2791
7438
13066
13650
150
14496
2687
12974
12998
7373
4314
10898
12293
13812
11807
9557
5923
10825
1824
2121
1103
772
15244
3788
4750
2412
13334
7302
6529
11889
1834
13672
3327
14900
11323
3477
1749
2362
4803
14747
9735
13470
13998
6028
11282
9805
15585
5558
4630
5761
12031
10086
6533
11276
13874
15636
2040
15560
11290
8569
11449
13124
6242
3128
377
5917
10958
2126
8279
15761
873
6366
13231
3223
12394
12866
13028
331
2424
6011
10444
2807
4449
977
14083
6675
4965
124
6236
256
13045
6037
1732
7639
9166
2109
1908
4124
4235
14539
3885
9461
4905
5469
12684
5651
2335
14065
10334
9111
4076
4778
11918
12877
10108
14354
3552
3425
2830
9788
3681
4227
15826
5414
11867
13344
11875
2127
1468
111
667
9705
13924
9924
15174
14960
15576
1509
13025
14262
10620
5453
3041
10891
2330
1501
9245
5883
4926
427
4023
8608
4654
8201
2374
4873
5545
14249
7001
7013
2712
12020
719
636
5944
4245
3949
9872
5755
974
8135
4727
6428
15528
15618
13110
1029
13215
7345
5955
13642
11369
2915
6649
7922
5289
11522
13468
7891
6875
8833
10603
2895
13904
15592
13192
2150
3541
11416
12257
8867
3551
984
3647
7431
4955
758
8460
2170
12455
2768
4165
7824
5683
10814
4099
15325
10688
5919
7216
1564
3104
6171
8811
1009
5763
10355
7511
13656
5772
3768
6524
13675
9104
10171
5107
14059
15281
1919
4582
11737
9039
8747
7913
14723
7913
12012
2400
2601
6283
9616
8517
9388
4139
1329
10397
9903
36
6260
7559
5808
14380
2435
7836
7484
959
12943
9896
240
3214
14478
11977
12254
11577
8243
15329
3490
8607
1729
6091
14891
15697
14609
8279
3836
4290
7028
13739
4326
13288
9651
14487
11668
438
6323
7504
1397
7618
5752
5990
10832
4230
6319
7086
4159
14562
10767
7649
7170
12496
2093
6061
12193
5054
2692
4382
13696
9720
2121
2022
7008
124
4861
7028
4915
11184
2884
10664
2802
8637
654
13635
1219
6974
9073
5379
9888
3841
1380
1058
4689
7825
11471
5235
12879
14163
9617
10575
7883
90
950
3243
4567
5811
14623
9482
5348
1508
4146
8150
14497
4801
10137
15716
127
7563
9447
10015
15756
15180
15426
4445
7005
10897
9680
8237
13413
3297
7164
9648
7740
8114
12892
12307
2278
11515
5789
11978
1375
14287
4128
15872
7440
2618
3941
7567
10181
1740
1583
14289
920
1009
2734
12278
258
767
4515
13671
8416
11679
11672
156
8146
8564
12463
10424
8431
6604
6402
14159
4892
14882
2383
12332
5852
10676
3900
33
12417
9835
14322
1689
15196
5409
13967
15454
10528
6834
1478
2944
2514
1502
7453
10660
10066
3916
9436
6849
14873
4190
9360
3765
3072
11744
4449
13277
6420
12701
13310
7189
6536
15985
13231
5732
9746
11198
9539
4274
2033
15369
7218
8899
871
3023
3559
15289
6940
1347
10490
10165
5537
3851
13930
12961
3947
2379
10238
10367
15081
11901
5909
9969
238
3140
4054
9984
2690
1945
14258
9075
5666
9828
1974
10889
12852
9885
10178
8144
11232
9020
2309
769
12871
4591
2083
5170
6970
12321
15538
10403
12574
9799
8725
12812
12939
12779
6796
15629
14724
9406
13057
8742
3235
15031
3631
4439
8917
2161
935
8501
11181
3244
13623
12405
7835
15706
1575
3157
379
5465
1913
12954
15264
10638
14118
555
11769
4915
4537
14845
2673
1594
7587
10260
4977
11218
14699
2246
13379
15634
10748
12912
7230
8371
13669
3417
12429
15245
6575
1160
9062
12840
2466
12679
11830
585
13234
7599
9852
6123
6444
12525
7717
14031
6786
1047
13601
9837
3293
15332
13824
2393
12244
5054
15116
14266
12824
11545
1863
3399
12706
10925
4591
3524
7604
421
4109
9191
8020
13961
15314
2816
14839
11384
5199
5625
12431
2800
3814
4076
2132
1638
6470
2728
11045
5586
994
7869
1132
2857
15620
2190
2135
4211
5714
14091
8984
14176
11634
1004
489
10949
8172
15328
10685
13371
4953
11468
171
13120
15544
6655
14758
6014
9383
14155
11601
14730
6024
1085
5939
9996
7627
8074
14207
1693
10518
7191
15869
6152
12547
359
5453
4719
4039
4490
2090
8993
15958
6613
10465
15503
13268
13575
9869
11004
11731
9822
14086
6107
15259
4025
104
6886
452
14311
12932
15322
9855
1153
5474
10754
5864
10928
3826
9904
15418
10268
7249
3729
882
1714
7584
2502
15289
1453
13506
15372
15628
11592
5480
14887
3970
5584
10126
8774
8247
7058
8096
6454
12563
13570
1209
2428
12850
5035
12332
621
15303
7933
4350
4537
9647
286
7040
13288
1739
4546
12661
1367
4491
2141
255
12813
12077
14733
5587
4324
5791
13683
10779
2354
15605
11988
9134
12456
5375
9818
1429
9030
1751
10131
13568
15750
10417
4608
1391
508
13506
14052
6228
1997
4545
10835
3162
622
9568
8749
9298
15359
10784
4077
6065
10390
4417
15200
11198
14144
9018
12627
7175
10770
11110
4743
14872
9879
9351
263
10387
11209
2667
615
1559
7212
11450
4721
12186
5018
1823
5485
8729
12607
13914
3147
6997
2332
2347
6547
476
15717
3174
12003
14839
2636
746
13712
12515
14449
13975
11255
9659
4995
222
15570
12207
25
4291
8394
5043
6114
2231
2125
7074
145
5272
14071
2477
11971
4619
7306
11688
12145
3309
10528
3134
8408
12592
4001
11209
14919
15256
9220
3914
15479
8790
4474
3856
1434
1220
13251
7548
3451
15376
14622
3596
9000
1046
10426
4971
10017
6084
5012
10514
13745
3892
13648
10505
484
1650
5715
3755
5258
14935
12022
9089
7726
496
12945
9160
1716
10197
5060
9519
13925
8035
1467
6926
13433
245
11897
7450
6329
5261
6316
8427
9153
3965
2932
13989
9967
8647
1745
3577
11935
13767
12667
3661
2615
13964
1173
4331
8161
10585
2202
6087
6972
3669
1365
4405
3915
13262
207
14596
2524
6524
7023
29
14841
9956
14019
13160
6955
15764
737
2890
1883
13404
10903
4498
11369
428
13181
7882
15366
15383
2321
6338
3052
3686
15096
6967
5301
3655
9916
12177
10179
939
12206
13372
15247
10225
10532
6203
14341
11270
13445
224
8674
8349
9074
8395
13129
6255
278
12495
5638
2599
2834
13043
6286
6282
8362
15939
9937
2278
12116
8469
3218
8322
5841
2465
2548
374
13020
5241
15996
10466
9818
13022
7167
2892
5418
4296
9148
10048
5144
3138
999
12330
4533
11637
2612
12896
11576
12549
15174
7692
5018
6744
4367
15212
13562
6915
3938
14934
508
3934
13752
10326
956
4919
13219
10726
13568
10719
4774
2712
2209
10126
15042
6743
5763
6006
3639
5692
2555
7165
13384
11926
13910
6103
11138
15824
1370
3428
14758
1879
7362
12511
12205
12670
1430
13776
7397
3350
8495
523
10414
10705
10649
13808
5800
4765
3814
9439
10457
10722
4956
12193
6648
2866
2297
6138
2690
3667
9566
5801
9898
5280
2312
6104
1950
8094
3880
9347
15797
728
14223
10211
15785
13224
8020
5585
1989
186
3376
798
10908
8332
1344
5908
11199
7993
398
2241
12
9964
12394
9911
3596
14706
4367
5547
11153
8247
3246
10950
13327
5821
5161
13112
3046
1533
7049
5035
1720
10425
10186
12628
2758
15882
2537
2309
7875
2935
8902
7887
1252
5297
1798
4848
8355
6165
14747
3508
2765
6346
14458
4444
12167
3620
5909
3565
5153
12958
8601
6873
7384
7139
7854
14494
7021
10391
803
14896
1678
14057
11135
7282
3354
1286
12131
11710
11803
15230
15218
2920
9928
2029
7365
10448
5649
13274
14013
15154
10232
10966
10380
5968
2105
2234
4462
13478
977
9617
12374
2655
7675
11862
9938
11029
13148
10421
11091
8951
14003
14662
11872
7932
691
7589
6732
10692
4863
4745
14198
3447
15712
8578
9416
6169
15164
2230
3648
4493
11848
4374
7149
3523
236
5439
2904
1736
4212
2348
10688
2215
1010
10912
14499
6053
6853
5231
5097
11716
14329
3295
3515
14041
226
1283
4210
3742
3514
7858
8236
3714
12233
3737
11589
821
9176
14493
2558
1740
5193
1598
3955
6203
862
6807
608
7715
390
5705
7783
14719
13353
11298
1112
1931
12582
9675
5673
4448
1533
2261
8162
2118
5998
3751
7292
3526
6596
9850
5266
11790
15800
13574
6345
662
8733
11306
12729
13475
5363
4512
12195
2716
15810
1659
8999
744
11334
3025
5192
1220
5286
1706
7690
15637
5457
14982
3163
406
13184
12782
548
1336
10356
11245
1998
7441
6551
3079
4916
11915
7591
5463
2983
11754
7123
11983
12498
6809
15008
6043
8029
8646
7749
4072
8283
1559
3054
15799
1965
4591
12581
6865
5927
11289
2110
12278
2730
8662
15357
7646
8929
11301
1462
11912
7055
8585
12247
7905
3746
11255
2300
11776
3902
10050
15848
537
15961
7254
336
6278
11845
12917
13143
6125
12558
15253
2403
15288
12267
1760
11287
9548
13061
12749
9813
8468
9686
6060
4726
13432
5668
7026
13560
13922
1076
1760
14459
1037
9015
14796
11667
9212
65
8810
15337
12624
12416
1740
264
13035
7853
11551
6584
9266
8300
397
6087
1986
10809
10813
3771
477
1839
1331
14399
7268
3092
12859
12657
459
7
8325
9671
4424
1135
13361
5400
1903
3453
5665
14939
11306
5568
9875
8925
2221
14624
15012
8559
9433
9825
12330
14263
16
13662
12662
7284
754
13873
3942
1213
2232
619
15236
6657
6106
12597
409
8010
51
6074
11301
15709
15995
9528
12986
2216
8152
11998
10775
5937
5823
7106
8552
5840
9120
5215
1476
9874
7440
9770
15439
9673
10389
14675
4682
496
15625
5091
12858
4028
15518
8159
8089
3865
6039
5076
6081
2543
1074
856
12832
11250
12314
5385
5442
5434
14952
11270
3660
6392
5041
3099
4417
3782
6127
9099
4278
10104
2543
5488
14132
6413
1999
10573
10278
8038
15649
359
10581
5076
5567
7414
4678
6234
1151
14472
20
103
9742
3681
10847
14783
11132
15265
2566
5611
12716
11196
15715
3611
5037
2199
10024
7036
12773
8654
3427
774
13365
14008
5850
7285
9774
14880
13519
15277
13352
13539
15380
7095
5572
10228
10230
705
13845
1148
6316
10561
697
10384
2525
5734
12583
12549
12770
13708
5204
197
14483
6921
2558
8685
14206
684
7566
11725
15962
4918
13617
3694
365
3189
13922
10596
8246
119
11744
2915
15033
12441
13299
1558
6527
9882
14107
3298
7591
7663
7847
10426
2937
10405
7463
1143
15442
15029
1221
15404
8300
14838
3098
8665
6379
5373
7613
14626
5492
7710
5893
8877
8503
3192
10435
15031
13074
12895
6681
9017
8910
14528
7795
11847
13286
15259
12991
12728
2640
14212
12132
10940
1402
3582
7958
12133
8955
3923
15111
2800
15985
5004
11677
8489
8196
6113
11872
9623
7360
6905
6992
270
5433
14788
12118
7071
2399
9109
3799
5039
11673
4283
4332
13075
7866
642
9208
5173
8917
8320
12325
8903
13324
8003
5744
9873
2468
5968
3496
9828
12873
10488
10098
2306
13628
6216
13730
27
3677
1529
9419
15350
5813
2103
12425
2031
2745
9986
11556
14
2306
7882
8917
3982
15885
3013
13855
6705
8981
5703
4885
5854
192
14983
12513
13820
9552
10243
2200
1581
124
15971
932
10289
2074
1709
672
9171
11695
12229
9185
2353
4111
6455
10688
8348
13820
8543
15053
6802
14247
3938
1008
2791
7273
1873
4963
5177
468
11515
6759
4945
11486
7691
15234
1912
9400
4259
11083
9448
488
8621
11801
4599
3428
6489
12947
1248
3385
352
12402
5984
8642
1763
8775
4267
7988
2090
9445
8457
13606
4556
1754
9092
12247
988
15357
9999
5247
10440
7799
10087
7413
7953
14686
15193
14442
15985
4794
6179
4689
1196
515
13331
7311
9290
1599
15300
15733
15396
12109
13339
3952
13863
10783
4551
3203
10140
2902
12803
8933
10702
6890
346
2655
9929
3892
5449
14266
8686
15981
2956
14234
496
4639
9898
14139
6238
9198
13872
9986
9659
11211
13938
7522
5994
2489
15077
135
9744
232
13420
4446
7123
2118
7101
5404
6010
902
3670
3048
883
10978
1283
1380
15618
11181
15519
10208
8731
13391
4195
2390
12954
6485
14264
7300
13327
1693
11787
7071
1926
9207
11517
13401
11326
6970
2805
1336
12224
10827
8737
13108
5806
10020
2840
9776
9553
2359
3984
2284
4102
12531
9026
1056
7369
11642
8356
4696
13335
4144
11767
15261
1703
11636
12662
13029
6958
3819
2718
3182
14647
11455
290
8805
9827
3130
6933
3380
9841
15269
10016
2295
11801
7394
7703
3170
3036
4412
12218
371
12908
12337
3985
14611
7973
4999
11641
3283
8819
2711
6465
11818
2518
11108
8975
12345
2590
15908
4077
784
15177
2445
3079
15330
9839
10783
6852
12875
15195
3070
1598
12103
3759
5583
15066
84
14935
15059
3367
12106
1770
14185
12276
4288
9293
5251
4985
235
9511
9062
1019
13040
11507
8451
723
9698
3234
7575
6573
6781
14998
12524
7236
2757
6459
6302
2842
5394
5362
6209
1500
11484
4394
2128
4125
2039
7379
9110
6627
5242
6525
11998
2283
6384
4449
7358
83
12035
14933
11008
2816
13931
7532
14404
5041
2344
9059
7883
7738
2773
2444
13591
14257
11191
15719
2382
1582
11451
15845
8209
5045
6370
4208
11680
1106
8657
3038
1189
4693
1972
550
11861
4255
12434
14618
9296
14778
7677
5531
10869
10450
7976
12812
8707
3167
12531
15442
9101
12334
3639
1311
1380
14361
9871
13060
15467
2528
99
5009
11573
6423
5559
11787
10678
1993
10405
8327
5124
2082
13858
15993
884
5834
12805
9591
13353
13688
13385
6455
10023
1024
12118
15755
3737
5989
12815
3205
8517
1266
8214
8443
7689
2125
4230
6720
8470
2987
15047
13594
9421
12905
13587
10305
7092
14744
8248
4445
12433
9986
15252
10808
11010
11370
10563
14748
1359
11730
6305
14229
1349
14519
6672
13390
4996
15254
4110
13466
6593
3157
11061
14
4415
13000
10319
11507
11745
6919
4304
12530
905
3557
11690
268
3279
10605
3368
4639
10687
9673
2868
12036
12544
13892
9427
1540
1498
1889
15006
8091
5047
14419
12457
13814
11420
6776
13673
11517
2047
6329
12399
2953
14238
8089
3221
1518
2694
6589
6157
13381
262
13377
13770
1158
11269
7197
2698
1119
9086
6056
9210
2485
4476
5667
4651
4248
795
2324
4117
2842
13006
516
10147
11244
8605
13368
12762
15651
8309
7271
1384
12923
4648
15154
14081
4269
6351
5131
5388
3790
11188
2950
10627
4016
12969
15279
8264
2116
5955
733
9311
2961
1249
3458
14206
14206
5179
15320
13857
13488
6592
15241
10412
15592
2748
12845
8214
13451
1977
13602
1241
13165
4905
11869
5533
6226
15500
2149
8343
5455
2882
1654
8417
4131
9464
10975
2337
14643
10295
4546
484
887
8139
15248
4832
10887
12093
13046
8339
14070
15000
13932
15587
3905
9801
5120
14484
13653
7269
6827
3109
10151
12833
15878
2634
10649
10853
4971
13645
9500
9517
14129
10388
6009
1729
3572
896
13822
618
9235
245
15618
7168
4184
7876
5321
9305
6360
2975
4926
1539
10436
3430
14372
10314
6064
9021
9519
15388
6666
3019
8905
9147
1759
3266
10876
5331
4163
13051
5949
1750
1648
9920
13270
5832
1796
2592
3489
12508
9919
8416
14047
4355
11846
12419
3021
6262
9792
892
5650
4811
3911
2908
13958
10023
6174
13187
3706
10337
10238
14008
12088
11886
7928
9358
6070
14076
302
9560
10584
14573
1976
8631
7280
2174
9402
14653
8436
3194
15545
2439
12357
7809
5347
10316
1832
11521
7503
5538
10211
6093
3546
10651
6331
15826
8361
12401
13902
13016
5961
12838
11589
12289
5469
2870
2815
3223
1523
15604
10770
1069
2043
7127
13230
11742
5795
15062
7263
1650
8952
5826
7743
851
477
14074
677
13191
14828
2932
10207
9141
15770
5796
5431
9592
8666
12598
12815
14542
12202
11937
3963
2597
3065
1193
14339
13212
255
9955
14863
13559
15781
6606
14410
4611
9033
15088
1802
12213
6372
12009
5354
6142
1805
15137
15734
14824
11736
902
1718
12290
12839
5681
14888
4256
11226
13227
1469
15833
7182
332
13392
11316
11290
11803
15927
8675
15243
1729
4888
5615
2090
10243
109
8247
9380
15844
11423
5116
5098
13141
1407
6289
7174
4647
14898
2400
1874
367
2233
13409
5051
3978
13077
4693
15781
13004
13369
3376
3085
2257
13343
9527
852
13452
1774
10233
1648
13198
3701
6746
14691
9460
13036
5866
14107
11934
12618
4334
653
3204
6095
10056
7182
3172
14749
11315
4528
12118
3043
7613
2728
386
5492
3580
13838
7266
2165
15487
8816
5867
6233
7508
3679
7621
1726
1787
7907
2696
10473
8560
5900
568
6968
1434
8092
5718
12749
12620
6188
15792
8585
13268
4530
14077
849
2369
9695
7366
6208
2512
13233
12441
14372
5265
8415
98
11404
322
7146
5877
13235
13047
10797
4203
2833
7241
14273
3935
3861
8814
3727
798
6082
12610
3227
11283
14979
12922
2650
5187
3786
4235
5980
2158
9500
2747
6608
4904
7422
13755
15133
4657
15154
9930
13212
1987
1171
15838
5922
9384
8652
14002
14534
14734
10612
1761
10018
13943
3036
1020
3130
11174
5255
13462
13333
3108
210
8293
8012
7632
6048
7146
641
9554
5428
2205
11542
10952
2043
5816
4336
10695
3818
2871
13782
2782
8984
12152
725
372
13172
8207
11547
6779
10022
13232
9887
10232
5525
1900
6216
15926
13398
6857
9480
2826
13414
5022
13778
15458
15191
6467
14505
3009
13690
12287
10144
11026
12791
10869
11399
9963
7429
11298
743
1451
8530
10630
35
2407
882
6251
2333
14280
1460
11814
5459
14874
5188
7589
2684
4379
14056
5542
11741
98
6181
5885
11125
2973
5106
10876
1288
12535
6174
2031
2338
3056
1014
2373
9815
6248
8624
12149
8881
14436
12315
14340
1663
1503
10281
4347
10235
12690
9889
5976
12788
71
213
12265
7396
5319
7141
8684
6207
1667
15068
8545
9075
4434
10919
2891
10682
7895
3392
3563
6332
15707
6255
12347
5562
537
5046
15797
1579
14936
10125
14367
3359
10338
14985
10755
15658
10478
7791
10217
12146
6859
2762
9573
11293
13681
12464
5976
9929
15856
13891
4613
3915
4147
960
9478
9036
6006
13627
14967
9294
7753
1686
1005
6443
671
11760
10453
11150
7904
4670
11648
14763
7433
5221
10057
9466
6038
4385
3395
10246
6628
8008
14162
15127
13320
11992
8163
3327
13971
7130
12621
10076
13169
13627
520
13840
13739
10973
8990
9995
15644
8990
8759
7077
14212
7168
4895
4250
15905
8291
14496
6533
4651
1010
5661
1972
13002
2176
9651
10974
13659
10624
5050
10828
8251
9922
13020
10343
4896
10363
4338
8892
3353
1449
15969
1565
12969
9216
10167
12874
1507
8664
7760
10511
14026
13421
835
11029
3949
10486
10355
5960
5110
3757
788
1714
13680
2161
409
6928
12524
9099
15820
15877
10549
4141
5795
7518
13357
15962
8745
3217
12978
505
13728
11005
2278
14563
6034
10579
13401
4741
540
2511
12850
5680
4225
10530
7841
4634
5810
4365
13734
5630
4243
12635
9771
10038
8505
11481
10000
1250
14698
11331
6107
778
6336
12737
3693
12370
7317
1094
5463
7857
7957
2313
1889
12183
1196
9731
5169
7006
14096
7255
12637
6691
3890
10760
5081
748
6241
3434
1998
9291
14765
12458
14421
5101
9195
2114
5823
512
7560
11286
12721
15518
1951
14611
53
3147
8342
9574
14506
10790
830
15495
5834
9072
14607
10915
9820
9201
14349
171
2492
13114
12629
5266
2215
5824
7380
12390
10689
3293
7676
7410
7163
13980
10373
11568
5479
2715
5142
3985
1858
10324
3480
7692
3397
2088
2607
13217
11289
5309
13388
2133
2423
14369
7399
8991
4194
3132
5381
14883
6425
1410
10645
1940
15390
5019
13508
4869
12086
2650
13207
13944
12975
687
9988
4724
7127
948
6293
6768
6257
3682
8902
8680
6403
301
6023
10597
7785
15757
13832
2562
1167
12830
4502
4909
1849
2010
14130
2287
9013
11337
4584
10340
377
14572
15064
7504
15520
5357
14273
5777
13391
11527
2810
3795
180
13185
2744
7966
12942
4929
10528
14109
6111
3383
7370
12312
9745
5501
14599
2758
838
3183
1450
1215
6108
514
13072
5628
10224
15697
15758
11967
11224
6920
4114
15756
4105
11211
7722
1048
4492
6603
3509
10603
9986
10880
6915
3731
381
9866
10842
5571
13050
12292
11139
3158
1159
8211
13138
15735
7908
12896
11702
7484
8168
15817
7240
12274
15380
3315
1674
3872
14270
5183
14475
8256
4415
9742
339
9148
3608
15533
14720
5010
11826
9859
12520
1337
6422
9659
1072
2682
10907
1126
14518
3076
5295
10110
3702
4675
13425
5376
8547
47
14911
11374
12655
3327
9468
12995
827
13077
880
15547
6439
1058
13758
2960
2395
8532
12619
7819
11214
11878
8946
9732
14954
2593
3843
2656
7269
5620
12384
4168
5668
11296
3895
2323
2975
13363
3670
3802
14792
4551
7702
5232
9961
9812
12544
12357
2345
13515
8528
1911
9393
5826
15996
12700
8420
3839
15356
4041
13811
93
12561
7831
15741
456
14507
2716
2172
2177
10870
5316
11080
6924
14900
5042
5089
11444
5751
7434
8959
14279
13697
2353
8458
13693
15053
878
5884
2761
9271
3696
7206
5832
11527
6947
10641
10034
9663
12813
564
8886
6481
15996
15810
5382
5038
4899
826
15141
685
14138
1773
14383
491
10231
428
3896
11109
6313
11009
4380
10009
2216
14564
9888
9163
9205
8275
7179
6018
8839
65
852
13187
4227
6234
6578
13479
7060
5719
2516
5198
7492
5251
10041
6075
5680
2289
5536
11993
1651
9916
10354
3867
12833
4242
1382
6038
12517
12913
409
9708
1330
1261
11248
9910
7495
1826
7389
2907
7545
9905
12458
3390
15157
10851
9465
4837
13141
3354
5182
14792
1622
15536
7011
14455
3778
12745
4494
4648
9659
4903
2708
10989
10516
13956
4899
2011
15782
640
9270
11680
14898
5728
3422
14055
580
1239
7244
2073
4593
12426
865
6216
314
12228
4671
4092
8973
13517
13092
6984
6772
4153
1974
1288
2109
11225
7651
6244
218
922
1924
15116
6650
9698
1523
11582
10937
13119
13655
3883
13897
2872
10099
14211
15100
3122
6655
12426
640
3748
3410
7412
7901
9736
13053
14362
9314
4704
4606
9532
5626
10882
13000
629
8932
14523
12211
3870
15994
14219
7753
13891
1091
6204
12102
4544
9326
2757
5322
14318
10857
8732
5731
2758
2469
2784
5473
11783
7488
14431
9667
1467
9314
11019
2096
6598
9542
2659
10468
13888
5230
6573
11779
10674
12777
7881
15218
10456
14990
4540
8774
9848
1624
2857
958
4093
5641
10783
4228
1482
9215
2247
7301
6881
13266
13749
13479
11160
408
7948
9048
9991
2873
9179
4665
4003
5412
3883
14459
4403
12775
7233
2603
14399
14443
7913
6845
4084
2697
15425
9918
11912
6025
5571
2793
3291
3320
4624
2804
8081
12572
11852
2072
3798
5032
6737
7801
14796
14972
10612
3199
11747
6197
10154
14498
4640
2068
9695
8725
4765
9121
6995
677
3498
12567
7822
6789
4239
12446
9593
12320
13371
9798
14392
5521
3182
5129
13322
1978
8453
7934
5178
8552
2483
3684
7051
7124
5752
5098
4201
10517
2571
11196
15546
6069
12115
11720
12859
4707
12519
10804
1027
9890
8954
3772
15411
12136
13253
1085
14115
5707
13371
7645
14259
15854
11329
9662
6978
1082
14761
15531
15951
1332
10728
3850
11754
11195
15570
12965
15902
12089
7769
5282
10331
724
9054
9742
1212
6307
15179
15327
12014
902
11324
14626
5109
11006
8288
12087
440
11401
15971
391
1086
10699
4241
12840
10246
8164
9805
14501
4253
5926
3783
14585
11002
1189
12679
12215
7496
211
11542
7863
1113
11219
10841
6222
6225
3129
6662
6665
14531
6633
11408
3969
5684
4002
809
4282
12166
14966
2783
419
4892
10918
3356
15895
12107
36
12110
7956
247
12004
4171
5712
11575
15012
11935
1800
2141
2597
12817
5024
9230
12578
8993
3266
580
14154
7548
1098
13120
10332
1517
2013
9602
9226
6260
10062
9262
2370
2018
13861
2726
6189
3573
14302
9553
15508
4454
46
6457
5624
9423
4039
2202
2416
