16000
16001
16000
15998
15998
15997
15997
15996
15993
15993
15992
15992
15991
15988
15989
15988
15987
15984
15985
15982
15983
15981
15980
15980
15978
15976
15977
15976
15973
15973
15973
15971
15971
15968
15969
15966
15967
15965
15963
15962
15961
15962
15960
15960
15957
15956
15956
15956
15955
15952
15952
15952
15949
15948
15948
15947
15945
15945
15944
15942
15943
15941
15941
15940
15939
15937
15937
15936
15933
15932
15931
15930
15929
15929
15929
15926
15927
15926
15923
15924
15921
15922
15920
15918
15919
15917
15917
15916
15915
15912
15911
15912
15911
15908
15909
15908
15905
15906
15905
15902
15901
15902
15900
15899
15899
15897
15897
15896
15894
15892
15892
15892
15891
15890
15889
15887
15885
15886
15885
15883
15882
15882
15880
15879
15877
15876
15876
15874
15875
15872
15872
15870
15870
15868
15868
15866
15867
15866
15865
15863
15863
15861
15859
15858
15857
15856
15856
15856
15853
15853
15851
15852
15850
15850
15847
15848
15847
15846
15845
15844
15843
15841
15839
15839
15838
15838
15837
15835
15834
15834
15831
15832
15829
15828
15829
15828
15826
15825
15824
15823
15821
15822
15819
15819
15818
15818
15816
15815
15814
15813
15811
15811
15811
15808
15808
15808
15806
15804
15804
15802
15801
15801
15801
15799
15799
15798
15795
15794
15795
15794
15793
15790
15791
15788
15789
15786
15785
15785
15785
15783
15781
15780
15780
15780
15778
15778
15777
15774
15775
15772
15772
15770
15771
15768
15769
15767
15766
15766
15765
15763
15763
15762
15760
15759
15757
15756
15755
15755
15754
15754
15751
15751
15749
15749
15749
15746
15745
15746
15743
15742
15742
15742
15739
15738
15737
15738
15737
15736
15733
15734
15731
15732
15730
15729
15728
15728
15727
15726
15723
15724
15723
15721
15720
15718
15719
15717
15716
15715
15714
15712
15712
15712
15711
15710
15709
15706
15705
15706
15705
15702
15702
15700
15699
15698
15698
15697
15695
15696
15694
15692
15692
15691
15691
15690
15689
15686
15686
15685
15684
15682
15683
15680
15681
15679
15677
15678
15677
15674
15675
15674
15672
15671
15669
15670
15669
15668
15666
15666
15664
15662
15661
15660
15661
15659
15657
15657
15656
15656
15653
15652
15651
15652
15650
15650
15649
15647
15647
15645
15643
15644
15641
15642
15640
15638
15639
15637
15635
15635
15634
15634
15632
15631
15629
15629
15627
15627
15627
15625
15624
15623
15623
15621
15620
15618
15618
15616
15615
15614
15615
15613
15611
15611
15609
15610
15608
15606
15605
15606
15604
15603
15601
15600
15599
15598
15598
15597
15597
15596
15593
15592
15592
15591
15591
15588
15589
15586
15586
15586
15583
15583
15582
15581
15581
15578
15577
15578
15575
15575
15575
15572
15573
15572
15569
15569
15567
15566
15565
15564
15565
15563
15561
15561
15561
15558
15558
15558
15555
15554
15555
15554
15553
15551
15549
15550
15548
15548
15546
15546
15543
15544
15543
15541
15540
15539
15539
15536
15536
15534
15533
15533
15532
15532
15531
15529
15529
15526
15526
15525
15525
15522
15521
15521
15521
15519
15518
15516
15516
15514
15513
15514
15513
15510
15510
15509
15508
15507
15506
15506
15504
15502
15502
15502
15501
15498
15498
15497
15497
15494
15495
15493
15493
15490
15489
15489
15487
15487
15485
15485
15485
15483
15481
15482
15480
15479
15478
15476
15475
15474
15473
15473
15471
15472
15471
15470
15467
15467
15467
15466
15465
15464
15461
15461
15460
15458
15457
15457
15455
15454
15455
15454
15452
15451
15451
15448
15447
15447
15446
15445
15444
15444
15443
15440
15441
15440
15437
15436
15436
15436
15433
15433
15431
15432
15429
15429
15427
15426
15427
15424
15425
15424
15421
15420
15419
15420
15418
15417
15415
15414
15413
15414
15411
15410
15411
15408
15407
15406
15405
15406
15403
15404
15402
15401
15400
15399
15399
15397
15397
15395
15395
15394
15392
15390
15389
15390
15389
15388
15386
15384
15383
15383
15383
15381
15381
15378
15378
15376
15376
15374
15375
15374
15371
15371
15370
15369
15367
15366
15367
15364
15363
15364
15361
15362
15361
15359
15359
15358
15355
15355
15355
15353
15351
15350
15351
15350
15348
15348
15345
15346
15343
15342
15343
15340
15340
15338
15338
15337
15337
15335
15335
15332
15333
15330
15329
15330
15328
15328
15327
15326
15323
15324
15322
15321
15319
15319
15318
15317
15316
15314
15314
15313
15311
15311
15311
15308
15309
15307
15306
15305
15304
15303
15303
15300
15301
15300
15299
15296
15297
15296
15293
15292
15293
15292
15291
15290
15287
15288
15287
15284
15285
15282
15282
15282
15281
15279
15279
15278
15275
15276
15274
15273
15272
15271
15270
15269
15267
15268
15267
15264
15264
15264
15262
15261
15261
15258
15259
15257
15257
15255
15254
15254
15252
15252
15251
15249
15248
15248
15246
15244
15244
15242
15242
15241
15240
15239
15239
15236
15235
15235
15233
15234
15233
15232
15230
15229
15228
15227
15225
15225
15225
15223
15222
15220
15221
15219
15219
15217
15215
15215
15214
15212
15213
15210
15210
15209
15208
15206
15206
15206
15205
15202
15203
15201
15199
15199
15198
15198
15197
15195
15194
15193
15191
15190
15189
15188
15189
15186
15186
15186
15185
15182
15181
15182
15179
15179
15177
15178
15177
15174
15174
15174
15172
15170
15170
15170
15169
15166
15167
15165
15165
15163
15162
15160
15161
15159
15157
15157
15156
15155
15153
15153
15152
15152
15149
15150
15147
15148
15146
15144
15143
15144
15141
15141
15140
15140
15138
15136
15135
15134
15135
15134
15133
15130
15129
15129
15129
15127
15127
15125
15125
15123
15123
15122
15119
15119
15119
15117
15116
15115
15115
15113
15112
15110
15109
15110
15107
15107
15105
15104
15103
15103
15101
15100
15100
15098
15099
15097
15096
15096
15093
15093
15092
15090
15090
15090
15089
15087
15087
15084
15085
15083
15083
15080
15079
15080
15078
15076
15077
15075
15073
15072
15073
15070
15069
15070
15068
15066
15066
15064
15064
15063
15063
15060
15061
15059
15057
15058
15055
15054
15055
15054
15052
15050
15049
15049
15049
15048
15047
15046
15045
15044
15041
15041
15039
15040
15038
15038
15037
15034
15035
15033
15032
15032
15031
15030
15028
15026
15026
15025
15023
15023
15022
15022
15020
15020
15019
15018
15017
15015
15014
15013
15013
15010
15009
15008
15009
15006
15005
15006
15003
15002
15003
15000
15001
14999
14999
14997
14997
14994
14995
14994
14992
14990
14991
14988
14988
14988
14985
14984
14984
14984
14982
14981
14981
14980
14978
14978
14977
14976
14975
14972
14971
14971
14969
14968
14967
14968
14967
14966
14963
14964
14963
14962
14960
14960
14957
14958
14957
14954
14955
14953
14951
14951
14951
14950
14948
14947
14945
14945
14944
14944
14943
14942
14940
14940
14939
14937
14937
14936
14934
14934
14931
14931
14930
14929
14927
14928
14925
14926
14923
14922
14921
14920
14921
14918
14918
14916
14917
14915
14914
14913
14912
14910
14910
14910
14907
14907
14906
14904
14904
14902
14901
14901
14900
14898
14897
14897
14895
14895
14895
14892
14892
14890
14890
14889
14888
14886
14886
14885
14885
14883
14881
14880
14881
14879
14877
14877
14877
14876
14874
14873
14873
14872
14869
14868
14869
14866
14867
14866
14865
14863
14861
14861
14859
14860
14859
14858
14857
14856
14854
14853
14851
14851
14851
14848
14847
14848
14846
14844
14844
14843
14841
14841
14839
14838
14838
14836
14837
14836
14833
14833
14832
14830
14829
14829
14827
14828
14825
14824
14824
14824
14821
14822
14819
14820
14818
14817
14815
14814
14815
14814
14812
14810
14810
14810
14807
14806
14807
14806
14805
14802
14803
14802
14801
14800
14797
14796
14797
14796
14793
14794
14792
14790
14791
14788
14788
14786
14787
14785
14784
14784
14782
14782
14781
14780
14779
14776
14776
14776
14773
14773
14772
14772
14769
14768
14769
14768
14765
14766
14765
14762
14762
14760
14761
14759
14758
14757
14757
14755
14753
14753
14751
14751
14749
14748
14749
14746
14746
14744
14744
14743
14742
14742
14741
14738
14739
14737
14737
14734
14733
14733
14731
14732
14731
14728
14728
14727
14726
14725
14723
14724
14723
14720
14720
14720
14718
14716
14716
14716
14714
14714
14713
14710
14711
14709
14707
14708
14707
14706
14705
14703
14702
14700
14699
14699
14699
14698
14695
14694
14693
14692
14691
14692
14690
14690
14687
14687
14687
14685
14684
14683
14682
14680
14680
14679
14678
14678
14675
14676
14675
14674
14671
14671
14669
14669
14667
14668
14666
14665
14664
14664
14663
14662
14661
14659
14658
14658
14657
14655
14654
14653
14653
14650
14651
14648
14648
14647
14645
14646
14644
14642
14642
14642
14641
14640
14638
14636
14637
14634
14634
14632
14631
14630
14631
14630
14628
14626
14627
14626
14625
14622
14621
14621
14620
14620
14619
14618
14616
14614
14614
14612
14612
14610
14611
14609
14609
14608
14606
14606
14605
14604
14603
14602
14599
14600
14599
14598
14595
14595
14594
14594
14593
14591
14590
14588
14589
14587
14585
14585
14585
14584
14583
14580
14579
14580
14579
14577
14576
14574
14573
14573
14571
14571
14570
14568
14567
14567
14567
14565
14563
14564
14562
14561
14560
14558
14558
14556
14556
14554
14555
14553
14551
14552
14551
14549
14548
14547
14547
14544
14544
14542
14543
14541
14540
14538
14539
14536
14536
14536
14535
14532
14532
14530
14530
14528
14527
14526
14526
14526
14523
14522
14521
14522
14519
14520
14517
14518
14515
14514
14513
14514
14512
14512
14509
14509
14507
14508
14506
14506
14503
14503
14501
14501
14500
14499
14498
14496
14496
14494
14493
14492
14492
14491
14491
14490
14488
14486
14487
14484
14483
14484
14483
14481
14481
14479
14479
14478
14475
14475
14475
14473
14473
14472
14469
14470
14467
14468
14465
14464
14463
14462
14461
14462
14461
14458
14459
14457
14455
14455
14454
14452
14452
14451
14451
14449
14449
14446
14445
14445
14444
14443
14443
14442
14440
14440
14438
14436
14437
14435
14433
14434
14433
14431
14431
14430
14428
14428
14425
14425
14424
14424
14423
14420
14419
14419
14418
14417
14417
14414
14415
14413
14412
14411
14409
14410
14409
14408
14407
14406
14404
14402
14403
14400
14400
14398
14399
14396
14397
14394
14394
14393
14391
14391
14390
14390
14388
14386
14385
14384
14384
14382
14383
14382
14380
14378
14379
14377
14377
14374
14373
14372
14371
14371
14371
14368
14368
14368
14365
14364
14363
14362
14362
14361
14360
14359
14357
14356
14357
14355
14354
14352
14352
14351
14351
14349
14349
14348
14347
14345
14345
14343
14341
14340
14341
14338
14338
14336
14337
14335
14333
14332
14332
14330
14331
14329
14329
14326
14326
14325
14325
14322
14323
14320
14321
14320
14318
14317
14316
14316
14313
14313
14311
14311
14311
14310
14308
14306
14305
14305
14305
14303
14302
14301
14301
14298
14297
14297
14296
14296
14293
14293
14292
14292
14290
14288
14288
14287
14287
14285
14284
14282
14283
14281
14281
14280
14278
14276
14275
14276
14275
14274
14271
14271
14270
14268
14269
14267
14267
14265
14264
14262
14263
14262
14259
14260
14257
14256
14256
14254
14254
14254
14251
14251
14250
14250
14248
14248
14246
14245
14245
14242
14241
14242
14241
14240
14237
14238
14235
14234
14234
14234
14232
14231
14231
14230
14228
14228
14227
14226
14223
14223
14223
14221
14221
14218
14218
14216
14215
14214
14215
14214
14212
14210
14211
14209
14207
14206
14205
14204
14204
14202
14202
14202
14201
14198
14199
14196
14196
14196
14193
14193
14192
14190
14189
14190
14187
14186
14187
14185
14183
14182
14182
14182
14179
14178
14178
14176
14176
14176
14174
14174
14173
14170
14171
14169
14169
14168
14167
14164
14165
14164
14163
14160
14161
14159
14159
14156
14156
14154
14155
14153
14151
14150
14150
14149
14149
14146
14146
14145
14145
14142
14142
14140
14140
14139
14138
14136
14135
14135
14134
14132
14132
14131
14130
14130
14129
14127
14127
14124
14124
14124
14121
14122
14119
14120
14117
14116
14117
14116
14115
14114
14112
14111
14111
14110
14109
14107
14105
14105
14103
14103
14102
14101
14099
14100
14097
14096
14097
14095
14094
14092
14092
14091
14090
14090
14088
14087
14085
14084
14085
14082
14081
14080
14080
14080
14077
14077
14076
14074
14075
14073
14073
14071
14070
14070
14068
14068
14065
14064
14063
14062
14063
14062
14061
14058
14059
14057
14057
14054
14055
14053
14051
14052
14051
14050
14047
14048
14046
14046
14045
14043
14043
14042
14039
14038
14037
14037
14035
14034
14033
14034
14031
14032
14030
14028
14027
14027
14027
14026
14024
14023
14023
14022
14021
14019
14019
14016
14016
14015
14015
14013
14011
14011
14010
14008
14009
14008
14007
14004
14003
14004
14001
14001
14001
13999
13999
13998
13996
13995
13995
13992
13991
13992
13989
13990
13987
13986
13987
13985
13984
13984
13982
13981
13980
13978
13979
13977
13977
13976
13975
13974
13973
13970
13970
13970
13969
13967
13967
13964
13965
13964
13962
13961
13960
13960
13957
13958
13957
13954
13954
13954
13951
13952
13950
13950
13949
13947
13946
13946
13944
13942
13943
13941
13939
13938
13938
13937
13937
13935
13934
13934
13931
13932
13930
13930
13929
13928
13926
13926
13923
13922
13922
13921
13919
13920
13917
13916
13916
13916
13913
13914
13911
13910
13910
13910
13908
13908
13905
13904
13904
13904
13902
13902
13899
13900
13899
13898
13897
13894
13894
13892
13892
13890
13890
13889
13887
13886
13885
13886
13885
13883
13883
13880
13880
13879
13877
13878
13876
13874
13874
13872
13872
13870
13869
13869
13867
13868
13865
13864
13863
13862
13861
13861
13859
13858
13858
13857
13855
13855
13854
13852
13853
13850
13850
13849
13849
13848
13845
13845
13843
13843
13842
13841
13840
13840
13839
13838
13836
13834
13833
13833
13831
13831
13830
13828
13828
13828
13825
13826
13824
13823
13821
13821
13820
13820
13819
13817
13816
13814
13815
13814
13813
13812
13810
13809
13808
13806
13806
13804
13804
13803
13803
13802
13800
13798
13798
13798
13795
13795
13793
13794
13793
13790
13789
13789
13789
13786
13787
13785
13784
13784
13782
13781
13780
13780
13777
13777
13775
13776
13775
13772
13772
13772
13771
13770
13768
13766
13765
13765
13764
13762
13763
13760
13759
13760
13759
13757
13756
13755
13755
13752
13753
13751
13751
13749
13747
13748
13747
13746
13745
13743
13743
13741
13740
13739
13737
13738
13735
13734
13734
13733
13732
13730
13729
13730
13728
13728
13725
13726
13725
13722
13721
13721
13721
13720
13719
13716
13716
13714
13715
13713
13712
13712
13709
13708
13709
13707
13705
13706
13705
13704
13701
13701
13701
13699
13697
13697
13697
13695
13694
13693
13691
13691
13689
13690
13687
13686
13685
13684
13683
13683
13683
13680
13679
13680
13677
13678
13675
13675
13674
13672
13672
13670
13671
13669
13669
13666
13665
13665
13663
13663
13663
13661
13660
13658
13658
13658
13656
13655
13655
13653
13653
13652
13650
13649
13648
13646
13645
13644
13645
13642
13642
13640
13640
13639
13639
13636
13635
13636
13635
13633
13633
13632
13631
13628
13627
13626
13627
13625
13625
13622
13621
13622
13621
13618
13617
13618
13615
13615
13613
13614
13612
13611
13609
13608
13607
13608
13606
13605
13603
13603
13603
13600
13599
13599
13597
13597
13597
13594
13593
13593
13592
13591
13590
13589
13588
13588
13586
13586
13584
13583
13583
13580
13579
13578
13578
13577
13575
13574
13575
13572
13572
13571
13570
13570
13567
13568
13566
13564
13563
13564
13563
13562
13559
13559
13558
13558
13556
13556
13555
13554
13552
13551
13549
13550
13548
13547
13546
13546
13544
13543
13541
13540
13539
13540
13537
13538
13536
13536
13535
13534
13532
13532
13531
13528
13528
13527
13525
13524
13524
13522
13521
13520
13521
13518
13517
13518
13515
13516
13514
13513
13512
13512
13509
13510
13509
13507
13506
13506
13503
13504
13502
13502
13501
13499
13497
13497
13495
13496
13494
13494
13493
13491
13491
13490
13489
13487
13486
13486
13483
13482
13482
13482
13479
13480
13478
13478
13475
13475
13474
13472
13471
13471
13470
13468
13467
13467
13467
13464
13463
13462
13461
13460
13459
13459
13457
13458
13457
13456
13455
13454
13451
13451
13450
13448
13448
13446
13445
13445
13444
13442
13441
13441
13440
13439
13437
13438
13435
13436
13434
13434
13433
13431
13429
13430
13429
13427
13427
13426
13424
13424
13423
13421
13421
13418
13419
13416
13417
13416
13415
13412
13413
13410
13409
13409
13409
13406
13407
13405
13405
13402
13401
13402
13400
13398
13397
13398
13397
13394
13394
13392
13391
13392
13391
13390
13387
13387
13385
13386
13383
13382
13381
13381
13380
13378
13377
13376
13376
13376
13374
13372
13373
13372
13369
13370
13368
13366
13367
13364
13364
13363
13362
13362
13359
13358
13358
13357
13357
13356
13353
13354
13353
13351
13350
13349
13349
13346
13347
13344
13345
13343
13342
13340
13341
13340
13339
13336
13337
13336
13334
13333
13331
13330
13329
13330
13328
13328
13325
13324
13324
13323
13321
13322
13319
13320
13317
13318
13317
13314
13314
13314
13311
13312
13311
13310
13308
13308
13305
13306
13305
13303
13301
13300
13301
13300
13299
13296
13296
13294
13293
13293
13292
13290
13290
13290
13287
13287
13287
13286
13285
13282
13281
13282
13281
13278
13279
13278
13275
13274
13274
13272
13272
13272
13269
13269
13269
13266
13266
13266
13263
13263
13261
13260
13261
13259
13259
13256
13255
13256
13253
13254
13253
13251
13251
13248
13249
13248
13245
13244
13245
13244
13241
13241
13240
13239
13239
13238
13237
13235
13234
13233
13231
13231
13230
13228
13227
13226
13226
13224
13224
13224
13222
13220
13220
13219
13218
13216
13217
13216
13213
13213
13212
13211
13210
13209
13209
13206
13205
13204
13205
13203
13202
13200
13199
13198
13197
13196
13196
13196
13194
13194
13193
13190
13189
13188
13189
13188
13185
13186
13185
13183
13181
13181
13181
13179
13179
13176
13175
13176
13174
13172
13171
13172
13169
13169
13169
13167
13167
13165
13164
13163
13162
13160
13161
13160
13157
13158
13156
13155
13154
13153
13151
13152
13150
13149
13148
13146
13146
13146
13144
13144
13143
13142
13141
13138
13138
13138
13137
13134
13133
13132
13133
13131
13130
13130
13128
13128
13126
13124
13125
13123
13123
13122
13120
13118
13117
13118
13117
13116
13115
13112
13112
13112
13111
13109
13109
13106
13106
13106
13105
13102
13102
13101
13100
13098
13098
13097
13097
13095
13094
13093
13093
13091
13091
13088
13087
13088
13085
13086
13085
13082
13081
13081
13079
13080
13078
13078
13076
13076
13073
13073
13073
13071
13071
13070
13068
13067
13065
13065
13063
13064
13062
13062
13060
13058
13057
13057
13057
13054
13054
13054
13052
13051
13050
13049
13049
13048
13046
13045
13045
13044
13043
13042
13039
13039
13038
13038
13035
13035
13035
13032
13032
13030
13029
13030
13028
13026
13026
13024
13024
13022
13022
13020
13019
13020
13018
13018
13017
13014
13013
13013
13011
13010
13009
13009
13009
13008
13007
13005
13004
13003
13002
13002
13001
12998
12999
12996
12995
12995
12993
12994
12993
12991
12991
12990
12988
12987
12987
12985
12985
12984
12981
12982
12979
12979
12978
12976
12977
12974
12974
12972
12972
12970
12970
12969
12967
12967
12966
12966
12963
12962
12962
12962
12961
12959
12959
12957
12957
12955
12953
12953
12953
12950
12950
12950
12947
12947
12945
12946
12944
12943
12941
12941
12939
12939
12939
12936
12937
12935
12935
12932
12933
12932
12929
12929
12927
12928
12925
12926
12924
12923
12923
12920
12921
12919
12918
12916
12917
12916
12913
12913
12912
12911
12909
12910
12907
12906
12907
12905
12905
12902
12902
12901
12901
12899
12897
12896
12896
12895
12893
12892
12893
12892
12890
12888
12889
12886
12885
12885
12883
12883
12881
12882
12879
12878
12878
12876
12876
12875
12874
12872
12872
12871
12869
12869
12869
12866
12866
12865
12864
12862
12863
12862
12861
12859
12859
12857
12857
12854
12854
12854
12852
12851
12850
12850
12847
12848
12845
12846
12844
12844
12841
12841
12839
12838
12839
12837
12836
12836
12833
12833
12833
12832
12829
12830
12827
12826
12827
12824
12823
12823
12823
12820
12821
12819
12819
12816
12816
12814
12813
12812
12811
12812
12810
12809
12809
12807
12807
12806
12804
12804
12801
12801
12801
12799
12798
12797
12796
12795
12794
12794
12793
12791
12791
12790
12787
12786
12786
12786
12784
12783
12783
12781
12779
12778
12778
12777
12776
12775
12773
12773
12773
12771
12771
12769
12769
12766
12765
12765
12765
12764
12762
12761
12760
12760
12759
12757
12757
12754
12753
12752
12752
12750
12749
12748
12748
12748
12746
12745
12743
12744
12743
12742
12740
12739
12739
12737
12735
12736
12735
12734
12733
12730
12731
12729
12727
12727
12725
12726
12724
12723
12722
12720
12719
12720
12717
12717
12716
12716
12715
12714
12713
12711
12711
12708
12707
12707
12707
12704
12704
12704
12701
12701
12700
12700
12699
12697
12695
12694
12694
12694
12691
12690
12689
12688
12689
12687
12686
12685
12685
12683
12681
12682
12679
12678
12677
12677
12677
12674
12674
12673
12671
12670
12669
12669
12669
12666
12667
12665
12664
12663
12661
12662
12660
12659
12659
12657
12655
12655
12653
12652
12651
12651
12651
12650
12648
12646
12645
12645
12644
12644
12641
12641
12639
12638
12639
12638
12636
12635
12633
12632
12631
12632
12631
12630
12627
12628
12627
12625
12625
12624
12622
12620
12620
12619
12619
12616
12617
12614
12615
12612
12611
12610
12610
12608
12608
12607
12607
12606
12604
12603
12601
12602
12599
12598
12598
12597
12595
12594
12593
12592
12591
12592
12589
12589
12588
12586
12587
12585
12583
12584
12582
12580
12581
12579
12577
12577
12575
12574
12574
12573
12572
12572
12569
12570
12569
12566
12566
12564
12563
12564
12561
12561
12560
12559
12558
12556
12557
12555
12555
12554
12553
12550
12549
12550
12549
12547
12546
12544
12545
12544
12543
12541
12541
12538
12538
12537
12535
12534
12533
12533
12531
12530
12530
12530
12529
12528
12525
12526
12524
12524
12523
12520
12519
12520
12517
12516
12516
12515
12514
12513
12512
12510
12509
12508
12507
12507
12507
12505
12503
12504
12502
12500
12500
12500
12497
12497
12497
12495
12494
12493
12491
12490
12491
12490
12488
12488
12487
12486
12484
12483
12482
12482
12480
12479
12477
12476
12476
12474
12475
12473
12471
12470
12471
12470
12467
12466
12466
12464
12464
12464
12463
12460
12460
12459
12459
12458
12456
12456
12455
12454
12451
12451
12451
12450
12447
12446
12447
12445
12443
12444
12443
12441
12439
12438
12437
12437
12435
12436
12435
12434
12433
12431
12429
12428
12427
12426
12425
12425
12425
12423
12422
12420
12419
12419
12417
12416
12416
12414
12415
12414
12411
12412
12409
12409
12409
12408
12405
12404
12404
12404
12402
12400
12400
12399
12399
12397
12397
12394
12394
12394
12392
12392
12390
12389
12389
12387
12385
12384
12385
12384
12383
12380
12381
12379
12378
12378
12375
12376
12373
12373
12372
12371
12371
12368
12367
12368
12367
12364
12363
12363
12363
12362
12360
12358
12359
12356
12357
12356
12354
12352
12353
12351
12349
12349
12349
12348
12346
12346
12344
12344
12342
12340
12339
12339
12338
12336
12336
12335
12334
12333
12333
12331
12331
12329
12329
12327
12327
12324
12324
12323
12321
12320
12321
12318
12319
12316
12315
12315
12315
12314
12311
12311
12311
12309
12307
12306
12305
12305
12305
12303
12302
12302
12299
12299
12298
12296
12297
12295
12293
12293
12293
12291
12291
12290
12289
12287
12287
12286
12283
12284
12282
12281
12280
12279
12277
12277
12277
12275
12273
12274
12273
12271
12271
12268
12269
12266
12266
12266
12265
12264
12262
12261
12259
12258
12258
12258
12255
12255
12255
12253
12252
12250
12249
12250
12248
12247
12246
12245
12245
12244
12243
12242
12240
12239
12239
12237
12237
12235
12235
12233
12231
12231
12229
12228
12229
12227
12225
12224
12223
12224
12223
12221
12219
12218
12218
12216
12216
12214
12214
12213
12211
12210
12210
12210
12209
12207
12205
12205
12203
12202
12203
12201
12201
12200
12197
12198
12197
12194
12193
12194
12192
12192
12190
12189
12187
12186
12186
12186
12184
12183
12183
12181
12181
12178
12177
12178
12177
12175
12173
12172
12171
12171
12171
12170
12168
12168
12167
12164
12163
12164
12161
12162
12161
12160
12158
12158
12157
12154
12153
12152
12152
12152
12151
12150
12147
12146
12146
12146
12145
12144
12142
12140
12140
12138
12137
12136
12135
12136
12134
12133
12133
12131
12130
12129
12127
12126
12127
12125
12123
12124
12122
12120
12121
12120
12119
12118
12117
12115
12115
12114
12112
12110
12111
12108
12108
12108
12106
12106
12104
12104
12102
12101
12101
12098
12097
12096
12095
12096
12094
12093
12093
12091
12091
12089
12087
12087
12085
12086
12083
12082
12083
12082
12080
12080
12079
12076
12077
12075
12073
12073
12071
12072
12069
12068
12067
12067
12066
12065
12063
12064
12063
12060
12059
12060
12058
12056
12056
12056
12054
12054
12053
12051
12051
12049
12047
12048
12047
12046
12043
12042
12043
12041
12039
12040
12039
12036
12035
12034
12035
12033
12031
12031
12030
12029
12028
12026
12027
12025
12025
12022
12022
12021
12020
12018
12018
12016
12017
12015
12013
12014
12012
12012
12010
12010
12009
12006
12005
12004
12004
12004
12002
12002
12000
11998
11997
11997
11995
11994
11995
11992
11992
11990
11991
11988
11988
11987
11985
11985
11985
11983
11981
11980
11979
11980
11977
11977
11975
11974
11974
11973
11973
11971
11969
11968
11968
11967
11966
11964
11965
11963
11961
11961
11961
11958
11958
11956
11956
11954
11954
11952
11953
11952
11950
11948
11949
11947
11946
11944
11944
11942
11942
11941
11940
11938
11937
11936
11937
11935
11933
11933
11932
11931
11929
11928
11928
11928
11927
11924
11923
11923
11922
11922
11921
11918
11919
11917
11917
11916
11915
11914
11913
11911
11909
11909
11908
11906
11906
11905
11903
11904
11901
11902
11900
11899
11899
11898
11896
11896
11893
11894
11892
11892
11890
11888
11887
11887
11887
11884
11883
11883
11883
11880
11881
11879
11878
11878
11877
11875
11874
11874
11872
11872
11871
11870
11867
11868
11867
11866
11865
11862
11862
11860
11859
11858
11858
11857
11857
11855
11854
11852
11853
11852
11851
11848
11847
11847
11845
11846
11845
11844
11841
11841
11840
11840
11837
11836
11837
11835
11835
11834
11832
11832
11829
11830
11827
11826
11825
11826
11824
11824
11822
11822
11820
11818
11817
11818
11816
11814
11813
11814
11813
11811
11809
11808
11808
11808
11806
11806
11803
11803
11802
11802
11800
11800
11798
11797
11795
11796
11795
11794
11793
11791
11790
11790
11788
11787
11786
11784
11785
11783
11781
11781
11779
11779
11779
11778
11776
11775
11774
11773
11771
11770
11769
11770
11767
11768
11765
11765
11765
11762
11761
11761
11760
11760
11758
11758
11756
11754
11754
11752
11753
11751
11751
11749
11747
11748
11745
11745
11743
11743
11743
11741
11741
11738
11737
11738
11735
11736
11733
11734
11733
11731
11731
11729
11727
11727
11726
11725
11724
11724
11723
11722
11720
11719
11717
11717
11716
11715
11714
11714
11713
11710
11710
11710
11709
11708
11706
11706
11704
11704
11701
11701
11700
11698
11697
11698
11696
11695
11694
11693
11692
11691
11690
11688
11687
11687
11687
11685
11683
11682
11683
11682
11681
11679
11679
11678
11675
11674
11674
11672
11671
11672
11671
11670
11669
11668
11666
11666
11663
11662
11662
11662
11660
11660
11657
11658
11656
11655
11654
11653
11653
11650
11650
11650
11649
11646
11646
11645
11643
11643
11642
11642
11639
11638
11638
11637
11635
11634
11634
11633
11631
11632
11631
11628
11628
11626
11625
11624
11624
11623
11622
11622
11619
11618
11618
11618
11615
11615
11613
11613
11613
11612
11609
11608
11607
11608
11607
11604
11605
11602
11603
11601
11601
11600
11598
11597
11597
11595
11594
11594
11591
11590
11590
11588
11588
11586
11586
11585
11585
11584
11582
11582
11581
11580
11577
11576
11577
11576
11574
11574
11571
11571
11569
11568
11567
11567
11565
11564
11563
11564
11563
11561
11560
11559
11559
11558
11557
11555
11554
11554
11552
11550
11551
11549
11549
11548
11546
11545
11545
11542
11542
11540
11540
11539
11538
11538
11536
11536
11534
11534
11532
11530
11530
11530
11529
11527
11527
11526
11525
11523
11523
11521
11520
11519
11517
11516
11516
11516
11513
11513
11511
11512
11510
11508
11507
11506
11507
11506
11503
11503
11501
11502
11501
11499
11499
11498
11497
11495
11495
11492
11491
11491
11491
11489
11488
11486
11485
11486
11483
11483
11481
11480
11479
11478
11477
11477
11476
11475
11475
11472
11473
11472
11471
11469
11467
11468
11466
11464
11464
11463
11462
11462
11459
11458
11459
11457
11456
11456
11454
11453
11452
11450
11451
11449
11448
11448
11447
11446
11443
11443
11441
11440
11439
11440
11439
11438
11437
11436
11433
11433
11431
11431
11429
11428
11429
11428
11427
11425
11425
11423
11423
11420
11420
11419
11419
11418
11417
11414
11415
11414
11412
11410
11409
11408
11407
11406
11407
11404
11403
11404
11403
11400
11400
11399
11399
11396
11396
11396
11395
11394
11391
11392
11389
11390
11388
11386
11387
11384
11383
11382
11381
11382
11380
11379
11377
11378
11377
11374
11374
11374
11371
11370
11369
11369
11369
11368
11365
11365
11365
11364
11362
11360
11360
11359
11357
11357
11356
11355
11354
11354
11352
11352
11351
11348
11348
11348
11347
11344
11343
11342
11341
11340
11341
11339
11337
11337
11336
11334
11333
11332
11331
11331
11330
11328
11328
11328
11326
11326
11324
11324
11321
11322
11321
11320
11317
11316
11317
11316
11314
11314
11312
11311
11310
11308
11307
11307
11307
11305
11305
11303
11303
11302
11299
11298
11299
11297
11295
11294
11295
11293
11292
11292
11290
11288
11288
11287
11286
11285
11285
11284
11282
11280
11281
11278
11278
11278
11277
11275
11274
11274
11273
11271
11271
11268
11268
11268
11267
11266
11263
11263
11262
11262
11259
11258
11259
11258
11257
11255
11254
11254
11252
11250
11249
11249
11248
11248
11245
11244
11244
11244
11243
11241
11239
11239
11238
11238
11236
11235
11235
11232
11231
11231
11229
11229
11229
11226
11226
11226
11225
11222
11223
11221
11219
11218
11219
11218
11217
11214
11215
11213
11213
11212
11209
11208
11209
11207
11205
11205
11203
11202
11203
11201
11200
11198
11197
11197
11196
11195
11194
11192
11191
11190
11191
11188
11188
11187
11185
11185
11185
11182
11183
11180
11180
11180
11177
11177
11177
11175
11175
11172
11172
11170
11171
11168
11167
11168
11166
11166
11165
11162
11163
11162
11160
11160
11157
11158
11156
11155
11154
11153
11151
11151
11150
11149
11148
11148
11145
11145
11143
11144
11143
11142
11139
11139
11137
11136
11136
11136
11133
11133
11131
11130
11129
11130
11129
11127
11127
11125
11123
11123
11122
11120
11119
11120
11119
11117
11117
11116
11113
11112
11113
11110
11110
11108
11108
11108
11106
11104
11105
11104
11102
11102
11099
11100
11099
11096
11096
11096
11095
11094
11091
11090
11089
11088
11087
11088
11087
11084
11085
11082
11083
11081
11079
11078
11079
11078
11075
11076
11075
11074
11072
11072
11069
11070
11069
11068
11067
11065
11065
11064
11061
11062
11061
11058
11057
11057
11055
11054
11054
11054
11052
11050
11050
11050
11048
11047
11046
11045
11043
11043
11043
11042
11040
11040
11038
11037
11037
11035
11035
11034
11031
11031
11031
11029
11028
11026
11027
11026
11024
11023
11023
11022
11019
11019
11018
11017
11015
11014
11014
11012
11011
11010
11009
11009
11007
11008
11005
11006
11003
11003
11002
11002
11001
10999
10997
10997
10997
10994
10994
10992
10992
10991
10989
10990
10989
10988
10986
10986
10983
10984
10982
10980
10979
10980
10977
10976
10976
10974
10975
10974
10972
10972
10971
10968
10968
10968
10965
10964
10963
10963
10961
10962
10961
10959
10959
10956
10956
10955
10953
10954
10952
10951
10949
10949
10947
10946
10946
10946
10945
10943
10943
10940
10940
10939
10939
10938
10936
10934
10935
10933
10932
10930
10930
10930
10929
10926
10927
10924
10924
10924
10921
10922
10920
10919
10918
10918
10917
10914
10915
10913
10913
10912
10909
10909
10908
10906
10906
10906
10903
10903
10902
10901
10901
10898
10898
10898
10895
10894
10895
10892
10892
10890
10889
10888
10889
10888
10887
10885
10885
10882
10881
10882
10881
10879
10878
10877
10876
10876
10874
10873
10871
10870
10869
10868
10868
10866
10867
10865
10863
10862
10863
10862
10860
10858
10859
10856
10857
10854
10854
10853
10851
10852
10850
10848
10847
10846
10847
10846
10845
10843
10842
10840
10841
10840
10839
10836
10837
10835
10835
10832
10833
10832
10829
10828
10827
10826
10825
10826
10823
10822
10822
10820
10819
10818
10819
10818
10815
10815
10814
10812
10811
10810
10811
10810
10807
10807
10807
10804
10803
10804
10801
10801
10801
10799
10798
10798
10797
10794
10795
10794
10792
10791
10790
10789
10789
10787
10785
10784
10785
10782
10783
10780
10779
10780
10779
10776
10776
10774
10773
10774
10773
10771
10769
10770
10768
10768
10766
10764
10763
10762
10761
10761
10760
10760
10757
10757
10755
10756
10753
10753
10753
10750
10750
10748
10749
10747
10745
10744
10745
10743
10743
10742
10739
10738
10738
10737
10735
10734
10735
10733
10731
10730
10729
10728
10727
10726
10727
10725
10723
10722
10721
10720
10719
10720
10717
10718
10716
10715
10713
10713
10713
10711
10709
10708
10709
10706
10706
10706
10703
10703
10702
10702
10701
10699
10697
10698
10697
10694
10694
10692
10692
10691
10689
10690
10687
10687
10685
10686
10685
10682
10682
10680
10680
10680
10678
10676
10677
10674
10673
10672
10673
10671
10671
10669
10667
10666
10667
10664
10663
10663
10661
10661
10660
10659
10658
10658
10655
10655
10655
10653
10653
10650
10650
10649
10647
10646
10647
10646
10643
10643
10641
10640
10639
10640
10638
10637
10637
10635
10634
10632
10631
10632
10631
10629
10627
10627
10625
10626
10625
10622
10621
10620
10620
10620
10619
10617
10617
10615
10615
10614
10611
10612
10611
10609
10607
10608
10607
10604
10604
10603
10602
10601
10599
10599
10597
10597
10597
10596
10593
10592
10591
10591
10589
10589
10588
10588
10586
10584
10584
10582
10582
10580
10581
10579
10578
10578
10576
10575
10573
10572
10573
10571
10571
10568
10567
10566
10567
10565
10563
10562
10562
10560
10561
10560
10559
10557
10557
10554
10555
10553
10551
10550
10550
10548
10547
10548
10545
10545
10543
10543
10542
10540
10540
10539
10537
10537
10537
10534
10535
10534
10532
10531
10529
10529
10528
10528
10525
10524
10523
10522
10523
10520
10520
10518
10518
10517
10516
10514
10513
10513
10512
10511
10509
10510
10507
10507
10507
10506
10505
10504
10503
10500
10500
10498
10497
10498
10495
10494
10494
10493
10491
10490
10491
10490
10488
10487
10486
10486
10485
10483
10483
10480
10479
10480
10478
10477
10476
10474
10474
10473
10471
10471
10471
10469
10469
10468
10467
10464
10463
10463
10462
10461
10461
10458
10458
10456
10457
10454
10454
10453
10452
10450
10449
10450
10447
10447
10447
10445
10445
10443
10441
10442
10441
10438
10439
10438
10437
10436
10435
10432
10431
10430
10429
10428
10429
10427
10426
10425
10425
10424
10422
10422
10419
10419
10419
10417
10417
10415
10414
10414
10413
10411
10410
10408
10408
10407
10407
10406
10403
10402
10401
10401
10400
10398
10398
10396
10395
10395
10393
10392
10391
10391
10391
10390
10387
10386
10385
10386
10384
10384
10383
10382
10380
10378
10379
10376
10375
10376
10373
10372
10373
10371
10369
10369
10369
10368
10367
10366
10363
10362
10361
10362
10360
10358
10358
10357
10355
10356
10354
10352
10353
10350
10351
10349
10349
10348
10347
10346
10344
10342
10341
10342
10341
10339
10338
10337
10336
10334
10335
10334
10332
10330
10331
10328
10328
10327
10325
10326
10324
10323
10323
10321
10319
10320
10317
10316
10316
10316
10315
10312
10311
10310
10311
10310
10309
10306
10307
10305
10305
10303
10302
10300
10301
10299
10298
10296
10297
10295
10293
10293
10292
10290
10291
10289
10289
10286
10286
10285
10284
10283
10283
10281
10280
10280
10279
10277
10275
10276
10275
10274
10272
10271
10269
10268
10267
10267
10266
10266
10263
10264
10262
10261
10259
10259
10257
10256
10257
10255
10255
10253
10251
10251
10249
10249
10248
10246
10246
10246
10245
10242
10243
10240
10241
10240
10238
10238
10235
10234
10233
10233
10231
10231
10231
10228
10227
10228
10226
10224
10224
10223
10222
10221
10219
10220
10218
10218
10217
10216
10214
10212
10211
10210
10209
10208
10209
10206
10205
10205
10204
10203
10203
10201
10199
10198
10199
10197
10197
10195
10194
10194
10191
10191
10189
10188
10187
10187
10185
10184
10183
10184
10181
10181
10179
10180
10179
10176
10177
10174
10175
10172
10171
10172
10171
10168
10169
10167
10167
10166
10163
10163
10162
10160
10161
10158
10159
10156
10156
10154
10154
10152
10153
10150
10151
10148
10149
10148
10147
10146
10143
10143
10141
10140
10140
10138
10139
10137
10136
10135
10134
10132
10133
10130
10130
10130
10127
10127
10125
10124
10124
10124
10121
10122
10119
10118
10119
10116
10117
10116
10115
10114
10112
10110
10110
10108
10107
10106
10107
10106
10104
10103
10103
10102
10101
10100
10099
10096
10095
10094
10093
10094
10091
10091
10090
10088
10088
10087
10086
10085
10084
10082
10082
10080
10080
10080
10078
10077
10075
10075
10074
10074
10073
10072
10070
10068
10068
10067
10065
10066
10064
10063
10063
10062
10059
10059
10057
10058
10055
10055
10053
10054
10053
10052
10049
10048
10049
10047
10047
10046
10043
10043
10043
10040
10040
10039
10037
10038
10035
10035
10035
10034
10031
10032
10031
10028
10027
10028
10027
10025
10024
10022
10022
10021
10019
10020
10019
10016
10016
10016
10015
10014
10012
10010
10011
10010
10008
10007
10007
10005
10005
10004
10002
10000
10001
9999
9998
9996
9995
9996
9993
9994
9993
9992
9990
9988
9989
9987
9986
9984
9984
9984
9981
9980
9981
9978
9977
9976
9976
9974
9973
9973
9971
9971
9971
9968
9967
9966
9965
9964
9963
9963
9962
9960
9960
9958
9958
9956
9957
9954
9954
9952
9951
9951
9950
9950
9948
9948
9945
9945
9943
9942
9941
9941
9941
9940
9938
9938
9935
9936
9934
9933
9932
9932
9931
9930
9929
9927
9927
9926
9925
9923
9923
9922
9919
9920
9918
9917
9916
9916
9915
9914
9913
9910
9909
9908
9909
9907
9907
9905
9903
9902
9903
9901
9899
9899
9898
9896
9895
9895
9895
9892
9893
9890
9891
9890
9889
9887
9887
9884
9884
9884
9881
9881
9879
9878
9878
9876
9877
9876
9874
9872
9871
9870
9869
9869
9869
9867
9867
9864
9863
9864
9861
9860
9861
9860
9857
9857
9856
9854
9855
9854
9853
9852
9851
9848
9847
9846
9846
9846
9843
9844
9841
9841
9840
9838
9837
9836
9837
9836
9834
9832
9833
9831
9829
9829
9829
9827
9825
9824
9824
9822
9822
9822
9821
9818
9819
9816
9816
9814
9813
9814
9812
9811
9809
9810
9809
9807
9807
9806
9803
9803
9803
9800
9799
9799
9799
9796
9795
9794
9795
9792
9791
9790
9791
9789
9788
9788
9787
9786
9784
9782
9783
9782
9781
9778
9778
9777
9776
9775
9774
9772
9771
9771
9769
9769
9767
9766
9767
9765
9763
9763
9763
9762
9760
9759
9758
9756
9756
9754
9754
9754
9752
9750
9750
9748
9748
9746
9747
9746
9743
9743
9743
9740
9739
9738
9739
9737
9736
9736
9735
9734
9731
9732
9731
9728
9727
9726
9725
9726
9725
9723
9723
9720
9721
9719
9718
9717
9715
9715
9714
9712
9711
9712
9709
9708
9709
9707
9706
9705
9703
9703
9702
9700
9699
9699
9698
9697
9697
9696
9694
9693
9692
9691
9691
9689
9687
9687
9687
9684
9685
9683
9681
9680
9679
9680
9678
9676
9675
9674
9675
9673
9673
9671
9671
9668
9669
9667
9667
9666
9663
9663
9662
9661
9661
9659
9657
9656
9657
9654
9654
9652
9653
9652
9649
9650
9649
9647
9646
9644
9645
9642
9642
9642
9641
9639
9639
9637
9637
9636
9634
9632
9631
9632
9631
9628
9628
9626
9626
9625
9624
9622
9622
9620
9619
9620
9618
9616
9616
9616
9614
9613
9611
9610
9610
9610
9609
9607
9606
9606
9604
9602
9603
9601
9600
9600
9597
9598
9595
9596
9593
9594
9593
9592
9589
9590
9589
9588
9585
9585
9584
9584
9581
9582
9579
9579
9578
9578
9575
9575
9574
9573
9572
9571
9570
9570
9567
9568
9565
9565
9564
9563
9561
9560
9560
9560
9557
9557
9556
9556
9553
9552
9552
9550
9549
9550
9549
9548
9547
9546
9543
9542
9543
9542
9541
9538
9539
9538
9537
9536
9534
9532
9531
9532
9530
9530
9528
9527
9525
9524
9524
9522
9522
9522
9520
9519
9519
9517
9516
9515
9514
9513
9513
9511
9511
9509
9509
9507
9507
9506
9504
9503
9501
9502
9499
9499
9499
9498
9495
9494
9493
9494
9493
9491
9491
9489
9489
9486
9485
9485
9484
9484
9481
9482
9479
9478
9478
9478
9476
9475
9474
9472
9473
9471
9469
9468
9467
9466
9465
9465
9464
9463
9461
9460
9461
9459
9457
9458
9456
9454
9454
9452
9453
9450
9451
9448
9447
9448
9447
9444
9443
9443
9441
9440
9439
9439
9438
9437
9437
9436
9435
9433
9431
9431
9431
9428
9429
9428
9427
9425
9425
9424
9422
9422
9421
9420
9419
9416
9416
9416
9413
9413
9411
9412
9410
9409
9408
9406
9407
9405
9405
9404
9401
9400
9399
9398
9397
9398
9395
9395
9394
9392
9391
9392
9389
9388
9388
9386
9385
9386
9383
9384
9383
9380
9381
9378
9377
9376
9377
9376
9375
9373
9372
9372
9369
9369
9367
9366
9366
9365
9364
9362
9362
9362
9359
9360
9359
9357
9355
9355
9355
9353
9352
9351
9351
9348
9349
9348
9346
9346
9345
9343
9343
9340
9340
9340
9337
9338
9337
9336
9333
9334
9331
9330
9331
9329
9327
9326
9325
9325
9324
9324
9323
9322
9320
9320
9317
9318
9316
9315
9314
9312
9311
9311
9311
9310
9307
9306
9307
9305
9305
9302
9301
9300
9300
9298
9298
9298
9295
9296
9294
9293
9293
9291
9290
9290
9287
9288
9287
9284
9284
9283
9282
9281
9279
9278
9278
9276
9275
9275
9274
9273
9273
9272
9271
9269
9267
9268
9265
9264
9264
9264
9261
9261
9260
9260
9258
9258
9257
9254
9253
9253
9253
9252
9249
9248
9247
9246
9245
9246
9244
9242
9242
9241
9239
9238
9239
9237
9237
9234
9233
9233
9232
9231
9230
9228
9227
9228
9227
9224
9223
9223
9223
9220
9219
9219
9217
9217
9216
9215
9213
9212
9213
9211
9210
9209
9209
9206
9207
9206
9204
9204
9202
9202
9200
9200
9199
9198
9197
9194
9193
9194
9192
9191
9189
9190
9189
9187
9185
9184
9183
9183
9181
9180
9181
9179
9178
9178
9177
9176
9175
9172
9172
9171
9170
9169
9167
9166
9165
9166
9163
9163
9161
9161
9161
9159
9158
9157
9155
9156
9155
9153
9151
9152
9150
9148
9148
9147
9145
9145
9143
9144
9143
9142
9139
9138
9137
9137
9136
9135
9134
9132
9132
9132
9130
9128
9128
9127
9125
9126
9123
9124
9121
9120
9119
9120
9117
9117
9115
9115
9113
9113
9111
9110
9110
9109
9108
9108
9105
9104
9104
9104
9101
9102
9100
9098
9097
9096
9096
9094
9095
9093
9092
9090
9091
9089
9087
9088
9085
9085
9084
9083
9082
9082
9081
9078
9079
9076
9077
9076
9075
9073
9072
9072
9070
9069
9069
9068
9067
9064
9063
9064
9062
9062
9059
9059
9058
9057
9057
9056
9054
9052
9052
9052
9049
9049
9049
9048
9047
9046
9043
9043
9042
9041
9040
9038
9037
9037
9037
9035
9035
9033
9032
9031
9029
9029
9027
9028
9025
9026
9025
9023
9021
9021
9020
9019
9019
9017
9017
9014
9013
9014
9013
9012
9010
9008
9007
9006
9005
9006
9004
9004
9002
9002
9000
8998
8997
8998
8995
8995
8995
8992
8991
8992
8990
8989
8989
8988
8987
8985
8985
8982
8981
8981
8981
8980
8977
8976
8977
8974
8974
8972
8971
8972
8971
8970
8969
8967
8967
8964
8965
8963
8961
8961
8961
8960
8959
8958
8956
8954
8953
8953
8951
8951
8949
8948
8947
8947
8946
8945
8944
8944
8943
8942
8941
8940
8939
8936
8936
8936
8933
8933
8932
8931
8931
8928
8927
8928
8925
8926
8923
8922
8922
8920
8921
8919
8918
8917
8915
8914
8915
8914
8911
8911
8911
8909
8908
8908
8906
8904
8905
8903
8903
8900
8899
8900
8899
8896
8897
8896
8893
8894
8892
8891
8889
8888
8888
8886
8887
8885
8883
8884
8881
8882
8881
8878
8877
8876
8875
8875
8875
8874
8871
8872
8870
8869
8868
8866
8867
8866
8863
8862
8862
8861
8861
8860
8859
8856
8857
8856
8855
8852
8853
8850
8851
8849
8848
8848
8847
8844
8844
8843
8841
8842
8839
8839
8837
8836
8837
8836
8835
8832
8831
8831
8830
8828
8827
8827
8826
8824
8824
8823
8823
8820
8821
8819
8818
8817
8817
8815
8814
8812
8811
8812
8811
8809
8808
8806
8807
8805
8804
8804
8802
8801
8800
8800
8799
8798
8796
8795
8793
8792
8791
8792
8789
8790
8788
8788
8785
8784
8783
8784
8783
8781
8781
8780
8778
8776
8776
8774
8774
8774
8771
8772
8769
8769
8767
8766
8765
8766
8765
8763
8763
8762
8760
8758
8758
8756
8757
8756
8754
8752
8753
8751
8749
8749
8749
8747
8747
8744
8744
8743
8743
8742
8741
8740
8738
8738
8735
8734
8735
8732
8732
8731
8729
8729
8728
8728
8727
8725
8725
8722
8723
8721
8719
8720
8717
8718
8716
8714
8715
8713
8713
8711
8709
8709
8708
8706
8706
8704
8703
8702
8701
8701
8701
8699
8699
8697
8695
8695
8695
8692
8691
8690
8691
8689
8687
8686
8685
8686
8684
8682
8681
8680
8680
8679
8677
8676
8676
8675
8673
8673
8671
8672
8670
8670
8668
8667
8666
8666
8664
8663
8661
8661
8661
8658
8657
8656
8655
8654
8655
8654
8652
8650
8651
8648
8648
8646
8645
8645
8645
8644
8643
8640
8641
8638
8637
8636
8637
8635
8633
8632
8632
8631
8631
8628
8628
8626
8626
8626
8624
8622
8622
8622
8620
8620
8619
8617
8615
8614
8615
8612
8613
8611
8609
8610
8607
8607
8605
8604
8603
8603
8601
8601
8601
8598
8597
8598
8596
8595
8595
8594
8591
8592
8590
8589
8588
8587
8587
8586
8584
8584
8581
8582
8580
8578
8578
8577
8577
8576
8574
8572
8571
8572
8571
8568
8567
8568
8565
8565
8565
8562
8561
8560
8561
8560
8558
8557
8555
8556
8553
8554
8552
8550
8550
8548
8549
8546
8547
8545
8545
8543
8542
8540
8539
8539
8538
8537
8536
8536
8533
8532
8531
8531
8529
8530
8527
8526
8526
8525
8523
8523
8522
8522
8519
8520
8517
8518
8517
8514
8513
8514
8513
8512
8509
8508
8508
8508
8507
8506
8505
8502
8501
8502
8501
8499
8499
8496
8497
8494
8495
8494
8493
8490
8489
8490
8487
8486
8486
8485
8484
8484
8482
8480
8481
8480
8478
8476
8477
8475
8475
8473
8472
8470
8470
8468
8467
8466
8466
8466
8464
8462
8461
8460
8460
8458
8457
8458
8456
8456
8454
8454
8453
8450
8449
8449
8449
8447
8446
8445
8445
8444
8441
8441
8439
8439
8439
8436
8437
8434
8434
8432
8432
8431
8430
8428
8428
8428
8425
8426
8425
8424
8422
8421
8421
8419
8418
8417
8415
8414
8413
8412
8413
8410
8411
8409
8409
8408
8406
8405
8403
8404
8403
8401
8400
8398
8399
8398
8395
8396
8394
8394
8393
8391
8390
8389
8387
8388
8385
8385
8383
8383
8383
8380
8380
8380
8378
8377
8376
8375
8375
8373
8372
8371
8369
8368
8367
8368
8367
8364
8363
8364
8363
8360
8359
8359
8359
8356
8356
8354
8355
8353
8353
8352
8351
8349
8348
8347
8345
8344
8345
8342
8343
8340
8339
8338
8337
8336
8335
8335
8333
8333
8331
8330
8331
8329
8328
8328
8326
8324
8325
8324
8323
8322
8320
8320
8319
8316
8315
8314
8314
8312
8311
8311
8310
8309
8309
8306
8306
8306
8304
8304
8303
8302
8299
8299
8297
8296
8295
8295
8293
8292
8292
8291
8290
8288
8287
8286
8286
8285
8284
8282
8283
8282
8281
8278
8278
8277
8275
8274
8275
8273
8271
8271
8269
8269
8267
8267
8266
8265
8264
8262
8263
8262
8260
8258
8257
8258
8256
8256
8253
8254
8253
8250
8251
8250
8247
8247
8246
8245
8244
8243
8241
8242
8239
8240
8238
8237
8235
8234
8235
8233
8232
8230
8231
8228
8227
8228
8227
8224
8224
8222
8221
8220
8219
8218
8217
8217
8216
8214
8213
8213
8213
8211
8209
8208
8208
8208
8207
8206
8204
8204
8202
8202
8201
8198
8197
8196
8195
8194
8194
8193
8192
8190
8189
8190
8187
8187
8186
8184
8185
8183
8182
8182
8180
8180
8177
8178
8175
8174
8175
8173
8173
8172
8170
8170
8169
8168
8166
8165
8163
8164
8161
8162
8161
8159
8158
8157
8156
8154
8154
8152
8153
8150
8149
8148
8147
8147
8145
8144
8145
8142
8143
8142
8141
8139
8137
8136
8135
8135
8134
8132
8132
8131
8129
8130
8128
8128
8125
8126
8125
8124
8121
8121
8119
8120
8117
8116
8115
8115
8114
8112
8112
8110
8109
8109
8109
8107
8106
8104
8105
8104
8102
8101
8100
8100
8097
8096
8096
8095
8095
8093
8092
8090
8089
8089
8089
8087
8087
8084
8085
8082
8083
8081
8080
8078
8077
8077
8076
8075
8075
8073
8072
8070
8071
8068
8067
8066
8066
8066
8065
8063
8062
8061
8061
8060
8059
8058
8055
8055
8053
8053
8053
8050
8049
8050
8047
8046
8045
8045
8044
8042
8043
8040
8040
8039
8038
8038
8037
8036
8035
8034
8032
8031
8029
8028
8028
8028
8026
8026
8025
8023
8021
8021
8021
8018
8018
8018
8015
8015
8014
8014
8013
8010
8009
8009
8009
8008
8006
8004
8005
8002
8003
8000
8001
7998
7999
7996
7995
7994
7994
7994
7993
7991
7991
7989
7987
7986
7986
7985
7983
7984
7983
7982
7979
7980
7978
7978
7977
7976
7975
7974
7971
7972
7969
7970
7967
7966
7966
7965
7963
7964
7962
7960
7960
7958
7959
7957
7957
7955
7954
7952
7951
7950
7949
7948
7947
7948
7946
7944
7944
7943
7943
7942
7940
7938
7937
7938
7936
7935
7933
7934
7932
7932
7929
7930
7927
7926
7927
7924
7925
7922
7922
7920
7920
7920
7918
7917
7916
7916
7914
7912
7911
7911
7909
7910
7909
7906
7907
7904
7905
7902
7903
7900
7899
7898
7897
7898
7897
7896
7895
7894
7893
7891
7891
7888
7888
7886
7885
7886
7883
7884
7881
7881
7880
7878
7878
7877
7876
7875
7875
7872
7873
7872
7870
7870
7867
7868
7866
7864
7864
7864
7863
7862
7860
7859
7857
7858
7857
7854
7855
7854
7851
7852
7850
7850
7848
7847
7846
7846
7845
7842
7841
7841
7841
7839
7839
7836
7835
7835
7833
7832
7831
7832
7831
7830
7828
7826
7827
7825
7825
7823
7822
7820
7821
7819
7819
7816
7817
7815
7815
7813
7812
7810
7810
7808
7809
7806
7807
7804
7804
7804
7801
7800
7801
7798
7797
7797
7797
7794
7795
7793
7792
7791
7790
7788
7789
7787
7786
7785
7785
7783
7782
7780
7780
7780
7778
7777
7777
7774
7773
7773
7772
7771
7771
7769
7767
7766
7767
7766
7763
7764
7761
7762
7759
7760
7758
7756
7755
7756
7755
7754
7752
7750
7749
7749
7747
7748
7747
7744
7744
7744
7741
7742
7741
7740
7737
7738
7737
7736
7734
7732
7733
7732
7729
7730
7728
7727
7725
7726
7724
7723
7723
7720
7721
7720
7718
7716
7717
7715
7713
7712
7713
7710
7709
7709
7708
7706
7705
7704
7703
7704
7703
7702
7700
7700
7697
7696
7696
7695
7695
7692
7693
7691
7689
7690
7688
7688
7687
7684
7684
7682
7683
7681
7681
7680
7679
7676
7676
7674
7673
7674
7673
7670
7669
7668
7667
7667
7665
7665
7665
7662
7661
7662
7660
7658
7659
7656
7656
7656
7654
7652
7653
7650
7650
7649
7648
7646
7646
7644
7643
7642
7643
7640
7639
7640
7638
7638
7635
7636
7633
7633
7633
7631
7630
7629
7629
7626
7626
7625
7625
7624
7622
7622
7619
7620
7618
7618
7615
7614
7615
7613
7611
7611
7610
7610
7609
7608
7606
7604
7604
7604
7602
7600
7600
7600
7598
7597
7595
7594
7593
7594
7593
7591
7591
7588
7587
7587
7587
7584
7584
7583
7582
7580
7580
7578
7577
7577
7577
7575
7574
7573
7572
7571
7571
7568
7568
7566
7567
7566
7564
7564
7562
7560
7559
7559
7558
7557
7557
7554
7555
7554
7551
7551
7549
7550
7548
7546
7545
7545
7545
7543
7543
7540
7539
7539
7539
7538
7537
7535
7534
7532
7532
7530
7530
7530
7527
7526
7526
7524
7524
7523
7523
7521
7519
7520
7517
7517
7517
7515
7513
7514
7512
7510
7509
7509
7509
7506
7505
7506
7504
7504
7502
7500
7499
7498
7498
7496
7495
7496
7494
7493
7492
7491
7489
7489
7488
7487
7485
7486
7483
7483
7482
7481
7480
7480
7477
7477
7477
7475
7475
7474
7472
7470
7471
7469
7467
7467
7467
7464
7464
7464
7463
7460
7459
7458
7458
7458
7457
7456
7455
7452
7452
7451
7451
7448
7448
7448
7447
7446
7444
7444
7442
7440
7441
7439
7439
7436
7435
7434
7433
7433
7433
7430
7430
7428
7427
7427
7425
7424
7423
7422
7422
7422
7421
7418
7417
7416
7416
7414
7415
7414
7411
7411
7409
7408
7408
7406
7406
7405
7404
7403
7401
7400
7401
7398
7398
7397
7396
7395
7395
7394
7392
7391
7390
7388
7388
7388
7387
7384
7383
7384
7381
7380
7380
7378
7377
7378
7376
7375
7374
7374
7372
7372
7369
7369
7369
7367
7367
7364
7363
7364
7362
7361
7360
7360
7357
7356
7357
7356
7354
7352
7352
7351
7349
7348
7349
7347
7345
7346
7344
7343
7342
7340
7340
7338
7339
7337
7336
7336
7333
7334
7333
7331
7331
7329
7327
7328
7326
7324
7325
7324
7321
7321
7320
7319
7317
7317
7316
7314
7313
7312
7311
7312
7310
7310
7307
7306
7305
7304
7303
7303
7303
7300
7301
7299
7298
7297
7296
7294
7295
7292
7293
7291
7289
7289
7289
7286
7285
7285
7284
7283
7283
7281
7280
7278
7278
7278
7276
7276
7275
7273
7272
7272
7269
7269
7268
7267
7265
7266
7265
7264
7262
7262
7260
7260
7258
7257
7257
7256
7253
7253
7251
7250
7249
7250
7247
7247
7247
7246
7244
7244
7243
7241
7241
7240
7237
7236
7236
7234
7233
7233
7231
7232
7230
7230
7228
7228
7226
7225
7225
7223
7221
7220
7221
7219
7219
7217
7215
7216
7213
7212
7212
7210
7210
7208
7209
7207
7206
7206
7204
7202
7201
7202
7201
7199
7199
7198
7196
7194
7193
7193
7191
7191
7190
7190
7187
7186
7186
7185
7183
7182
7182
7180
7179
7178
7178
7177
7176
7175
7173
7172
7172
7170
7171
7169
7169
7166
7165
7165
7163
7164
7163
7161
7159
7158
7158
7158
7156
7154
7153
7152
7151
7152
7149
7149
7149
7148
7147
7144
7143
7142
7142
7141
7140
7139
7137
7136
7136
7134
7135
7134
7131
7131
7129
7130
7129
7128
7126
7124
7123
7123
7121
7121
7120
7119
7119
7116
7116
7116
7114
7113
7113
7112
7109
7108
7108
7107
7106
7104
7105
7102
7101
7100
7101
7099
7097
7097
7097
7095
7095
7092
7091
7090
7090
7089
7089
7087
7087
7085
7083
7083
7083
7081
7080
7078
7079
7078
7076
7075
7075
7074
7073
7070
7069
7070
7069
7066
7065
7065
7065
7062
7063
7062
7061
7058
7058
7057
7057
7055
7055
7053
7053
7052
7051
7048
7047
7047
7047
7046
7043
7042
7043
7040
7039
7040
7037
7036
7035
7034
7035
7034
7033
7031
7030
7029
7027
7026
7025
7026
7024
7022
7021
7020
7019
7018
7018
7016
7015
7015
7014
7012
7013
7011
7010
7008
7008
7007
7006
7006
7005
7002
7003
7002
6999
6999
6998
6996
6997
6995
6993
6993
6993
6991
6989
6990
6989
6987
6986
6986
6983
6982
6981
6982
6980
6979
6977
6978
6975
6975
6975
6972
6973
6972
6969
6968
6967
6967
6965
6964
6963
6963
6963
6962
6959
6960
6959
6958
6955
6954
6955
6954
6951
6950
6950
6948
6949
6947
6945
6946
6943
6944
6941
6941
6941
6939
6938
6936
6937
6936
6934
6932
6932
6930
6929
6929
6927
6926
6926
6926
6924
6923
6922
6920
6920
6918
6917
6917
6917
6914
6914
6912
6912
6910
6910
6908
6908
6906
6906
6905
6903
6902
6903
6902
6900
6898
6898
6896
6895
6896
6895
6894
6892
6891
6891
6888
6888
6888
6886
6885
6884
6883
6883
6882
6880
6879
6877
6878
6877
6876
6874
6872
6871
6871
6871
6870
6869
6866
6867
6866
6864
6864
6862
6862
6860
6860
6859
6856
6856
6856
6855
6854
6851
6852
6851
6850
6848
6846
6847
6845
6843
6844
6843
6840
6840
6840
6837
6836
6836
6834
6835
6834
6831
6831
6830
6830
6827
6827
6827
6824
6823
6823
6821
6821
6820
6818
6817
6816
6816
6814
6815
6814
6813
6811
6811
6809
6809
6806
6806
6804
6803
6803
6803
6802
6801
6798
6798
6797
6796
6795
6794
6792
6791
6792
6790
6790
6787
6788
6787
6785
6783
6784
6781
6780
6780
6778
6778
6776
6776
6776
6773
6774
6771
6770
6771
6768
6767
6766
6767
6764
6764
6763
6762
6762
6760
6760
6758
6757
6757
6756
6754
6754
6753
6752
6749
6749
6748
6747
6745
6744
6744
6743
6743
6742
6741
6738
6738
6736
6735
6734
6734
6732
6733
6732
6731
6729
6729
6727
6727
6726
6724
6723
6721
6721
6720
6718
6717
6718
6715
6714
6715
6714
6712
6712
6709
6709
6709
6707
6707
6705
6704
6702
6702
6701
6699
6699
6699
6696
6695
6694
6695
6694
6692
6692
6690
6688
6688
6687
6687
6686
6685
6684
6682
6682
6681
6679
6677
6678
6677
6676
6673
6674
6672
6671
6670
6669
6669
6667
6667
6664
6665
6663
6661
6660
6661
6659
6658
6656
6656
6655
6655
6653
6652
6651
6650
6649
6647
6648
6645
6644
6645
6643
6643
6641
6639
6640
6639
6637
6635
6635
6634
6632
6632
6632
6629
6628
6628
6628
6626
6624
6625
6623
6623
6620
6621
6618
6619
6616
6615
6616
6614
6613
6612
6611
6611
6608
6607
6606
6606
6605
6605
6602
6602
6600
6601
6598
6598
6596
6595
6594
6595
6594
6592
6591
6589
6590
6589
6588
6587
6585
6583
6583
6581
6582
6579
6580
6579
6577
6575
6575
6574
6572
6572
6572
6570
6568
6567
6567
6567
6565
6564
6563
6562
6561
6559
6560
6558
6556
6557
6554
6555
6552
6553
6552
6549
6548
6549
6546
6546
6546
6545
6544
6541
6540
6539
6540
6539
6537
6536
6536
6535
6534
6532
6532
6530
6530
6529
6528
6527
6525
6524
6524
6523
6520
6521
6518
6518
6517
6516
6514
6515
6512
6512
6510
6511
6509
6507
6508
6505
6505
6504
6502
6503
6502
6499
6498
6498
6498
6496
6495
6494
6494
6492
6491
6489
6489
6488
6487
6485
6484
6484
6482
6482
6480
6480
6479
6479
6478
6475
6474
6474
6473
6472
6471
6470
6469
6468
6468
6465
6464
6465
6464
6463
6460
6460
6460
6459
6458
6456
6454
6453
6453
6451
6450
6450
6450
6448
6447
6447
6446
6444
6443
6442
6440
6441
6438
6438
6437
6435
6436
6435
6434
6432
6431
6430
6430
6429
6426
6425
6424
6423
6423
6422
6422
6420
6419
6418
6417
6417
6415
6414
6413
6413
6412
6411
6409
6409
6406
6406
6404
6403
6402
6403
6402
6401
6399
6399
6397
6397
6394
6395
6394
6392
6391
6391
6389
6389
6387
6385
6386
6385
6383
6382
6380
6379
6378
6379
6376
6376
6374
6374
6373
6371
6371
6370
6368
6367
6367
6366
6366
6365
6363
6363
6361
6360
6360
6359
6357
6356
6354
6354
6353
6352
6350
6350
6350
6348
6347
6345
6344
6345
6343
6341
6340
6339
6340
6338
6336
6335
6334
6335
6334
6331
6330
6329
6329
6329
6327
6327
6324
6324
6323
6322
6321
6321
6319
6318
6317
6315
6315
6314
6314
6311
6312
6311
6308
6308
6307
6306
6306
6305
6303
6303
6302
6301
6298
6297
6297
6297
6294
6295
6293
6293
6292
6289
6289
6287
6287
6285
6284
6285
6284
6283
6280
6281
6278
6278
6276
6276
6274
6273
6272
6273
6272
6269
6270
6267
6267
6266
6264
6265
6263
6263
6261
6260
6260
6257
6257
6257
6254
6255
6253
6253
6252
6249
6249
6249
6247
6245
6246
6245
6242
6241
6241
6239
6239
6238
6237
6237
6234
6234
6234
6233
6231
6229
6228
6229
6226
6227
6225
6224
6223
6221
6221
6220
6218
6217
6218
6217
6214
6214
6214
6212
6212
6210
6210
6208
6208
6205
6206
6203
6204
6202
6202
6200
6200
6199
6197
6195
6195
6193
6192
6191
6191
6191
6190
6189
6188
6186
6186
6184
6184
6183
6182
6181
6179
6178
6177
6176
6175
6173
6174
6172
6171
6170
6168
6168
6167
6167
6164
6165
6164
6161
6161
6160
6160
6157
6157
6157
6155
6154
6152
6152
6151
6149
6148
6149
6147
6147
6144
6144
6144
6143
6142
6141
6139
6137
6137
6135
6134
6134
6132
6131
6132
6130
6129
6129
6127
6125
6126
6123
6124
6123
6122
6119
6118
6118
6118
6117
6114
6113
6112
6111
6111
6109
6108
6109
6107
6106
6104
6104
6103
6101
6102
6099
6100
6097
6096
6096
6095
6095
6094
6091
6092
6090
6088
6087
6088
6085
6084
6084
6083
6082
6082
6081
6079
6079
6078
6075
6074
6073
6074
6072
6070
6070
6068
6067
6068
6065
6066
6064
6062
6063
6061
6061
6059
6057
6056
6056
6054
6053
6052
6053
6051
6051
6050
6047
6047
6047
6045
6045
6044
6041
6042
6039
6040
6039
6037
6037
6036
6033
6033
6031
6032
6031
6030
6028
6026
6026
6024
6025
6024
6021
6022
6021
6018
6019
6016
6016
6016
6015
6013
6013
6012
6009
6008
6007
6008
6006
6006
6005
6002
6001
6002
6001
5998
5997
5997
5997
5995
5995
5993
5992
5990
5989
5988
5987
5986
5986
5985
5983
5982
5981
5982
5979
5978
5977
5976
5976
5975
5973
5972
5972
5971
5969
5970
5967
5966
5965
5966
5965
5963
5961
5960
5960
5958
5959
5958
5956
5954
5954
5954
5952
5951
5950
5950
5947
5948
5946
5946
5943
5944
5943
5940
5940
5938
5937
5937
5936
5935
5933
5932
5933
5931
5931
5929
5929
5927
5925
5925
5925
5923
5921
5921
5920
5920
5918
5918
5916
5916
5914
5912
5911
5911
5909
5910
5909
5906
5906
5904
5905
5904
5903
5902
5899
5899
5897
5898
5897
5895
5895
5894
5891
5892
5889
5889
5889
5887
5886
5884
5885
5882
5881
5880
5881
5879
5879
5877
5877
5874
5875
5874
5873
5871
5871
5868
5869
5868
5867
5866
5864
5864
5862
5861
5861
5860
5858
5858
5857
5856
5855
5854
5851
5851
5851
5850
5847
5848
5846
5844
5845
5843
5841
5842
5839
5840
5839
5836
5837
5836
5833
5832
5833
5832
5830
5830
5827
5828
5826
5826
5823
5823
5823
5820
5821
5820
5817
5816
5816
5816
5814
5813
5811
5812
5809
5808
5808
5806
5806
5804
5805
5804
5802
5802
5801
5800
5798
5798
5795
5794
5795
5792
5793
5792
5789
5790
5788
5787
5785
5786
5783
5783
5781
5780
5780
5779
5779
5778
5776
5774
5773
5774
5771
5772
5771
5768
5769
5768
5765
5764
5765
5762
5761
5761
5759
5759
5759
5757
5755
5756
5755
5752
5753
5752
5750
5748
5749
5746
5746
5744
5744
5743
5741
5741
5740
5738
5739
5737
5735
5734
5734
5734
5732
5732
5731
5729
5728
5727
5726
5725
5724
5722
5722
5720
5719
5718
5718
5718
5716
5716
5714
5714
5712
5711
5711
5708
5709
5707
5707
5706
5705
5703
5701
5700
5699
5698
5699
5698
5697
5694
5693
5692
5692
5692
5690
5689
5687
5686
5686
5685
5683
5684
5682
5681
5679
5678
5677
5677
5676
5676
5674
5673
5672
5671
5671
5670
5669
5668
5667
5665
5663
5662
5661
5661
5659
5660
5659
5657
5655
5654
5653
5652
5651
5651
5651
5650
5647
5648
5645
5646
5645
5643
5642
5641
5640
5638
5637
5637
5637
5636
5633
5632
5631
5631
5630
5629
5627
5626
5625
5624
5625
5623
5622
5622
5619
5618
5618
5616
5615
5616
5613
5612
5613
5611
5610
5609
5609
5607
5607
5606
5605
5602
5603
5600
5601
5598
5599
5598
5596
5596
5593
5593
5592
5592
5591
5589
5587
5587
5587
5585
5584
5582
5582
5581
5580
5580
5579
5576
5576
5576
5573
5572
5571
5572
5570
5568
5567
5566
5565
5566
5563
5563
5562
5561
5560
5558
5557
5558
5556
5554
5553
5552
5551
5551
5550
5550
5548
5547
5545
5546
5544
5542
5542
5542
5539
5540
5539
5536
5535
5534
5535
5533
5531
5530
5529
5530
5528
5527
5526
5524
5524
5523
5522
5522
5521
5518
5518
5516
5517
5515
5513
5512
5513
5511
5509
5510
5509
5507
5507
5504
5505
5504
5502
5502
5499
5499
5498
5498
5495
5496
5493
5493
5492
5492
5490
5489
5489
5488
5486
5486
5484
5482
5481
5480
5481
5479
5479
5477
5475
5476
5474
5472
5473
5470
5471
5468
5469
5468
5467
5464
5465
5462
5463
5461
5461
5460
5459
5458
5456
5456
5454
5453
5453
5452
5450
5450
5449
5448
5446
5446
5444
5442
5443
5441
5440
5438
5438
5437
5437
5436
5435
5434
5431
5432
5430
5428
5428
5428
5425
5425
5424
5424
5423
5421
5421
5419
5418
5418
5415
5416
5414
5412
5411
5412
5410
5409
5409
5407
5405
5406
5404
5402
5403
5401
5399
5399
5399
5398
5395
5396
5393
5394
5392
5392
5390
5389
5389
5388
5386
5384
5383
5382
5381
5380
5379
5378
5379
5378
5377
5374
5375
5372
5371
5371
5371
5368
5367
5368
5366
5364
5365
5363
5361
5361
5361
5359
5357
5357
5357
5356
5354
5354
5351
5350
5349
5348
5348
5348
5345
5344
5345
5344
5342
5341
5341
5339
5339
5338
5335
5334
5334
5334
5333
5331
5329
5330
5328
5327
5325
5324
5324
5324
5321
5322
5321
5318
5317
5316
5317
5315
5314
5312
5312
5312
5310
5309
5308
5306
5305
5305
5304
5304
5302
5301
5300
5298
5297
5296
5297
5295
5294
5293
5291
5291
5290
5289
5289
5288
5287
5285
5283
5283
5283
5282
5280
5278
5277
5277
5277
5276
5273
5273
5272
5272
5271
5268
5267
5268
5265
5266
5264
5263
5262
5261
5259
5258
5257
5258
5257
5254
5255
5254
5253
5251
5251
5249
5249
5246
5247
5246
5245
5242
5241
5241
5239
5240
5239
5237
5237
5234
5233
5233
5233
5232
5231
5228
5229
5227
5225
5226
5225
5224
5223
5221
5220
5220
5217
5217
5217
5215
5213
5214
5213
5211
5210
5208
5208
5207
5206
5204
5204
5204
5203
5202
5201
5199
5197
5198
5195
5194
5195
5194
5191
5192
5190
5189
5189
5188
5185
5185
5184
5183
5182
5181
5181
5178
5178
5176
5177
5176
5174
5173
5172
5170
5169
5169
5169
5166
5166
5164
5165
5163
5163
5162
5160
5159
5158
5156
5156
5155
5155
5152
5153
5152
5150
5150
5149
5148
5147
5146
5145
5142
5142
5141
5139
5140
5137
5138
5136
5136
5135
5132
5132
5130
5129
5128
5128
5127
5126
5124
5123
5122
5121
5120
5121
5119
5119
5116
5116
5116
5115
5113
5113
5111
5111
5110
5108
5106
5107
5104
5105
5104
5101
5101
5101
5099
5098
5097
5095
5096
5095
5092
5092
5092
5090
5089
5088
5087
5086
5084
5083
5084
5082
5082
5079
5079
5079
5078
5077
5075
5073
5074
5072
5070
5070
5069
5069
5066
5065
5066
5064
5064
5061
5060
5061
5059
5058
5056
5055
5055
5054
5052
5051
5052
5049
5049
5048
5048
5047
5045
5045
5044
5041
5040
5040
5040
5037
5036
5035
5034
5033
5034
5032
5030
5031
5028
5027
5026
5027
5024
5024
5022
5022
5022
5020
5019
5019
5016
5017
5015
5014
5013
5012
5011
5011
5010
5008
5006
5006
5006
5005
5004
5002
5000
4999
4998
4997
4996
4995
4994
4995
4992
4992
4991
4989
4988
4987
4988
4985
4986
4984
4983
4982
4980
4979
4980
4979
4977
4977
4975
4973
4973
4971
4972
4971
4969
4969
4966
4966
4965
4964
4962
4962
4960
4961
4960
4957
4956
4957
4954
4955
4952
4953
4952
4949
4948
4948
4947
4947
4944
4945
4943
4941
4941
4939
4940
4939
4936
4935
4935
4935
4934
4933
4931
4931
4929
4927
4926
4927
4926
4924
4924
4922
4922
4920
4920
4919
4918
4916
4916
4913
4913
4911
4910
4911
4910
4908
4908
4907
4905
4903
4904
4901
4900
4899
4899
4897
4897
4897
4896
4894
4892
4892
4890
4889
4888
4889
4888
4885
4885
4883
4884
4881
4880
4881
4878
4879
4876
4877
4876
4873
4874
4873
4870
4870
4870
4869
4867
4866
4865
4863
4862
4861
4860
4860
4858
4858
4856
4856
4854
4855
4853
4853
4850
4851
4850
4847
4846
4846
4844
4845
4843
4842
4842
4841
4840
4839
4838
4836
4835
4833
4833
4833
4831
4831
4828
4829
4827
4827
4824
4824
4824
4823
4821
4819
4819
4817
4817
4816
4815
4815
4814
4813
4811
4811
4808
4807
4807
4807
4805
4804
4802
4801
4800
4801
4799
4798
4798
4797
4795
4793
4793
4791
4792
4791
4788
4787
4786
4787
4786
4785
4784
4782
4782
4779
4778
4779
4777
4777
4776
4773
4772
4771
4771
4771
4768
4769
4767
4765
4766
4765
4762
4762
4760
4761
4759
4759
4758
4757
4756
4755
4753
4752
4751
4750
4750
4749
4747
4746
4746
4743
4743
4741
4741
4741
4738
4739
4736
4736
4736
4735
4733
4733
4731
4731
4730
4727
4727
4725
4726
4723
4724
4722
4722
4721
4718
4718
4717
4716
4716
4714
4714
4712
4712
4711
4709
4707
4707
4706
4706
4705
4704
4701
4702
4700
4698
4699
4697
4696
4696
4694
4694
4693
4692
4690
4690
4687
4686
4686
4685
4683
4684
4683
4681
4681
4679
4677
4676
4675
4676
4673
4674
4672
4670
4671
4668
4669
4668
4667
4665
4665
4663
4662
4662
4660
4658
4659
4658
4656
4654
4654
4653
4651
4650
4649
4648
4649
4647
4646
4644
4644
4643
4643
4641
4641
4640
4638
4637
4636
4635
4633
4632
4633
4632
4630
4630
4629
4626
4626
4624
4623
4622
4621
4620
4620
4619
4618
4616
4617
4614
4614
4613
4612
4611
4611
4610
4608
4607
4606
4604
4603
4604
4602
4601
4600
4600
4597
4597
4597
4596
4595
4592
4593
4592
4591
4589
4587
4587
4585
4584
4585
4583
4581
4581
4579
4580
4577
4578
4576
4576
4573
4574
4572
4571
4570
4569
4569
4568
4567
4566
4564
4564
4562
4561
4561
4558
4558
4556
4556
4555
4555
4553
4551
4552
4549
4549
4549
4546
4545
4546
4543
4543
4543
4542
4541
4538
4537
4538
4537
4534
4533
4533
4533
4531
4531
4530
4529
4527
4526
4525
4525
4523
4521
4521
4520
4518
4519
4517
4515
4514
4513
4513
4512
4512
4510
4509
4509
4508
4507
4506
4503
4504
4501
4500
4500
4499
4498
4496
4497
4494
4494
4492
4492
4492
4490
4488
4489
4487
4486
4485
4485
4484
4481
4481
4480
4480
4479
4478
4476
4476
4474
4474
4473
4470
4469
4468
4468
4467
4466
4465
4464
4463
4462
4460
4459
4458
4458
4457
4457
4454
4455
4453
4451
4452
4451
4450
4448
4446
4446
4444
4445
4443
4441
4442
4440
4438
4437
4436
4437
4436
4434
4433
4431
4431
4429
4429
4428
4427
4427
4425
4424
4423
4421
4422
4420
4419
4419
4416
4416
4414
4413
4413
4413
4410
4409
4409
4409
4408
4406
4405
4404
4402
4401
4402
4400
4398
4398
4396
4397
4395
4395
4393
4391
4390
4390
4390
4388
4386
4387
4384
4384
4383
4382
4381
4381
4378
4377
4377
4377
4376
4373
4373
4371
4371
4370
4370
4369
4368
4367
4366
4364
4362
4362
4362
4359
4358
4359
4358
4356
4356
4353
4352
4351
4351
4351
4349
4349
4346
4347
4345
4345
4342
4341
4342
4341
4339
4339
4337
4337
4335
4334
4332
4333
4330
4329
4328
4327
4326
4327
4326
4323
4324
4323
4321
4321
4320
4319
4317
4315
4316
4314
4314
4311
4311
4311
4310
4308
4307
4305
4304
4303
4303
4302
4300
4300
4298
4297
4298
4295
4295
4294
4292
4292
4292
4291
4288
4289
4288
4285
4286
4285
4283
4282
4282
4281
4279
4279
4277
4277
4274
4275
4272
4273
4271
4269
4270
4268
4268
4267
4266
4263
4264
4261
4261
4260
4258
4257
4256
4257
4254
4255
4254
4252
4251
4251
4249
4247
4248
4245
4244
4243
4244
4241
4242
4240
4240
4239
4236
4236
4236
4233
4233
4232
4231
4229
4228
4228
4226
4226
4225
4223
4223
4222
4221
4221
4220
4218
4216
4216
4215
4213
4213
4212
4210
4210
4208
4207
4208
4205
4205
4205
4203
4201
4200
4201
4200
4198
4196
4197
4196
4193
4193
4191
4192
4189
4188
4188
4187
4185
4186
4185
4182
4182
4182
4180
4179
4179
4178
4176
4174
4174
4172
4171
4170
4169
4170
4169
4168
4166
4165
4164
4163
4161
4161
4159
4159
4158
4158
4157
4155
4155
4152
4152
4152
4151
4148
4147
4148
4145
4146
4143
4142
4143
4140
4139
4138
4137
4138
4137
4135
4134
4132
4131
4132
4130
4128
4127
4128
4125
4124
4124
4123
4121
4120
4119
4118
4117
4117
4115
4116
4113
4113
4113
4112
4111
4110
4109
4106
4106
4105
4104
4102
4102
4102
4099
4098
4098
4096
4097
4096
4095
4092
4091
4092
4089
4088
4088
4087
4087
4085
4083
4084
4083
4082
4081
4078
4078
4078
4075
4074
4073
4072
4073
4072
4071
4070
4069
4067
4066
4066
4064
4062
4061
4061
4059
4058
4057
4057
4055
4056
4053
4052
4051
4050
4050
4048
4047
4048
4045
4045
4044
4042
4042
4041
4040
4039
4037
4036
4035
4035
4034
4033
4033
4031
4029
4028
4027
4026
4026
4024
4024
4023
4022
4022
4019
4020
4019
4016
4015
4016
4014
4013
4012
4010
4011
4010
4007
4006
4005
4004
4003
4003
4003
4002
4000
4000
3999
3997
3995
3996
3995
3993
3992
3990
3990
3989
3987
3986
3987
3985
3983
3983
3981
3981
3979
3978
3978
3976
3975
3976
3974
3972
3973
3970
3970
3968
3969
3967
3967
3966
3963
3963
3962
3962
3961
3960
3958
3956
3956
3955
3954
3953
3951
3951
3949
3949
3949
3948
3947
3944
3944
3942
3942
3941
3939
3938
3939
3938
3937
3935
3933
3934
3931
3932
3931
3928
3927
3927
3926
3925
3925
3922
3921
3920
3921
3919
3919
3918
3916
3915
3913
3912
3912
3911
3911
3910
3909
3907
3905
3906
3904
3903
3902
3901
3899
3900
3899
3897
3895
3895
3893
3892
3893
3891
3891
3889
3887
3887
3885
3885
3883
3882
3883
3882
3879
3879
3879
3876
3875
3874
3875
3873
3872
3871
3870
3870
3867
3867
3866
3865
3865
3864
3863
3861
3860
3859
3858
3858
3855
3856
3854
3853
3852
3850
3850
3849
3849
3847
3847
3846
3844
3843
3843
3842
3839
3838
3838
3837
3836
3834
3835
3834
3832
3832
3829
3828
3828
3828
3827
3826
3825
3822
3822
3820
3819
3820
3818
3818
3816
3815
3813
3814
3811
3812
3811
3808
3809
3808
3807
3805
3803
3802
3801
3801
3801
3800
3798
3798
3797
3796
3795
3793
3793
3790
3790
3789
3788
3786
3785
3786
3784
3783
3781
3781
3779
3778
3777
3776
3777
3776
3773
3773
3771
3771
3771
3769
3767
3768
3765
3764
3764
3762
3763
3760
3759
3759
3758
3757
3756
3754
3755
3753
3753
3750
3749
3748
3747
3746
3746
3745
3744
3743
3743
3741
3739
3739
3739
3737
3736
3734
3735
3734
3731
3732
3730
3730
3727
3726
3725
3726
3724
3722
3721
3721
3719
3719
3719
3717
3717
3714
3713
3713
3713
3712
3710
3710
3707
3706
3706
3706
3705
3703
3703
3702
3699
3698
3698
3696
3696
3694
3693
3694
3692
3691
3690
3690
3687
3686
3686
3684
3684
3683
3683
3681
3680
3678
3678
3677
3676
3676
3674
3673
3671
3672
3670
3668
3669
3666
3666
3665
3664
3664
3662
3660
3660
3658
3657
3658
3656
3656
3655
3654
3652
3651
3649
3650
3649
3647
3646
3646
3644
3643
3641
3642
3639
3640
3637
3638
3636
3636
3634
3634
3633
3630
3629
3629
3627
3627
3625
3626
3623
3624
3622
3622
3621
3620
3619
3618
3616
3615
3614
3612
3611
3610
3609
3608
3609
3606
3605
3604
3603
3604
3602
3600
3599
3600
3598
3598
3596
3595
3594
3594
3593
3591
3591
3589
3587
3587
3585
3584
3583
3582
3582
3581
3579
3580
3578
3576
3575
3574
3575
3574
3573
3570
3571
3568
3569
3568
3567
3565
3564
3562
3562
3560
3560
3558
3559
3556
3557
3555
3554
3553
3553
3550
3551
3550
3549
3548
3545
3544
3545
3544
3543
3541
3539
3540
3539
3537
3537
3536
3535
3532
3531
3531
3531
3530
3529
3527
3525
3526
3523
3524
3522
3522
3519
3519
3518
3516
3515
3514
3514
3514
3511
3510
3511
3509
3507
3507
3505
3506
3504
3502
3502
3502
3501
3498
3499
3497
3496
3495
3494
3494
3492
3490
3490
3490
3489
3487
3487
3486
3485
3483
3481
3482
3481
3478
3477
3476
3477
3475
3474
3472
3473
3472
3469
3470
3469
3467
3466
3465
3465
3462
3462
3460
3460
3458
3457
3456
3457
3454
3454
3453
3452
3452
3450
3449
3449
3448
3445
3445
3444
3443
3441
3441
3439
3439
3437
3436
3437
3436
3434
3433
3431
3430
3429
3430
3428
3426
3425
3425
3424
3424
3421
3421
3420
3419
3417
3417
3416
3414
3413
3412
3412
3410
3410
3410
3409
3406
3407
3405
3403
3404
3402
3401
3399
3400
3397
3397
3395
3394
3395
3394
3391
3390
3390
3390
3388
3387
3385
3384
3385
3384
3382
3381
3381
3378
3379
3378
3375
3376
3375
3372
3372
3370
3370
3369
3369
3368
3365
3366
3363
3362
3363
3362
3359
3358
3358
3358
3355
3354
3353
3352
3353
3352
3350
3350
3349
3347
3347
3345
3344
3343
3342
3340
3341
3339
3339
3338
3336
3334
3334
3334
3332
3332
3330
3329
3327
3327
3326
3324
3324
3324
3321
3321
3320
3318
3317
3317
3316
3314
3315
3312
3312
3311
3310
3308
3307
3307
3307
3306
3304
3304
3301
3300
3301
3299
3299
3298
3295
3295
3293
3294
3293
3291
3289
3288
3288
3288
3287
3285
3285
3284
3282
3282
3281
3280
3277
3276
3276
3275
3273
3272
3272
3270
3269
3268
3269
3266
3267
3264
3263
3262
3261
3262
3261
3260
3259
3257
3257
3254
3255
3254
3253
3251
3250
3250
3248
3246
3245
3244
3244
3242
3242
3242
3240
3240
3237
3236
3235
3234
3234
3233
3232
3230
3229
3229
3229
3228
3225
3225
3223
3222
3221
3221
3221
3218
3217
3217
3215
3214
3215
3214
3212
3210
3211
3210
3208
3208
3206
3205
3203
3202
3203
3202
3200
3198
3197
3196
3195
3195
3195
3193
3193
3190
3191
3189
3188
3186
3185
3185
3184
3182
3182
3180
3180
3178
3178
3178
3175
3174
3174
3172
3172
3171
3169
3168
3168
3167
3165
3166
3163
3162
3161
3162
3160
3158
3158
3158
3155
3156
3154
3154
3153
3152
3149
3148
3149
3148
3145
3144
3145
3143
3142
3140
3139
3139
3137
3138
3136
3136
3134
3133
3131
3132
3130
3129
3129
3128
3126
3125
3125
3124
3121
3122
3120
3119
3118
3117
3115
3116
3114
3112
3112
3112
3110
3109
3109
3108
3107
3104
3104
3102
3102
3102
3099
3098
3097
3096
3096
3095
3095
3092
3092
3090
3090
3090
3089
3088
3086
3084
3084
3082
3081
3082
3080
3080
3079
3076
3077
3075
3074
3073
3073
3070
3070
3070
3068
3068
3066
3064
3065
3062
3062
3060
3060
3060
3058
3057
3056
3054
3055
3054
3052
3050
3051
3050
3047
3047
3045
3044
3043
3044
3043
3042
3041
3039
3037
3037
3036
3035
3034
3033
3033
3030
3031
3029
3029
3027
3025
3026
3025
3024
3022
3020
3021
3019
3017
3016
3017
3015
3013
3012
3011
3010
3009
3008
3008
3006
3007
3004
3005
3003
3003
3001
3001
3000
2997
2996
2996
2995
2995
2992
2991
2990
2990
2989
2989
2987
2986
2986
2983
2982
2981
2980
2979
2979
2978
2978
2976
2975
2974
2972
2973
2970
2971
2970
2967
2967
2967
2966
2963
2963
2961
2961
2961
2960
2957
2958
2956
2956
2955
2954
2953
2950
2951
2948
2948
2947
2946
2944
2945
2944
2942
2942
2939
2939
2939
2937
2935
2936
2934
2933
2932
2931
2929
2928
2928
2926
2925
2924
2923
2922
2921
2920
2920
2918
2918
2916
2917
2916
2913
2913
2913
2912
2910
2908
2907
2907
2907
2905
2903
2903
2901
2901
2901
2898
2899
2897
2895
2894
2895
2893
2892
2892
2890
2890
2889
2886
2887
2886
2883
2882
2883
2880
2879
2878
2878
2876
2875
2874
2875
2872
2872
2872
2869
2869
2867
2866
2865
2865
2863
2862
2861
2862
2861
2859
2858
2856
2857
2855
2855
2852
2853
2851
2850
2850
2847
2848
2845
2844
2845
2843
2842
2841
2840
2839
2837
2838
2836
2835
2833
2833
2832
2830
2830
2830
2827
2828
2825
2824
2824
2824
2822
2820
2821
2820
2817
2816
2816
2815
2813
2813
2813
2812
2809
2809
2808
2807
2805
2806
2803
2804
2803
2802
2799
2798
2799
2796
2796
2796
2795
2794
2791
2790
2790
2790
2787
2787
2785
2786
2783
2782
2783
2782
2779
2780
2779
2777
2776
2776
2774
2774
2772
2771
2771
2770
2769
2767
2765
2764
2765
2762
2761
2762
2760
2760
2759
2758
2755
2756
2755
2753
2751
2751
2750
2748
2749
2746
2747
2744
2743
2743
2741
2742
2739
2738
2739
2738
2737
2735
2733
2733
2732
2731
2729
2730
2727
2726
2727
2724
2725
2724
2723
2720
2720
2719
2718
2716
2716
2715
2715
2714
2711
2710
2709
2708
2707
2708
2705
2706
2704
2702
2703
2700
2701
2700
2697
2698
2695
2694
2694
2692
2691
2690
2690
2689
2688
2686
2685
2685
2685
2684
2682
2682
2679
2679
2677
2676
2677
2674
2673
2672
2672
2672
2670
2668
2667
2668
2666
2665
2663
2664
2663
2660
2659
2658
2659
2656
2656
2656
2654
2652
2653
2650
2651
2650
2647
2648
2645
2646
2643
2644
2641
2642
2641
2638
2637
2638
2637
2636
2634
2634
2632
2631
2629
2628
2629
2628
2625
2625
2625
2624
2622
2622
2621
2619
2619
2618
2616
2614
2615
2614
2613
2611
2611
2608
2608
2607
2605
2605
2603
2604
2601
2600
2599
2599
2597
2598
2595
2594
2594
2592
2593
2590
2589
2589
2589
2586
2587
2584
2584
2584
2581
2582
2579
2578
2579
2578
2576
2576
2573
2574
2572
2570
2571
2570
2569
2568
2565
2564
2563
2563
2561
2562
2560
2559
2558
2556
2557
2554
2555
2553
2551
2550
2549
2549
2547
2548
2546
2546
2545
2543
2543
2542
2539
2540
2538
2538
2536
2536
2533
2534
2533
2532
2530
2529
2527
2526
2525
2524
2524
2524
2523
2522
2521
2520
2518
2516
2517
2516
2513
2514
2513
2512
2510
2508
2508
2507
2507
2504
2504
2502
2503
2500
2499
2499
2499
2496
2497
2496
2494
2493
2493
2491
2490
2490
2488
2488
2487
2484
2483
2482
2482
2482
2479
2480
2479
2476
2476
2476
2473
2472
2471
2471
2469
2468
2469
2468
2467
2466
2465
2462
2462
2461
2461
2460
2457
2456
2455
2455
2455
2452
2453
2451
2449
2450
2447
2446
2447
2444
2443
2443
2441
2441
2441
2438
2438
2438
2436
2434
2433
2432
2433
2431
2429
2430
2429
2427
2425
2426
2425
2422
2421
2421
2420
2419
2419
2416
2417
2416
2413
2414
2411
2410
2409
2410
2408
2406
2405
2406
2404
2402
2402
2400
2401
2400
2397
2398
2395
2395
2395
2392
2392
2390
2391
2389
2388
2388
2386
2384
2385
2383
2381
2382
2381
2379
2377
2376
2376
2375
2374
2372
2373
2372
2370
2369
2369
2368
2366
2366
2363
2363
2361
2362
2361
2358
2358
2356
2357
2356
2355
2353
2352
2350
2351
2349
2348
2348
2345
2345
2344
2343
2343
2340
2340
2338
2338
2336
2337
2334
2335
2332
2333
2330
2330
2330
2328
2328
2327
2325
2323
2324
2322
2322
2321
2318
2319
2318
2315
2316
2314
2313
2311
2310
2310
2310
2307
2306
2307
2305
2305
2304
2303
2301
2299
2299
2297
2297
2297
2294
2294
2294
2292
2292
2291
2289
2289
2287
2285
2286
2283
2284
2282
2281
2281
2280
2277
2277
2275
2274
2273
2274
2271
2270
2270
2269
2269
2268
2265
2265
2263
2264
2262
2261
2260
2258
2259
2256
2255
2255
2253
2252
2252
2252
2251
2249
2248
2246
2245
2246
2244
2242
2243
2242
2240
2238
2237
2236
2235
2235
2234
2233
2231
2232
2231
2229
2228
2228
2227
2225
2224
2222
2223
2220
2221
2220
2219
2217
2215
2216
2214
2214
2211
2210
2211
2209
2207
2208
2205
2205
2205
2203
2203
2200
2201
2200
2197
2197
2197
2196
2193
2193
2192
2192
2191
2188
2189
2187
2187
2184
2184
2183
2181
2182
2180
2180
2179
2178
2177
2176
2174
2173
2172
2170
2169
2169
2167
2166
2165
2164
2163
2162
2163
2161
2159
2160
2159
2156
2156
2156
2154
2153
2151
2151
2150
2149
2147
2146
2146
2146
2143
2144
2143
2140
2140
2140
2139
2137
2137
2134
2135
2134
2131
2131
2131
2128
2127
2127
2126
2124
2123
2124
2122
2121
2119
2120
2117
2117
2116
2115
2114
2114
2113
2111
2111
2108
2108
2108
2107
2104
2105
2103
2101
2102
2101
2100
2098
2097
2096
2094
2094
2094
2091
2090
2089
2089
2087
2087
2085
2085
2083
2084
2082
2080
2079
2079
2077
2078
2075
2076
2073
2072
2071
2070
2070
2068
2068
2068
2067
2064
2063
2063
2061
2060
2060
2059
2057
2056
2055
2054
2055
2053
2051
2050
2050
2049
2047
2048
2045
2044
2044
2042
2043
2042
2040
2038
2037
2036
2035
2034
2034
2032
2032
2032
2031
2029
2028
2028
2026
2025
2023
2022
2021
2020
2021
2020
2019
2018
2016
2016
2013
2012
2011
2012
2011
2009
2009
2007
2007
2006
2004
2003
2002
2002
1999
1998
1997
1997
1995
1995
1994
1992
1991
1992
1990
1990
1989
1987
1986
1985
1983
1983
1983
1980
1981
1980
1979
1977
1975
1975
1975
1973
1973
1971
1971
1968
1968
1968
1965
1966
1965
1963
1961
1962
1960
1959
1959
1956
1957
1954
1953
1952
1953
1952
1950
1949
1948
1946
1946
1944
1943
1943
1942
1940
1941
1939
1938
1937
1937
1935
1933
1933
1931
1930
1930
1930
1929
1926
1926
1926
1924
1923
1921
1920
1919
1919
1917
1918
1917
1916
1915
1914
1911
1912
1909
1908
1907
1907
1906
1906
1903
1904
1902
1901
1899
1898
1897
1896
1896
1895
1893
1894
1893
1890
1890
1888
1889
1888
1886
1885
1884
1882
1882
1881
1879
1880
1878
1878
1876
1874
1875
1874
1871
1872
1869
1868
1869
1867
1865
1866
1864
1862
1863
1861
1860
1858
1857
1856
1855
1855
1855
1853
1852
1850
1851
1848
1847
1847
1847
1845
1845
1843
1841
1842
1840
1838
1839
1837
1835
1834
1834
1834
1832
1830
1829
1830
1829
1826
1825
1826
1824
1822
1822
1821
1820
1819
1819
1818
1816
1815
1813
1812
1811
1811
1809
1810
1809
1806
1806
1804
1804
1804
1803
1802
1799
1798
1797
1798
1796
1795
1795
1793
1792
1791
1789
1789
1787
1788
1785
1785
1784
1783
1783
1782
1781
1780
1779
1776
1777
1774
1773
1773
1771
1770
1771
1769
1768
1768
1766
1764
1763
1763
1763
1760
1761
1758
1758
1756
1757
1756
1754
1753
1751
1751
1750
1749
1747
1747
1746
1745
1745
1744
1743
1740
1739
1739
1738
1738
1736
1735
1733
1732
1733
1730
1729
1728
1728
1728
1725
1725
1724
1724
1721
1721
1720
1720
1719
1718
1715
1715
1713
1712
1712
1711
1710
1709
1709
1706
1707
1705
1704
1702
1702
1702
1699
1700
1699
1697
1696
1694
1693
1692
1693
1691
1691
1689
1687
1686
1687
1685
1684
1682
1683
1680
1680
1679
1677
1678
1676
1676
1673
1673
1673
1672
1669
1668
1669
1668
1667
1665
1665
1662
1662
1662
1660
1659
1659
1658
1656
1655
1654
1653
1652
1650
1650
1649
1648
1648
1645
1645
1645
1643
1643
1641
1640
1640
1637
1636
1636
1636
1634
1633
1631
1630
1629
1630
1628
1628
1626
1624
1623
1624
1623
1620
1620
1619
1618
1616
1616
1616
1614
1612
1611
1610
1609
1609
1607
1606
1607
1605
1603
1602
1601
1600
1600
1599
1597
1598
1595
1596
1593
1594
1592
1590
1589
1588
1589
1588
1586
1584
1584
1582
1582
1582
1580
1580
1578
1577
1575
1574
1574
1572
1572
1571
1570
1570
1567
1568
1567
1566
1564
1563
1563
1561
1560
1560
1558
1556
1557
1554
1554
1553
1552
1551
1549
1548
1547
1548
1546
1545
1545
1542
1543
1541
1539
1540
1538
1537
1536
1534
1533
1532
1533
1532
1531
1530
1529
1526
1527
1525
1525
1524
1523
1520
1519
1518
1517
1517
1517
1516
1515
1514
1512
1510
1509
1510
1507
1507
1505
1506
1503
1503
1501
1500
1500
1500
1499
1497
1496
1494
1495
1492
1493
1492
1489
1488
1489
1487
1486
1484
1484
1484
1483
1482
1479
1478
1478
1476
1477
1474
1475
1474
1472
1471
1469
1470
1467
1468
1466
1465
1463
1463
1463
1462
1460
1458
1459
1457
1456
1456
1454
1452
1452
1451
1449
1449
1449
1446
1447
1445
1443
1444
1443
1442
1439
1440
1439
1438
1437
1435
1434
1432
1431
1431
1429
1429
1428
1427
1427
1425
1423
1423
1423
1422
1419
1420
1418
1418
1415
1414
1414
1413
1411
1410
1409
1410
1407
1406
1406
1404
1405
1404
1402
1402
1400
1400
1397
1397
1395
1394
1395
1393
1393
1391
1389
1390
1388
1387
1387
1384
1385
1383
1382
1380
1380
1380
1379
1378
1375
1375
1373
1372
1372
1372
1371
1368
1368
1366
1366
1364
1363
1363
1362
1360
1359
1360
1357
1357
1356
1354
1355
1353
1353
1351
1350
1348
1348
1347
1345
1345
1345
1343
1343
1341
1339
1339
1338
1336
1337
1334
1333
1332
1332
1332
1329
1329
1328
1328
1326
1324
1325
1322
1323
1321
1321
1319
1319
1316
1317
1315
1315
1314
1313
1311
1309
1309
1307
1306
1307
1306
1304
1302
1301
1300
1301
1299
1299
1298
1295
1295
1293
1292
1291
1292
1291
1290
1287
1286
1286
1284
1284
1282
1283
1281
1279
1278
1279
1276
1275
1276
1274
1274
1273
1272
1269
1270
1267
1266
1267
1266
1263
1264
1263
1260
1260
1258
1257
1257
1255
1256
1254
1254
1252
1251
1249
1249
1249
1247
1247
1245
1243
1242
1242
1240
1241
1239
1237
1237
1237
1236
1233
1234
1233
1230
1229
1228
1227
1228
1227
1225
1225
1223
1221
1220
1219
1220
1218
1218
1215
1216
1213
1212
1213
1211
1210
1208
1207
1207
1206
1205
1204
1203
1202
1200
1200
1200
1198
1196
1197
1195
1194
1193
1191
1190
1191
1188
1189
1187
1186
1184
1183
1183
1181
1181
1180
1180
1178
1178
1176
1176
1173
1172
1172
1172
1170
1168
1169
1166
1165
1166
1165
1162
1161
1160
1160
1158
1158
1157
1155
1156
1154
1153
1153
1151
1151
1148
1148
1147
1145
1144
1143
1143
1142
1142
1140
1138
1137
1136
1136
1135
1135
1133
1132
1130
1130
1128
1129
1128
1126
1126
1123
1124
1121
1122
1121
1119
1117
1117
1117
1114
1115
1113
1112
1110
1109
1108
1108
1107
1106
1104
1103
1102
1102
1101
1101
1098
1099
1097
1096
1095
1094
1093
1092
1091
1090
1089
1087
1087
1087
1084
1084
1084
1082
1081
1079
1080
1078
1078
1076
1074
1073
1073
1072
1072
1069
1068
1067
1066
1067
1066
1065
1062
1062
1061
1059
1060
1057
1056
1055
1056
1054
1053
1053
1050
1049
1049
1047
1048
1046
1046
1045
1044
1042
1041
1041
1040
1039
1036
1035
1036
1033
1032
1031
1031
1031
1029
1027
1028
1026
1025
1025
1022
1021
1020
1019
1019
1019
1017
1015
1014
1013
1012
1011
1012
1011
1008
1009
1008
1006
1004
1005
1003
1002
1000
1001
998
998
996
995
996
994
992
991
992
990
990
987
986
985
985
985
984
983
980
981
980
977
977
976
975
974
973
971
972
970
970
967
968
965
965
963
964
963
961
960
958
957
958
957
956
953
953
953
951
951
949
947
948
946
946
944
944
942
941
939
938
938
936
935
935
935
933
931
932
931
929
927
927
926
926
923
922
922
920
920
918
918
918
915
916
914
914
911
910
910
908
908
908
906
906
904
903
902
902
899
898
899
897
896
894
894
894
891
890
891
890
888
888
886
884
885
883
883
880
881
880
878
877
876
874
874
873
872
872
869
868
867
868
867
866
863
862
861
861
860
860
859
857
857
854
854
852
853
851
849
848
847
848
846
844
845
842
842
841
841
840
839
836
837
835
834
832
833
831
831
829
828
827
827
826
823
823
823
820
820
820
817
817
816
814
815
813
811
811
810
808
808
806
807
805
805
803
803
802
801
800
797
797
797
795
793
792
793
790
789
788
787
787
785
786
785
782
782
782
781
780
777
777
775
774
773
774
772
770
770
769
769
766
765
766
764
763
763
761
759
758
759
756
757
754
753
753
751
751
750
748
748
747
746
746
745
744
743
741
741
740
737
736
737
735
735
733
731
730
731
728
727
728
726
724
725
724
722
721
720
718
718
717
716
715
713
713
711
710
709
709
709
707
706
705
705
703
703
702
700
698
698
698
697
696
695
692
692
691
690
689
688
688
687
685
683
682
681
682
679
679
677
676
677
676
675
674
672
670
671
668
667
666
665
664
663
662
661
660
661
659
658
657
656
654
655
654
652
650
650
649
649
647
646
645
643
644
642
642
641
639
637
636
637
634
633
634
632
631
629
629
629
627
625
625
625
624
623
620
619
618
619
618
615
615
614
613
611
610
610
608
609
607
605
605
603
603
602
602
601
600
598
598
595
595
595
593
592
591
590
590
588
587
586
586
583
582
582
581
579
580
579
578
577
576
574
572
571
570
571
568
567
567
566
564
565
562
563
562
560
559
558
556
557
554
553
552
552
551
551
550
548
548
545
544
545
543
541
541
541
538
538
538
537
536
534
534
531
530
530
529
529
528
525
526
523
522
521
522
521
518
518
516
517
515
514
514
512
511
509
509
509
508
507
505
503
502
502
500
500
498
497
497
496
494
494
493
492
491
490
489
489
488
486
486
485
482
483
481
479
480
477
478
475
476
475
472
471
471
470
470
468
467
466
466
465
464
462
460
460
460
458
457
455
455
454
452
452
450
450
449
448
447
447
445
444
444
443
442
439
438
438
438
435
434
433
434
431
431
430
430
429
426
426
426
424
424
423
421
420
419
417
416
417
414
414
413
413
411
410
410
408
406
407
406
404
404
403
401
400
399
398
396
396
394
393
393
391
390
389
389
388
386
386
386
384
382
382
380
381
378
378
377
376
375
373
372
372
370
371
370
368
368
366
365
365
364
363
362
359
360
359
357
355
355
353
354
351
350
350
350
347
348
346
345
344
342
343
342
340
338
339
336
337
335
334
333
332
331
330
329
328
327
325
326
324
324
323
321
321
318
318
318
315
315
315
313
312
312
310
310
309
306
305
305
303
304
301
301
299
298
297
297
296
295
295
294
292
291
290
288
289
286
286
286
285
283
282
280
279
278
277
277
275
275
275
273
271
270
271
269
267
266
265
266
263
264
261
261
260
259
257
256
257
256
253
253
251
252
251
249
249
246
247
245
244
242
243
242
240
238
238
238
236
234
234
233
233
231
229
230
228
226
225
225
225
223
222
220
220
218
219
217
216
216
215
212
213
211
209
209
209
207
205
205
204
204
203
202
201
200
199
196
195
196
195
192
192
190
190
188
189
187
186
184
184
183
183
180
179
180
179
176
176
176
174
173
172
171
170
168
169
167
166
166
163
163
162
162
161
158
157
157
156
156
153
154
151
150
149
148
149
148
146
145
144
142
141
141
141
140
138
137
135
135
134
133
133
130
130
130
128
128
127
126
124
122
121
121
119
118
119
118
115
115
114
114
113
112
109
109
109
106
107
104
104
104
103
101
101
98
97
96
95
96
94
93
93
91
89
90
88
88
87
86
84
84
81
81
81
79
77
77
76
74
74
72
71
70
70
70
68
68
65
65
65
63
63
60
61
58
57
57
56
54
55
54
53
52
50
49
47
46
45
44
44
44
41
41
39
40
37
38
37
34
33
34
33
31
31
30
28
26
26
26
24
22
21
20
19
20
19
16
15
14
13
13
13
12
11
8
8
6
5
5
4
2
1
