2000
0
1
3
4
5
7
6
7
9
11
12
11
14
14
14
15
16
17
18
19
20
21
22
24
26
26
27
27
28
30
31
32
34
35
36
36
36
37
39
40
40
43
43
43
44
45
46
49
49
51
50
53
54
54
55
57
58
59
58
61
62
62
63
65
65
66
68
68
70
70
70
71
72
73
74
77
76
78
80
80
80
83
82
84
85
87
87
88
88
90
92
91
92
93
96
96
98
98
99
101
101
103
104
104
106
105
106
109
110
109
111
111
112
113
116
117
118
117
119
121
121
121
124
124
124
125
126
127
130
131
132
131
134
135
134
136
138
138
140
141
142
141
142
143
145
147
148
148
148
149
151
152
152
155
154
157
156
157
160
159
160
163
164
163
165
167
167
169
168
170
172
173
172
173
176
176
176
177
178
179
180
183
183
185
186
187
187
187
190
190
190
191
193
195
194
195
198
197
198
199
201
203
202
204
204
206
207
207
209
210
210
213
213
215
215
215
217
217
219
220
222
221
222
224
226
225
227
229
229
231
230
232
234
233
234
237
237
238
240
239
240
241
242
244
246
247
246
248
249
250
250
251
254
253
256
257
257
258
260
260
261
263
264
264
264
265
266
269
270
270
270
273
273
273
275
277
276
278
279
280
281
283
284
283
286
286
286
289
288
289
291
293
294
294
295
296
297
298
299
299
302
302
302
304
306
305
307
307
310
311
312
311
314
315
316
317
317
317
320
321
321
321
324
324
325
325
326
328
330
330
332
333
332
333
335
337
336
337
338
341
342
343
343
345
346
346
348
347
350
351
350
352
352
355
355
357
356
358
359
360
360
362
362
363
366
367
366
367
368
370
370
373
373
374
374
375
376
379
378
380
381
382
384
385
385
385
386
387
388
390
391
391
392
395
395
397
397
398
400
400
402
401
403
404
406
406
407
408
409
410
412
412
412
415
414
415
416
418
418
419
421
422
423
424
424
427
427
429
429
430
431
432
433
435
436
437
438
437
438
439
442
443
443
443
446
445
446
447
450
450
451
451
454
455
456
455
457
458
460
461
462
461
462
464
464
465
467
469
468
470
471
471
473
475
475
475
476
479
479
479
480
483
482
485
484
485
488
489
489
491
492
492
494
493
494
497
497
498
498
501
500
502
504
504
505
506
508
509
508
510
510
511
513
513
514
517
518
517
519
519
522
522
524
525
526
525
526
528
529
529
531
533
534
535
534
535
536
538
538
541
542
541
542
544
546
546
546
548
550
551
552
551
552
555
554
555
558
557
560
561
561
562
563
563
564
565
568
567
569
571
570
571
573
574
576
575
576
579
579
579
581
581
582
583
584
586
586
587
590
589
590
592
593
594
596
597
597
598
598
601
602
602
603
603
606
605
606
609
608
611
612
611
612
614
614
616
616
618
620
621
621
623
622
623
624
626
628
627
630
629
630
632
634
634
636
636
638
639
639
640
642
642
643
643
644
647
647
647
648
650
650
651
652
654
655
656
658
659
660
661
660
661
663
665
665
666
666
669
669
671
670
672
673
674
675
677
677
677
680
681
681
683
682
685
685
687
687
687
689
690
690
693
693
693
695
695
697
699
700
699
701
701
703
705
706
707
707
707
708
711
711
713
713
714
715
715
716
717
720
721
722
721
723
723
724
725
727
729
730
731
730
732
734
734
735
737
738
737
738
741
740
742
744
743
744
746
746
748
750
749
752
752
753
754
756
756
758
758
759
761
760
762
763
763
764
765
766
769
769
770
770
773
772
773
776
776
777
777
778
780
781
781
782
783
785
785
788
788
790
789
791
791
794
795
794
796
796
798
798
800
800
801
802
804
804
805
806
807
810
810
812
811
813
815
815
815
816
817
820
821
822
821
824
825
824
826
826
827
828
830
832
832
834
834
836
836
837
837
839
839
841
842
843
843
844
847
848
848
849
850
851
851
854
855
854
855
856
858
859
859
860
861
864
865
865
866
867
867
870
869
871
872
873
874
874
877
876
879
879
881
881
881
882
883
886
886
887
887
890
891
891
893
894
893
896
896
898
899
900
901
902
902
903
904
906
907
906
908
909
911
910
911
914
914
914
915
918
919
918
921
921
923
924
924
924
927
926
929
929
931
932
932
932
935
936
936
937
937
940
939
940
943
943
943
945
947
946
948
950
951
950
952
954
953
956
957
956
959
958
961
962
961
962
963
966
965
967
968
969
969
972
972
973
973
976
977
976
977
979
979
982
983
983
984
984
986
988
988
989
991
990
992
994
995
995
997
998
998
999
1000
1002
1001
1002
1003
1005
1007
1006
1009
1008
1011
1010
1011
1014
1014
1014
1017
1016
1019
1019
1020
1022
1021
1024
1024
1026
1026
1027
1029
1030
1031
1031
1033
1032
1035
1034
1035
1038
1038
1040
1041
1040
1041
1043
1043
1046
1046
1046
1049
1049
1049
1051
1051
1052
1053
1055
1057
1058
1058
1059
1059
1061
1062
1062
1063
1064
1065
1066
1069
1070
1069
1070
1071
1072
1074
1075
1077
1076
1079
1080
1080
1082
1081
1083
1083
1085
1085
1088
1087
1089
1090
1091
1091
1094
1094
1095
1097
1096
1098
1098
1101
1102
1101
1102
1105
1106
1107
1108
1109
1110
1110
1110
1113
1113
1114
1116
1117
1117
1119
1118
1120
1120
1123
1124
1124
1124
1125
1127
1127
1129
1130
1130
1132
1134
1135
1134
1136
1137
1137
1138
1140
1141
1141
1143
1143
1146
1146
1148
1148
1148
1151
1150
1152
1153
1155
1156
1155
1158
1159
1159
1160
1160
1163
1164
1163
1166
1165
1167
1168
1168
1169
1172
1172
1173
1174
1175
1176
1178
1178
1178
1179
1181
1181
1183
1184
1186
1187
1187
1189
1190
1189
1190
1193
1192
1193
1194
1197
1196
1199
1198
1199
1200
1201
1204
1204
1205
1206
1208
1207
1208
1209
1211
1212
1213
1214
1214
1215
1217
1218
1218
1219
1220
1221
1224
1223
1224
1225
1226
1228
1228
1230
1232
1232
1234
1235
1236
1235
1236
1237
1240
1240
1240
1241
1243
1245
1246
1246
1246
1247
1249
1250
1250
1252
1254
1254
1256
1256
1258
1259
1260
1261
1262
1263
1262
1264
1265
1265
1268
1267
1268
1270
1271
1273
1272
1273
1276
1277
1278
1279
1278
1279
1281
1282
1284
1284
1286
1286
1288
1288
1290
1291
1290
1292
1293
1294
1296
1296
1298
1298
1299
1299
1301
1301
1304
1305
1305
1306
1307
1308
1310
1311
1311
1311
1313
1313
1316
1315
1318
1319
1320
1320
1322
1321
1324
1324
1324
1327
1328
1327
1330
1330
1330
1331
1332
1334
1336
1337
1336
1338
1338
1341
1341
1343
1343
1345
1344
1346
1348
1349
1350
1351
1351
1352
1353
1354
1354
1356
1357
1357
1359
1359
1362
1363
1363
1365
1365
1366
1367
1369
1370
1371
1372
1371
1373
1374
1374
1376
1376
1378
1380
1381
1380
1381
1383
1384
1385
1387
1386
1387
1388
1390
1391
1391
1394
1395
1394
1395
1396
1397
1398
1400
1402
1401
1403
1404
1406
1405
1406
1409
1409
1411
1412
1413
1412
1414
1416
1415
1417
1419
1418
1420
1422
1423
1424
1424
1426
1425
1428
1428
1428
1429
1432
1433
1433
1434
1435
1435
1437
1437
1439
1441
1442
1442
1442
1443
1444
1447
1447
1449
1449
1450
1451
1451
1453
1454
1456
1457
1458
1457
1458
1461
1460
1463
1464
1465
1464
1467
1468
1469
1470
1469
1472
1473
1472
1475
1474
1475
1478
1478
1478
1480
1481
1482
1484
1483
1484
1485
1488
1489
1488
1491
1492
1492
1493
1493
1494
1495
1498
1499
1498
1501
1501
1501
1503
1504
1505
1505
1508
1507
1509
1509
1511
1511
1514
1515
1515
1515
1518
1517
1518
1521
1521
1522
1523
1523
1525
1526
1526
1527
1529
1530
1530
1531
1534
1534
1536
1535
1538
1539
1538
1540
1542
1541
1544
1545
1544
1545
1546
1549
1550
1550
1552
1551
1554
1553
1555
1555
1558
1557
1559
1559
1561
1562
1563
1564
1565
1565
1567
1567
1568
1569
1572
1571
1573
1575
1574
1577
1576
1578
1579
1579
1580
1582
1583
1585
1586
1585
1587
1588
1588
1589
1591
1592
1594
1593
1595
1596
1598
1597
1600
1599
1600
1601
1602
1605
1604
1607
1607
1607
1608
1609
1612
1611
1614
1613
1615
1616
1616
1617
1620
1619
1620
1623
1622
1623
1624
1626
1627
1629
1629
1631
1630
1631
1634
1635
1634
1635
1637
1637
1639
1640
1641
1641
1642
1644
1645
1647
1646
1648
1650
1650
1650
1653
1653
1653
1654
1656
1658
1659
1660
1660
1662
1663
1664
1665
1665
1665
1668
1669
1669
1670
1672
1673
1673
1675
1675
1677
1677
1679
1680
1680
1680
1683
1682
1685
1684
1686
1686
1689
1690
1691
1691
1692
1692
1694
1696
1696
1698
1698
1700
1699
1702
1702
1702
1705
1705
1707
1707
1707
1710
1709
1711
1711
1712
1715
1716
1715
1717
1717
1718
1720
1721
1723
1722
1724
1725
1727
1726
1728
1729
1731
1731
1732
1733
1735
1734
1735
1738
1737
1738
1740
1741
1742
1744
1745
1745
1746
1746
1747
1748
1750
1751
1752
1753
1755
1756
1755
1758
1759
1759
1760
1760
1761
1764
1765
1764
1765
1766
1767
1769
1770
1772
1773
1772
1775
1776
1777
1777
1777
1778
1780
1782
1782
1782
1784
1784
1787
1787
1787
1788
1789
1791
1791
1792
1794
1794
1796
1798
1797
1799
1800
1802
1803
1802
1803
1805
1805
1806
1807
1808
1809
1810
1811
1814
1813
1815
1815
1817
1819
1819
1820
1822
1821
1824
1823
1826
1825
1827
1829
1830
1830
1830
1833
1832
1834
1836
1837
1838
1837
1838
1839
1840
1841
1842
1843
1846
1846
1846
1848
1848
1851
1852
1851
1852
1855
1855
1855
1858
1857
1858
1860
1862
1861
1863
1865
1866
1865
1868
1868
1869
1869
1871
1873
1873
1874
1876
1875
1878
1878
1879
1879
1881
1882
1883
1885
1885
1885
1886
1889
1890
1889
1891
1892
1893
1893
1896
1896
1897
1898
1900
1899
1901
1902
1904
1903
1904
1905
1907
1907
1909
1910
1911
1913
1912
1914
1916
1917
1917
1919
1919
1919
1920
1921
1924
1924
1924
1926
1928
1929
1928
1929
1932
1933
1933
1935
1934
1937
1938
1938
1938
1939
1940
1943
1943
1944
1944
1945
1946
1949
1948
1951
1950
1951
1954
1953
1955
1956
1958
1959
1958
1961
1962
1961
1964
1964
1964
1967
1966
1968
1970
1970
1971
1973
1973
1973
1975
1976
1977
1979
1978
1980
1982
1982
1984
1983
1985
1986
1987
1988
1989
1991
1991
1991
1992
1994
1996
1995
1997
1999
1999
2000
