16000
0
1
4
4
6
7
8
7
10
9
12
12
12
14
16
17
16
18
19
19
22
21
22
24
24
26
26
27
28
29
30
32
32
33
36
37
38
37
38
41
40
42
43
44
46
45
46
47
49
51
51
53
54
54
54
56
56
57
59
60
61
63
64
63
64
65
66
69
68
71
72
72
72
74
76
75
77
78
78
80
81
81
82
84
85
86
86
89
89
90
90
91
92
93
94
95
96
98
99
100
100
102
102
104
104
107
107
109
109
111
110
111
114
114
116
117
118
119
119
120
121
121
124
125
125
125
126
129
129
131
130
133
132
133
134
136
136
139
139
139
140
143
143
143
145
146
148
147
149
151
150
153
154
155
155
155
158
159
160
161
161
161
163
163
165
165
168
169
168
170
172
171
174
174
175
175
178
178
179
179
180
182
182
185
185
187
186
189
189
189
191
192
192
193
196
196
197
198
199
201
201
202
202
203
204
207
207
207
209
211
211
213
214
214
214
215
217
217
218
220
221
222
224
225
224
227
227
229
229
229
232
233
233
233
236
237
236
238
238
241
241
243
244
244
244
247
248
247
248
249
251
252
254
254
256
257
256
257
258
261
261
263
264
263
264
267
266
268
269
269
270
271
274
275
275
275
278
277
278
279
281
282
284
284
284
286
287
288
290
290
291
291
294
293
295
297
296
299
298
301
302
303
304
305
306
306
306
309
308
310
310
312
312
315
314
317
318
317
318
320
322
322
322
324
326
326
327
327
328
331
330
331
333
334
334
337
338
337
339
339
342
343
342
343
345
346
348
348
349
351
350
352
354
353
356
356
358
358
359
359
361
363
362
363
364
365
368
367
368
370
372
372
372
375
375
375
376
378
379
381
381
382
383
383
386
385
388
388
390
390
392
391
393
395
395
397
396
398
398
401
402
401
402
403
406
407
407
407
408
411
412
413
414
413
415
417
418
417
420
420
422
422
424
424
425
426
426
428
430
430
431
431
433
434
435
436
436
439
440
440
441
443
444
444
445
445
447
447
449
449
452
451
453
455
456
457
456
458
460
459
460
461
463
465
464
467
467
467
469
469
470
471
472
475
476
477
478
477
480
479
481
482
483
485
485
486
486
488
490
491
492
493
492
493
496
495
496
498
500
500
502
503
502
503
505
505
508
508
509
511
511
513
513
513
515
517
517
518
519
520
521
522
524
525
526
526
526
529
528
531
532
531
533
533
535
535
536
538
539
540
540
541
542
545
545
547
548
547
550
549
552
551
554
554
554
557
556
558
560
560
561
563
564
564
566
566
568
569
568
570
571
572
574
575
575
575
578
577
580
580
582
582
583
585
584
585
588
587
590
590
592
591
593
595
596
595
597
599
599
600
601
603
602
603
606
607
608
609
609
610
610
612
612
615
614
615
618
619
619
620
621
622
622
625
625
625
627
627
628
631
630
632
634
633
634
636
637
637
638
639
641
642
643
644
645
647
648
648
650
649
651
651
654
654
655
657
658
659
660
659
662
663
663
664
665
667
667
667
670
671
670
671
673
675
676
675
678
679
679
680
681
683
684
683
685
686
686
688
689
689
691
691
692
693
694
697
696
698
700
701
701
701
703
705
706
706
706
708
710
711
710
711
713
713
715
716
718
719
720
720
720
722
723
723
725
726
727
729
728
729
730
731
734
735
734
736
737
738
739
739
740
742
742
745
746
747
746
749
750
749
750
753
753
755
754
756
758
758
759
759
760
762
762
765
765
766
767
767
770
771
770
771
774
775
776
776
778
778
779
780
782
782
783
784
786
787
786
788
790
790
791
791
793
793
796
797
797
798
800
799
801
802
803
804
805
805
808
807
810
810
812
813
812
813
815
817
816
818
819
821
820
822
824
824
825
827
828
829
829
830
830
831
832
834
835
836
838
838
840
841
840
842
844
844
846
846
847
847
848
849
850
851
853
854
854
857
857
859
860
859
861
863
862
865
864
867
867
867
870
870
872
873
872
875
875
875
876
877
879
880
881
882
884
883
884
885
888
889
890
891
892
892
893
894
895
897
896
897
900
899
902
901
902
905
904
906
908
908
910
910
912
911
912
915
914
915
918
917
918
921
922
921
923
924
925
927
927
929
928
930
930
933
934
933
936
937
938
939
939
941
941
943
942
945
945
946
946
949
950
950
952
953
953
954
955
955
957
957
960
960
961
963
964
963
964
966
966
968
969
971
970
973
973
973
976
975
978
977
978
981
982
981
984
983
985
985
987
987
988
989
990
993
993
995
994
996
997
998
1000
1001
1001
1001
1002
1005
1006
1005
1006
1008
1008
1010
1011
1011
1014
1013
1014
1016
1017
1019
1018
1021
1020
1021
1024
1024
1026
1025
1026
1028
1029
1030
1031
1033
1033
1035
1036
1035
1036
1037
1038
1040
1042
1042
1044
1044
1044
1045
1046
1049
1048
1049
1051
1052
1052
1054
1056
1055
1058
1057
1060
1060
1061
1062
1064
1064
1065
1066
1068
1068
1070
1071
1071
1072
1074
1074
1074
1075
1077
1078
1080
1081
1082
1082
1082
1084
1084
1085
1088
1087
1089
1091
1091
1091
1093
1093
1095
1097
1096
1098
1100
1101
1101
1102
1103
1103
1106
1107
1106
1108
1109
1109
1111
1112
1114
1115
1116
1117
1116
1119
1118
1121
1121
1122
1124
1123
1124
1127
1127
1127
1128
1129
1130
1132
1134
1135
1134
1136
1138
1138
1138
1139
1142
1143
1143
1144
1146
1146
1146
1147
1149
1150
1150
1151
1154
1153
1155
1155
1158
1159
1159
1161
1160
1163
1164
1165
1165
1167
1167
1167
1168
1170
1172
1171
1174
1174
1175
1176
1176
1179
1180
1181
1180
1181
1182
1184
1184
1187
1187
1187
1189
1189
1190
1193
1194
1195
1196
1196
1198
1198
1198
1200
1200
1203
1203
1205
1204
1205
1207
1208
1208
1210
1211
1212
1213
1215
1216
1216
1217
1217
1220
1220
1221
1221
1223
1224
1224
1226
1226
1228
1230
1230
1230
1231
1232
1234
1234
1236
1238
1239
1239
1239
1240
1243
1243
1245
1246
1246
1247
1249
1250
1250
1251
1252
1253
1255
1256
1255
1257
1257
1260
1261
1261
1263
1262
1265
1264
1267
1268
1268
1269
1269
1271
1271
1272
1273
1276
1276
1278
1278
1278
1280
1280
1283
1284
1285
1286
1285
1286
1288
1289
1291
1291
1291
1293
1294
1294
1295
1296
1299
1299
1299
1302
1301
1302
1304
1305
1305
1308
1307
1310
1309
1311
1311
1314
1315
1316
1316
1316
1318
1318
1320
1320
1322
1324
1323
1325
1325
1326
1329
1328
1331
1332
1331
1334
1333
1336
1335
1337
1338
1338
1340
1341
1343
1344
1344
1345
1346
1348
1349
1348
1349
1351
1353
1354
1354
1356
1356
1357
1357
1359
1361
1362
1362
1362
1365
1364
1365
1366
1369
1369
1370
1370
1371
1372
1375
1375
1375
1377
1378
1380
1379
1382
1382
1384
1383
1384
1386
1387
1389
1389
1391
1392
1392
1394
1395
1395
1397
1398
1398
1399
1400
1402
1403
1403
1403
1406
1405
1407
1407
1408
1410
1410
1413
1412
1413
1416
1415
1417
1418
1418
1419
1421
1423
1424
1424
1424
1425
1426
1427
1430
1431
1430
1433
1433
1435
1434
1436
1436
1438
1438
1439
1440
1442
1442
1444
1446
1445
1448
1447
1450
1449
1452
1451
1453
1454
1456
1456
1456
1457
1460
1461
1461
1463
1464
1465
1466
1465
1468
1467
1470
1471
1470
1472
1472
1473
1474
1477
1477
1479
1478
1479
1480
1481
1484
1485
1485
1487
1486
1489
1488
1489
1492
1492
1492
1495
1496
1495
1498
1498
1498
1501
1500
1502
1502
1503
1505
1505
1506
1508
1509
1510
1512
1513
1513
1514
1515
1515
1517
1518
1518
1521
1522
1521
1522
1525
1524
1527
1528
1529
1528
1531
1532
1532
1532
1533
1536
1535
1536
1537
1540
1541
1541
1542
1543
1543
1545
1547
1547
1549
1549
1551
1551
1552
1554
1555
1554
1557
1557
1558
1560
1559
1561
1563
1563
1563
1564
1566
1567
1568
1569
1569
1571
1571
1574
1575
1575
1575
1578
1577
1578
1579
1582
1582
1584
1583
1585
1586
1588
1588
1590
1589
1592
1592
1592
1593
1596
1595
1596
1597
1600
1601
1601
1601
1602
1604
1604
1607
1608
1607
1610
1609
1611
1611
1612
1614
1614
1616
1618
1617
1620
1621
1620
1622
1622
1623
1624
1625
1627
1628
1629
1630
1630
1632
1633
1634
1634
1637
1637
1639
1638
1640
1640
1641
1643
1643
1645
1646
1648
1648
1650
1649
1650
1651
1654
1654
1655
1655
1658
1657
1659
1661
1661
1661
1662
1664
1665
1665
1667
1667
1668
1671
1672
1672
1674
1674
1676
1676
1676
1679
1678
1679
1682
1682
1682
1685
1684
1687
1686
1687
1688
1691
1690
1692
1694
1694
1694
1697
1697
1699
1700
1700
1702
1703
1703
1705
1705
1705
1706
1709
1710
1709
1712
1713
1714
1713
1714
1717
1716
1717
1718
1719
1722
1721
1724
1725
1725
1725
1727
1727
1730
1730
1730
1732
1734
1734
1735
1735
1737
1738
1738
1741
1742
1743
1744
1744
1746
1747
1746
1749
1750
1751
1750
1751
1754
1753
1754
1757
1756
1758
1760
1759
1760
1763
1764
1765
1765
1765
1766
1767
1770
1769
1770
1772
1772
1775
1774
1775
1778
1778
1778
1781
1780
1783
1782
1784
1786
1785
1786
1787
1790
1791
1790
1791
1792
1795
1794
1796
1798
1798
1800
1801
1802
1803
1802
1803
1804
1806
1807
1807
1808
1810
1810
1813
1813
1814
1814
1815
1817
1818
1819
1820
1820
1822
1823
1824
1825
1827
1827
1828
1828
1829
1830
1832
1833
1834
1835
1837
1838
1839
1840
1840
1841
1843
1842
1843
1845
1846
1847
1847
1850
1849
1851
1851
1854
1853
1856
1856
1858
1858
1860
1860
1861
1861
1864
1863
1865
1866
1868
1869
1868
1871
1871
1872
1872
1874
1876
1876
1878
1878
1879
1881
1881
1881
1884
1884
1884
1886
1888
1888
1890
1891
1890
1893
1892
1893
1894
1897
1897
1898
1900
1901
1900
1901
1902
1903
1905
1905
1908
1908
1910
1910
1910
1912
1914
1913
1916
1915
1918
1919
1920
1919
1922
1921
1922
1923
1924
1925
1928
1929
1930
1931
1931
1931
1932
1933
1935
1937
1937
1938
1939
1939
1940
1941
1944
1943
1945
1946
1947
1948
1949
1951
1952
1952
1954
1955
1955
1956
1957
1959
1959
1959
1962
1961
1963
1965
1965
1965
1968
1969
1969
1971
1970
1973
1974
1975
1974
1976
1977
1977
1980
1980
1982
1981
1984
1984
1986
1987
1986
1988
1990
1991
1990
1992
1992
1995
1995
1996
1998
1998
1999
2001
2000
2002
2004
2003
2005
2005
2007
2009
2008
2010
2011
2011
2014
2015
2016
2015
2017
2017
2019
2020
2020
2023
2024
2023
2026
2025
2027
2029
2030
2031
2031
2031
2033
2035
2034
2037
2038
2039
2040
2039
2042
2043
2042
2044
2045
2047
2047
2047
2048
2050
2051
2051
2052
2054
2055
2055
2057
2059
2058
2061
2062
2063
2064
2064
2065
2066
2067
2068
2068
2070
2071
2071
2072
2075
2076
2077
2076
2078
2080
2079
2080
2081
2084
2085
2085
2085
2088
2087
2089
2089
2090
2092
2092
2093
2094
2096
2097
2098
2098
2101
2100
2103
2102
2104
2104
2105
2106
2107
2109
2111
2111
2113
2112
2113
2115
2116
2117
2118
2118
2119
2122
2121
2123
2125
2124
2127
2127
2129
2129
2131
2132
2133
2132
2133
2135
2135
2136
2139
2138
2141
2142
2142
2143
2143
2144
2145
2148
2148
2148
2149
2151
2153
2152
2153
2156
2157
2156
2158
2160
2161
2161
2163
2163
2164
2166
2165
2167
2169
2169
2171
2172
2172
2173
2174
2175
2176
2176
2178
2178
2179
2181
2183
2182
2183
2184
2187
2186
2188
2188
2191
2190
2193
2194
2195
2194
2196
2197
2199
2200
2201
2202
2203
2202
2204
2204
2207
2206
2208
2209
2210
2211
2211
2212
2215
2214
2216
2217
2218
2220
2219
2222
2221
2224
2225
2224
2226
2227
2229
2229
2229
2231
2233
2234
2235
2235
2236
2238
2238
2240
2239
2240
2243
2244
2245
2245
2245
2246
2247
2250
2250
2251
2252
2253
2254
2254
2257
2258
2258
2259
2261
2260
2261
2263
2265
2264
2267
2266
2267
2269
2270
2271
2273
2272
2273
2275
2276
2277
2279
2280
2280
2280
2281
2282
2283
2286
2285
2288
2289
2290
2290
2291
2293
2294
2293
2294
2295
2296
2298
2299
2301
2302
2303
2304
2305
2305
2306
2308
2307
2308
2310
2312
2313
2314
2315
2316
2317
2316
2318
2319
2319
2320
2322
2323
2324
2326
2326
2327
2327
2328
2329
2330
2332
2334
2333
2335
2336
2337
2337
2340
2340
2342
2342
2342
2345
2344
2347
2347
2348
2350
2351
2352
2351
2353
2353
2355
2356
2358
2357
2360
2361
2360
2361
2362
2364
2364
2367
2368
2368
2370
2369
2370
2373
2373
2374
2375
2375
2377
2379
2379
2380
2380
2381
2384
2384
2384
2385
2386
2387
2389
2389
2390
2393
2392
2394
2394
2396
2396
2397
2400
2400
2401
2401
2402
2405
2406
2407
2408
2407
2410
2411
2410
2413
2412
2415
2416
2416
2416
2417
2420
2421
2421
2423
2424
2425
2425
2427
2427
2429
2428
2430
2431
2432
2433
2435
2436
2436
2438
2439
2438
2440
2441
2441
2443
2445
2444
2446
2447
2447
2449
2449
2450
2453
2453
2453
2454
2457
2456
2458
2460
2460
2462
2462
2462
2465
2465
2467
2467
2467
2470
2470
2472
2472
2473
2474
2474
2476
2478
2479
2478
2480
2480
2482
2483
2484
2485
2487
2487
2488
2488
2490
2490
2492
2494
2495
2495
2496
2497
2499
2500
2500
2501
2503
2503
2503
2504
2506
2506
2508
2510
2509
2512
2513
2513
2514
2515
2517
2517
2517
2519
2521
2521
2523
2523
2525
2525
2527
2526
2527
2528
2530
2530
2533
2532
2534
2536
2536
2536
2537
2540
2539
2540
2543
2544
2544
2545
2546
2547
2547
2550
2549
2552
2552
2552
2554
2555
2557
2557
2559
2558
2561
2560
2561
2563
2564
2566
2567
2566
2568
2570
2571
2571
2571
2574
2575
2576
2576
2577
2578
2579
2580
2582
2581
2582
2583
2586
2586
2588
2589
2588
2589
2591
2593
2594
2594
2594
2597
2596
2598
2598
2599
2601
2601
2603
2604
2604
2606
2606
2608
2608
2610
2610
2611
2614
2613
2614
2615
2617
2617
2620
2619
2620
2622
2622
2623
2626
2626
2626
2627
2628
2630
2631
2633
2633
2635
2635
2636
2637
2638
2639
2640
2642
2642
2644
2645
2646
2647
2648
2648
2648
2651
2652
2652
2654
2655
2656
2656
2657
2659
2658
2661
2661
2663
2663
2663
2666
2667
2668
2668
2668
2670
2670
2671
2674
2673
2676
2677
2678
2677
2680
2680
2680
2682
2682
2685
2686
2687
2688
2688
2690
2691
2690
2692
2693
2694
2695
2696
2697
2698
2700
2701
2702
2701
2704
2703
2704
2707
2708
2707
2708
2711
2711
2712
2713
2714
2715
2716
2718
2717
2720
2720
2720
2721
2724
2725
2726
2725
2727
2727
2730
2729
2732
2733
2733
2735
2736
2737
2737
2737
2739
2739
2742
2741
2743
2744
2744
2745
2746
2749
2749
2749
2750
2752
2752
2753
2756
2755
2757
2757
2758
2760
2761
2761
2763
2763
2764
2766
2766
2767
2770
2770
2770
2773
2774
2775
2775
2777
2778
2777
2779
2779
2780
2783
2782
2784
2784
2785
2788
2788
2788
2789
2791
2793
2793
2795
2794
2797
2797
2798
2800
2800
2802
2801
2803
2805
2806
2807
2807
2808
2808
2809
2810
2812
2814
2814
2814
2815
2817
2819
2820
2821
2820
2822
2823
2825
2824
2827
2828
2828
2828
2831
2830
2831
2834
2834
2834
2836
2838
2839
2838
2841
2840
2841
2842
2843
2846
2845
2847
2848
2848
2850
2850
2852
2854
2853
2854
2855
2856
2857
2860
2860
2862
2861
2863
2864
2865
2867
2866
2867
2870
2870
2870
2873
2874
2874
2874
2877
2878
2879
2878
2879
2880
2882
2883
2883
2886
2885
2887
2889
2888
2890
2890
2892
2893
2895
2896
2895
2898
2897
2900
2901
2902
2903
2904
2904
2904
2907
2906
2907
2910
2911
2911
2911
2913
2914
2916
2915
2917
2917
2918
2921
2921
2921
2922
2923
2924
2926
2928
2929
2930
2930
2932
2932
2933
2934
2934
2936
2937
2939
2938
2940
2941
2943
2944
2945
2944
2946
2946
2949
2948
2949
2950
2953
2953
2954
2955
2956
2956
2957
2960
2961
2961
2962
2963
2965
2965
2967
2967
2967
2970
2971
2971
2971
2974
2974
2974
2977
2976
2977
2978
2980
2981
2981
2982
2985
2986
2986
2987
2987
2989
2990
2992
2991
2993
2995
2996
2997
2998
2999
3000
3000
3001
3002
3003
3003
3006
3006
3007
3007
3010
3011
3011
3011
3012
3015
3014
3017
3017
3019
3020
3019
3021
3021
3023
3025
3026
3026
3028
3029
3028
3030
3030
3033
3034
3035
3034
3037
3036
3039
3038
3039
3041
3043
3043
3045
3046
3046
3047
3048
3048
3051
3052
3053
3054
3053
3055
3057
3058
3057
3059
3059
3062
3063
3062
3065
3065
3066
3068
3069
3069
3069
3072
3073
3074
3074
3076
3077
3078
3077
3079
3079
3082
3082
3083
3085
3085
3087
3088
3089
3089
3090
3092
3092
3092
3095
3095
3097
3097
3097
3099
3101
3100
3102
3104
3103
3106
3106
3106
3109
3110
3110
3111
3113
3112
3115
3114
3117
3118
3117
3119
3120
3122
3122
3122
3123
3125
3126
3126
3129
3130
3131
3130
3131
3133
3135
3134
3136
3137
3139
3139
3140
3141
3141
3143
3145
3146
3147
3148
3149
3148
3149
3151
3153
3153
3154
3154
3155
3156
3158
3159
3161
3161
3162
3162
3163
3165
3166
3167
3169
3168
3169
3171
3173
3173
3173
3176
3176
3178
3178
3179
3181
3181
3183
3184
3183
3185
3186
3188
3188
3190
3190
3191
3192
3192
3194
3195
3196
3198
3198
3199
3199
3202
3203
3202
3205
3204
3207
3206
3208
3208
3210
3210
3213
3212
3214
3214
3217
3218
3217
3218
3221
3221
3223
3223
3224
3224
3225
3226
3228
3230
3231
3232
3231
3234
3233
3236
3235
3238
3239
3239
3239
3241
3243
3242
3245
3245
3245
3248
3248
3249
3249
3251
3251
3253
3253
3254
3257
3257
3257
3258
3260
3260
3261
3264
3265
3264
3266
3266
3269
3269
3271
3270
3273
3274
3273
3274
3276
3277
3277
3278
3279
3280
3283
3283
3285
3284
3286
3288
3288
3290
3291
3290
3293
3293
3293
3294
3296
3297
3297
3300
3299
3300
3303
3302
3303
3304
3305
3307
3309
3308
3311
3312
3313
3314
3314
3315
3317
3316
3318
3320
3321
3322
3323
3322
3323
3324
3325
3327
3329
3329
3329
3330
3332
3332
3335
3336
3336
3338
3338
3338
3340
3341
3341
3343
3344
3345
3345
3346
3348
3350
3351
3352
3352
3352
3353
3356
3356
3356
3357
3359
3360
3362
3363
3363
3365
3365
3365
3366
3368
3370
3370
3370
3372
3373
3375
3376
3377
3377
3377
3380
3379
3381
3382
3384
3385
3385
3386
3387
3389
3390
3391
3391
3392
3393
3395
3395
3395
3396
3398
3398
3399
3400
3402
3403
3404
3405
3406
3407
3409
3408
3409
3410
3413
3414
3413
3415
3416
3418
3419
3418
3420
3421
3422
3423
3424
3426
3427
3428
3427
3430
3431
3430
3433
3434
3433
3435
3435
3437
3437
3438
3441
3440
3442
3443
3445
3446
3447
3446
3448
3450
3450
3450
3452
3452
3454
3454
3457
3458
3457
3460
3460
3461
3462
3462
3463
3465
3467
3466
3467
3470
3470
3470
3471
3474
3474
3476
3477
3478
3477
3478
3480
3482
3481
3482
3483
3484
3485
3486
3489
3489
3490
3491
3493
3494
3495
3494
3496
3498
3498
3499
3501
3502
3503
3502
3505
3505
3505
3507
3508
3510
3511
3512
3512
3512
3513
3515
3515
3517
3517
3518
3519
3521
3522
3522
3523
3526
3525
3528
3529
3529
3529
3531
3532
3533
3534
3534
3537
3536
3539
3538
3541
3541
3541
3542
3545
3544
3545
3546
3547
3548
3550
3550
3553
3552
3555
3554
3557
3558
3559
3559
3561
3560
3562
3562
3564
3564
3567
3567
3567
3569
3571
3570
3571
3572
3575
3574
3576
3578
3577
3579
3579
3581
3581
3582
3583
3584
3585
3586
3587
3590
3589
3592
3593
3593
3594
3595
3596
3596
3599
3598
3600
3602
3601
3604
3603
3606
3607
3607
3609
3609
3610
3610
3611
3614
3613
3614
3615
3616
3618
3618
3619
3621
3622
3622
3623
3626
3627
3628
3629
3630
3631
3631
3633
3632
3635
3636
3635
3638
3639
3638
3639
3641
3642
3643
3644
3646
3646
3647
3647
3648
3651
3652
3653
3652
3655
3656
3657
3658
3659
3660
3660
3662
3663
3663
3663
3665
3666
3667
3667
3669
3671
3672
3671
3672
3673
3675
3675
3678
3677
3680
3680
3680
3682
3683
3684
3685
3686
3687
3687
3689
3689
3691
3691
3694
3693
3695
3696
3696
3697
3698
3700
3702
3703
3704
3703
3704
3706
3707
3707
3708
3709
3711
3711
3714
3713
3716
3715
3718
3717
3718
3720
3722
3723
3724
3725
3725
3726
3727
3728
3729
3730
3730
3732
3733
3733
3736
3737
3738
3737
3740
3739
3741
3743
3743
3743
3744
3745
3746
3749
3749
3750
3751
3752
3752
3753
3754
3756
3758
3759
3758
3760
3760
3762
3762
3765
3766
3765
3767
3769
3768
3770
3772
3773
3773
3773
3774
3776
3777
3777
3778
3779
3781
3782
3783
3785
3786
3787
3788
3789
3790
3791
3791
3791
3793
3795
3794
3796
3798
3799
3798
3799
3801
3801
3802
3805
3805
3805
3806
3807
3809
3809
3810
3811
3814
3815
3816
3815
3818
3818
3820
3821
3822
3822
3824
3823
3825
3825
3827
3828
3828
3829
3832
3832
3833
3835
3835
3837
3836
3838
3838
3840
3840
3842
3843
3843
3845
3847
3847
3848
3849
3850
3850
3851
3852
3855
3855
3857
3857
3857
3859
3860
3860
3862
3862
3864
3865
3866
3868
3869
3869
3869
3870
3873
3873
3873
3876
3877
3876
3878
3879
3880
3880
3882
3884
3883
3886
3886
3886
3887
3890
3891
3892
3892
3893
3895
3894
3897
3897
3899
3899
3899
3902
3901
3904
3904
3905
3907
3907
3908
3909
3910
3912
3912
3914
3915
3914
3917
3917
3918
3918
3920
3921
3923
3924
3925
3926
3925
3928
3927
3928
3929
3931
3931
3933
3933
3936
3937
3938
3939
3938
3940
3940
3942
3942
3943
3945
3946
3946
3947
3948
3949
3952
3952
3952
3955
3955
3955
3958
3958
3959
3959
3962
3963
3964
3964
3966
3966
3967
3969
3968
3971
3971
3971
3973
3973
3975
3975
3977
3979
3978
3980
3980
3981
3983
3983
3984
3985
3987
3988
3989
3991
3991
3991
3993
3993
3996
3996
3998
3998
3999
3999
4001
4001
4004
4005
4004
4005
4008
4009
4008
4010
4010
4011
4014
4015
4016
4015
4018
4017
4019
4019
4020
4021
4024
4024
4026
4027
4026
4029
4028
4031
4032
4033
4034
4034
4036
4035
4038
4037
4038
4041
4041
4042
4043
4044
4045
4045
4048
4047
4048
4049
4052
4052
4054
4055
4055
4056
4057
4058
4058
4061
4061
4063
4064
4064
4066
4067
4067
4068
4070
4071
4072
4071
4073
4073
4076
4077
4077
4079
4080
4080
4080
4083
4083
4085
4085
4087
4087
4087
4089
4090
4090
4093
4094
4095
4094
4096
4097
4097
4098
4099
4102
4101
4103
4104
4104
4107
4106
4108
4109
4110
4111
4113
4112
4115
4116
4115
4118
4117
4119
4119
4120
4123
4122
4125
4126
4126
4127
4128
4130
4131
4132
4131
4132
4135
4135
4136
4137
4139
4139
4139
4141
4143
4144
4145
4146
4147
4148
4148
4149
4150
4152
4152
4152
4155
4155
4155
4157
4159
4160
4160
4162
4163
4163
4165
4165
4165
4167
4167
4170
4171
4171
4172
4174
4174
4175
4177
4177
4178
4178
4181
4180
4181
4182
4183
4186
4187
4187
4187
4189
4189
4192
4193
4192
4193
4195
4197
4197
4197
4199
4200
4200
4201
4202
4203
4206
4207
4208
4208
4208
4209
4210
4212
4212
4215
4216
4217
4217
4218
4219
4220
4220
4222
4222
4223
4226
4227
4226
4228
4228
4231
4230
4232
4232
4234
4236
4237
4236
4238
4238
4241
4242
4243
4242
4245
4246
4245
4246
4248
4250
4251
4252
4253
4252
4253
4254
4255
4256
4258
4259
4260
4262
4261
4264
4265
4265
4266
4268
4267
4269
4270
4272
4271
4272
4273
4274
4275
4277
4277
4279
4280
4280
4283
4283
4284
4286
4287
4287
4287
4289
4290
4291
4291
4294
4295
4294
4295
4297
4297
4299
4301
4301
4302
4304
4305
4306
4306
4308
4308
4310
4309
4310
4311
4314
4315
4315
4315
4317
4317
4318
4321
4322
4321
4323
4325
4326
4326
4327
4328
4329
4331
4331
4331
4333
4334
4336
4336
4338
4339
4340
4341
4341
4341
4344
4344
4346
4346
4347
4348
4350
4349
4350
4351
4353
4355
4354
4356
4357
4358
4360
4359
4361
4361
4364
4363
4364
4366
4367
4369
4370
4370
4372
4371
4373
4375
4375
4375
4377
4378
4379
4381
4381
4383
4382
4383
4384
4385
4387
4389
4390
4389
4392
4392
4394
4394
4395
4397
4397
4397
4400
4399
4401
4403
4403
4403
4406
4407
4406
4408
4409
4411
4411
4411
4414
4414
4414
4415
4418
4418
4420
4420
4420
4423
4422
4425
4425
4426
4427
4427
4429
4429
4431
4431
4432
4435
4434
4435
4436
4438
4440
4440
4441
4441
4442
4445
4446
4445
4448
4448
4448
4451
4451
4451
4454
4454
4456
4455
4457
4457
4460
4461
4461
4461
4463
4465
4464
4466
4468
4468
4469
4470
4470
4473
4474
4473
4475
4476
4478
4479
4480
4481
4481
4481
4482
4483
4486
4485
4487
4488
4489
4489
4490
4493
4493
4495
4495
4497
4498
4498
4498
4499
4500
4501
4504
4505
4506
4507
4506
4508
4509
4509
4510
4511
4513
4514
4515
4516
4517
4519
4520
4521
4521
4522
4523
4525
4524
4526
4528
4529
4528
4531
4532
4532
4532
4533
4534
4537
4536
4538
4538
4541
4542
4542
4544
4543
4544
4545
4548
4548
4548
4551
4550
4552
4552
4553
4555
4556
4558
4557
4559
4561
4560
4563
4562
4565
4566
4566
4567
4567
4568
4569
4572
4573
4574
4575
4574
4575
4578
4577
4579
4579
4580
4581
4584
4583
4585
4585
4588
4587
4590
4590
4592
4593
4592
4593
4595
4595
4598
4598
4598
4601
4602
4601
4604
4604
4606
4607
4607
4609
4609
4610
4612
4612
4614
4615
4616
4615
4616
4619
4619
4621
4621
4621
4624
4624
4625
4627
4628
4627
4628
4629
4630
4633
4632
4635
4635
4635
4636
4638
4638
4641
4640
4641
4642
4645
4644
4645
4646
4648
4650
4650
4651
4651
4654
4653
4656
4656
4658
4658
4660
4659
4661
4661
4662
4665
4664
4667
4668
4668
4669
4669
4670
4672
4673
4673
4675
4677
4677
4678
4678
4680
4680
4682
4682
4683
4686
4687
4688
4689
4689
4691
4690
4691
4692
4695
4694
4695
4697
4697
4700
4701
4701
4703
4703
4703
4705
4707
4708
4707
4708
4711
4712
4712
4713
4715
4715
4715
4718
4718
4718
4720
4721
4722
4724
4724
4724
4727
4728
4729
4729
4731
4732
4731
4732
4733
4735
4736
4738
4737
4740
4739
4740
4742
4743
4745
4746
4745
4748
4749
4750
4749
4750
4751
4754
4753
4756
4755
4757
4757
4758
4761
4762
4761
4762
4765
4764
4766
4767
4767
4770
4769
4770
4771
4772
4775
4776
4777
4776
4779
4779
4779
4780
4783
4783
4785
4786
4787
4786
4788
4790
4790
4790
4792
4793
4794
4796
4796
4798
4797
4800
4801
4801
4801
4804
4805
4806
4807
4808
4808
4810
4810
4812
4813
4812
4814
4814
4815
4816
4817
4820
4819
4822
4821
4822
4824
4824
4827
4827
4829
4830
4829
4830
4832
4833
4833
4834
4836
4836
4837
4840
4841
4841
4842
4843
4845
4844
4846
4846
4848
4848
4849
4852
4851
4853
4855
4855
4856
4857
4857
4860
4860
4861
4863
4862
4865
4866
4866
4867
4867
4870
4870
4872
4871
4872
4875
4875
4875
4877
4879
4880
4881
4882
4882
4884
4884
4885
4887
4887
4887
4890
4890
4891
4892
4892
4895
4895
4895
4897
4897
4900
4900
4901
4902
4904
4904
4905
4905
4906
4907
4910
4911
4912
4913
4913
4913
4916
4915
4918
4917
4918
4921
4921
4922
4923
4925
4926
4927
4926
4928
4928
4931
4932
4932
4934
4935
4935
4935
4936
4938
4939
4939
4941
4942
4943
4943
4945
4945
4946
4948
4949
4950
4951
4951
4952
4953
4954
4957
4956
4957
4958
4960
4961
4961
4962
4964
4964
4967
4967
4968
4969
4969
4972
4973
4974
4973
4974
4976
4977
4978
4980
4979
4982
4981
4982
4983
4986
4985
4986
4987
4990
4989
4991
4992
4993
4994
4996
4997
4997
4997
4998
5001
5001
5003
5004
5003
5005
5007
5007
5009
5009
5010
5011
5012
5012
5014
5016
5017
5016
5019
5020
5021
5020
5021
5022
5025
5024
5027
5027
5028
5028
5031
5032
5031
5032
5034
5035
5037
5038
5038
5040
5039
5042
5041
5044
5043
5046
5046
5048
5049
5049
5051
5052
5052
5053
5053
5056
5056
5056
5057
5058
5059
5061
5063
5063
5064
5065
5065
5066
5068
5069
5069
5071
5072
5073
5074
5076
5075
5076
5079
5078
5080
5080
5083
5083
5084
5084
5085
5086
5087
5088
5090
5091
5093
5093
5093
5095
5095
5097
5099
5099
5101
5100
5101
5103
5104
5104
5106
5107
5107
5110
5111
5112
5113
5114
5113
5115
5117
5117
5119
5120
5121
5120
5121
5124
5124
5125
5125
5128
5129
5128
5130
5132
5132
5134
5134
5136
5135
5136
5138
5138
5141
5140
5141
5144
5145
5145
5145
5148
5149
5150
5150
5152
5152
5154
5154
5154
5156
5158
5157
5158
5159
5162
5161
5163
5165
5166
5165
5168
5169
5169
5169
5170
5173
5172
5175
5176
5177
5177
5178
5179
5180
5180
5181
5184
5183
5186
5185
5187
5187
5189
5190
5190
5191
5194
5195
5194
5196
5196
5199
5200
5199
5200
5203
5204
5204
5205
5205
5206
5209
5209
5211
5211
5213
5213
5213
5216
5216
5217
5218
5219
5221
5222
5221
5222
5225
5224
5226
5227
5227
5229
5229
5230
5233
5234
5234
5234
5237
5238
5238
5239
5239
5241
5241
5242
5245
5246
5245
5248
5247
5249
5249
5251
5252
5252
5255
5255
5255
5256
5257
5260
5260
5261
5261
5262
5264
5265
5266
5266
5267
5270
5271
5272
5272
5272
5273
5275
5277
5277
5277
5278
5281
5282
5282
5283
5283
5284
5285
5287
5288
5289
5290
5290
5293
5293
5294
5295
5296
5296
5299
5300
5300
5301
5302
5302
5305
5306
5306
5308
5308
5308
5309
5311
5313
5314
5313
5316
5315
5317
5318
5319
5321
5322
5322
5324
5324
5324
5326
5326
5329
5328
5331
5330
5333
5334
5333
5335
5336
5337
5337
5338
5341
5341
5342
5344
5343
5345
5347
5346
5347
5349
5350
5350
5352
5353
5353
5354
5357
5358
5357
5359
5361
5360
5362
5364
5365
5365
5365
5367
5368
5370
5370
5370
5371
5372
5374
5376
5377
5376
5379
5378
5381
5381
5382
5383
5383
5386
5386
5388
5388
5390
5390
5391
5391
5392
5393
5396
5397
5397
5398
5399
5400
5400
5403
5402
5403
5404
5407
5407
5408
5409
5410
5411
5411
5412
5415
5414
5417
5418
5418
5419
5420
5420
5423
5424
5423
5424
5425
5426
5427
5430
5430
5431
5433
5433
5435
5435
5437
5437
5439
5439
5440
5440
5443
5443
5445
5446
5445
5447
5448
5450
5450
5451
5453
5453
5453
5454
5455
5457
5458
5458
5459
5462
5462
5462
5464
5465
5466
5467
5467
5468
5469
5471
5472
5472
5474
5474
5477
5478
5477
5479
5480
5482
5483
5483
5483
5484
5486
5486
5489
5490
5489
5492
5491
5492
5493
5495
5497
5497
5497
5500
5501
5501
5503
5504
5504
5505
5507
5507
5507
5508
5511
5512
5513
5514
5514
5514
5517
5518
5518
5519
5519
5520
5522
5522
5523
5525
5527
5526
5528
5529
5531
5531
5533
5534
5533
5535
5535
5537
5539
5539
5540
5542
5541
5543
5544
5545
5547
5546
5549
5548
5551
5552
5551
5553
5553
5555
5555
5558
5558
5560
5560
5562
5562
5563
5564
5565
5565
5566
5569
5570
5570
5571
5573
5572
5573
5574
5577
5578
5577
5579
5579
5580
5582
5584
5585
5585
5585
5586
5589
5590
5589
5590
5592
5593
5595
5594
5596
5598
5597
5598
5601
5600
5603
5604
5603
5604
5607
5608
5607
5609
5610
5611
5613
5614
5613
5616
5617
5616
5617
5619
5619
5620
5623
5624
5625
5624
5625
5626
5627
5629
5630
5630
5632
5634
5635
5635
5637
5636
5638
5638
5640
5640
5642
5643
5643
5646
5645
5648
5647
5648
5650
5651
5653
5654
5653
5655
5657
5657
5659
5660
5660
5661
5661
5664
5663
5664
5667
5666
5668
5668
5670
5670
5672
5674
5674
5675
5677
5678
5679
5680
5679
5680
5682
5684
5685
5684
5686
5688
5688
5689
5691
5692
5691
5694
5693
5695
5695
5698
5698
5699
5699
5702
5702
5703
5705
5705
5705
5707
5707
5710
5711
5711
5712
5712
5715
5715
5715
5717
5718
5720
5719
5720
5723
5723
5723
5726
5727
5727
5729
5730
5729
5732
5733
5734
5734
5736
5735
5738
5738
5739
5741
5740
5741
5743
5744
5746
5746
5748
5748
5750
5751
5752
5751
5754
5753
5754
5757
5756
5758
5758
5761
5760
5763
5762
5765
5766
5767
5766
5768
5769
5771
5771
5771
5774
5774
5776
5775
5778
5778
5780
5781
5781
5782
5784
5784
5786
5785
5786
5789
5788
5789
5790
5791
5793
5793
5794
5795
5796
5798
5800
5801
5800
5802
5804
5803
5806
5806
5806
5809
5809
5811
5811
5813
5813
5814
5815
5815
5818
5819
5819
5819
5821
5823
5822
5825
5824
5825
5826
5827
5829
5831
5830
5833
5833
5833
5836
5836
5838
5838
5839
5840
5841
5842
5843
5843
5846
5847
5846
5849
5850
5851
5852
5851
5853
5855
5856
5856
5856
5857
5860
5860
5862
5861
5862
5863
5865
5866
5868
5868
5870
5871
5870
5871
5872
5875
5874
5877
5878
5879
5878
5880
5881
5883
5884
5883
5884
5887
5888
5887
5890
5891
5892
5893
5892
5893
5894
5896
5897
5897
5898
5899
5902
5902
5903
5903
5905
5907
5906
5907
5909
5909
5912
5911
5912
5914
5915
5915
5916
5917
5918
5921
5920
5921
5923
5923
5925
5926
5928
5929
5930
5929
5930
5933
5933
5935
5936
5937
5937
5938
5940
5940
5941
5943
5943
5944
5944
5945
5948
5947
5949
5950
5950
5953
5953
5955
5954
5957
5958
5957
5958
5961
5960
5962
5964
5965
5965
5967
5966
5969
5968
5971
5970
5971
5974
5975
5975
5975
5976
5979
5980
5981
5980
5983
5984
5984
5984
5987
5988
5989
5988
5989
5992
5992
5993
5995
5995
5997
5998
5998
6000
5999
6001
6002
6003
6004
6005
6005
6008
6009
6008
6011
6012
6011
6013
6014
6016
6017
6017
6019
6020
6021
6020
6023
6023
6024
6025
6027
6027
6028
6029
6031
6030
6032
6032
6034
6036
6037
6038
6039
6039
6041
6041
6042
6044
6044
6044
6045
6047
6047
6048
6050
6052
6052
6052
6054
6054
6056
6057
6059
6058
6059
6062
6061
6063
6065
6066
6067
6068
6069
6070
6070
6071
6072
6072
6075
6074
6076
6076
6078
6079
6079
6082
6082
6083
6083
6086
6087
6088
6088
6090
6089
6092
6092
6093
6094
6095
6095
6096
6097
6100
6099
6102
6103
6104
6103
6105
6105
6108
6108
6110
6110
6112
6111
6114
6114
6114
6117
6117
6117
6120
6119
6120
6123
6124
6125
6124
6126
6126
6129
6129
6129
6130
6133
6134
6133
6134
6136
6136
6139
6138
6141
6141
6141
6144
6144
6145
6146
6146
6147
6149
6149
6150
6151
6154
6153
6154
6156
6157
6157
6158
6159
6162
6162
6164
6165
6165
6167
6167
6169
6170
6170
6172
6171
6174
6173
6175
6175
6177
6177
6179
6179
6180
6183
6182
6184
6186
6186
6188
6188
6190
6189
6192
6193
6193
6195
6194
6195
6196
6198
6198
6201
6200
6203
6203
6204
6206
6205
6207
6208
6208
6210
6212
6213
6212
6213
6214
6215
6218
6217
6219
6219
6220
6222
6224
6225
6225
6227
6226
6228
6229
6229
6231
6231
6234
6235
6235
6235
6236
6237
6239
6240
6241
6241
6242
6245
6246
6246
6246
6248
6249
6251
6251
6253
6253
6255
6256
6255
6258
6259
6259
6261
6260
6261
6262
6263
6264
6266
6266
6268
6270
6271
6272
6273
6273
6274
6276
6275
6276
6279
6279
6281
6282
6282
6284
6283
6285
6287
6287
6288
6290
6289
6290
6291
6293
6294
6294
6297
6296
6298
6298
6299
6301
6301
6304
6305
6306
6307
6308
6307
6309
6311
6310
6312
6313
6313
6314
6315
6318
6318
6319
6321
6322
6321
6324
6323
6325
6325
6326
6329
6330
6329
6330
6331
6333
6333
6334
6337
6338
6337
6338
6340
6340
6341
6344
6344
6345
6347
6347
6348
6349
6350
6351
6352
6353
6353
6356
6355
6357
6359
6360
6359
6360
6361
6362
6365
6364
6366
6367
6367
6368
6370
6371
6371
6374
6374
6376
6376
6377
6378
6378
6379
6382
6382
6383
6384
6386
6385
6388
6388
6388
6391
6391
6391
6393
6395
6395
6396
6398
6399
6400
6401
6402
6402
6404
6405
6404
6407
6407
6409
6409
6410
6412
6412
6412
6415
6415
6415
6416
6418
6419
6420
6420
6423
6424
6425
6424
6425
6428
6429
6429
6431
6431
6432
6432
6433
6434
6436
6437
6439
6439
6441
6441
6442
6443
6445
6445
6447
6448
6449
6448
6450
6451
6453
6453
6453
6455
6456
6458
6457
6458
6459
6462
6463
6464
6464
6465
6467
6466
6469
6469
6470
6472
6472
6472
6473
6474
6477
6476
6477
6479
6480
6481
6481
6482
6484
6484
6485
6488
6487
6488
6490
6491
6492
6493
6493
6496
6497
6496
6499
6500
6501
6501
6502
6502
6505
6504
6506
6507
6507
6510
6509
6512
6512
6512
6513
6516
6517
6516
6519
6520
6520
6521
6522
6524
6525
6525
6527
6526
6529
6530
6531
6530
6532
6534
6534
6535
6537
6536
6539
6538
6539
6541
6543
6543
6544
6544
6546
6546
6547
6549
6550
6550
6551
6554
6553
6556
6556
6556
6557
6560
6559
6560
6563
6564
6565
6564
6565
6568
6568
6570
6571
6571
6571
6574
6573
6574
6575
6578
6578
6579
6580
6582
6582
6583
6585
6586
6586
6587
6587
6590
6590
6590
6593
6592
6593
6596
6596
6596
6599
6598
6600
6601
6603
6604
6603
6606
6607
6607
6609
6609
6609
6610
6612
6614
6614
6615
6617
6616
6617
6620
6621
6621
6622
6624
6624
6625
6627
6626
6629
6629
6630
6631
6631
6633
6633
6634
6635
6637
6637
6639
6639
6640
6642
6643
6643
6644
6647
6646
6648
6650
6649
6651
6651
6653
6653
6656
6656
6656
6657
6659
6660
6662
6663
6663
6663
6664
6667
6668
6668
6670
6669
6671
6671
6673
6673
6675
6677
6676
6679
6678
6679
6682
6683
6683
6685
6686
6686
6686
6689
6690
6691
6691
6692
6693
6695
6694
6696
6696
6699
6699
6701
6702
6703
6703
6703
6704
6705
6707
6708
6708
6710
6712
6713
6713
6714
6716
6716
6716
6719
6720
6721
6722
6721
6724
6723
6725
6727
6726
6728
6730
6731
6731
6732
6734
6733
6735
6736
6737
6739
6740
6740
6742
6743
6744
6744
6744
6746
6746
6748
6750
6751
6751
6752
6753
6754
6754
6755
6757
6758
6760
6759
6760
6762
6764
6763
6766
6767
6767
6768
6770
6770
6770
6773
6772
6775
6774
6777
6776
6779
6779
6781
6782
6781
6784
6783
6784
6787
6787
6789
6789
6789
6790
6792
6792
6793
6795
6797
6798
6797
6799
6801
6802
6802
6803
6803
6804
6805
6806
6809
6810
6810
6812
6812
6814
6814
6814
6817
6817
6819
6820
6821
6821
6821
6823
6824
6824
6826
6827
6828
6830
6831
6830
6832
6833
6835
6835
6837
6838
6839
6839
6841
6841
6843
6844
6844
6844
6845
6846
6847
6850
6849
6852
6851
6852
6854
6856
6857
6856
6857
6858
6861
6860
6862
6862
6865
6864
6865
6868
6868
6870
6871
6871
6872
6873
6873
6876
6877
6876
6877
6880
6880
6881
6881
6884
6885
6886
6887
6888
6889
6890
6891
6891
6891
6893
6895
6896
6897
6898
6897
6899
6899
6902
6903
6903
6903
6905
6906
6906
6909
6910
6909
6910
6912
6913
6913
6916
6915
6916
6918
6920
6921
6922
6922
6922
6923
6924
6925
6928
6928
6928
6930
6931
6931
6934
6933
6934
6936
6937
6939
6938
6940
6942
6943
6942
6944
6944
6947
6947
6947
6949
6950
6950
6951
6954
6954
6955
6955
6956
6958
6959
6960
6960
6963
6964
6963
6966
6965
6967
6968
6970
6971
6970
6973
6973
6974
6974
6977
6977
6978
6978
6981
6982
6982
6982
6985
6986
6987
6986
6987
6988
6991
6992
6992
6994
6994
6995
6997
6997
6999
6999
7001
7000
7003
7003
7004
7004
7007
7008
7009
7009
7011
7011
7013
7013
7015
7016
7017
7017
7017
7020
7019
7020
7022
7024
7025
7024
7026
7027
7029
7029
7029
7032
7032
7034
7033
7035
7035
7036
7038
7040
7039
7041
7043
7044
7043
7045
7046
7046
7048
7048
7049
7052
7051
7052
7054
7056
7055
7056
7058
7058
7061
7062
7063
7063
7065
7065
7067
7066
7068
7068
7069
7071
7071
7074
7074
7074
7077
7077
7078
7079
7080
7081
7081
7083
7084
7085
7086
7086
7089
7090
7089
7092
7093
7093
7093
7094
7097
7097
7098
7098
7101
7101
7101
7104
7105
7105
7105
7107
7107
7110
7111
7111
7112
7112
7113
7114
7117
7117
7117
7120
7121
7122
7122
7123
7123
7124
7127
7128
7128
7128
7129
7131
7131
7133
7135
7136
7136
7138
7138
7139
7141
7140
7142
7143
7143
7145
7146
7146
7147
7148
7149
7150
7151
7153
7155
7154
7157
7158
7157
7159
7159
7161
7161
7162
7163
7164
7167
7167
7169
7168
7169
7172
7172
7173
7173
7176
7176
7176
7177
7180
7180
7180
7183
7183
7185
7185
7187
7186
7188
7188
7190
7192
7193
7194
7195
7196
7197
7196
7198
7198
7199
7200
7203
7202
7205
7205
7207
7206
7209
7210
7211
7210
7211
7214
7215
7215
7216
7218
7218
7220
7221
7220
7223
7223
7223
7226
7227
7226
7229
7229
7229
7230
7232
7233
7233
7236
7237
7236
7239
7240
7239
7242
7241
7244
7245
7246
7245
7246
7249
7250
7250
7252
7253
7252
7254
7254
7255
7256
7259
7260
7259
7262
7261
7264
7264
7265
7266
7266
7268
7269
7269
7270
7272
7272
7275
7274
7277
7276
7279
7279
7279
7281
7281
7282
7284
7284
7286
7286
7287
7288
7291
7291
7291
7292
7294
7296
7297
7296
7297
7299
7301
7301
7302
7302
7304
7305
7307
7308
7309
7310
7310
7312
7311
7312
7313
7316
7315
7318
7319
7319
7319
7320
7321
7322
7323
7326
7325
7326
7329
7329
7329
7332
7331
7333
7333
7335
7336
7336
7337
7338
7341
7340
7342
7342
7343
7345
7345
7346
7347
7348
7350
7351
7351
7353
7354
7356
7356
7358
7357
7359
7360
7360
7362
7363
7363
7366
7365
7367
7367
7370
7371
7370
7373
7372
7374
7376
7376
7378
7377
7380
7381
7381
7382
7383
7384
7384
7386
7388
7387
7389
7390
7392
7391
7394
7393
7394
7397
7396
7399
7398
7401
7401
7401
7404
7405
7405
7406
7407
7408
7409
7411
7412
7412
7412
7413
7416
7416
7418
7419
7419
7419
7421
7422
7423
7424
7425
7426
7426
7427
7428
7429
7430
7431
7434
7433
7436
7436
7438
7438
7438
7441
7440
7443
7442
7445
7444
7445
7446
7449
7450
7449
7452
7452
7453
7455
7454
7456
7456
7457
7460
7461
7462
7463
7464
7464
7464
7467
7468
7467
7468
7469
7472
7473
7474
7473
7475
7477
7476
7479
7480
7479
7480
7483
7484
7483
7485
7487
7487
7489
7488
7489
7491
7493
7492
7494
7495
7496
7496
7499
7499
7500
7500
7502
7503
7504
7505
7507
7506
7509
7510
7510
7512
7511
7512
7514
7515
7517
7516
7519
7520
7521
7520
7523
7524
7523
7524
7526
7528
7529
7529
7529
7531
7533
7534
7535
7534
7536
7538
7539
7538
7540
7540
7541
7544
7543
7546
7545
7546
7548
7548
7549
7550
7551
7554
7555
7556
7556
7557
7558
7558
7559
7560
7562
7562
7565
7565
7565
7567
7567
7570
7571
7571
7573
7574
7575
7574
7575
7578
7578
7579
7579
7582
7582
7583
7585
7584
7585
7587
7587
7590
7591
7590
7593
7593
7593
7596
7597
7597
7598
7600
7600
7601
7603
7603
7604
7605
7606
7607
7607
7608
7611
7611
7611
7613
7613
7616
7617
7617
7619
7618
7619
7621
7621
7622
7623
7626
7626
7626
7627
7630
7629
7631
7631
7632
7633
7634
7636
7638
7638
7640
7639
7642
7642
7642
7643
7646
7645
7646
7647
7650
7649
7651
7653
7654
7655
7654
7656
7656
7657
7660
7660
7661
7662
7664
7664
7666
7667
7668
7668
7670
7669
7672
7673
7673
7675
7676
7675
7676
7678
7679
7680
7681
7681
7683
7683
7684
7686
7688
7688
7690
7690
7690
7692
7692
7693
7694
7697
7696
7698
7699
7699
7701
7701
7704
7703
7704
7707
7706
7708
7708
7711
7710
7713
7712
7714
7715
7715
7716
7717
7720
7719
7722
7721
7724
7723
7725
7727
7728
7729
7729
7730
7730
7733
7734
7735
7736
7735
7737
7737
7740
7741
7740
7741
7744
7743
7746
7746
7747
7747
7749
7749
7750
7752
7753
7753
7755
7755
7756
7758
7758
7761
7760
7761
7763
7765
7766
7766
7766
7769
7770
7769
7772
7773
7773
7774
7776
7775
7778
7778
7778
7781
7780
7782
7782
7784
7785
7787
7786
7789
7789
7789
7791
7793
7793
7793
7795
7795
7798
7797
7798
7801
7800
7801
7803
7804
7806
7807
7808
7807
7808
7809
7812
7812
7813
7813
7814
7816
7816
7818
7819
7821
7821
7821
7823
7825
7824
7825
7826
7827
7828
7831
7830
7832
7834
7835
7834
7837
7838
7837
7840
7840
7841
7843
7844
7843
7844
7845
7847
7847
7849
7849
7852
7853
7852
7854
7856
7856
7856
7858
7860
7860
7860
7861
7862
7865
7866
7866
7867
7869
7870
7871
7870
7872
7873
7873
7876
7876
7877
7878
7880
7881
7882
7883
7882
7885
7886
7887
7887
7889
7888
7889
7890
7892
7892
7894
7895
7896
7896
7898
7898
7899
7900
7902
7904
7904
7906
7907
7907
7907
7908
7910
7911
7913
7912
7914
7914
7917
7917
7918
7920
7919
7920
7921
7923
7924
7925
7925
7928
7929
7929
7929
7930
7932
7934
7933
7934
7937
7938
7939
7940
7939
7940
7942
7942
7945
7946
7946
7948
7948
7950
7951
7952
7953
7954
7953
7955
7956
7957
7958
7959
7961
7962
7963
7963
7964
7966
7967
7967
7969
7970
7971
7972
7971
7972
7973
7976
7975
7977
7979
7980
7980
7981
7983
7983
7984
7986
7985
7986
7988
7990
7990
7991
7992
7993
7993
7994
7995
7996
7999
7998
8001
8001
8003
8004
8004
8004
8007
8008
8009
8010
8011
8010
8012
8013
8013
8014
8017
8016
8018
8018
8021
8022
8022
8023
8023
8026
8025
8027
8029
8030
8030
8032
8032
8033
8035
8036
8036
8038
8037
8039
8041
8042
8043
8043
8045
8046
8046
8047
8048
8050
8051
8051
8053
8052
8054
8054
8056
8057
8059
8058
8060
8060
8061
8064
8065
8064
8067
8067
8067
8068
8069
8070
8071
8073
8074
8074
8076
8076
8078
8080
8079
8080
8083
8083
8084
8084
8087
8088
8089
8090
8090
8090
8091
8093
8093
8096
8096
8098
8099
8100
8099
8100
8103
8103
8104
8105
8106
8107
8109
8108
8109
8110
8112
8112
8114
8116
8116
8117
8117
8118
8120
8121
8121
8123
8123
8125
8127
8128
8128
8129
8131
8132
8133
8134
8134
8136
8136
8136
8137
8138
8139
8141
8142
8144
8145
8145
8146
8146
8147
8150
8150
8151
8152
8154
8155
8156
8157
8157
8159
8159
8159
8161
8161
8162
8163
8166
8167
8168
8169
8170
8171
8170
8171
8174
8175
8174
8175
8177
8178
8178
8181
8180
8182
8182
8183
8184
8187
8188
8187
8189
8189
8190
8191
8193
8193
8195
8195
8196
8198
8198
8201
8201
8201
8203
8204
8204
8206
8207
8207
8208
8210
8212
8212
8212
8213
8214
8217
8216
8219
8220
8221
8221
8223
8222
8223
8225
8225
8227
8228
8229
8231
8232
8231
8233
8234
8236
8236
8236
8238
8240
8241
8241
8242
8242
8244
8246
8245
8246
8247
8249
8249
8252
8253
8253
8254
8256
8255
8257
8258
8260
8259
8261
8262
8262
8265
8264
8265
8267
8268
8270
8270
8271
8271
8272
8274
8276
8275
8276
8278
8278
8280
8281
8282
8283
8283
8286
8286
8286
8288
8289
8289
8291
8293
8294
8294
8296
8295
8298
8298
8300
8301
8300
8301
8302
8304
8306
8307
8308
8309
8308
8310
8311
8311
8314
8315
8314
8317
8317
8318
8318
8319
8321
8322
8322
8324
8324
8327
8327
8327
8329
8330
8332
8333
8334
8335
8335
8337
8336
8338
8339
8339
8342
8342
8342
8344
8344
8347
8347
8349
8348
8351
8352
8353
8352
8355
8354
8356
8358
8357
8360
8361
8362
8361
8364
8365
8366
8365
8367
8367
8369
8369
8371
8373
8373
8375
8374
8375
8377
8377
8378
8381
8382
8381
8384
8383
8384
8386
8388
8388
8390
8391
8390
8392
8394
8395
8394
8395
8396
8399
8398
8401
8401
8403
8403
8405
8406
8405
8406
8408
8408
8410
8412
8413
8414
8415
8414
8417
8416
8417
8418
8421
8420
8421
8424
8423
8424
8427
8426
8427
8428
8431
8430
8432
8433
8434
8435
8436
8437
8439
8439
8441
8440
8441
8444
8445
8444
8445
8448
8448
8450
8449
8451
8453
8453
8454
8454
8455
8458
8458
8458
8461
8461
8462
8462
8465
8465
8466
8468
8469
8469
8469
8472
8473
8473
8475
8475
8476
8476
8479
8478
8481
8482
8481
8483
8484
8485
8485
8487
8487
8490
8489
8492
8491
8493
8493
8494
8497
8496
8499
8498
8500
8502
8501
8503
8503
8504
8505
8506
8507
8510
8509
8510
8513
8512
8515
8515
8515
8518
8517
8519
8520
8521
8522
8524
8523
8526
8525
8526
8529
8530
8530
8532
8533
8533
8533
8534
8536
8536
8537
8538
8540
8542
8541
8542
8543
8546
8547
8546
8547
8549
8551
8551
8553
8553
8554
8554
8555
8558
8558
8559
8560
8560
8561
8563
8563
8565
8567
8567
8569
8568
8571
8570
8573
8574
8574
8575
8575
8576
8578
8578
8580
8581
8583
8584
8583
8585
8587
8587
8587
8589
8589
8592
8593
8593
8594
8596
8597
8596
8598
8599
8601
8601
8603
8604
8604
8605
8605
8607
8609
8608
8611
8612
8612
8614
8614
8614
8616
8616
8619
8620
8619
8622
8623
8622
8623
8624
8625
8628
8629
8629
8630
8632
8631
8632
8634
8634
8637
8636
8639
8640
8639
8642
8642
8644
8645
8644
8647
8646
8648
8649
8649
8651
8651
8652
8655
8655
8656
8658
8658
8659
8661
8660
8661
8662
8664
8665
8665
8668
8668
8669
8670
8672
8672
8672
8675
8674
8675
8678
8678
8680
8680
8680
8683
8684
8683
8685
8687
8688
8688
8688
8689
8690
8692
8693
8693
8695
8696
8698
8697
8700
8699
8702
8701
8703
8705
8704
8707
8706
8709
8709
8711
8710
8712
8714
8714
8716
8716
8716
8719
8720
8720
8720
8721
8722
8724
8725
8727
8726
8728
8730
8730
8731
8732
8733
8733
8735
8736
8736
8738
8738
8741
8741
8743
8743
8744
8745
8745
8746
8748
8748
8751
8750
8752
8752
8754
8754
8756
8756
8758
8758
8761
8762
8763
8763
8764
8765
8767
8768
8768
8769
8769
8771
8772
8774
8773
8776
8775
8777
8779
8780
8781
8782
8781
8783
8783
8785
8787
8787
8787
8789
8791
8792
8792
8792
8795
8796
8796
8797
8799
8798
8800
8802
8801
8804
8803
8804
8807
8807
8809
8810
8810
8810
8813
8814
8814
8816
8816
8817
8818
8819
8821
8821
8823
8823
8824
8825
8826
8826
8827
8828
8829
8831
8831
8833
8834
8835
8837
8836
8839
8840
8839
8840
8843
8844
8843
8845
8846
8848
8847
8848
8850
8850
8853
8852
8855
8855
8857
8856
8858
8858
8861
8862
8863
8864
8864
8865
8865
8866
8869
8868
8869
8870
8872
8872
8873
8876
8877
8876
8879
8878
8879
8881
8881
8882
8884
8884
8886
8888
8889
8888
8891
8891
8893
8893
8894
8895
8895
8898
8897
8898
8901
8900
8902
8903
8905
8905
8906
8907
8908
8908
8911
8912
8913
8914
8913
8916
8915
8917
8918
8918
8920
8920
8922
8924
8925
8926
8925
8927
8928
8928
8931
8930
8933
8932
8933
8935
8937
8937
8937
8939
8941
8942
8942
8944
8945
8946
8946
8946
8947
8950
8949
8950
8951
8953
8953
8954
8956
8956
8958
8958
8961
8960
8963
8964
8964
8966
8965
8967
8967
8969
8971
8970
8972
8972
8975
8975
8977
8976
8979
8979
8979
8980
8983
8982
8983
8986
8986
8987
8987
8988
8991
8990
8992
8994
8995
8996
8996
8996
8997
9000
9000
9000
9003
9002
9005
9006
9007
9008
9007
9009
9009
9011
9012
9012
9015
9015
9015
9017
9018
9019
9021
9021
9022
9022
9023
9025
9025
9027
9028
9030
9030
9031
9033
9032
9035
9035
9035
9037
9038
9039
9039
9042
9041
9042
9044
9044
9047
9047
9049
9048
9049
9052
9053
9054
9055
9056
9056
9056
9058
9058
9061
9062
9063
9062
9064
9066
9066
9067
9067
9068
9069
9072
9072
9073
9075
9074
9077
9077
9078
9080
9079
9082
9082
9084
9085
9085
9085
9087
9088
9090
9091
9092
9093
9092
9095
9095
9097
9097
9097
9098
9099
9101
9103
9104
9105
9106
9107
9108
9108
9108
9110
9111
9111
9114
9114
9114
9115
9117
9119
9118
9120
9120
9123
9123
9123
9125
9127
9128
9127
9130
9129
9130
9132
9133
9135
9136
9135
9137
9138
9140
9139
9140
9141
9143
9143
9146
9145
9147
9148
9150
9150
9152
9153
9152
9153
9154
9157
9156
9157
9158
9160
9161
9162
9164
9163
9165
9166
9166
9167
9169
9169
9171
9172
9173
9173
9175
9176
9176
9177
9178
9180
9181
9181
9183
9185
9186
9187
9188
9187
9190
9189
9191
9192
9194
9195
9195
9195
9197
9197
9199
9201
9200
9203
9203
9205
9205
9206
9207
9208
9209
9211
9210
9212
9212
9213
9215
9217
9216
9219
9218
9221
9222
9223
9224
9225
9225
9225
9228
9228
9228
9230
9230
9232
9233
9233
9236
9237
9237
9238
9240
9239
9240
9241
9244
9244
9244
9246
9247
9247
9249
9250
9251
9252
9253
9253
9254
9255
9257
9259
9260
9259
9261
9261
9264
9264
9264
9266
9267
9269
9270
9270
9270
9271
9274
9273
9276
9275
9277
9277
9279
9281
9282
9281
9283
9283
9285
9286
9287
9289
9290
9289
9290
9291
9293
9293
9296
9297
9297
9298
9300
9300
9302
9301
9303
9305
9304
9306
9306
9307
9309
9311
9310
9312
9312
9315
9314
9316
9316
9318
9318
9319
9320
9323
9323
9325
9326
9326
9327
9327
9330
9330
9332
9331
9333
9335
9334
9335
9336
9338
9339
9339
9340
9342
9343
9344
9345
9347
9348
9347
9350
9350
9350
9353
9352
9355
9356
9357
9357
9357
9358
9360
9360
9361
9364
9364
9366
9365
9368
9369
9369
9369
9370
9371
9372
9373
9375
9376
9378
9379
9379
9380
9380
9381
9383
9383
9386
9385
9386
9387
9390
9389
9392
9393
9392
9395
9395
9395
9398
9398
9398
9401
9402
9402
9402
9405
9405
9407
9408
9408
9409
9410
9412
9412
9413
9415
9416
9416
9418
9417
9420
9420
9421
9423
9423
9425
9426
9425
9426
9429
9430
9429
9431
9432
9433
9435
9436
9436
9438
9439
9440
9439
9440
9443
9442
9443
9445
9445
9447
9448
9449
9450
9450
9453
9453
9453
9455
9456
9456
9458
9458
9461
9462
9461
9463
9465
9466
9466
9466
9468
9468
9469
9472
9472
9474
9473
9475
9476
9476
9477
9478
9480
9482
9482
9483
9484
9485
9486
9488
9489
9488
9489
9492
9492
9493
9494
9494
9495
9496
9498
9500
9500
9501
9503
9502
9504
9504
9507
9506
9507
9508
9509
9510
9513
9514
9515
9515
9516
9516
9517
9519
9521
9521
9521
9522
9523
9526
9526
9527
9527
9530
9530
9531
9532
9532
9534
9534
9536
9537
9538
9539
9540
9541
9543
9542
9544
9544
9546
9547
9548
9548
9551
9550
9553
9554
9553
9554
9557
9558
9558
9558
9561
9560
9562
9562
9564
9564
9567
9568
9568
9568
9570
9572
9573
9573
9575
9576
9577
9578
9577
9578
9579
9582
9583
9584
9585
9584
9585
9588
9587
9590
9591
9592
9593
9593
9594
9594
9596
9596
9599
9598
9599
9601
9603
9604
9603
9604
9607
9608
9607
9610
9609
9610
9612
9614
9613
9616
9615
9618
9618
9618
9620
9622
9623
9624
9623
9624
9625
9626
9628
9628
9629
9631
9633
9633
9635
9634
9637
9637
9637
9638
9641
9640
9642
9643
9644
9646
9645
9647
9648
9648
9651
9651
9651
9654
9653
9654
9656
9657
9658
9660
9660
9660
9663
9663
9665
9666
9667
9667
9667
9670
9671
9670
9671
9672
9675
9675
9677
9678
9677
9680
9679
9682
9681
9682
9684
9685
9687
9686
9689
9688
9689
9692
9691
9694
9694
9694
9696
9697
9699
9700
9699
9701
9701
9703
9704
9704
9705
9708
9709
9709
9710
9711
9711
9714
9714
9714
9716
9717
9717
9718
9721
9721
9721
9722
9723
9726
9726
9728
9727
9728
9729
9731
9731
9732
9733
9736
9735
9737
9739
9738
9739
9741
9743
9742
9743
9745
9746
9747
9749
9748
9749
9752
9753
9752
9754
9754
9757
9756
9757
9758
9759
9760
9763
9763
9764
9764
9766
9768
9768
9768
9769
9771
9773
9774
9773
9774
9776
9778
9777
9780
9781
9780
9783
9784
9784
9784
9785
9788
9787
9789
9791
9792
9793
9794
9793
9794
9797
9798
9798
9799
9800
9801
9801
9803
9804
9804
9806
9807
9807
9810
9809
9810
9813
9812
9813
9815
9816
9817
9817
9819
9819
9820
9821
9822
9824
9826
9826
9826
9828
9830
9831
9832
9831
9832
9834
9834
9836
9836
9839
9839
9841
9842
9841
9842
9845
9844
9847
9847
9849
9848
9849
9850
9851
9853
9853
9855
9855
9857
9857
9858
9860
9860
9861
9864
9864
9866
9867
9866
9867
9869
9871
9872
9872
9874
9873
9876
9876
9878
9877
9878
9879
9881
9881
9884
9883
9884
9886
9887
9889
9889
9890
9890
9893
9894
9893
9895
9897
9898
9898
9900
9901
9901
9903
9902
9904
9904
9905
9908
9907
9910
9909
9911
9911
9913
9913
9915
9917
9917
9917
9920
9919
9922
9923
9922
9925
9924
9926
9927
9927
9929
9929
9930
9931
9932
9934
9936
9936
9938
9939
9939
9941
9940
9943
9944
9943
9944
9947
9948
9949
9950
9951
9950
9953
9952
9954
9956
9955
9956
9958
9959
9960
9962
9962
9964
9963
9964
9967
9967
9967
9969
9969
9972
9973
9973
9975
9976
9976
9977
9977
9978
9980
9982
9981
9983
9985
9986
9986
9987
9987
9990
9991
9992
9993
9994
9995
9996
9995
9997
9998
9998
9999
10002
10001
10002
10003
10004
10005
10007
10009
10009
10009
10011
10011
10013
10013
10015
10016
10017
10017
10020
10021
10022
10022
10023
10024
10025
10027
10027
10029
10028
10031
10030
10031
10032
10034
10034
10036
10038
10037
10039
10039
10041
10043
10043
10045
10045
10045
10047
10047
10048
10049
10052
10051
10052
10054
10056
10056
10056
10059
10060
10060
10062
10063
10064
10063
10065
10067
10068
10067
10068
10069
10071
10072
10072
10073
10076
10076
10076
10077
10080
10080
10082
10083
10084
10083
10084
10087
10087
10088
10090
10089
10090
10093
10093
10095
10096
10097
10098
10098
10099
10100
10102
10103
10102
10105
10106
10107
10108
10107
10109
10111
10112
10112
10113
10115
10115
10117
10117
10119
10119
10120
10121
10123
10123
10123
10125
10126
10128
10129
10130
10129
10131
10133
10132
10134
10136
10135
10137
10138
10139
10139
10140
10141
10143
10143
10144
10145
10148
10147
10148
10150
10152
10152
10153
10153
10155
10155
10157
10159
10158
10160
10162
10162
10162
10163
10164
10165
10167
10169
10170
10171
10170
10171
10173
10175
10174
10176
10178
10177
10180
10181
10180
10182
10183
10184
10185
10185
10188
10187
10190
10189
10192
10191
10194
10193
10195
10197
10197
10199
10200
10200
10200
10203
10203
10205
10205
10205
10206
10208
10208
10209
10211
10212
10214
10213
10216
10217
10217
10217
10220
10220
10220
10223
10224
10225
10226
10225
10226
10227
10229
10231
10232
10233
10232
10234
10235
10237
10238
10239
10239
10239
10240
10241
10244
10243
10244
10247
10248
10249
10250
10251
10250
10253
10254
10253
10254
10257
10258
10258
10258
10260
10260
10261
10262
10264
10266
10267
10268
10268
10269
10270
10271
10273
10273
10274
10274
10277
10277
10277
10279
10279
10282
10281
10283
10283
10285
10286
10288
10287
10290
10289
10291
10291
10293
10295
10294
10296
10297
10299
10298
10300
10300
10301
10303
10305
10305
10306
10308
10309
10310
10309
10310
10313
10313
10314
10316
10315
10316
10319
10319
10321
10321
10322
10322
10325
10324
10325
10328
10327
10328
10331
10331
10332
10334
10333
10334
10336
10338
10339
10338
10340
10341
10342
10342
10343
10346
10346
10346
10349
10348
10349
10352
10352
10353
10353
10356
10356
10357
10358
10360
10361
10361
10362
10362
10364
10365
10366
10366
10367
10369
10369
10372
10371
10372
10374
10375
10377
10378
10379
10378
10379
10382
10383
10382
10384
10384
10387
10387
10389
10389
10389
10391
10393
10392
10394
10395
10396
10396
10398
10398
10399
10400
10401
10402
10403
10405
10407
10408
10408
10408
10411
10410
10411
10412
10413
10416
10415
10418
10417
10420
10420
10421
10421
10422
10424
10424
10427
10427
10427
10428
10431
10431
10431
10434
10433
10435
10437
10438
10438
10439
10439
10441
10442
10443
10445
10445
10446
10446
10448
10450
10449
10452
10451
10454
10454
10454
10457
10456
10458
10458
10460
10461
10463
10462
10463
10466
10466
10466
10469
10468
10471
10470
10471
10473
10475
10476
10476
10477
10477
10480
10479
10481
10481
10483
10483
10485
10487
10486
10489
10489
10489
10490
10493
10494
10493
10495
10497
10496
10498
10500
10500
10500
10501
10503
10503
10504
10507
10507
10508
10510
10509
10512
10512
10513
10514
10515
10517
10517
10519
10519
10519
10520
10521
10522
10523
10525
10526
10527
10528
10528
10530
10530
10533
10533
10535
10536
10537
10537
10537
10539
10541
10541
10542
10542
10543
10546
10545
10546
10548
10550
10549
10552
10551
10552
10553
10555
10556
10557
10557
10559
10560
10561
10563
10562
10565
10566
10565
10568
10568
10568
10569
10570
10573
10573
10574
10574
10576
10577
10577
10578
10581
10580
10581
10584
10583
10584
10586
10586
10588
10589
10591
10590
10593
10594
10595
10596
10596
10598
10598
10598
10600
10602
10602
10603
10603
10604
10606
10606
10609
10609
10609
10611
10611
10612
10615
10615
10616
10616
10619
10620
10621
10621
10621
10624
10624
10624
10627
10626
10627
10629
10630
10631
10632
10632
10635
10636
10635
10637
10639
10638
10641
10640
10643
10642
10644
10646
10647
10648
10649
10649
10651
10652
10652
10653
10655
10656
10656
10658
10657
10659
10659
10662
10661
10664
10663
10664
10667
10666
10668
10670
10670
10672
10672
10673
10673
10676
10675
10678
10677
10678
10681
10682
10681
10682
10683
10686
10685
10686
10688
10689
10690
10690
10692
10692
10695
10695
10696
10698
10699
10699
10699
10700
10702
10703
10705
10705
10706
10706
10709
10709
10709
10711
10713
10714
10714
10714
10716
10718
10717
10719
10720
10720
10723
10724
10724
10726
10725
10728
10729
10728
10729
10732
10732
10734
10733
10735
10736
10737
10739
10738
10740
10740
10743
10742
10743
10745
10745
10747
10747
10750
10749
10752
10753
10754
10754
10754
10757
10756
10757
10760
10760
10762
10763
10764
10764
10764
10766
10766
10769
10769
10770
10770
10773
10772
10774
10776
10776
10776
10778
10778
10781
10780
10783
10784
10783
10785
10787
10786
10789
10790
10791
10791
10792
10793
10794
10795
10796
10797
10798
10799
10799
10800
10803
10804
10803
10805
10807
10806
10808
10809
10809
10811
10812
10812
10813
10816
10817
10818
10817
10818
10821
10820
10822
10824
10825
10824
10825
10828
10828
10829
10830
10831
10833
10832
10834
10835
10837
10837
10839
10838
10839
10842
10842
10844
10843
10845
10846
10846
10848
10848
10849
10852
10851
10854
10854
10854
10855
10857
10857
10859
10859
10861
10862
10863
10863
10866
10867
10868
10868
10869
10870
10872
10872
10872
10874
10876
10875
10877
10879
10880
10880
10880
10882
10884
10885
10884
10887
10886
10889
10888
10891
10890
10893
10892
10894
10896
10895
10897
10897
10900
10901
10902
10902
10903
10903
10905
10905
10907
10909
10910
10910
10911
10911
10912
10913
10915
10916
10916
10918
10918
10920
10921
10922
10923
10925
10924
10926
10927
10928
10930
10929
10931
10933
10932
10935
10934
10937
10936
10939
10939
10940
10941
10941
10943
10945
10944
10945
10947
10948
10948
10951
10950
10953
10953
10955
10956
10957
10956
10958
10960
10959
10962
10961
10962
10965
10965
10965
10967
10968
10969
10969
10972
10973
10973
10975
10976
10977
10978
10977
10979
10979
10980
10982
10982
10985
10984
10985
10988
10988
10989
10990
10992
10991
10994
10993
10995
10996
10997
10997
11000
11001
11002
11001
11004
11004
11006
11006
11007
11009
11008
11011
11011
11012
11013
11014
11015
11017
11018
11017
11019
11020
11022
11022
11024
11025
11026
11025
11027
11027
11030
11030
11031
11033
11033
11034
11034
11036
11036
11038
11040
11040
11041
11041
11044
11043
11046
11045
11048
11048
11050
11051
11052
11053
11052
11054
11056
11055
11056
11057
11059
11059
11061
11063
11062
11064
11065
11065
11068
11069
11068
11071
11070
11073
11074
11074
11074
11076
11078
11077
11078
11080
11082
11083
11083
11083
11086
11085
11086
11087
11089
11091
11091
11092
11093
11094
11096
11096
11098
11099
11098
11099
11102
11102
11102
11105
11104
11105
11107
11107
11109
11110
11112
11112
11114
11114
11115
11117
11118
11117
11118
11121
11122
11122
11122
11124
11126
11125
11128
11129
11130
11129
11130
11133
11132
11133
11136
11135
11137
11138
11138
11139
11140
11142
11144
11143
11144
11146
11148
11149
11150
11149
11152
11152
11153
11155
11154
11156
11158
11158
11159
11159
11161
11163
11164
11165
11164
11167
11166
11169
11168
11170
11172
11172
11174
11175
11176
11175
11177
11179
11179
11179
11180
11181
11184
11185
11184
11187
11187
11187
11188
11191
11190
11191
11194
11193
11196
11197
11198
11199
11199
11200
11202
11202
11202
11205
11205
11207
11206
11209
11210
11210
11210
11211
11213
11215
11216
11217
11218
11217
11218
11219
11221
11221
11223
11223
11225
11225
11227
11229
11229
11231
11230
11232
11233
11234
11234
11237
11236
11237
11240
11239
11242
11243
11243
11245
11245
11245
11247
11248
11249
11250
11252
11251
11252
11253
11256
11257
11257
11257
11259
11259
11260
11263
11263
11263
11264
11267
11266
11269
11268
11269
11270
11271
11274
11274
11276
11276
11278
11277
11278
11280
11280
11283
11282
11284
11284
11287
11286
11288
11288
11289
11292
11292
11292
11293
11295
11297
11296
11299
11300
11300
11300
11303
11303
11305
11304
11306
11307
11307
11310
11311
11311
11311
11313
11314
11315
11317
11317
11317
11319
11321
11321
11322
11323
11325
11326
11325
11327
11327
11328
11329
11332
11331
11332
11334
11334
11335
11338
11339
11339
11341
11342
11341
11342
11344
11346
11347
11347
11348
11348
11349
11350
11353
11354
11355
11356
11356
11356
11358
11360
11359
11360
11362
11363
11363
11366
11367
11368
11369
11370
11369
11372
11373
11372
11373
11375
11376
11378
11377
11380
11380
11380
11381
11382
11385
11384
11387
11387
11387
11389
11390
11391
11392
11392
11393
11396
11396
11396
11398
11399
11399
11402
11402
11404
11403
11405
11406
11407
11409
11409
11410
11410
11413
11414
11413
11416
11417
11417
11418
11418
11419
11420
11422
11423
11424
11426
11426
11426
11429
11428
11431
11432
11431
11432
11433
11434
11435
11437
11437
11440
11440
11441
11441
11442
11444
11445
11446
11446
11449
11448
11449
11452
11451
11452
11454
11456
11457
11456
11457
11459
11460
11462
11463
11463
11463
11464
11466
11466
11469
11470
11469
11470
11473
11472
11475
11474
11477
11476
11479
11479
11479
11482
11483
11483
11485
11484
11485
11488
11488
11489
11490
11492
11491
11493
11493
11495
11496
11496
11499
11498
11501
11500
11503
11503
11504
11505
11505
11507
11509
11510
11509
11512
11513
11512
11514
11516
11516
11518
11519
11518
11520
11520
11523
11524
11525
11525
11526
11526
11528
11529
11531
11531
11533
11533
11534
11534
11535
11537
11539
11540
11539
11540
11543
11544
11544
11544
11547
11548
11547
11550
11551
11551
11551
11552
11554
11554
11556
11558
11558
11558
11560
11561
11562
11563
11565
11566
11565
11568
11568
11568
11571
11572
11572
11573
11575
11576
11577
11578
11578
11578
11581
11581
11582
11582
11585
11584
11586
11586
11588
11588
11589
11590
11593
11594
11595
11596
11595
11598
11599
11599
11599
11601
11602
11603
11604
11605
11605
11606
11607
11609
11609
11610
11611
11612
11614
11614
11616
11616
11617
11618
11620
11621
11622
11623
11624
11625
11626
11627
11628
11629
11629
11631
11631
11633
11635
11635
11635
11636
11639
11640
11641
11640
11641
11643
11644
11645
11646
11646
11649
11650
11649
11651
11651
11654
11653
11656
11656
11657
11657
11660
11661
11662
11662
11664
11664
11665
11666
11668
11668
11669
11670
11671
11672
11673
11675
11674
11675
11676
11678
11678
11679
11682
11682
11684
11683
11685
11686
11687
11689
11688
11691
11691
11693
11692
11695
11694
11697
11697
11697
11698
11701
11701
11703
11703
11703
11705
11706
11707
11707
11708
11710
11710
11711
11712
11715
11714
11716
11717
11719
11720
11721
11721
11722
11723
11725
11724
11727
11728
11729
11728
11731
11731
11733
11734
11733
11734
11736
11738
11738
11739
11740
11741
11741
11743
11744
11746
11747
11746
11748
11750
11749
11750
11752
11754
11754
11755
11755
11758
11757
11758
11761
11760
11763
11764
11763
11766
11765
11768
11767
11768
11770
11771
11772
11773
11773
11774
11777
11776
11777
11778
11781
11782
11782
11782
11785
11784
11787
11788
11787
11790
11789
11792
11792
11792
11793
11795
11795
11796
11798
11799
11799
11801
11801
11803
11803
11804
11807
11808
11807
11809
11809
11811
11811
11814
11815
11816
11815
11818
11819
11819
11821
11820
11822
11822
11824
11825
11827
11828
11827
11829
11830
11830
11833
11833
11833
11834
11835
11838
11839
11838
11840
11840
11843
11843
11843
11846
11845
11847
11848
11848
11851
11850
11852
11853
11854
11856
11855
11857
11858
11859
11859
11860
11862
11862
11865
11866
11866
11868
11867
11869
11869
11871
11871
11872
11873
11874
11877
11877
11879
11879
11881
11882
11882
11882
11884
11884
11885
11888
11889
11890
11889
11890
11893
11894
11894
11896
11895
11896
11899
11898
11900
11900
11903
11903
11904
11904
11905
11907
11909
11910
11911
11912
11913
11913
11913
11915
11915
11916
11917
11918
11919
11921
11922
11923
11923
11926
11925
11926
11929
11928
11930
11932
11932
11933
11934
11934
11936
11937
11938
11939
11940
11941
11942
11943
11943
11946
11947
11947
11947
11948
11951
11951
11952
11952
11953
11956
11956
11956
11958
11959
11960
11962
11961
11962
11963
11966
11965
11966
11967
11970
11971
11972
11972
11973
11974
11976
11975
11977
11978
11980
11980
11980
11982
11982
11985
11985
11985
11986
11989
11990
11990
11992
11992
11992
11995
11994
11997
11997
11997
11998
12000
12000
12002
12002
12005
12004
12005
12006
12009
12010
12011
12011
12011
12013
12015
12016
12017
12016
12019
12018
12021
12021
12023
12023
12024
12026
12026
12027
12028
12030
12029
12030
12031
12034
12034
12034
12037
12038
12037
12039
12040
12041
12041
12044
12043
12044
12046
12046
12048
12049
12050
12051
12052
12052
12055
12056
12057
12057
12059
12059
12060
12062
12063
12063
12065
12065
12067
12067
12067
12069
12070
12072
12073
12074
12075
12074
12077
12076
12077
12079
12079
12082
12083
12083
12085
12086
12086
12086
12088
12088
12091
12090
12091
12094
12095
12096
12095
12098
12099
12098
12099
12100
12101
12102
12105
12106
12105
12108
12107
12110
12109
12111
12112
12112
12115
12116
12117
12116
12117
12120
12120
12122
12123
12124
12124
12125
12125
12128
12128
12130
12131
12132
12133
12134
12135
12136
12135
12137
12138
12139
12140
12142
12143
12142
12143
12145
12147
12146
12149
12148
12151
12151
12153
12154
12154
12155
12157
12157
12157
12158
12159
12160
12161
12162
12164
12164
12167
12167
12169
12169
12171
12170
12172
12174
12174
12176
12176
12177
12179
12178
12181
12180
12183
12184
12183
12184
12187
12188
12189
12190
12189
12192
12192
12193
12193
12194
12197
12196
12198
12200
12200
12201
12201
12202
12204
12206
12207
12208
12208
12210
12211
12211
12211
12213
12214
12215
12217
12216
12217
12219
12220
12221
12222
12224
12223
12225
12227
12226
12228
12229
12229
12230
12231
12232
12233
12235
12235
12236
12237
12240
12240
12240
12242
12243
12245
12246
12245
12248
12247
12249
12250
12252
12251
12254
12254
12255
12257
12257
12259
12258
12259
12262
12262
12262
12263
12266
12267
12267
12267
12268
12269
12271
12271
12273
12273
12274
12277
12277
12277
12278
12279
12282
12283
12282
12285
12284
12287
12287
12289
12290
12291
12292
12293
12293
12293
12295
12295
12298
12299
12299
12299
12300
12301
12302
12305
12305
12307
12307
12307
12308
12310
12310
12313
12313
12314
12315
12317
12318
12317
12319
12320
12320
12322
12324
12324
12325
12325
12328
12328
12330
12330
12332
12331
12333
12333
12334
12335
12336
12339
12338
12339
12342
12341
12342
12343
12346
12346
12346
12349
12350
12351
12350
12353
12354
12353
12355
12356
12356
12358
12358
12359
12360
12363
12363
12364
12364
12367
12366
12368
12370
12369
12371
12373
12374
12374
12374
12377
12377
12378
12379
12379
12381
12383
12383
12383
12384
12387
12387
12387
12389
12391
12391
12392
12392
12393
12395
12396
12398
12398
12398
12401
12402
12403
12403
12404
12406
12407
12406
12407
12408
12410
12411
12413
12413
12415
12414
12417
12416
12417
12420
12420
12420
12422
12423
12423
12426
12425
12426
12428
12430
12429
12431
12432
12432
12433
12435
12437
12436
12438
12440
12441
12441
12442
12443
12443
12445
12445
12448
12448
12448
12451
12451
12451
12453
12455
12456
12455
12458
12459
12460
12461
12460
12462
12462
12463
12465
12466
12466
12469
12469
12471
12471
12471
12473
12473
12475
12475
12476
12477
12479
12480
12480
12483
12482
12485
12486
12487
12488
12489
12489
12490
12491
12492
12492
12493
12495
12495
12497
12499
12498
12499
12502
12502
12502
12504
12506
12506
12507
12508
12510
12509
12512
12511
12512
12515
12516
12515
12518
12518
12518
12519
12521
12523
12524
12524
12526
12527
12528
12528
12529
12531
12532
12532
12533
12533
12534
12536
12536
12539
12538
12541
12542
12541
12544
12544
12545
12547
12548
12547
12549
12551
12552
12551
12554
12555
12556
12557
12557
12559
12559
12560
12561
12562
12562
12564
12565
12565
12566
12568
12569
12569
12572
12571
12572
12574
12576
12576
12578
12578
12578
12580
12582
12583
12583
12584
12585
12585
12587
12588
12588
12589
12592
12591
12593
12593
12595
12595
12598
12598
12600
12599
12601
12603
12603
12605
12605
12606
12608
12607
12608
12611
12611
12613
12613
12615
12616
12615
12617
12618
12619
12620
12621
12622
12624
12623
12626
12625
12626
12628
12629
12629
12631
12631
12634
12635
12634
12636
12636
12637
12639
12640
12642
12642
12643
12643
12645
12646
12646
12649
12650
12649
12652
12652
12653
12654
12655
12655
12656
12659
12659
12661
12660
12663
12662
12663
12664
12666
12668
12667
12669
12670
12672
12671
12674
12675
12675
12676
12676
12679
12679
12679
12682
12681
12684
12685
12684
12686
12688
12688
12688
12691
12690
12691
12694
12693
12695
12697
12698
12697
12699
12700
12702
12701
12704
12705
12704
12705
12706
12709
12709
12709
12712
12712
12713
12715
12714
12716
12716
12718
12718
12720
12720
12722
12722
12725
12726
12726
12728
12729
12728
12729
12731
12731
12733
12734
12736
12735
12738
12738
12740
12739
12741
12743
12742
12745
12745
12745
12748
12749
12749
12751
12750
12753
12752
12754
12756
12756
12756
12759
12758
12760
12760
12762
12763
12765
12764
12766
12768
12767
12770
12770
12771
12772
12773
12774
12776
12775
12776
12779
12778
12781
12781
12781
12784
12783
12786
12787
12787
12787
12789
12791
12791
12792
12793
12793
12794
12795
12797
12798
12798
12801
12800
12802
12803
12805
12805
12805
12808
12809
12810
12811
12811
12813
12812
12814
12816
12815
12816
12818
12819
12821
12821
12823
12822
12823
12824
12827
12826
12827
12829
12830
12832
12832
12833
12833
12834
12837
12838
12837
12839
12840
12842
12841
12842
12844
12846
12845
12847
12849
12850
12849
12852
12852
12852
12853
12854
12857
12856
12857
12860
12861
12862
12863
12863
12864
12864
12867
12867
12869
12868
12871
12871
12871
12872
12875
12875
12877
12877
12878
12878
12879
12882
12881
12882
12883
12885
12885
12888
12887
12889
12890
12892
12892
12893
12894
12896
12897
12897
12897
12899
12901
12900
12901
12904
12904
12905
12907
12907
12909
12909
12910
12910
12911
12914
12913
12915
12916
12917
12918
12920
12919
12920
12922
12923
12925
12924
12926
12927
12928
12930
12929
12930
12931
12933
12933
12935
12937
12938
12937
12940
12940
12940
12943
12944
12945
12945
12946
12947
12947
12950
12949
12950
12953
12954
12953
12956
12955
12958
12957
12960
12960
12961
12963
12964
12963
12964
12965
12966
12968
12970
12971
12972
12973
12974
12975
12975
12976
12976
12978
12980
12979
12981
12981
12984
12984
12985
12987
12987
12987
12988
12989
12990
12993
12992
12995
12996
12996
12997
12999
13000
12999
13002
13003
13004
13003
13005
13006
13007
13009
13010
13010
13012
13012
13014
13013
13014
13015
13016
13019
13020
13019
13020
13023
13022
13024
13025
13025
13026
13027
13029
13029
13030
13031
13034
13035
13035
13037
13038
13037
13039
13040
13042
13042
13042
13045
13046
13046
13047
13049
13049
13049
13052
13053
13052
13053
13054
13057
13058
13058
13058
13059
13061
13061
13063
13064
13065
13065
13066
13067
13069
13071
13072
13071
13073
13074
13074
13075
13076
13078
13080
13080
13082
13081
13083
13085
13085
13085
13087
13087
13089
13091
13090
13091
13092
13093
13096
13097
13096
13097
13098
13100
13102
13103
13104
13104
13105
13105
13107
13108
13109
13110
13110
13112
13114
13115
13114
13115
13118
13117
13119
13119
13122
13123
13123
13123
13126
13125
13126
13127
13128
13129
13132
13131
13133
13135
13136
13137
13136
13137
13139
13141
13142
13143
13143
13145
13145
13147
13146
13147
13148
13151
13152
13151
13154
13154
13155
13155
13158
13158
13158
13159
13160
13162
13163
13165
13164
13165
13167
13168
13170
13169
13171
13172
13172
13173
13175
13176
13178
13179
13178
13179
13182
13181
13182
13184
13185
13187
13187
13188
13190
13189
13192
13193
13193
13194
13195
13197
13196
13197
13198
13201
13202
13203
13203
13205
13206
13205
13207
13209
13208
13211
13212
13213
13214
13213
13216
13217
13216
13217
13218
13221
13221
13221
13224
13225
13224
13225
13227
13227
13229
13229
13232
13231
13234
13234
13234
13237
13238
13239
13239
13239
13242
13242
13242
13243
13245
13247
13248
13248
13248
13249
13251
13253
13254
13253
13256
13257
13257
13259
13260
13259
13262
13263
13263
13265
13265
13267
13268
13268
13270
13269
13272
13272
13274
13275
13275
13276
13278
13278
13278
13279
13282
13283
13284
13285
13284
13285
13287
13289
13290
13290
13292
13293
13293
13295
13295
13295
13297
13297
13300
13299
13301
13302
13304
13304
13305
13306
13308
13308
13310
13309
13311
13313
13312
13315
13315
13316
13318
13317
13318
13321
13322
13322
13323
13324
13324
13325
13328
13329
13329
13330
13332
13331
13332
13334
13335
13336
13336
13337
13338
13340
13341
13342
13342
13345
13345
13345
13346
13347
13349
13349
13352
13352
13353
13354
13356
13357
13357
13359
13359
13361
13360
13362
13364
13364
13365
13366
13366
13368
13370
13369
13372
13372
13372
13374
13374
13376
13377
13377
13380
13381
13381
13383
13383
13384
13385
13387
13386
13387
13389
13389
13391
13391
13393
13393
13395
13397
13398
13399
13399
13401
13400
13402
13402
13403
13406
13406
13408
13408
13409
13411
13412
13411
13413
13414
13415
13415
13416
13417
13419
13419
13420
13423
13422
13424
13424
13427
13427
13427
13430
13429
13430
13431
13434
13433
13435
13437
13437
13437
13439
13439
13440
13442
13444
13443
13444
13446
13446
13448
13449
13451
13451
13453
13454
13455
13455
13456
13458
13457
13459
13461
13461
13461
13462
13463
13464
13467
13466
13467
13468
13469
13471
13472
13473
13473
13475
13476
13478
13479
13478
13480
13480
13483
13483
13485
13486
13485
13487
13489
13488
13490
13492
13493
13493
13493
13496
13497
13498
13498
13500
13499
13501
13503
13503
13505
13506
13505
13508
13509
13509
13509
13511
13512
13514
13513
13515
13516
13516
13518
13519
13520
13522
13522
13522
13523
13525
13527
13528
13528
13529
13529
13531
13533
13534
13534
13534
13537
13538
13539
13540
13540
13542
13542
13544
13545
13546
13547
13547
13549
13548
13549
13550
13553
13553
13553
13554
13555
13556
13557
13560
13561
13561
13563
13564
13563
13564
13567
13567
13567
13570
13570
13572
13573
13574
13575
13576
13576
13577
13578
13579
13581
13581
13582
13584
13584
13586
13585
13587
13589
13589
13590
13592
13593
13593
13593
13595
13596
13598
13599
13600
13599
13600
13602
13604
13603
13606
13606
13608
13608
13610
13609
13611
13613
13614
13613
13614
13617
13618
13619
13620
13619
13620
13623
13622
13625
13624
13627
13626
13629
13630
13630
13632
13631
13632
13633
13634
13637
13637
13637
13639
13641
13641
13641
13643
13644
13645
13646
13646
13647
13648
13649
13650
13653
13652
13655
13655
13655
13658
13657
13658
13661
13661
13662
13664
13665
13665
13666
13668
13667
13670
13670
13672
13672
13673
13673
13674
13675
13678
13678
13679
13679
13682
13683
13682
13683
13685
13687
13686
13688
13690
13690
13691
13692
13694
13693
13695
13696
13698
13698
13700
13701
13700
13702
13703
13705
13704
13706
13708
13709
13710
13709
13710
13713
13712
13714
13716
13717
13717
13719
13719
13719
13721
13723
13722
13724
13725
13727
13726
13727
13729
13731
13732
13732
13733
13733
13735
13736
13738
13737
13740
13741
13742
13741
13744
13743
13746
13746
13748
13747
13750
13751
13751
13752
13753
13754
13754
13757
13757
13757
13759
13761
13760
13762
13763
13765
13766
13767
13767
13769
13769
13770
13772
13772
13774
13775
13775
13776
13778
13778
13780
13781
13780
13781
13782
13783
13784
13785
13788
13788
13790
13790
13792
13793
13792
13793
13796
13795
13797
13799
13798
13799
13800
13803
13803
13803
13804
13805
13808
13809
13809
13810
13811
13811
13812
13815
13814
13816
13816
13817
13818
13821
13822
13823
13822
13825
13825
13827
13828
13827
13829
13831
13830
13831
13834
13835
13834
13837
13838
13837
13840
13840
13842
13841
13844
13843
13846
13847
13847
13847
13849
13851
13850
13851
13854
13853
13854
13855
13856
13857
13859
13861
13860
13862
13864
13865
13865
13866
13866
13867
13870
13871
13870
13872
13873
13875
13874
13876
13876
13878
13880
13880
13881
13881
13884
13884
13884
13885
13888
13888
13888
13890
13892
13891
13892
13895
13894
13897
13896
13898
13898
13899
13902
13902
13902
13903
13906
13905
13908
13907
13910
13911
13911
13912
13912
13914
13914
13916
13917
13917
13919
13921
13921
13921
13922
13923
13926
13926
13928
13928
13928
13929
13931
13931
13934
13935
13935
13937
13938
13937
13940
13941
13940
13942
13943
13943
13946
13946
13948
13948
13950
13949
13950
13952
13953
13954
13956
13956
13958
13959
13960
13959
13962
13963
13962
13965
13965
13966
13967
13969
13968
13969
13972
13971
13973
13974
13975
13976
13976
13978
13980
13981
13982
13981
13983
13983
13985
13985
13987
13989
13990
13991
13992
13991
13994
13994
13996
13996
13998
13999
13998
13999
14002
14001
14003
14005
14005
14005
14006
14008
14010
14010
14012
14012
14014
14013
14016
14017
14017
14018
14019
14019
14020
14022
14023
14025
14026
14026
14027
14029
14029
14031
14032
14032
14033
14034
14034
14035
14038
14039
14038
14040
14041
14043
14042
14044
14046
14047
14046
14047
14049
14050
14052
14053
14052
14053
14054
14055
14058
14059
14060
14059
14062
14061
14062
14063
14066
14065
14067
14069
14068
14070
14071
14073
14072
14075
14075
14075
14078
14078
14079
14079
14081
14082
14083
14085
14085
14086
14088
14089
14088
14089
14090
14093
14093
14093
14095
14095
14098
14097
14098
14101
14101
14103
14104
14105
14105
14105
14106
14107
14110
14110
14112
14111
14112
14114
14114
14115
14118
14117
14120
14119
14120
14121
14122
14125
14125
14127
14128
14128
14130
14130
14130
14132
14132
14133
14135
14137
14137
14139
14138
14141
14141
14141
14142
14145
14145
14146
14148
14148
14150
14151
14152
14151
14152
14154
14156
14156
14156
14159
14160
14160
14160
14162
14164
14163
14166
14167
14168
14169
14169
14170
14172
14171
14173
14175
14176
14175
14176
14179
14180
14179
14182
14183
14182
14183
14184
14187
14188
14188
14190
14189
14192
14193
14194
14193
14195
14197
14198
14198
14199
14199
14202
14201
14202
14205
14205
14206
14206
14209
14209
14211
14210
14213
14214
14213
14216
14215
14217
14218
14220
14220
14222
14222
14223
14224
14225
14227
14227
14228
14230
14229
14231
14232
14234
14233
14235
14235
14238
14238
14238
14240
14242
14241
14242
14244
14245
14247
14248
14247
14250
14250
14251
14253
14252
14255
14255
14255
14256
14257
14259
14261
14261
14262
14263
14264
14266
14265
14268
14268
14269
14269
14270
14271
14272
14274
14274
14277
14277
14279
14280
14280
14281
14282
14283
14285
14285
14287
14288
14288
14288
14291
14291
14293
14293
14295
14295
14295
14298
14297
14300
14301
14300
14303
14302
14305
14304
14305
14308
14307
14310
14311
14311
14312
14313
14315
14315
14315
14318
14318
14320
14321
14320
14321
14322
14325
14324
14326
14328
14329
14329
14331
14332
14331
14334
14333
14334
14335
14336
14339
14338
14340
14342
14341
14342
14344
14346
14346
14347
14349
14349
14350
14352
14352
14353
14355
14356
14356
14357
14358
14360
14360
14362
14363
14363
14364
14366
14366
14368
14368
14368
14370
14370
14371
14373
14373
14376
14376
14376
14377
14378
14380
14382
14382
14382
14384
14385
14387
14386
14387
14390
14389
14391
14392
14392
14393
14394
14395
14397
14397
14399
14401
14401
14403
14402
14403
14404
14407
14408
14408
14409
14409
14412
14411
14413
14415
14416
14415
14416
14417
14419
14421
14421
14423
14423
14424
14426
14426
14428
14428
14429
14430
14431
14432
14433
14435
14435
14437
14438
14437
14438
14440
14441
14441
14444
14443
14444
14447
14447
14447
14448
14451
14450
14453
14453
14454
14454
14456
14456
14457
14460
14459
14460
14462
14463
14465
14465
14467
14467
14468
14469
14471
14470
14471
14474
14473
14475
14475
14478
14477
14480
14479
14482
14483
14482
14485
14486
14486
14486
14487
14490
14489
14490
14491
14494
14494
14496
14496
14498
14497
14500
14500
14500
14501
14504
14503
14504
14505
14506
14508
14508
14511
14512
14512
14512
14515
14514
14515
14516
14517
14518
14519
14521
14523
14522
14524
14524
14527
14528
14527
14528
14529
14531
14532
14532
14534
14535
14537
14538
14537
14538
14539
14540
14543
14543
14544
14546
14547
14547
14549
14549
14549
14550
14551
14554
14554
14556
14555
14557
14559
14559
14561
14562
14561
14563
14564
14566
14565
14566
14568
14568
14570
14572
14573
14573
14574
14574
14575
14576
14579
14580
14581
14580
14581
14582
14585
14586
14587
14588
14588
14590
14590
14591
14591
14594
14593
14595
14596
14597
14599
14598
14601
14600
14603
14603
14604
14605
14607
14608
14607
14610
14610
14612
14613
14612
14615
14616
14615
14618
14619
14620
14619
14621
14621
14622
14623
14625
14627
14628
14627
14630
14629
14632
14633
14634
14634
14635
14636
14637
14637
14640
14640
14642
14642
14643
14643
14646
14645
14646
14649
14650
14651
14652
14652
14653
14653
14655
14657
14658
14658
14658
14660
14661
14663
14663
14665
14665
14665
14667
14667
14669
14669
14671
14673
14673
14675
14676
14676
14676
14678
14679
14680
14681
14681
14684
14685
14685
14687
14688
14688
14688
14691
14691
14691
14694
14693
14696
14696
14697
14697
14700
14699
14700
14701
14704
14705
14704
14705
14708
14708
14709
14709
14712
14713
14713
14715
14714
14715
14717
14719
14718
14721
14722
14722
14722
14725
14725
14727
14726
14727
14728
14731
14731
14732
14732
14734
14736
14736
14737
14738
14740
14739
14742
14741
14742
14743
14744
14746
14748
14749
14748
14751
14751
14751
14753
14755
14756
14755
14758
14757
14759
14760
14760
14763
14764
14763
14764
14766
14768
14767
14768
14769
14770
14773
14772
14774
14775
14775
14778
14777
14780
14779
14780
14782
14782
14784
14785
14786
14787
14789
14789
14791
14790
14792
14794
14795
14794
14796
14798
14797
14799
14801
14800
14802
14804
14804
14804
14805
14808
14809
14809
14811
14810
14812
14813
14815
14816
14815
14816
14818
14820
14821
14822
14823
14823
14825
14824
14826
14826
14829
14828
14831
14832
14832
14834
14834
14834
14837
14838
14837
14840
14839
14840
14842
14843
14845
14844
14846
14848
14847
14848
14849
14852
14851
14852
14853
14856
14856
14856
14858
14859
14860
14860
14862
14864
14863
14866
14867
14868
14869
14868
14869
14870
14872
14873
14875
14874
14877
14876
14877
14880
14880
14880
14883
14884
14885
14884
14885
14886
14888
14889
14891
14892
14893
14892
14895
14894
14895
14898
14897
14898
14901
14901
14902
14902
14903
14904
14906
14908
14908
14910
14910
14911
14913
14913
14913
14915
14917
14916
14917
14919
14921
14922
14922
14924
14925
14924
14925
14928
14929
14929
14929
14930
14931
14934
14934
14934
14935
14936
14937
14939
14941
14942
14941
14944
14944
14946
14947
14947
14947
14950
14951
14950
14952
14952
14953
14955
14956
14957
14958
14960
14961
14961
14963
14964
14964
14964
14965
14967
14968
14969
14970
14971
14971
14973
14975
14976
14976
14978
14978
14980
14980
14981
14981
14982
14985
14984
14987
14987
14989
14988
14989
14991
14991
14992
14995
14995
14996
14996
14997
14998
15000
15001
15003
15004
15003
15005
15005
15008
15007
15009
15010
15012
15013
15013
15013
15014
15017
15018
15018
15020
15019
15022
15022
15022
15023
15024
15027
15027
15028
15030
15031
15032
15032
15032
15033
15036
15036
15036
15039
15038
15040
15040
15041
15044
15045
15045
15047
15048
15048
15049
15051
15051
15051
15052
15055
15055
15056
15058
15057
15060
15061
15060
15061
15064
15063
15065
15066
15068
15068
15069
15069
15070
15072
15073
15075
15075
15075
15077
15078
15079
15081
15080
15082
15082
15083
15084
15086
15088
15087
15090
15091
15091
15091
15092
15093
15095
15096
15098
15098
15098
15099
15102
15101
15104
15104
15104
15106
15107
15108
15110
15111
15112
15111
15113
15113
15114
15115
15118
15118
15119
15121
15120
15123
15122
15124
15124
15126
15128
15129
15130
15129
15130
15132
15132
15135
15134
15135
15137
15138
15138
15140
15142
15141
15143
15143
15144
15145
15146
15149
15149
15151
15152
15153
15154
15155
15154
15155
15157
15157
15158
15160
15160
15162
15162
15163
15165
15166
15168
15167
15168
15171
15171
15173
15172
15174
15175
15175
15177
15179
15179
15181
15182
15181
15183
15185
15185
15187
15186
15189
15190
15189
15191
15191
15194
15193
15195
15196
15198
15197
15200
15201
15200
15202
15202
15203
15206
15207
15207
15208
15209
15211
15210
15212
15212
15215
15215
15216
15217
15218
15220
15220
15222
15222
15224
15225
15226
15226
15227
15228
15229
15230
15232
15231
15234
15233
15235
15235
15238
15239
15239
15240
15242
15241
15244
15244
15246
15246
15246
15249
15248
15249
15251
15251
15254
15254
15256
15256
15256
15258
15258
15261
15262
15261
15264
15264
15264
15266
15268
15269
15269
15270
15270
15273
15273
15274
15274
15276
15276
15278
15278
15280
15282
15281
15283
15284
15285
15286
15288
15288
15290
15289
15290
15293
15293
15294
15295
15296
15296
15298
15299
15300
15302
15301
15303
15304
15306
15306
15308
15309
15308
15310
15310
15313
15314
15315
15315
15315
15316
15318
15320
15319
15320
15321
15324
15324
15326
15326
15327
15329
15328
15329
15331
15331
15332
15333
15335
15335
15338
15338
15338
15339
15340
15342
15342
15345
15346
15346
15346
15347
15348
15349
15351
15351
15354
15354
15354
15356
15356
15358
15359
15359
15361
15361
15362
15363
15364
15367
15366
15367
15369
15370
15371
15373
15373
15374
15374
15375
15376
15377
15378
15381
15382
15383
15384
15384
15385
15385
15388
15389
15389
15390
15390
15391
15394
15394
15395
15395
15397
15398
15399
15399
15401
15401
15404
15405
15406
15407
15406
15408
15409
15409
15411
15411
15413
15413
15416
15415
15417
15418
15420
15419
15421
15421
15423
15423
15426
15427
15427
15428
15430
15429
15431
15431
15433
15434
15434
15436
15438
15437
15440
15439
15441
15442
15443
15445
15446
15445
15448
15448
15450
15449
15452
15451
15452
15454
15456
15455
15457
15457
15459
15459
15461
15463
15463
15465
15465
15466
15467
15468
15469
15470
15471
15471
15472
15473
15476
15475
15476
15477
15480
15479
15480
15483
15483
15484
15484
15486
15488
15487
15489
15489
15490
15491
15493
15495
15494
15495
15496
15499
15499
15499
15501
15503
15502
15505
15504
15505
15506
15507
15508
15509
15510
15512
15514
15515
15514
15516
15517
15519
15519
15519
15520
15522
15523
15524
15525
15526
15527
15527
15529
15531
15530
15531
15534
15534
15534
15537
15537
15537
15538
15541
15540
15543
15542
15543
15546
15546
15547
15548
15548
15551
15551
15552
15554
15555
15554
15555
15557
15559
15559
15559
15561
15562
15562
15565
15566
15565
15567
15568
15569
15571
15571
15573
15574
15575
15574
15576
15577
15578
15580
15581
15581
15581
15583
15583
15584
15587
15587
15587
15589
15589
15590
15591
15594
15595
15594
15597
15596
15599
15599
15599
15602
15603
15604
15604
15606
15607
15606
15608
15610
15609
15611
15611
15613
15613
15615
15615
15618
15617
15618
15620
15620
15622
15622
15623
15624
15625
15626
15629
15628
15630
15632
15633
15633
15634
15635
15636
15638
15639
15638
15640
15640
15643
15644
15644
15646
15646
15647
15647
15649
15651
15651
15653
15653
15655
15654
15657
15656
15657
15660
15659
15662
15662
15663
15663
15665
15665
15667
15668
15668
15671
15670
15671
15673
15675
15674
15676
15676
15679
15680
15681
15682
15682
15684
15684
15685
15687
15687
15688
15688
15690
15692
15693
15692
15693
15694
15697
15697
15697
15698
15700
15702
15702
15702
15705
15704
15705
15707
15708
15710
15709
15711
15713
15713
15713
15715
15717
15717
15717
15719
15721
15722
15722
15722
15723
15725
15725
15727
15727
15729
15731
15730
15733
15733
15733
15735
15736
15737
15739
15739
15739
15742
15741
15743
15744
15745
15747
15747
15749
15748
15751
15750
15751
15752
15753
15756
15755
15757
15757
15758
15759
15762
15761
15764
15763
15765
15766
15766
15769
15768
15770
15771
15771
15774
15775
15775
15775
15778
15777
15779
15780
15781
15782
15783
15784
15785
15785
15788
15789
15788
15789
15790
15792
15793
15793
15795
15796
15797
15799
15798
15801
15801
15803
15802
15803
15806
15805
15807
15809
15808
15809
15811
15813
15813
15815
15815
15815
15817
15818
15818
15821
15822
15823
15822
15824
15826
15825
15828
15829
15828
15829
15832
15833
15832
15834
15834
15837
15837
15839
15840
15841
15842
15841
15844
15843
15845
15846
15847
15849
15850
15851
15852
15851
15854
15853
15855
15856
15857
15858
15859
15860
15862
15863
15863
15863
15864
15867
15866
15869
15869
15871
15871
15873
15873
15874
15874
15877
15878
15879
15879
15879
15882
15881
15882
15884
15885
15887
15886
15887
15889
15891
15890
15891
15893
15895
15895
15897
15897
15899
15899
15900
15902
15903
15902
15903
15905
15905
15908
15908
15908
15910
15911
15913
15912
15915
15914
15917
15917
15918
15918
15919
15921
15922
15924
15923
15924
15925
15928
15927
15928
15930
15932
15933
15933
15933
15934
15937
15936
15937
15940
15941
15942
15942
15943
15943
15945
15945
15948
15947
15950
15949
15951
15952
15954
15953
15955
15956
15957
15958
15959
15960
15962
15962
15963
15963
15965
15967
15967
15969
15968
15970
15971
15971
15974
15974
15974
15975
15978
15977
15979
15980
15981
15981
15984
15983
15984
15986
15987
15988
15988
15989
15990
15991
15994
15994
15995
15995
15998
15997
15999
15999
