4000
4001
3999
3998
3999
3998
3995
3996
3995
3993
3993
3990
3989
3990
3988
3986
3986
3986
3983
3982
3981
3981
3981
3980
3979
3978
3975
3974
3974
3973
3972
3970
3969
3968
3968
3968
3967
3965
3965
3963
3961
3961
3960
3959
3958
3958
3956
3954
3955
3952
3952
3950
3950
3949
3947
3947
3945
3945
3944
3943
3943
3941
3941
3938
3938
3936
3937
3934
3935
3934
3933
3932
3930
3928
3927
3926
3926
3924
3924
3923
3921
3922
3921
3920
3918
3916
3916
3915
3914
3912
3912
3910
3910
3909
3908
3906
3907
3905
3903
3904
3902
3900
3901
3898
3898
3896
3896
3894
3893
3892
3892
3891
3889
3889
3888
3888
3886
3884
3884
3882
3881
3882
3880
3878
3878
3878
3875
3875
3874
3874
3871
3870
3871
3868
3867
3867
3866
3866
3864
3864
3863
3861
3860
3858
3857
3856
3855
3854
3853
3853
3851
3851
3851
3850
3848
3846
3845
3846
3845
3843
3842
3840
3841
3838
3838
3837
3835
3836
3833
3833
3832
3831
3829
3828
3829
3827
3825
3826
3824
3823
3822
3822
3820
3818
3819
3818
3816
3816
3815
3812
3812
3811
3810
3810
3807
3808
3805
3804
3805
3803
3803
3801
3799
3798
3799
3798
3796
3794
3795
3792
3791
3791
3789
3789
3788
3788
3786
3784
3785
3784
3781
3782
3779
3780
3778
3776
3777
3776
3774
3773
3772
3771
3770
3768
3768
3766
3767
3764
3764
3762
3762
3761
3760
3759
3757
3756
3757
3756
3753
3754
3752
3752
3750
3750
3749
3746
3746
3746
3743
3744
3742
3740
3739
3738
3737
3738
3735
3734
3735
3732
3731
3730
3730
3730
3727
3728
3725
3726
3725
3723
3722
3720
3720
3719
3717
3717
3717
3715
3714
3712
3712
3710
3710
3709
3708
3707
3707
3706
3705
3703
3703
3701
3699
3700
3697
3697
3696
3695
3693
3693
3692
3692
3691
3690
3688
3688
3686
3685
3684
3684
3683
3682
3680
3679
3678
3678
3675
3674
3674
3674
3671
3672
3669
3669
3668
3668
3667
3664
3664
3662
3662
3662
3659
3658
3657
3658
3655
3655
3654
3653
3653
3651
3650
3648
3649
3646
3645
3646
3644
3644
3642
3642
3640
3638
3637
3638
3635
3634
3633
3633
3631
3632
3631
3630
3629
3628
3626
3625
3624
3622
3623
3620
3620
3619
3618
3616
3617
3615
3613
3613
3612
3612
3610
3608
3609
3608
3606
3604
3604
3603
3601
3602
3600
3600
3598
3597
3597
3594
3595
3592
3591
3590
3591
3589
3588
3587
3587
3585
3583
3584
3583
3582
3581
3579
3577
3578
3576
3575
3573
3574
3572
3571
3571
3570
3567
3567
3566
3566
3564
3563
3561
3562
3561
3560
3558
3557
3556
3556
3555
3554
3553
3552
3551
3550
3548
3548
3547
3544
3545
3542
3541
3540
3540
3540
3537
3538
3535
3535
3534
3532
3531
3532
3529
3530
3529
3527
3525
3525
3524
3522
3522
3521
3519
3518
3517
3517
3515
3514
3515
3512
3511
3512
3509
3510
3508
3506
3506
3504
3503
3502
3501
3500
3499
3499
3498
3496
3497
3496
3495
3494
3491
3490
3489
3488
3487
3486
3487
3485
3484
3484
3483
3482
3480
3478
3477
3476
3477
3476
3474
3474
3471
3472
3469
3469
3467
3468
3467
3465
3465
3463
3461
3462
3460
3458
3457
3458
3456
3454
3454
3454
3453
3450
3449
3449
3449
3446
3447
3445
3445
3443
3441
3440
3439
3438
3439
3438
3435
3435
3433
3432
3431
3431
3429
3430
3428
3427
3427
3426
3425
3423
3421
3421
3421
3419
3417
3417
3417
3416
3415
3413
3412
3410
3409
3408
3408
3406
3407
3406
3405
3402
3401
3400
3400
3398
3397
3398
3396
3396
3395
3392
3392
3390
3391
3389
3389
3386
3385
3385
3385
3383
3382
3382
3380
3380
3379
3376
3377
3375
3373
3374
3372
3370
3369
3368
3367
3367
3367
3366
3364
3364
3361
3360
3360
3360
3359
3356
3357
3354
3353
3352
3352
3351
3351
3348
3347
3348
3345
3346
3344
3343
3343
3340
3341
3338
3337
3336
3336
3334
3333
3334
3331
3331
3329
3329
3328
3328
3325
3326
3323
3322
3321
3321
3321
3318
3319
3316
3317
3314
3313
3312
3313
3310
3309
3309
3307
3307
3307
3306
3304
3302
3303
3301
3301
3300
3297
3296
3295
3295
3295
3293
3293
3290
3291
3289
3287
3286
3287
3286
3283
3284
3281
3280
3279
3279
3278
3277
3277
3275
3274
3272
3273
3271
3271
3269
3268
3266
3266
3266
3264
3264
3261
3260
3261
3259
3259
3257
3256
3255
3253
3253
3252
3252
3250
3250
3247
3246
3246
3244
3244
3242
3241
3241
3241
3238
3239
3236
3235
3236
3233
3234
3233
3231
3229
3230
3229
3226
3225
3224
3225
3224
3223
3221
3220
3219
3218
3218
3217
3216
3215
3213
3211
3211
3209
3210
3209
3206
3206
3205
3205
3204
3202
3201
3199
3200
3199
3196
3195
3196
3194
3192
3193
3191
3191
3188
3189
3186
3186
3185
3184
3182
3182
3181
3181
3179
3179
3178
3176
3175
3174
3174
3172
3172
3170
3169
3168
3166
3167
3164
3164
3164
3162
3160
3159
3158
3159
3158
3156
3154
3155
3154
3152
3151
3151
3150
3149
3148
3147
3145
3143
3142
3142
3141
3141
3138
3137
3138
3136
3135
3135
3134
3131
3130
3130
3128
3128
3126
3125
3126
3124
3122
3121
3122
3120
3120
3118
3117
3116
3115
3114
3114
3112
3112
3110
3110
3109
3107
3106
3105
3105
3103
3102
3100
3101
3100
3097
3096
3095
3096
3093
3093
3091
3090
3091
3088
3087
3087
3086
3085
3083
3084
3082
3081
3081
3080
3077
3078
3077
3076
3074
3074
3071
3070
3069
3068
3067
3067
3065
3065
3064
3064
3063
3062
3061
3060
3059
3056
3056
3055
3055
3053
3052
3052
3051
3049
3048
3047
3046
3045
3043
3042
3042
3042
3040
3039
3039
3037
3035
3035
3033
3034
3031
3031
3030
3028
3027
3027
3026
3025
3023
3024
3023
3021
3020
3018
3017
3018
3016
3016
3015
3014
3013
3010
3010
3008
3009
3008
3007
3006
3004
3002
3002
3002
3000
2998
2999
2997
2997
2996
2993
2992
2992
2992
2991
2990
2989
2986
2987
2985
2983
2983
2982
2980
2981
2978
2978
2977
2975
2974
2974
2973
2972
2970
2970
2970
2969
2968
2967
2965
2964
2964
2963
2962
2961
2960
2958
2956
2955
2955
2954
2953
2951
2950
2950
2950
2949
2948
2947
2946
2945
2943
2943
2941
2940
2939
2938
2937
2935
2934
2933
2933
2931
2930
2930
2928
2927
2926
2926
2924
2925
2922
2922
2920
2920
2918
2917
2917
2917
2916
2914
2912
2911
2910
2911
2908
2909
2906
2906
2904
2905
2904
2903
2902
2899
2898
2897
2896
2896
2895
2895
2893
2893
2891
2890
2889
2889
2887
2885
2885
2885
2883
2882
2880
2879
2879
2877
2878
2875
2874
2873
2874
2873
2872
2871
2870
2868
2866
2866
2864
2865
2862
2862
2862
2861
2858
2858
2857
2856
2855
2853
2853
2851
2852
2851
2848
2848
2846
2845
2845
2843
2842
2842
2840
2840
2838
2837
2838
2836
2836
2833
2834
2831
2831
2830
2828
2828
2827
2826
2824
2823
2823
2821
2820
2821
2820
2818
2816
2817
2816
2815
2813
2811
2810
2810
2810
2808
2808
2807
2804
2805
2804
2801
2800
2799
2800
2797
2798
2795
2796
2793
2793
2792
2790
2791
2788
2789
2787
2786
2784
2783
2783
2783
2781
2781
2779
2777
2777
2775
2774
2775
2772
2773
2770
2770
2768
2769
2767
2767
2764
2764
2762
2763
2761
2760
2759
2759
2757
2755
2756
2755
2754
2751
2752
2749
2749
2747
2748
2745
2744
2745
2742
2743
2740
2739
2738
2737
2738
2737
2734
2733
2734
2732
2732
2729
2730
2729
2728
2726
2724
2725
2723
2723
2720
2719
2719
2719
2716
2716
2716
2715
2713
2713
2711
2710
2710
2709
2708
2707
2705
2703
2702
2702
2702
2699
2699
2698
2696
2697
2695
2694
2693
2693
2691
2691
2689
2689
2688
2687
2685
2684
2683
2681
2680
2679
2679
2677
2678
2676
2674
2675
2673
2672
2670
2669
2669
2669
2666
2667
2666
2665
2663
2662
2661
2661
2660
2657
2658
2656
2654
2654
2652
2652
2651
2650
2648
2648
2646
2647
2646
2644
2643
2643
2642
2641
2638
2637
2638
2636
2634
2635
2632
2632
2630
2629
2629
2629
2626
2626
2626
2623
2624
2621
2620
2621
2619
2618
2616
2617
2614
2613
2612
2611
2610
2611
2610
2609
2607
2607
2604
2604
2603
2603
2601
2601
2600
2597
2596
2597
2595
2595
2593
2592
2592
2591
2589
2588
2586
2587
2585
2584
2583
2582
2581
2580
2580
2578
2577
2575
2574
2575
2574
2573
2571
2569
2570
2568
2566
2567
2564
2565
2564
2563
2562
2561
2560
2558
2556
2555
2555
2555
2554
2553
2552
2550
2549
2549
2546
2545
2546
2543
2542
2542
2541
2541
2538
2537
2536
2536
2534
2534
2533
2531
2532
2530
2530
2529
2528
2525
2524
2524
2523
2521
2520
2520
2519
2517
2516
2516
2515
2515
2512
2513
2511
2510
2510
2509
2508
2507
2505
2503
2503
2501
2500
2500
2500
2499
2497
2496
2494
2494
2492
2492
2491
2490
2490
2487
2488
2487
2484
2484
2484
2481
2480
2481
2480
2479
2477
2477
2476
2475
2474
2473
2470
2471
2468
2469
2468
2466
2465
2463
2462
2463
2462
2461
2459
2459
2456
2457
2454
2453
2452
2451
2451
2451
2450
2447
2447
2446
2446
2445
2443
2443
2441
2441
2440
2438
2437
2437
2434
2433
2434
2432
2430
2431
2429
2427
2426
2426
2426
2423
2423
2421
2420
2421
2420
2418
2416
2417
2416
2413
2413
2412
2412
2411
2409
2408
2407
2406
2404
2405
2403
2401
2401
2399
2398
2399
2396
2395
2395
2393
2393
2393
2391
2390
2390
2389
2388
2385
2386
2385
2382
2381
2382
2379
2378
2377
2378
2377
2375
2375
2374
2372
2370
2370
2369
2368
2366
2367
2365
2364
2362
2363
2361
2361
2360
2358
2358
2357
2355
2354
2352
2353
2352
2349
2350
2347
2346
2346
2344
2343
2343
2341
2341
2340
2339
2337
2336
2336
2334
2335
2332
2332
2330
2330
2329
2327
2326
2326
2324
2324
2324
2321
2320
2321
2318
2317
2316
2317
2315
2313
2314
2313
2310
2310
2309
2308
2308
2307
2304
2303
2304
2302
2301
2301
2298
2297
2296
2295
2295
2293
2294
2293
2292
2291
2290
2287
2286
2287
2286
2284
2282
2283
2281
2280
2279
2277
2277
2275
2274
2274
2272
2273
2271
2271
2270
2268
2266
2267
2266
2265
2263
2262
2261
2259
2260
2257
2256
2257
2255
2254
2254
2252
2250
2249
2248
2247
2247
2246
2244
2245
2243
2243
2242
2241
2240
2237
2236
2235
2234
2233
2232
2232
2230
2231
2229
2227
2227
2227
2224
2225
2223
2223
2221
2221
2219
2218
2218
2215
2214
2214
2212
2212
2211
2209
2209
2207
2207
2207
2206
2204
2202
2201
2200
2200
2200
2198
2197
2196
2195
2194
2192
2193
2192
2191
2188
2188
2187
2187
2185
2185
2182
2183
2181
2180
2178
2179
2176
2177
2175
2175
2172
2173
2172
2169
2168
2169
2166
2167
2165
2164
2164
2163
2162
2160
2158
2157
2156
2157
2156
2154
2153
2152
2151
2151
2148
2149
2148
2146
2145
2144
2142
2143
2142
2139
2138
2137
2137
2135
2134
2133
2132
2131
2130
2129
2130
2127
2126
2127
2126
2123
2122
2121
2121
2119
2118
2119
2116
2115
2114
2115
2112
2113
2112
2111
2108
2109
2108
2106
2105
2103
2103
2102
2100
2099
2099
2099
2096
2097
2095
2093
2094
2091
2091
2090
2089
2087
2087
2086
2085
2085
2083
2082
2082
2079
2078
2078
2077
2076
2076
2075
2073
2073
2071
2071
2070
2067
2068
2065
2066
2064
2062
2063
2062
2059
2059
2057
2057
2055
2055
2055
2053
2051
2052
2049
2049
2047
2047
2047
2045
2045
2044
2042
2042
2040
2039
2039
2037
2035
2036
2034
2034
2032
2031
2030
2029
2029
2027
2025
2024
2024
2022
2022
2021
2021
2020
2019
2017
2017
2014
2015
2014
2011
2011
2010
2010
2007
2006
2006
2005
2005
2002
2002
2001
2001
1998
1999
1998
1997
1994
1995
1992
1992
1991
1990
1989
1989
1988
1987
1985
1983
1982
1981
1981
1980
1980
1977
1978
1977
1974
1974
1974
1972
1972
1970
1968
1967
1967
1967
1964
1963
1962
1961
1961
1961
1958
1959
1957
1955
1954
1953
1952
1951
1950
1951
1950
1947
1947
1947
1944
1944
1943
1942
1942
1940
1940
1939
1938
1936
1936
1935
1933
1933
1931
1929
1930
1929
1927
1926
1926
1924
1924
1921
1922
1919
1920
1918
1917
1915
1916
1914
1913
1911
1912
1910
1910
1909
1907
1907
1906
1904
1904
1901
1901
1899
1899
1897
1898
1895
1894
1894
1893
1893
1892
1890
1890
1889
1888
1886
1884
1885
1883
1883
1880
1879
1879
1879
1877
1875
1876
1873
1873
1873
1871
1871
1868
1867
1867
1865
1864
1864
1864
1863
1861
1859
1858
1857
1858
1856
1854
1855
1852
1852
1852
1850
1850
1848
1848
1845
1846
1844
1843
1841
1841
1839
1838
1839
1836
1837
1834
1835
1833
1831
1831
1831
1828
1829
1827
1827
1824
1824
1822
1821
1822
1819
1818
1819
1818
1817
1814
1814
1812
1813
1812
1811
1810
1807
1808
1806
1804
1805
1802
1803
1802
1801
1799
1797
1797
1795
1794
1794
1793
1792
1790
1790
1790
1787
1787
1787
1784
1785
1783
1781
1782
1779
1778
1777
1777
1775
1775
1775
1774
1773
1772
1769
1769
1768
1766
1766
1766
1764
1762
1762
1761
1759
1759
1758
1757
1755
1754
1755
1752
1752
1750
1751
1748
1748
1748
1747
1746
1744
1744
1743
1740
1740
1740
1737
1736
1735
1735
1733
1732
1732
1731
1730
1728
1727
1728
1727
1724
1723
1724
1721
1722
1719
1718
1717
1718
1715
1714
1715
1714
1711
1712
1709
1709
1709
1706
1707
1705
1705
1702
1702
1701
1699
1698
1699
1696
1695
1695
1694
1692
1692
1692
1689
1689
1687
1687
1687
1685
1685
1683
1681
1682
1680
1678
1678
1678
1677
1675
1673
1673
1673
1672
1671
1670
1667
1668
1665
1664
1665
1664
1662
1660
1660
1660
1657
1656
1656
1656
1654
1652
1652
1651
1651
1649
1649
1648
1645
1645
1643
1643
1641
1640
1640
1638
1637
1637
1636
1635
1635
1632
1631
1631
1630
1630
1628
1627
1627
1624
1624
1623
1621
1621
1621
1619
1619
1616
1615
1616
1615
1613
1612
1612
1610
1610
1608
1608
1606
1606
1603
1602
1601
1600
1601
1599
1598
1597
1596
1595
1594
1594
1591
1592
1590
1588
1587
1586
1585
1585
1583
1582
1583
1581
1579
1580
1577
1578
1576
1575
1574
1574
1573
1572
1569
1570
1568
1568
1566
1566
1564
1562
1563
1561
1561
1559
1558
1557
1556
1556
1555
1554
1551
1550
1550
1548
1549
1548
1545
1545
1544
1544
1542
1542
1541
1540
1539
1537
1536
1534
1533
1534
1531
1530
1529
1528
1528
1526
1526
1525
1525
1524
1522
1520
1521
1520
1518
1518
1517
1515
1513
1513
1513
1510
1510
1510
1509
1506
1505
1505
1504
1502
1503
1502
1499
1498
1499
1496
1495
1495
1494
1492
1492
1490
1489
1488
1489
1488
1485
1486
1484
1483
1482
1481
1480
1480
1477
1477
1477
1474
1474
1472
1472
1470
1469
1468
1467
1468
1465
1466
1464
1464
1461
1462
1461
1459
1457
1458
1456
1455
1454
1452
1451
1450
1451
1450
1449
1448
1446
1446
1444
1444
1441
1442
1439
1438
1439
1437
1435
1434
1433
1433
1431
1432
1431
1428
1427
1428
1425
1426
1424
1424
1421
1422
1419
1420
1418
1416
1415
1414
1413
1413
1411
1410
1410
1408
1408
1407
1405
1406
1405
1403
1402
1400
1399
1398
1398
1397
1396
1395
1393
1392
1393
1391
1391
1388
1388
1387
1385
1385
1383
1382
1381
1380
1381
1380
1379
1377
1376
1376
1373
1372
1372
1372
1370
1370
1367
1367
1365
1366
1363
1364
1363
1362
1360
1360
1359
1358
1355
1355
1355
1352
1353
1352
1351
1349
1348
1347
1345
1344
1344
1343
1343
1340
1340
1339
1339
1338
1337
1335
1334
1332
1331
1330
1331
1329
1329
1326
1326
1324
1324
1322
1322
1321
1320
1319
1317
1316
1315
1315
1314
1313
1311
1310
1310
1309
1308
1308
1305
1305
1303
1304
1302
1301
1301
1299
1297
1298
1297
1295
1295
1293
1291
1291
1289
1289
1287
1287
1286
1284
1285
1282
1283
1282
1279
1280
1278
1276
1276
1276
1274
1274
1272
1270
1269
1269
1269
1266
1265
1264
1264
1263
1262
1262
1259
1259
1257
1257
1257
1254
1254
1252
1251
1251
1251
1250
1247
1248
1247
1246
1244
1243
1242
1240
1241
1239
1238
1238
1236
1234
1235
1232
1233
1231
1230
1228
1227
1227
1226
1224
1225
1223
1222
1220
1219
1218
1217
1216
1215
1216
1213
1214
1212
1211
1211
1208
1207
1207
1207
1205
1205
1204
1203
1202
1200
1198
1197
1197
1195
1196
1195
1192
1191
1190
1189
1189
1189
1187
1187
1186
1183
1184
1182
1181
1179
1179
1179
1176
1176
1176
1175
1173
1173
1170
1170
1168
1168
1167
1166
1166
1164
1164
1161
1162
1161
1159
1157
1157
1155
1154
1155
1153
1151
1150
1149
1149
1147
1146
1147
1146
1143
1142
1141
1142
1139
1139
1137
1137
1135
1136
1135
1134
1132
1132
1131
1129
1127
1126
1126
1124
1123
1122
1121
1121
1120
1119
1117
1117
1116
1116
1113
1114
1113
1112
1111
1108
1107
1106
1105
1105
1103
1104
1102
1102
1100
1098
1097
1098
1095
1095
1094
1094
1093
1091
1090
1089
1089
1087
1085
1084
1084
1084
1081
1082
1080
1078
1077
1077
1075
1074
1073
1072
1071
1071
1071
1069
1069
1066
1067
1065
1063
1062
1061
1062
1061
1059
1057
1057
1055
1055
1055
1054
1051
1050
1051
1049
1048
1047
1045
1046
1044
1043
1043
1042
1039
1040
1038
1037
1035
1035
1035
1032
1032
1032
1029
1028
1028
1027
1027
1026
1025
1024
1023
1020
1019
1018
1018
1018
1016
1014
1014
1012
1013
1011
1009
1008
1008
1006
1006
1005
1004
1003
1003
1001
1000
998
998
998
996
996
995
994
993
990
991
988
987
988
987
986
985
982
983
982
980
978
979
978
975
976
974
973
971
971
971
970
968
968
967
965
965
962
961
961
959
958
959
957
957
955
953
954
953
952
951
949
947
948
946
944
945
944
941
942
940
938
939
936
935
936
935
932
933
932
930
928
927
926
926
924
925
924
922
921
920
918
917
918
915
915
913
914
913
911
911
909
907
908
906
904
904
903
902
901
900
898
898
898
897
894
894
893
893
892
890
890
887
888
887
885
884
882
882
880
881
879
878
878
876
874
873
874
873
871
871
869
867
867
865
866
865
863
862
862
860
858
859
856
855
855
854
854
853
850
851
850
849
847
847
844
844
844
841
842
841
840
837
838
837
835
835
833
832
831
830
828
827
827
825
824
823
824
821
822
819
820
819
818
816
815
813
812
812
810
811
809
808
806
805
804
805
802
803
801
800
799
798
798
797
796
795
792
792
790
789
789
789
787
786
785
785
783
783
781
779
780
779
778
775
774
773
772
771
770
770
768
768
766
767
766
765
762
761
762
759
759
758
757
757
755
753
752
751
752
750
749
747
748
745
745
745
743
742
741
740
738
739
737
735
735
733
733
733
730
730
728
729
728
727
726
724
724
721
722
719
720
717
716
716
715
715
714
711
710
709
710
708
708
705
705
704
703
701
701
701
699
699
697
697
696
693
693
692
690
689
690
687
687
685
686
683
684
682
680
679
680
677
677
677
675
674
673
673
671
669
670
668
666
666
665
665
664
663
661
659
659
659
657
657
656
654
652
651
651
649
648
647
648
647
645
644
642
641
641
641
638
638
637
636
636
633
633
633
631
629
628
629
628
626
626
623
622
623
620
620
618
617
618
617
616
614
613
611
611
609
609
609
607
605
604
605
603
603
601
601
600
598
598
595
594
594
592
591
590
589
588
588
587
585
585
585
583
581
580
581
579
578
577
575
576
575
574
572
572
570
569
568
568
565
566
563
564
561
562
561
558
559
556
555
556
555
554
551
550
551
550
548
548
546
544
545
543
541
540
539
540
538
538
536
536
535
532
532
532
531
529
528
527
527
525
523
524
522
520
519
519
517
516
515
515
513
514
511
510
509
508
509
507
507
506
504
504
503
502
501
499
497
497
497
495
493
492
492
491
489
489
489
486
486
485
485
484
482
482
479
480
477
476
475
476
473
472
473
472
471
470
468
467
465
465
463
462
462
461
461
459
459
458
457
456
453
454
452
452
451
450
449
448
446
444
445
443
441
442
440
439
439
436
437
436
435
432
431
431
430
430
428
426
426
424
423
422
422
422
419
418
419
418
416
414
415
413
413
411
409
409
409
408
407
406
405
403
403
402
399
398
399
397
396
395
395
394
392
391
391
390
389
387
387
384
383
384
382
382
380
380
378
376
377
374
375
373
371
371
370
369
369
366
365
364
364
362
361
361
361
358
357
358
357
354
353
352
351
352
351
349
348
347
347
345
344
343
343
342
339
339
337
336
336
334
334
334
332
332
329
328
329
328
327
326
323
324
323
320
321
320
319
316
315
315
315
312
313
312
311
308
307
306
305
305
304
303
302
300
300
298
297
297
297
294
294
294
291
292
289
290
288
288
285
284
284
284
281
281
280
278
278
277
276
276
273
273
271
270
270
268
267
268
267
264
263
262
261
262
261
259
258
258
255
254
255
254
253
250
249
250
248
247
246
245
244
244
243
241
241
238
239
236
237
235
234
233
231
231
229
230
229
228
227
224
225
224
223
220
219
220
219
218
216
214
213
214
211
212
210
208
207
207
205
204
203
203
203
200
199
200
198
196
196
194
194
193
192
190
190
189
187
187
186
186
185
184
183
180
181
179
177
176
175
176
174
172
172
170
170
170
169
168
165
165
163
164
161
161
159
160
158
157
155
156
154
152
153
151
150
149
147
147
147
145
144
142
143
140
139
139
137
136
135
134
135
134
133
130
129
128
127
128
127
125
125
123
123
122
119
118
118
116
115
115
115
113
112
112
111
108
107
108
105
106
103
102
102
100
101
100
98
98
97
95
94
94
91
91
90
88
88
88
87
86
84
83
82
80
80
79
78
78
76
75
75
74
71
71
69
70
67
68
67
64
63
62
63
61
60
59
57
57
56
54
53
52
52
52
49
49
48
48
46
44
45
42
43
42
40
40
39
38
37
35
33
33
33
30
29
30
29
26
26
25
23
24
22
20
21
18
18
17
17
16
14
13
11
11
10
9
8
6
5
5
5
3
1
