2000
1
2
4
5
4
6
6
9
8
9
10
11
14
13
14
16
17
19
18
19
22
22
22
23
24
25
27
27
30
31
30
31
32
35
36
36
36
37
39
40
41
43
44
43
46
45
46
48
48
49
52
52
54
55
55
55
57
57
58
59
62
61
63
63
65
67
67
69
68
71
71
72
74
74
74
76
78
77
80
81
81
81
82
83
86
85
87
88
88
91
92
92
92
94
95
97
96
97
100
99
100
102
104
103
106
105
108
109
108
111
111
113
114
113
114
115
116
119
120
120
121
123
124
125
125
127
128
128
128
130
132
131
132
135
135
137
136
138
140
140
141
141
143
144
145
147
148
149
149
150
152
151
153
154
154
157
157
157
159
160
161
162
162
164
165
167
167
169
168
169
171
172
173
173
174
176
176
177
178
181
182
181
182
183
186
186
187
188
189
191
190
191
193
194
196
195
196
198
198
200
202
202
202
204
206
206
208
209
210
210
212
212
213
215
214
216
217
218
218
219
221
222
222
225
224
225
226
227
229
229
232
231
234
235
236
237
237
238
240
240
240
242
242
245
246
246
247
247
250
250
252
253
252
255
256
255
257
257
259
261
261
261
262
264
265
265
266
267
270
269
271
271
274
273
274
276
277
278
280
281
281
282
283
285
286
286
286
287
289
290
292
291
292
293
296
296
297
297
300
300
300
303
304
303
306
307
307
308
309
311
311
311
312
313
314
317
318
318
318
319
320
321
323
323
325
326
328
327
330
331
332
331
333
334
335
336
337
337
340
339
340
342
343
344
345
347
347
347
348
351
352
352
352
354
354
357
356
359
358
361
362
363
363
364
364
367
366
368
368
370
370
372
372
375
374
377
377
379
378
381
382
381
382
383
386
385
386
387
389
389
392
392
392
394
395
396
397
398
399
401
400
402
403
403
404
406
406
408
409
410
411
412
413
415
415
415
416
418
418
421
420
422
423
424
424
427
428
429
430
429
432
433
434
433
434
437
438
438
439
439
442
443
443
443
444
446
447
448
448
449
450
451
454
455
455
457
458
459
460
461
460
462
464
463
465
465
468
468
469
471
470
471
474
474
475
477
476
478
478
480
481
482
483
484
485
486
487
488
488
490
490
491
494
495
494
497
497
498
498
501
500
501
502
503
504
506
506
507
510
509
512
512
512
514
514
516
516
519
520
519
521
521
523
523
524
525
526
528
530
531
531
531
532
535
534
536
536
537
540
540
542
542
542
545
544
546
547
547
549
550
551
553
553
554
554
556
557
559
559
559
561
561
563
564
566
566
566
567
568
569
572
571
574
573
574
576
578
578
580
580
582
582
583
584
586
587
586
588
589
590
592
593
593
593
596
596
598
597
600
601
601
602
604
604
606
605
608
608
609
611
612
612
613
614
616
616
617
618
620
621
622
622
622
625
626
625
626
628
628
629
632
633
634
635
634
636
636
637
639
641
640
642
644
645
644
647
646
648
648
649
650
652
654
653
654
656
656
658
658
660
662
663
662
664
666
667
666
667
670
670
672
671
672
674
676
676
677
677
680
680
680
683
682
685
685
685
686
689
688
690
692
693
693
693
695
695
698
699
698
701
701
701
704
705
706
707
706
708
710
709
710
711
712
714
716
716
718
717
720
721
722
722
723
724
726
725
727
729
728
731
731
733
732
735
736
735
737
737
739
741
740
741
742
744
746
745
746
748
749
749
751
752
754
753
756
756
758
758
758
759
761
763
764
765
766
767
768
768
770
771
771
771
774
775
775
776
776
779
778
780
780
782
782
785
784
787
787
787
790
791
790
791
794
795
796
796
798
799
798
801
802
802
802
804
804
807
806
807
810
809
810
813
812
814
814
816
817
819
819
819
821
822
823
824
825
825
826
827
828
830
830
833
832
833
835
836
838
838
838
841
840
842
844
844
846
845
848
847
850
850
851
851
852
855
856
856
856
857
860
860
862
863
862
865
864
867
868
869
869
869
872
873
873
875
874
876
878
877
879
881
881
881
884
884
884
885
886
888
889
889
892
891
892
893
895
895
896
898
899
899
901
901
904
903
904
906
907
909
909
909
911
911
914
914
916
917
918
918
918
919
921
921
924
925
926
925
926
929
929
930
930
931
934
933
935
937
937
937
940
939
941
942
942
943
944
946
946
949
950
950
951
952
954
953
955
956
957
957
959
959
961
963
962
964
964
966
967
969
970
970
972
971
974
974
975
975
976
979
979
979
980
983
983
985
984
986
987
988
989
990
991
991
993
995
995
996
997
998
998
999
1002
1001
1002
1004
1005
1007
1006
1009
1009
1010
1012
1013
1012
1014
1016
1015
1016
1019
1020
1020
1020
1021
1023
1024
1024
1026
1026
1028
1030
1030
1032
1033
1033
1035
1035
1036
1036
1038
1038
1040
1042
1041
1042
1043
1046
1046
1047
1049
1048
1049
1051
1051
1053
1053
1056
1056
1058
1059
1058
1061
1060
1063
1063
1064
1064
1066
1066
1067
1070
1070
1071
1071
1074
1073
1074
1077
1077
1079
1079
1080
1082
1081
1084
1085
1084
1086
1086
1087
1088
1091
1092
1091
1093
1095
1096
1097
1096
1097
1100
1101
1102
1103
1104
1104
1106
1106
1107
1107
1108
1109
1112
1111
1112
1114
1116
1116
1118
1118
1119
1119
1120
1123
1122
1125
1126
1125
1128
1129
1128
1130
1132
1131
1132
1133
1136
1135
1137
1137
1139
1141
1140
1141
1144
1143
1146
1147
1146
1149
1149
1151
1152
1152
1153
1153
1155
1155
1157
1157
1158
1161
1160
1161
1163
1164
1164
1165
1168
1169
1169
1170
1171
1173
1174
1173
1175
1177
1176
1178
1178
1180
1180
1183
1182
1183
1185
1187
1187
1187
1188
1191
1190
1191
1194
1194
1196
1195
1198
1199
1200
1200
1201
1201
1202
1204
1204
1207
1207
1209
1208
1210
1210
1213
1213
1215
1216
1217
1217
1217
1218
1220
1222
1222
1222
1225
1226
1225
1228
1229
1228
1231
1230
1232
1234
1235
1234
1236
1237
1238
1238
1239
1240
1242
1244
1244
1245
1247
1248
1249
1250
1251
1252
1251
1252
1255
1254
1256
1256
1258
1258
1259
1260
1263
1263
1264
1266
1266
1268
1268
1268
1269
1271
1271
1274
1274
1274
1276
1276
1279
1279
1280
1282
1281
1283
1284
1284
1286
1288
1287
1290
1289
1290
1292
1294
1293
1296
1296
1297
1298
1299
1299
1302
1303
1302
1305
1306
1306
1306
1309
1308
1309
1310
1311
1313
1315
1315
1317
1317
1318
1318
1320
1321
1323
1324
1324
1326
1326
1326
1328
1328
1331
1331
1331
1334
1333
1335
1336
1337
1339
1339
1341
1342
1341
1342
1344
1346
1347
1347
1347
1348
1350
1350
1353
1352
1353
1355
1357
1356
1357
1359
1360
1362
1363
1362
1364
1364
1366
1366
1369
1368
1369
1372
1371
1372
1375
1375
1377
1378
1379
1379
1379
1381
1383
1384
1385
1386
1386
1388
1389
1389
1389
1392
1391
1393
1395
1394
1396
1396
1398
1399
1399
1401
1401
1403
1405
1406
1405
1408
1409
1408
1410
1412
1413
1412
1415
1415
1415
1416
1418
1419
1420
1422
1421
1424
1424
1426
1427
1426
1427
1430
1431
1431
1431
1434
1433
1435
1435
1436
1437
1440
1440
1442
1443
1443
1443
1445
1445
1446
1449
1449
1450
1451
1452
1454
1453
1456
1456
1457
1458
1460
1459
1460
1462
1463
1463
1465
1467
1466
1469
1468
1470
1471
1473
1473
1475
1476
1475
1478
1478
1480
1480
1482
1482
1484
1483
1485
1485
1488
1487
1489
1491
1490
1493
1492
1493
1496
1497
1498
1498
1499
1499
1502
1502
1502
1503
1504
1506
1507
1508
1510
1509
1510
1513
1514
1513
1516
1515
1516
1519
1520
1521
1521
1521
1523
1525
1524
1527
1527
1527
1528
1529
1531
1531
1533
1534
1535
1535
1536
1539
1539
1541
1540
1542
1544
1545
1545
1547
1546
1547
1549
1551
1552
1551
1553
1555
1556
1556
1557
1558
1560
1561
1562
1562
1562
1564
1565
1566
1567
1568
1569
1569
1571
1572
1574
1574
1575
1576
1576
1578
1580
1581
1582
1583
1584
1583
1586
1585
1588
1588
1589
1591
1590
1592
1593
1593
1594
1597
1598
1599
1599
1599
1600
1601
1604
1605
1605
1605
1607
1608
1610
1610
1611
1613
1613
1615
1616
1616
1618
1618
1618
1619
1621
1622
1624
1623
1626
1627
1626
1629
1630
1630
1630
1631
1634
1633
1635
1635
1637
1639
1638
1640
1642
1643
1642
1644
1645
1645
1648
1647
1649
1651
1651
1652
1653
1653
1656
1656
1656
1659
1658
1659
1662
1662
1663
1664
1664
1667
1666
1668
1670
1670
1672
1672
1672
1673
1676
1677
1676
1677
1680
1680
1682
1682
1682
1684
1686
1687
1686
1687
1688
1691
1691
1693
1692
1695
1695
1695
1697
1699
1700
1700
1700
1703
1702
1704
1706
1705
1707
1709
1708
1709
1712
1712
1712
1713
1714
1717
1716
1718
1718
1720
1720
1722
1722
1724
1725
1727
1726
1727
1730
1731
1731
1731
1734
1735
1735
1737
1736
1737
1738
1740
1741
1743
1742
1745
1746
1746
1747
1747
1750
1751
1751
1753
1752
1755
1754
1757
1756
1757
1760
1761
1761
1762
1764
1764
1765
1767
1766
1768
1770
1769
1771
1772
1772
1774
1774
1776
1776
1777
1779
1781
1782
1782
1784
1784
1785
1786
1786
1788
1790
1789
1790
1791
1794
1794
1795
1795
1797
1797
1798
1800
1801
1802
1802
1805
1804
1806
1806
1808
1809
1811
1811
1813
1813
1814
1814
1815
1818
1817
1819
1820
1821
1821
1822
1823
1826
1827
1828
1827
1828
1831
1831
1833
1833
1835
1836
1837
1837
1837
1838
1839
1840
1841
1844
1845
1846
1845
1848
1848
1850
1850
1850
1851
1853
1854
1855
1855
1858
1857
1859
1861
1860
1861
1863
1864
1864
1866
1866
1869
1869
1871
1870
1873
1872
1873
1875
1877
1878
1878
1879
1880
1882
1883
1883
1885
1885
1885
1886
1887
1889
1891
1890
1892
1892
1895
1894
1895
1897
1899
1898
1899
1902
1902
1904
1905
1906
1906
1908
1908
1908
1909
1912
1913
1912
1915
1916
1916
1918
1917
1920
1921
1922
1921
1922
1925
1924
1927
1926
1928
1930
1929
1932
1932
1934
1935
1935
1937
1937
1938
1938
1940
1941
1942
1944
1944
1944
1946
1947
1947
1950
1950
1952
1952
1954
1954
1955
1955
1956
1959
1958
1959
1960
1963
1964
1963
1964
1965
1966
1968
1970
1969
1970
1971
1974
1975
1976
1975
1977
1978
1979
1980
1980
1981
1982
1983
1986
1987
1987
1987
1990
1990
1990
1991
1993
1995
1995
1996
1996
1998
1998
2001
