8000
8000
8000
7998
7997
7998
7997
7995
7995
7993
7993
7992
7991
7989
7987
7987
7986
7986
7983
7982
7983
7982
7979
7978
7977
7976
7975
7974
7974
7974
7973
7970
7969
7969
7968
7966
7967
7964
7963
7963
7961
7960
7960
7960
7957
7956
7955
7955
7955
7953
7951
7952
7949
7948
7949
7947
7946
7944
7943
7942
7941
7942
7940
7939
7939
7938
7937
7935
7934
7934
7933
7931
7929
7929
7928
7926
7926
7924
7924
7923
7922
7922
7920
7918
7919
7917
7917
7916
7913
7914
7913
7911
7911
7908
7909
7907
7906
7905
7903
7902
7902
7902
7901
7900
7898
7896
7897
7894
7893
7893
7892
7890
7890
7888
7888
7887
7885
7884
7883
7883
7881
7882
7881
7878
7878
7878
7876
7874
7873
7874
7871
7872
7870
7870
7868
7868
7865
7865
7863
7864
7861
7860
7861
7859
7857
7856
7857
7855
7853
7852
7853
7851
7849
7850
7848
7848
7846
7844
7845
7844
7843
7842
7841
7839
7838
7837
7837
7836
7835
7834
7833
7830
7831
7829
7829
7827
7827
7824
7825
7822
7821
7822
7821
7819
7818
7817
7816
7815
7815
7812
7812
7811
7810
7808
7808
7806
7807
7804
7803
7802
7803
7802
7799
7800
7798
7796
7795
7794
7793
7792
7792
7791
7791
7789
7787
7788
7787
7786
7783
7783
7782
7782
7780
7780
7779
7778
7777
7776
7775
7773
7773
7772
7769
7768
7769
7768
7765
7764
7765
7763
7762
7761
7759
7758
7757
7757
7755
7754
7753
7753
7753
7751
7749
7749
7747
7747
7746
7745
7743
7743
7743
7740
7740
7738
7738
7737
7737
7734
7735
7732
7732
7730
7731
7730
7728
7726
7725
7726
7724
7723
7722
7721
7719
7718
7717
7717
7716
7716
7715
7714
7713
7712
7711
7709
7707
7707
7707
7704
7704
7703
7701
7700
7700
7698
7697
7697
7696
7695
7694
7694
7693
7692
7689
7690
7689
7687
7687
7684
7685
7683
7683
7681
7681
7680
7679
7678
7676
7675
7675
7672
7672
7671
7670
7668
7668
7667
7666
7664
7665
7664
7663
7660
7661
7658
7657
7658
7655
7656
7654
7654
7653
7650
7649
7649
7648
7648
7646
7644
7644
7643
7641
7642
7641
7640
7638
7637
7636
7636
7634
7633
7633
7631
7631
7630
7629
7628
7627
7626
7625
7622
7622
7621
7621
7620
7617
7617
7617
7615
7614
7612
7611
7612
7610
7608
7609
7608
7607
7605
7605
7603
7601
7602
7599
7600
7599
7598
7596
7596
7595
7593
7591
7590
7591
7588
7587
7586
7586
7586
7584
7582
7582
7582
7580
7578
7577
7576
7575
7576
7575
7574
7572
7572
7571
7570
7569
7568
7567
7566
7565
7564
7561
7560
7559
7559
7557
7557
7556
7554
7554
7553
7551
7552
7550
7550
7549
7547
7545
7544
7544
7542
7541
7541
7539
7538
7538
7536
7537
7534
7535
7534
7531
7530
7529
7529
7529
7527
7525
7524
7524
7523
7523
7520
7521
7518
7519
7518
7517
7514
7513
7513
7512
7511
7509
7510
7509
7507
7507
7505
7505
7504
7502
7501
7499
7500
7497
7496
7496
7494
7494
7494
7493
7491
7489
7489
7488
7486
7487
7485
7483
7482
7481
7482
7480
7479
7478
7476
7475
7475
7475
7474
7472
7472
7470
7470
7468
7467
7467
7464
7464
7462
7462
7462
7460
7459
7458
7457
7457
7454
7453
7452
7451
7450
7451
7450
7449
7448
7447
7446
7443
7444
7443
7441
7441
7439
7438
7436
7437
7434
7435
7434
7432
7430
7430
7429
7428
7428
7427
7425
7424
7424
7423
7421
7419
7420
7418
7416
7416
7415
7415
7413
7412
7411
7409
7408
7409
7408
7407
7406
7405
7403
7402
7402
7400
7398
7397
7396
7397
7394
7394
7392
7391
7391
7389
7389
7388
7388
7386
7386
7383
7382
7383
7382
7381
7378
7377
7376
7375
7376
7375
7372
7372
7371
7371
7368
7368
7366
7366
7365
7364
7362
7361
7361
7361
7358
7357
7357
7357
7355
7354
7352
7353
7350
7349
7348
7349
7347
7345
7346
7344
7342
7343
7340
7341
7338
7337
7337
7336
7336
7335
7332
7331
7332
7331
7328
7327
7326
7326
7326
7325
7324
7322
7320
7319
7319
7318
7318
7317
7315
7315
7313
7312
7312
7311
7309
7309
7308
7307
7306
7305
7303
7303
7300
7301
7300
7297
7298
7295
7295
7293
7292
7291
7291
7290
7289
7289
7288
7286
7284
7284
7282
7282
7280
7280
7279
7278
7277
7276
7274
7273
7273
7273
7270
7270
7269
7267
7267
7267
7264
7263
7264
7262
7262
7260
7258
7258
7257
7255
7254
7254
7253
7252
7250
7250
7250
7248
7246
7246
7244
7243
7244
7242
7241
7239
7238
7239
7236
7237
7236
7234
7232
7233
7230
7229
7228
7228
7227
7225
7226
7224
7223
7222
7221
7221
7218
7218
7216
7216
7214
7214
7212
7211
7210
7210
7208
7208
7207
7206
7204
7204
7202
7202
7201
7200
7199
7197
7196
7195
7194
7195
7194
7192
7190
7190
7189
7188
7187
7187
7184
7184
7182
7182
7182
7180
7180
7177
7178
7176
7175
7173
7174
7173
7172
7171
7168
7168
7168
7166
7166
7165
7162
7163
7161
7161
7160
7157
7156
7155
7154
7154
7153
7151
7150
7150
7148
7149
7147
7147
7146
7144
7142
7143
7141
7139
7139
7139
7138
7135
7135
7134
7132
7132
7131
7131
7129
7127
7128
7125
7124
7125
7124
7123
7120
7119
7119
7117
7116
7115
7115
7115
7113
7112
7112
7111
7109
7107
7108
7105
7105
7103
7104
7103
7102
7101
7099
7098
7098
7096
7095
7093
7092
7091
7090
7091
7088
7089
7086
7087
7086
7084
7083
7083
7080
7079
7079
7079
7077
7076
7075
7073
7074
7072
7072
7071
7068
7069
7067
7065
7064
7063
7063
7063
7060
7061
7059
7059
7058
7056
7055
7054
7053
7051
7050
7050
7049
7047
7047
7047
7045
7045
7042
7043
7041
7039
7040
7038
7038
7035
7036
7033
7032
7032
7032
7030
7028
7028
7027
7027
7024
7023
7024
7022
7021
7021
7018
7019
7016
7017
7016
7013
7013
7011
7012
7009
7008
7008
7006
7005
7006
7005
7003
7001
7002
7000
6999
6999
6998
6996
6994
6995
6994
6993
6991
6989
6990
6988
6986
6985
6985
6983
6983
6982
6980
6980
6979
6978
6978
6977
6976
6975
6972
6971
6972
6971
6969
6968
6967
6966
6966
6965
6962
6963
6961
6961
6958
6958
6958
6957
6956
6953
6954
6952
6951
6950
6950
6948
6946
6946
6944
6945
6942
6941
6940
6939
6938
6939
6937
6935
6934
6935
6934
6932
6932
6930
6930
6927
6926
6926
6926
6923
6924
6921
6921
6920
6919
6917
6916
6916
6916
6914
6913
6911
6910
6910
6908
6907
6906
6907
6904
6903
6903
6901
6902
6899
6900
6898
6897
6895
6896
6894
6892
6891
6891
6891
6889
6887
6888
6887
6885
6884
6882
6883
6882
6879
6878
6879
6878
6876
6876
6875
6873
6872
6870
6871
6870
6869
6866
6866
6864
6864
6862
6861
6861
6861
6860
6857
6856
6857
6856
6855
6853
6851
6852
6849
6849
6847
6846
6845
6846
6843
6842
6842
6842
6840
6839
6838
6837
6837
6835
6835
6832
6833
6830
6830
6829
6827
6827
6827
6824
6824
6824
6823
6821
6821
6818
6819
6816
6817
6814
6813
6814
6812
6810
6811
6808
6808
6807
6806
6804
6805
6803
6802
6801
6801
6800
6798
6796
6796
6795
6793
6794
6792
6790
6790
6788
6789
6787
6787
6785
6783
6784
6782
6781
6779
6778
6779
6778
6776
6775
6773
6773
6771
6772
6769
6770
6769
6768
6767
6766
6764
6762
6762
6762
6760
6758
6758
6756
6757
6755
6755
6754
6751
6750
6750
6750
6747
6746
6746
6745
6744
6744
6741
6742
6741
6740
6738
6738
6736
6735
6734
6732
6733
6730
6729
6729
6729
6728
6727
6725
6723
6723
6722
6721
6721
6718
6717
6718
6716
6716
6714
6712
6713
6710
6709
6709
6709
6708
6706
6705
6704
6702
6703
6701
6701
6698
6697
6697
6695
6694
6693
6692
6693
6691
6691
6689
6689
6687
6686
6684
6683
6684
6682
6680
6679
6679
6677
6678
6676
6675
6675
6672
6671
6671
6671
6670
6669
6668
6665
6666
6663
6662
6661
6662
6661
6660
6658
6658
6655
6656
6655
6654
6653
6650
6651
6648
6647
6648
6647
6646
6645
6644
6643
6642
6639
6640
6639
6638
6637
6634
6635
6634
6632
6632
6631
6628
6629
6626
6625
6624
6623
6624
6623
6622
6619
6618
6619
6617
6615
6614
6613
6614
6613
6610
6611
6609
6609
6607
6606
6605
6604
6603
6602
6602
6599
6598
6597
6596
6596
6594
6595
6593
6591
6592
6590
6590
6589
6587
6585
6584
6584
6583
6581
6582
6581
6578
6577
6578
6576
6575
6574
6573
6571
6571
6569
6570
6568
6568
6565
6565
6563
6564
6561
6561
6559
6559
6558
6558
6556
6555
6553
6552
6551
6551
6551
6549
6549
6546
6545
6544
6543
6544
6542
6540
6539
6538
6537
6536
6535
6535
6534
6532
6532
6531
6531
6529
6528
6526
6527
6524
6523
6524
6521
6521
6520
6519
6519
6516
6516
6514
6515
6513
6512
6511
6509
6509
6509
6506
6507
6506
6504
6503
6502
6500
6500
6498
6499
6496
6497
6495
6493
6492
6492
6490
6491
6488
6488
6488
6486
6485
6483
6483
6483
6481
6481
6478
6478
6478
6476
6474
6474
6472
6471
6470
6470
6469
6468
6467
6466
6465
6465
6463
6463
6461
6461
6459
6457
6458
6456
6455
6453
6454
6453
6450
6450
6450
6448
6448
6446
6444
6444
6443
6441
6441
6440
6438
6439
6436
6437
6435
6435
6434
6431
6431
6430
6430
6427
6428
6427
6426
6424
6424
6423
6420
6419
6419
6417
6418
6416
6416
6415
6414
6411
6410
6410
6410
6407
6407
6405
6404
6405
6404
6401
6402
6401
6400
6399
6398
6396
6396
6395
6394
6393
6392
6389
6388
6387
6386
6385
6385
6385
6384
6383
6380
6379
6378
6377
6378
6377
6375
6375
6374
6371
6372
6371
6370
6368
6368
6367
6366
6364
6364
6362
6361
6361
6359
6358
6358
6357
6355
6354
6354
6352
6351
6349
6350
6349
6347
6347
6346
6345
6343
6342
6340
6341
6339
6338
6336
6335
6334
6334
6332
6331
6330
6330
6330
6329
6326
6327
6326
6325
6324
6323
6321
6319
6318
6318
6316
6316
6315
6313
6313
6313
6310
6311
6310
6308
6307
6306
6306
6304
6304
6303
6300
6301
6298
6297
6298
6296
6295
6295
6294
6292
6292
6290
6289
6289
6288
6285
6286
6284
6282
6282
6280
6280
6278
6278
6276
6276
6276
6273
6273
6272
6270
6271
6269
6268
6268
6266
6265
6264
6263
6261
6262
6259
6259
6259
6257
6256
6256
6253
6254
6251
6251
6249
6250
6247
6247
6245
6246
6243
6242
6242
6241
6240
6238
6238
6238
6236
6236
6233
6234
6231
6230
6229
6230
6229
6228
6225
6224
6225
6223
6223
6222
6219
6218
6219
6216
6216
6214
6214
6212
6211
6212
6210
6210
6208
6208
6207
6206
6205
6202
6203
6201
6200
6198
6198
6197
6197
6195
6195
6193
6193
6191
6191
6188
6189
6188
6186
6185
6183
6184
6183
6181
6181
6178
6178
6176
6176
6175
6173
6173
6172
6171
6169
6168
6168
6167
6167
6166
6165
6163
6161
6162
6159
6158
6157
6156
6155
6156
6155
6153
6153
6151
6151
6150
6149
6147
6146
6145
6145
6143
6141
6141
6139
6139
6139
6136
6135
6135
6135
6132
6131
6130
6130
6129
6128
6128
6127
6126
6124
6123
6121
6121
6121
6118
6117
6118
6117
6115
6114
6113
6112
6112
6109
6110
6107
6106
6107
6104
6105
6103
6102
6101
6099
6100
6099
6098
6096
6095
6094
6092
6091
6092
6090
6090
6089
6088
6086
6085
6084
6082
6082
6080
6081
6080
6079
6076
6075
6076
6073
6072
6072
6071
6071
6069
6068
6067
6066
6064
6063
6064
6061
6060
6061
6060
6057
6058
6057
6055
6054
6053
6051
6050
6050
6050
6048
6046
6047
6045
6043
6042
6043
6040
6041
6039
6039
6038
6035
6035
6035
6032
6032
6031
6029
6029
6028
6026
6026
6025
6023
6022
6023
6020
6020
6019
6019
6018
6015
6014
6014
6012
6011
6011
6009
6008
6007
6006
6007
6005
6005
6002
6002
6000
6000
5998
5999
5996
5995
5994
5995
5993
5992
5991
5990
5988
5988
5988
5985
5985
5985
5983
5983
5980
5979
5979
5977
5977
5977
5975
5973
5973
5972
5971
5971
5968
5968
5968
5965
5964
5965
5964
5962
5961
5961
5959
5958
5956
5956
5955
5955
5952
5952
5951
5950
5950
5949
5947
5946
5946
5945
5943
5941
5941
5939
5938
5939
5938
5937
5934
5933
5934
5931
5932
5930
5930
5928
5928
5925
5926
5925
5924
5923
5921
5921
5918
5917
5918
5917
5914
5915
5912
5912
5910
5911
5910
5908
5908
5905
5904
5905
5902
5902
5902
5901
5900
5897
5896
5896
5895
5893
5893
5893
5892
5889
5889
5887
5888
5886
5885
5885
5883
5882
5880
5881
5879
5878
5876
5875
5875
5875
5874
5872
5870
5869
5870
5869
5867
5865
5865
5865
5863
5862
5862
5860
5859
5857
5856
5855
5854
5855
5854
5852
5850
5850
5848
5849
5846
5847
5844
5844
5844
5841
5840
5841
5839
5837
5838
5837
5836
5834
5832
5831
5832
5829
5830
5828
5828
5825
5826
5825
5824
5821
5820
5819
5819
5819
5816
5816
5816
5813
5812
5812
5811
5810
5809
5807
5808
5805
5804
5804
5803
5802
5802
5801
5800
5799
5797
5796
5795
5793
5793
5791
5790
5790
5789
5789
5787
5787
5785
5783
5782
5782
5782
5780
5779
5777
5778
5775
5775
5773
5774
5771
5772
5771
5768
5768
5768
5766
5764
5763
5764
5762
5761
5759
5759
5757
5758
5755
5754
5755
5754
5751
5750
5750
5750
5748
5746
5747
5746
5744
5742
5743
5742
5741
5740
5739
5738
5737
5735
5733
5732
5732
5732
5731
5729
5728
5728
5726
5726
5723
5722
5722
5721
5721
5719
5718
5717
5716
5715
5715
5714
5712
5712
5709
5709
5709
5708
5705
5706
5704
5704
5703
5700
5700
5700
5699
5696
5697
5694
5695
5693
5693
5692
5691
5690
5687
5686
5685
5686
5685
5682
5682
5681
5679
5680
5677
5676
5675
5675
5675
5674
5671
5672
5671
5670
5669
5667
5665
5664
5665
5662
5662
5661
5659
5658
5657
5656
5657
5656
5655
5653
5653
5651
5649
5648
5648
5647
5645
5645
5643
5642
5641
5641
5639
5638
5638
5636
5636
5636
5633
5632
5631
5632
5629
5628
5627
5627
5626
5624
5623
5622
5623
5621
5621
5618
5618
5617
5616
5616
5613
5612
5613
5611
5610
5608
5608
5606
5606
5606
5603
5604
5602
5600
5599
5599
5598
5596
5597
5596
5594
5593
5593
5590
5591
5588
5589
5587
5586
5585
5583
5584
5582
5581
5579
5578
5578
5576
5576
5574
5575
5573
5572
5570
5569
5569
5569
5567
5567
5566
5564
5563
5561
5561
5561
5558
5559
5557
5556
5555
5553
5552
5552
5551
5550
5550
5549
5546
5547
5545
5545
5542
5543
5541
5540
5538
5539
5537
5537
5536
5533
5533
5531
5531
5531
5530
5529
5528
5527
5525
5524
5524
5522
5520
5519
5518
5517
5516
5516
5514
5514
5513
5512
5512
5511
5510
5509
5508
5505
5506
5505
5503
5501
5502
5499
5499
5499
5498
5496
5495
5495
5492
5491
5490
5489
5490
5488
5486
5485
5484
5484
5484
5483
5482
5481
5479
5477
5477
5476
5474
5474
5472
5473
5472
5469
5468
5467
5468
5466
5466
5465
5462
5463
5460
5459
5458
5459
5458
5457
5454
5453
5452
5451
5452
5450
5450
5447
5447
5446
5446
5445
5444
5443
5442
5439
5440
5437
5437
5435
5435
5434
5434
5432
5431
5431
5430
5429
5426
5427
5425
5423
5422
5423
5421
5419
5419
5417
5417
5415
5415
5414
5412
5413
5410
5411
5410
5408
5406
5406
5405
5404
5404
5402
5400
5401
5398
5397
5397
5395
5394
5393
5393
5391
5392
5391
5388
5389
5388
5387
5386
5385
5383
5383
5381
5381
5378
5378
5376
5375
5376
5375
5374
5371
5370
5369
5370
5369
5366
5366
5366
5364
5363
5363
5360
5360
5359
5357
5356
5357
5354
5353
5353
5353
5350
5349
5350
5347
5348
5345
5345
5344
5342
5342
5342
5340
5339
5339
5336
5337
5334
5334
5333
5332
5330
5330
5329
5329
5326
5326
5326
5324
5324
5322
5321
5319
5319
5318
5316
5315
5315
5314
5312
5313
5312
5311
5309
5309
5306
5307
5306
5303
5302
5301
5300
5300
5300
5298
5298
5295
5294
5294
5293
5291
5290
5289
5289
5288
5287
5286
5284
5283
5283
5281
5282
5280
5278
5278
5276
5275
5275
5275
5274
5273
5271
5271
5269
5268
5267
5265
5265
5264
5264
5261
5262
5261
5259
5257
5258
5257
5254
5255
5254
5253
5250
5249
5248
5248
5247
5247
5244
5245
5243
5243
5242
5241
5240
5238
5236
5235
5236
5235
5234
5232
5230
5229
5229
5228
5227
5225
5224
5225
5222
5222
5221
5220
5219
5219
5216
5215
5216
5213
5212
5211
5210
5209
5209
5209
5207
5207
5204
5203
5204
5202
5201
5199
5200
5197
5197
5195
5195
5195
5192
5192
5190
5191
5188
5189
5188
5186
5184
5184
5184
5182
5180
5179
5179
5178
5176
5175
5175
5175
5173
5172
5171
5171
5169
5167
5167
5165
5165
5165
5162
5163
5162
5160
5160
5159
5158
5156
5155
5153
5153
5152
5151
5150
5150
5147
5148
5145
5144
5144
5144
5142
5140
5140
5139
5139
5137
5137
5134
5134
5132
5132
5130
5131
5128
5127
5127
5127
5124
5124
5124
5122
5122
5120
5120
5119
5118
5117
5116
5113
5112
5113
5112
5110
5108
5108
5107
5105
5105
5105
5104
5102
5100
5101
5098
5098
5097
5095
5095
5094
5093
5092
5092
5090
5089
5089
5086
5085
5085
5085
5083
5083
5082
5079
5079
5078
5078
5075
5076
5074
5074
5072
5070
5069
5069
5069
5067
5067
5064
5063
5063
5063
5062
5060
5058
5057
5056
5056
5054
5055
5053
5052
5052
5051
5048
5047
5047
5047
5044
5044
5043
5041
5042
5041
5038
5038
5038
5036
5036
5035
5034
5031
5031
5031
5028
5029
5026
5025
5025
5023
5023
5021
5020
5019
5018
5018
5016
5016
5014
5014
5014
5011
5011
5011
5008
5009
5007
5007
5005
5003
5004
5002
5001
5000
4998
4998
4996
4995
4994
4995
4994
4992
4990
4989
4989
4988
4987
4987
4986
4984
4983
4981
4981
4979
4980
4978
4978
4975
4975
4973
4973
4971
4970
4969
4969
4968
4968
4967
4966
4965
4964
4963
4961
4959
4960
4957
4957
4955
4954
4954
4954
4952
4951
4951
4950
4948
4947
4946
4945
4943
4942
4942
4940
4940
4939
4937
4938
4936
4936
4935
4934
4931
4931
4929
4928
4928
4927
4926
4925
4925
4924
4923
4922
4920
4919
4918
4916
4915
4914
4915
4912
4912
4910
4911
4910
4909
4906
4906
4905
4905
4904
4901
4900
4899
4898
4897
4898
4897
4896
4894
4892
4891
4890
4891
4890
4889
4886
4887
4884
4884
4883
4882
4880
4881
4878
4877
4877
4875
4874
4875
4873
4873
4870
4870
4870
4869
4866
4866
4866
4865
4863
4863
4860
4860
4859
4859
4858
4855
4855
4855
4853
4852
4850
4849
4848
4849
4846
4847
4844
4843
4842
4842
4842
4839
4839
4839
4836
4837
4835
4833
4833
4831
4832
4829
4830
4829
4828
4827
4824
4824
4823
4822
4822
4821
4819
4817
4817
4815
4814
4813
4812
4811
4812
4809
4810
4808
4806
4807
4804
4805
4804
4801
4800
4799
4798
4797
4796
4797
4796
4793
4793
4792
4792
4790
4788
4788
4788
4785
4786
4783
4783
4783
4780
4779
4778
4779
4778
4775
4776
4775
4773
4773
4772
4771
4770
4769
4768
4767
4764
4765
4764
4762
4760
4761
4759
4758
4757
4755
4756
4753
4752
4751
4750
4750
4749
4748
4747
4745
4746
4744
4742
4741
4741
4739
4738
4738
4736
4737
4735
4734
4734
4732
4730
4731
4729
4728
4728
4725
4725
4724
4723
4721
4722
4721
4719
4718
4717
4715
4716
4714
4714
4713
4712
4710
4708
4707
4708
4706
4704
4704
4704
4703
4701
4699
4698
4699
4698
4697
4695
4695
4693
4693
4692
4690
4690
4688
4688
4686
4685
4685
4682
4682
4682
4679
4680
4679
4676
4675
4675
4674
4673
4673
4672
4671
4668
4669
4666
4665
4666
4664
4664
4662
4661
4661
4658
4658
4656
4655
4654
4655
4652
4651
4652
4649
4648
4648
4646
4646
4646
4643
4642
4642
4642
4641
4639
4639
4637
4636
4634
4634
4632
4631
4630
4631
4628
4627
4627
4625
4625
4624
4623
4622
4622
4619
4620
4617
4618
4615
4616
4615
4612
4611
4611
4609
4610
4609
4606
4607
4606
4604
4603
4603
4602
4600
4599
4597
4598
4597
4595
4594
4594
4591
4590
4590
4588
4587
4588
4586
4585
4585
4583
4583
4580
4581
4580
4577
4578
4577
4576
4574
4573
4572
4572
4571
4568
4567
4568
4565
4565
4564
4564
4561
4562
4561
4560
4557
4556
4556
4555
4555
4553
4551
4551
4551
4548
4547
4546
4545
4545
4545
4544
4543
4541
4540
4540
4539
4536
4536
4534
4534
4533
4533
4532
4529
4530
4528
4527
4526
4524
4524
4522
4521
4521
4521
4520
4519
4516
4517
4514
4514
4512
4513
4512
4510
4510
4508
4507
4507
4505
4505
4503
4503
4501
4499
4498
4499
4498
4497
4494
4495
4492
4491
4492
4491
4488
4489
4488
4486
4486
4485
4484
4483
4482
4481
4480
4479
4478
4476
4476
4473
4473
4471
4470
4469
4469
4468
4468
4465
4464
4465
4463
4462
4461
4459
4459
4458
4456
4455
4456
4453
4452
4451
4452
4449
4448
4449
4447
4447
4445
4443
4444
4443
4442
4439
4440
4437
4437
4435
4436
4435
4432
4431
4431
4430
4429
4429
4427
4427
4424
4424
4422
4422
4421
4419
4419
4417
4416
4417
4416
4415
4413
4411
4411
4409
4409
4408
4407
4405
4406
4403
4402
4401
4401
4400
4399
4397
4397
4395
4394
4394
4394
4392
4392
4390
4389
4388
4387
4387
4386
4385
4383
4381
4382
4379
4378
4378
4378
4377
4375
4375
4372
4373
4372
4370
4368
4369
4368
4367
4366
4363
4363
4362
4361
4360
4358
4358
4356
4357
4354
4353
4353
4351
4350
4350
4348
4348
4346
4345
4344
4344
4342
4342
4342
4339
4339
4339
4338
4335
4334
4333
4334
4332
4332
4329
4328
4329
4328
4326
4326
4324
4323
4322
4321
4321
4318
4319
4316
4315
4314
4314
4314
4312
4310
4310
4309
4308
4308
4307
4305
4305
4304
4302
4301
4300
4300
4298
4298
4297
4296
4295
4292
4292
4290
4290
4288
4288
4287
4285
4285
4285
4282
4283
4280
4279
4278
4278
4277
4275
4275
4273
4272
4271
4272
4271
4268
4269
4267
4265
4265
4265
4264
4263
4260
4259
4259
4258
4258
4255
4256
4254
4254
4253
4251
4251
4248
4247
4248
4246
4244
4244
4244
4243
4242
4241
4239
4237
4237
4237
4234
4233
4234
4231
4232
4229
4229
4229
4228
4226
4226
4225
4223
4223
4220
4221
4220
4217
4218
4217
4214
4214
4213
4211
4210
4210
4210
4208
4207
4206
4205
4205
4203
4202
4200
4201
4200
4198
4197
4197
4194
4193
4194
4193
4190
4191
4189
4187
4187
4186
4186
4185
4184
4181
4182
4179
4180
4179
4177
4175
4175
4173
4172
4173
4172
4169
4170
4169
4166
4165
4165
4164
4164
4162
4160
4161
4159
4158
4156
4155
4154
4153
4154
4151
4151
4151
4148
4148
4147
4147
4146
4145
4142
4141
4140
4139
4139
4139
4136
4136
4135
4134
4134
4131
4130
4131
4128
4127
4128
4126
4124
4125
4124
4122
4121
4120
4118
4118
4116
4115
4116
4113
4114
4111
4111
4109
4108
4109
4106
4106
4105
4104
4103
4101
4102
4100
4098
4097
4098
4095
4095
4093
4094
4092
4092
4089
4088
4089
4086
4085
4086
4083
4083
4081
4080
4081
4078
4078
4078
4076
4074
4073
4074
4072
4071
4071
4068
4069
4066
4066
4066
4065
4064
4061
4061
4060
4059
4059
4056
4057
4056
4054
4054
4052
4052
4049
4049
4049
4048
4045
4045
4043
4043
4042
4042
4039
4040
4037
4036
4037
4035
4033
4034
4031
4030
4029
4029
4029
4026
4025
4026
4023
4024
4022
4022
4020
4020
4017
4016
4017
4016
4015
4014
4011
4011
4011
4009
4008
4008
4007
4004
4004
4002
4001
4002
4000
4000
3998
3996
3997
3996
3995
3994
3992
3992
3991
3990
3988
3986
3985
3985
3983
3982
3981
3980
3981
3978
3977
3976
3977
3974
3974
3973
3971
3972
3970
3970
3968
3966
3967
3965
3963
3962
3962
3961
3961
3959
3958
3957
3957
3956
3955
3954
3951
3950
3949
3950
3948
3946
3945
3944
3943
3944
3941
3941
3941
3940
3937
3936
3937
3935
3934
3932
3933
3931
3931
3930
3929
3926
3925
3925
3923
3922
3922
3921
3920
3919
3918
3918
3917
3916
3913
3912
3913
3910
3911
3910
3909
3906
3906
3906
3905
3902
3903
3901
3900
3899
3897
3896
3897
3895
3895
3892
3893
3890
3890
3889
3889
3888
3885
3886
3885
3883
3883
3880
3881
3880
3879
3876
3875
3874
3875
3872
3872
3870
3871
3870
3869
3866
3866
3866
3863
3862
3861
3862
3860
3859
3858
3857
3856
3856
3854
3854
3852
3850
3851
3849
3848
3848
3847
3846
3844
3843
3843
3842
3840
3839
3839
3838
3835
3834
3834
3832
3832
3831
3829
3828
3827
3827
3827
3826
3825
3822
3823
3820
3820
3820
3819
3818
3817
3815
3814
3812
3812
3811
3809
3808
3807
3808
3807
3804
3804
3803
3802
3800
3801
3800
3797
3796
3796
3796
3794
3792
3791
3790
3791
3789
3788
3788
3786
3784
3784
3784
3782
3780
3780
3780
3777
3776
3777
3774
3773
3772
3772
3772
3769
3770
3769
3767
3765
3764
3764
3764
3763
3761
3760
3759
3758
3758
3755
3756
3753
3754
3753
3752
3751
3750
3748
3746
3747
3744
3744
3744
3743
3740
3741
3738
3739
3738
3737
3735
3733
3733
3731
3730
3730
3730
3728
3728
3726
3726
3724
3723
3723
3721
3720
3720
3717
3718
3715
3716
3714
3713
3711
3711
3711
3708
3708
3708
3706
3705
3704
3704
3701
3700
3701
3700
3699
3697
3696
3695
3693
3694
3691
3690
3690
3690
3688
3688
3687
3685
3685
3683
3682
3680
3681
3678
3679
3678
3675
3674
3674
3672
3673
3671
3669
3669
3667
3668
3667
3666
3664
3662
3663
3662
3661
3659
3659
3656
3656
3656
3654
3652
3653
3652
3651
3650
3647
3647
3646
3646
3644
3642
3643
3640
3641
3638
3639
3637
3637
3636
3633
3634
3633
3630
3631
3629
3629
3628
3626
3624
3624
3623
3622
3620
3620
3618
3618
3618
3617
3616
3615
3612
3611
3611
3610
3609
3609
3606
3607
3605
3603
3602
3602
3600
3600
3598
3599
3596
3597
3596
3593
3594
3591
3590
3589
3589
3587
3587
3586
3584
3585
3582
3582
3580
3581
3578
3578
3577
3576
3575
3574
3574
3571
3572
3569
3569
3568
3568
3567
3564
3565
3562
3563
3562
3559
3558
3559
3558
3557
3555
3553
3553
3553
3551
3551
3550
3549
3547
3546
3545
3543
3542
3542
3540
3539
3540
3539
3537
3536
3535
3535
3533
3531
3532
3530
3529
3527
3527
3525
3525
3523
3522
3523
3522
3521
3520
3519
3517
3516
3514
3513
3514
3512
3512
3509
3510
3508
3508
3505
3505
3505
3502
3501
3500
3500
3499
3498
3497
3496
3496
3495
3493
3491
3490
3490
3490
3489
3486
3487
3485
3485
3482
3481
3480
3479
3479
3479
3478
3476
3475
3473
3473
3472
3470
3470
3470
3467
3468
3467
3465
3465
3464
3461
3460
3461
3459
3457
3456
3457
3454
3454
3453
3452
3450
3449
3450
3449
3446
3446
3445
3444
3442
3443
3441
3440
3439
3438
3437
3436
3434
3433
3433
3431
3430
3430
3428
3428
3428
3425
3426
3423
3422
3421
3421
3420
3418
3418
3416
3417
3415
3415
3412
3413
3412
3410
3408
3408
3407
3407
3404
3404
3404
3402
3402
3400
3398
3397
3398
3395
3395
3394
3392
3393
3390
3389
3388
3388
3388
3387
3384
3383
3384
3383
3380
3380
3379
3378
3376
3377
3374
3373
3374
3371
3372
3370
3369
3369
3368
3367
3364
3365
3363
3362
3361
3361
3359
3357
3358
3357
3354
3355
3352
3353
3352
3350
3349
3348
3348
3345
3344
3343
3342
3343
3340
3341
3340
3337
3338
3336
3334
3333
3332
3333
3332
3329
3330
3327
3327
3326
3324
3324
3323
3322
3321
3320
3320
3317
3318
3316
3314
3313
3313
3312
3311
3311
3309
3307
3308
3307
3306
3303
3304
3302
3300
3300
3300
3297
3296
3295
3296
3293
3293
3291
3291
3289
3290
3287
3286
3286
3285
3285
3282
3281
3280
3280
3278
3279
3278
3275
3275
3274
3273
3272
3270
3271
3268
3269
3268
3265
3266
3264
3264
3262
3261
3259
3259
3258
3258
3255
3254
3254
3254
3252
3252
3249
3248
3249
3248
3247
3244
3245
3244
3242
3241
3241
3238
3238
3238
3235
3234
3235
3233
3233
3231
3230
3228
3227
3226
3227
3224
3224
3223
3221
3220
3219
3218
3217
3216
3216
3215
3214
3213
3211
3210
3211
3208
3208
3207
3207
3204
3204
3202
3203
3201
3200
3198
3199
3198
3196
3195
3193
3193
3193
3190
3191
3188
3189
3186
3186
3185
3184
3182
3183
3182
3180
3179
3177
3176
3177
3176
3173
3174
3171
3170
3169
3170
3168
3168
3167
3165
3165
3162
3163
3161
3159
3159
3157
3156
3156
3155
3154
3153
3152
3150
3149
3148
3149
3146
3146
3144
3144
3143
3143
3141
3141
3138
3138
3138
3136
3134
3133
3132
3131
3130
3131
3129
3128
3128
3125
3124
3125
3123
3122
3121
3119
3118
3119
3118
3115
3114
3115
3114
3113
3112
3110
3108
3108
3106
3107
3106
3104
3102
3103
3102
3099
3100
3097
3098
3097
3095
3095
3094
3092
3092
3089
3089
3089
3086
3086
3084
3083
3083
3081
3081
3080
3080
3079
3078
3077
3076
3074
3072
3073
3071
3071
3070
3068
3066
3066
3065
3063
3063
3061
3061
3060
3059
3059
3056
3057
3054
3055
3052
3053
3050
3051
3049
3049
3048
3046
3045
3044
3043
3043
3040
3041
3040
3037
3037
3035
3036
3033
3032
3033
3031
3030
3028
3027
3026
3027
3024
3025
3023
3021
3021
3020
3019
3017
3016
3015
3014
3015
3014
3012
3012
3009
3008
3008
3008
3005
3005
3004
3002
3003
3000
3001
2998
2999
2996
2997
2995
2993
2994
2993
2991
2990
2989
2987
2988
2987
2985
2983
2983
2982
2981
2980
2979
2979
2978
2976
2976
2974
2973
2971
2970
2971
2968
2969
2967
2966
2966
2965
2964
2962
2961
2959
2960
2957
2957
2957
2956
2953
2954
2952
2951
2949
2950
2947
2946
2946
2946
2943
2943
2942
2941
2941
2938
2938
2937
2937
2934
2934
2933
2933
2932
2930
2928
2927
2927
2927
2926
2925
2922
2921
2920
2920
2919
2917
2918
2917
2916
2915
2912
2911
2910
2910
2908
2909
2907
2907
2905
2904
2903
2901
2901
2900
2900
2899
2897
2897
2896
2895
2893
2893
2890
2891
2889
2888
2888
2886
2885
2883
2883
2883
2881
2881
2879
2878
2877
2875
2876
2873
2872
2872
2872
2870
2870
2868
2867
2867
2865
2864
2864
2861
2860
2861
2858
2859
2856
2857
2854
2855
2852
2853
2852
2851
2850
2849
2846
2846
2846
2843
2844
2843
2841
2840
2839
2839
2836
2835
2836
2835
2833
2832
2830
2831
2828
2827
2827
2826
2824
2823
2824
2821
2822
2821
2820
2819
2817
2816
2815
2814
2814
2811
2811
2811
2810
2807
2808
2805
2804
2804
2802
2801
2802
2800
2800
2797
2797
2797
2796
2795
2792
2793
2791
2791
2790
2788
2788
2785
2784
2784
2784
2781
2782
2780
2778
2778
2778
2777
2776
2773
2773
2771
2770
2770
2770
2768
2767
2765
2764
2764
2762
2761
2761
2761
2758
2758
2756
2755
2756
2754
2753
2753
2752
2749
2749
2747
2748
2745
2746
2745
2742
2741
2740
2741
2740
2739
2736
2736
2734
2733
2734
2732
2731
2730
2728
2728
2728
2726
2726
2725
2722
2722
2721
2719
2720
2717
2716
2717
2714
2713
2714
2712
2710
2711
2708
2709
2708
2705
2705
2703
2703
2701
2701
2701
2700
2697
2698
2697
2696
2695
2693
2693
2690
2689
2690
2687
2686
2685
2684
2684
2682
2681
2681
2680
2679
2678
2677
2675
2674
2675
2673
2673
2672
2670
2670
2669
2667
2667
2666
2664
2663
2662
2660
2661
2660
2657
2657
2655
2655
2654
2652
2652
2652
2650
2650
2647
2646
2646
2646
2643
2642
2641
2640
2639
2640
2637
2636
2636
2634
2633
2634
2633
2631
2629
2629
2628
2627
2627
2626
2625
2623
2621
2620
2620
2619
2617
2618
2616
2615
2614
2612
2612
2610
2610
2610
2607
2608
2605
2606
2605
2602
2603
2601
2601
2598
2597
2597
2597
2595
2594
2594
2591
2591
2589
2590
2587
2587
2587
2585
2585
2583
2583
2582
2580
2578
2579
2578
2577
2576
2575
2574
2571
2571
2570
2568
2569
2568
2567
2566
2564
2563
2563
2561
2559
2560
2559
2556
2555
2556
2553
2553
2551
2552
2549
2550
2548
2546
2547
2545
2543
2543
2542
2541
2539
2540
2538
2537
2537
2536
2533
2533
2531
2532
2529
2529
2528
2526
2527
2524
2525
2524
2522
2522
2519
2520
2519
2518
2517
2515
2513
2514
2511
2512
2509
2509
2507
2508
2507
2506
2504
2502
2502
2500
2499
2500
2498
2498
2497
2495
2495
2494
2492
2490
2490
2490
2487
2488
2486
2486
2483
2483
2483
2482
2481
2480
2478
2478
2475
2475
2474
2473
2473
2470
2470
2470
2469
2466
2466
2466
2465
2464
2462
2461
2459
2459
2458
2457
2455
2456
2453
2453
2452
2450
2450
2448
2447
2448
2447
2444
2444
2444
2441
2440
2441
2440
2439
2436
2436
2436
2433
2433
2432
2432
2431
2430
2428
2426
2425
2426
2423
2423
2422
2421
2421
2418
2417
2418
2415
2416
2414
2414
2412
2411
2411
2409
2408
2406
2407
2406
2403
2404
2401
2402
2401
2398
2398
2396
2396
2396
2395
2393
2391
2392
2390
2388
2389
2387
2385
2386
2383
2383
2382
2380
2379
2380
2379
2376
2377
2375
2375
2374
2371
2371
2370
2369
2368
2368
2366
2365
2364
2364
2363
2362
2360
2359
2357
2357
2357
2355
2353
2353
2351
2350
2351
2350
2349
2347
2347
2346
2343
2343
2342
2341
2339
2338
2339
2336
2335
2336
2334
2332
2332
2331
2329
2328
2327
2327
2326
2324
2325
2324
2323
2320
2321
2319
2319
2317
2315
2315
2313
2312
2312
2312
2309
2310
2309
2308
2307
2305
2304
2302
2302
2300
2301
2299
2298
2296
2297
2294
2293
2294
2291
2290
2289
2290
2289
2286
2287
2284
2283
2282
2282
2282
2280
2279
2278
2277
2277
2275
2275
2273
2273
2270
2271
2269
2269
2267
2267
2266
2265
2262
2263
2260
2260
2258
2259
2257
2256
2256
2254
2253
2252
2251
2250
2250
2247
2246
2245
2246
2245
2243
2242
2242
2240
2239
2239
2237
2235
2235
2235
2234
2232
2232
2231
2228
2227
2226
2227
2225
2223
2223
2222
2221
2221
2220
2218
2217
2215
2216
2213
2212
2212
2212
2209
2208
2207
2208
2207
2205
2203
2204
2202
2200
2200
2199
2198
2197
2197
2194
2193
2194
2191
2191
2191
2188
2189
2186
2186
2186
2183
2184
2182
2181
2181
2179
2179
2176
2176
2176
2175
2174
2172
2171
2169
2168
2169
2168
2167
2166
2163
2162
2161
2160
2161
2160
2159
2158
2157
2154
2155
2152
2151
2150
2151
2148
2149
2148
2146
2144
2144
2142
2142
2140
2140
2139
2138
2138
2136
2134
2135
2134
2133
2132
2129
2129
2128
2128
2126
2126
2124
2122
2123
2121
2120
2120
2118
2117
2117
2114
2113
2113
2112
2111
2111
2108
2107
2107
2105
2106
2103
2102
2103
2102
2099
2098
2098
2098
2096
2096
2094
2094
2093
2091
2090
2089
2088
2087
2085
2084
2084
2083
2082
2080
2081
2079
2078
2076
2075
2076
2075
2072
2073
2072
2069
2070
2068
2067
2067
2066
2063
2063
2062
2060
2059
2058
2059
2057
2056
2054
2055
2052
2052
2051
2050
2049
2048
2048
2046
2045
2045
2044
2043
2041
2040
2038
2039
2038
2036
2036
2035
2033
2031
2031
2030
2028
2029
2027
2027
2024
2025
2023
2022
2021
2020
2020
2019
2018
2017
2015
2014
2013
2012
2010
2010
2008
2007
2006
2006
2006
2005
2002
2001
2000
2001
2000
1998
1998
1997
1994
1993
1994
1991
1992
1990
1989
1989
1986
1985
1984
1985
1983
1982
1980
1981
1980
1978
1976
1975
1976
1975
1974
1971
1970
1970
1968
1967
1968
1967
1964
1963
1962
1961
1960
1959
1959
1959
1958
1957
1956
1955
1954
1952
1952
1949
1948
1949
1948
1946
1944
1945
1943
1941
1940
1940
1939
1937
1936
1935
1934
1933
1934
1932
1931
1929
1929
1929
1926
1926
1924
1925
1923
1923
1922
1920
1918
1919
1916
1915
1916
1913
1914
1911
1911
1909
1908
1909
1907
1905
1905
1905
1903
1901
1901
1899
1899
1899
1896
1896
1894
1893
1894
1893
1890
1890
1888
1888
1887
1887
1886
1883
1884
1883
1881
1880
1878
1878
1878
1877
1876
1873
1874
1871
1871
1869
1869
1869
1866
1867
1866
1863
1864
1862
1861
1860
1858
1859
1858
1856
1855
1855
1852
1853
1851
1850
1848
1849
1846
1847
1846
1843
1842
1842
1840
1841
1840
1837
1836
1837
1836
1835
1833
1833
1831
1831
1828
1828
1828
1825
1824
1824
1824
1821
1821
1821
1820
1818
1818
1815
1816
1815
1812
1811
1811
1811
1809
1808
1808
1806
1805
1804
1803
1803
1801
1799
1800
1799
1798
1797
1794
1795
1793
1792
1790
1791
1788
1789
1787
1787
1784
1784
1784
1781
1782
1780
1778
1778
1776
1777
1774
1774
1772
1772
1771
1769
1770
1768
1768
1766
1765
1763
1762
1761
1761
1759
1758
1758
1757
1757
1756
1755
1753
1752
1752
1750
1748
1747
1748
1745
1744
1745
1744
1743
1741
1740
1740
1737
1736
1736
1735
1735
1734
1731
1732
1730
1729
1727
1728
1727
1724
1725
1723
1722
1722
1721
1719
1719
1716
1715
1714
1713
1712
1711
1710
1711
1709
1709
1706
1706
1705
1705
1703
1702
1700
1700
1700
1699
1698
1697
1696
1695
1692
1693
1691
1691
1690
1689
1687
1687
1685
1685
1682
1682
1682
1680
1678
1678
1677
1676
1675
1673
1674
1673
1671
1671
1668
1668
1667
1665
1664
1665
1662
1661
1661
1661
1658
1657
1658
1657
1654
1653
1654
1652
1652
1649
1648
1648
1647
1647
1646
1645
1644
1642
1642
1640
1640
1637
1638
1636
1635
1633
1632
1632
1632
1631
1629
1629
1626
1627
1626
1623
1624
1623
1620
1621
1618
1617
1617
1616
1614
1613
1614
1611
1610
1611
1610
1607
1608
1607
1605
1604
1602
1603
1601
1601
1600
1597
1598
1595
1596
1595
1593
1593
1592
1591
1590
1589
1586
1585
1585
1584
1583
1581
1582
1581
1580
1579
1578
1575
1576
1575
1573
1573
1572
1569
1570
1568
1567
1566
1566
1563
1563
1562
1560
1559
1558
1557
1556
1556
1555
1555
1553
1551
1552
1549
1548
1547
1548
1546
1544
1544
1542
1543
1541
1539
1539
1538
1537
1537
1534
1534
1534
1533
1530
1530
1528
1527
1527
1525
1524
1523
1524
1522
1521
1519
1520
1519
1517
1517
1514
1514
1514
1512
1511
1509
1509
1509
1508
1506
1505
1503
1504
1503
1502
1499
1499
1497
1496
1497
1496
1494
1494
1492
1492
1490
1490
1489
1487
1485
1486
1484
1484
1482
1481
1481
1480
1477
1477
1476
1475
1474
1474
1472
1471
1471
1469
1469
1466
1465
1466
1465
1463
1461
1462
1461
1459
1458
1457
1457
1454
1453
1454
1451
1452
1449
1450
1449
1446
1446
1445
1443
1442
1442
1441
1440
1439
1437
1437
1436
1434
1433
1433
1432
1430
1429
1429
1429
1428
1425
1426
1425
1423
1422
1421
1420
1420
1417
1417
1416
1415
1415
1413
1412
1410
1411
1408
1409
1406
1406
1405
1403
1402
1401
1400
1399
1399
1399
1396
1395
1396
1394
1393
1393
1390
1391
1389
1388
1388
1387
1386
1385
1383
1382
1381
1379
1379
1379
1376
1377
1375
1374
1372
1372
1372
1370
1368
1367
1367
1366
1366
1363
1362
1361
1360
1360
1358
1358
1358
1355
1354
1355
1354
1351
1350
1351
1349
1348
1348
1346
1345
1343
1343
1343
1340
1339
1339
1338
1338
1337
1334
1334
1333
1332
1332
1330
1330
1329
1327
1326
1324
1324
1322
1322
1322
1320
1318
1317
1318
1317
1314
1315
1312
1312
1311
1309
1310
1307
1308
1306
1304
1303
1304
1302
1301
1301
1298
1297
1297
1296
1296
1293
1292
1293
1291
1289
1288
1288
1288
1285
1284
1285
1284
1281
1280
1280
1280
1279
1278
1276
1276
1273
1273
1273
1271
1271
1270
1268
1266
1266
1264
1265
1263
1262
1262
1261
1260
1259
1256
1256
1255
1254
1252
1252
1250
1250
1249
1249
1248
1246
1245
1244
1243
1241
1240
1241
1238
1237
1237
1236
1236
1235
1232
1231
1231
1229
1229
1228
1226
1227
1224
1225
1223
1222
1221
1221
1218
1217
1217
1217
1215
1213
1213
1213
1210
1209
1210
1209
1206
1206
1204
1205
1203
1202
1201
1199
1199
1199
1198
1195
1195
1193
1194
1191
1192
1190
1190
1189
1187
1186
1184
1183
1184
1182
1182
1179
1180
1179
1176
1175
1175
1173
1172
1171
1172
1171
1169
1168
1167
1166
1165
1164
1163
1163
1162
1160
1159
1157
1156
1155
1156
1154
1152
1153
1151
1150
1148
1147
1147
1145
1145
1143
1144
1141
1140
1141
1140
1137
1136
1137
1135
1133
1133
1131
1130
1129
1129
1128
1126
1127
1126
1123
1123
1122
1122
1121
1118
1117
1118
1116
1116
1115
1114
1113
1112
1109
1109
1108
1106
1107
1105
1104
1104
1103
1102
1099
1098
1097
1098
1096
1094
1095
1094
1093
1090
1089
1089
1087
1087
1086
1086
1084
1082
1083
1080
1079
1080
1078
1076
1076
1076
1074
1074
1072
1071
1069
1068
1069
1066
1067
1065
1064
1063
1063
1060
1059
1060
1058
1056
1055
1055
1053
1054
1053
1050
1049
1048
1047
1046
1045
1045
1045
1044
1042
1041
1040
1039
1038
1036
1035
1035
1033
1033
1032
1032
1029
1029
1028
1028
1027
1026
1023
1022
1023
1021
1020
1018
1018
1017
1016
1016
1013
1012
1013
1010
1010
1009
1009
1006
1006
1006
1004
1004
1003
1002
1000
998
998
996
997
995
993
993
993
990
991
988
988
986
985
986
983
983
983
982
980
979
977
977
977
974
974
973
973
971
970
970
968
966
967
965
965
962
963
961
961
960
957
956
955
955
954
952
953
951
949
950
947
948
946
946
945
944
942
942
941
938
938
936
936
936
935
933
933
932
929
929
928
927
925
925
925
924
923
922
919
918
919
918
917
914
914
914
913
910
911
909
908
908
905
904
904
904
902
901
901
900
898
897
896
896
893
892
892
892
889
890
887
888
886
884
885
883
881
880
880
878
879
876
875
876
874
874
871
870
869
868
869
868
866
864
864
864
863
862
861
860
857
858
855
855
854
854
853
851
849
849
848
846
847
846
843
843
842
840
840
838
838
836
837
834
835
833
831
831
830
830
827
827
825
824
824
823
822
820
821
819
819
818
817
816
814
812
811
811
810
810
808
807
805
804
805
802
803
802
800
800
797
798
796
794
794
794
793
792
789
790
788
786
787
785
783
784
783
781
779
779
778
777
777
776
775
773
773
770
771
768
769
768
765
764
765
763
762
762
760
760
759
757
757
756
755
752
752
752
751
749
748
746
745
746
745
744
742
742
739
738
737
738
737
734
734
734
731
732
730
729
729
728
727
725
724
724
721
722
721
720
718
717
715
716
714
712
713
712
711
708
707
706
705
706
703
703
701
701
700
700
698
696
696
695
693
694
692
690
691
689
689
687
685
684
683
683
681
681
680
680
678
677
677
675
674
672
672
671
669
670
668
667
666
664
665
663
661
661
660
658
657
657
655
654
654
653
651
651
651
649
648
646
645
645
643
644
643
641
640
640
638
636
635
636
634
632
632
632
630
630
627
628
626
624
624
622
622
621
621
619
617
617
617
615
615
612
611
610
611
610
607
607
605
605
604
604
603
600
600
599
597
597
596
596
595
592
591
592
590
588
588
588
586
585
583
584
583
580
579
579
577
576
575
574
574
574
571
571
569
570
567
566
566
566
563
563
563
561
560
559
559
558
555
555
553
552
551
550
550
549
547
547
547
544
543
542
541
540
539
538
539
537
537
536
533
532
532
530
531
530
528
527
526
526
524
524
523
521
519
518
517
516
515
514
514
512
512
512
510
509
507
508
507
504
504
502
502
502
499
499
498
498
495
494
494
493
493
491
489
488
489
487
485
484
484
484
481
480
481
480
479
476
476
476
475
472
473
471
471
469
469
467
465
464
465
462
462
462
460
458
457
457
457
455
454
454
452
452
449
449
449
448
446
444
445
442
443
440
441
439
438
438
436
436
435
432
431
432
429
430
427
427
425
426
423
424
423
421
420
420
419
417
415
415
415
414
411
412
411
410
407
407
406
406
405
404
401
400
400
399
399
397
395
395
393
392
392
391
391
388
387
388
387
384
384
384
382
382
380
379
379
378
376
375
375
373
371
370
370
370
368
368
365
366
363
363
361
361
361
358
358
357
357
354
354
353
351
350
349
349
349
346
346
345
345
342
343
340
340
338
339
338
337
334
335
332
332
330
330
329
328
327
327
324
325
323
323
320
319
320
319
318
315
314
313
314
312
310
309
310
307
308
305
305
305
304
302
302
299
298
298
297
297
294
293
293
293
292
291
290
289
288
287
285
285
282
282
282
279
280
278
277
277
275
275
272
272
271
271
270
268
266
267
265
264
264
261
261
261
260
258
257
257
255
253
252
253
252
251
250
248
246
246
244
245
243
241
241
239
238
238
238
235
234
234
234
233
232
230
229
229
226
226
226
224
223
223
221
220
219
219
218
216
214
214
213
213
212
209
208
207
208
207
205
205
202
202
200
201
200
199
196
197
195
195
193
192
191
189
190
187
188
185
186
183
183
182
180
180
179
177
177
176
175
173
174
173
171
171
168
168
168
165
165
164
164
163
160
160
158
157
157
155
154
153
154
153
152
151
149
149
147
147
144
145
142
143
141
140
140
138
138
137
136
133
133
132
131
131
128
129
128
126
124
124
122
121
120
121
120
119
117
115
114
115
112
111
112
109
110
109
108
107
106
105
103
101
100
99
98
98
98
97
94
93
92
91
90
91
89
88
87
87
86
84
84
81
80
79
79
79
78
75
76
75
74
72
70
70
69
67
66
67
66
63
62
62
62
61
59
58
56
57
55
53
54
52
50
51
50
49
48
46
44
45
42
43
41
39
39
37
37
36
34
33
32
33
32
29
29
27
27
26
25
25
23
21
21
19
18
17
18
17
16
13
14
13
10
10
8
9
6
6
5
3
2
2
