4000
1
2
3
5
5
5
8
7
10
11
11
11
14
14
15
15
17
18
20
21
20
21
22
24
26
26
27
29
29
29
31
32
34
35
35
36
36
37
40
39
41
42
43
43
44
45
47
49
50
50
51
51
54
55
56
56
57
57
59
59
62
61
63
64
64
67
66
67
69
71
71
71
73
73
75
77
76
79
80
79
81
82
83
83
85
85
88
89
90
89
92
92
92
95
94
95
97
97
99
99
100
101
102
103
105
106
106
109
109
111
110
113
113
115
116
117
118
118
120
120
122
121
122
123
126
125
127
128
129
129
132
131
133
135
134
135
138
137
138
139
140
142
142
145
144
145
148
149
150
149
152
153
152
155
154
155
157
158
159
161
162
161
162
165
165
165
168
167
169
171
170
171
172
174
174
175
178
179
178
181
180
183
183
184
186
187
187
187
190
189
190
192
193
194
194
195
198
197
198
200
202
203
203
203
204
206
207
207
209
211
210
211
213
213
215
216
218
217
219
220
221
221
223
223
225
227
227
227
228
231
232
231
233
234
236
235
236
237
239
241
242
243
242
244
246
246
248
249
250
251
252
252
254
254
256
256
256
258
260
260
260
261
262
263
265
267
267
269
270
271
272
273
274
275
275
277
277
278
278
280
281
283
284
284
284
287
288
288
288
289
291
293
292
294
296
297
297
298
299
299
301
302
302
305
305
307
307
307
310
311
311
311
314
314
316
317
317
319
320
320
322
321
323
325
326
326
328
327
330
330
331
332
333
333
335
337
336
337
340
341
340
341
342
345
346
347
346
348
349
351
352
353
352
355
356
355
356
359
359
359
361
361
364
363
365
365
368
369
368
371
372
372
372
375
375
375
378
378
379
381
381
383
384
385
385
386
386
389
389
390
392
391
394
395
394
396
396
399
399
401
402
401
402
404
404
406
408
407
408
410
410
413
413
415
416
415
417
419
420
421
421
421
422
425
424
425
426
428
428
430
430
432
433
433
436
437
436
438
439
440
440
442
444
445
446
446
446
447
450
450
450
452
453
453
454
456
457
458
458
461
462
461
462
465
466
467
468
467
470
469
472
471
474
474
474
477
477
478
480
480
482
481
482
484
485
486
486
489
488
490
492
492
494
493
494
497
496
499
498
499
500
503
503
503
505
507
508
507
508
511
511
511
514
515
515
515
517
519
518
521
521
523
522
524
524
525
527
528
528
530
531
532
532
535
536
537
538
538
538
539
541
543
543
544
546
545
548
547
549
551
550
553
552
553
555
555
557
557
560
561
561
562
563
565
565
566
566
569
568
569
572
573
572
574
574
577
577
577
578
581
580
582
584
584
585
586
586
588
589
591
591
591
593
595
595
596
596
598
598
600
602
601
603
605
606
607
608
608
608
609
611
613
614
614
614
615
617
618
620
619
622
621
624
624
625
625
628
628
630
629
630
632
633
635
635
636
638
638
638
641
641
643
643
643
645
645
648
649
650
651
651
652
652
653
654
656
657
657
658
659
662
662
664
664
665
665
666
667
668
669
671
672
674
675
674
675
676
677
679
679
682
683
683
683
684
687
688
688
688
689
692
691
694
694
695
695
696
698
699
699
701
703
704
704
706
707
706
708
708
711
711
711
713
713
715
716
717
718
718
720
721
723
723
724
724
727
727
727
730
729
730
732
732
733
735
736
736
738
740
740
740
742
744
745
746
746
747
747
750
751
752
752
753
754
756
757
758
759
759
760
760
762
764
765
766
765
766
768
770
769
770
771
774
773
774
777
777
778
778
780
780
783
784
785
786
785
788
788
790
790
792
791
792
795
796
795
797
797
800
800
801
803
804
803
804
807
806
808
810
810
812
811
813
813
815
815
816
818
819
819
822
822
823
825
826
826
826
827
830
831
831
832
834
834
836
837
838
837
839
840
841
842
844
844
846
845
847
849
849
850
850
852
852
853
855
857
857
858
858
860
862
861
864
865
865
865
868
867
868
870
872
871
874
875
875
875
876
877
880
879
882
882
883
883
885
887
886
887
890
890
892
892
893
893
894
897
896
897
899
900
901
902
903
905
905
905
908
909
910
911
912
912
913
914
916
915
917
917
919
920
921
922
924
923
925
925
928
928
929
930
930
931
932
935
934
936
936
937
939
941
941
941
944
945
944
946
947
949
950
951
950
951
953
953
954
957
956
958
959
961
960
963
963
963
966
967
968
967
968
969
970
972
974
973
975
975
978
979
980
981
980
983
984
984
986
986
988
987
988
989
990
991
994
995
995
997
997
998
998
1000
1002
1002
1002
1005
1005
1007
1008
1007
1010
1010
1012
1011
1012
1013
1016
1015
1018
1018
1019
1021
1022
1022
1024
1023
1025
1026
1028
1029
1028
1031
1032
1031
1033
1035
1034
1037
1038
1037
1039
1039
1042
1042
1042
1044
1045
1045
1047
1048
1050
1051
1050
1053
1053
1054
1056
1057
1058
1059
1058
1059
1060
1063
1063
1064
1066
1066
1068
1067
1070
1069
1070
1073
1074
1074
1075
1077
1078
1079
1078
1081
1082
1082
1083
1084
1084
1086
1087
1089
1089
1091
1090
1093
1093
1095
1094
1096
1097
1097
1099
1100
1101
1103
1103
1104
1105
1107
1106
1108
1110
1109
1110
1113
1114
1113
1114
1117
1117
1119
1118
1119
1121
1122
1124
1123
1125
1126
1128
1127
1129
1129
1131
1131
1132
1134
1135
1137
1136
1138
1138
1139
1142
1141
1144
1145
1145
1146
1148
1147
1148
1149
1151
1153
1154
1154
1154
1155
1158
1159
1158
1160
1160
1163
1163
1164
1165
1167
1166
1167
1169
1170
1170
1172
1174
1174
1175
1176
1176
1178
1180
1179
1182
1181
1182
1184
1186
1186
1188
1188
1189
1189
1190
1193
1192
1195
1194
1197
1198
1198
1200
1200
1200
1201
1202
1203
1205
1207
1207
1209
1209
1209
1210
1212
1213
1214
1214
1216
1216
1219
1218
1221
1222
1221
1223
1223
1225
1225
1228
1228
1230
1231
1232
1231
1232
1233
1234
1237
1236
1239
1240
1241
1240
1241
1242
1244
1246
1245
1248
1248
1248
1249
1250
1251
1253
1255
1255
1257
1256
1258
1258
1260
1261
1262
1263
1264
1266
1267
1267
1269
1270
1269
1272
1273
1273
1275
1275
1276
1277
1278
1278
1280
1282
1281
1282
1283
1284
1286
1287
1289
1290
1291
1290
1291
1292
1295
1296
1297
1298
1298
1298
1300
1302
1303
1303
1305
1306
1307
1307
1308
1309
1310
1311
1311
1314
1314
1315
1315
1318
1317
1320
1321
1322
1321
1323
1323
1326
1325
1326
1328
1330
1329
1330
1331
1332
1334
1336
1336
1338
1337
1340
1339
1342
1341
1344
1344
1345
1345
1347
1348
1349
1351
1351
1351
1354
1355
1355
1355
1356
1357
1360
1360
1360
1362
1363
1365
1364
1366
1366
1369
1370
1371
1371
1372
1373
1373
1376
1375
1377
1378
1380
1381
1381
1382
1382
1384
1385
1387
1388
1388
1390
1390
1390
1391
1394
1394
1396
1395
1398
1397
1398
1401
1401
1402
1402
1405
1405
1405
1408
1409
1408
1411
1412
1412
1412
1413
1414
1417
1416
1419
1420
1421
1422
1423
1422
1425
1426
1426
1428
1429
1429
1430
1432
1433
1434
1435
1436
1437
1436
1439
1440
1440
1442
1443
1444
1444
1444
1445
1446
1447
1448
1451
1450
1453
1454
1453
1454
1457
1457
1457
1459
1460
1461
1461
1463
1465
1464
1466
1467
1468
1469
1470
1472
1471
1472
1475
1475
1476
1476
1479
1479
1480
1482
1482
1483
1485
1484
1486
1487
1489
1490
1489
1491
1491
1492
1493
1496
1496
1497
1498
1498
1501
1500
1501
1504
1504
1504
1506
1507
1507
1509
1511
1512
1511
1514
1514
1514
1515
1516
1519
1520
1521
1522
1522
1523
1524
1526
1526
1526
1527
1529
1530
1530
1533
1534
1535
1535
1537
1537
1539
1539
1539
1542
1542
1544
1545
1544
1547
1548
1548
1550
1551
1551
1553
1553
1553
1555
1555
1556
1558
1559
1560
1562
1562
1562
1565
1566
1566
1568
1568
1569
1570
1572
1572
1572
1574
1575
1576
1577
1577
1578
1579
1580
1583
1582
1585
1584
1586
1586
1587
1588
1591
1591
1593
1593
1594
1596
1595
1597
1597
1600
1599
1602
1603
1604
1603
1604
1605
1608
1609
1609
1611
1612
1612
1614
1613
1615
1615
1617
1617
1618
1620
1620
1623
1624
1625
1625
1627
1626
1627
1628
1629
1630
1631
1632
1633
1634
1636
1636
1637
1638
1641
1640
1641
1644
1643
1644
1646
1646
1647
1649
1650
1652
1653
1653
1655
1656
1655
1656
1657
1659
1659
1661
1663
1662
1664
1664
1667
1668
1667
1670
1671
1670
1671
1672
1675
1675
1676
1676
1679
1680
1679
1681
1683
1684
1685
1686
1687
1686
1689
1690
1690
1692
1691
1692
1694
1695
1696
1697
1698
1700
1700
1701
1701
1704
1705
1704
1706
1707
1708
1709
1709
1712
1711
1714
1715
1714
1717
1718
1717
1719
1721
1722
1723
1722
1724
1724
1725
1728
1729
1729
1731
1730
1731
1732
1733
1734
1735
1737
1738
1738
1740
1742
1743
1743
1744
1746
1746
1748
1749
1748
1749
1752
1753
1752
1755
1755
1756
1758
1759
1758
1761
1761
1762
1762
1763
1765
1765
1766
1768
1769
1770
1772
1771
1773
1774
1776
1775
1776
1778
1778
1779
1780
1783
1783
1783
1786
1787
1788
1789
1789
1789
1791
1792
1793
1794
1795
1796
1797
1799
1800
1799
1801
1803
1802
1803
1804
1806
1806
1807
1808
1811
1812
1811
1813
1813
1816
1815
1816
1819
1818
1819
1822
1823
1824
1825
1825
1825
1826
1829
1828
1831
1831
1833
1834
1835
1836
1837
1836
1838
1838
1841
1840
1843
1842
1844
1844
1847
1846
1848
1850
1849
1851
1853
1854
1853
1855
1856
1857
1858
1860
1861
1861
1861
1864
1863
1866
1866
1866
1868
1870
1870
1870
1873
1873
1873
1875
1876
1877
1878
1878
1879
1882
1883
1884
1885
1884
1886
1887
1888
1888
1890
1891
1892
1893
1894
1896
1895
1898
1897
1900
1901
1902
1903
1904
1904
1905
1906
1908
1909
1908
1910
1912
1911
1912
1913
1914
1916
1917
1919
1918
1921
1920
1923
1923
1924
1924
1927
1928
1927
1930
1929
1930
1932
1934
1933
1936
1936
1938
1937
1938
1941
1942
1941
1943
1945
1945
1946
1947
1949
1949
1951
1952
1952
1954
1954
1954
1955
1957
1957
1959
1959
1961
1962
1962
1965
1965
1967
1966
1968
1968
1970
1972
1973
1974
1973
1974
1975
1978
1978
1978
1979
1981
1981
1984
1984
1986
1987
1987
1987
1988
1991
1991
1993
1993
1994
1995
1997
1998
1998
2000
2001
2000
2002
2002
2003
2005
2005
2006
2007
2010
2011
2010
2012
2014
2013
2016
2017
2016
2018
2018
2019
2020
2022
2022
2025
2024
2027
2027
2027
2030
2030
2032
2033
2034
2033
2035
2036
2036
2038
2039
2039
2041
2043
2044
2044
2044
2046
2046
2047
2050
2050
2051
2051
2052
2055
2056
2056
2058
2058
2059
2060
2060
2062
2063
2063
2066
2067
2068
2067
2070
2070
2071
2071
2074
2073
2074
2077
2078
2078
2078
2080
2080
2083
2084
2084
2085
2086
2088
2088
2089
2090
2092
2092
2092
2095
2096
2095
2098
2098
2099
2100
2101
2103
2102
2104
2105
2105
2106
2107
2109
2110
2110
2113
2112
2115
2114
2115
2118
2117
2119
2119
2121
2123
2124
2123
2125
2126
2126
2127
2129
2130
2130
2131
2134
2133
2135
2136
2137
2139
2139
2139
2141
2142
2142
2145
2146
2146
2148
2148
2150
2151
2152
2152
2153
2154
2155
2155
2156
2159
2158
2160
2161
2162
2164
2164
2166
2165
2168
2167
2169
2170
2172
2173
2172
2173
2176
2177
2177
2177
2179
2179
2182
2181
2182
2184
2186
2186
2187
2187
2189
2191
2192
2191
2194
2195
2196
2196
2196
2199
2200
2200
2201
2203
2203
2205
2206
2206
2206
2207
2209
2210
2212
2212
2212
2215
2214
2217
2216
2219
2220
2219
2222
2223
2222
2224
2226
2225
2226
2229
2230
2229
2231
2231
2234
2235
2235
2236
2237
2238
2240
2239
2242
2242
2243
2245
2244
2247
2246
2249
2249
2251
2252
2252
2254
2253
2256
2256
2256
2259
2259
2259
2262
2261
2263
2264
2264
2267
2266
2269
2268
2269
2272
2272
2273
2275
2275
2275
2277
2278
2280
2279
2282
2282
2283
2284
2286
2285
2287
2289
2289
2291
2290
2291
2292
2293
2294
2295
2296
2298
2300
2301
2301
2303
2302
2304
2305
2307
2307
2307
2310
2310
2310
2312
2312
2314
2314
2317
2316
2318
2320
2320
2321
2322
2324
2324
2325
2325
2328
2328
2330
2331
2330
2332
2334
2334
2334
2336
2337
2338
2340
2339
2340
2343
2344
2343
2346
2347
2346
2347
2350
2349
2352
2351
2353
2354
2356
2355
2356
2359
2359
2359
2362
2361
2363
2365
2365
2367
2367
2367
2369
2369
2371
2373
2373
2373
2374
2376
2377
2378
2379
2379
2382
2381
2382
2383
2386
2385
2387
2389
2388
2391
2392
2391
2392
2395
2394
2397
2398
2398
2398
2399
2402
2403
2402
2404
2404
2407
2408
2408
2409
2409
2412
2411
2413
2414
2415
2415
2417
2419
2418
2419
2421
2423
2422
2423
2425
2425
2426
2428
2429
2429
2432
2432
2432
2433
2434
2436
2436
2439
2438
2440
2440
2442
2443
2444
2446
2447
2448
2448
2449
2449
2451
2452
2454
2454
2455
2457
2458
2459
2458
2461
2462
2461
2463
2464
2466
2467
2466
2469
2470
2470
2471
2472
2474
2473
2474
2477
2476
2479
2479
2481
2482
2483
2482
2483
2486
2487
2486
2489
2489
2490
2492
2493
2492
2494
2494
2497
2497
2497
2500
2500
2501
2502
2504
2505
2506
2505
2507
2509
2508
2509
2511
2512
2513
2513
2516
2515
2516
2517
2518
2519
2521
2521
2522
2525
2526
2525
2528
2527
2529
2531
2532
2531
2532
2535
2536
2537
2536
2539
2540
2539
2542
2543
2544
2543
2544
2546
2547
2548
2549
2551
2551
2552
2552
2554
2554
2557
2558
2557
2558
2560
2560
2563
2564
2564
2566
2567
2567
2567
2569
2570
2571
2572
2573
2574
2576
2576
2577
2578
2578
2581
2581
2583
2583
2584
2585
2585
2587
2588
2589
2591
2590
2592
2594
2593
2596
2597
2598
2598
2600
2600
2601
2602
2602
2605
2605
2607
2607
2609
2608
2611
2612
2612
2613
2614
2614
2615
2618
2619
2620
2619
2621
2621
2623
2625
2624
2626
2628
2629
2629
2631
2631
2633
2633
2634
2635
2635
2637
2637
2640
2641
2642
2642
2644
2645
2644
2645
2648
2649
2648
2651
2652
2653
2654
2654
2655
2655
2657
2657
2658
2661
2660
2663
2664
2665
2665
2665
2668
2667
2670
2670
2670
2673
2674
2675
2675
2676
2676
2679
2678
2680
2681
2681
2682
2685
2686
2687
2688
2687
2688
2689
2690
2691
2692
2695
2694
2697
2697
2699
2698
2699
2700
2701
2702
2704
2704
2707
2706
2708
2709
2709
2712
2711
2713
2713
2714
2716
2716
2717
2720
2720
2721
2721
2724
2725
2726
2725
2728
2727
2730
2731
2731
2732
2732
2735
2734
2735
2737
2737
2740
2739
2741
2743
2743
2743
2746
2747
2748
2747
2748
2750
2752
2753
2753
2754
2756
2756
2758
2759
2760
2759
2762
2762
2764
2765
2764
2765
2766
2769
2768
2771
2770
2773
2774
2774
2776
2776
2776
2778
2780
2780
2781
2782
2783
2785
2785
2786
2787
2788
2788
2790
2791
2793
2794
2793
2796
2795
2796
2797
2798
2800
2800
2801
2803
2805
2805
2806
2807
2807
2809
2810
2812
2813
2812
2813
2816
2817
2818
2818
2818
2819
2820
2823
2822
2823
2824
2826
2826
2829
2829
2829
2830
2833
2833
2835
2836
2837
2837
2838
2838
2839
2840
2841
2842
2844
2845
2847
2846
2848
2849
2850
2852
2852
2853
2855
2855
2855
2857
2859
2860
2859
2860
2863
2862
2864
2864
2867
2868
2869
2869
2869
2872
2873
2872
2875
2874
2875
2878
2878
2879
2880
2880
2881
2884
2885
2884
2887
2886
2889
2890
2891
2890
2891
2894
2894
2896
2897
2896
2898
2899
2901
2902
2901
2904
2903
2904
2907
2906
2908
2909
2911
2912
2913
2912
2915
2916
2916
2918
2919
2919
2921
2922
2923
2924
2924
2924
2927
2927
2928
2929
2931
2931
2932
2933
2934
2936
2937
2937
2938
2938
2939
2940
2941
2942
2945
2944
2945
2947
2949
2950
2951
2952
2952
2953
2955
2955
2957
2958
2959
2958
2960
2961
2963
2964
2963
2965
2966
2966
2967
2968
2970
2970
2972
2974
2974
2974
2975
2977
2978
2978
2981
2981
2981
2983
2983
2986
2987
2988
2988
2990
2991
2992
2993
2994
2995
2996
2996
2998
2997
2999
3001
3002
3002
3003
3005
3004
3007
3008
3007
3008
3011
3010
3013
3012
3014
3014
3015
3018
3019
3020
3021
3020
3021
3023
3023
3024
3026
3027
3029
3030
3031
3030
3032
3033
3034
3035
3037
3037
3037
3040
3041
3041
3043
3042
3044
3045
3045
3048
3048
3048
3049
3051
3052
3053
3053
3056
3056
3057
3057
3060
3060
3060
3063
3062
3064
3065
3067
3066
3069
3068
3069
3070
3072
3072
3073
3075
3075
3076
3077
3080
3080
3081
3082
3082
3085
3086
3087
3088
3088
3090
3090
3090
3091
3093
3095
3096
3097
3097
3097
3098
3101
3102
3101
3103
3105
3105
3105
3106
3109
3108
3109
3111
3111
3114
3115
3116
3116
3118
3118
3119
3121
3120
3122
3122
3124
3124
3127
3128
3129
3128
3131
3130
3133
3134
3134
3136
3135
3137
3137
3138
3141
3141
3142
3142
3144
3146
3146
3146
3148
3148
3150
3150
3152
3153
3154
3154
3157
3157
3159
3158
3161
3161
3161
3163
3164
3166
3166
3168
3168
3170
3169
3171
3171
3174
3175
3175
3176
3176
3179
3180
3179
3181
3182
3184
3183
3186
3185
3187
3188
3190
3190
3190
3193
3193
3195
3194
3196
3197
3197
3200
3199
3200
3201
3202
3205
3204
3205
3207
3207
3208
3210
3212
3213
3214
3214
3214
3215
3217
3218
3220
3221
3222
3221
3223
3224
3226
3226
3226
3227
3230
3231
3231
3233
3232
3235
3234
3236
3236
3239
3240
3239
3240
3242
3244
3244
3244
3245
3248
3249
3249
3250
3251
3252
3253
3253
3254
3256
3256
3257
3258
3261
3260
3262
3262
3264
3265
3265
3268
3269
3270
3270
3272
3271
3273
3273
3275
3276
3276
3277
3279
3281
3281
3282
3283
3283
3285
3287
3286
3288
3288
3289
3292
3292
3294
3295
3296
3297
3296
3299
3299
3301
3301
3302
3304
3305
3306
3307
3307
3309
3310
3309
3312
3313
3313
3314
3314
3315
3317
3317
3318
3320
3321
3323
3322
3325
3326
3327
3327
3329
3330
3331
3332
3333
3333
3335
3335
3336
3337
3338
3339
3341
3341
3341
3343
3343
3346
3347
3347
3347
3348
3350
3350
3353
3353
3353
3355
3356
3357
3357
3359
3359
3361
3361
3364
3365
3364
3367
3367
3369
3368
3369
3371
3373
3373
3373
3376
3376
3376
3378
3379
3380
3380
3383
3382
3385
3384
3385
3387
3388
3388
3391
3392
3392
3393
3395
3396
3397
3398
3398
3400
3401
3401
3402
3404
3405
3406
3407
3407
3409
3408
3410
3411
3412
3412
3413
3415
3415
3416
3417
3419
3420
3420
3422
3422
3424
3425
3425
3427
3428
3429
3430
3430
3431
3432
3433
3434
3437
3438
3439
3438
3441
3440
3442
3443
3443
3446
3445
3448
3449
3448
3450
3452
3451
3452
3453
3454
3457
3456
3459
3458
3461
3460
3461
3462
3463
3465
3465
3467
3467
3470
3470
3470
3471
3472
3475
3476
3475
3478
3478
3478
3479
3480
3483
3483
3484
3486
3487
3486
3487
3490
3490
3492
3493
3494
3495
3495
3496
3497
3499
3499
3500
3500
3503
3504
3504
3506
3507
3507
3509
3509
3509
3512
3512
3514
3515
3516
3515
3517
3518
3519
3519
3520
3523
3523
3525
3525
3527
3527
3527
3529
3530
3532
3533
3532
3535
3534
3536
3538
3537
3538
3539
3540
3541
3543
3543
3546
3547
3547
3548
3549
3549
3550
3552
3554
3554
3554
3556
3557
3557
3560
3561
3561
3563
3564
3565
3566
3567
3566
3568
3568
3570
3571
3571
3573
3573
3576
3576
3576
3577
3578
3580
3580
3581
3584
3585
3586
3586
3587
3587
3589
3590
3592
3593
3592
3595
3595
3595
3598
3599
3599
3599
3601
3601
3603
3603
3604
3605
3607
3609
3609
3611
3610
3613
3612
3614
3616
3617
3618
3617
3619
3620
3622
3621
3623
3623
3625
3625
3626
3628
3628
3630
3631
3632
3633
3635
3635
3635
3636
3637
3640
3641
3640
3641
3644
3644
3646
3646
3647
3648
3648
3651
3650
3653
3653
3654
3654
3657
3656
3657
3658
3659
3660
3662
3664
3665
3666
3666
3668
3667
3670
3671
3672
3671
3673
3675
3676
3675
3677
3677
3678
3680
3680
3681
3683
3684
3684
3686
3687
3688
3688
3690
3691
3691
3692
3694
3696
3695
3696
3697
3699
3699
3700
3702
3703
3704
3705
3705
3708
3709
3708
3709
3711
3712
3713
3715
3714
3716
3718
3718
3720
3721
3720
3723
3722
3725
3724
3727
3728
3728
3728
3729
3732
3732
3732
3733
3736
3736
3736
3739
3739
3741
3742
3743
3742
3744
3746
3746
3746
3748
3748
3750
3750
3752
3752
3753
3755
3756
3757
3757
3759
3761
3762
3761
3762
3765
3765
3766
3766
3769
3769
3771
3771
3772
3773
3775
3774
3775
3777
3778
3778
3780
3782
3782
3782
3783
3784
3786
3786
3788
3788
3790
3791
3793
3793
3795
3796
3795
3797
3797
3798
3801
3802
3802
3803
3804
3805
3806
3808
3809
3808
3811
3812
3811
3813
3815
3816
3816
3818
3819
3818
3819
3821
3822
3822
3823
3825
3827
3827
3829
3830
3830
3832
3832
3832
3833
3834
3837
3836
3839
3839
3840
3842
3841
3843
3844
3845
3846
3848
3847
3849
3849
3851
3853
3853
3854
3855
3856
3856
3859
3858
3859
3861
3861
3864
3864
3865
3867
3867
3868
3869
3869
3872
3871
3873
3874
3875
3877
3877
3878
3878
3881
3881
3882
3882
3884
3886
3887
3888
3889
3889
3891
3890
3891
3892
3895
3896
3897
3897
3898
3899
3899
3901
3902
3903
3903
3904
3906
3906
3908
3910
3910
3912
3913
3912
3913
3914
3917
3918
3917
3918
3920
3920
3921
3923
3924
3924
3925
3926
3929
3929
3930
3932
3931
3932
3934
3936
3936
3936
3939
3940
3939
3940
3943
3944
3944
3946
3945
3948
3948
3949
3951
3952
3953
3952
3954
3954
3956
3956
3959
3959
3961
3960
3962
3962
3964
3964
3967
3966
3967
3970
3969
3971
3971
3972
3974
3976
3977
3978
3978
3980
3979
3981
3983
3982
3985
3986
3986
3988
3989
3988
3990
3991
3992
3994
3995
3994
3996
3998
3997
3999
4000
