1000
2
3
2
4
5
5
8
7
9
11
12
12
14
13
15
15
18
17
20
19
20
22
22
24
24
26
27
29
29
29
32
32
34
35
34
36
36
39
39
41
40
42
42
45
45
47
47
48
50
49
52
51
52
55
56
56
57
59
58
59
60
62
64
63
65
67
67
69
68
71
71
71
73
75
74
76
77
78
78
81
80
81
84
84
84
87
88
89
89
91
92
93
93
94
96
95
97
97
98
101
101
102
102
105
105
106
107
107
108
111
110
112
112
113
116
115
118
118
120
121
122
122
123
123
124
126
127
127
129
130
132
133
132
134
134
137
138
138
138
139
141
141
144
144
144
147
148
147
149
150
150
151
153
154
155
157
158
157
158
161
161
161
164
165
165
167
168
168
170
171
172
171
172
175
176
175
178
179
179
180
180
182
183
185
184
187
186
187
188
189
190
193
193
193
196
197
196
198
199
199
202
203
204
205
205
206
206
208
209
209
212
213
213
213
216
217
217
217
219
220
220
222
223
225
226
226
228
228
228
231
232
233
233
234
236
235
236
238
240
240
241
242
243
245
244
246
246
249
249
250
251
252
252
253
255
256
258
258
260
261
261
262
262
265
265
267
266
268
268
271
270
272
274
274
276
277
278
279
280
280
281
281
284
284
285
287
288
287
289
291
291
293
294
294
296
295
297
299
300
301
302
303
303
305
305
306
308
308
309
310
312
313
313
313
316
315
318
319
319
319
320
323
324
325
324
326
326
327
329
331
332
332
332
334
334
336
337
339
338
341
341
341
342
344
344
345
348
349
348
349
350
351
353
355
354
357
357
357
360
360
361
363
364
364
365
365
366
369
368
370
372
371
374
375
375
375
376
377
379
380
381
382
383
385
386
385
388
388
389
390
392
393
393
395
395
395
396
399
398
400
400
401
403
405
405
405
406
408
409
411
412
411
412
415
414
417
418
417
420
420
422
422
423
424
425
425
428
428
430
429
431
431
432
435
434
436
437
438
438
441
440
441
442
445
446
446
448
449
449
450
452
452
452
454
454
457
457
459
460
460
462
461
464
464
464
465
468
468
470
469
471
471
473
474
476
476
476
479
480
481
480
482
483
484
486
487
488
487
489
490
492
493
493
494
494
496
496
497
499
501
501
501
504
505
506
505
506
507
510
511
510
511
513
514
514
515
517
519
520
520
521
522
522
525
525
526
527
528
529
529
531
533
532
534
536
535
538
537
538
540
540
542
542
543
544
546
546
549
549
549
550
553
552
554
556
556
558
557
558
560
561
563
563
565
565
565
568
568
569
569
570
571
573
573
574
575
578
578
580
579
582
583
582
585
584
587
587
587
588
591
591
593
594
593
595
595
598
599
599
600
600
603
603
603
604
607
606
607
610
611
611
612
614
615
615
615
618
617
618
621
620
623
624
625
624
627
628
629
630
631
631
633
633
634
636
637
636
637
638
641
640
643
643
645
646
645
648
648
648
649
652
651
652
655
654
656
658
657
659
660
662
663
664
664
664
667
666
669
668
670
672
671
673
675
674
676
678
677
678
680
682
683
684
685
684
685
687
689
689
691
691
692
694
693
696
695
698
697
698
699
702
703
703
704
706
707
706
709
708
710
711
713
713
713
715
716
716
719
719
721
722
721
722
725
725
725
726
728
730
729
732
732
732
734
735
735
736
738
738
739
740
742
743
745
745
747
747
747
748
749
752
751
752
753
756
757
756
757
759
761
761
762
764
765
764
766
766
768
768
769
771
772
773
773
775
775
776
779
778
780
780
781
784
784
784
785
787
788
788
789
792
793
794
795
796
797
797
799
798
800
802
803
802
804
804
806
807
808
809
811
810
812
812
815
816
816
818
818
820
820
821
823
822
824
826
827
826
827
830
829
832
832
832
835
834
836
837
838
840
839
840
843
844
843
845
847
848
849
849
851
850
851
854
853
856
857
856
859
860
861
861
863
863
865
866
866
866
868
868
871
872
873
874
874
874
876
876
877
878
881
882
881
882
885
885
885
887
889
890
890
892
892
893
893
894
895
898
897
900
899
900
902
904
905
906
905
907
908
908
910
910
911
912
913
914
917
916
918
920
920
920
922
924
925
924
926
926
929
929
930
930
931
934
933
936
935
937
938
939
940
941
942
944
944
944
947
946
948
949
949
950
951
954
954
954
957
958
957
960
960
961
962
963
965
965
967
968
967
968
970
972
972
972
975
974
975
978
979
978
979
982
981
983
985
986
986
988
988
990
991
990
992
993
995
994
997
997
997
999
999
