8
22
38
38
42
65
72
74
77
82
101
109
129
130
183
190
216
216
221
240
247
313
323
335
349
388
396
447
472
488
498
501
545
616
623
650
664
669
680
695
702
709
712
718
737
743
770
788
789
799
830
835
836
845
850
867
878
897
908
908
956
958
1000
1018
1046
1046
1080
1091
1143
1146
1151
1161
1179
1184
1191
1224
1244
1259
1270
1281
1292
1325
1326
1348
1365
1380
1398
1405
1413
1421
1425
1435
1443
1451
1455
1492
1566
1568
1591
1591
1605
1610
1611
1616
1624
1640
1694
1696
1738
1751
1753
1762
1772
1776
1793
1797
1808
1809
1811
1817
1829
1831
1918
1966
1992
1996
2038
2039
2040
2058
2087
2101
2120
2131
2141
2166
2177
2181
2197
2215
2218
2256
2280
2289
2289
2306
2349
2352
2352
2377
2386
2417
2418
2424
2440
2440
2446
2461
2466
2472
2486
2491
2529
2537
2551
2577
2607
2625
2656
2697
2788
2788
2797
2801
2830
2831
2847
2856
2863
2868
2872
2879
2913
2939
2941
2947
2964
2967
2976
2989
2992
3009
3015
3019
3053
3055
3088
3090
3128
3149
3165
3172
3185
3202
3223
3243
3257
3304
3334
3350
3354
3367
3415
3430
3439
3441
3442
3445
3454
3463
3468
3476
3495
3501
3502
3503
3515
3519
3532
3587
3589
3593
3603
3628
3643
3651
3677
3706
3725
3737
3749
3802
3847
3861
3892
3935
3953
3958
3964
3969
3972
3977
3983
3988
4050
4061
4072
4075
4090
4108
4112
4118
4127
4137
4149
4151
4172
4181
4238
4251
4288
4296
4298
4298
4319
4322
4322
4323
4327
4370
4370
4420
4435
4437
4457
4471
4473
4474
4488
4525
4543
4569
4582
4617
4653
4665
4672
4679
4696
4707
4715
4718
4752
4780
4785
4803
4815
4825
4835
4836
4846
4857
4864
4871
4875
4878
4886
4901
4905
4921
4929
4970
4975
4981
4981
5002
5032
5069
5082
5094
5108
5130
5174
5201
5219
5302
5304
5321
5325
5337
5340
5360
5362
5390
5414
5415
5428
5439
5458
5479
5481
5509
5520
5533
5537
5544
5554
5620
5620
5652
5653
5661
5662
5682
5689
5694
5723
5735
5738
5741
5752
5769
5771
5814
5859
5905
5916
5938
5946
5949
5976
6003
6011
6026
6034
6046
6055
6064
6069
6075
6092
6104
6107
6130
6132
6162
6168
6196
6196
6240
6271
6276
6328
6332
6334
6353
6355
6370
6386
6392
6403
6406
6443
6485
6520
6526
6530
6540
6690
6697
6715
6720
6732
6763
6766
6766
6771
6780
6791
6844
6870
6896
6952
6996
7005
7017
7027
7053
7083
7098
7126
7126
7162
7189
7191
7193
7199
7205
7205
7229
7249
7249
7287
7295
7305
7315
7325
7327
7328
7334
7337
7346
7361
7367
7370
7385
7389
7396
7403
7422
7429
7433
7450
7451
7465
7497
7518
7523
7538
7580
7611
7614
7679
7777
7779
7783
7847
7847
7849
7851
7866
7917
7932
7944
7958
7983
7989
8008
8050
8055
8058
8066
8117
8122
8131
8150
8215
8215
8254
8260
8269
8296
8323
8324
8347
8350
8353
8387
8396
8404
8411
8425
8441
8454
8471
8473
8494
8510
8512
8538
8538
8561
8592
8606
8675
8681
8710
8726
8760
8764
8774
8804
8825
8852
8876
8881
8897
8938
8944
8945
8974
8987
9001
9004
9016
9023
9063
9081
9107
9114
9125
9137
9138
9163
9163
9192
9211
9220
9257
9258
9259
9267
9277
9290
9308
9319
9323
9366
9370
9370
9512
9518
9529
9542
9591
9622
9655
9661
9666
9675
9690
9694
9736
9736
9746
9751
9755
9762
9789
9873
9882
9889
9925
9941
9953
9969
9969
9972
9995
10001
10032
10037
10057
10074
10091
10103
10107
10116
10130
10152
10176
10190
10196
10196
10212
10226
10231
10240
10241
10254
10283
10289
10290
10307
10326
10336
10371
10375
10392
10394
10397
10398
10403
10409
10409
10413
10429
10447
10466
10495
10500
10528
10528
10541
10579
10587
10607
10647
10655
10667
10736
10757
10758
10762
10762
10780
10790
10800
10814
10826
10831
10852
10856
10857
10860
10865
10887
10902
10908
10911
10917
10924
10929
10930
10938
10952
10956
10982
10995
11002
11007
11012
11016
11027
11043
11069
11150
11176
11192
11200
11220
11234
11246
11247
11281
11307
11316
11375
11377
11397
11400
11412
11437
11465
11467
11475
11477
11484
11501
11527
11536
11540
11558
11577
11586
11600
11601
11612
11630
11633
11639
11639
11660
11705
11746
11752
11756
11765
11772
11779
11797
11839
11847
11938
11941
11964
11983
11990
12018
12019
12021
12039
12042
12074
12083
12083
12123
12143
12147
12151
12171
12173
12193
12214
12230
12244
12250
12255
12263
12309
12310
12340
12347
12347
12386
12396
12399
12399
12415
12418
12428
12428
12433
12454
12480
12491
12498
12499
12520
12548
12576
12582
12585
12591
12614
12624
12651
12652
12663
12672
12679
12721
12753
12784
12826
12837
12866
12902
12908
12930
12943
12946
12975
12990
13027
13032
13053
13055
13056
13062
13073
13080
13096
13146
13170
13188
13193
13196
13222
13223
13257
13270
13296
13327
13329
13341
13418
13449
13493
13503
13507
13507
13514
13538
13565
13567
13576
13591
13591
13601
13608
13608
13616
13690
13753
13761
13774
13829
13855
13875
13882
13917
13924
13950
13956
13960
13991
13998
14001
14020
14026
14038
14069
14069
14070
14083
14092
14116
14131
14132
14135
14146
14156
14158
14167
14190
14197
14210
14228
14228
14259
14263
14289
14295
14296
14304
14304
14305
14310
14317
14358
14390
14423
14426
14446
14493
14508
14512
14514
14572
14591
14617
14635
14660
14685
14697
14707
14732
14751
14768
14777
14814
14828
14831
14845
14847
14874
14887
14900
14911
14916
14929
14949
14950
14969
14975
14977
14982
14984
14996
14999
15008
15019
15021
15021
15023
15063
15154
15157
15166
15186
15195
15202
15204
15249
15259
15291
15304
15308
15332
15338
15339
15348
15351
15374
15389
15395
15398
15403
15422
15424
15429
15456
15469
15483
15533
15572
15604
15605
15633
15654
15662
15721
15727
15742
15745
15757
15759
15765
15803
15805
15854
15873
15875
15878
15899
15955
15958
15986
15994
arquivo ordenado pelo algoritmo selectionsort tempo da ordenação = 0 milisegundos

