4
4
4
5
6
7
7
8
8
10
11
11
13
13
14
15
18
18
19
20
21
21
24
26
27
27
28
28
29
29
33
36
39
41
41
42
42
44
45
45
49
50
51
52
54
55
59
62
62
62
64
65
67
69
74
75
79
79
81
82
83
84
84
84
85
86
90
90
90
91
93
93
94
96
98
100
103
105
105
106
108
109
110
110
114
114
115
116
117
117
117
119
119
122
123
127
127
127
128
129
130
134
136
137
137
138
140
140
141
143
144
146
150
151
153
157
158
159
160
160
162
164
170
171
172
173
174
174
174
175
175
176
177
177
179
181
181
183
183
184
184
186
187
189
191
194
194
195
198
199
200
200
200
200
201
201
203
203
204
204
206
206
208
208
208
209
210
210
210
211
211
212
213
213
213
215
218
218
220
221
222
222
223
223
226
226
226
229
229
229
230
231
232
232
232
238
239
239
240
240
241
242
242
242
246
246
247
248
248
248
251
251
251
252
253
256
256
257
258
261
262
263
264
265
265
265
265
266
266
266
267
269
271
271
273
273
274
275
275
276
278
278
279
280
280
281
281
286
288
293
296
296
299
299
300
301
301
301
302
302
303
303
303
304
306
309
310
311
313
313
314
314
315
317
319
321
322
322
323
324
324
324
325
327
327
328
328
329
331
331
333
334
335
336
337
337
337
338
338
343
344
344
345
345
350
351
351
351
351
352
352
352
353
353
356
356
356
358
358
359
359
361
361
361
363
367
367
367
367
367
368
369
370
371
374
374
375
375
376
377
378
380
380
382
382
382
383
383
383
384
384
384
386
387
389
389
390
391
392
393
394
394
397
397
397
399
399
400
400
401
402
402
404
404
405
405
406
412
412
414
414
415
417
417
419
419
421
421
422
425
425
425
426
427
427
427
427
429
429
432
433
433
435
437
438
438
439
441
443
443
444
445
445
445
447
447
448
449
449
450
450
450
452
453
455
455
457
457
459
459
461
461
462
462
463
464
466
466
466
467
468
469
471
477
477
478
478
479
479
480
482
483
483
485
487
488
489
489
490
490
491
492
495
495
497
497
497
497
497
497
499
500
501
501
503
503
507
508
509
510
511
514
517
519
519
519
520
520
520
523
527
528
528
529
531
533
534
534
536
537
538
538
540
541
541
542
543
544
545
545
547
552
554
555
556
556
557
557
560
561
562
562
562
564
564
565
567
567
569
570
573
574
576
576
577
578
579
581
582
582
583
584
588
588
589
589
591
591
591
592
593
594
595
597
598
599
600
602
603
603
604
604
604
605
605
608
608
610
610
610
613
615
617
618
619
621
621
621
622
622
622
623
624
626
631
632
632
634
634
639
641
641
641
641
642
643
644
647
647
649
650
650
650
652
653
653
654
655
657
657
658
659
661
666
666
668
669
670
670
671
671
672
673
673
673
674
674
675
675
676
676
676
677
677
677
677
679
680
681
682
685
686
688
689
689
691
692
692
692
692
692
692
692
694
695
695
695
696
697
698
698
699
700
700
702
705
705
705
706
707
707
708
708
708
708
709
709
709
710
711
711
711
712
713
713
713
714
716
717
717
717
718
719
719
719
722
723
724
725
726
726
727
727
728
729
729
730
730
730
730
732
733
734
734
734
737
737
742
742
743
745
747
747
748
751
752
753
753
754
755
755
755
756
756
756
757
758
758
759
759
760
760
762
762
763
763
766
768
768
771
772
774
774
774
774
775
775
783
783
783
784
785
785
787
789
791
792
792
793
794
795
795
796
798
798
798
799
801
803
803
804
804
806
807
807
807
809
809
810
812
812
813
813
813
813
816
817
817
817
818
818
818
818
819
819
820
821
822
823
825
825
828
829
829
832
833
833
833
835
835
836
838
838
841
841
842
843
844
844
847
848
850
852
852
853
854
854
856
856
856
859
859
859
860
861
864
864
864
865
866
866
867
867
869
870
870
876
876
876
876
877
878
879
879
880
882
882
882
884
884
887
888
889
891
891
892
893
894
894
894
894
897
899
899
900
900
904
904
905
905
906
907
907
909
909
910
910
913
914
914
917
919
919
920
921
921
923
923
923
926
926
927
927
928
928
930
931
931
934
934
934
934
935
938
940
940
942
942
944
944
945
945
947
949
949
950
950
951
951
951
954
958
959
960
960
962
963
965
965
966
966
966
967
968
969
970
970
971
973
975
976
977
978
979
979
981
981
983
984
985
986
987
988
988
989
990
990
991
991
992
993
995
996
996
996
997
997
999
1000
1000
1000
1000
1001
1001
1007
1008
1008
1009
1010
1010
1011
1011
1012
1012
1013
1013
1015
1017
1017
1017
1018
1020
1021
1022
1022
1022
1024
1025
1027
1029
1029
1031
1032
1032
1033
1033
1033
1034
1034
1035
1036
1036
1037
1037
1037
1037
1038
1038
1042
1043
1045
1045
1046
1049
1049
1049
1053
1054
1055
1056
1057
1057
1057
1060
1060
1061
1062
1064
1066
1066
1067
1070
1071
1072
1073
1079
1079
1079
1081
1083
1084
1086
1086
1086
1086
1087
1090
1091
1091
1091
1092
1093
1094
1095
1095
1096
1096
1096
1096
1099
1100
1100
1101
1101
1103
1103
1104
1104
1105
1105
1107
1108
1109
1109
1110
1112
1114
1115
1115
1116
1117
1118
1118
1119
1120
1120
1120
1121
1121
1123
1125
1125
1126
1126
1127
1130
1130
1133
1133
1134
1135
1135
1136
1136
1139
1141
1143
1144
1144
1144
1144
1145
1145
1145
1145
1148
1149
1149
1150
1153
1155
1155
1159
1159
1160
1161
1162
1163
1165
1166
1167
1168
1168
1169
1171
1171
1171
1171
1172
1173
1174
1175
1176
1176
1177
1177
1181
1181
1182
1183
1183
1184
1184
1185
1186
1187
1187
1189
1189
1196
1198
1198
1199
1201
1202
1203
1203
1205
1206
1207
1207
1207
1208
1208
1208
1208
1210
1211
1211
1213
1214
1216
1217
1218
1218
1221
1221
1225
1226
1226
1227
1227
1228
1228
1230
1230
1231
1233
1235
1237
1238
1239
1241
1244
1244
1244
1245
1246
1247
1247
1248
1252
1252
1254
1255
1256
1257
1258
1259
1260
1261
1261
1262
1263
1266
1267
1267
1268
1268
1269
1269
1269
1270
1272
1272
1276
1277
1279
1279
1279
1280
1281
1281
1282
1282
1284
1287
1288
1288
1289
1289
1290
1290
1291
1291
1292
1293
1297
1299
1303
1304
1304
1305
1306
1308
1308
1308
1309
1311
1312
1314
1315
1315
1316
1316
1318
1319
1320
1320
1321
1321
1322
1323
1323
1323
1324
1328
1329
1330
1332
1333
1333
1334
1336
1336
1337
1337
1338
1339
1340
1340
1340
1341
1342
1345
1345
1347
1348
1349
1349
1350
1351
1352
1356
1357
1361
1362
1363
1364
1367
1368
1370
1370
1371
1372
1374
1377
1378
1386
1387
1388
1388
1390
1392
1392
1393
1393
1393
1393
1395
1400
1400
1400
1402
1402
1403
1403
1403
1404
1404
1406
1406
1408
1408
1409
1411
1412
1413
1414
1414
1417
1417
1418
1419
1420
1421
1421
1423
1423
1423
1424
1424
1424
1425
1426
1427
1431
1432
1433
1433
1433
1434
1435
1437
1437
1439
1439
1441
1442
1442
1444
1446
1446
1446
1446
1452
1453
1454
1456
1456
1457
1457
1458
1459
1460
1463
1464
1466
1466
1466
1467
1467
1467
1469
1469
1469
1470
1471
1471
1471
1472
1472
1475
1476
1476
1476
1477
1478
1478
1478
1480
1480
1481
1482
1482
1482
1482
1483
1483
1483
1484
1484
1487
1488
1488
1489
1489
1489
1492
1495
1496
1497
1498
1498
1499
1499
1500
1501
1501
1502
1503
1503
1504
1506
1507
1507
1508
1509
1512
1512
1513
1515
1517
1519
1520
1521
1521
1522
1523
1524
1525
1526
1527
1528
1528
1530
1530
1530
1531
1532
1533
1533
1533
1533
1534
1535
1536
1537
1537
1539
1541
1543
1544
1545
1545
1546
1546
1546
1547
1550
1552
1553
1553
1554
1554
1555
1555
1557
1557
1559
1559
1560
1563
1563
1563
1564
1564
1565
1565
1565
1566
1567
1569
1569
1570
1572
1572
1572
1573
1573
1574
1574
1574
1574
1576
1578
1579
1579
1580
1580
1580
1582
1584
1584
1586
1586
1588
1588
1589
1589
1589
1589
1589
1589
1590
1593
1595
1596
1599
1600
1600
1601
1603
1604
1604
1605
1606
1607
1612
1614
1614
1618
1618
1619
1619
1619
1620
1621
1621
1621
1622
1622
1625
1626
1626
1627
1627
1628
1634
1636
1636
1637
1638
1639
1639
1640
1640
1640
1640
1641
1642
1642
1645
1646
1648
1648
1649
1651
1656
1656
1658
1659
1659
1659
1660
1661
1663
1663
1663
1664
1666
1666
1666
1667
1667
1667
1668
1668
1668
1668
1669
1669
1670
1671
1673
1676
1676
1677
1678
1679
1680
1681
1682
1682
1683
1684
1684
1686
1686
1687
1689
1690
1691
1692
1692
1692
1693
1695
1696
1697
1699
1699
1702
1702
1705
1706
1706
1707
1709
1709
1709
1709
1710
1710
1711
1711
1711
1715
1717
1723
1723
1723
1725
1725
1727
1727
1727
1728
1729
1729
1730
1731
1731
1731
1732
1734
1734
1736
1736
1736
1738
1740
1740
1741
1742
1744
1746
1747
1748
1748
1749
1749
1750
1750
1750
1752
1755
1755
1756
1760
1760
1760
1762
1762
1764
1764
1765
1765
1766
1770
1770
1770
1771
1771
1774
1774
1775
1776
1779
1779
1780
1781
1781
1781
1781
1784
1785
1786
1786
1787
1789
1789
1789
1790
1790
1792
1794
1794
1795
1795
1796
1805
1808
1808
1809
1811
1812
1813
1814
1814
1815
1816
1816
1818
1818
1819
1819
1820
1821
1822
1822
1822
1822
1828
1828
1830
1832
1833
1833
1833
1834
1835
1837
1838
1843
1843
1844
1844
1844
1846
1848
1848
1849
1850
1851
1854
1854
1856
1857
1857
1860
1860
1861
1865
1866
1866
1866
1868
1869
1871
1871
1871
1872
1872
1872
1873
1873
1873
1874
1875
1878
1881
1881
1881
1883
1883
1884
1885
1886
1888
1892
1894
1894
1894
1895
1895
1898
1901
1901
1902
1903
1903
1903
1904
1904
1905
1905
1906
1906
1907
1908
1911
1911
1912
1912
1912
1913
1913
1914
1914
1914
1919
1919
1921
1921
1923
1925
1932
1933
1934
1936
1936
1938
1939
1941
1944
1944
1946
1946
1947
1947
1947
1948
1950
1950
1951
1951
1951
1953
1954
1954
1955
1957
1957
1958
1958
1960
1960
1960
1960
1961
1961
1962
1963
1965
1965
1966
1968
1969
1969
1970
1971
1971
1972
1973
1975
1976
1977
1978
1978
1979
1980
1980
1981
1983
1985
1988
1988
1988
1988
1989
1990
1990
1991
1992
1992
1993
1993
1995
1995
1996
1997
1998
2003
2004
2004
2004
2007
2009
2011
2011
2015
2017
2018
2019
2020
2021
2023
2023
2024
2025
2027
2029
2030
2030
2031
2033
2034
2035
2035
2037
2038
2040
2040
2043
2045
2045
2048
2049
2050
2051
2051
2051
2051
2052
2060
2061
2061
2061
2062
2063
2064
2064
2066
2067
2070
2070
2071
2071
2072
2073
2073
2073
2076
2076
2080
2082
2083
2084
2087
2087
2089
2092
2093
2094
2094
2099
2100
2100
2101
2105
2106
2107
2107
2108
2108
2108
2109
2111
2111
2113
2113
2115
2116
2117
2118
2120
2120
2121
2123
2127
2128
2131
2132
2133
2134
2136
2137
2138
2139
2140
2140
2142
2143
2147
2147
2148
2148
2148
2149
2149
2151
2153
2155
2155
2157
2157
2157
2157
2157
2157
2157
2158
2160
2164
2165
2165
2167
2173
2173
2173
2174
2174
2174
2175
2175
2177
2178
2179
2179
2179
2180
2181
2183
2185
2185
2186
2186
2188
2190
2191
2191
2191
2195
2195
2196
2196
2198
2199
2199
2201
2203
2203
2203
2204
2205
2206
2207
2207
2208
2208
2209
2212
2212
2213
2215
2218
2219
2221
2221
2221
2222
2224
2224
2225
2226
2226
2233
2234
2236
2236
2237
2238
2238
2239
2241
2241
2242
2246
2246
2248
2248
2248
2249
2249
2250
2250
2251
2251
2252
2256
2257
2259
2261
2262
2262
2263
2265
2266
2269
2269
2270
2271
2273
2273
2274
2275
2275
2276
2278
2278
2278
2280
2281
2282
2282
2282
2284
2284
2285
2286
2289
2290
2292
2292
2294
2295
2297
2297
2297
2298
2298
2300
2301
2303
2304
2305
2306
2308
2308
2309
2310
2311
2311
2312
2312
2313
2314
2314
2314
2316
2317
2318
2318
2319
2324
2324
2324
2325
2326
2326
2326
2326
2328
2328
2330
2331
2331
2332
2333
2333
2334
2336
2337
2338
2339
2339
2341
2342
2343
2344
2344
2344
2345
2346
2347
2347
2349
2349
2349
2350
2351
2352
2353
2353
2355
2356
2357
2358
2362
2364
2364
2365
2365
2365
2365
2366
2366
2369
2369
2369
2370
2371
2372
2372
2372
2373
2375
2376
2377
2380
2383
2383
2384
2384
2385
2386
2389
2390
2390
2390
2390
2392
2393
2393
2394
2395
2395
2395
2395
2395
2398
2398
2400
2400
2405
2405
2405
2407
2409
2409
2409
2410
2410
2411
2413
2413
2414
2415
2415
2415
2416
2417
2417
2417
2418
2418
2419
2420
2422
2423
2423
2427
2428
2429
2429
2429
2431
2431
2433
2433
2434
2435
2436
2436
2440
2440
2440
2441
2441
2443
2445
2447
2449
2450
2450
2451
2455
2455
2458
2459
2460
2461
2462
2463
2463
2464
2464
2466
2467
2467
2467
2467
2467
2469
2470
2470
2470
2471
2471
2471
2473
2473
2473
2473
2474
2475
2476
2478
2479
2479
2479
2481
2482
2484
2485
2485
2486
2486
2486
2493
2495
2497
2498
2499
2501
2504
2505
2506
2507
2511
2512
2512
2517
2518
2518
2520
2521
2522
2523
2524
2525
2525
2527
2527
2528
2528
2529
2529
2530
2530
2530
2531
2533
2534
2534
2534
2535
2535
2536
2536
2536
2537
2538
2539
2542
2544
2545
2546
2549
2549
2550
2550
2550
2550
2552
2553
2554
2554
2556
2557
2558
2559
2560
2560
2562
2562
2563
2564
2565
2569
2571
2571
2573
2574
2578
2579
2579
2579
2581
2583
2585
2585
2585
2586
2587
2588
2590
2590
2591
2592
2593
2594
2596
2596
2596
2597
2600
2601
2601
2606
2606
2606
2607
2608
2608
2608
2610
2612
2613
2614
2615
2616
2616
2617
2617
2618
2619
2619
2620
2620
2620
2620
2622
2622
2623
2623
2624
2624
2625
2627
2628
2629
2636
2636
2636
2639
2644
2644
2646
2648
2649
2649
2651
2653
2654
2654
2656
2656
2656
2657
2658
2658
2661
2661
2664
2666
2668
2668
2671
2671
2672
2672
2672
2673
2673
2674
2675
2676
2676
2676
2677
2679
2679
2680
2681
2683
2683
2684
2684
2685
2686
2687
2688
2688
2690
2691
2695
2697
2698
2698
2698
2699
2702
2703
2703
2703
2704
2704
2706
2706
2707
2708
2708
2711
2712
2714
2715
2716
2717
2722
2723
2724
2726
2729
2732
2733
2734
2734
2736
2737
2738
2739
2740
2741
2743
2744
2744
2745
2746
2746
2748
2748
2750
2750
2751
2751
2751
2752
2753
2755
2756
2756
2756
2757
2760
2760
2762
2762
2762
2763
2764
2765
2770
2771
2772
2773
2773
2773
2773
2774
2774
2775
2776
2777
2777
2778
2778
2780
2780
2784
2785
2786
2786
2788
2788
2789
2789
2790
2790
2791
2792
2793
2793
2793
2794
2795
2795
2796
2799
2800
2801
2801
2802
2804
2804
2804
2807
2809
2809
2810
2810
2810
2811
2813
2814
2815
2816
2817
2817
2818
2819
2820
2821
2821
2822
2827
2828
2830
2832
2834
2834
2835
2835
2836
2836
2838
2838
2840
2840
2841
2842
2844
2847
2847
2847
2847
2849
2851
2852
2853
2853
2854
2855
2856
2856
2857
2857
2858
2859
2859
2859
2860
2860
2864
2864
2867
2867
2867
2868
2869
2871
2872
2874
2874
2874
2875
2877
2879
2879
2880
2881
2889
2891
2891
2891
2896
2896
2897
2897
2898
2898
2898
2898
2900
2900
2902
2902
2902
2904
2904
2905
2907
2907
2908
2909
2912
2912
2912
2914
2914
2915
2915
2917
2918
2919
2920
2922
2923
2927
2927
2930
2930
2931
2932
2933
2934
2934
2939
2939
2940
2941
2943
2944
2944
2944
2944
2945
2946
2946
2949
2950
2953
2955
2955
2957
2960
2961
2962
2963
2964
2964
2964
2964
2965
2966
2968
2968
2969
2970
2970
2971
2971
2973
2974
2976
2978
2979
2983
2983
2984
2988
2990
2991
2991
2992
2993
2995
2996
2999
3002
3003
3003
3004
3009
3009
3011
3011
3012
3012
3012
3013
3014
3014
3015
3015
3016
3016
3018
3019
3019
3019
3019
3019
3020
3023
3024
3024
3026
3026
3027
3031
3032
3032
3033
3034
3035
3035
3036
3038
3039
3039
3040
3041
3042
3043
3044
3044
3045
3046
3047
3048
3048
3049
3050
3050
3051
3056
3056
3060
3062
3062
3063
3064
3067
3067
3068
3068
3068
3070
3070
3070
3070
3070
3073
3074
3074
3079
3081
3084
3084
3085
3085
3086
3087
3088
3088
3090
3091
3092
3092
3093
3093
3094
3094
3094
3095
3095
3099
3099
3101
3102
3103
3103
3103
3103
3104
3106
3107
3108
3110
3112
3112
3113
3115
3115
3116
3116
3118
3118
3119
3119
3119
3119
3119
3120
3121
3122
3124
3124
3125
3127
3127
3127
3128
3128
3128
3129
3129
3130
3132
3133
3135
3137
3139
3139
3141
3143
3145
3146
3147
3147
3148
3149
3150
3151
3152
3152
3153
3154
3154
3155
3156
3157
3157
3158
3158
3159
3159
3161
3165
3165
3166
3167
3168
3169
3170
3172
3172
3173
3174
3174
3175
3175
3176
3177
3178
3178
3180
3180
3180
3181
3182
3183
3183
3184
3184
3187
3188
3190
3191
3191
3192
3193
3193
3197
3197
3198
3200
3201
3201
3201
3202
3202
3203
3203
3205
3205
3205
3206
3206
3210
3211
3214
3216
3216
3217
3217
3217
3217
3218
3219
3220
3221
3224
3224
3228
3228
3228
3231
3232
3232
3234
3236
3236
3238
3241
3241
3242
3242
3243
3244
3245
3246
3246
3247
3248
3249
3249
3250
3251
3251
3253
3257
3257
3258
3259
3260
3260
3262
3263
3265
3268
3269
3269
3270
3270
3271
3272
3273
3276
3277
3278
3279
3283
3284
3284
3285
3285
3286
3287
3292
3292
3292
3294
3297
3298
3298
3302
3303
3304
3305
3307
3308
3311
3312
3313
3313
3317
3318
3319
3320
3321
3321
3322
3322
3323
3323
3326
3326
3326
3327
3327
3329
3329
3332
3332
3333
3335
3336
3337
3337
3337
3338
3338
3339
3339
3339
3342
3342
3342
3343
3343
3345
3345
3346
3346
3349
3350
3351
3351
3352
3352
3352
3353
3353
3355
3357
3357
3358
3359
3360
3360
3362
3362
3363
3363
3364
3369
3369
3370
3370
3372
3372
3373
3373
3375
3375
3376
3377
3380
3381
3383
3386
3386
3386
3387
3387
3388
3388
3391
3391
3391
3392
3393
3394
3397
3398
3399
3400
3401
3402
3403
3405
3408
3409
3411
3411
3411
3412
3413
3416
3419
3419
3419
3420
3421
3421
3421
3422
3423
3423
3425
3427
3427
3428
3430
3436
3438
3438
3439
3439
3440
3441
3442
3444
3444
3444
3444
3445
3445
3446
3446
3447
3448
3448
3450
3450
3450
3451
3451
3451
3452
3454
3457
3458
3460
3460
3461
3462
3464
3465
3466
3468
3469
3469
3470
3471
3472
3472
3472
3472
3474
3476
3477
3477
3478
3478
3480
3480
3481
3481
3481
3481
3481
3484
3485
3486
3486
3486
3486
3488
3489
3489
3490
3491
3492
3493
3493
3494
3497
3498
3498
3500
3500
3500
3502
3503
3504
3504
3505
3505
3507
3509
3509
3509
3510
3510
3510
3512
3513
3514
3519
3519
3520
3521
3522
3523
3524
3526
3527
3527
3528
3529
3531
3533
3534
3535
3535
3539
3542
3543
3543
3544
3545
3546
3547
3549
3549
3550
3550
3550
3551
3552
3554
3555
3555
3556
3557
3560
3561
3562
3562
3563
3563
3566
3566
3568
3568
3568
3569
3569
3569
3572
3575
3576
3578
3578
3579
3580
3580
3581
3583
3583
3584
3585
3585
3585
3585
3585
3586
3586
3588
3588
3590
3590
3590
3590
3591
3594
3594
3599
3601
3601
3602
3604
3607
3608
3611
3611
3611
3612
3614
3616
3619
3621
3626
3630
3630
3631
3631
3632
3632
3632
3633
3633
3634
3634
3635
3635
3635
3638
3638
3640
3643
3643
3644
3645
3648
3649
3650
3651
3652
3653
3653
3654
3654
3655
3655
3656
3656
3659
3662
3663
3665
3666
3666
3667
3668
3668
3668
3668
3669
3670
3671
3672
3674
3674
3674
3674
3676
3676
3677
3678
3678
3678
3680
3683
3684
3686
3687
3687
3689
3690
3691
3692
3692
3693
3693
3694
3694
3694
3695
3695
3695
3696
3697
3697
3697
3701
3702
3702
3704
3706
3707
3714
3714
3714
3715
3716
3718
3720
3721
3722
3722
3723
3726
3726
3726
3728
3728
3728
3729
3731
3732
3732
3732
3733
3736
3736
3739
3739
3740
3740
3740
3742
3742
3745
3745
3745
3745
3747
3749
3750
3750
3751
3752
3752
3752
3754
3755
3755
3758
3759
3760
3761
3761
3762
3763
3764
3766
3769
3770
3770
3770
3772
3773
3773
3773
3774
3775
3775
3776
3778
3780
3781
3784
3784
3785
3786
3789
3789
3789
3793
3793
3793
3794
3796
3796
3798
3799
3799
3800
3800
3801
3802
3802
3803
3804
3804
3806
3806
3806
3808
3810
3811
3812
3813
3816
3817
3818
3818
3819
3821
3822
3824
3825
3825
3828
3833
3835
3837
3838
3839
3839
3839
3841
3842
3842
3843
3844
3844
3845
3845
3849
3849
3851
3851
3852
3853
3855
3857
3858
3860
3860
3861
3862
3865
3865
3866
3867
3867
3868
3868
3869
3871
3871
3873
3874
3876
3878
3878
3879
3879
3880
3880
3880
3883
3883
3883
3885
3887
3887
3889
3891
3892
3893
3894
3895
3895
3896
3896
3898
3898
3899
3899
3899
3900
3900
3901
3901
3901
3902
3903
3904
3904
3904
3905
3905
3905
3906
3907
3908
3908
3909
3909
3910
3912
3913
3915
3916
3916
3916
3917
3918
3918
3918
3920
3920
3921
3922
3925
3925
3925
3927
3928
3929
3931
3931
3934
3934
3936
3936
3938
3938
3938
3939
3940
3943
3944
3944
3945
3945
3948
3950
3951
3952
3952
3954
3955
3957
3958
3958
3961
3961
3962
3964
3968
3968
3970
3971
3972
3973
3974
3974
3976
3976
3977
3977
3978
3980
3981
3982
3984
3984
3985
3985
3986
3987
3988
3989
3990
3992
3993
3996
3998
3999
3999
3999
4003
4003
4003
4004
4006
4006
4007
4007
4008
4010
4010
4011
4012
4012
4013
4014
4015
4016
4017
4019
4019
4021
4021
4022
4022
4023
4026
4027
4028
4028
4028
4028
4031
4033
4035
4036
4037
4038
4038
4039
4039
4039
4040
4040
4040
4040
4040
4043
4044
4045
4045
4046
4046
4047
4048
4049
4049
4049
4049
4052
4054
4054
4056
4059
4059
4060
4063
4063
4063
4065
4065
4065
4066
4067
4067
4067
4067
4068
4072
4078
4078
4079
4081
4082
4087
4088
4089
4089
4090
4091
4091
4091
4092
4095
4095
4098
4098
4100
4100
4100
4101
4101
4103
4103
4103
4105
4107
4108
4108
4110
4111
4112
4113
4115
4117
4118
4118
4118
4119
4121
4121
4122
4122
4123
4127
4130
4133
4133
4133
4133
4134
4135
4136
4139
4139
4143
4143
4143
4147
4148
4148
4150
4150
4152
4152
4155
4155
4156
4156
4157
4159
4161
4161
4162
4163
4165
4166
4167
4168
4172
4173
4174
4174
4176
4181
4181
4182
4182
4183
4186
4186
4187
4187
4187
4188
4191
4196
4197
4198
4198
4199
4200
4200
4201
4202
4202
4203
4203
4203
4205
4206
4206
4207
4207
4207
4210
4210
4210
4210
4212
4214
4214
4216
4216
4217
4218
4220
4220
4220
4220
4222
4225
4226
4228
4231
4231
4234
4235
4235
4236
4237
4238
4239
4241
4243
4243
4244
4247
4247
4247
4248
4248
4248
4249
4249
4251
4253
4253
4253
4254
4255
4259
4259
4263
4265
4266
4266
4267
4268
4268
4268
4269
4271
4271
4273
4276
4276
4278
4278
4279
4280
4280
4282
4283
4283
4285
4286
4286
4286
4287
4291
4292
4293
4294
4296
4296
4297
4297
4298
4301
4301
4302
4303
4307
4307
4309
4311
4311
4312
4312
4312
4314
4314
4314
4316
4316
4318
4319
4320
4322
4322
4324
4325
4326
4327
4328
4328
4328
4329
4329
4329
4329
4331
4333
4336
4337
4337
4338
4339
4340
4340
4343
4345
4346
4346
4348
4349
4349
4349
4350
4350
4350
4351
4353
4353
4354
4354
4356
4356
4357
4357
4359
4360
4362
4364
4365
4366
4366
4366
4366
4368
4369
4370
4371
4376
4377
4377
4377
4379
4379
4380
4384
4385
4387
4390
4391
4391
4392
4393
4394
4396
4396
4397
4398
4401
4402
4402
4403
4405
4405
4405
4406
4407
4413
4414
4416
4416
4416
4416
4417
4418
4418
4418
4418
4421
4422
4423
4423
4424
4425
4425
4426
4427
4428
4428
4429
4429
4429
4430
4431
4431
4431
4432
4434
4435
4435
4437
4439
4439
4441
4442
4443
4443
4444
4445
4447
4448
4448
4450
4451
4454
4455
4456
4457
4459
4461
4462
4463
4463
4463
4465
4465
4465
4466
4466
4467
4467
4468
4469
4469
4470
4472
4473
4473
4474
4474
4475
4476
4476
4478
4479
4479
4481
4481
4481
4482
4483
4483
4487
4487
4488
4488
4488
4489
4490
4495
4495
4498
4498
4499
4501
4501
4502
4502
4503
4503
4505
4505
4507
4508
4508
4511
4512
4513
4513
4514
4516
4516
4517
4520
4520
4521
4521
4521
4524
4525
4528
4528
4529
4529
4529
4531
4531
4531
4531
4532
4532
4533
4534
4534
4534
4536
4537
4537
4539
4539
4539
4540
4542
4542
4544
4544
4545
4545
4545
4546
4547
4550
4552
4552
4553
4553
4553
4553
4554
4555
4557
4557
4559
4560
4560
4560
4560
4560
4560
4561
4563
4563
4564
4565
4565
4565
4566
4566
4567
4567
4570
4570
4570
4573
4574
4575
4576
4576
4576
4576
4577
4579
4580
4580
4582
4582
4582
4584
4585
4588
4589
4589
4590
4590
4590
4592
4592
4594
4595
4596
4596
4598
4599
4599
4603
4603
4604
4604
4605
4609
4611
4612
4612
4613
4614
4616
4617
4620
4621
4623
4626
4628
4629
4631
4631
4632
4634
4634
4636
4637
4638
4640
4640
4641
4641
4641
4642
4643
4643
4644
4645
4646
4647
4648
4651
4651
4651
4652
4653
4653
4653
4654
4655
4656
4657
4657
4657
4660
4660
4664
4666
4666
4667
4668
4670
4670
4671
4672
4673
4675
4676
4676
4677
4683
4684
4684
4685
4686
4689
4690
4690
4690
4691
4694
4695
4695
4696
4697
4697
4698
4699
4702
4702
4702
4702
4704
4705
4707
4710
4710
4711
4714
4714
4718
4722
4724
4725
4726
4727
4727
4728
4729
4729
4730
4730
4733
4734
4734
4734
4736
4737
4738
4740
4740
4744
4744
4745
4745
4746
4747
4747
4748
4750
4752
4753
4754
4755
4755
4757
4757
4758
4761
4761
4762
4763
4764
4765
4766
4766
4766
4769
4773
4774
4777
4777
4777
4778
4780
4780
4782
4783
4783
4783
4784
4785
4785
4787
4787
4788
4789
4791
4793
4793
4794
4796
4796
4796
4798
4799
4799
4801
4801
4803
4804
4807
4807
4808
4809
4811
4811
4811
4812
4813
4814
4814
4814
4815
4816
4818
4821
4822
4822
4823
4823
4823
4824
4825
4826
4828
4828
4828
4829
4830
4830
4830
4832
4833
4833
4835
4835
4836
4836
4838
4838
4839
4839
4840
4841
4842
4843
4845
4845
4846
4846
4847
4847
4849
4851
4853
4857
4858
4858
4859
4859
4859
4861
4862
4862
4863
4864
4864
4865
4867
4868
4869
4869
4871
4872
4874
4875
4876
4876
4877
4878
4880
4881
4881
4882
4882
4884
4884
4885
4887
4888
4888
4890
4891
4892
4892
4892
4893
4894
4895
4895
4895
4896
4897
4897
4898
4898
4899
4900
4900
4901
4901
4902
4902
4903
4903
4906
4909
4910
4910
4912
4912
4913
4918
4919
4920
4922
4925
4926
4928
4930
4932
4934
4936
4939
4941
4942
4943
4943
4943
4944
4944
4945
4946
4947
4948
4948
4950
4950
4956
4956
4957
4957
4958
4959
4960
4963
4963
4965
4966
4967
4970
4970
4972
4973
4973
4974
4975
4976
4977
4977
4978
4979
4980
4981
4982
4984
4986
4988
4989
4990
4990
4991
4991
4991
4992
4993
4994
4995
4997
5000
5001
5001
5001
5001
5003
5007
5013
5014
5014
5015
5015
5015
5017
5018
5019
5020
5020
5020
5021
5022
5022
5022
5024
5025
5025
5025
5026
5028
5031
5033
5034
5036
5037
5038
5041
5043
5044
5045
5049
5049
5050
5051
5053
5054
5054
5055
5056
5057
5059
5059
5060
5060
5060
5060
5060
5061
5062
5062
5063
5063
5064
5064
5066
5067
5067
5068
5070
5071
5071
5071
5072
5074
5074
5075
5077
5078
5079
5081
5081
5085
5087
5087
5088
5089
5089
5092
5092
5092
5093
5094
5096
5097
5098
5098
5098
5099
5101
5101
5102
5103
5104
5105
5105
5109
5109
5110
5112
5113
5114
5115
5115
5115
5116
5119
5120
5120
5121
5123
5124
5124
5124
5126
5126
5127
5129
5131
5131
5132
5132
5132
5133
5133
5135
5135
5136
5138
5138
5138
5139
5140
5141
5141
5142
5144
5144
5147
5147
5147
5148
5149
5150
5150
5151
5152
5152
5153
5153
5153
5156
5156
5157
5158
5159
5160
5161
5163
5164
5164
5164
5165
5167
5170
5172
5173
5174
5175
5176
5176
5177
5178
5179
5184
5185
5185
5186
5186
5187
5188
5190
5190
5190
5190
5191
5191
5191
5196
5197
5199
5199
5200
5202
5204
5204
5205
5208
5209
5209
5211
5212
5212
5212
5213
5214
5216
5217
5218
5219
5219
5225
5225
5226
5226
5227
5227
5228
5228
5229
5230
5230
5232
5232
5233
5235
5236
5236
5236
5239
5241
5242
5242
5243
5244
5244
5245
5245
5246
5249
5249
5250
5250
5250
5251
5252
5252
5254
5257
5257
5257
5257
5258
5262
5262
5262
5263
5264
5266
5267
5267
5268
5270
5270
5274
5275
5275
5275
5275
5276
5276
5276
5278
5279
5281
5281
5282
5284
5285
5286
5286
5286
5287
5289
5292
5292
5294
5294
5294
5296
5298
5298
5299
5300
5300
5301
5306
5307
5309
5310
5310
5312
5313
5313
5313
5314
5316
5317
5318
5319
5322
5322
5324
5325
5326
5327
5329
5330
5330
5330
5333
5333
5333
5334
5336
5336
5336
5337
5338
5338
5340
5341
5341
5343
5343
5343
5344
5345
5345
5345
5349
5349
5351
5352
5355
5359
5359
5361
5363
5363
5363
5363
5363
5364
5367
5369
5370
5370
5370
5371
5371
5371
5372
5374
5375
5377
5377
5382
5382
5383
5383
5383
5384
5385
5387
5387
5387
5387
5387
5388
5389
5391
5391
5392
5394
5394
5399
5399
5400
5401
5402
5404
5405
5405
5405
5407
5408
5408
5408
5410
5410
5410
5412
5413
5414
5416
5416
5420
5421
5424
5424
5424
5425
5425
5426
5426
5427
5429
5429
5430
5431
5433
5433
5435
5436
5436
5437
5438
5438
5439
5441
5443
5443
5445
5445
5449
5449
5450
5450
5450
5452
5452
5454
5455
5456
5457
5457
5458
5459
5460
5462
5463
5467
5469
5470
5471
5472
5475
5476
5478
5478
5478
5480
5481
5482
5484
5485
5488
5489
5489
5489
5490
5490
5491
5492
5493
5493
5495
5495
5496
5499
5500
5502
5503
5507
5509
5511
5512
5514
5515
5515
5516
5518
5518
5519
5521
5524
5525
5527
5527
5528
5528
5530
5532
5532
5533
5533
5533
5533
5534
5535
5536
5539
5539
5539
5546
5547
5547
5549
5549
5552
5557
5558
5558
5560
5560
5560
5561
5563
5566
5566
5567
5568
5568
5569
5570
5570
5570
5571
5573
5573
5576
5576
5576
5577
5577
5578
5579
5580
5580
5580
5581
5581
5581
5581
5582
5583
5585
5585
5586
5588
5588
5589
5589
5590
5591
5591
5591
5593
5593
5593
5594
5594
5594
5596
5596
5596
5597
5598
5599
5599
5600
5601
5601
5602
5605
5606
5607
5607
5608
5608
5611
5611
5612
5613
5613
5617
5618
5618
5619
5619
5619
5619
5621
5623
5625
5627
5629
5630
5630
5631
5632
5633
5633
5634
5636
5637
5638
5640
5640
5641
5642
5643
5646
5647
5649
5649
5650
5652
5652
5654
5655
5656
5657
5658
5658
5662
5662
5663
5666
5666
5667
5667
5667
5670
5671
5672
5674
5675
5675
5675
5677
5678
5679
5680
5680
5681
5681
5682
5684
5684
5684
5686
5687
5692
5692
5692
5693
5693
5698
5699
5699
5700
5700
5701
5702
5703
5704
5705
5705
5705
5705
5707
5709
5711
5712
5713
5715
5715
5717
5718
5719
5719
5719
5720
5721
5722
5722
5722
5722
5723
5725
5725
5725
5726
5727
5730
5730
5731
5733
5733
5733
5734
5736
5740
5740
5740
5741
5743
5744
5745
5746
5747
5747
5748
5748
5749
5751
5751
5752
5754
5754
5755
5755
5757
5759
5760
5761
5762
5765
5768
5769
5769
5769
5770
5770
5771
5771
5773
5775
5775
5777
5777
5778
5778
5778
5778
5779
5780
5781
5781
5781
5781
5781
5782
5785
5785
5789
5790
5791
5794
5795
5797
5797
5800
5801
5803
5803
5804
5806
5806
5808
5808
5811
5812
5812
5812
5814
5814
5815
5816
5817
5817
5818
5818
5818
5820
5821
5822
5822
5824
5824
5825
5825
5825
5826
5826
5826
5827
5828
5829
5831
5833
5835
5838
5840
5840
5842
5845
5848
5848
5851
5852
5852
5855
5855
5856
5856
5856
5857
5858
5859
5860
5860
5861
5861
5862
5862
5862
5864
5866
5866
5869
5869
5869
5870
5871
5872
5872
5873
5875
5875
5878
5880
5880
5882
5883
5883
5883
5884
5885
5886
5887
5887
5888
5891
5892
5892
5893
5893
5893
5894
5894
5895
5896
5897
5897
5899
5900
5902
5902
5902
5903
5904
5905
5906
5906
5907
5909
5911
5912
5913
5913
5913
5914
5915
5917
5918
5919
5919
5921
5921
5924
5924
5925
5926
5927
5928
5928
5929
5930
5931
5934
5935
5936
5939
5941
5941
5942
5944
5944
5946
5947
5947
5948
5948
5949
5950
5951
5951
5951
5952
5958
5959
5960
5962
5962
5964
5964
5964
5965
5965
5967
5967
5968
5970
5972
5973
5974
5975
5975
5975
5978
5978
5978
5980
5981
5982
5982
5984
5984
5986
5987
5989
5989
5989
5989
5991
5992
5994
5995
5995
5995
5996
5996
5997
5998
5999
6001
6001
6001
6001
6001
6004
6004
6006
6006
6009
6011
6011
6011
6012
6012
6014
6015
6015
6016
6017
6017
6019
6020
6020
6020
6021
6021
6022
6022
6022
6023
6023
6023
6023
6024
6024
6025
6027
6027
6029
6031
6032
6032
6034
6035
6036
6037
6038
6039
6039
6040
6041
6041
6041
6042
6042
6042
6044
6046
6046
6047
6048
6052
6053
6054
6056
6059
6059
6059
6061
6061
6061
6062
6063
6064
6064
6065
6066
6067
6067
6070
6074
6074
6079
6079
6079
6080
6081
6082
6083
6084
6084
6085
6087
6087
6088
6089
6089
6091
6092
6095
6095
6097
6098
6099
6099
6100
6100
6100
6101
6102
6102
6102
6103
6103
6104
6105
6108
6109
6109
6110
6110
6111
6111
6112
6112
6115
6115
6116
6116
6117
6117
6119
6121
6121
6121
6123
6124
6126
6128
6129
6131
6133
6134
6135
6135
6137
6137
6138
6139
6139
6139
6140
6141
6141
6142
6145
6145
6145
6147
6147
6149
6150
6150
6153
6153
6156
6156
6159
6159
6164
6165
6166
6166
6167
6167
6167
6167
6169
6170
6170
6173
6173
6176
6178
6179
6180
6181
6182
6182
6182
6182
6183
6183
6183
6184
6188
6188
6189
6190
6190
6190
6193
6195
6200
6201
6202
6203
6204
6205
6206
6208
6209
6209
6211
6211
6211
6211
6211
6212
6213
6213
6214
6215
6217
6218
6218
6219
6220
6222
6222
6225
6228
6229
6230
6231
6231
6232
6233
6233
6234
6234
6235
6235
6237
6239
6241
6241
6243
6243
6244
6244
6244
6247
6249
6249
6249
6251
6252
6253
6254
6254
6256
6256
6256
6256
6257
6258
6259
6261
6262
6262
6263
6264
6265
6266
6268
6268
6270
6273
6273
6274
6274
6275
6276
6278
6278
6280
6280
6281
6281
6282
6282
6283
6283
6283
6284
6284
6286
6287
6289
6289
6289
6290
6291
6291
6293
6293
6294
6295
6299
6300
6301
6301
6301
6302
6302
6303
6304
6305
6306
6306
6307
6307
6309
6310
6312
6313
6315
6317
6318
6319
6320
6321
6322
6322
6323
6323
6324
6324
6324
6326
6327
6329
6329
6330
6331
6331
6332
6332
6333
6333
6334
6335
6336
6336
6337
6343
6343
6344
6347
6348
6349
6349
6354
6355
6355
6356
6356
6356
6358
6359
6362
6364
6365
6365
6366
6369
6369
6372
6375
6376
6377
6381
6382
6382
6384
6384
6385
6388
6388
6389
6390
6391
6393
6393
6396
6396
6397
6398
6398
6398
6400
6401
6403
6404
6404
6406
6407
6411
6411
6412
6413
6414
6415
6415
6416
6417
6417
6419
6421
6422
6423
6424
6424
6425
6427
6427
6429
6430
6430
6430
6432
6432
6433
6433
6434
6434
6436
6437
6446
6448
6450
6450
6450
6451
6451
6453
6453
6454
6455
6457
6457
6457
6459
6460
6461
6461
6463
6464
6464
6466
6466
6472
6473
6474
6476
6477
6477
6478
6479
6480
6480
6481
6484
6485
6486
6488
6488
6489
6490
6494
6495
6496
6496
6496
6496
6496
6498
6498
6498
6499
6500
6501
6501
6503
6503
6504
6505
6506
6506
6507
6508
6508
6509
6510
6512
6512
6517
6520
6521
6522
6523
6524
6524
6525
6525
6526
6526
6527
6527
6528
6528
6529
6530
6530
6532
6532
6533
6534
6534
6536
6536
6538
6538
6540
6542
6543
6544
6544
6544
6545
6547
6548
6552
6553
6554
6554
6555
6557
6558
6558
6560
6560
6561
6561
6562
6566
6567
6568
6568
6570
6571
6572
6574
6574
6574
6574
6574
6576
6576
6576
6578
6580
6580
6580
6584
6584
6585
6586
6587
6587
6587
6587
6588
6589
6590
6590
6592
6592
6594
6595
6597
6598
6598
6598
6599
6601
6601
6603
6603
6605
6606
6607
6607
6608
6609
6610
6611
6614
6614
6615
6618
6618
6619
6620
6621
6621
6621
6621
6622
6622
6623
6624
6628
6630
6631
6631
6632
6632
6635
6635
6637
6637
6640
6640
6640
6641
6642
6642
6642
6645
6646
6648
6651
6653
6653
6654
6654
6654
6655
6655
6655
6655
6658
6658
6662
6662
6662
6662
6664
6664
6665
6667
6668
6669
6671
6671
6675
6675
6675
6676
6676
6680
6680
6680
6680
6681
6681
6682
6683
6683
6684
6684
6685
6685
6685
6685
6686
6686
6687
6688
6689
6691
6691
6691
6694
6695
6697
6698
6699
6700
6700
6701
6701
6701
6703
6703
6704
6705
6705
6707
6707
6708
6709
6709
6710
6711
6712
6715
6716
6716
6719
6721
6721
6722
6722
6724
6724
6726
6727
6728
6728
6728
6730
6732
6733
6733
6734
6734
6736
6737
6738
6739
6740
6741
6741
6741
6742
6746
6747
6747
6748
6749
6749
6749
6749
6750
6750
6750
6754
6755
6757
6758
6759
6759
6759
6759
6760
6762
6763
6763
6763
6764
6764
6768
6769
6770
6770
6771
6775
6776
6777
6778
6781
6781
6782
6783
6784
6787
6788
6789
6790
6791
6791
6792
6793
6795
6795
6795
6795
6796
6796
6798
6799
6799
6801
6802
6802
6805
6805
6806
6807
6807
6807
6808
6809
6809
6809
6810
6810
6815
6816
6818
6818
6818
6819
6819
6820
6820
6820
6820
6820
6823
6823
6824
6824
6824
6825
6826
6826
6826
6827
6828
6828
6829
6830
6831
6831
6832
6838
6840
6840
6843
6845
6846
6847
6852
6852
6853
6853
6854
6856
6857
6858
6860
6861
6862
6863
6863
6864
6865
6868
6869
6870
6871
6873
6873
6874
6874
6875
6875
6876
6876
6876
6877
6877
6878
6878
6884
6884
6886
6887
6890
6892
6892
6895
6898
6900
6900
6901
6903
6904
6906
6908
6908
6911
6911
6911
6912
6912
6913
6913
6915
6916
6916
6917
6917
6917
6918
6918
6922
6923
6924
6926
6926
6928
6929
6930
6930
6931
6932
6932
6935
6937
6937
6939
6939
6941
6941
6945
6947
6947
6948
6949
6949
6949
6950
6952
6953
6955
6957
6958
6958
6958
6959
6961
6962
6963
6964
6965
6966
6966
6968
6969
6970
6971
6972
6973
6976
6976
6977
6977
6979
6979
6980
6980
6981
6981
6982
6982
6982
6984
6985
6985
6989
6989
6990
6991
6991
6993
6993
6995
6995
6996
6996
6998
6999
7001
7001
7002
7002
7003
7005
7005
7006
7006
7007
7008
7011
7011
7012
7013
7014
7016
7016
7016
7016
7016
7017
7018
7020
7021
7022
7025
7025
7027
7027
7028
7030
7031
7032
7032
7033
7033
7034
7036
7038
7038
7040
7041
7042
7042
7042
7045
7047
7047
7048
7051
7052
7052
7053
7053
7053
7053
7055
7055
7057
7058
7059
7060
7060
7061
7061
7061
7062
7063
7064
7064
7065
7065
7066
7068
7069
7069
7070
7070
7073
7076
7078
7078
7079
7080
7081
7082
7084
7084
7085
7088
7088
7090
7092
7092
7093
7093
7095
7096
7097
7099
7100
7100
7102
7102
7102
7103
7104
7107
7107
7108
7111
7115
7115
7116
7116
7117
7117
7118
7119
7120
7120
7120
7122
7123
7125
7125
7131
7132
7135
7136
7136
7138
7140
7141
7141
7142
7143
7145
7145
7147
7148
7150
7151
7153
7154
7155
7155
7155
7156
7161
7161
7164
7165
7165
7165
7166
7166
7167
7167
7168
7169
7169
7169
7170
7170
7170
7173
7176
7176
7178
7178
7180
7182
7182
7183
7183
7183
7183
7183
7185
7187
7187
7188
7188
7190
7190
7190
7191
7191
7192
7193
7193
7193
7194
7195
7197
7198
7198
7198
7199
7199
7199
7199
7199
7201
7201
7202
7202
7203
7204
7204
7205
7206
7208
7209
7209
7212
7213
7215
7215
7218
7218
7220
7224
7225
7228
7233
7234
7234
7234
7235
7235
7236
7236
7237
7238
7239
7241
7243
7244
7245
7245
7245
7246
7248
7250
7250
7251
7252
7252
7253
7253
7253
7254
7254
7254
7255
7255
7256
7256
7256
7257
7258
7261
7262
7264
7267
7267
7267
7268
7268
7268
7268
7272
7273
7273
7273
7275
7276
7277
7277
7277
7278
7278
7279
7279
7283
7283
7283
7284
7284
7285
7285
7287
7288
7291
7293
7293
7298
7298
7299
7300
7300
7301
7302
7302
7302
7303
7303
7305
7305
7306
7307
7307
7310
7310
7311
7311
7312
7313
7313
7314
7316
7317
7318
7322
7323
7323
7323
7324
7324
7327
7328
7328
7329
7329
7330
7334
7336
7337
7338
7339
7339
7339
7339
7339
7340
7340
7340
7340
7341
7341
7342
7342
7343
7345
7347
7348
7350
7351
7352
7352
7353
7353
7356
7357
7358
7360
7361
7363
7364
7364
7366
7367
7367
7367
7369
7370
7373
7373
7374
7375
7376
7377
7378
7378
7379
7379
7380
7381
7381
7382
7383
7383
7384
7385
7385
7388
7389
7391
7392
7392
7395
7395
7397
7399
7400
7400
7401
7401
7401
7403
7408
7408
7409
7410
7410
7410
7413
7415
7420
7421
7424
7424
7425
7425
7426
7430
7431
7432
7436
7437
7437
7438
7438
7439
7439
7441
7441
7441
7444
7444
7444
7447
7448
7448
7450
7451
7452
7453
7453
7453
7453
7455
7455
7457
7458
7461
7462
7465
7466
7467
7467
7470
7474
7475
7476
7478
7478
7478
7478
7479
7480
7480
7481
7484
7488
7490
7492
7493
7493
7495
7495
7497
7497
7498
7500
7501
7503
7506
7506
7508
7508
7510
7510
7510
7510
7511
7514
7515
7515
7518
7518
7520
7520
7521
7522
7522
7524
7525
7526
7527
7527
7527
7528
7529
7530
7530
7530
7533
7534
7538
7538
7540
7541
7543
7543
7543
7547
7547
7547
7549
7549
7549
7550
7550
7550
7551
7551
7551
7552
7553
7553
7554
7556
7557
7559
7559
7559
7561
7561
7562
7563
7564
7564
7564
7565
7566
7566
7567
7567
7567
7568
7568
7568
7569
7569
7572
7573
7573
7573
7574
7574
7574
7574
7576
7581
7581
7581
7581
7582
7583
7584
7586
7586
7586
7586
7586
7586
7588
7588
7589
7589
7592
7593
7594
7595
7598
7598
7599
7602
7603
7604
7605
7605
7606
7607
7607
7607
7611
7612
7612
7613
7613
7614
7615
7616
7617
7618
7618
7618
7619
7619
7620
7622
7623
7625
7625
7626
7626
7626
7627
7627
7627
7629
7630
7630
7633
7633
7634
7634
7636
7636
7638
7638
7639
7640
7640
7641
7641
7641
7643
7643
7644
7651
7652
7653
7654
7654
7655
7655
7658
7658
7661
7662
7664
7665
7665
7670
7670
7671
7675
7676
7676
7678
7680
7681
7681
7682
7682
7684
7686
7687
7687
7687
7687
7687
7687
7689
7689
7691
7693
7694
7695
7696
7696
7697
7698
7698
7699
7701
7702
7704
7704
7706
7707
7708
7709
7711
7712
7715
7715
7718
7718
7719
7720
7722
7723
7723
7724
7724
7725
7725
7727
7727
7729
7730
7733
7733
7736
7736
7739
7741
7742
7745
7746
7747
7747
7747
7748
7748
7749
7751
7753
7755
7755
7756
7757
7757
7761
7761
7762
7763
7763
7763
7764
7764
7765
7766
7766
7768
7772
7773
7773
7774
7776
7777
7778
7778
7779
7781
7784
7784
7788
7788
7791
7793
7794
7794
7796
7797
7797
7798
7800
7800
7802
7804
7806
7807
7807
7807
7814
7816
7819
7822
7822
7822
7822
7823
7823
7823
7823
7825
7829
7830
7830
7830
7833
7835
7838
7841
7841
7842
7843
7843
7843
7844
7844
7845
7847
7849
7849
7851
7852
7853
7854
7854
7855
7857
7859
7860
7860
7860
7863
7863
7863
7864
7865
7869
7869
7871
7871
7871
7872
7872
7872
7873
7874
7874
7875
7875
7875
7876
7877
7878
7878
7880
7881
7882
7882
7886
7886
7887
7887
7888
7888
7889
7890
7891
7893
7894
7895
7895
7898
7898
7899
7902
7903
7904
7905
7906
7908
7909
7909
7910
7910
7911
7911
7912
7914
7915
7917
7918
7918
7920
7920
7920
7920
7920
7920
7921
7923
7923
7924
7925
7925
7926
7928
7928
7930
7931
7933
7933
7934
7936
7938
7938
7939
7941
7942
7942
7944
7944
7945
7947
7947
7948
7948
7948
7950
7950
7952
7952
7953
7957
7957
7958
7960
7962
7962
7963
7963
7964
7966
7967
7970
7971
7972
7972
7972
7973
7974
7978
7979
7979
7980
7980
7982
7982
7982
7983
7983
7985
7985
7988
7988
7989
7989
7990
7993
7994
7995
7995
7997
8000
8001
8003
8003
8005
8005
8005
8008
8008
8008
8009
8009
8009
8012
8013
8015
8021
8023
8025
8025
8025
8026
8028
8030
8032
8032
8032
8033
8034
8034
8035
8035
8036
8043
8044
8044
8044
8047
8047
8047
8047
8048
8051
8052
8055
8057
8058
8058
8059
8061
8062
8062
8062
8063
8063
8065
8065
8067
8067
8068
8072
8072
8072
8074
8074
8074
8074
8075
8075
8076
8076
8079
8080
8084
8087
8087
8089
8090
8090
8091
8091
8092
8093
8094
8096
8098
8099
8101
8101
8101
8102
8102
8104
8104
8104
8104
8104
8106
8106
8107
8109
8112
8112
8113
8114
8115
8115
8115
8118
8121
8122
8122
8122
8124
8124
8124
8125
8126
8127
8127
8128
8128
8130
8131
8132
8133
8134
8134
8136
8138
8140
8141
8141
8143
8143
8144
8144
8147
8147
8149
8150
8152
8153
8155
8156
8159
8159
8160
8163
8163
8165
8166
8168
8168
8169
8170
8171
8172
8173
8173
8174
8177
8178
8180
8180
8180
8180
8181
8183
8183
8184
8185
8189
8190
8190
8191
8192
8193
8195
8198
8199
8199
8200
8201
8201
8202
8205
8206
8206
8207
8207
8208
8210
8210
8212
8213
8214
8215
8215
8216
8217
8218
8219
8219
8220
8221
8224
8225
8225
8227
8228
8228
8229
8230
8231
8232
8238
8240
8241
8242
8242
8243
8244
8244
8245
8246
8247
8248
8249
8250
8250
8250
8250
8251
8251
8255
8258
8259
8259
8260
8262
8264
8264
8264
8265
8266
8268
8270
8271
8274
8274
8275
8277
8278
8281
8282
8284
8284
8284
8284
8287
8288
8288
8289
8291
8291
8292
8293
8294
8295
8295
8296
8298
8298
8300
8301
8302
8302
8302
8305
8305
8306
8306
8306
8307
8308
8310
8310
8310
8311
8312
8312
8313
8313
8314
8314
8315
8318
8320
8320
8321
8323
8326
8326
8327
8327
8327
8327
8331
8333
8338
8339
8340
8340
8344
8345
8347
8348
8349
8349
8350
8351
8351
8352
8352
8353
8359
8359
8360
8360
8360
8362
8362
8362
8362
8365
8365
8366
8366
8367
8368
8369
8370
8372
8372
8373
8374
8374
8376
8376
8378
8378
8379
8379
8379
8381
8381
8382
8384
8384
8384
8385
8387
8387
8390
8390
8390
8393
8394
8396
8398
8398
8398
8399
8400
8401
8402
8404
8406
8406
8407
8407
8407
8407
8407
8408
8410
8412
8412
8417
8417
8418
8418
8422
8423
8423
8424
8424
8426
8426
8426
8427
8427
8427
8427
8428
8428
8428
8429
8431
8433
8435
8435
8436
8437
8440
8440
8440
8442
8443
8443
8445
8445
8446
8446
8447
8447
8447
8448
8450
8451
8451
8451
8452
8453
8453
8453
8455
8457
8457
8457
8458
8459
8460
8461
8462
8462
8464
8464
8465
8466
8466
8467
8467
8467
8468
8468
8470
8470
8470
8470
8471
8471
8472
8473
8474
8474
8475
8476
8476
8476
8477
8477
8478
8478
8479
8480
8481
8481
8482
8484
8484
8484
8485
8487
8488
8488
8488
8489
8492
8494
8495
8495
8495
8496
8496
8497
8497
8498
8499
8500
8500
8501
8501
8502
8503
8504
8505
8505
8507
8508
8508
8510
8510
8511
8511
8512
8512
8512
8514
8515
8516
8521
8521
8522
8522
8523
8524
8525
8527
8527
8529
8532
8534
8535
8537
8537
8538
8539
8539
8540
8541
8542
8543
8545
8545
8546
8547
8547
8550
8550
8550
8552
8552
8553
8554
8554
8555
8555
8557
8558
8558
8559
8560
8562
8562
8563
8564
8565
8565
8565
8565
8567
8568
8569
8570
8571
8574
8577
8580
8580
8581
8581
8582
8583
8586
8586
8587
8587
8589
8590
8590
8591
8591
8591
8593
8593
8594
8594
8596
8596
8596
8596
8597
8597
8599
8600
8601
8602
8602
8602
8602
8603
8603
8604
8605
8605
8605
8606
8609
8610
8613
8617
8617
8618
8619
8619
8619
8620
8621
8622
8624
8626
8626
8627
8628
8628
8629
8630
8630
8633
8633
8633
8633
8634
8635
8635
8635
8639
8640
8641
8644
8645
8645
8647
8648
8649
8649
8649
8650
8650
8653
8654
8659
8659
8662
8664
8665
8665
8666
8666
8667
8667
8667
8668
8671
8671
8672
8673
8674
8675
8675
8680
8681
8682
8682
8683
8685
8687
8687
8689
8689
8691
8692
8692
8693
8697
8697
8700
8703
8704
8707
8707
8707
8708
8709
8711
8711
8712
8712
8715
8715
8716
8716
8716
8716
8718
8719
8719
8721
8722
8722
8726
8726
8728
8729
8730
8730
8731
8732
8734
8735
8735
8736
8736
8738
8738
8739
8743
8743
8743
8744
8744
8745
8745
8746
8746
8748
8750
8750
8751
8754
8754
8756
8756
8757
8758
8759
8759
8762
8762
8765
8765
8767
8768
8769
8769
8769
8769
8769
8770
8773
8773
8773
8775
8775
8776
8777
8777
8778
8778
8779
8780
8781
8782
8783
8783
8783
8784
8784
8785
8786
8786
8792
8793
8793
8794
8796
8797
8797
8798
8798
8799
8801
8802
8802
8804
8805
8805
8807
8807
8808
8809
8811
8811
8812
8814
8819
8819
8819
8820
8820
8821
8821
8822
8824
8825
8826
8828
8829
8830
8831
8831
8836
8837
8838
8838
8841
8841
8841
8841
8841
8843
8845
8845
8845
8846
8846
8846
8847
8847
8850
8851
8852
8852
8854
8855
8856
8856
8862
8862
8862
8864
8866
8867
8870
8871
8871
8871
8873
8877
8882
8882
8882
8882
8883
8883
8883
8883
8884
8885
8886
8887
8887
8887
8888
8888
8889
8889
8889
8889
8890
8891
8891
8891
8893
8894
8894
8894
8895
8895
8896
8900
8902
8903
8905
8907
8907
8910
8910
8913
8914
8914
8919
8920
8920
8921
8922
8923
8924
8927
8927
8928
8928
8928
8930
8930
8931
8931
8932
8934
8935
8937
8937
8938
8939
8939
8939
8940
8940
8940
8942
8942
8945
8946
8947
8948
8948
8949
8949
8952
8953
8953
8954
8955
8956
8957
8957
8958
8958
8959
8959
8960
8963
8964
8964
8965
8966
8966
8966
8966
8967
8968
8970
8971
8971
8972
8973
8973
8973
8973
8974
8975
8976
8979
8979
8980
8980
8980
8981
8982
8983
8983
8984
8986
8986
8987
8987
8987
8991
8992
8997
9004
9006
9007
9007
9008
9008
9009
9009
9011
9011
9012
9015
9022
9022
9022
9024
9025
9025
9025
9026
9026
9027
9027
9027
9027
9028
9030
9032
9033
9033
9033
9033
9034
9034
9035
9035
9036
9039
9040
9041
9042
9042
9044
9046
9046
9047
9047
9050
9050
9050
9051
9051
9053
9053
9054
9055
9055
9057
9059
9059
9060
9060
9062
9064
9064
9064
9065
9066
9067
9069
9070
9071
9073
9073
9073
9074
9075
9075
9076
9076
9078
9079
9080
9081
9081
9082
9082
9083
9084
9084
9086
9091
9092
9093
9094
9097
9097
9097
9099
9099
9100
9101
9101
9102
9103
9103
9105
9105
9105
9107
9110
9110
9111
9113
9113
9115
9116
9116
9116
9118
9118
9119
9119
9119
9121
9122
9122
9122
9123
9124
9125
9126
9129
9130
9131
9131
9133
9134
9135
9135
9135
9138
9139
9142
9143
9143
9144
9145
9146
9146
9147
9148
9148
9149
9153
9153
9154
9156
9157
9157
9159
9160
9160
9162
9163
9165
9165
9167
9168
9169
9170
9170
9170
9171
9174
9176
9178
9179
9181
9183
9184
9185
9185
9185
9187
9187
9188
9191
9192
9194
9194
9194
9194
9195
9195
9196
9197
9197
9198
9198
9199
9199
9200
9200
9201
9202
9202
9203
9203
9211
9212
9212
9213
9215
9215
9216
9216
9216
9217
9217
9217
9217
9219
9221
9221
9222
9222
9223
9224
9224
9226
9226
9226
9228
9231
9232
9232
9232
9232
9234
9234
9236
9237
9237
9239
9239
9239
9240
9242
9242
9243
9243
9244
9245
9245
9246
9246
9248
9248
9251
9251
9251
9252
9252
9252
9254
9254
9256
9257
9260
9260
9260
9261
9261
9261
9261
9262
9264
9268
9270
9270
9270
9271
9271
9272
9274
9275
9276
9276
9276
9278
9279
9280
9280
9281
9281
9283
9286
9286
9287
9287
9289
9289
9290
9290
9291
9291
9292
9292
9293
9293
9294
9294
9296
9296
9296
9296
9296
9298
9299
9299
9299
9302
9302
9304
9304
9305
9306
9306
9307
9308
9308
9310
9311
9311
9311
9312
9312
9313
9313
9313
9314
9314
9314
9315
9315
9315
9316
9320
9320
9321
9324
9324
9326
9327
9327
9328
9328
9329
9332
9333
9338
9339
9340
9340
9341
9342
9343
9344
9346
9347
9348
9350
9350
9351
9352
9354
9359
9360
9361
9362
9364
9364
9364
9368
9369
9369
9370
9370
9370
9374
9375
9376
9377
9379
9379
9381
9381
9382
9382
9383
9383
9384
9385
9387
9388
9389
9389
9390
9391
9392
9395
9395
9395
9397
9398
9398
9400
9400
9401
9402
9409
9412
9413
9414
9416
9416
9417
9417
9421
9422
9423
9424
9426
9427
9428
9430
9430
9432
9433
9433
9433
9434
9434
9434
9434
9435
9437
9440
9440
9441
9441
9442
9442
9442
9444
9446
9447
9447
9448
9448
9449
9450
9450
9450
9451
9453
9454
9456
9458
9458
9459
9459
9459
9460
9462
9465
9465
9466
9467
9468
9469
9469
9470
9470
9470
9471
9471
9471
9472
9472
9474
9474
9476
9477
9479
9480
9483
9484
9485
9486
9486
9486
9486
9487
9490
9490
9490
9492
9492
9495
9499
9500
9500
9501
9508
9509
9509
9510
9511
9514
9514
9515
9516
9516
9517
9521
9522
9523
9523
9524
9527
9527
9530
9530
9530
9531
9532
9532
9532
9532
9534
9536
9536
9537
9538
9538
9539
9539
9539
9539
9540
9540
9541
9544
9545
9546
9547
9548
9551
9553
9553
9556
9556
9557
9557
9557
9558
9561
9562
9563
9565
9565
9566
9566
9568
9568
9569
9569
9569
9570
9571
9571
9574
9574
9575
9576
9577
9577
9580
9580
9581
9582
9583
9584
9584
9585
9588
9589
9589
9591
9592
9593
9593
9595
9596
9596
9597
9597
9598
9600
9600
9600
9601
9602
9602
9604
9605
9605
9606
9606
9609
9609
9610
9611
9612
9613
9614
9614
9618
9621
9623
9624
9625
9625
9626
9629
9629
9629
9629
9630
9630
9630
9632
9632
9636
9639
9639
9641
9642
9644
9644
9645
9645
9646
9646
9647
9647
9648
9648
9650
9650
9650
9650
9651
9652
9652
9653
9654
9654
9656
9657
9657
9659
9659
9660
9663
9664
9666
9668
9669
9670
9670
9670
9671
9672
9675
9675
9677
9678
9680
9680
9681
9681
9681
9681
9684
9684
9684
9684
9686
9689
9689
9690
9690
9692
9695
9696
9696
9697
9699
9699
9699
9700
9702
9703
9703
9704
9705
9707
9708
9709
9709
9710
9712
9713
9714
9715
9718
9719
9719
9720
9720
9721
9722
9723
9723
9724
9726
9726
9727
9728
9728
9729
9729
9729
9729
9730
9731
9731
9731
9732
9732
9732
9735
9736
9740
9741
9741
9742
9743
9744
9745
9745
9746
9746
9750
9751
9753
9753
9754
9755
9757
9758
9758
9758
9759
9759
9760
9762
9764
9765
9765
9766
9768
9770
9772
9772
9772
9773
9776
9776
9777
9778
9781
9782
9783
9783
9786
9788
9789
9789
9790
9792
9796
9796
9797
9798
9803
9805
9805
9807
9807
9808
9809
9810
9810
9812
9813
9814
9817
9820
9821
9823
9823
9825
9829
9830
9832
9832
9834
9834
9834
9835
9835
9835
9836
9837
9837
9838
9841
9843
9850
9850
9851
9854
9855
9857
9858
9859
9861
9864
9864
9867
9867
9868
9869
9869
9870
9871
9872
9872
9872
9873
9877
9877
9880
9880
9881
9882
9882
9882
9882
9883
9883
9883
9886
9888
9888
9890
9890
9891
9891
9891
9891
9892
9892
9893
9893
9893
9893
9895
9895
9895
9895
9896
9897
9898
9900
9900
9903
9904
9908
9908
9910
9911
9913
9913
9913
9914
9915
9920
9921
9923
9923
9925
9925
9926
9926
9928
9932
9932
9934
9935
9935
9936
9936
9938
9938
9940
9941
9941
9945
9946
9948
9948
9948
9949
9950
9952
9953
9954
9954
9954
9958
9958
9958
9959
9959
9959
9959
9959
9965
9968
9969
9969
9971
9974
9976
9977
9978
9979
9980
9981
9981
9982
9982
9983
9983
9983
9983
9984
9984
9985
9986
9986
9986
9987
9987
9988
9989
9989
9991
9991
9991
9991
9993
9993
9993
9994
9994
9996
9997
9997
9998
9999
9999
10000
10000
10000
10001
10001
10002
10003
10007
10008
10008
10010
10011
10012
10013
10015
10015
10016
10017
10018
10019
10020
10021
10021
10021
10022
10023
10025
10025
10025
10026
10027
10028
10028
10028
10028
10029
10030
10030
10032
10032
10034
10034
10034
10034
10035
10035
10036
10036
10037
10037
10039
10039
10040
10041
10042
10042
10042
10042
10042
10042
10043
10043
10043
10044
10046
10046
10046
10047
10048
10049
10051
10051
10053
10054
10054
10055
10056
10057
10058
10058
10059
10059
10059
10060
10061
10061
10061
10061
10061
10066
10068
10069
10070
10070
10071
10071
10072
10073
10073
10074
10074
10074
10074
10075
10077
10080
10081
10081
10082
10082
10083
10083
10083
10083
10083
10084
10085
10086
10086
10089
10090
10090
10090
10091
10091
10091
10093
10095
10096
10098
10099
10099
10100
10101
10102
10102
10102
10102
10102
10103
10105
10105
10105
10106
10106
10110
10111
10111
10112
10113
10115
10116
10116
10119
10119
10120
10120
10121
10122
10123
10124
10125
10125
10128
10128
10130
10131
10132
10132
10136
10137
10139
10140
10140
10142
10142
10142
10143
10143
10144
10144
10144
10145
10146
10146
10147
10148
10149
10149
10149
10149
10151
10152
10155
10157
10157
10157
10158
10158
10158
10159
10159
10160
10161
10161
10161
10162
10162
10163
10165
10165
10165
10166
10168
10169
10169
10171
10172
10172
10173
10174
10174
10175
10178
10179
10179
10179
10180
10181
10182
10182
10182
10183
10183
10184
10184
10185
10187
10188
10189
10189
10189
10193
10197
10199
10200
10203
10205
10206
10207
10208
10209
10210
10210
10211
10212
10212
10213
10216
10216
10217
10218
10218
10223
10223
10223
10224
10225
10225
10226
10228
10228
10230
10232
10232
10233
10234
10236
10237
10237
10238
10239
10239
10240
10243
10244
10244
10247
10250
10251
10251
10252
10253
10253
10253
10255
10256
10257
10257
10258
10258
10260
10260
10261
10261
10261
10261
10261
10262
10263
10264
10265
10265
10267
10267
10269
10272
10274
10274
10274
10274
10275
10276
10277
10277
10279
10279
10281
10282
10284
10285
10285
10285
10286
10286
10287
10287
10287
10292
10294
10295
10295
10296
10296
10296
10296
10296
10297
10297
10298
10298
10299
10299
10300
10301
10301
10302
10303
10303
10304
10307
10308
10308
10309
10310
10311
10312
10313
10313
10314
10315
10315
10315
10316
10317
10317
10317
10317
10318
10318
10318
10320
10321
10321
10321
10322
10322
10323
10325
10325
10327
10328
10329
10330
10331
10332
10332
10332
10333
10336
10338
10339
10339
10339
10342
10343
10343
10344
10345
10345
10345
10346
10347
10347
10347
10348
10352
10353
10353
10353
10355
10356
10356
10357
10358
10359
10360
10362
10363
10364
10365
10366
10366
10367
10368
10369
10370
10371
10372
10372
10372
10373
10374
10374
10374
10375
10376
10378
10378
10379
10380
10380
10385
10385
10385
10385
10386
10386
10389
10389
10391
10392
10393
10393
10397
10399
10399
10400
10400
10401
10401
10404
10405
10406
10407
10407
10408
10408
10410
10410
10411
10413
10415
10417
10422
10422
10424
10424
10425
10426
10427
10427
10428
10429
10430
10431
10431
10435
10435
10435
10436
10437
10437
10437
10437
10438
10438
10438
10439
10440
10441
10441
10443
10444
10444
10445
10447
10447
10448
10450
10452
10453
10454
10455
10459
10460
10461
10461
10462
10466
10466
10466
10467
10467
10468
10468
10469
10471
10472
10472
10473
10475
10477
10479
10481
10483
10484
10484
10491
10492
10493
10493
10494
10494
10495
10495
10496
10497
10498
10501
10502
10504
10504
10504
10505
10507
10508
10508
10510
10513
10513
10514
10514
10514
10514
10515
10515
10515
10521
10521
10522
10522
10523
10526
10527
10529
10529
10530
10532
10535
10535
10535
10535
10536
10540
10540
10541
10542
10544
10548
10548
10549
10550
10550
10552
10554
10554
10554
10555
10556
10559
10562
10565
10569
10569
10570
10570
10571
10571
10572
10573
10574
10575
10579
10580
10581
10582
10582
10585
10585
10585
10585
10586
10587
10588
10589
10589
10592
10593
10594
10594
10595
10595
10596
10596
10596
10597
10598
10598
10599
10601
10601
10603
10603
10605
10606
10606
10607
10607
10608
10609
10610
10611
10612
10613
10614
10615
10615
10617
10617
10617
10619
10619
10621
10621
10622
10623
10624
10624
10625
10625
10629
10629
10629
10630
10630
10630
10630
10630
10631
10632
10632
10634
10635
10636
10636
10636
10638
10638
10639
10640
10641
10642
10643
10643
10644
10645
10646
10646
10647
10647
10647
10647
10648
10648
10651
10652
10652
10653
10654
10657
10658
10659
10659
10661
10661
10661
10662
10663
10665
10666
10666
10666
10667
10669
10670
10671
10675
10676
10678
10679
10681
10681
10682
10683
10683
10684
10686
10687
10687
10688
10688
10688
10688
10689
10689
10692
10694
10694
10695
10696
10696
10697
10700
10701
10702
10706
10706
10707
10708
10711
10712
10714
10717
10718
10719
10719
10719
10721
10722
10723
10724
10726
10726
10726
10726
10727
10728
10729
10730
10731
10731
10732
10732
10732
10732
10733
10734
10736
10736
10737
10738
10738
10738
10738
10738
10739
10739
10740
10740
10740
10741
10743
10743
10743
10744
10744
10744
10744
10745
10746
10748
10751
10752
10754
10754
10755
10756
10756
10757
10758
10759
10760
10760
10760
10762
10763
10765
10766
10768
10769
10772
10773
10774
10774
10774
10775
10775
10775
10779
10779
10779
10780
10781
10781
10783
10784
10786
10786
10786
10787
10787
10788
10788
10788
10789
10789
10792
10793
10794
10795
10796
10796
10797
10798
10798
10799
10800
10802
10804
10805
10805
10806
10806
10807
10809
10809
10810
10812
10813
10813
10816
10818
10818
10819
10819
10820
10820
10821
10822
10823
10824
10824
10825
10828
10828
10832
10833
10834
10835
10835
10837
10839
10840
10840
10841
10841
10844
10845
10845
10845
10846
10847
10848
10849
10850
10850
10850
10851
10851
10851
10851
10852
10852
10855
10855
10856
10857
10857
10858
10858
10862
10862
10864
10865
10866
10866
10867
10868
10868
10868
10868
10868
10869
10870
10871
10872
10873
10874
10874
10874
10876
10883
10884
10886
10889
10889
10890
10891
10896
10897
10897
10898
10899
10899
10899
10899
10899
10900
10901
10902
10902
10906
10908
10910
10911
10912
10913
10914
10914
10914
10915
10921
10921
10923
10923
10923
10923
10924
10924
10924
10925
10925
10925
10927
10927
10927
10931
10932
10934
10934
10934
10935
10938
10938
10938
10939
10939
10940
10940
10940
10940
10945
10946
10946
10951
10952
10953
10955
10955
10957
10960
10960
10960
10961
10961
10962
10963
10964
10965
10966
10967
10969
10969
10969
10970
10970
10971
10973
10975
10977
10979
10980
10982
10982
10985
10985
10985
10986
10986
10988
10992
10993
10995
10995
10995
10996
10996
10997
10997
10997
10998
10999
11000
11000
11001
11003
11005
11006
11006
11007
11011
11012
11014
11014
11016
11017
11020
11021
11022
11023
11025
11025
11027
11028
11029
11030
11030
11033
11034
11034
11034
11035
11038
11038
11039
11041
11043
11044
11045
11045
11046
11047
11047
11048
11051
11051
11052
11052
11052
11053
11054
11055
11056
11058
11059
11061
11062
11062
11062
11063
11063
11063
11066
11067
11068
11070
11071
11072
11072
11075
11076
11076
11076
11077
11078
11079
11080
11080
11082
11084
11085
11085
11085
11086
11087
11087
11089
11089
11090
11090
11091
11092
11093
11094
11094
11094
11094
11096
11098
11098
11098
11099
11100
11101
11101
11102
11103
11103
11105
11106
11107
11108
11109
11110
11110
11110
11112
11113
11113
11115
11118
11120
11121
11123
11123
11124
11124
11125
11126
11128
11129
11130
11131
11133
11133
11133
11135
11137
11137
11139
11141
11141
11141
11143
11145
11147
11150
11153
11153
11155
11155
11155
11156
11156
11156
11156
11157
11160
11160
11161
11161
11162
11164
11164
11165
11166
11167
11168
11169
11170
11171
11173
11176
11177
11177
11179
11181
11182
11182
11182
11182
11184
11188
11191
11191
11193
11194
11195
11195
11196
11197
11198
11199
11199
11203
11203
11204
11205
11206
11207
11208
11209
11209
11210
11211
11211
11212
11213
11214
11216
11217
11217
11218
11220
11221
11221
11224
11224
11225
11227
11227
11227
11228
11229
11231
11233
11233
11236
11236
11237
11237
11238
11238
11244
11244
11244
11247
11248
11250
11251
11251
11252
11253
11254
11256
11257
11258
11259
11260
11260
11261
11262
11262
11264
11266
11267
11267
11268
11268
11270
11270
11272
11273
11274
11275
11275
11277
11279
11280
11280
11280
11280
11281
11281
11281
11282
11283
11284
11286
11286
11287
11288
11289
11290
11290
11290
11291
11292
11292
11292
11293
11293
11294
11295
11297
11298
11299
11300
11301
11302
11303
11303
11306
11307
11308
11309
11311
11312
11312
11313
11314
11315
11316
11319
11320
11320
11321
11323
11325
11325
11326
11328
11330
11331
11331
11333
11337
11338
11339
11339
11340
11340
11340
11340
11340
11341
11341
11343
11343
11345
11345
11347
11347
11348
11348
11349
11351
11354
11354
11354
11355
11356
11356
11356
11356
11358
11359
11359
11360
11360
11361
11362
11363
11363
11363
11364
11365
11366
11367
11370
11370
11371
11374
11378
11382
11383
11383
11384
11387
11390
11391
11391
11391
11391
11393
11393
11394
11395
11396
11399
11400
11400
11401
11402
11402
11402
11402
11403
11403
11405
11406
11406
11406
11408
11409
11409
11410
11411
11412
11414
11415
11417
11421
11423
11423
11425
11426
11428
11428
11431
11431
11431
11431
11432
11434
11434
11435
11436
11437
11440
11441
11441
11442
11442
11444
11444
11445
11446
11447
11447
11448
11448
11449
11449
11450
11451
11453
11456
11456
11457
11459
11460
11461
11461
11462
11462
11463
11463
11465
11465
11467
11468
11468
11468
11470
11473
11474
11474
11474
11474
11475
11475
11479
11481
11482
11483
11484
11486
11486
11487
11488
11488
11488
11489
11489
11489
11489
11490
11490
11490
11492
11493
11494
11495
11496
11496
11497
11499
11500
11502
11503
11504
11504
11505
11506
11507
11507
11507
11508
11508
11508
11508
11511
11516
11517
11518
11518
11519
11519
11521
11522
11523
11527
11528
11529
11529
11530
11530
11533
11533
11534
11535
11536
11537
11537
11537
11538
11539
11540
11542
11544
11544
11545
11545
11547
11547
11548
11548
11550
11553
11554
11557
11557
11559
11560
11561
11562
11565
11567
11567
11567
11567
11567
11568
11573
11573
11573
11575
11577
11578
11579
11580
11581
11582
11582
11582
11582
11585
11586
11586
11587
11587
11588
11588
11588
11589
11591
11591
11592
11592
11592
11593
11594
11595
11595
11596
11596
11597
11597
11598
11599
11602
11602
11604
11605
11605
11606
11607
11608
11609
11612
11612
11613
11613
11614
11614
11614
11615
11616
11617
11617
11619
11620
11624
11626
11626
11627
11627
11629
11629
11630
11631
11632
11633
11634
11634
11637
11638
11638
11640
11640
11641
11643
11645
11645
11646
11647
11651
11652
11654
11655
11656
11659
11659
11660
11663
11664
11664
11665
11667
11668
11668
11668
11669
11669
11671
11673
11674
11675
11675
11675
11677
11677
11681
11682
11683
11684
11684
11684
11686
11687
11688
11689
11690
11690
11692
11695
11696
11697
11697
11698
11699
11700
11701
11704
11705
11705
11705
11705
11705
11706
11707
11707
11708
11708
11709
11710
11710
11711
11712
11712
11712
11713
11714
11714
11719
11719
11721
11722
11723
11724
11726
11729
11729
11730
11730
11732
11733
11734
11735
11736
11737
11737
11737
11739
11739
11742
11743
11745
11755
11755
11757
11757
11760
11761
11762
11764
11764
11764
11765
11765
11766
11767
11767
11768
11768
11768
11769
11769
11771
11772
11773
11773
11774
11776
11778
11779
11780
11780
11782
11784
11784
11786
11787
11789
11792
11794
11794
11795
11796
11798
11798
11800
11801
11802
11804
11804
11806
11807
11807
11808
11809
11809
11810
11811
11811
11813
11813
11813
11813
11815
11816
11816
11817
11817
11817
11818
11822
11823
11825
11825
11826
11827
11828
11828
11828
11829
11829
11830
11831
11831
11832
11832
11833
11835
11837
11840
11842
11843
11844
11846
11846
11846
11847
11848
11848
11849
11850
11851
11851
11853
11853
11854
11854
11856
11856
11856
11858
11861
11861
11863
11865
11867
11867
11868
11869
11869
11870
11872
11872
11873
11873
11874
11876
11876
11877
11877
11877
11878
11879
11880
11882
11883
11883
11885
11888
11890
11890
11890
11891
11891
11891
11892
11893
11893
11894
11894
11896
11897
11899
11900
11900
11900
11901
11901
11903
11903
11903
11904
11905
11906
11907
11907
11907
11908
11909
11909
11910
11911
11912
11914
11916
11919
11919
11919
11921
11921
11921
11922
11922
11924
11927
11929
11929
11931
11932
11934
11935
11937
11939
11939
11943
11943
11943
11944
11944
11945
11945
11945
11946
11947
11947
11948
11948
11948
11949
11950
11950
11950
11955
11956
11957
11959
11962
11963
11964
11965
11965
11965
11966
11968
11968
11969
11970
11970
11971
11976
11978
11979
11980
11981
11982
11983
11984
11985
11985
11987
11989
11989
11990
11995
11996
11996
11997
11997
11998
11998
11998
11998
12000
12000
12000
12001
12004
12006
12006
12008
12008
12010
12010
12011
12013
12013
12014
12014
12015
12015
12018
12018
12019
12020
12021
12021
12024
12024
12025
12025
12029
12029
12031
12033
12033
12033
12033
12034
12037
12039
12039
12041
12045
12045
12046
12046
12047
12048
12048
12049
12052
12052
12053
12054
12054
12055
12056
12057
12060
12062
12062
12062
12063
12063
12064
12064
12065
12069
12069
12070
12072
12074
12075
12077
12078
12078
12080
12081
12081
12083
12083
12084
12085
12085
12085
12086
12086
12088
12089
12089
12090
12093
12093
12095
12096
12096
12097
12099
12099
12103
12103
12105
12105
12105
12105
12105
12106
12110
12111
12111
12111
12112
12112
12113
12115
12119
12120
12120
12121
12121
12122
12124
12124
12125
12125
12126
12127
12127
12127
12129
12129
12133
12133
12135
12135
12136
12140
12141
12142
12143
12144
12144
12144
12144
12145
12145
12146
12146
12146
12147
12147
12147
12149
12149
12150
12150
12151
12151
12151
12153
12153
12153
12154
12154
12154
12155
12155
12155
12157
12158
12159
12159
12160
12160
12162
12162
12162
12164
12165
12167
12168
12170
12170
12170
12172
12174
12175
12176
12176
12176
12176
12177
12177
12178
12180
12181
12182
12183
12185
12189
12189
12190
12190
12192
12192
12194
12194
12194
12195
12197
12197
12198
12199
12199
12199
12200
12200
12200
12202
12202
12203
12203
12205
12207
12207
12208
12208
12208
12208
12208
12209
12209
12210
12210
12210
12210
12211
12211
12212
12212
12213
12214
12214
12215
12216
12216
12216
12218
12218
12219
12223
12225
12226
12228
12228
12229
12230
12231
12231
12231
12232
12232
12232
12232
12233
12235
12236
12236
12237
12237
12237
12238
12238
12238
12241
12244
12245
12246
12247
12249
12249
12250
12250
12250
12250
12251
12252
12254
12255
12255
12255
12257
12260
12260
12261
12263
12267
12271
12272
12274
12274
12276
12277
12278
12279
12281
12281
12283
12283
12285
12290
12290
12290
12291
12291
12293
12293
12295
12296
12296
12296
12296
12297
12297
12298
12299
12300
12301
12303
12303
12303
12303
12306
12308
12308
12310
12310
12313
12315
12316
12316
12319
12323
12323
12323
12324
12324
12325
12325
12325
12326
12329
12329
12329
12330
12335
12335
12335
12336
12337
12339
12339
12340
12341
12342
12344
12345
12346
12346
12347
12347
12347
12348
12348
12350
12350
12353
12353
12354
12355
12355
12357
12359
12359
12360
12360
12363
12364
12365
12369
12370
12370
12371
12371
12372
12372
12372
12373
12377
12379
12379
12379
12380
12382
12382
12385
12387
12387
12387
12387
12390
12391
12392
12393
12393
12393
12393
12393
12393
12397
12397
12401
12401
12401
12405
12407
12411
12412
12413
12414
12415
12415
12417
12418
12419
12420
12421
12422
12422
12422
12423
12423
12424
12426
12426
12428
12429
12429
12430
12430
12431
12432
12433
12433
12434
12434
12438
12438
12443
12443
12443
12444
12447
12447
12448
12452
12453
12455
12457
12459
12459
12459
12460
12463
12464
12465
12467
12468
12468
12469
12470
12471
12472
12472
12474
12474
12475
12475
12477
12478
12478
12479
12479
12480
12482
12482
12482
12482
12484
12486
12486
12488
12488
12489
12491
12491
12493
12493
12495
12495
12496
12496
12496
12497
12497
12500
12502
12502
12504
12504
12506
12508
12508
12508
12510
12512
12514
12515
12516
12516
12516
12516
12522
12523
12525
12527
12527
12528
12530
12530
12532
12534
12534
12534
12534
12534
12535
12537
12537
12537
12538
12538
12539
12539
12539
12540
12541
12541
12542
12544
12544
12544
12545
12545
12546
12546
12548
12548
12548
12549
12550
12552
12554
12554
12554
12555
12556
12557
12557
12558
12558
12560
12561
12563
12564
12566
12571
12573
12578
12579
12580
12580
12580
12581
12584
12584
12586
12587
12588
12588
12588
12588
12590
12590
12591
12591
12591
12591
12591
12592
12593
12594
12595
12596
12596
12596
12597
12597
12599
12599
12599
12601
12601
12601
12602
12602
12602
12603
12603
12603
12603
12606
12608
12608
12608
12610
12611
12614
12615
12617
12617
12618
12618
12619
12621
12622
12623
12623
12625
12625
12625
12626
12626
12626
12627
12629
12629
12630
12631
12633
12634
12635
12635
12637
12639
12639
12639
12640
12640
12640
12644
12645
12646
12648
12649
12649
12650
12650
12651
12653
12654
12656
12657
12657
12657
12659
12661
12667
12667
12671
12672
12672
12672
12673
12674
12674
12675
12675
12678
12678
12678
12678
12679
12680
12681
12682
12683
12683
12684
12687
12687
12688
12689
12690
12692
12693
12695
12695
12696
12697
12698
12699
12699
12699
12699
12699
12701
12701
12702
12704
12706
12706
12707
12708
12709
12709
12711
12712
12713
12713
12713
12715
12715
12716
12717
12720
12720
12720
12722
12724
12724
12725
12725
12725
12726
12726
12726
12728
12728
12730
12730
12730
12731
12732
12734
12735
12735
12736
12737
12741
12742
12747
12748
12748
12751
12751
12751
12753
12755
12759
12759
12759
12759
12760
12760
12762
12765
12765
12766
12766
12772
12772
12773
12776
12777
12777
12784
12784
12784
12785
12786
12787
12789
12790
12790
12793
12794
12794
12798
12800
12800
12801
12801
12801
12802
12802
12804
12806
12807
12810
12812
12814
12815
12815
12815
12815
12816
12816
12816
12817
12818
12820
12822
12823
12825
12825
12825
12828
12828
12828
12830
12832
12834
12834
12835
12835
12836
12841
12841
12842
12844
12844
12845
12845
12846
12846
12848
12850
12851
12853
12853
12853
12854
12856
12857
12859
12860
12862
12862
12865
12870
12870
12872
12873
12873
12874
12874
12882
12883
12883
12883
12884
12886
12886
12887
12891
12891
12892
12892
12894
12898
12900
12901
12901
12901
12902
12903
12904
12906
12906
12908
12909
12910
12910
12911
12911
12912
12919
12919
12921
12922
12922
12922
12924
12926
12927
12929
12930
12930
12930
12930
12931
12931
12933
12934
12935
12935
12938
12939
12939
12940
12942
12942
12943
12944
12945
12945
12945
12946
12949
12949
12951
12951
12954
12956
12957
12959
12960
12961
12962
12966
12966
12966
12967
12967
12968
12968
12968
12968
12969
12969
12970
12971
12971
12971
12974
12974
12975
12975
12978
12978
12978
12979
12980
12980
12980
12982
12983
12983
12984
12984
12985
12986
12986
12986
12987
12988
12989
12989
12994
12994
12994
12994
12995
12995
12995
12996
12997
12998
12999
13000
13002
13005
13006
13007
13011
13012
13012
13014
13014
13014
13016
13016
13017
13017
13017
13018
13018
13019
13020
13021
13022
13023
13023
13023
13024
13025
13027
13027
13028
13029
13038
13038
13039
13039
13041
13041
13041
13042
13042
13043
13043
13044
13044
13045
13052
13055
13057
13058
13058
13059
13059
13060
13061
13061
13064
13066
13066
13066
13067
13067
13068
13068
13069
13071
13071
13071
13073
13074
13074
13074
13075
13075
13078
13078
13079
13081
13082
13082
13083
13084
13085
13087
13089
13092
13092
13093
13097
13099
13101
13102
13102
13102
13104
13105
13107
13108
13109
13111
13112
13112
13113
13114
13114
13117
13120
13120
13123
13123
13123
13124
13124
13126
13126
13126
13127
13127
13127
13130
13130
13131
13132
13132
13133
13133
13134
13134
13137
13137
13138
13139
13141
13142
13143
13144
13145
13145
13146
13148
13148
13151
13151
13152
13154
13156
13157
13159
13159
13161
13161
13162
13164
13164
13166
13168
13168
13169
13171
13171
13172
13173
13173
13174
13174
13174
13176
13178
13179
13181
13182
13182
13183
13183
13183
13187
13187
13190
13190
13191
13191
13192
13195
13195
13196
13198
13198
13198
13199
13200
13201
13203
13204
13205
13205
13205
13205
13207
13207
13210
13210
13210
13211
13211
13212
13213
13214
13214
13214
13216
13217
13217
13218
13218
13219
13219
13221
13221
13225
13226
13228
13228
13229
13229
13230
13230
13233
13233
13235
13236
13236
13236
13239
13240
13240
13240
13245
13245
13246
13246
13247
13249
13249
13254
13257
13261
13261
13262
13263
13263
13264
13265
13265
13266
13268
13269
13270
13270
13272
13273
13274
13276
13276
13276
13276
13277
13278
13279
13280
13282
13284
13285
13285
13285
13287
13290
13290
13291
13291
13293
13294
13294
13295
13298
13299
13300
13302
13303
13305
13307
13307
13309
13309
13309
13310
13311
13311
13311
13312
13312
13314
13315
13317
13318
13318
13318
13319
13321
13322
13323
13325
13326
13327
13327
13327
13328
13328
13328
13329
13330
13331
13331
13332
13332
13333
13334
13337
13337
13338
13339
13339
13340
13340
13341
13342
13344
13344
13344
13344
13345
13346
13347
13347
13349
13349
13350
13350
13351
13353
13354
13354
13356
13357
13358
13360
13363
13364
13366
13366
13366
13368
13368
13370
13371
13371
13371
13372
13373
13375
13376
13378
13378
13379
13379
13380
13380
13381
13383
13384
13385
13388
13388
13389
13390
13390
13391
13391
13391
13391
13392
13393
13393
13394
13394
13394
13394
13394
13394
13396
13396
13399
13403
13404
13404
13404
13411
13411
13412
13412
13412
13413
13414
13414
13417
13420
13421
13423
13426
13428
13428
13428
13429
13429
13429
13431
13432
13432
13432
13433
13435
13436
13438
13438
13438
13441
13441
13441
13442
13443
13444
13444
13444
13445
13446
13446
13447
13447
13448
13450
13451
13453
13455
13455
13456
13456
13456
13456
13457
13459
13460
13461
13465
13467
13467
13468
13468
13468
13469
13471
13472
13473
13473
13478
13479
13479
13480
13481
13481
13481
13482
13482
13483
13484
13484
13486
13486
13487
13489
13491
13492
13492
13493
13494
13494
13495
13496
13497
13497
13498
13499
13500
13501
13501
13503
13503
13504
13504
13504
13505
13505
13505
13505
13505
13505
13506
13508
13515
13515
13515
13518
13520
13521
13521
13521
13521
13523
13524
13524
13525
13527
13529
13529
13529
13531
13531
13532
13533
13535
13535
13536
13538
13538
13539
13541
13541
13542
13542
13543
13543
13544
13545
13545
13546
13547
13549
13550
13550
13551
13552
13553
13555
13556
13558
13558
13558
13560
13561
13563
13564
13565
13566
13567
13567
13567
13567
13569
13570
13570
13571
13571
13572
13572
13573
13574
13574
13575
13576
13576
13579
13579
13580
13580
13580
13580
13581
13582
13582
13584
13585
13585
13587
13588
13589
13589
13592
13593
13593
13594
13594
13595
13596
13596
13597
13599
13600
13601
13602
13606
13606
13606
13608
13608
13609
13610
13611
13611
13613
13614
13614
13614
13615
13615
13616
13620
13621
13622
13626
13628
13629
13629
13630
13631
13633
13635
13637
13638
13640
13640
13641
13641
13642
13642
13642
13642
13643
13643
13645
13645
13646
13647
13647
13648
13649
13650
13650
13651
13655
13656
13656
13657
13657
13658
13660
13660
13660
13661
13662
13663
13664
13665
13665
13667
13668
13668
13670
13673
13673
13673
13674
13674
13676
13676
13678
13678
13679
13679
13680
13680
13681
13683
13683
13685
13688
13689
13689
13689
13689
13690
13692
13693
13694
13695
13697
13699
13700
13701
13702
13703
13704
13704
13705
13705
13706
13707
13708
13708
13710
13710
13711
13712
13714
13714
13714
13715
13715
13716
13716
13716
13717
13718
13720
13721
13723
13723
13724
13725
13725
13725
13726
13728
13728
13729
13730
13731
13733
13733
13734
13735
13735
13735
13735
13736
13736
13736
13738
13738
13739
13740
13741
13742
13742
13742
13744
13745
13746
13747
13748
13748
13748
13751
13752
13753
13754
13754
13755
13756
13757
13757
13758
13760
13761
13762
13762
13763
13764
13764
13767
13768
13769
13771
13773
13774
13776
13777
13777
13779
13781
13783
13786
13786
13788
13792
13794
13799
13800
13800
13800
13800
13803
13804
13805
13805
13805
13806
13807
13807
13807
13810
13811
13813
13813
13814
13814
13816
13817
13817
13819
13820
13823
13823
13823
13824
13825
13826
13826
13830
13831
13834
13835
13835
13835
13836
13838
13838
13838
13838
13839
13841
13841
13843
13845
13845
13845
13846
13847
13849
13850
13851
13853
13853
13854
13855
13856
13857
13857
13859
13861
13862
13863
13864
13864
13865
13866
13866
13867
13867
13871
13871
13873
13873
13874
13875
13875
13875
13875
13876
13876
13876
13876
13877
13877
13878
13879
13879
13880
13881
13881
13882
13882
13883
13884
13884
13884
13886
13886
13887
13888
13889
13889
13894
13895
13895
13895
13895
13896
13897
13899
13899
13899
13900
13901
13903
13904
13905
13906
13907
13907
13908
13909
13909
13909
13914
13914
13916
13916
13917
13918
13920
13921
13925
13926
13927
13929
13930
13930
13932
13932
13933
13937
13937
13938
13939
13942
13945
13947
13949
13950
13954
13955
13958
13959
13959
13963
13963
13963
13963
13967
13968
13969
13970
13971
13972
13975
13975
13976
13976
13977
13978
13978
13979
13982
13983
13984
13989
13989
13992
13993
13998
13999
14000
14001
14001
14001
14003
14004
14005
14008
14008
14009
14010
14010
14010
14010
14012
14013
14016
14016
14017
14017
14018
14019
14019
14020
14020
14020
14020
14020
14020
14021
14021
14022
14023
14024
14024
14025
14027
14029
14032
14033
14034
14039
14040
14040
14041
14042
14043
14044
14044
14044
14045
14045
14045
14046
14046
14051
14052
14052
14053
14053
14054
14054
14055
14055
14057
14059
14060
14061
14061
14062
14063
14064
14066
14068
14070
14072
14072
14073
14073
14074
14075
14077
14078
14078
14081
14082
14083
14085
14085
14085
14086
14086
14087
14089
14090
14091
14091
14093
14093
14093
14093
14094
14094
14095
14096
14096
14097
14097
14098
14099
14100
14100
14102
14103
14103
14103
14103
14103
14107
14107
14108
14108
14109
14109
14110
14110
14111
14111
14112
14115
14115
14116
14116
14117
14118
14121
14123
14129
14129
14130
14135
14137
14138
14141
14144
14144
14144
14145
14146
14146
14148
14148
14148
14151
14151
14152
14153
14153
14153
14154
14156
14156
14158
14159
14159
14159
14160
14160
14161
14161
14161
14162
14164
14165
14165
14165
14165
14166
14167
14168
14168
14168
14169
14170
14171
14172
14174
14175
14176
14176
14177
14178
14181
14183
14183
14183
14184
14184
14184
14184
14186
14186
14187
14188
14189
14190
14190
14191
14191
14191
14193
14195
14195
14195
14196
14197
14200
14204
14205
14206
14206
14211
14213
14213
14213
14213
14214
14216
14217
14218
14218
14220
14220
14221
14221
14222
14224
14224
14225
14225
14227
14228
14230
14230
14231
14233
14234
14234
14235
14235
14236
14239
14240
14240
14243
14243
14245
14247
14247
14247
14249
14249
14250
14251
14251
14252
14254
14256
14256
14256
14256
14257
14257
14258
14258
14259
14260
14260
14261
14261
14263
14263
14265
14265
14265
14265
14269
14270
14271
14272
14272
14276
14276
14277
14280
14281
14282
14284
14285
14287
14288
14289
14292
14292
14292
14293
14294
14295
14296
14297
14298
14299
14299
14300
14301
14304
14304
14305
14305
14305
14306
14307
14307
14307
14308
14308
14311
14312
14312
14313
14314
14315
14315
14315
14316
14316
14316
14318
14319
14319
14321
14322
14323
14323
14323
14324
14324
14324
14324
14324
14324
14325
14326
14327
14327
14328
14331
14331
14334
14336
14340
14342
14342
14342
14343
14346
14350
14352
14352
14352
14354
14354
14356
14359
14360
14364
14365
14367
14367
14368
14368
14369
14369
14371
14373
14373
14373
14374
14374
14375
14376
14376
14384
14386
14388
14388
14390
14390
14391
14392
14393
14394
14394
14394
14394
14395
14395
14396
14396
14396
14399
14400
14402
14404
14405
14405
14409
14409
14409
14409
14411
14411
14412
14413
14413
14415
14415
14416
14416
14420
14421
14423
14424
14424
14425
14427
14427
14428
14430
14432
14432
14434
14436
14436
14438
14438
14439
14442
14442
14442
14443
14443
14443
14444
14444
14445
14445
14449
14450
14451
14451
14451
14451
14452
14452
14453
14454
14456
14456
14457
14462
14464
14465
14466
14470
14472
14473
14474
14474
14474
14474
14475
14476
14476
14479
14480
14480
14480
14482
14483
14483
14484
14485
14486
14487
14488
14489
14491
14491
14491
14491
14491
14491
14493
14493
14494
14495
14497
14497
14501
14502
14502
14503
14503
14504
14504
14504
14505
14506
14507
14510
14510
14511
14512
14514
14515
14515
14517
14519
14519
14519
14520
14520
14521
14521
14521
14522
14522
14523
14526
14528
14528
14528
14529
14529
14530
14531
14533
14534
14534
14535
14536
14536
14536
14537
14537
14537
14539
14539
14540
14540
14540
14541
14542
14543
14543
14544
14546
14546
14547
14548
14549
14549
14549
14552
14553
14554
14554
14555
14557
14558
14559
14559
14559
14559
14560
14561
14561
14564
14565
14567
14569
14569
14569
14570
14571
14571
14573
14574
14575
14580
14580
14583
14585
14586
14587
14587
14588
14590
14590
14591
14593
14594
14595
14597
14597
14597
14600
14600
14603
14605
14605
14606
14608
14608
14608
14612
14612
14612
14614
14614
14615
14615
14618
14619
14620
14627
14629
14630
14631
14632
14633
14634
14635
14635
14637
14638
14639
14639
14643
14643
14644
14644
14646
14647
14648
14651
14652
14652
14652
14653
14654
14654
14654
14654
14655
14655
14657
14657
14658
14658
14659
14660
14662
14664
14664
14664
14667
14667
14668
14668
14668
14669
14669
14670
14671
14672
14672
14674
14675
14675
14677
14678
14678
14680
14680
14681
14682
14683
14683
14685
14686
14689
14689
14691
14691
14691
14691
14692
14692
14692
14692
14693
14694
14695
14698
14698
14698
14700
14701
14701
14702
14702
14702
14704
14704
14705
14705
14707
14708
14712
14712
14712
14712
14713
14714
14715
14715
14715
14719
14719
14721
14722
14722
14723
14724
14725
14725
14725
14728
14728
14728
14730
14731
14732
14734
14734
14736
14736
14736
14736
14737
14739
14740
14740
14742
14744
14744
14745
14746
14746
14747
14748
14748
14748
14748
14749
14749
14750
14752
14755
14755
14755
14755
14755
14756
14757
14763
14764
14765
14765
14766
14767
14768
14769
14772
14773
14773
14773
14774
14774
14775
14776
14777
14777
14777
14779
14779
14779
14781
14781
14781
14782
14782
14783
14784
14785
14786
14786
14788
14789
14790
14792
14793
14793
14796
14796
14796
14797
14797
14798
14798
14800
14800
14802
14802
14802
14803
14803
14805
14805
14805
14805
14807
14807
14808
14809
14809
14811
14811
14811
14812
14813
14813
14815
14816
14818
14820
14821
14822
14824
14825
14825
14826
14826
14827
14827
14829
14830
14831
14832
14832
14833
14834
14837
14838
14839
14839
14840
14840
14841
14841
14841
14842
14844
14844
14844
14846
14846
14847
14850
14853
14853
14854
14855
14856
14858
14861
14862
14862
14864
14864
14865
14865
14865
14868
14868
14870
14870
14872
14874
14874
14874
14876
14878
14878
14879
14880
14881
14881
14882
14882
14882
14883
14884
14884
14885
14887
14887
14888
14890
14890
14891
14891
14892
14892
14892
14894
14894
14895
14898
14898
14899
14899
14899
14899
14902
14902
14903
14905
14906
14906
14907
14908
14910
14910
14911
14912
14913
14913
14914
14917
14918
14920
14921
14922
14922
14925
14927
14927
14929
14931
14931
14932
14932
14933
14934
14935
14937
14937
14937
14939
14943
14943
14944
14944
14945
14946
14947
14947
14950
14950
14953
14959
14962
14964
14965
14965
14966
14966
14967
14967
14967
14967
14968
14969
14970
14970
14971
14972
14972
14972
14972
14973
14976
14978
14978
14979
14980
14983
14983
14984
14985
14986
14987
14991
14993
14995
14997
14998
14998
14999
14999
15001
15006
15007
15008
15009
15009
15010
15010
15011
15011
15011
15011
15012
15012
15015
15016
15016
15018
15022
15022
15024
15024
15025
15027
15029
15029
15029
15030
15032
15033
15033
15035
15036
15036
15036
15037
15038
15038
15039
15039
15041
15041
15041
15044
15045
15045
15045
15045
15048
15049
15049
15050
15051
15051
15054
15055
15056
15059
15060
15060
15061
15063
15064
15065
15066
15067
15068
15070
15070
15071
15072
15073
15075
15075
15075
15075
15075
15077
15077
15077
15078
15080
15081
15083
15083
15086
15087
15088
15089
15090
15090
15090
15090
15093
15094
15095
15095
15095
15097
15097
15097
15098
15098
15101
15104
15105
15105
15106
15106
15107
15108
15108
15109
15111
15111
15112
15112
15112
15113
15114
15114
15115
15116
15116
15117
15117
15118
15119
15119
15123
15124
15124
15125
15125
15126
15127
15128
15128
15129
15129
15130
15130
15131
15131
15132
15132
15134
15135
15135
15136
15136
15136
15137
15140
15140
15141
15142
15142
15142
15145
15145
15145
15145
15145
15146
15147
15150
15151
15152
15155
15156
15159
15159
15159
15161
15162
15162
15165
15166
15167
15170
15170
15172
15172
15175
15175
15175
15176
15176
15177
15177
15178
15181
15183
15185
15185
15185
15185
15185
15186
15186
15187
15187
15187
15188
15188
15188
15188
15188
15188
15188
15188
15189
15189
15189
15191
15191
15192
15193
15194
15195
15195
15195
15195
15197
15198
15198
15199
15199
15199
15200
15201
15204
15207
15209
15212
15212
15212
15214
15215
15215
15216
15217
15217
15218
15219
15219
15219
15220
15222
15223
15223
15224
15224
15224
15225
15225
15226
15226
15226
15227
15230
15232
15234
15235
15235
15236
15236
15237
15239
15239
15240
15242
15244
15244
15244
15247
15247
15247
15247
15247
15248
15248
15252
15252
15256
15256
15257
15258
15258
15259
15260
15260
15261
15262
15262
15263
15263
15263
15265
15266
15267
15267
15272
15273
15275
15275
15277
15277
15277
15278
15278
15278
15279
15279
15280
15281
15281
15283
15283
15284
15284
15286
15287
15288
15290
15291
15291
15293
15294
15295
15296
15296
15296
15297
15297
15297
15298
15298
15298
15301
15303
15305
15305
15306
15310
15310
15313
15313
15316
15316
15317
15320
15320
15321
15321
15322
15322
15324
15324
15325
15326
15327
15329
15330
15330
15331
15331
15331
15332
15332
15333
15333
15333
15334
15334
15334
15335
15336
15337
15337
15337
15338
15338
15339
15340
15341
15342
15342
15343
15343
15345
15345
15345
15347
15347
15349
15350
15351
15352
15355
15356
15356
15358
15359
15362
15362
15363
15364
15364
15364
15365
15365
15366
15367
15367
15368
15368
15369
15369
15369
15372
15372
15374
15374
15375
15375
15375
15377
15380
15382
15383
15383
15384
15385
15385
15388
15389
15390
15391
15391
15393
15393
15393
15393
15393
15396
15396
15398
15399
15400
15401
15401
15401
15402
15402
15403
15405
15407
15408
15411
15412
15412
15413
15413
15415
15416
15416
15416
15417
15418
15418
15420
15420
15420
15424
15426
15426
15430
15430
15432
15433
15434
15435
15436
15437
15438
15438
15438
15439
15442
15443
15443
15444
15444
15445
15445
15445
15445
15446
15450
15450
15450
15453
15453
15454
15455
15458
15458
15459
15460
15460
15465
15465
15465
15465
15466
15466
15467
15468
15468
15469
15470
15470
15471
15471
15472
15472
15472
15473
15473
15475
15477
15479
15480
15480
15483
15485
15487
15487
15487
15488
15488
15489
15489
15489
15490
15492
15492
15492
15492
15494
15496
15496
15497
15497
15498
15498
15499
15499
15501
15504
15505
15506
15507
15509
15509
15510
15510
15511
15511
15512
15512
15514
15514
15515
15517
15523
15523
15523
15524
15525
15526
15527
15527
15528
15529
15529
15530
15531
15531
15531
15532
15533
15535
15537
15538
15539
15539
15540
15541
15541
15542
15543
15543
15543
15543
15544
15545
15545
15546
15546
15546
15548
15550
15550
15550
15552
15554
15554
15555
15555
15556
15556
15559
15559
15560
15561
15561
15561
15562
15563
15563
15564
15564
15566
15567
15567
15568
15568
15568
15569
15570
15570
15570
15571
15573
15574
15575
15576
15583
15584
15585
15586
15586
15587
15588
15588
15588
15589
15591
15593
15595
15595
15595
15596
15596
15598
15601
15605
15609
15609
15609
15615
15615
15616
15620
15620
15621
15621
15623
15624
15624
15624
15626
15628
15630
15631
15632
15632
15633
15633
15633
15633
15634
15636
15636
15638
15638
15638
15639
15639
15640
15640
15640
15641
15641
15641
15642
15643
15646
15646
15646
15646
15647
15648
15649
15649
15650
15653
15654
15654
15656
15656
15660
15661
15661
15664
15664
15664
15665
15665
15666
15667
15667
15668
15668
15670
15673
15673
15675
15675
15676
15676
15679
15679
15679
15680
15681
15683
15684
15686
15687
15688
15690
15691
15692
15695
15696
15696
15696
15698
15700
15700
15702
15703
15703
15704
15705
15705
15707
15709
15709
15711
15712
15713
15714
15717
15717
15718
15718
15718
15719
15719
15721
15722
15722
15723
15725
15726
15726
15726
15727
15727
15728
15728
15731
15731
15733
15734
15735
15735
15735
15735
15738
15742
15742
15743
15744
15746
15749
15751
15753
15754
15757
15761
15763
15763
15763
15764
15765
15766
15766
15766
15769
15769
15772
15773
15773
15773
15775
15775
15776
15776
15780
15780
15781
15782
15782
15783
15783
15783
15783
15784
15786
15787
15787
15788
15790
15790
15791
15791
15792
15793
15794
15794
15795
15796
15796
15796
15797
15797
15800
15801
15801
15803
15804
15804
15805
15805
15806
15809
15811
15811
15812
15815
15816
15818
15819
15819
15821
15821
15822
15822
15823
15823
15825
15825
15826
15827
15827
15827
15827
15828
15831
15836
15837
15837
15841
15842
15843
15844
15846
15848
15848
15852
15853
15855
15857
15857
15857
15857
15858
15859
15859
15862
15864
15864
15867
15869
15870
15871
15871
15875
15876
15878
15878
15879
15879
15880
15881
15881
15881
15881
15883
15885
15886
15888
15888
15892
15893
15893
15894
15894
15894
15895
15896
15896
15896
15897
15898
15898
15899
15901
15901
15901
15906
15906
15906
15907
15908
15909
15910
15913
15915
15915
15916
15918
15919
15919
15920
15921
15922
15923
15923
15923
15924
15925
15930
15930
15932
15936
15936
15937
15938
15939
15940
15941
15941
15942
15942
15944
15944
15944
15945
15946
15949
15949
15950
15951
15951
15952
15953
15954
15954
15956
15957
15957
15958
15958
15958
15958
15958
15958
15959
15959
15962
15963
15964
15965
15965
15965
15965
15965
15966
15966
15966
15967
15971
15972
15972
15972
15972
15973
15974
15975
15975
15975
15976
15977
15977
15977
15978
15979
15980
15981
15981
15981
15984
15985
15986
15987
15988
15989
15990
15990
15991
15991
15992
15995
15997
15997
15998
15998
16000
arquivo ordenado pelo algoritmo heapsort tempo da ordenao = 13.2651 milisegundos

