2
4
16
25
30
37
44
52
62
62
72
78
88
91
92
92
93
100
103
104
105
112
113
115
118
123
124
129
132
139
141
143
155
155
162
169
170
170
186
194
202
205
212
218
220
225
232
242
243
251
256
256
257
259
272
277
279
280
290
299
300
300
306
306
309
314
322
325
327
329
341
347
349
353
360
362
378
382
382
386
386
389
398
410
421
421
421
425
425
427
431
436
443
449
452
466
467
476
476
486
486
486
490
490
494
496
499
505
510
511
513
517
519
521
522
522
524
531
537
539
548
556
557
559
559
562
564
566
566
576
578
585
586
594
600
601
603
603
603
611
614
618
620
621
631
631
635
647
651
652
657
659
660
670
676
689
692
696
697
701
704
706
713
713
723
728
729
730
741
743
744
749
749
758
765
768
771
772
772
774
774
778
780
780
787
797
812
813
817
826
827
832
836
845
848
849
854
857
862
876
882
883
886
893
906
908
933
946
950
953
957
958
961
966
969
973
975
978
982
983
984
989
995
999
1008
1011
1014
1015
1032
1035
1036
1044
1057
1063
1064
1068
1069
1070
1074
1085
1090
1093
1095
1096
1098
1099
1099
1110
1111
1112
1116
1116
1122
1123
1127
1129
1130
1134
1134
1148
1149
1153
1156
1161
1174
1176
1184
1186
1196
1197
1204
1205
1209
1211
1214
1216
1218
1226
1227
1228
1237
1237
1240
1249
1249
1263
1275
1277
1281
1281
1287
1291
1299
1303
1305
1315
1326
1326
1332
1344
1344
1347
1347
1352
1356
1360
1364
1366
1367
1368
1372
1386
1387
1388
1388
1394
1398
1402
1404
1405
1406
1410
1413
1415
1417
1419
1420
1420
1422
1429
1435
1436
1441
1451
1455
1455
1460
1461
1475
1480
1485
1488
1499
1510
1514
1515
1517
1517
1519
1520
1529
1533
1533
1534
1537
1538
1538
1540
1543
1549
1551
1555
1559
1561
1561
1562
1564
1568
1580
1582
1584
1587
1587
1591
1598
1600
1604
1606
1613
1623
1627
1631
1635
1637
1642
1646
1647
1649
1652
1657
1658
1667
1672
1672
1673
1673
1676
1688
1690
1694
1701
1714
1716
1741
1749
1750
1751
1754
1756
1763
1768
1773
1779
1781
1782
1783
1786
1788
1789
1799
1801
1802
1803
1805
1806
1810
1810
1814
1815
1819
1820
1823
1834
1834
1841
1847
1848
1851
1860
1863
1869
1873
1874
1878
1878
1879
1880
1881
1886
1888
1889
1891
1893
1895
1895
1895
1896
1897
1901
1903
1905
1906
1911
1915
1919
1921
1942
1945
1945
1946
1950
1953
1955
1967
1970
1972
1975
1976
1980
1980
1981
1981
1987
2010
2014
2014
2025
2033
2034
2035
2039
2046
2052
2053
2060
2063
2080
2083
2084
2089
2091
2094
2095
2095
2102
2102
2102
2109
2111
2111
2116
2118
2131
2134
2138
2139
2155
2155
2164
2167
2168
2172
2182
2186
2191
2195
2199
2200
2204
2207
2220
2220
2223
2226
2229
2229
2230
2239
2240
2242
2253
2269
2277
2278
2280
2285
2287
2295
2300
2303
2307
2311
2313
2324
2325
2328
2332
2336
2341
2345
2350
2352
2360
2362
2365
2370
2371
2380
2380
2383
2384
2395
2396
2397
2397
2399
2400
2403
2404
2405
2409
2424
2448
2451
2454
2471
2487
2488
2490
2502
2506
2507
2511
2517
2523
2524
2525
2534
2534
2536
2540
2541
2548
2549
2550
2562
2563
2572
2575
2580
2582
2583
2585
2598
2599
2599
2599
2601
2604
2610
2621
2626
2627
2632
2635
2641
2644
2646
2647
2654
2657
2665
2669
2670
2677
2684
2685
2691
2694
2695
2696
2699
2700
2704
2705
2706
2709
2709
2713
2715
2717
2721
2723
2727
2737
2746
2752
2766
2767
2769
2779
2784
2785
2790
2800
2807
2815
2816
2817
2823
2831
2831
2840
2845
2848
2852
2852
2869
2870
2873
2878
2879
2890
2890
2891
2894
2896
2898
2899
2903
2908
2921
2929
2930
2938
2942
2944
2947
2953
2954
2959
2960
2961
2971
2974
2984
2988
2994
3001
3003
3008
3009
3016
3035
3039
3042
3044
3044
3051
3059
3062
3070
3072
3076
3082
3082
3084
3086
3087
3093
3094
3097
3102
3103
3106
3107
3109
3110
3114
3117
3120
3126
3127
3128
3130
3132
3142
3146
3147
3150
3155
3156
3158
3161
3163
3170
3171
3176
3180
3183
3184
3186
3188
3189
3189
3192
3194
3198
3200
3204
3219
3224
3231
3237
3243
3248
3253
3254
3255
3256
3272
3276
3277
3279
3281
3284
3286
3287
3293
3296
3298
3304
3310
3311
3314
3316
3319
3320
3324
3326
3326
3334
3338
3339
3341
3348
3350
3351
3360
3360
3361
3364
3364
3365
3366
3372
3373
3376
3379
3382
3384
3390
3398
3402
3403
3406
3406
3410
3418
3422
3425
3427
3429
3430
3435
3440
3448
3452
3458
3465
3470
3470
3473
3474
3477
3489
3495
3498
3500
3502
3510
3511
3514
3517
3518
3518
3519
3527
3532
3534
3536
3537
3538
3539
3540
3540
3542
3551
3551
3556
3557
3560
3565
3569
3571
3574
3576
3577
3579
3581
3583
3587
3587
3596
3601
3602
3608
3609
3610
3611
3612
3614
3620
3626
3630
3636
3637
3645
3647
3650
3652
3652
3652
3658
3661
3666
3666
3667
3673
3682
3686
3692
3693
3695
3703
3704
3707
3708
3712
3713
3719
3719
3722
3723
3732
3737
3739
3740
3745
3750
3751
3754
3763
3772
3773
3783
3794
3798
3801
3803
3803
3807
3816
3816
3816
3818
3819
3821
3832
3834
3840
3841
3849
3849
3854
3864
3865
3872
3877
3877
3881
3882
3887
3888
3895
3897
3900
3902
3903
3909
3913
3920
3930
3932
3939
3943
3956
3958
3963
3971
3979
3981
3987
3990
3996
4000
4003
4005
4021
4023
4035
4037
4039
4043
4046
4047
4054
4056
4062
4063
4066
4076
4076
4076
4076
4081
4083
4084
4086
4087
4088
4101
4102
4102
4110
4115
4117
4120
4122
4127
4131
4135
4135
4137
4142
4147
4158
4159
4160
4168
4171
4177
4179
4184
4190
4194
4195
4196
4198
4199
4200
4205
4213
4214
4215
4215
4216
4222
4223
4223
4224
4225
4227
4234
4239
4242
4243
4246
4246
4255
4256
4256
4259
4260
4261
4263
4263
4265
4266
4267
4268
4270
4270
4274
4277
4283
4287
4289
4290
4293
4300
4315
4317
4319
4327
4328
4336
4337
4346
4351
4355
4356
4358
4366
4372
4373
4382
4382
4385
4386
4386
4386
4388
4390
4390
4392
4398
4403
4406
4406
4407
4411
4415
4415
4421
4426
4441
4443
4449
4465
4470
4478
4485
4488
4493
4499
4501
4505
4508
4516
4517
4519
4522
4522
4527
4529
4530
4530
4534
4536
4542
4543
4551
4551
4556
4558
4558
4559
4564
4564
4570
4571
4571
4574
4575
4576
4577
4577
4582
4583
4587
4592
4595
4604
4606
4606
4608
4610
4613
4621
4623
4623
4627
4627
4636
4641
4645
4650
4656
4662
4663
4664
4670
4679
4680
4681
4681
4691
4700
4700
4703
4719
4725
4730
4732
4742
4746
4747
4749
4753
4767
4767
4768
4769
4769
4776
4777
4777
4777
4777
4789
4795
4796
4799
4799
4800
4808
4810
4811
4819
4844
4847
4848
4850
4854
4854
4856
4862
4862
4864
4872
4879
4897
4900
4910
4911
4912
4916
4918
4921
4925
4929
4941
4954
4955
4959
4959
4960
4964
4965
4978
4984
4987
4991
4991
4991
4996
4998
4998
5001
5005
5007
5009
5016
5017
5018
5022
5026
5028
5035
5049
5052
5062
5074
5075
5076
5078
5079
5080
5082
5083
5086
5088
5088
5095
5100
5104
5106
5112
5115
5120
5123
5124
5128
5131
5138
5142
5142
5147
5150
5156
5158
5160
5169
5170
5171
5172
5177
5179
5185
5188
5192
5196
5204
5211
5211
5217
5218
5222
5227
5234
5239
5243
5246
5261
5262
5264
5271
5277
5277
5283
5285
5287
5289
5294
5302
5307
5308
5309
5310
5312
5335
5336
5343
5347
5347
5353
5353
5356
5364
5367
5377
5392
5411
5411
5419
5426
5429
5442
5449
5462
5469
5471
5476
5476
5476
5478
5478
5483
5495
5496
5499
5508
5509
5511
5513
5515
5515
5520
5529
5536
5540
5550
5555
5574
5576
5577
5577
5581
5581
5583
5588
5591
5592
5593
5607
5611
5613
5613
5617
5618
5622
5625
5627
5631
5637
5638
5639
5640
5644
5648
5651
5661
5665
5666
5673
5683
5685
5692
5692
5693
5705
5708
5708
5714
5714
5729
5729
5729
5732
5738
5738
5739
5740
5742
5747
5748
5749
5751
5763
5768
5772
5772
5778
5778
5787
5793
5795
5800
5808
5809
5812
5815
5822
5823
5828
5828
5830
5830
5837
5839
5843
5847
5847
5849
5852
5862
5864
5868
5874
5882
5882
5883
5884
5903
5906
5909
5911
5914
5921
5931
5934
5942
5942
5946
5950
5954
5962
5972
5984
5986
5990
5993
6003
6005
6008
6009
6011
6016
6017
6021
6021
6023
6031
6036
6040
6041
6044
6044
6049
6053
6053
6054
6060
6061
6075
6079
6084
6084
6095
6099
6100
6104
6116
6117
6118
6119
6123
6124
6129
6131
6133
6134
6139
6139
6147
6148
6150
6151
6152
6157
6159
6160
6163
6167
6168
6181
6183
6196
6207
6209
6220
6220
6226
6230
6231
6236
6243
6250
6253
6255
6257
6259
6266
6267
6273
6280
6283
6286
6296
6300
6302
6304
6318
6321
6321
6321
6321
6322
6325
6328
6341
6349
6349
6353
6353
6354
6357
6362
6363
6370
6378
6383
6387
6387
6389
6390
6393
6393
6397
6397
6398
6405
6413
6415
6415
6420
6423
6424
6434
6444
6446
6447
6449
6453
6476
6477
6479
6480
6480
6480
6484
6484
6486
6487
6488
6494
6508
6509
6516
6518
6521
6522
6535
6535
6536
6537
6540
6555
6559
6560
6563
6577
6579
6582
6583
6586
6590
6601
6601
6615
6618
6620
6620
6622
6628
6658
6659
6666
6673
6679
6685
6686
6687
6691
6694
6698
6700
6701
6706
6714
6715
6724
6726
6738
6741
6742
6743
6745
6746
6746
6751
6753
6753
6755
6763
6766
6770
6771
6776
6783
6785
6790
6793
6793
6801
6802
6807
6810
6814
6817
6820
6824
6824
6825
6830
6835
6843
6845
6845
6846
6849
6850
6853
6871
6877
6882
6886
6888
6895
6897
6898
6907
6908
6915
6921
6921
6932
6933
6940
6949
6952
6953
6955
6956
6958
6960
6962
6962
6965
6968
6969
6974
6974
6975
6976
6979
6985
6995
7004
7008
7020
7024
7029
7032
7039
7044
7053
7057
7065
7072
7072
7074
7076
7078
7078
7083
7086
7092
7094
7100
7103
7117
7119
7128
7129
7131
7138
7140
7141
7142
7146
7149
7149
7153
7153
7155
7155
7156
7157
7159
7168
7170
7173
7177
7178
7179
7185
7190
7193
7194
7199
7209
7224
7235
7236
7237
7239
7245
7250
7250
7250
7256
7257
7259
7259
7260
7267
7270
7276
7277
7278
7280
7283
7287
7288
7294
7295
7308
7313
7316
7325
7329
7331
7336
7340
7343
7344
7350
7359
7362
7367
7377
7377
7378
7391
7396
7402
7405
7406
7406
7409
7410
7411
7418
7422
7423
7424
7428
7431
7432
7433
7438
7439
7440
7444
7445
7446
7446
7454
7456
7473
7477
7477
7479
7483
7488
7489
7497
7497
7509
7510
7526
7530
7530
7537
7542
7547
7548
7553
7556
7563
7564
7565
7568
7581
7582
7584
7588
7589
7594
7596
7599
7600
7604
7606
7608
7608
7609
7610
7612
7623
7625
7633
7634
7636
7642
7644
7649
7655
7660
7667
7671
7677
7677
7678
7680
7682
7690
7693
7693
7696
7701
7703
7706
7713
7717
7720
7720
7721
7725
7726
7731
7740
7742
7754
7757
7763
7763
7769
7770
7774
7777
7779
7796
7798
7803
7810
7815
7816
7822
7828
7833
7836
7839
7841
7842
7860
7863
7868
7869
7873
7874
7876
7880
7885
7896
7909
7915
7915
7920
7927
7943
7951
7951
7951
7952
7971
7973
7993
7994
7996
7997
8007
8007
8009
8014
8014
8016
8018
8024
8025
8032
8034
8037
8043
8051
8054
8055
8063
8067
8077
8085
8088
8099
8101
8103
8107
8112
8112
8113
8115
8116
8117
8118
8121
8127
8130
8137
8140
8143
8147
8149
8155
8162
8163
8164
8165
8168
8172
8172
8175
8177
8180
8181
8189
8192
8195
8196
8198
8208
8211
8211
8213
8219
8222
8227
8230
8236
8236
8241
8246
8252
8257
8258
8259
8259
8266
8276
8278
8279
8280
8281
8288
8305
8315
8318
8337
8338
8341
8346
8346
8366
8373
8374
8375
8375
8378
8385
8389
8389
8389
8396
8397
8406
8407
8411
8415
8416
8419
8421
8428
8429
8432
8434
8437
8442
8455
8456
8463
8463
8465
8469
8471
8476
8482
8483
8484
8485
8486
8490
8492
8492
8519
8524
8531
8534
8539
8539
8539
8542
8547
8551
8556
8561
8565
8581
8588
8588
8602
8604
8610
8616
8621
8627
8633
8633
8634
8637
8644
8645
8646
8655
8663
8663
8679
8679
8689
8692
8693
8698
8701
8701
8701
8702
8711
8720
8726
8730
8734
8739
8748
8751
8758
8761
8766
8779
8780
8783
8784
8784
8787
8791
8792
8795
8796
8813
8814
8814
8814
8816
8816
8817
8823
8824
8833
8837
8840
8840
8846
8849
8851
8853
8856
8856
8859
8864
8869
8870
8873
8875
8876
8880
8887
8892
8894
8897
8897
8899
8908
8920
8923
8924
8927
8928
8929
8929
8935
8944
8946
8947
8960
8964
8978
8979
8981
8984
8988
8996
8999
9000
9008
9010
9019
9020
9029
9033
9042
9048
9051
9052
9057
9057
9061
9067
9067
9077
9085
9086
9088
9092
9095
9099
9100
9105
9109
9111
9118
9131
9133
9136
9138
9138
9143
9150
9154
9175
9175
9184
9185
9190
9192
9203
9205
9215
9221
9221
9222
9225
9228
9237
9240
9240
9268
9270
9272
9273
9274
9276
9276
9284
9288
9291
9296
9299
9311
9311
9330
9335
9337
9337
9337
9338
9339
9340
9344
9367
9370
9383
9389
9393
9397
9411
9417
9419
9420
9427
9433
9451
9459
9460
9462
9469
9469
9472
9477
9480
9480
9483
9484
9490
9494
9501
9518
9521
9525
9529
9533
9535
9537
9544
9545
9555
9557
9558
9559
9562
9566
9573
9574
9577
9578
9584
9584
9585
9591
9595
9595
9597
9598
9603
9615
9624
9633
9633
9634
9637
9639
9639
9642
9645
9648
9648
9650
9662
9663
9663
9665
9666
9667
9674
9675
9682
9686
9692
9694
9695
9696
9706
9708
9709
9711
9714
9719
9721
9721
9725
9728
9741
9742
9743
9743
9747
9753
9757
9760
9765
9768
9770
9770
9771
9772
9774
9775
9776
9781
9783
9784
9787
9789
9791
9815
9820
9821
9822
9831
9832
9840
9845
9847
9851
9857
9868
9869
9872
9873
9886
9893
9895
9899
9904
9920
9922
9924
9925
9926
9926
9926
9929
9931
9931
9931
9934
9948
9949
9952
9954
9956
9957
9960
9966
9983
9988
9991
9998
9998
10000
10002
10012
10022
10023
10031
10032
10034
10036
10038
10052
10057
10058
10061
10065
10071
10071
10086
10089
10095
10104
10105
10121
10127
10128
10131
10133
10136
10143
10152
10153
10155
10158
10162
10162
10163
10164
10165
10166
10170
10180
10182
10185
10188
10195
10202
10208
10210
10216
10221
10222
10223
10233
10239
10239
10241
10257
10257
10259
10262
10270
10271
10278
10285
10290
10292
10295
10296
10298
10304
10307
10310
10318
10323
10331
10335
10336
10336
10340
10343
10344
10344
10357
10361
10363
10363
10369
10382
10390
10393
10396
10400
10404
10406
10408
10408
10413
10425
10426
10428
10429
10436
10445
10447
10448
10450
10452
10454
10454
10459
10467
10471
10476
10476
10478
10480
10483
10491
10494
10496
10496
10497
10501
10505
10508
10508
10509
10513
10514
10515
10516
10519
10526
10526
10537
10540
10541
10541
10542
10543
10550
10554
10554
10554
10558
10561
10562
10563
10565
10566
10570
10573
10577
10579
10584
10586
10590
10600
10605
10607
10610
10613
10615
10618
10624
10625
10625
10629
10639
10650
10662
10664
10668
10672
10672
10672
10683
10683
10687
10690
10692
10695
10695
10695
10701
10705
10706
10722
10728
10742
10742
10743
10745
10750
10752
10753
10758
10765
10770
10775
10782
10785
10795
10811
10828
10835
10841
10847
10850
10851
10853
10862
10867
10869
10869
10874
10877
10882
10883
10890
10898
10904
10906
10906
10915
10920
10925
10926
10928
10933
10939
10942
10946
10950
10955
10955
10957
10964
10971
10971
10980
10980
10982
10983
10986
10988
10998
11004
11006
11009
11023
11029
11033
11034
11038
11043
11046
11049
11050
11054
11054
11056
11060
11061
11062
11063
11063
11069
11069
11074
11075
11076
11080
11087
11089
11092
11092
11092
11093
11095
11117
11118
11118
11122
11123
11125
11128
11139
11141
11151
11153
11154
11155
11160
11160
11160
11167
11168
11173
11176
11183
11190
11206
11207
11210
11211
11211
11213
11214
11217
11217
11218
11226
11229
11244
11248
11257
11261
11265
11269
11270
11274
11283
11303
11306
11315
11320
11333
11357
11360
11365
11366
11369
11371
11374
11375
11379
11382
11385
11392
11402
11405
11405
11406
11411
11412
11419
11420
11426
11427
11429
11432
11432
11433
11436
11443
11443
11446
11453
11455
11455
11456
11457
11460
11465
11467
11468
11472
11475
11480
11483
11495
11495
11496
11506
11509
11510
11512
11515
11522
11526
11529
11534
11538
11557
11564
11566
11567
11570
11574
11580
11581
11585
11593
11595
11599
11607
11609
11617
11618
11619
11625
11628
11630
11631
11637
11638
11642
11649
11653
11654
11657
11657
11661
11671
11672
11675
11678
11679
11685
11693
11699
11700
11701
11717
11725
11726
11732
11733
11734
11737
11738
11739
11749
11749
11759
11761
11761
11762
11763
11772
11775
11779
11780
11781
11782
11783
11793
11795
11798
11802
11808
11810
11814
11821
11825
11828
11831
11834
11836
11840
11853
11857
11859
11863
11877
11882
11884
11899
11900
11900
11923
11929
11932
11947
11955
11957
11960
11968
11976
11979
11980
11991
12005
12008
12009
12012
12017
12017
12018
12019
12022
12027
12028
12030
12032
12033
12037
12041
12046
12046
12057
12059
12064
12069
12072
12079
12087
12091
12094
12096
12103
12104
12111
12119
12121
12131
12143
12147
12148
12155
12155
12162
12165
12165
12172
12177
12179
12180
12187
12188
12190
12190
12190
12195
12198
12205
12211
12224
12232
12234
12234
12239
12240
12256
12257
12266
12273
12274
12274
12290
12291
12293
12299
12299
12300
12301
12302
12305
12308
12319
12328
12332
12333
12341
12351
12363
12367
12368
12370
12370
12370
12376
12383
12386
12386
12387
12390
12392
12394
12395
12398
12400
12403
12415
12417
12418
12424
12425
12425
12427
12430
12432
12436
12437
12442
12445
12449
12457
12461
12470
12478
12486
12489
12490
12495
12502
12502
12504
12515
12515
12522
12523
12527
12535
12543
12545
12546
12546
12547
12563
12564
12565
12572
12574
12577
12587
12587
12593
12599
12604
12609
12610
12613
12613
12615
12616
12618
12620
12622
12626
12640
12644
12663
12665
12667
12674
12676
12679
12683
12685
12692
12696
12697
12701
12701
12702
12703
12712
12713
12718
12719
12725
12727
12731
12733
12738
12752
12754
12756
12757
12759
12759
12767
12769
12774
12775
12779
12782
12783
12796
12796
12796
12797
12800
12805
12806
12816
12821
12822
12823
12828
12840
12842
12844
12850
12851
12851
12852
12866
12866
12870
12870
12872
12876
12881
12889
12895
12896
12897
12903
12907
12912
12924
12932
12933
12936
12942
12942
12951
12952
12953
12954
12960
12960
12962
12962
12968
12968
12983
12983
12985
13002
13003
13008
13015
13016
13021
13022
13033
13045
13052
13056
13056
13063
13072
13080
13084
13086
13089
13095
13101
13101
13103
13107
13108
13109
13117
13118
13119
13121
13121
13124
13125
13125
13127
13136
13136
13138
13153
13154
13155
13157
13159
13164
13165
13177
13183
13184
13186
13191
13194
13194
13197
13201
13202
13208
13212
13231
13235
13238
13240
13241
13250
13252
13252
13260
13260
13269
13272
13275
13276
13280
13283
13295
13297
13304
13305
13311
13312
13333
13338
13341
13353
13362
13366
13366
13367
13372
13380
13386
13390
13421
13437
13449
13449
13451
13453
13464
13470
13474
13474
13477
13479
13484
13492
13494
13499
13499
13501
13505
13508
13510
13515
13515
13521
13525
13526
13529
13538
13544
13544
13546
13547
13548
13549
13557
13560
13562
13563
13566
13569
13573
13581
13590
13591
13595
13596
13601
13602
13603
13611
13618
13619
13620
13624
13627
13628
13632
13634
13635
13636
13639
13652
13653
13658
13664
13671
13676
13676
13678
13682
13684
13684
13692
13705
13712
13712
13712
13723
13730
13736
13736
13739
13740
13744
13745
13748
13748
13756
13757
13763
13763
13772
13773
13773
13774
13778
13779
13782
13785
13787
13787
13788
13792
13794
13794
13798
13800
13802
13806
13822
13840
13847
13851
13854
13863
13864
13865
13875
13879
13880
13884
13884
13885
13888
13888
13891
13899
13900
13900
13906
13909
13915
13918
13921
13922
13923
13923
13927
13929
13932
13934
13944
13948
13949
13950
13959
13964
13965
13974
13975
13976
13977
13982
13986
13992
13993
13996
13998
13998
14004
14010
14015
14016
14016
14017
14017
14018
14020
14027
14027
14030
14038
14053
14057
14061
14065
14067
14073
14074
14075
14075
14078
14082
14088
14091
14099
14104
14109
14115
14125
14125
14139
14142
14145
14146
14146
14149
14151
14156
14157
14161
14166
14172
14173
14183
14185
14185
14194
14197
14199
14206
14207
14211
14212
14212
14215
14215
14220
14224
14225
14231
14233
14236
14236
14241
14247
14248
14252
14253
14254
14260
14262
14264
14265
14266
14266
14266
14267
14268
14269
14269
14273
14274
14282
14285
14292
14296
14297
14297
14301
14302
14308
14308
14311
14313
14322
14327
14328
14335
14335
14336
14342
14343
14347
14350
14361
14384
14390
14405
14406
14410
14411
14411
14413
14416
14420
14422
14423
14426
14430
14432
14437
14439
14439
14452
14453
14455
14458
14465
14471
14484
14485
14491
14491
14491
14496
14499
14501
14508
14510
14515
14521
14521
14524
14531
14535
14538
14542
14545
14546
14547
14550
14577
14577
14582
14586
14586
14593
14593
14599
14599
14602
14613
14615
14616
14617
14619
14619
14620
14626
14627
14632
14633
14637
14639
14646
14647
14648
14652
14655
14657
14657
14662
14664
14665
14668
14670
14670
14672
14679
14680
14680
14697
14708
14729
14731
14739
14740
14749
14759
14759
14762
14766
14776
14776
14777
14784
14789
14790
14792
14800
14800
14800
14801
14806
14807
14807
14816
14821
14823
14824
14825
14828
14832
14834
14836
14847
14849
14849
14849
14850
14851
14852
14853
14853
14858
14862
14872
14873
14875
14875
14879
14886
14887
14889
14892
14893
14900
14906
14916
14924
14926
14930
14934
14935
14938
14942
14942
14944
14951
14953
14957
14961
14962
14963
14969
14975
14990
15001
15001
15002
15004
15008
15014
15016
15019
15032
15034
15038
15044
15046
15047
15048
15049
15056
15061
15061
15062
15066
15067
15068
15072
15074
15075
15075
15077
15087
15095
15099
15100
15123
15123
15124
15125
15127
15130
15131
15143
15146
15148
15157
15158
15159
15161
15163
15163
15169
15170
15174
15175
15184
15186
15189
15191
15192
15202
15206
15219
15227
15238
15241
15241
15243
15257
15264
15264
15270
15271
15276
15279
15285
15289
15301
15303
15308
15314
15320
15321
15324
15327
15329
15336
15341
15343
15347
15350
15353
15354
15355
15357
15358
15369
15371
15377
15377
15380
15383
15385
15386
15386
15390
15390
15391
15391
15393
15394
15409
15414
15422
15425
15427
15429
15430
15432
15432
15432
15433
15434
15435
15436
15444
15448
15449
15450
15453
15463
15469
15473
15476
15477
15479
15481
15484
15486
15488
15489
15511
15512
15516
15516
15518
15520
15529
15532
15533
15533
15539
15545
15550
15551
15554
15558
15560
15561
15564
15565
15572
15575
15579
15580
15589
15598
15599
15607
15626
15628
15629
15630
15631
15631
15640
15651
15656
15661
15662
15666
15667
15667
15668
15670
15671
15676
15681
15682
15686
15686
15695
15700
15702
15704
15707
15707
15709
15709
15714
15714
15715
15719
15719
15736
15736
15737
15738
15744
15747
15754
15754
15763
15771
15773
15778
15781
15784
15790
15795
15798
15803
15807
15807
15807
15809
15824
15826
15830
15832
15836
15837
15837
15840
15846
15852
15869
15878
15878
15886
15888
15893
15898
15899
15900
15904
15906
15910
15915
15920
15925
15932
15932
15934
15935
15937
15941
15946
15949
15949
15951
15956
15956
15959
15959
15962
15963
15968
15969
15976
15980
15981
15982
15988
15991
15994
15997
arquivo ordenado pelo algoritmo heapsort tempo da ordenação = 3.10516 milisegundos

