2
3
5
6
6
8
9
10
10
13
13
14
16
17
17
18
18
19
21
21
23
25
25
26
27
27
29
29
32
32
33
33
34
36
37
37
39
39
41
42
43
44
45
46
48
49
50
50
51
52
53
54
55
56
57
58
59
61
62
62
62
63
66
66
67
67
69
70
70
72
74
75
75
76
78
79
79
79
80
81
84
84
86
87
87
88
89
90
91
91
92
93
94
97
98
98
98
99
100
101
103
105
106
107
108
109
109
110
111
112
112
114
115
115
117
119
120
120
121
121
122
124
124
126
128
128
129
131
131
132
133
133
136
137
138
138
140
140
141
142
143
144
145
147
147
149
149
151
152
153
153
154
154
155
157
157
158
160
160
163
164
164
165
165
168
168
168
171
171
173
173
174
175
176
177
177
179
180
180
182
183
183
185
186
187
188
189
190
191
192
193
195
195
196
197
199
200
200
201
202
202
205
205
207
207
208
208
209
212
213
213
214
214
216
218
219
219
220
221
223
223
224
226
226
226
229
229
230
232
233
234
234
234
235
238
238
238
239
241
241
243
244
245
246
246
248
250
251
252
252
253
253
255
257
257
258
260
261
261
261
264
264
265
266
267
268
270
271
271
272
272
275
275
277
277
278
279
280
282
282
282
285
285
287
288
289
290
291
292
293
293
293
294
297
297
298
298
299
302
302
304
305
305
305
307
308
309
310
310
312
313
314
314
315
318
319
319
320
320
323
323
324
325
327
327
328
329
330
330
332
332
334
335
337
338
338
339
340
340
342
343
345
345
346
346
349
349
349
350
351
353
354
354
357
357
358
358
361
361
361
363
363
365
366
368
368
370
370
370
371
373
375
375
376
378
379
379
380
382
382
384
384
384
387
387
388
388
391
391
392
392
393
395
395
397
399
399
400
400
401
404
405
406
406
407
407
410
411
411
412
414
415
415
415
417
419
420
420
421
423
423
424
425
426
427
427
429
430
431
432
432
435
436
436
438
438
439
440
441
442
443
444
445
446
448
449
449
449
452
452
454
454
455
457
457
457
458
460
462
462
462
464
465
465
467
469
469
471
471
472
473
475
476
476
476
479
480
480
481
481
484
484
484
485
487
488
489
489
491
493
493
494
494
495
498
498
499
499
502
502
502
504
504
507
507
508
509
510
512
512
512
514
514
515
516
517
518
519
521
523
524
524
526
526
527
528
530
530
531
532
532
533
536
537
537
538
539
539
540
541
542
543
544
547
547
547
549
550
550
551
552
553
555
555
558
559
559
560
561
563
563
563
566
566
566
567
569
570
571
571
574
574
574
575
576
577
579
579
580
583
583
584
585
586
588
588
588
590
591
592
592
595
596
596
597
597
599
600
600
603
604
604
605
605
607
607
610
610
611
611
612
615
615
617
617
617
619
621
621
622
622
624
624
626
627
628
630
630
632
632
632
634
635
636
636
638
640
640
641
643
643
644
645
645
646
648
649
651
651
651
653
654
654
655
657
657
658
660
661
661
663
664
665
666
667
668
669
670
671
672
672
674
675
677
677
678
680
680
681
681
683
683
684
685
687
689
689
690
691
692
693
694
695
696
696
698
700
700
701
701
703
703
705
706
706
707
708
711
712
712
713
714
715
716
717
718
720
721
721
722
724
724
725
727
728
729
729
730
731
732
734
734
734
737
737
738
738
739
742
742
744
745
745
746
746
748
749
751
752
752
752
755
756
757
757
759
760
760
762
762
763
764
765
765
768
768
769
770
771
773
773
775
776
777
777
778
779
779
781
783
783
784
785
786
787
788
789
790
792
793
794
794
794
796
797
798
800
800
802
802
803
804
805
805
807
808
810
810
811
811
812
814
816
817
818
819
819
820
821
822
823
824
824
825
827
827
830
830
831
831
833
834
835
836
837
838
838
840
840
842
843
843
846
846
847
848
849
849
851
853
854
854
855
855
857
858
860
861
862
863
864
864
864
866
868
868
869
869
870
871
874
874
875
876
876
878
879
880
880
881
883
884
885
886
887
888
889
890
892
892
892
893
896
896
897
898
900
901
901
902
904
904
904
905
908
908
909
910
911
913
914
914
914
917
918
918
919
919
922
923
924
925
925
925
927
928
929
929
932
933
933
935
936
936
936
938
938
941
942
942
944
945
946
946
947
948
949
950
951
952
953
954
955
955
956
957
960
961
961
962
963
965
965
966
967
968
970
970
971
973
973
974
974
977
977
977
979
980
982
983
983
983
985
986
986
988
988
990
991
993
993
993
995
996
997
998
998
1000
1002
1003
1004
1004
1006
1006
1006
1009
1009
1010
1010
1012
1013
1013
1016
1016
1017
1018
1018
1020
1021
1022
1023
1023
1026
1027
1028
1028
1029
1029
1032
1032
1033
1033
1035
1035
1036
1038
1039
1040
1041
1042
1044
1045
1045
1045
1046
1047
1048
1049
1050
1053
1053
1054
1055
1055
1056
1058
1059
1060
1060
1063
1063
1064
1065
1066
1067
1068
1069
1069
1071
1072
1074
1074
1076
1076
1076
1078
1079
1080
1080
1082
1083
1084
1086
1086
1087
1087
1089
1089
1090
1093
1094
1094
1095
1096
1097
1098
1098
1099
1102
1103
1104
1104
1105
1106
1107
1108
1109
1109
1112
1113
1114
1115
1116
1116
1117
1118
1118
1121
1122
1122
1123
1123
1126
1126
1127
1128
1129
1129
1130
1131
1133
1133
1135
1136
1137
1137
1140
1140
1141
1141
1143
1144
1145
1145
1147
1147
1148
1150
1151
1152
1153
1154
1155
1156
1156
1157
1159
1160
1162
1163
1163
1164
1165
1166
1167
1168
1169
1171
1171
1172
1172
1173
1175
1175
1176
1179
1179
1180
1182
1182
1183
1184
1184
1186
1187
1189
1190
1190
1191
1192
1193
1194
1195
1195
1198
1199
1199
1199
1201
1202
1203
1204
1205
1206
1206
1209
1209
1210
1210
1213
1213
1213
1215
1217
1217
1217
1218
1221
1221
1222
1223
1224
1225
1226
1227
1228
1229
1229
1231
1231
1232
1235
1236
1236
1237
1237
1238
1240
1241
1241
1243
1244
1245
1246
1248
1249
1249
1250
1250
1252
1252
1254
1255
1256
1256
1259
1260
1261
1262
1262
1263
1264
1265
1266
1266
1268
1270
1271
1271
1273
1273
1273
1276
1276
1278
1279
1280
1280
1280
1281
1284
1284
1285
1285
1288
1288
1288
1289
1291
1292
1293
1293
1296
1296
1297
1297
1298
1301
1301
1302
1303
1304
1304
1306
1307
1308
1309
1310
1311
1312
1312
1314
1315
1317
1317
1318
1318
1320
1322
1322
1322
1324
1324
1326
1327
1329
1330
1330
1332
1332
1333
1334
1334
1337
1338
1338
1339
1339
1340
1343
1343
1343
1345
1346
1348
1348
1349
1350
1351
1351
1354
1354
1355
1355
1358
1358
1358
1360
1360
1361
1362
1363
1366
1366
1367
1367
1368
1370
1372
1372
1372
1374
1375
1376
1377
1379
1379
1379
1381
1382
1383
1385
1386
1387
1388
1388
1389
1390
1391
1393
1393
1394
1395
1396
1396
1399
1399
1399
1400
1401
1402
1403
1405
1406
1406
1408
1409
1410
1411
1412
1413
1415
1415
1416
1417
1417
1420
1420
1421
1422
1423
1425
1425
1426
1428
1429
1429
1429
1430
1432
1433
1433
1434
1436
1437
1437
1439
1440
1441
1442
1442
1443
1445
1446
1446
1449
1449
1450
1451
1452
1453
1454
1454
1457
1457
1458
1459
1461
1461
1462
1463
1465
1465
1466
1466
1469
1469
1471
1471
1472
1474
1474
1475
1476
1477
1477
1480
1481
1481
1482
1484
1484
1485
1486
1487
1489
1490
1490
1492
1492
1494
1494
1496
1496
1497
1497
1499
1499
1502
1503
1503
1504
1505
1506
1508
1509
1509
1509
1511
1512
1514
1514
1514
1517
1517
1519
1519
1520
1521
1522
1523
1524
1524
1525
1527
1527
1528
1530
1530
1533
1534
1534
1534
1537
1537
1538
1539
1539
1541
1542
1543
1544
1544
1546
1547
1548
1548
1549
1551
1552
1553
1555
1555
1556
1556
1557
1558
1559
1560
1562
1563
1563
1566
1566
1567
1568
1569
1570
1572
1573
1573
1575
1575
1576
1578
1579
1580
1581
1581
1582
1583
1584
1585
1585
1586
1589
1590
1591
1592
1593
1593
1595
1595
1596
1597
1598
1600
1601
1601
1602
1603
1604
1605
1607
1607
1608
1610
1610
1611
1611
1613
1614
1614
1616
1617
1617
1618
1620
1621
1623
1623
1624
1626
1626
1627
1629
1629
1631
1632
1632
1632
1633
1635
1636
1637
1638
1640
1640
1642
1642
1644
1645
1646
1647
1647
1648
1648
1649
1652
1652
1653
1654
1654
1657
1657
1658
1658
1661
1661
1661
1662
1664
1665
1665
1667
1668
1668
1671
1671
1673
1673
1674
1675
1676
1677
1678
1678
1680
1682
1682
1682
1685
1685
1687
1687
1689
1690
1691
1691
1692
1693
1695
1696
1697
1698
1699
1700
1700
1700
1702
1703
1705
1705
1706
1706
1709
1709
1710
1711
1711
1712
1713
1714
1715
1716
1719
1719
1721
1722
1722
1723
1724
1725
1727
1727
1728
1729
1730
1731
1732
1734
1735
1735
1736
1736
1737
1740
1740
1741
1743
1744
1744
1745
1745
1747
1748
1748
1750
1752
1752
1753
1755
1756
1757
1757
1758
1758
1759
1761
1761
1762
1763
1765
1766
1768
1768
1769
1770
1771
1772
1772
1774
1774
1776
1777
1778
1778
1780
1781
1782
1784
1784
1784
1787
1787
1788
1789
1790
1791
1792
1793
1794
1795
1797
1798
1799
1799
1800
1801
1803
1803
1804
1805
1806
1808
1808
1809
1811
1811
1811
1812
1815
1815
1816
1818
1818
1820
1821
1821
1821
1824
1824
1824
1825
1828
1828
1828
1831
1831
1833
1833
1835
1836
1836
1837
1837
1840
1840
1841
1842
1842
1843
1846
1846
1847
1848
1849
1850
1851
1852
1853
1855
1855
1856
1858
1858
1859
1860
1861
1862
1863
1864
1866
1866
1867
1869
1869
1869
1871
1871
1873
1874
1876
1877
1878
1878
1878
1880
1881
1883
1883
1884
1886
1887
1887
1888
1888
1890
1890
1893
1893
1894
1894
1896
1896
1899
1899
1899
1901
1901
1903
1905
1905
1905
1907
1908
1909
1909
1911
1911
1913
1914
1915
1916
1916
1918
1919
1920
1922
1923
1923
1924
1925
1926
1926
1929
1929
1929
1931
1932
1933
1934
1934
1935
1936
1937
1939
1940
1940
1941
1943
1944
1945
1946
1948
1948
1949
1949
1952
1952
1954
1955
1956
1957
1958
1959
1959
1959
1960
1961
1962
1963
1964
1967
1967
1968
1968
1970
1970
1971
1974
1975
1975
1976
1976
1978
1980
1980
1981
1982
1983
1984
1985
1985
1986
1989
1989
1990
1991
1992
1993
1994
1994
1997
1998
1998
2000
2000
2001
2001
2002
2005
2006
2006
2006
2007
2008
2010
2010
2012
2013
2014
2015
2017
2018
2019
2020
2020
2021
2022
2023
2024
2025
2027
2027
2028
2029
2030
2031
2031
2033
2035
2036
2036
2038
2038
2039
2040
2041
2043
2044
2045
2045
2046
2048
2048
2049
2050
2051
2052
2052
2054
2055
2056
2057
2058
2059
2059
2060
2062
2063
2063
2066
2067
2067
2068
2069
2070
2072
2072
2073
2075
2075
2076
2076
2078
2079
2080
2081
2082
2083
2084
2084
2085
2087
2088
2089
2090
2091
2093
2094
2094
2096
2096
2098
2098
2098
2099
2102
2102
2103
2103
2105
2106
2107
2107
2108
2111
2111
2112
2113
2113
2114
2117
2117
2118
2120
2120
2121
2122
2123
2124
2126
2126
2128
2128
2129
2129
2132
2133
2134
2134
2135
2136
2138
2138
2139
2140
2140
2142
2142
2144
2144
2146
2148
2148
2149
2150
2151
2151
2152
2154
2155
2157
2158
2159
2160
2160
2161
2161
2162
2163
2166
2167
2168
2168
2169
2169
2171
2172
2174
2175
2176
2176
2176
2179
2179
2181
2181
2182
2183
2184
2186
2186
2186
2188
2189
2191
2191
2191
2193
2194
2194
2197
2197
2198
2199
2200
2200
2202
2203
2204
2205
2207
2207
2208
2208
2209
2212
2212
2212
2213
2215
2216
2217
2218
2220
2221
2221
2222
2223
2223
2225
2226
2227
2227
2228
2231
2232
2232
2234
2235
2235
2235
2237
2239
2239
2240
2242
2242
2243
2245
2245
2246
2246
2247
2250
2250
2251
2252
2253
2254
2256
2256
2257
2258
2259
2260
2260
2262
2263
2265
2266
2267
2267
2269
2269
2270
2271
2273
2273
2275
2275
2277
2277
2278
2279
2280
2282
2282
2282
2283
2284
2286
2287
2289
2289
2290
2290
2291
2293
2294
2294
2296
2297
2298
2299
2300
2301
2302
2302
2304
2305
2307
2308
2309
2309
2310
2312
2312
2312
2313
2315
2315
2317
2319
2319
2320
2321
2323
2324
2324
2325
2326
2327
2327
2328
2329
2331
2332
2332
2334
2335
2336
2336
2338
2339
2339
2341
2342
2343
2343
2346
2347
2347
2349
2350
2350
2351
2351
2353
2353
2355
2357
2357
2357
2359
2360
2362
2363
2364
2364
2365
2366
2368
2368
2369
2370
2371
2371
2374
2375
2375
2376
2377
2379
2379
2380
2380
2382
2383
2383
2385
2386
2387
2388
2389
2390
2391
2392
2393
2395
2396
2396
2396
2398
2398
2401
2401
2402
2403
2404
2406
2406
2407
2408
2409
2411
2411
2412
2414
2414
2415
2416
2417
2418
2418
2421
2421
2422
2423
2423
2425
2426
2426
2428
2430
2431
2432
2432
2433
2433
2436
2436
2436
2439
2440
2440
2441
2441
2444
2444
2444
2447
2447
2448
2448
2450
2450
2452
2453
2453
2455
2456
2457
2458
2459
2459
2461
2462
2464
2465
2466
2466
2466
2469
2470
2470
2470
2473
2473
2474
2475
2475
2478
2478
2480
2481
2482
2483
2483
2483
2486
2486
2487
2488
2490
2490
2490
2492
2494
2495
2495
2497
2498
2498
2499
2500
2500
2502
2502
2504
2506
2507
2507
2508
2509
2509
2511
2512
2513
2514
2515
2517
2518
2519
2519
2520
2522
2522
2524
2524
2525
2526
2527
2528
2529
2529
2531
2532
2533
2533
2536
2537
2537
2538
2539
2540
2541
2542
2543
2543
2545
2546
2547
2548
2549
2550
2551
2552
2553
2553
2555
2556
2556
2559
2559
2560
2561
2563
2563
2564
2566
2567
2568
2568
2569
2570
2571
2571
2574
2575
2576
2577
2578
2578
2579
2580
2582
2583
2583
2585
2585
2587
2587
2587
2589
2590
2591
2591
2594
2594
2595
2597
2597
2597
2598
2601
2601
2602
2603
2605
2605
2606
2607
2608
2610
2610
2610
2612
2612
2614
2615
2616
2617
2618
2619
2620
2620
2621
2623
2625
2626
2627
2627
2628
2629
2629
2631
2633
2633
2634
2634
2636
2636
2637
2639
2640
2640
2641
2642
2643
2646
2646
2646
2647
2650
2650
2652
2652
2652
2654
2655
2655
2657
2657
2660
2660
2661
2662
2663
2664
2666
2667
2667
2669
2670
2670
2672
2673
2673
2674
2675
2675
2677
2678
2679
2680
2681
2681
2682
2684
2684
2685
2686
2687
2689
2690
2690
2693
2693
2695
2696
2697
2697
2698
2700
2701
2701
2701
2703
2703
2705
2705
2708
2708
2709
2710
2711
2712
2713
2714
2714
2716
2717
2717
2719
2720
2721
2722
2722
2725
2726
2726
2728
2728
2728
2730
2731
2732
2733
2734
2734
2736
2736
2739
2740
2740
2741
2741
2742
2745
2745
2746
2747
2748
2749
2749
2752
2753
2753
2754
2755
2756
2756
2758
2758
2761
2761
2761
2762
2764
2764
2765
2767
2768
2770
2770
2770
2771
2773
2773
2776
2777
2778
2778
2778
2780
2781
2782
2784
2784
2784
2785
2788
2788
2790
2791
2791
2792
2793
2795
2796
2797
2797
2797
2800
2800
2801
2802
2802
2804
2804
2805
2807
2808
2810
2811
2811
2811
2814
2814
2815
2816
2817
2819
2820
2821
2821
2822
2823
2824
2824
2826
2827
2827
2828
2830
2831
2832
2833
2835
2835
2836
2836
2839
2839
2840
2841
2843
2843
2844
2846
2846
2846
2849
2850
2851
2852
2852
2853
2854
2855
2856
2857
2858
2859
2860
2861
2861
2864
2864
2865
2867
2867
2868
2870
2870
2872
2872
2872
2873
2875
2876
2877
2878
2879
2881
2881
2883
2883
2883
2885
2886
2888
2888
2889
2890
2891
2893
2893
2895
2896
2897
2897
2899
2900
2900
2901
2901
2903
2904
2905
2907
2907
2908
2909
2910
2910
2911
2912
2915
2916
2917
2917
2918
2919
2920
2920
2921
2922
2925
2926
2927
2927
2927
2928
2930
2932
2933
2933
2934
2934
2937
2937
2938
2938
2941
2941
2942
2943
2943
2946
2946
2946
2947
2949
2950
2951
2952
2953
2954
2956
2957
2957
2957
2959
2960
2961
2962
2964
2965
2966
2966
2967
2968
2969
2970
2971
2971
2973
2974
2976
2976
2978
2979
2979
2980
2981
2982
2983
2983
2985
2987
2987
2988
2989
2990
2991
2993
2993
2994
2995
2996
2997
2998
2999
3000
3001
3002
3003
3004
3005
3005
3008
3008
3008
3009
3012
3012
3014
3014
3015
3015
3016
3017
3019
3020
3021
3021
3023
3024
3025
3026
3027
3027
3028
3030
3031
3032
3033
3033
3035
3036
3037
3037
3040
3040
3041
3043
3043
3044
3045
3046
3048
3049
3049
3050
3051
3052
3053
3054
3055
3056
3057
3059
3059
3060
3061
3061
3063
3063
3065
3066
3066
3068
3070
3071
3071
3072
3073
3074
3076
3077
3078
3079
3080
3080
3081
3081
3083
3083
3084
3086
3086
3089
3089
3089
3092
3092
3094
3095
3095
3097
3097
3098
3099
3100
3102
3102
3103
3104
3106
3106
3107
3108
3108
3110
3112
3113
3114
3114
3115
3115
3118
3118
3119
3119
3121
3122
3123
3124
3125
3125
3128
3128
3129
3130
3131
3131
3132
3133
3134
3136
3138
3138
3138
3141
3141
3143
3143
3144
3144
3146
3146
3148
3149
3149
3150
3152
3153
3154
3155
3156
3156
3157
3159
3159
3161
3162
3163
3165
3165
3167
3168
3168
3169
3170
3170
3171
3173
3174
3176
3176
3177
3177
3179
3180
3182
3182
3183
3184
3185
3186
3186
3188
3189
3190
3191
3193
3193
3193
3195
3196
3198
3198
3199
3200
3201
3202
3203
3204
3204
3207
3207
3208
3208
3210
3211
3211
3213
3214
3215
3216
3216
3217
3218
3219
3220
3221
3223
3224
3224
3226
3227
3227
3228
3230
3231
3233
3233
3234
3235
3235
3238
3238
3238
3241
3241
3242
3244
3244
3245
3247
3248
3248
3249
3249
3252
3252
3254
3254
3254
3255
3258
3258
3259
3259
3261
3262
3264
3264
3265
3266
3268
3268
3269
3270
3271
3272
3273
3274
3275
3275
3278
3278
3279
3280
3280
3281
3282
3285
3285
3286
3286
3287
3289
3290
3291
3291
3293
3293
3295
3296
3296
3297
3300
3300
3300
3302
3303
3304
3306
3307
3307
3308
3309
3311
3311
3312
3313
3313
3314
3316
3317
3318
3320
3320
3321
3322
3323
3324
3324
3326
3327
3327
3329
3330
3332
3332
3333
3333
3334
3336
3337
3338
3340
3340
3341
3342
3343
3343
3344
3345
3348
3348
3349
3350
3352
3352
3353
3354
3355
3357
3357
3358
3359
3361
3361
3362
3363
3364
3365
3367
3368
3369
3369
3370
3371
3372
3373
3374
3374
3376
3377
3378
3379
3380
3380
3383
3383
3384
3384
3387
3388
3388
3388
3389
3390
3392
3393
3394
3395
3395
3397
3398
3398
3400
3402
3402
3404
3404
3404
3407
3407
3408
3408
3410
3412
3412
3413
3415
3415
3416
3417
3418
3418
3420
3421
3421
3422
3423
3425
3426
3428
3428
3428
3430
3430
3431
3433
3433
3434
3436
3437
3438
3439
3440
3441
3442
3443
3444
3445
3446
3446
3449
3449
3450
3450
3452
3453
3454
3454
3456
3457
3457
3459
3460
3461
3461
3464
3465
3465
3467
3467
3468
3470
3470
3470
3472
3473
3473
3475
3476
3478
3479
3479
3479
3480
3481
3482
3485
3485
3486
3487
3489
3490
3490
3490
3491
3493
3495
3496
3496
3497
3498
3499
3500
3500
3501
3502
3505
3505
3505
3508
3508
3509
3510
3512
3512
3513
3514
3514
3516
3517
3519
3520
3521
3522
3522
3523
3523
3525
3525
3527
3527
3529
3530
3531
3532
3533
3535
3535
3536
3537
3539
3539
3540
3540
3542
3542
3543
3545
3546
3547
3549
3550
3551
3551
3553
3553
3553
3555
3557
3558
3558
3559
3559
3562
3562
3563
3564
3565
3567
3568
3568
3569
3569
3571
3572
3574
3574
3575
3576
3577
3578
3578
3580
3581
3582
3582
3584
3585
3586
3587
3587
3589
3589
3590
3591
3593
3594
3596
3596
3597
3598
3599
3600
3600
3602
3602
3603
3605
3606
3607
3609
3609
3610
3611
3611
3612
3615
3616
3617
3618
3618
3618
3620
3620
3622
3623
3624
3624
3626
3628
3629
3629
3630
3631
3633
3633
3634
3636
3637
3637
3638
3639
3640
3641
3642
3643
3644
3646
3646
3647
3647
3650
3651
3652
3652
3653
3654
3656
3656
3656
3659
3659
3661
3662
3662
3663
3664
3666
3667
3667
3668
3669
3669
3671
3672
3673
3674
3674
3675
3678
3678
3679
3680
3681
3682
3683
3685
3685
3687
3688
3688
3690
3690
3690
3691
3693
3694
3695
3696
3697
3699
3700
3700
3701
3701
3704
3704
3705
3706
3708
3708
3708
3711
3711
3711
3713
3714
3715
3716
3717
3718
3720
3720
3721
3723
3723
3724
3726
3726
3728
3728
3730
3730
3730
3731
3733
3733
3735
3737
3738
3738
3739
3740
3741
3743
3744
3744
3744
3746
3747
3748
3750
3751
3752
3753
3753
3754
3755
3756
3758
3758
3759
3760
3761
3763
3764
3764
3764
3765
3767
3769
3769
3770
3772
3772
3772
3773
3774
3776
3777
3777
3780
3780
3780
3782
3784
3784
3784
3786
3788
3788
3789
3790
3791
3791
3792
3794
3796
3796
3796
3797
3800
3800
3801
3802
3803
3804
3804
3807
3807
3808
3808
3809
3811
3812
3812
3814
3815
3817
3818
3819
3820
3820
3820
3822
3823
3825
3826
3827
3827
3827
3828
3829
3831
3832
3832
3834
3834
3835
3838
3839
3839
3840
3842
3843
3843
3844
3846
3847
3848
3848
3849
3850
3851
3852
3854
3854
3856
3856
3857
3858
3859
3860
3861
3862
3862
3863
3866
3866
3866
3869
3870
3870
3871
3872
3872
3874
3875
3875
3876
3879
3880
3880
3881
3883
3883
3885
3885
3886
3888
3889
3889
3890
3890
3892
3893
3895
3895
3896
3897
3897
3899
3900
3901
3902
3903
3905
3906
3906
3906
3909
3910
3910
3911
3912
3913
3913
3916
3917
3918
3918
3919
3920
3921
3922
3922
3923
3925
3925
3926
3929
3930
3931
3931
3932
3933
3934
3935
3936
3937
3937
3940
3941
3941
3941
3943
3944
3944
3945
3946
3948
3949
3950
3950
3951
3954
3955
3956
3957
3957
3958
3959
3961
3961
3962
3962
3963
3965
3966
3967
3968
3970
3970
3971
3972
3973
3974
3974
3976
3977
3977
3978
3980
3981
3981
3982
3983
3985
3985
3986
3988
3990
3991
3992
3992
3994
3995
3996
3996
3997
3998
4000
4000
4001
4002
4002
4004
4004
4007
4008
4008
4009
4011
4011
4011
4014
4015
4016
4016
4017
4017
4020
4020
4022
4022
4023
4024
4025
4026
4026
4029
4029
4029
4030
4031
4033
4034
4035
4036
4037
4037
4039
4040
4042
4042
4043
4043
4045
4045
4048
4049
4049
4049
4052
4052
4054
4054
4056
4056
4057
4059
4059
4060
4061
4061
4064
4065
4066
4066
4066
4068
4069
4071
4071
4072
4073
4074
4074
4076
4078
4078
4078
4080
4081
4081
4083
4083
4085
4086
4086
4088
4089
4089
4092
4092
4093
4094
4095
4095
4097
4098
4098
4100
4101
4102
4103
4104
4105
4106
4106
4108
4109
4109
4111
4111
4113
4114
4115
4116
4116
4118
4118
4120
4121
4122
4124
4124
4125
4126
4127
4128
4128
4130
4131
4131
4134
4134
4135
4136
4136
4139
4139
4139
4140
4141
4142
4145
4146
4147
4147
4148
4148
4151
4151
4151
4153
4154
4154
4155
4156
4158
4159
4160
4161
4162
4164
4164
4165
4165
4166
4169
4169
4170
4172
4172
4173
4173
4175
4175
4177
4179
4179
4180
4181
4182
4184
4185
4186
4186
4187
4187
4189
4190
4191
4193
4193
4194
4194
4197
4197
4198
4200
4200
4201
4202
4203
4205
4205
4206
4207
4208
4210
4210
4210
4211
4213
4214
4214
4217
4217
4218
4220
4220
4221
4223
4223
4225
4226
4226
4228
4229
4229
4229
4231
4232
4233
4234
4234
4237
4237
4237
4239
4241
4242
4243
4244
4244
4244
4246
4247
4248
4248
4251
4251
4253
4254
4254
4255
4256
4258
4258
4259
4259
4260
4263
4264
4265
4265
4265
4267
4268
4269
4271
4271
4272
4272
4273
4275
4275
4277
4278
4278
4279
4280
4282
4283
4285
4285
4285
4287
4288
4288
4290
4290
4292
4292
4295
4296
4297
4298
4298
4300
4300
4301
4302
4304
4305
4305
4307
4308
4308
4309
4310
4310
4312
4314
4314
4314
4315
4316
4318
4319
4321
4321
4322
4323
4324
4326
4326
4328
4328
4329
4329
4332
4332
4333
4334
4334
4335
4338
4339
4339
4339
4342
4342
4342
4344
4344
4345
4346
4348
4348
4350
4350
4351
4353
4353
4354
4356
4357
4358
4358
4360
4361
4362
4363
4363
4366
4367
4368
4368
4369
4370
4372
4372
4373
4375
4375
4377
4378
4378
4378
4379
4381
4382
4383
4385
4386
4387
4387
4388
4389
4390
4392
4392
4394
4394
4394
4395
4397
4397
4399
4400
4401
4401
4402
4403
4405
4406
4407
4408
4409
4409
4411
4411
4413
4415
4416
4416
4417
4417
4419
4419
4421
4422
4422
4424
4424
4427
4427
4429
4429
4430
4431
4431
4432
4435
4435
4436
4437
4437
4439
4440
4442
4443
4443
4444
4445
4447
4447
4448
4449
4449
4451
4452
4452
4453
4455
4456
4456
4458
4459
4459
4461
4462
4463
4464
4465
4465
4468
4468
4469
4469
4470
4471
4473
4473
4476
4476
4478
4479
4480
4481
4482
4483
4484
4485
4486
4486
4488
4488
4489
4491
4491
4492
4492
4494
4495
4497
4498
4498
4499
4499
4501
4503
4503
4505
4505
4507
4507
4508
4510
4510
4512
4512
4513
4514
4514
4516
4517
4519
4520
4521
4521
4521
4522
4524
4524
4526
4527
4528
4529
4530
4532
4533
4533
4534
4534
4536
4536
4539
4540
4540
4541
4543
4544
4545
4545
4545
4546
4547
4548
4551
4551
4551
4553
4555
4555
4556
4556
4557
4560
4561
4561
4562
4564
4564
4565
4565
4567
4568
4568
4571
4572
4572
4573
4574
4576
4577
4577
4578
4580
4580
4581
4583
4583
4585
4585
4586
4587
4588
4588
4590
4590
4591
4594
4594
4595
4597
4597
4598
4599
4600
4602
4603
4603
4604
4606
4606
4607
4609
4609
4610
4611
4611
4612
4615
4615
4616
4617
4618
4619
4620
4622
4622
4623
4624
4625
4625
4627
4627
4628
4630
4631
4631
4632
4634
4634
4636
4637
4639
4639
4641
4642
4642
4642
4643
4646
4646
4646
4648
4648
4649
4651
4652
4652
4654
4655
4655
4656
4658
4658
4661
4661
4662
4664
4664
4665
4666
4666
4668
4669
4671
4672
4673
4673
4674
4675
4675
4676
4679
4679
4680
4682
4682
4682
4685
4685
4686
4688
4688
4690
4690
4692
4693
4693
4695
4695
4697
4698
4698
4699
4699
4701
4703
4704
4704
4704
4706
4707
4708
4708
4710
4712
4713
4714
4714
4715
4716
4717
4718
4719
4721
4721
4722
4723
4724
4725
4725
4728
4728
4729
4730
4731
4732
4734
4734
4735
4736
4737
4738
4738
4739
4741
4741
4742
4744
4745
4746
4747
4748
4749
4750
4750
4751
4752
4753
4755
4756
4757
4758
4759
4760
4761
4762
4764
4764
4765
4767
4768
4769
4770
4771
4772
4773
4773
4775
4775
4776
4778
4778
4779
4779
4780
4783
4783
4783
4785
4786
4788
4788
4788
4790
4792
4792
4793
4793
4796
4796
4797
4797
4798
4799
4800
4801
4804
4804
4805
4806
4807
4808
4809
4810
4811
4812
4812
4813
4814
4815
4817
4817
4819
4821
4822
4822
4823
4824
4824
4827
4828
4829
4829
4830
4831
4832
4833
4833
4835
4836
4837
4839
4839
4839
4842
4842
4842
4843
4844
4846
4847
4848
4849
4849
4850
4852
4853
4855
4855
4855
4858
4859
4859
4860
4860
4863
4863
4865
4866
4866
4866
4869
4870
4870
4870
4873
4873
4874
4875
4875
4877
4877
4878
4880
4881
4882
4883
4884
4884
4886
4887
4889
4890
4890
4891
4891
4892
4894
4896
4897
4897
4898
4898
4899
4900
4901
4904
4905
4905
4906
4906
4909
4910
4910
4911
4912
4912
4914
4915
4915
4916
4918
4919
4920
4922
4923
4924
4925
4925
4926
4927
4928
4928
4929
4931
4931
4934
4935
4936
4936
4937
4938
4939
4940
4940
4942
4942
4943
4945
4946
4947
4948
4950
4951
4951
4952
4954
4954
4954
4955
4957
4957
4959
4960
4961
4963
4964
4965
4966
4967
4968
4968
4969
4969
4970
4971
4973
4973
4975
4975
4978
4978
4979
4980
4981
4981
4983
4984
4986
4987
4987
4988
4989
4989
4990
4992
4994
4994
4995
4995
4996
4998
4998
5000
5001
5002
5003
5004
5005
5007
5007
5008
5009
5011
5011
5011
5014
5014
5014
5016
5016
5018
5018
5019
5020
5021
5023
5023
5025
5025
5026
5028
5029
5031
5031
5031
5034
5035
5036
5036
5038
5038
5038
5041
5041
5042
5043
5044
5044
5047
5047
5047
5048
5051
5052
5052
5053
5054
5055
5056
5056
5057
5058
5060
5062
5063
5063
5063
5064
5067
5067
5069
5069
5069
5070
5072
5074
5074
5075
5076
5078
5078
5079
5079
5082
5083
5083
5085
5085
5085
5086
5089
5089
5090
5092
5092
5093
5094
5095
5095
5097
5098
5098
5100
5101
5102
5104
5105
5105
5105
5107
5108
5108
5110
5112
5112
5113
5113
5116
5117
5118
5119
5120
5120
5122
5122
5124
5124
5124
5127
5127
5127
5128
5130
5131
5132
5132
5134
5134
5137
5137
5139
5139
5140
5140
5142
5144
5144
5144
5145
5147
5148
5150
5150
5151
5152
5153
5153
5155
5156
5158
5159
5160
5160
5162
5162
5163
5165
5165
5165
5167
5167
5169
5171
5171
5172
5173
5175
5175
5175
5176
5178
5179
5179
5180
5182
5184
5184
5184
5186
5188
5188
5189
5190
5191
5192
5192
5195
5195
5195
5197
5197
5199
5200
5201
5202
5203
5204
5204
5207
5207
5209
5209
5209
5210
5211
5212
5213
5215
5216
5216
5219
5219
5220
5221
5222
5222
5224
5225
5225
5227
5228
5229
5229
5230
5232
5234
5235
5235
5236
5236
5238
5240
5241
5242
5243
5243
5244
5245
5247
5247
5248
5248
5249
5250
5253
5254
5254
5255
5257
5257
5258
5259
5261
5261
5262
5264
5264
5265
5265
5267
5268
5269
5271
5271
5273
5274
5275
5275
5275
5276
5278
5278
5280
5281
5282
5283
5283
5284
5286
5287
5288
5289
5289
5290
5291
5293
5294
5294
5295
5298
5298
5300
5300
5300
5301
5302
5303
5306
5306
5307
5309
5309
5311
5312
5312
5313
5314
5315
5315
5316
5318
5319
5319
5321
5322
5324
5324
5326
5326
5326
5329
5329
5330
5330
5332
5333
5334
5334
5336
5337
5339
5339
5340
5342
5342
5342
5344
5345
5345
5347
5348
5349
5350
5350
5353
5353
5353
5354
5356
5357
5357
5359
5360
5360
5363
5363
5364
5366
5366
5366
5369
5369
5370
5370
5371
5374
5375
5375
5376
5376
5378
5378
5381
5381
5383
5383
5385
5386
5387
5388
5388
5389
5391
5391
5392
5393
5393
5394
5395
5397
5397
5398
5400
5401
5402
5404
5404
5405
5406
5406
5408
5410
5410
5411
5412
5413
5414
5415
5415
5417
5417
5419
5419
5421
5422
5423
5423
5425
5426
5427
5429
5430
5431
5431
5432
5434
5434
5435
5435
5437
5437
5439
5440
5442
5443
5444
5445
5446
5446
5447
5447
5450
5450
5451
5452
5452
5453
5454
5457
5458
5458
5459
5459
5460
5462
5463
5465
5466
5466
5467
5468
5468
5469
5472
5472
5473
5474
5474
5476
5477
5477
5479
5481
5482
5483
5484
5484
5484
5485
5486
5488
5489
5490
5490
5491
5492
5495
5495
5496
5498
5499
5499
5499
5501
5502
5503
5505
5505
5506
5508
5509
5510
5511
5512
5512
5513
5514
5514
5516
5516
5517
5518
5519
5520
5522
5524
5524
5525
5527
5528
5529
5530
5531
5531
5531
5533
5533
5536
5537
5537
5538
5539
5540
5541
5542
5543
5545
5545
5546
5547
5549
5550
5550
5551
5552
5552
5553
5555
5556
5557
5558
5559
5561
5561
5561
5563
5564
5566
5567
5567
5569
5569
5569
5570
5572
5573
5574
5575
5576
5576
5578
5578
5579
5581
5582
5583
5584
5585
5586
5587
5588
5589
5590
5591
5593
5593
5594
5596
5596
5597
5598
5599
5599
5600
5602
5603
5604
5606
5606
5606
5608
5608
5610
5611
5612
5613
5613
5616
5616
5617
5618
5618
5621
5621
5622
5623
5623
5624
5626
5627
5627
5628
5629
5631
5632
5632
5633
5636
5636
5636
5638
5638
5639
5641
5641
5642
5643
5645
5645
5647
5648
5648
5649
5651
5653
5653
5655
5656
5656
5657
5657
5658
5659
5661
5662
5662
5664
5665
5665
5667
5669
5670
5671
5671
5672
5674
5675
5675
5675
5676
5677
5679
5680
5681
5682
5682
5685
5685
5686
5686
5687
5690
5691
5692
5693
5693
5694
5695
5696
5697
5699
5700
5700
5700
5703
5704
5704
5705
5706
5708
5709
5709
5709
5712
5712
5714
5715
5715
5716
5717
5718
5719
5721
5721
5722
5722
5723
5726
5726
5728
5728
5729
5731
5732
5732
5732
5733
5735
5737
5738
5739
5740
5741
5742
5742
5743
5744
5746
5746
5747
5748
5750
5750
5750
5751
5754
5754
5755
5755
5757
5758
5759
5759
5761
5762
5763
5764
5764
5766
5768
5768
5768
5771
5771
5772
5773
5774
5775
5775
5777
5778
5779
5780
5782
5782
5782
5783
5785
5787
5787
5789
5789
5790
5790
5791
5793
5793
5795
5796
5797
5799
5800
5801
5802
5802
5803
5804
5804
5805
5807
5808
5809
5810
5811
5812
5812
5813
5816
5816
5816
5819
5819
5819
5820
5821
5824
5825
5825
5826
5828
5828
5829
5830
5831
5832
5832
5834
5836
5837
5837
5838
5839
5840
5841
5841
5844
5844
5844
5846
5847
5848
5849
5850
5850
5852
5854
5854
5855
5855
5856
5857
5859
5860
5862
5862
5863
5865
5865
5865
5867
5869
5869
5870
5870
5872
5874
5875
5875
5875
5876
5878
5879
5880
5881
5882
5883
5885
5885
5886
5887
5888
5889
5889
5892
5893
5893
5893
5895
5896
5896
5897
5900
5901
5902
5902
5902
5904
5905
5905
5908
5908
5910
5910
5911
5912
5912
5914
5915
5917
5917
5918
5918
5921
5921
5923
5924
5925
5925
5926
5928
5928
5930
5930
5931
5932
5933
5934
5934
5937
5938
5938
5939
5939
5941
5941
5943
5945
5946
5946
5947
5949
5950
5950
5951
5952
5952
5955
5955
5956
5956
5958
5959
5961
5961
5962
5964
5964
5965
5965
5968
5968
5968
5971
5971
5972
5973
5973
5975
5977
5977
5977
5979
5979
5980
5983
5983
5985
5985
5985
5988
5988
5988
5990
5991
5992
5993
5994
5995
5995
5996
5998
5999
6000
6000
6002
6002
6005
6005
6006
6007
6007
6008
6009
6011
6011
6012
6014
6014
6015
6018
6019
6019
6020
6020
6022
6023
6023
6025
6026
6026
6028
6029
6029
6031
6032
6032
6035
6035
6035
6038
6039
6039
6040
6041
6042
6043
6043
6045
6046
6047
6048
6050
6050
6050
6051
6053
6054
6055
6057
6057
6058
6060
6060
6061
6061
6063
6064
6064
6066
6067
6068
6069
6071
6071
6072
6072
6073
6075
6076
6076
6079
6080
6080
6081
6082
6082
6084
6085
6086
6088
6089
6090
6090
6091
6092
6092
6094
6095
6096
6098
6099
6099
6100
6101
6102
6103
6104
6105
6106
6107
6107
6109
6110
6112
6112
6113
6114
6115
6117
6117
6118
6118
6121
6121
6121
6123
6124
6126
6127
6128
6128
6129
6130
6130
6131
6132
6135
6135
6135
6136
6139
6139
6139
6141
6141
6143
6145
6145
6146
6147
6149
6150
6151
6151
6153
6153
6155
6155
6156
6156
6157
6158
6159
6161
6162
6163
6165
6166
6167
6167
6168
6168
6169
6171
6172
6173
6173
6175
6176
6176
6178
6178
6181
6181
6183
6183
6184
6185
6186
6188
6188
6189
6191
6191
6193
6193
6195
6195
6197
6197
6198
6198
6200
6201
6202
6203
6205
6206
6207
6208
6208
6210
6210
6211
6212
6212
6214
6214
6216
6216
6218
6219
6219
6222
6223
6223
6224
6225
6225
6228
6229
6229
6230
6230
6231
6233
6234
6236
6236
6238
6238
6238
6240
6241
6242
6242
6243
6245
6246
6247
6247
6249
6250
6251
6251
6253
6254
6256
6256
6257
6259
6259
6259
6261
6262
6263
6264
6265
6266
6268
6268
6269
6270
6271
6272
6273
6273
6276
6276
6276
6278
6278
6280
6280
6282
6282
6284
6285
6286
6288
6289
6289
6290
6292
6292
6294
6295
6295
6296
6297
6298
6298
6300
6301
6303
6304
6304
6306
6306
6307
6308
6310
6310
6311
6313
6313
6313
6315
6316
6316
6318
6318
6319
6321
6323
6324
6325
6326
6326
6327
6329
6330
6330
6330
6331
6332
6334
6334
6335
6336
6338
6339
6340
6341
6342
6343
6345
6346
6347
6347
6349
6349
6350
6351
6352
6354
6354
6355
6357
6358
6358
6359
6361
6361
6362
6364
6364
6366
6367
6368
6368
6370
6371
6371
6372
6374
6375
6375
6377
6377
6378
6378
6379
6380
6383
6384
6385
6385
6385
6386
6387
6388
6389
6392
6393
6394
6395
6396
6396
6398
6399
6400
6401
6401
6402
6404
6404
6405
6405
6407
6407
6410
6410
6410
6411
6414
6415
6416
6416
6417
6418
6419
6419
6420
6423
6424
6424
6426
6427
6427
6428
6430
6430
6431
6431
6434
6435
6435
6436
6437
6438
6439
6440
6441
6441
6443
6444
6444
6446
6448
6448
6450
6450
6450
6453
6453
6454
6455
6456
6457
6458
6459
6461
6461
6463
6463
6465
6465
6466
6467
6468
6469
6470
6470
6471
6472
6474
6474
6476
6478
6478
6478
6481
6481
6483
6483
6483
6485
6486
6488
6488
6488
6490
6491
6492
6492
6493
6495
6496
6497
6498
6499
6500
6500
6502
6503
6504
6506
6506
6507
6509
6509
6509
6511
6512
6513
6514
6515
6516
6516
6519
6519
6520
6521
6521
6523
6524
6524
6526
6527
6528
6529
6531
6531
6532
6532
6534
6535
6535
6536
6537
6538
6539
6540
6542
6543
6544
6544
6545
6546
6549
6549
6551
6551
6551
6552
6553
6555
6556
6558
6558
6559
6559
6561
6561
6563
6564
6565
6565
6568
6568
6569
6570
6571
6571
6573
6574
6575
6576
6577
6578
6578
6581
6581
6582
6583
6584
6584
6585
6587
6589
6590
6590
6591
6592
6593
6594
6595
6596
6596
6597
6598
6599
6602
6602
6603
6604
6605
6606
6607
6609
6609
6610
6611
6613
6613
6614
6614
6615
6617
6618
6619
6619
6622
6623
6623
6624
6624
6625
6626
6628
6629
6631
6632
6632
6634
6634
6635
6637
6638
6639
6639
6640
6642
6643
6644
6645
6646
6647
6647
6648
6648
6650
6651
6653
6654
6655
6655
6656
6658
6658
6660
6661
6661
6662
6662
6663
6665
6666
6668
6669
6670
6671
6671
6671
6672
6675
6675
6676
6677
6678
6679
6679
6680
6682
6683
6684
6684
6686
6687
6689
6689
6691
6691
6692
6693
6693
6694
6695
6697
6697
6698
6701
6701
6702
6703
6704
6705
6706
6708
6709
6709
6709
6710
6712
6713
6714
6716
6716
6717
6718
6718
6721
6721
6722
6723
6723
6725
6727
6728
6729
6729
6729
6730
6732
6733
6734
6735
6736
6738
6738
6740
6741
6741
6742
6744
6744
6745
6746
6746
6747
6750
6750
6750
6751
6754
6755
6755
6756
6757
6758
6758
6760
6762
6762
6762
6764
6766
6767
6768
6769
6769
6770
6771
6772
6773
6773
6775
6776
6778
6778
6779
6779
6781
6782
6783
6784
6785
6787
6787
6788
6789
6790
6790
6792
6793
6794
6795
6796
6796
6798
6800
6801
6801
6802
6803
6804
6805
6806
6807
6808
6808
6810
6811
6812
6813
6814
6814
6816
6817
6818
6819
6821
6821
6823
6824
6824
6824
6827
6827
6827
6829
6830
6830
6832
6833
6835
6835
6837
6837
6838
6839
6840
6842
6842
6842
6843
6845
6846
6846
6847
6849
6849
6851
6852
6853
6855
6856
6856
6857
6857
6860
6861
6861
6861
6862
6864
6864
6866
6866
6869
6870
6870
6871
6872
6873
6875
6876
6876
6878
6878
6879
6879
6882
6882
6883
6884
6885
6887
6887
6888
6889
6891
6891
6891
6892
6894
6895
6896
6897
6898
6899
6900
6901
6902
6903
6903
6904
6906
6907
6907
6908
6910
6910
6911
6913
6914
6916
6916
6916
6917
6919
6920
6921
6921
6923
6924
6926
6926
6926
6927
6930
6930
6932
6932
6934
6934
6935
6935
6937
6938
6939
6939
6940
6941
6942
6944
6945
6946
6946
6948
6950
6950
6951
6952
6953
6954
6956
6957
6958
6958
6958
6961
6961
6962
6963
6965
6966
6966
6967
6968
6969
6971
6971
6972
6972
6975
6976
6977
6978
6978
6979
6980
6980
6982
6983
6983
6985
6985
6986
6988
6989
6990
6991
6993
6994
6994
6995
6996
6998
6999
6999
7000
7001
7002
7003
7005
7005
7006
7006
7008
7008
7009
7011
7012
7013
7013
7016
7016
7017
7018
7019
7021
7021
7022
7023
7024
7024
7027
7027
7028
7028
7030
7032
7032
7032
7033
7035
7036
7038
7038
7039
7040
7041
7042
7043
7045
7045
7047
7047
7047
7049
7050
7050
7051
7053
7054
7055
7056
7058
7059
7059
7060
7061
7063
7063
7063
7064
7065
7067
7068
7069
7071
7072
7072
7073
7074
7075
7076
7077
7079
7079
7079
7080
7083
7083
7084
7086
7086
7087
7088
7089
7090
7091
7091
7092
7093
7095
7096
7098
7098
7099
7101
7102
7103
7103
7104
7105
7105
7107
7108
7109
7111
7112
7112
7113
7115
7115
7115
7116
7117
7119
7119
7120
7123
7124
7124
7125
7125
7127
7128
7129
7131
7131
7132
7132
7134
7135
7135
7138
7139
7139
7139
7141
7142
7143
7144
7146
7147
7147
7148
7149
7150
7150
7151
7153
7154
7154
7155
7156
7157
7160
7161
7161
7162
7163
7165
7166
7166
7168
7168
7168
7171
7172
7173
7173
7174
7175
7176
7177
7178
7180
7180
7182
7182
7182
7184
7184
7187
7187
7188
7189
7190
7190
7192
7194
7194
7195
7195
7196
7197
7199
7200
7201
7202
7202
7204
7204
7206
7207
7208
7208
7210
7210
7211
7212
7214
7214
7216
7216
7218
7218
7221
7221
7222
7223
7224
7225
7226
7227
7228
7228
7229
7230
7232
7233
7234
7236
7236
7237
7238
7239
7239
7241
7242
7243
7244
7244
7246
7246
7248
7250
7250
7250
7252
7253
7254
7254
7255
7257
7258
7258
7260
7262
7262
7263
7264
7264
7267
7267
7267
7269
7270
7270
7273
7273
7273
7274
7276
7277
7278
7279
7280
7280
7282
7282
7284
7284
7286
7288
7289
7289
7290
7291
7291
7292
7293
7295
7295
7297
7298
7300
7300
7301
7303
7303
7305
7306
7307
7308
7309
7309
7311
7312
7312
7313
7315
7315
7317
7318
7318
7319
7319
7320
7322
7324
7325
7326
7326
7326
7327
7328
7331
7331
7332
7332
7335
7336
7336
7337
7337
7338
7340
7341
7342
7343
7344
7345
7346
7347
7348
7349
7349
7350
7352
7353
7354
7355
7357
7357
7357
7358
7361
7361
7361
7362
7364
7365
7366
7366
7368
7368
7371
7371
7372
7372
7375
7375
7376
7376
7377
7378
7381
7382
7382
7383
7383
7386
7386
7388
7388
7389
7389
7391
7391
7392
7394
7394
7396
7397
7397
7398
7400
7402
7402
7403
7405
7406
7407
7408
7408
7409
7409
7411
7412
7413
7415
7415
7416
7416
7418
7419
7420
7421
7423
7424
7424
7425
7427
7428
7428
7429
7430
7430
7432
7434
7434
7435
7436
7437
7438
7439
7441
7441
7443
7443
7444
7446
7447
7448
7449
7450
7450
7451
7451
7452
7453
7454
7457
7457
7458
7459
7460
7462
7462
7462
7464
7464
7467
7467
7468
7470
7470
7472
7472
7474
7475
7475
7475
7476
7478
7479
7480
7481
7482
7482
7483
7485
7486
7487
7488
7489
7489
7491
7493
7494
7494
7494
7496
7496
7497
7499
7500
7501
7502
7504
7505
7505
7507
7507
7509
7509
7510
7511
7512
7513
7513
7514
7517
7518
7518
7519
7520
7521
7523
7523
7524
7524
7525
7527
7529
7529
7529
7530
7531
7534
7534
7535
7536
7537
7538
7538
7539
7541
7541
7542
7544
7544
7545
7547
7549
7550
7550
7551
7552
7553
7554
7554
7556
7557
7557
7559
7559
7560
7561
7564
7565
7566
7567
7568
7569
7570
7571
7572
7572
7574
7575
7575
7576
7576
7577
7578
7580
7582
7582
7582
7584
7586
7586
7586
7587
7588
7590
7591
7591
7593
7595
7596
7596
7598
7599
7599
7600
7601
7602
7603
7605
7605
7607
7608
7608
7609
7610
7611
7612
7612
7614
7615
7617
7617
7617
7620
7621
7621
7622
7622
7625
7626
7627
7628
7629
7630
7631
7631
7633
7633
7634
7636
7636
7637
7638
7640
7641
7641
7642
7643
7644
7644
7646
7648
7648
7649
7649
7650
7653
7654
7654
7655
7656
7657
7658
7658
7660
7661
7663
7664
7664
7665
7666
7667
7668
7668
7670
7671
7672
7672
7675
7675
7676
7678
7679
7680
7681
7681
7683
7683
7684
7685
7687
7687
7689
7689
7690
7692
7693
7694
7694
7695
7696
7697
7697
7698
7700
7700
7701
7703
7704
7704
7707
7707
7707
7709
7711
7712
7713
7714
7715
7716
7716
7717
7717
7718
7719
7721
7722
7723
7724
7725
7726
7726
7728
7730
7730
7731
7732
7732
7734
7735
7737
7737
7738
7738
7740
7740
7743
7743
7743
7745
7746
7747
7747
7749
7749
7751
7753
7753
7753
7754
7755
7757
7757
7758
7759
7761
7762
7763
7764
7765
7765
7768
7768
7769
7769
7772
7773
7773
7775
7776
7777
7778
7779
7780
7780
7782
7782
7783
7783
7786
7787
7787
7788
7789
7791
7791
7792
7792
7793
7794
7795
7796
7798
7799
7800
7802
7802
7803
7803
7804
7806
7807
7808
7808
7810
7811
7812
7812
7815
7815
7816
7817
7818
7819
7821
7821
7822
7822
7824
7825
7827
7827
7829
7829
7830
7831
7833
7834
7835
7836
7837
7837
7838
7839
7841
7842
7843
7844
7844
7845
7846
7848
7848
7849
7850
7851
7852
7853
7853
7855
7856
7857
7857
7859
7860
7861
7861
7863
7864
7865
7865
7868
7868
7870
7870
7871
7872
7873
7874
7874
7876
7878
7878
7878
7881
7881
7882
7883
7883
7884
7885
7887
7888
7888
7890
7890
7892
7893
7893
7894
7896
7897
7898
7900
7901
7902
7902
7902
7903
7905
7906
7907
7908
7909
7911
7911
7913
7913
7914
7916
7917
7917
7918
7919
7920
7922
7922
7923
7924
7924
7926
7926
7928
7929
7929
7931
7933
7934
7934
7935
7937
7938
7939
7939
7940
7941
7942
7942
7943
7944
7946
7947
7948
7949
7949
7951
7952
7953
7955
7955
7955
7956
7957
7960
7960
7960
7961
7963
7963
7964
7966
7967
7968
7969
7969
7970
7973
7974
7974
7974
7975
7976
7977
7978
7979
7982
7982
7983
7983
7986
7986
7987
7987
7989
7991
7992
7993
7993
7995
7995
7997
7997
7998
7998
8000
8000
8000
arquivo ordenado pelo algoritmo heapsort tempo da ordenação = 6.30403 milisegundos

