0
1
2
2
4
5
5
6
12
12
15
17
18
18
18
20
21
21
21
26
27
29
30
31
31
31
33
34
35
35
36
36
38
38
43
44
46
47
48
49
50
53
53
56
56
57
57
57
58
58
59
60
61
61
63
65
66
66
67
67
67
70
70
73
75
75
76
78
78
78
79
80
82
82
83
84
84
84
85
86
93
93
94
95
97
98
100
101
102
102
104
104
106
106
108
109
111
112
113
114
114
117
119
119
119
120
121
122
123
124
125
125
126
128
128
128
129
131
132
138
139
139
140
141
141
142
142
143
144
144
147
147
149
149
149
152
153
153
154
155
156
157
159
161
162
163
164
165
167
167
168
169
169
169
171
173
173
174
174
177
179
180
181
182
183
188
190
190
191
192
192
195
197
197
198
203
203
204
204
204
205
206
208
209
209
209
209
212
212
214
214
215
216
216
216
216
217
219
220
222
223
224
225
226
226
227
227
228
228
228
228
229
230
231
234
234
236
236
238
239
239
240
241
242
244
245
246
249
250
252
252
253
256
256
256
256
258
258
259
259
262
262
262
265
265
266
267
269
270
271
271
272
274
276
277
278
280
282
283
284
285
287
289
290
291
292
292
292
293
293
295
297
298
299
301
301
302
302
304
304
306
306
308
309
310
311
311
312
313
313
313
314
314
315
315
316
317
317
317
319
319
319
319
320
321
322
323
327
329
330
331
331
332
332
332
334
336
337
337
338
338
339
339
340
342
343
344
347
348
350
351
351
353
354
354
356
358
358
360
360
361
361
365
366
368
368
372
373
373
375
376
377
378
378
379
379
380
384
385
385
385
386
388
391
392
392
394
394
398
398
399
400
403
405
406
406
407
408
410
411
412
412
415
417
417
418
418
418
419
420
421
422
423
424
424
429
429
429
429
430
430
432
432
434
435
436
438
440
440
441
441
441
441
443
444
445
446
447
454
454
456
457
458
462
462
462
462
463
463
464
465
466
466
467
467
467
468
469
470
471
471
472
472
473
474
474
476
477
477
478
480
480
481
481
481
481
482
482
482
485
485
487
488
488
490
491
491
491
493
493
494
500
502
503
503
504
507
510
512
512
513
514
514
515
517
518
518
520
523
523
525
525
526
528
530
530
531
533
534
536
536
537
538
538
540
540
540
541
541
543
544
546
547
549
552
552
553
553
555
556
559
560
560
560
560
561
565
565
570
570
572
575
576
576
577
577
577
578
578
582
588
589
591
592
593
594
596
597
597
598
599
599
601
601
601
601
603
604
604
604
606
606
606
607
608
608
610
610
611
613
613
613
614
615
615
616
617
620
621
622
622
623
623
623
624
624
624
626
627
630
631
632
632
633
634
635
635
636
637
637
638
638
638
639
639
643
644
644
645
646
646
647
648
648
649
649
649
650
650
651
651
651
652
652
653
653
654
656
658
660
662
664
664
665
665
665
667
668
669
670
672
673
674
676
677
677
677
678
679
682
683
686
687
688
688
688
695
696
696
696
697
698
699
699
700
700
704
705
705
706
706
707
708
708
709
709
710
713
713
716
716
721
722
723
725
726
729
732
732
732
734
734
736
736
737
737
738
739
740
740
742
743
745
748
753
755
756
757
758
760
760
761
761
763
763
763
765
766
767
768
769
771
774
775
776
778
778
778
780
781
781
782
783
786
787
787
788
789
790
792
792
797
800
800
801
805
805
807
807
808
808
809
809
809
810
811
811
812
813
813
815
815
816
816
818
819
820
820
821
822
823
823
825
826
827
834
835
835
837
838
839
845
846
847
847
849
849
850
850
851
853
853
854
857
858
858
859
859
859
859
862
863
865
865
869
869
870
870
871
873
877
877
878
879
879
880
884
884
886
887
888
888
889
890
890
891
892
892
895
895
896
896
898
898
899
899
903
904
904
905
906
907
908
909
909
910
912
913
914
914
915
916
916
917
917
918
919
919
920
921
921
921
923
923
923
923
923
923
924
925
925
927
930
933
934
935
935
936
937
938
939
939
941
941
943
944
945
945
946
946
948
948
950
951
953
953
955
955
958
959
960
960
960
961
963
963
964
965
966
966
966
968
968
969
970
970
972
973
973
975
975
975
978
980
980
983
983
985
988
988
988
990
990
991
992
994
996
997
998
998
999
999
999
999
1001
1001
1005
1005
1005
1005
1006
1006
1009
1009
1013
1015
1016
1016
1017
1019
1020
1021
1021
1021
1021
1022
1022
1023
1023
1023
1024
1025
1033
1033
1033
1034
1035
1035
1038
1038
1039
1040
1041
1042
1042
1044
1044
1045
1046
1049
1050
1052
1055
1055
1056
1056
1057
1057
1060
1060
1061
1061
1062
1063
1063
1067
1069
1069
1069
1071
1072
1077
1079
1080
1080
1083
1083
1087
1088
1089
1091
1092
1093
1094
1095
1095
1095
1095
1095
1097
1098
1098
1098
1100
1100
1103
1103
1104
1105
1107
1108
1109
1111
1111
1111
1111
1112
1112
1113
1114
1117
1119
1119
1120
1120
1123
1124
1124
1125
1126
1129
1130
1133
1133
1133
1134
1134
1136
1136
1137
1137
1138
1138
1141
1143
1145
1145
1146
1147
1147
1148
1149
1150
1151
1153
1154
1155
1156
1157
1157
1157
1157
1160
1163
1164
1164
1166
1168
1170
1172
1173
1174
1176
1181
1181
1182
1185
1186
1188
1189
1189
1190
1191
1191
1192
1193
1195
1195
1195
1196
1196
1198
1198
1203
1204
1204
1205
1205
1206
1206
1207
1208
1210
1211
1214
1216
1216
1217
1218
1219
1220
1226
1226
1226
1227
1228
1228
1230
1232
1234
1234
1237
1238
1238
1239
1240
1242
1243
1244
1245
1245
1247
1252
1252
1254
1254
1255
1257
1260
1261
1262
1262
1264
1264
1264
1264
1265
1265
1266
1266
1269
1270
1270
1270
1270
1271
1272
1273
1273
1273
1275
1276
1277
1278
1278
1279
1281
1282
1283
1284
1285
1287
1288
1288
1289
1291
1291
1291
1292
1293
1294
1296
1297
1297
1297
1297
1298
1299
1300
1301
1301
1302
1304
1305
1307
1309
1310
1310
1312
1314
1314
1316
1316
1317
1318
1319
1319
1322
1322
1322
1322
1323
1325
1326
1326
1326
1328
1329
1331
1331
1333
1334
1334
1335
1336
1336
1339
1341
1341
1342
1342
1343
1343
1345
1345
1346
1346
1347
1350
1350
1351
1355
1357
1357
1359
1360
1361
1361
1362
1363
1364
1364
1365
1367
1367
1368
1369
1369
1369
1374
1375
1377
1377
1378
1378
1379
1379
1379
1380
1380
1382
1382
1383
1383
1383
1384
1386
1387
1388
1391
1392
1396
1400
1400
1401
1402
1406
1406
1406
1407
1409
1410
1410
1410
1414
1415
1415
1418
1419
1420
1420
1420
1421
1422
1423
1424
1425
1425
1425
1426
1427
1431
1433
1435
1435
1436
1437
1438
1438
1439
1440
1441
1442
1442
1443
1443
1444
1445
1445
1446
1446
1448
1452
1452
1452
1453
1453
1455
1458
1458
1460
1461
1461
1463
1464
1465
1466
1466
1467
1468
1469
1469
1470
1470
1476
1478
1478
1479
1480
1481
1482
1482
1483
1483
1484
1485
1485
1486
1487
1487
1488
1489
1490
1492
1493
1493
1494
1496
1497
1498
1501
1502
1502
1503
1507
1510
1510
1511
1511
1512
1512
1512
1513
1513
1516
1516
1517
1518
1518
1520
1522
1524
1526
1527
1527
1529
1529
1530
1530
1531
1531
1531
1531
1534
1534
1535
1536
1536
1537
1537
1538
1538
1538
1541
1541
1542
1542
1542
1542
1543
1544
1544
1544
1545
1550
1552
1552
1553
1554
1555
1556
1557
1558
1560
1561
1561
1561
1561
1562
1562
1564
1564
1565
1566
1566
1566
1568
1570
1570
1571
1578
1578
1581
1583
1583
1583
1587
1589
1589
1592
1592
1593
1593
1594
1594
1594
1595
1596
1597
1597
1598
1600
1600
1601
1603
1607
1608
1608
1610
1611
1612
1612
1613
1614
1614
1614
1617
1618
1619
1619
1619
1620
1621
1622
1622
1624
1624
1625
1627
1629
1629
1629
1631
1632
1632
1632
1633
1633
1635
1637
1638
1639
1643
1644
1647
1647
1648
1648
1649
1649
1649
1650
1651
1651
1653
1654
1655
1657
1658
1659
1663
1663
1664
1664
1666
1666
1666
1667
1667
1668
1668
1668
1669
1669
1673
1673
1673
1673
1674
1675
1675
1675
1675
1676
1677
1678
1678
1678
1682
1686
1690
1690
1691
1691
1692
1693
1693
1693
1695
1697
1699
1699
1700
1701
1701
1702
1703
1704
1705
1705
1706
1707
1707
1708
1709
1711
1711
1715
1716
1716
1716
1717
1718
1719
1720
1721
1721
1722
1722
1723
1723
1724
1725
1726
1728
1729
1730
1730
1730
1732
1733
1735
1736
1737
1738
1739
1740
1742
1742
1745
1747
1749
1751
1754
1755
1755
1756
1756
1759
1762
1764
1765
1765
1766
1767
1767
1767
1768
1768
1769
1770
1771
1772
1772
1774
1775
1775
1775
1780
1783
1784
1786
1787
1788
1788
1790
1790
1790
1791
1791
1792
1793
1796
1800
1801
1801
1804
1804
1804
1806
1806
1807
1809
1810
1810
1812
1813
1814
1816
1816
1817
1817
1820
1822
1823
1823
1826
1827
1827
1827
1828
1828
1828
1829
1829
1829
1830
1831
1832
1834
1834
1835
1835
1837
1838
1839
1839
1839
1840
1840
1840
1841
1841
1842
1849
1850
1851
1851
1851
1854
1856
1856
1858
1860
1861
1862
1862
1862
1863
1865
1868
1870
1872
1876
1876
1877
1878
1878
1879
1880
1881
1881
1883
1886
1887
1887
1887
1887
1888
1890
1892
1893
1893
1893
1894
1894
1895
1897
1898
1899
1900
1900
1901
1901
1902
1903
1903
1904
1905
1905
1906
1907
1907
1911
1914
1916
1917
1919
1919
1921
1921
1921
1922
1922
1924
1926
1926
1928
1930
1931
1934
1936
1938
1939
1943
1945
1945
1945
1945
1949
1950
1951
1951
1953
1954
1955
1955
1956
1958
1960
1960
1961
1963
1963
1964
1965
1966
1969
1969
1970
1971
1972
1972
1978
1980
1980
1981
1981
1983
1984
1986
1986
1987
1987
1988
1988
1988
1988
1989
1990
1991
1992
1993
1994
1995
1999
2004
2004
2005
2006
2007
2009
2011
2012
2012
2012
2013
2014
2016
2016
2017
2017
2017
2018
2018
2019
2019
2020
2020
2022
2022
2023
2028
2029
2029
2030
2030
2030
2031
2031
2031
2034
2035
2037
2037
2038
2038
2039
2042
2043
2043
2046
2047
2048
2048
2048
2049
2051
2051
2052
2052
2053
2054
2054
2054
2055
2057
2058
2059
2060
2061
2061
2062
2063
2063
2066
2067
2069
2069
2069
2072
2073
2073
2073
2074
2076
2077
2079
2079
2079
2079
2080
2081
2082
2083
2083
2085
2087
2087
2087
2088
2088
2088
2089
2090
2091
2091
2092
2092
2092
2095
2095
2095
2096
2097
2099
2099
2099
2099
2101
2102
2103
2105
2105
2107
2107
2109
2110
2111
2111
2112
2115
2117
2117
2119
2119
2122
2123
2123
2123
2124
2125
2127
2128
2132
2133
2135
2135
2137
2137
2140
2141
2141
2142
2143
2143
2146
2147
2147
2149
2151
2151
2151
2153
2153
2154
2154
2154
2155
2158
2160
2160
2161
2162
2163
2164
2165
2165
2167
2168
2173
2177
2177
2177
2177
2178
2179
2180
2182
2182
2187
2187
2189
2190
2190
2191
2191
2191
2192
2192
2194
2194
2195
2195
2198
2199
2199
2200
2201
2203
2203
2203
2204
2205
2205
2208
2208
2209
2209
2210
2212
2212
2213
2213
2214
2214
2214
2215
2215
2215
2215
2216
2217
2217
2220
2220
2221
2221
2222
2223
2224
2224
2224
2227
2229
2229
2229
2229
2234
2237
2237
2239
2240
2240
2241
2242
2242
2243
2243
2245
2245
2246
2249
2249
2250
2252
2254
2255
2255
2256
2256
2257
2259
2260
2261
2262
2263
2267
2267
2267
2267
2268
2271
2272
2273
2275
2277
2278
2279
2279
2281
2284
2286
2286
2287
2289
2290
2293
2293
2293
2294
2296
2297
2297
2297
2302
2302
2305
2305
2307
2308
2308
2309
2309
2309
2309
2311
2311
2312
2313
2313
2313
2316
2317
2317
2319
2319
2319
2322
2323
2323
2324
2324
2325
2326
2326
2327
2328
2328
2328
2329
2330
2332
2332
2334
2337
2339
2341
2341
2344
2344
2345
2346
2346
2349
2351
2353
2356
2357
2358
2358
2358
2359
2359
2361
2365
2365
2368
2370
2372
2374
2374
2375
2376
2377
2378
2379
2379
2379
2380
2381
2383
2384
2384
2386
2386
2386
2387
2387
2388
2388
2389
2389
2390
2390
2391
2397
2398
2399
2399
2400
2400
2400
2400
2402
2402
2404
2404
2405
2406
2408
2408
2409
2409
2410
2411
2412
2412
2415
2416
2417
2418
2418
2418
2419
2420
2421
2421
2421
2425
2426
2426
2427
2429
2430
2431
2431
2433
2433
2433
2433
2434
2435
2435
2436
2436
2437
2438
2439
2439
2440
2442
2442
2442
2443
2447
2452
2453
2453
2454
2455
2458
2458
2460
2461
2462
2465
2465
2467
2467
2468
2468
2468
2469
2469
2470
2470
2471
2472
2473
2473
2474
2476
2476
2476
2478
2478
2480
2482
2483
2483
2483
2483
2484
2485
2485
2488
2490
2492
2493
2495
2495
2496
2496
2496
2498
2498
2501
2501
2505
2506
2508
2509
2509
2509
2510
2511
2511
2513
2513
2516
2517
2517
2519
2522
2526
2527
2527
2529
2530
2531
2531
2531
2533
2534
2534
2534
2535
2535
2535
2536
2536
2537
2537
2538
2539
2540
2542
2542
2543
2544
2546
2546
2546
2548
2548
2549
2549
2550
2551
2551
2552
2552
2555
2556
2557
2557
2558
2559
2559
2560
2561
2561
2562
2563
2564
2564
2566
2567
2571
2571
2571
2572
2572
2573
2573
2574
2575
2576
2579
2580
2581
2582
2584
2584
2589
2591
2592
2592
2592
2593
2595
2595
2596
2596
2596
2597
2598
2600
2601
2602
2604
2604
2604
2604
2605
2605
2606
2606
2608
2610
2610
2611
2612
2614
2616
2618
2618
2618
2622
2622
2622
2622
2622
2623
2623
2624
2626
2627
2628
2630
2631
2632
2632
2633
2634
2636
2636
2636
2636
2637
2639
2641
2642
2644
2646
2647
2648
2648
2652
2654
2655
2656
2658
2659
2659
2662
2662
2664
2665
2667
2667
2669
2669
2670
2671
2673
2675
2676
2679
2679
2679
2679
2680
2681
2681
2682
2682
2685
2688
2688
2688
2690
2690
2691
2692
2693
2693
2693
2694
2695
2695
2695
2697
2698
2701
2701
2701
2702
2702
2705
2706
2707
2707
2708
2709
2711
2711
2712
2713
2713
2715
2716
2717
2717
2717
2719
2719
2721
2721
2721
2723
2723
2723
2724
2725
2725
2725
2725
2725
2726
2726
2728
2729
2729
2735
2735
2736
2739
2740
2740
2740
2744
2744
2745
2745
2747
2748
2749
2749
2750
2750
2752
2752
2754
2756
2756
2757
2759
2759
2760
2763
2764
2767
2768
2768
2769
2770
2775
2775
2776
2778
2779
2780
2780
2782
2783
2783
2785
2786
2787
2788
2788
2788
2789
2792
2793
2794
2796
2796
2797
2797
2800
2800
2801
2806
2807
2808
2809
2811
2811
2813
2814
2814
2815
2816
2816
2817
2817
2818
2820
2820
2823
2823
2823
2826
2828
2829
2829
2829
2829
2832
2834
2835
2835
2837
2837
2839
2845
2846
2847
2847
2847
2849
2850
2851
2852
2857
2857
2857
2860
2861
2861
2862
2863
2863
2864
2865
2866
2867
2872
2872
2874
2874
2875
2876
2876
2878
2878
2879
2880
2880
2880
2880
2880
2881
2884
2885
2885
2886
2887
2887
2887
2890
2892
2892
2895
2895
2896
2897
2897
2898
2900
2900
2901
2902
2903
2903
2908
2908
2912
2914
2915
2916
2918
2924
2925
2925
2926
2927
2929
2929
2929
2932
2932
2933
2933
2933
2933
2934
2935
2936
2936
2936
2937
2937
2939
2940
2941
2942
2943
2943
2944
2945
2945
2947
2947
2948
2949
2949
2951
2952
2952
2953
2953
2954
2958
2959
2962
2965
2967
2968
2969
2969
2970
2975
2976
2976
2976
2977
2977
2977
2978
2979
2980
2980
2983
2983
2983
2983
2985
2986
2987
2987
2988
2991
2995
2996
2999
3000
3002
3002
3003
3006
3009
3010
3010
3010
3011
3012
3012
3015
3016
3017
3019
3019
3020
3022
3027
3027
3027
3028
3028
3028
3030
3033
3034
3034
3035
3036
3036
3037
3037
3040
3042
3042
3043
3045
3046
3046
3048
3049
3049
3049
3050
3053
3053
3054
3054
3054
3054
3055
3055
3056
3057
3058
3058
3059
3059
3064
3064
3065
3066
3067
3068
3068
3069
3070
3072
3072
3073
3075
3075
3076
3076
3076
3078
3079
3080
3080
3084
3087
3088
3089
3090
3093
3093
3095
3097
3101
3101
3101
3101
3101
3102
3105
3108
3108
3108
3108
3110
3111
3111
3112
3113
3114
3116
3116
3118
3119
3119
3120
3121
3122
3122
3125
3126
3126
3128
3128
3129
3130
3130
3134
3134
3136
3138
3141
3141
3141
3142
3145
3146
3146
3146
3150
3151
3155
3155
3156
3156
3157
3157
3158
3160
3161
3161
3163
3163
3165
3165
3166
3168
3170
3170
3171
3174
3176
3178
3179
3179
3180
3181
3182
3182
3183
3185
3187
3188
3192
3193
3195
3196
3196
3197
3198
3198
3198
3201
3202
3202
3206
3206
3206
3207
3208
3208
3209
3210
3212
3212
3212
3212
3214
3214
3216
3216
3216
3216
3217
3217
3217
3219
3221
3222
3222
3223
3224
3224
3227
3228
3229
3229
3230
3232
3233
3234
3236
3236
3237
3238
3239
3239
3240
3240
3241
3246
3247
3248
3248
3248
3251
3253
3254
3254
3254
3255
3256
3257
3257
3261
3261
3262
3263
3264
3265
3266
3268
3270
3272
3273
3273
3273
3273
3273
3274
3274
3275
3275
3277
3278
3282
3282
3283
3284
3284
3285
3289
3289
3289
3290
3294
3299
3299
3300
3302
3304
3304
3306
3307
3309
3310
3310
3311
3313
3314
3315
3315
3316
3317
3318
3322
3323
3323
3326
3326
3327
3328
3329
3330
3330
3330
3330
3332
3332
3332
3332
3333
3333
3333
3334
3335
3337
3338
3338
3343
3345
3348
3348
3349
3350
3352
3354
3355
3360
3362
3365
3365
3366
3367
3367
3368
3368
3369
3369
3370
3372
3374
3375
3376
3377
3378
3379
3379
3379
3380
3380
3380
3381
3383
3383
3384
3384
3385
3387
3389
3389
3391
3393
3393
3394
3394
3394
3394
3395
3395
3395
3396
3396
3397
3397
3397
3400
3402
3402
3404
3405
3405
3406
3408
3408
3413
3415
3415
3415
3416
3417
3418
3419
3420
3420
3420
3421
3421
3424
3425
3426
3427
3428
3429
3430
3431
3431
3432
3432
3432
3436
3436
3439
3439
3440
3444
3445
3447
3448
3448
3449
3450
3450
3450
3451
3453
3453
3454
3455
3456
3456
3457
3457
3457
3459
3459
3459
3460
3462
3463
3464
3465
3466
3466
3467
3468
3469
3470
3470
3471
3471
3472
3473
3474
3475
3475
3477
3478
3478
3479
3480
3481
3481
3483
3484
3486
3487
3487
3488
3488
3489
3489
3490
3491
3493
3493
3494
3495
3495
3497
3498
3499
3502
3503
3505
3506
3507
3508
3508
3508
3509
3515
3516
3516
3517
3517
3517
3517
3521
3522
3522
3524
3524
3527
3527
3527
3529
3530
3533
3533
3533
3535
3536
3536
3536
3536
3537
3537
3538
3539
3540
3543
3544
3545
3545
3545
3545
3545
3545
3545
3546
3553
3554
3555
3558
3558
3560
3560
3560
3561
3563
3566
3567
3567
3568
3569
3572
3573
3573
3575
3575
3577
3579
3580
3580
3580
3581
3581
3582
3582
3582
3585
3586
3590
3590
3590
3593
3594
3594
3594
3594
3594
3594
3595
3595
3596
3596
3596
3597
3597
3597
3599
3600
3601
3601
3602
3602
3602
3603
3606
3606
3609
3611
3613
3613
3615
3615
3615
3615
3615
3616
3616
3617
3617
3617
3618
3619
3620
3620
3620
3622
3623
3623
3624
3624
3626
3627
3629
3630
3631
3631
3632
3635
3636
3639
3639
3640
3640
3640
3640
3641
3642
3642
3642
3645
3645
3647
3648
3649
3649
3649
3650
3651
3652
3652
3654
3654
3654
3654
3654
3655
3655
3655
3657
3657
3658
3659
3660
3661
3662
3662
3663
3664
3665
3665
3665
3666
3667
3668
3669
3671
3672
3673
3673
3674
3674
3675
3675
3675
3678
3679
3679
3680
3680
3681
3682
3683
3683
3683
3687
3687
3689
3690
3691
3691
3692
3698
3698
3699
3700
3702
3702
3702
3703
3703
3704
3704
3704
3704
3704
3705
3705
3707
3707
3707
3708
3709
3709
3713
3713
3713
3714
3714
3715
3716
3717
3718
3719
3720
3721
3723
3723
3723
3723
3725
3726
3726
3728
3728
3728
3729
3730
3731
3731
3733
3733
3733
3735
3737
3737
3737
3737
3740
3743
3744
3744
3744
3747
3747
3748
3750
3751
3753
3753
3754
3755
3756
3759
3760
3763
3763
3764
3765
3766
3769
3769
3769
3769
3769
3771
3771
3773
3775
3775
3776
3778
3779
3781
3781
3781
3784
3784
3786
3786
3789
3791
3791
3795
3796
3798
3803
3804
3804
3808
3811
3812
3812
3813
3819
3819
3820
3823
3824
3825
3826
3827
3828
3829
3830
3831
3831
3836
3837
3837
3838
3842
3843
3843
3843
3843
3843
3844
3844
3845
3845
3845
3846
3847
3848
3853
3853
3853
3853
3854
3857
3857
3860
3860
3861
3862
3864
3865
3865
3866
3867
3869
3869
3870
3870
3870
3870
3870
3871
3872
3873
3873
3873
3874
3875
3875
3876
3878
3881
3882
3882
3884
3884
3885
3886
3888
3889
3889
3891
3893
3894
3894
3895
3895
3896
3900
3901
3902
3902
3902
3902
3902
3904
3905
3905
3905
3906
3906
3907
3907
3908
3908
3909
3910
3911
3913
3915
3915
3916
3917
3919
3920
3922
3922
3923
3923
3923
3924
3925
3925
3925
3926
3927
3929
3932
3932
3933
3934
3937
3937
3939
3942
3942
3943
3943
3944
3945
3946
3947
3947
3947
3948
3948
3949
3950
3951
3952
3952
3954
3956
3957
3957
3957
3958
3958
3958
3961
3963
3963
3965
3966
3968
3970
3970
3975
3975
3975
3975
3977
3978
3978
3978
3979
3980
3982
3985
3986
3987
3987
3987
3987
3991
3991
3991
3992
3994
3995
3995
3995
3996
3998
3999
4001
4002
4005
4005
4007
4008
4009
4009
4011
4013
4016
4017
4017
4018
4019
4021
4022
4023
4024
4025
4025
4025
4026
4026
4027
4028
4031
4032
4032
4033
4033
4035
4036
4036
4036
4036
4037
4037
4042
4042
4045
4046
4046
4046
4047
4047
4048
4048
4048
4048
4052
4054
4055
4055
4056
4057
4057
4058
4061
4061
4063
4064
4064
4064
4064
4066
4067
4068
4071
4072
4073
4076
4078
4078
4078
4079
4080
4081
4081
4086
4087
4090
4090
4092
4092
4093
4095
4096
4096
4098
4100
4102
4102
4102
4102
4104
4104
4104
4105
4105
4107
4107
4107
4110
4111
4112
4112
4113
4114
4115
4115
4115
4117
4121
4121
4123
4123
4124
4124
4124
4127
4130
4133
4135
4135
4137
4140
4140
4142
4146
4146
4146
4148
4149
4149
4150
4152
4155
4158
4158
4160
4161
4162
4163
4163
4165
4165
4166
4167
4170
4172
4173
4173
4174
4175
4176
4176
4178
4179
4181
4182
4185
4186
4187
4187
4189
4189
4191
4192
4193
4196
4196
4197
4198
4198
4198
4199
4200
4202
4202
4203
4204
4204
4204
4205
4206
4206
4208
4210
4210
4210
4211
4213
4213
4216
4217
4218
4218
4218
4218
4219
4220
4220
4222
4222
4223
4223
4223
4224
4224
4225
4227
4229
4232
4232
4232
4232
4233
4234
4234
4234
4235
4235
4236
4237
4239
4240
4240
4241
4241
4242
4243
4243
4244
4244
4246
4246
4246
4246
4247
4249
4249
4250
4251
4252
4252
4253
4253
4255
4256
4257
4258
4260
4261
4264
4264
4266
4268
4272
4272
4273
4274
4277
4277
4279
4279
4280
4280
4281
4282
4282
4283
4285
4286
4286
4286
4287
4287
4291
4296
4298
4298
4299
4302
4302
4303
4304
4306
4306
4306
4307
4307
4307
4307
4308
4308
4309
4310
4311
4311
4313
4314
4315
4316
4320
4322
4322
4322
4323
4325
4329
4330
4330
4333
4333
4333
4335
4339
4342
4343
4344
4346
4347
4347
4348
4348
4349
4350
4350
4351
4351
4353
4353
4354
4357
4358
4358
4359
4359
4360
4361
4361
4362
4363
4364
4365
4365
4365
4366
4367
4367
4367
4367
4368
4368
4370
4370
4370
4372
4373
4375
4380
4380
4380
4381
4384
4384
4385
4386
4387
4389
4389
4392
4393
4393
4393
4394
4395
4396
4396
4398
4398
4399
4399
4400
4400
4401
4402
4404
4404
4405
4406
4406
4407
4408
4408
4409
4409
4410
4410
4411
4413
4413
4415
4416
4417
4417
4418
4419
4419
4421
4422
4422
4424
4426
4426
4426
4428
4429
4430
4432
4433
4434
4435
4436
4436
4440
4441
4443
4443
4443
4444
4446
4447
4449
4449
4453
4454
4454
4457
4460
4460
4460
4461
4461
4461
4461
4463
4466
4466
4467
4467
4468
4468
4468
4468
4469
4471
4472
4473
4474
4475
4475
4475
4477
4478
4478
4478
4479
4479
4479
4481
4482
4483
4483
4485
4486
4486
4486
4486
4487
4490
4492
4493
4497
4499
4500
4503
4504
4504
4504
4506
4506
4506
4506
4507
4507
4510
4510
4514
4514
4517
4519
4520
4521
4521
4521
4521
4522
4522
4523
4524
4525
4526
4526
4527
4528
4530
4532
4532
4534
4534
4537
4538
4538
4541
4542
4543
4543
4543
4545
4545
4546
4546
4547
4552
4553
4553
4553
4553
4555
4555
4557
4557
4558
4558
4559
4559
4561
4561
4561
4564
4565
4565
4565
4566
4568
4570
4571
4571
4571
4571
4575
4576
4577
4577
4578
4579
4580
4580
4581
4582
4582
4583
4583
4584
4585
4585
4587
4588
4589
4590
4591
4593
4594
4595
4596
4596
4600
4600
4605
4606
4607
4607
4609
4610
4610
4611
4614
4615
4618
4618
4619
4619
4619
4619
4621
4621
4622
4623
4624
4624
4626
4626
4626
4628
4628
4628
4632
4632
4633
4633
4633
4634
4636
4637
4642
4646
4646
4646
4647
4648
4648
4650
4650
4650
4652
4652
4652
4655
4655
4657
4658
4659
4660
4660
4664
4664
4664
4666
4667
4670
4672
4676
4677
4678
4680
4681
4681
4681
4682
4682
4685
4687
4687
4688
4688
4688
4690
4691
4691
4692
4693
4695
4695
4698
4698
4701
4702
4706
4707
4708
4708
4710
4712
4713
4714
4715
4716
4717
4717
4717
4717
4718
4718
4718
4721
4721
4723
4723
4724
4726
4727
4727
4728
4732
4732
4735
4737
4740
4741
4742
4742
4742
4743
4744
4744
4745
4745
4747
4748
4748
4750
4750
4750
4752
4752
4752
4753
4755
4755
4755
4758
4759
4759
4759
4760
4762
4762
4763
4766
4766
4769
4770
4770
4771
4773
4774
4776
4777
4778
4778
4778
4780
4780
4781
4781
4784
4785
4785
4788
4789
4789
4789
4789
4791
4791
4794
4800
4801
4801
4802
4802
4804
4805
4806
4808
4809
4810
4812
4812
4813
4814
4815
4817
4819
4819
4819
4820
4822
4823
4825
4825
4826
4828
4828
4830
4831
4832
4835
4836
4837
4838
4838
4838
4839
4840
4840
4842
4843
4843
4843
4845
4846
4846
4849
4850
4852
4852
4853
4854
4856
4856
4856
4857
4859
4859
4863
4868
4869
4869
4871
4871
4871
4872
4876
4877
4878
4879
4880
4881
4881
4881
4882
4882
4882
4883
4885
4886
4887
4888
4890
4890
4891
4891
4893
4895
4895
4896
4897
4897
4898
4898
4900
4903
4904
4904
4904
4906
4906
4907
4907
4908
4908
4910
4911
4911
4912
4913
4913
4913
4914
4915
4915
4917
4917
4917
4918
4918
4919
4920
4920
4921
4921
4922
4922
4922
4922
4923
4926
4926
4926
4928
4928
4928
4930
4930
4933
4934
4935
4935
4936
4938
4939
4940
4940
4941
4942
4943
4943
4944
4945
4945
4945
4948
4948
4949
4950
4951
4951
4951
4952
4954
4954
4955
4955
4957
4957
4958
4962
4962
4963
4963
4964
4964
4966
4968
4968
4970
4971
4971
4972
4972
4972
4973
4974
4978
4978
4978
4979
4981
4981
4981
4981
4982
4985
4985
4986
4986
4988
4988
4989
4990
4990
4991
4992
4993
4994
4995
4995
4996
4999
4999
4999
5001
5003
5003
5003
5003
5003
5003
5005
5005
5005
5005
5006
5007
5008
5008
5008
5010
5010
5011
5012
5017
5020
5020
5020
5021
5022
5022
5022
5023
5025
5027
5027
5028
5029
5030
5031
5031
5031
5034
5037
5039
5040
5041
5043
5044
5044
5047
5048
5049
5051
5051
5051
5056
5057
5058
5058
5058
5060
5061
5062
5063
5063
5064
5065
5067
5072
5072
5072
5072
5075
5075
5077
5077
5077
5077
5079
5079
5079
5080
5080
5080
5081
5083
5084
5085
5085
5087
5087
5088
5089
5089
5089
5090
5092
5093
5093
5094
5095
5096
5097
5097
5102
5102
5102
5104
5106
5107
5108
5109
5109
5110
5112
5113
5113
5114
5114
5114
5115
5116
5116
5117
5119
5120
5120
5120
5124
5124
5128
5128
5130
5131
5132
5134
5134
5134
5136
5138
5138
5139
5140
5140
5142
5142
5142
5143
5144
5144
5146
5146
5147
5148
5148
5153
5153
5154
5154
5155
5155
5156
5157
5159
5159
5161
5161
5162
5165
5165
5165
5166
5167
5168
5168
5172
5173
5175
5175
5175
5179
5180
5180
5182
5183
5183
5187
5189
5189
5190
5191
5192
5194
5194
5194
5196
5198
5199
5199
5200
5200
5202
5202
5203
5204
5204
5204
5205
5206
5208
5208
5209
5210
5211
5212
5212
5213
5213
5215
5215
5216
5216
5217
5218
5218
5219
5220
5222
5222
5222
5223
5223
5224
5224
5225
5226
5226
5226
5227
5227
5227
5231
5231
5232
5232
5233
5235
5235
5235
5237
5237
5239
5239
5241
5242
5242
5245
5248
5248
5250
5250
5250
5250
5251
5251
5254
5255
5256
5256
5257
5258
5258
5259
5259
5261
5261
5264
5264
5265
5265
5265
5266
5266
5266
5267
5268
5268
5269
5269
5271
5272
5273
5274
5278
5278
5279
5279
5279
5281
5282
5283
5285
5285
5286
5287
5288
5289
5290
5291
5291
5294
5295
5296
5297
5298
5299
5299
5302
5303
5303
5305
5307
5307
5310
5311
5312
5314
5314
5315
5316
5317
5318
5318
5320
5320
5321
5322
5324
5324
5325
5325
5329
5329
5330
5335
5336
5337
5338
5338
5338
5339
5341
5342
5342
5343
5346
5347
5349
5349
5353
5353
5354
5355
5358
5358
5361
5361
5362
5363
5363
5364
5367
5370
5371
5372
5374
5374
5375
5375
5375
5376
5376
5377
5378
5379
5380
5380
5381
5381
5381
5382
5382
5382
5385
5385
5389
5390
5390
5391
5391
5391
5392
5393
5393
5396
5396
5397
5399
5400
5401
5403
5403
5404
5404
5405
5406
5407
5407
5408
5409
5409
5410
5411
5412
5413
5414
5415
5416
5417
5418
5422
5424
5425
5425
5426
5428
5429
5431
5432
5433
5433
5434
5435
5435
5435
5435
5436
5436
5436
5437
5437
5438
5439
5439
5440
5440
5440
5443
5445
5445
5445
5448
5451
5451
5452
5453
5454
5454
5454
5455
5455
5456
5457
5459
5460
5463
5464
5464
5464
5465
5466
5466
5468
5469
5469
5469
5469
5469
5472
5472
5474
5474
5475
5475
5476
5477
5479
5480
5483
5483
5483
5483
5484
5485
5486
5488
5490
5492
5492
5493
5494
5494
5494
5495
5496
5496
5497
5497
5499
5499
5500
5502
5504
5507
5507
5508
5512
5512
5513
5513
5513
5514
5517
5518
5520
5520
5520
5521
5521
5521
5521
5524
5524
5524
5526
5529
5530
5531
5532
5532
5532
5533
5534
5534
5534
5535
5536
5537
5537
5539
5540
5541
5541
5541
5542
5543
5543
5544
5545
5547
5548
5548
5549
5551
5554
5557
5558
5563
5565
5566
5566
5568
5568
5570
5572
5572
5572
5573
5573
5573
5573
5575
5575
5576
5577
5577
5578
5579
5579
5580
5581
5582
5583
5585
5585
5585
5588
5588
5589
5590
5590
5590
5592
5596
5596
5602
5603
5603
5604
5605
5605
5606
5607
5608
5609
5610
5610
5611
5612
5613
5615
5616
5617
5618
5620
5620
5621
5621
5621
5625
5626
5628
5628
5633
5635
5637
5639
5639
5639
5640
5641
5642
5642
5643
5645
5645
5646
5647
5648
5648
5648
5648
5649
5649
5651
5651
5654
5654
5656
5658
5659
5662
5662
5663
5665
5665
5666
5667
5668
5668
5668
5670
5670
5670
5672
5675
5677
5678
5680
5680
5681
5681
5681
5682
5683
5683
5684
5684
5687
5688
5689
5690
5690
5690
5692
5692
5694
5695
5695
5696
5697
5698
5698
5698
5698
5698
5699
5701
5701
5702
5703
5705
5707
5709
5709
5711
5713
5713
5713
5715
5717
5718
5722
5724
5725
5725
5725
5728
5728
5732
5732
5733
5736
5736
5737
5739
5744
5744
5744
5744
5745
5746
5746
5747
5747
5748
5748
5748
5748
5750
5750
5750
5751
5752
5752
5754
5754
5754
5760
5760
5761
5761
5762
5762
5763
5764
5764
5765
5766
5766
5767
5767
5768
5769
5769
5771
5771
5771
5773
5777
5779
5779
5779
5780
5784
5784
5785
5787
5787
5791
5792
5793
5794
5794
5795
5797
5798
5798
5799
5801
5803
5804
5805
5806
5809
5812
5813
5815
5815
5817
5819
5819
5820
5822
5823
5823
5827
5829
5829
5832
5833
5835
5836
5837
5839
5840
5842
5842
5842
5843
5843
5844
5844
5846
5848
5848
5849
5850
5851
5852
5853
5854
5857
5858
5858
5859
5860
5862
5864
5865
5866
5867
5867
5868
5869
5870
5873
5875
5875
5876
5877
5878
5879
5881
5882
5882
5883
5883
5884
5885
5885
5886
5886
5887
5887
5887
5889
5889
5890
5892
5892
5892
5892
5894
5895
5896
5896
5896
5898
5899
5900
5901
5901
5904
5904
5904
5905
5905
5905
5906
5909
5910
5914
5915
5915
5915
5916
5916
5918
5921
5922
5922
5924
5926
5927
5929
5930
5930
5930
5930
5931
5932
5932
5935
5935
5936
5936
5937
5940
5942
5943
5943
5943
5945
5945
5951
5953
5955
5955
5956
5956
5956
5957
5958
5959
5960
5961
5961
5961
5961
5963
5964
5965
5965
5967
5968
5968
5969
5970
5971
5971
5972
5974
5974
5977
5977
5982
5983
5983
5985
5986
5987
5989
5990
5992
5992
5996
5998
5998
5998
5999
5999
6000
6000
6000
6001
6002
6004
6004
6005
6005
6007
6007
6008
6008
6009
6009
6010
6011
6011
6015
6015
6016
6018
6018
6019
6019
6019
6020
6020
6021
6021
6021
6021
6022
6024
6024
6025
6027
6028
6030
6031
6033
6033
6034
6035
6037
6039
6039
6040
6041
6042
6043
6043
6044
6045
6046
6046
6047
6048
6050
6050
6054
6055
6055
6057
6057
6060
6063
6063
6063
6063
6065
6065
6066
6069
6071
6072
6072
6072
6074
6075
6076
6076
6076
6077
6078
6078
6079
6083
6085
6085
6086
6086
6088
6088
6088
6088
6089
6089
6089
6094
6094
6095
6097
6098
6100
6102
6102
6105
6105
6106
6109
6110
6111
6111
6112
6112
6113
6113
6115
6115
6116
6117
6118
6119
6119
6120
6121
6122
6126
6127
6128
6129
6129
6130
6130
6130
6134
6135
6136
6138
6139
6140
6141
6142
6143
6143
6144
6147
6149
6149
6149
6149
6150
6150
6151
6151
6153
6154
6154
6155
6155
6155
6156
6160
6161
6163
6163
6167
6167
6169
6171
6172
6172
6173
6173
6174
6176
6177
6179
6179
6180
6181
6181
6183
6184
6184
6184
6185
6186
6188
6188
6189
6190
6190
6191
6193
6196
6196
6197
6197
6199
6199
6200
6200
6202
6203
6204
6207
6208
6210
6211
6212
6215
6215
6217
6218
6219
6219
6219
6220
6221
6221
6224
6224
6227
6227
6228
6228
6230
6231
6231
6231
6231
6232
6234
6235
6238
6241
6241
6242
6243
6244
6245
6245
6245
6245
6245
6246
6246
6247
6250
6252
6256
6257
6260
6261
6263
6264
6267
6274
6278
6279
6280
6281
6282
6284
6284
6284
6285
6285
6285
6286
6286
6289
6290
6291
6292
6292
6292
6293
6293
6293
6295
6295
6301
6301
6302
6302
6303
6303
6307
6309
6309
6309
6310
6310
6312
6313
6313
6314
6315
6316
6317
6317
6322
6324
6327
6327
6327
6327
6327
6329
6330
6333
6333
6335
6338
6339
6340
6343
6345
6346
6346
6347
6348
6348
6348
6350
6353
6353
6354
6354
6354
6354
6355
6356
6356
6356
6356
6358
6359
6361
6361
6362
6363
6364
6364
6365
6365
6366
6367
6368
6369
6370
6371
6376
6377
6377
6380
6382
6382
6382
6385
6385
6385
6386
6387
6389
6389
6389
6390
6390
6391
6392
6393
6394
6397
6398
6399
6399
6400
6400
6401
6401
6401
6403
6406
6407
6408
6413
6413
6414
6414
6415
6417
6418
6418
6419
6421
6422
6425
6425
6425
6426
6428
6428
6430
6431
6431
6431
6431
6432
6433
6433
6433
6434
6434
6434
6435
6435
6437
6439
6441
6442
6444
6446
6447
6451
6451
6452
6452
6453
6454
6455
6455
6459
6460
6460
6461
6461
6461
6462
6464
6465
6465
6466
6467
6468
6468
6469
6469
6470
6471
6471
6472
6475
6475
6476
6476
6477
6479
6481
6484
6486
6486
6488
6488
6489
6489
6489
6491
6492
6493
6494
6496
6496
6497
6498
6499
6501
6501
6501
6504
6507
6508
6509
6510
6512
6515
6515
6516
6517
6518
6519
6520
6521
6522
6523
6525
6526
6526
6526
6526
6527
6529
6529
6529
6531
6534
6534
6535
6536
6537
6537
6538
6538
6538
6539
6539
6539
6539
6541
6542
6542
6542
6544
6551
6551
6551
6554
6554
6554
6555
6556
6556
6556
6558
6558
6558
6559
6559
6561
6562
6567
6568
6570
6571
6571
6573
6573
6574
6576
6576
6576
6579
6579
6579
6580
6581
6582
6584
6585
6587
6587
6588
6590
6591
6591
6592
6592
6592
6594
6594
6595
6595
6596
6596
6597
6597
6600
6601
6602
6603
6604
6604
6605
6605
6606
6606
6607
6608
6608
6609
6609
6609
6610
6610
6611
6612
6613
6614
6614
6615
6615
6616
6616
6617
6620
6621
6622
6623
6624
6624
6625
6626
6627
6628
6632
6633
6633
6634
6638
6639
6639
6640
6642
6643
6643
6644
6644
6647
6648
6649
6649
6650
6652
6656
6656
6656
6659
6660
6660
6660
6662
6664
6664
6666
6666
6666
6667
6669
6669
6670
6673
6674
6674
6675
6675
6675
6675
6676
6677
6677
6677
6677
6678
6679
6680
6681
6682
6684
6685
6685
6686
6686
6687
6688
6688
6689
6690
6691
6691
6692
6692
6692
6692
6693
6693
6693
6694
6694
6695
6695
6696
6696
6697
6698
6698
6698
6703
6704
6704
6704
6705
6705
6705
6707
6709
6710
6714
6714
6715
6717
6717
6720
6723
6723
6723
6726
6726
6728
6729
6730
6731
6732
6732
6732
6733
6734
6734
6734
6738
6738
6739
6742
6745
6746
6746
6747
6748
6748
6750
6752
6752
6753
6754
6755
6756
6759
6761
6761
6762
6764
6767
6768
6768
6768
6769
6770
6770
6772
6772
6772
6772
6773
6774
6774
6774
6775
6776
6776
6776
6780
6781
6781
6782
6784
6784
6786
6787
6787
6788
6790
6790
6790
6792
6793
6794
6795
6797
6799
6799
6799
6800
6801
6801
6801
6802
6803
6804
6808
6808
6809
6811
6811
6811
6812
6812
6812
6813
6814
6816
6817
6817
6818
6819
6821
6822
6823
6824
6825
6826
6828
6828
6828
6829
6830
6832
6833
6835
6835
6837
6839
6839
6844
6844
6845
6846
6848
6851
6851
6858
6860
6860
6861
6864
6866
6869
6870
6870
6871
6872
6874
6874
6875
6876
6877
6877
6877
6878
6879
6879
6881
6881
6882
6883
6883
6883
6884
6884
6884
6885
6885
6885
6886
6892
6893
6893
6894
6894
6897
6898
6899
6901
6901
6902
6904
6907
6907
6911
6911
6914
6914
6916
6917
6918
6918
6920
6921
6923
6926
6927
6927
6927
6928
6928
6929
6930
6931
6932
6933
6934
6937
6938
6938
6939
6940
6941
6944
6946
6946
6948
6948
6949
6949
6949
6950
6952
6954
6955
6957
6957
6959
6960
6961
6962
6962
6963
6963
6963
6966
6967
6968
6968
6969
6969
6970
6970
6970
6972
6972
6976
6977
6978
6978
6984
6986
6987
6988
6990
6991
6993
6993
6994
6994
6995
6996
7000
7000
7000
7002
7002
7002
7003
7003
7003
7007
7009
7009
7009
7009
7010
7011
7012
7015
7015
7016
7016
7016
7017
7018
7019
7020
7022
7023
7025
7028
7028
7028
7028
7029
7031
7031
7031
7031
7032
7032
7033
7034
7035
7035
7037
7040
7041
7041
7042
7042
7043
7044
7044
7046
7046
7048
7049
7051
7052
7053
7056
7056
7056
7056
7056
7057
7058
7058
7058
7058
7058
7059
7059
7063
7064
7066
7066
7067
7068
7069
7069
7069
7070
7070
7072
7073
7073
7074
7074
7075
7075
7075
7075
7077
7078
7078
7079
7079
7080
7080
7082
7087
7087
7087
7087
7088
7088
7088
7089
7092
7094
7096
7100
7101
7102
7104
7104
7105
7105
7106
7106
7108
7110
7110
7113
7114
7115
7115
7115
7116
7116
7116
7116
7117
7118
7120
7123
7126
7129
7130
7130
7130
7130
7133
7133
7133
7133
7134
7137
7140
7141
7141
7142
7142
7145
7145
7146
7146
7146
7147
7148
7150
7150
7150
7151
7152
7152
7153
7153
7156
7156
7156
7160
7161
7165
7169
7170
7170
7172
7172
7173
7173
7175
7177
7178
7179
7179
7180
7181
7182
7184
7185
7186
7188
7188
7190
7190
7192
7193
7193
7194
7194
7194
7196
7197
7198
7199
7199
7200
7200
7200
7201
7203
7203
7204
7204
7205
7206
7210
7210
7211
7211
7213
7215
7218
7219
7219
7220
7220
7220
7222
7223
7225
7226
7227
7230
7234
7235
7237
7237
7239
7241
7243
7243
7244
7245
7246
7246
7246
7246
7247
7249
7250
7252
7252
7254
7255
7256
7259
7259
7260
7261
7261
7262
7263
7264
7265
7266
7266
7266
7268
7269
7270
7271
7271
7271
7271
7271
7272
7272
7273
7275
7275
7276
7278
7280
7280
7280
7280
7282
7282
7284
7285
7288
7289
7289
7290
7290
7290
7291
7294
7294
7297
7298
7299
7300
7300
7301
7303
7303
7303
7305
7306
7307
7308
7308
7309
7311
7312
7312
7313
7314
7315
7317
7318
7319
7319
7320
7320
7321
7323
7324
7324
7325
7325
7325
7326
7328
7329
7330
7331
7336
7337
7337
7338
7339
7340
7342
7343
7343
7343
7344
7346
7346
7347
7348
7348
7349
7352
7353
7355
7358
7359
7360
7363
7363
7364
7368
7369
7369
7371
7373
7374
7375
7376
7378
7381
7381
7381
7384
7386
7386
7388
7388
7390
7390
7391
7395
7396
7396
7397
7398
7398
7399
7400
7404
7404
7404
7405
7406
7407
7410
7411
7413
7414
7414
7415
7415
7416
7416
7418
7422
7423
7424
7425
7425
7427
7427
7427
7429
7429
7429
7429
7431
7432
7432
7432
7433
7435
7435
7437
7438
7439
7443
7445
7445
7447
7448
7449
7450
7450
7452
7453
7454
7454
7454
7455
7456
7456
7457
7459
7461
7462
7464
7464
7465
7465
7470
7471
7474
7476
7477
7479
7480
7484
7484
7486
7487
7488
7490
7490
7493
7493
7494
7495
7495
7497
7499
7500
7501
7508
7511
7514
7517
7519
7519
7520
7522
7527
7528
7530
7530
7530
7532
7532
7533
7534
7534
7534
7534
7535
7536
7536
7537
7538
7539
7539
7541
7541
7544
7547
7548
7551
7552
7553
7553
7553
7556
7557
7558
7559
7560
7561
7561
7561
7561
7562
7562
7563
7563
7564
7565
7568
7572
7573
7573
7573
7575
7577
7579
7579
7579
7580
7580
7581
7582
7583
7584
7588
7588
7589
7590
7590
7591
7591
7591
7592
7594
7595
7595
7600
7605
7607
7608
7610
7611
7612
7613
7614
7615
7615
7615
7615
7616
7617
7618
7618
7621
7622
7622
7627
7627
7628
7629
7630
7630
7634
7634
7634
7635
7637
7638
7640
7640
7642
7643
7643
7646
7646
7647
7647
7647
7648
7648
7648
7649
7651
7655
7655
7656
7656
7657
7657
7658
7660
7660
7661
7661
7661
7661
7662
7664
7665
7665
7666
7668
7670
7670
7672
7672
7673
7673
7674
7674
7675
7676
7677
7677
7681
7683
7683
7684
7684
7684
7686
7687
7687
7687
7688
7688
7688
7690
7690
7691
7692
7692
7695
7696
7696
7698
7699
7700
7701
7701
7701
7705
7705
7705
7705
7706
7707
7708
7709
7710
7710
7710
7711
7711
7714
7714
7714
7714
7716
7716
7720
7720
7721
7721
7721
7722
7722
7724
7724
7725
7727
7728
7729
7730
7730
7730
7732
7735
7735
7737
7738
7738
7738
7739
7739
7740
7740
7741
7741
7742
7743
7744
7744
7746
7746
7747
7747
7747
7748
7748
7750
7750
7750
7750
7751
7752
7755
7755
7756
7759
7759
7760
7762
7763
7763
7765
7766
7768
7769
7770
7772
7774
7774
7774
7775
7776
7776
7776
7777
7777
7778
7780
7780
7781
7782
7783
7783
7783
7784
7784
7786
7788
7788
7790
7791
7794
7794
7794
7795
7796
7796
7797
7798
7799
7800
7800
7800
7802
7803
7803
7806
7806
7806
7807
7808
7808
7809
7809
7810
7811
7811
7812
7812
7812
7814
7814
7815
7817
7818
7818
7820
7820
7820
7820
7820
7821
7822
7823
7823
7826
7826
7827
7829
7830
7833
7834
7835
7839
7839
7840
7841
7841
7842
7842
7842
7843
7844
7844
7846
7846
7847
7847
7853
7854
7857
7858
7858
7859
7861
7865
7866
7867
7868
7871
7871
7872
7873
7874
7874
7875
7876
7878
7879
7882
7882
7882
7882
7883
7884
7884
7884
7886
7888
7889
7889
7891
7892
7893
7894
7895
7896
7896
7896
7896
7902
7902
7903
7905
7908
7908
7910
7910
7911
7913
7913
7914
7914
7915
7916
7918
7918
7919
7920
7920
7920
7921
7922
7923
7923
7924
7925
7927
7927
7928
7928
7931
7931
7933
7933
7933
7934
7935
7935
7937
7937
7938
7939
7939
7940
7942
7942
7945
7947
7948
7949
7951
7952
7953
7953
7954
7955
7955
7956
7957
7957
7958
7958
7959
7959
7959
7960
7960
7963
7965
7965
7966
7966
7967
7967
7968
7968
7973
7973
7974
7976
7980
7980
7982
7984
7985
7985
7986
7988
7990
7992
7993
7993
7997
7998
7998
8002
8002
8003
8004
8005
8006
8006
8007
8008
8010
8010
8011
8012
8012
8013
8014
8016
8016
8019
8020
8020
8021
8022
8023
8023
8024
8025
8025
8027
8028
8028
8029
8030
8030
8031
8031
8034
8034
8036
8037
8037
8043
8044
8044
8044
8044
8046
8046
8046
8049
8049
8052
8055
8055
8055
8056
8057
8058
8058
8059
8061
8061
8061
8062
8063
8064
8064
8066
8067
8068
8070
8070
8073
8073
8073
8075
8076
8078
8080
8082
8086
8087
8088
8088
8089
8089
8089
8090
8090
8091
8091
8091
8092
8092
8095
8096
8096
8096
8096
8097
8098
8099
8099
8100
8101
8102
8104
8105
8105
8105
8105
8106
8106
8108
8109
8110
8110
8112
8112
8113
8113
8114
8116
8117
8118
8118
8121
8121
8121
8121
8123
8123
8124
8125
8126
8127
8128
8129
8130
8131
8132
8132
8132
8133
8134
8134
8134
8137
8137
8138
8138
8139
8141
8141
8141
8142
8142
8142
8142
8143
8143
8144
8144
8146
8146
8148
8148
8149
8152
8152
8153
8154
8154
8155
8157
8158
8158
8160
8160
8162
8163
8163
8167
8168
8168
8169
8169
8171
8171
8176
8177
8179
8180
8181
8182
8182
8184
8185
8187
8188
8188
8189
8189
8189
8191
8191
8192
8192
8194
8194
8195
8196
8196
8197
8198
8199
8200
8202
8203
8204
8209
8210
8211
8211
8211
8211
8213
8214
8215
8215
8216
8218
8219
8219
8220
8222
8223
8230
8231
8231
8232
8232
8233
8233
8234
8235
8235
8236
8236
8237
8237
8238
8238
8238
8239
8241
8243
8244
8245
8245
8246
8246
8248
8248
8250
8252
8252
8254
8256
8256
8257
8257
8257
8257
8258
8263
8263
8264
8264
8264
8264
8267
8268
8268
8272
8272
8280
8282
8285
8286
8287
8288
8289
8291
8292
8294
8294
8295
8297
8299
8301
8302
8303
8303
8304
8304
8305
8306
8307
8307
8307
8307
8308
8308
8309
8310
8311
8311
8313
8313
8314
8315
8317
8318
8318
8322
8323
8326
8326
8326
8327
8328
8329
8330
8331
8331
8333
8335
8335
8335
8335
8335
8336
8337
8338
8338
8340
8344
8344
8344
8345
8347
8348
8349
8350
8351
8352
8352
8354
8356
8359
8361
8363
8364
8368
8368
8370
8370
8371
8373
8374
8375
8377
8379
8379
8380
8384
8385
8389
8390
8391
8393
8394
8396
8396
8396
8397
8398
8399
8399
8399
8399
8400
8401
8402
8403
8403
8404
8404
8404
8405
8405
8405
8406
8406
8409
8410
8411
8411
8411
8411
8413
8413
8414
8414
8416
8418
8418
8418
8419
8420
8420
8421
8423
8424
8424
8424
8425
8426
8427
8427
8429
8430
8431
8432
8432
8433
8433
8434
8434
8434
8435
8436
8437
8438
8439
8442
8443
8443
8443
8444
8444
8446
8448
8448
8448
8448
8448
8449
8449
8452
8455
8456
8457
8460
8460
8462
8463
8463
8465
8466
8467
8468
8469
8469
8470
8470
8470
8470
8471
8471
8474
8474
8477
8477
8479
8479
8480
8480
8481
8483
8483
8484
8485
8485
8486
8486
8486
8487
8488
8489
8489
8491
8493
8496
8497
8497
8497
8497
8499
8499
8499
8499
8500
8500
8501
8501
8502
8503
8504
8504
8505
8506
8506
8506
8506
8506
8507
8509
8509
8511
8511
8514
8518
8519
8519
8519
8519
8522
8522
8523
8525
8525
8526
8526
8526
8528
8528
8528
8528
8531
8537
8537
8539
8540
8541
8543
8544
8544
8546
8547
8549
8549
8549
8549
8550
8551
8552
8552
8553
8555
8556
8556
8557
8558
8558
8562
8562
8563
8568
8568
8568
8569
8571
8572
8573
8574
8576
8577
8578
8578
8580
8581
8582
8582
8583
8583
8584
8585
8585
8585
8587
8589
8589
8592
8593
8593
8595
8595
8596
8598
8601
8603
8603
8604
8605
8607
8609
8610
8610
8611
8612
8613
8615
8615
8616
8617
8620
8622
8623
8623
8623
8623
8624
8628
8628
8630
8632
8632
8634
8634
8634
8634
8635
8638
8640
8641
8642
8642
8644
8644
8644
8645
8646
8647
8647
8648
8648
8648
8649
8650
8650
8652
8654
8657
8657
8657
8660
8662
8662
8662
8663
8666
8666
8669
8670
8671
8673
8674
8674
8674
8676
8676
8676
8677
8678
8678
8678
8680
8683
8684
8685
8685
8685
8686
8686
8687
8687
8688
8689
8689
8690
8690
8690
8691
8694
8694
8695
8697
8697
8697
8700
8702
8703
8703
8705
8705
8706
8707
8708
8708
8709
8710
8710
8710
8711
8711
8712
8712
8713
8713
8714
8716
8717
8717
8717
8718
8718
8718
8719
8719
8720
8720
8720
8722
8722
8723
8723
8725
8726
8726
8728
8728
8729
8732
8732
8735
8735
8736
8737
8739
8739
8739
8740
8742
8743
8743
8744
8745
8746
8746
8747
8748
8749
8751
8751
8752
8752
8752
8753
8753
8754
8755
8755
8759
8762
8763
8763
8764
8765
8766
8768
8768
8770
8774
8774
8775
8776
8777
8780
8783
8783
8786
8787
8787
8789
8790
8792
8792
8792
8793
8794
8796
8798
8798
8798
8799
8802
8803
8804
8805
8807
8808
8808
8808
8809
8809
8809
8810
8811
8811
8811
8812
8813
8815
8815
8816
8817
8817
8819
8822
8824
8824
8825
8827
8827
8829
8830
8831
8832
8833
8833
8833
8834
8835
8836
8836
8836
8837
8839
8840
8842
8844
8844
8844
8845
8846
8849
8850
8852
8852
8856
8857
8858
8860
8860
8862
8863
8863
8865
8865
8866
8867
8867
8869
8870
8873
8873
8876
8876
8879
8881
8881
8882
8882
8883
8883
8886
8887
8888
8890
8890
8891
8891
8891
8891
8892
8892
8893
8894
8895
8896
8898
8901
8902
8902
8902
8905
8906
8909
8909
8909
8909
8910
8910
8911
8911
8912
8913
8913
8914
8915
8916
8916
8917
8919
8920
8920
8920
8921
8921
8921
8923
8924
8924
8924
8924
8926
8927
8927
8928
8928
8929
8929
8929
8930
8931
8932
8932
8933
8933
8937
8937
8938
8938
8938
8939
8939
8940
8940
8941
8942
8942
8943
8944
8946
8946
8947
8947
8947
8948
8948
8948
8948
8949
8951
8951
8952
8952
8952
8953
8953
8955
8956
8956
8956
8958
8958
8960
8962
8962
8963
8966
8967
8969
8971
8972
8974
8976
8978
8978
8978
8978
8979
8980
8981
8982
8982
8984
8984
8986
8987
8987
8991
8992
8993
8993
8994
8999
8999
8999
9002
9002
9003
9005
9006
9009
9009
9009
9010
9010
9011
9011
9012
9013
9013
9015
9015
9017
9017
9019
9019
9022
9022
9025
9025
9027
9028
9029
9029
9029
9031
9033
9033
9033
9034
9034
9034
9035
9035
9036
9036
9037
9037
9038
9038
9039
9039
9040
9043
9044
9045
9045
9045
9047
9049
9050
9054
9055
9056
9057
9057
9057
9058
9058
9059
9059
9061
9062
9062
9063
9063
9064
9066
9067
9067
9067
9068
9069
9071
9071
9073
9076
9076
9076
9077
9078
9079
9079
9080
9081
9081
9082
9082
9084
9084
9086
9087
9088
9088
9089
9090
9091
9092
9093
9095
9097
9097
9097
9099
9099
9100
9100
9100
9101
9101
9102
9102
9102
9102
9103
9103
9104
9105
9105
9106
9107
9107
9108
9111
9112
9114
9114
9116
9116
9118
9118
9120
9121
9121
9121
9123
9125
9125
9130
9131
9131
9133
9134
9135
9135
9136
9136
9137
9138
9142
9142
9143
9143
9144
9144
9144
9145
9146
9146
9147
9147
9147
9147
9151
9154
9154
9155
9156
9158
9159
9162
9162
9163
9164
9165
9167
9167
9167
9167
9168
9169
9171
9172
9174
9175
9176
9177
9178
9178
9179
9181
9182
9182
9184
9187
9188
9190
9193
9195
9195
9195
9196
9197
9197
9197
9199
9199
9199
9200
9201
9201
9201
9202
9202
9202
9206
9207
9208
9209
9209
9210
9210
9211
9212
9212
9212
9213
9214
9215
9215
9216
9216
9217
9217
9219
9220
9220
9220
9222
9222
9224
9225
9227
9227
9230
9231
9232
9234
9234
9235
9236
9236
9236
9237
9237
9238
9239
9240
9240
9240
9241
9241
9244
9244
9244
9246
9248
9250
9251
9252
9252
9256
9256
9256
9256
9258
9263
9263
9264
9264
9265
9265
9266
9267
9268
9269
9269
9272
9274
9274
9276
9277
9278
9278
9278
9278
9279
9279
9279
9280
9280
9281
9281
9282
9283
9283
9286
9286
9286
9287
9289
9291
9292
9294
9295
9298
9299
9301
9301
9301
9301
9302
9304
9304
9307
9307
9309
9311
9312
9314
9315
9317
9317
9317
9318
9323
9323
9324
9324
9324
9326
9328
9328
9330
9330
9330
9331
9331
9334
9334
9335
9336
9336
9337
9339
9340
9340
9341
9344
9344
9344
9345
9346
9347
9347
9348
9349
9351
9351
9351
9352
9353
9353
9355
9355
9356
9357
9359
9359
9360
9361
9362
9362
9364
9369
9369
9369
9372
9373
9374
9374
9376
9376
9378
9381
9382
9382
9384
9384
9385
9386
9387
9387
9388
9388
9389
9393
9393
9394
9395
9396
9398
9398
9401
9401
9402
9403
9404
9404
9404
9405
9408
9410
9410
9411
9412
9414
9414
9414
9415
9415
9417
9418
9419
9420
9420
9425
9425
9425
9425
9425
9425
9425
9425
9429
9429
9430
9430
9431
9432
9433
9433
9434
9435
9437
9438
9438
9438
9439
9439
9439
9440
9440
9441
9444
9444
9444
9445
9446
9447
9448
9451
9451
9452
9452
9452
9453
9453
9454
9455
9456
9456
9456
9457
9458
9458
9458
9459
9459
9460
9462
9462
9463
9469
9469
9469
9469
9470
9471
9472
9472
9473
9473
9473
9474
9476
9476
9478
9479
9480
9481
9482
9484
9485
9485
9486
9487
9487
9491
9491
9491
9492
9493
9493
9493
9499
9499
9501
9504
9504
9504
9504
9505
9505
9506
9507
9508
9509
9509
9510
9514
9514
9515
9516
9518
9519
9519
9520
9522
9523
9524
9525
9525
9526
9528
9528
9528
9531
9531
9532
9532
9532
9533
9534
9535
9535
9535
9535
9536
9538
9538
9538
9540
9541
9544
9545
9547
9548
9548
9549
9549
9550
9552
9553
9556
9557
9557
9558
9559
9560
9560
9562
9563
9565
9565
9565
9567
9569
9571
9573
9574
9574
9575
9575
9577
9577
9579
9579
9579
9579
9581
9581
9584
9587
9588
9589
9590
9591
9591
9591
9592
9592
9593
9594
9596
9597
9600
9601
9602
9602
9603
9603
9604
9605
9607
9607
9609
9611
9612
9615
9615
9620
9622
9629
9630
9631
9631
9633
9634
9635
9637
9638
9638
9639
9639
9640
9640
9642
9642
9643
9644
9645
9645
9646
9647
9648
9652
9655
9656
9656
9657
9658
9660
9660
9662
9662
9664
9669
9671
9674
9674
9676
9676
9677
9678
9679
9679
9680
9681
9681
9683
9684
9685
9685
9685
9685
9686
9687
9687
9687
9688
9689
9690
9690
9691
9691
9692
9693
9695
9696
9697
9697
9698
9698
9699
9699
9702
9704
9704
9705
9706
9707
9710
9710
9712
9713
9713
9714
9714
9714
9716
9716
9716
9717
9717
9717
9719
9719
9719
9720
9720
9720
9720
9724
9726
9726
9727
9728
9729
9730
9731
9731
9733
9733
9734
9735
9735
9739
9741
9742
9743
9745
9745
9745
9745
9746
9747
9749
9750
9750
9751
9752
9753
9754
9755
9755
9757
9757
9760
9760
9760
9760
9761
9761
9761
9762
9765
9766
9766
9767
9768
9770
9771
9771
9772
9773
9773
9774
9774
9776
9776
9777
9778
9779
9779
9779
9780
9782
9783
9783
9783
9783
9785
9790
9792
9793
9793
9794
9794
9795
9795
9796
9797
9798
9800
9802
9803
9804
9805
9806
9806
9807
9807
9809
9809
9812
9814
9817
9817
9817
9817
9817
9819
9821
9821
9825
9825
9825
9826
9828
9829
9833
9834
9835
9837
9837
9838
9839
9840
9840
9841
9843
9846
9847
9847
9848
9849
9849
9849
9851
9852
9853
9854
9856
9858
9858
9858
9859
9859
9859
9859
9860
9860
9861
9861
9861
9864
9864
9865
9867
9867
9868
9869
9872
9873
9873
9874
9875
9875
9875
9876
9877
9877
9883
9883
9883
9885
9886
9887
9887
9888
9888
9888
9888
9889
9891
9892
9893
9893
9893
9894
9895
9896
9896
9897
9898
9899
9899
9900
9900
9900
9901
9901
9902
9902
9904
9905
9905
9905
9906
9907
9908
9911
9912
9912
9913
9913
9913
9914
9915
9916
9916
9917
9917
9917
9917
9919
9920
9920
9922
9922
9924
9924
9925
9927
9928
9928
9928
9929
9929
9929
9931
9932
9933
9933
9934
9936
9937
9937
9937
9938
9939
9939
9939
9940
9940
9941
9941
9942
9945
9945
9948
9949
9949
9949
9950
9950
9954
9954
9954
9955
9957
9957
9958
9958
9958
9961
9961
9961
9961
9962
9962
9962
9963
9964
9965
9965
9966
9967
9967
9969
9970
9970
9972
9973
9975
9975
9976
9976
9977
9983
9983
9986
9987
9988
9988
9989
9991
9991
9992
9993
9994
9994
9995
9995
9996
9996
9996
9996
9998
10000
10000
10001
10001
10001
10002
10002
10003
10003
10004
10004
10004
10007
10009
10009
10010
10010
10011
10013
10013
10014
10015
10016
10016
10019
10020
10023
10024
10024
10027
10028
10030
10032
10032
10032
10033
10034
10035
10036
10037
10038
10039
10040
10040
10040
10041
10043
10044
10046
10047
10047
10050
10052
10053
10053
10054
10056
10057
10057
10058
10059
10059
10060
10060
10062
10062
10062
10065
10066
10067
10071
10076
10076
10076
10076
10078
10078
10078
10079
10079
10081
10081
10082
10082
10083
10084
10085
10085
10085
10086
10087
10090
10093
10095
10095
10096
10099
10099
10100
10100
10101
10102
10103
10105
10105
10107
10109
10110
10112
10114
10115
10117
10119
10119
10120
10121
10121
10121
10122
10122
10124
10125
10127
10128
10129
10129
10130
10131
10132
10133
10134
10135
10136
10137
10137
10139
10140
10140
10140
10141
10141
10142
10143
10145
10146
10146
10147
10148
10148
10148
10148
10148
10149
10150
10151
10151
10152
10155
10156
10157
10157
10158
10159
10161
10162
10163
10166
10166
10167
10172
10173
10173
10173
10176
10177
10177
10178
10178
10179
10180
10181
10182
10182
10183
10188
10188
10189
10189
10190
10191
10192
10192
10192
10192
10194
10194
10197
10197
10198
10198
10203
10203
10204
10204
10206
10207
10208
10208
10208
10209
10209
10210
10212
10212
10212
10213
10214
10215
10216
10216
10217
10219
10221
10222
10222
10224
10225
10225
10227
10229
10229
10232
10232
10235
10237
10237
10237
10238
10239
10239
10239
10240
10240
10242
10242
10243
10244
10244
10245
10245
10245
10245
10245
10246
10248
10248
10249
10249
10249
10250
10252
10253
10256
10257
10258
10258
10260
10262
10265
10268
10270
10272
10273
10273
10274
10274
10274
10275
10275
10276
10277
10277
10277
10278
10278
10279
10280
10281
10282
10282
10282
10284
10285
10286
10288
10288
10290
10290
10290
10291
10291
10291
10291
10293
10293
10293
10294
10294
10294
10295
10297
10297
10299
10305
10307
10312
10313
10313
10313
10313
10316
10316
10318
10318
10318
10323
10323
10326
10327
10328
10328
10328
10329
10329
10333
10333
10334
10335
10335
10336
10337
10338
10339
10340
10343
10344
10344
10344
10345
10345
10345
10348
10349
10350
10353
10353
10353
10354
10356
10356
10357
10358
10359
10361
10361
10361
10361
10361
10361
10361
10362
10363
10365
10366
10366
10366
10369
10369
10369
10370
10372
10372
10372
10373
10373
10373
10376
10377
10378
10379
10379
10379
10380
10380
10381
10382
10382
10385
10385
10386
10388
10388
10389
10389
10391
10391
10391
10393
10394
10394
10396
10398
10399
10399
10401
10401
10403
10403
10403
10403
10404
10405
10407
10407
10408
10408
10409
10410
10410
10412
10413
10414
10418
10419
10420
10420
10420
10421
10422
10422
10422
10422
10425
10428
10430
10430
10430
10430
10431
10431
10433
10435
10435
10436
10438
10439
10439
10441
10442
10442
10442
10442
10442
10443
10444
10444
10447
10449
10452
10453
10455
10460
10460
10462
10462
10463
10464
10464
10466
10467
10467
10468
10468
10468
10471
10471
10474
10474
10475
10476
10476
10477
10477
10478
10478
10480
10481
10481
10481
10483
10484
10485
10485
10486
10487
10490
10491
10492
10492
10493
10496
10498
10499
10499
10501
10502
10503
10504
10505
10506
10507
10507
10507
10511
10511
10512
10512
10513
10514
10515
10517
10517
10517
10518
10518
10519
10521
10521
10521
10525
10526
10526
10527
10527
10528
10528
10528
10530
10530
10530
10533
10535
10536
10537
10537
10538
10538
10538
10538
10540
10543
10543
10544
10544
10544
10545
10546
10547
10550
10550
10551
10552
10552
10552
10554
10554
10554
10555
10555
10557
10558
10560
10561
10562
10567
10568
10569
10570
10570
10571
10572
10573
10573
10573
10574
10576
10577
10577
10577
10580
10582
10584
10584
10585
10585
10590
10590
10592
10593
10595
10596
10596
10598
10598
10600
10600
10601
10602
10603
10605
10605
10606
10607
10608
10610
10611
10611
10611
10612
10613
10613
10614
10614
10614
10614
10615
10616
10617
10617
10618
10621
10621
10622
10623
10624
10624
10625
10625
10627
10627
10627
10628
10628
10630
10630
10630
10636
10637
10638
10639
10639
10642
10643
10646
10647
10647
10648
10648
10649
10649
10650
10650
10650
10651
10651
10653
10654
10654
10654
10655
10659
10659
10659
10660
10663
10663
10664
10665
10665
10665
10666
10666
10666
10667
10667
10668
10669
10671
10672
10675
10675
10675
10676
10677
10677
10677
10678
10679
10680
10681
10682
10683
10683
10684
10686
10686
10687
10687
10687
10690
10690
10690
10691
10694
10694
10695
10695
10696
10697
10697
10697
10701
10701
10701
10707
10707
10712
10712
10714
10717
10717
10718
10719
10721
10724
10724
10725
10726
10726
10727
10727
10727
10727
10727
10727
10728
10729
10731
10733
10733
10735
10736
10736
10736
10736
10736
10737
10738
10738
10738
10739
10744
10745
10746
10748
10749
10750
10750
10751
10754
10754
10755
10755
10756
10756
10756
10757
10757
10759
10760
10760
10760
10761
10762
10762
10762
10762
10762
10763
10763
10764
10765
10766
10767
10769
10769
10770
10771
10772
10773
10773
10774
10774
10775
10776
10776
10777
10778
10779
10779
10779
10779
10779
10780
10781
10784
10784
10786
10787
10788
10788
10789
10789
10790
10791
10792
10792
10793
10794
10794
10795
10797
10799
10800
10801
10809
10809
10810
10810
10812
10812
10812
10812
10813
10814
10815
10815
10818
10818
10819
10821
10823
10824
10824
10826
10827
10828
10828
10828
10828
10829
10832
10832
10833
10834
10834
10835
10837
10838
10838
10839
10839
10842
10844
10849
10851
10851
10852
10853
10854
10855
10855
10855
10857
10858
10859
10859
10861
10863
10863
10863
10864
10865
10866
10866
10869
10869
10869
10871
10872
10872
10872
10873
10873
10874
10874
10877
10877
10877
10878
10879
10879
10881
10883
10885
10886
10888
10888
10891
10892
10895
10896
10898
10899
10899
10900
10901
10903
10907
10908
10908
10908
10909
10910
10913
10913
10913
10914
10915
10916
10918
10918
10920
10922
10922
10926
10927
10930
10931
10931
10932
10934
10934
10934
10937
10938
10939
10941
10942
10942
10946
10946
10947
10947
10947
10949
10950
10952
10952
10955
10956
10957
10958
10959
10959
10960
10960
10961
10961
10961
10962
10962
10966
10966
10968
10968
10969
10970
10975
10975
10979
10979
10981
10981
10981
10983
10984
10984
10986
10988
10989
10989
10990
10991
10991
10995
10997
10997
10997
10997
10998
10998
10998
11001
11002
11004
11006
11006
11011
11012
11012
11012
11013
11013
11015
11015
11015
11015
11016
11016
11017
11018
11019
11019
11022
11027
11027
11027
11029
11032
11034
11036
11037
11037
11037
11038
11038
11039
11040
11040
11040
11040
11041
11041
11044
11044
11045
11045
11045
11046
11046
11047
11048
11050
11050
11052
11054
11054
11054
11056
11058
11059
11059
11060
11060
11060
11061
11062
11062
11065
11066
11067
11068
11069
11069
11069
11070
11071
11072
11072
11075
11076
11077
11077
11078
11078
11080
11081
11082
11082
11082
11083
11083
11084
11084
11084
11084
11086
11087
11087
11088
11088
11089
11089
11089
11092
11093
11093
11094
11095
11095
11096
11096
11097
11098
11099
11100
11102
11102
11103
11107
11107
11108
11108
11113
11114
11114
11115
11117
11118
11118
11119
11119
11122
11124
11124
11124
11125
11128
11131
11132
11133
11133
11135
11135
11137
11140
11140
11143
11144
11145
11147
11147
11147
11147
11148
11149
11149
11149
11151
11151
11154
11155
11155
11156
11161
11161
11165
11165
11166
11167
11168
11169
11169
11170
11170
11171
11174
11174
11174
11175
11175
11175
11179
11179
11180
11181
11183
11183
11183
11183
11184
11184
11184
11186
11188
11188
11189
11189
11191
11192
11193
11197
11197
11197
11198
11199
11200
11200
11204
11204
11206
11207
11208
11211
11212
11214
11214
11215
11216
11216
11216
11216
11217
11218
11219
11221
11223
11225
11226
11227
11228
11231
11234
11236
11236
11236
11237
11238
11239
11242
11243
11245
11245
11246
11247
11248
11249
11250
11251
11251
11253
11254
11255
11256
11257
11258
11258
11258
11260
11261
11262
11262
11262
11264
11265
11265
11266
11267
11268
11268
11268
11268
11268
11269
11269
11269
11272
11273
11273
11275
11276
11276
11277
11277
11278
11280
11280
11280
11280
11280
11281
11282
11282
11284
11284
11285
11287
11288
11288
11288
11289
11289
11291
11293
11293
11295
11295
11299
11300
11301
11301
11301
11302
11303
11304
11305
11305
11308
11309
11314
11314
11314
11314
11315
11316
11316
11317
11317
11318
11319
11320
11321
11321
11321
11322
11322
11323
11323
11323
11323
11324
11325
11326
11327
11327
11328
11328
11330
11331
11331
11333
11338
11339
11340
11341
11342
11343
11343
11343
11345
11345
11346
11347
11348
11348
11349
11349
11351
11351
11351
11351
11352
11356
11357
11357
11360
11363
11366
11367
11368
11368
11369
11370
11370
11371
11371
11372
11374
11375
11376
11377
11378
11378
11379
11379
11384
11386
11388
11390
11394
11394
11394
11395
11395
11395
11397
11398
11399
11400
11402
11402
11402
11405
11405
11406
11407
11407
11408
11409
11410
11410
11410
11412
11415
11416
11416
11416
11416
11417
11419
11421
11423
11423
11423
11424
11424
11425
11425
11425
11426
11430
11431
11432
11432
11432
11433
11438
11439
11440
11440
11444
11444
11446
11447
11448
11448
11451
11451
11452
11453
11454
11454
11455
11458
11458
11462
11462
11463
11463
11464
11466
11467
11467
11467
11470
11471
11473
11473
11474
11474
11474
11476
11478
11479
11480
11482
11482
11484
11484
11484
11484
11486
11486
11487
11487
11488
11489
11491
11491
11491
11493
11493
11494
11495
11495
11496
11496
11496
11497
11500
11503
11503
11505
11506
11506
11507
11507
11507
11508
11508
11510
11512
11514
11514
11515
11516
11518
11518
11519
11520
11520
11522
11525
11527
11528
11528
11528
11530
11530
11530
11533
11533
11536
11537
11540
11541
11541
11541
11543
11544
11544
11550
11551
11555
11558
11560
11560
11560
11560
11560
11561
11562
11562
11564
11564
11565
11567
11567
11568
11569
11569
11571
11574
11575
11577
11578
11581
11582
11584
11584
11584
11584
11585
11586
11586
11586
11586
11587
11587
11588
11589
11590
11591
11591
11596
11599
11599
11600
11601
11602
11602
11603
11604
11605
11606
11606
11607
11609
11609
11610
11610
11612
11612
11612
11613
11613
11614
11614
11615
11615
11616
11616
11617
11618
11621
11621
11621
11621
11621
11622
11622
11623
11624
11626
11627
11628
11629
11629
11630
11632
11634
11635
11636
11637
11637
11638
11639
11641
11641
11642
11642
11645
11645
11645
11646
11646
11647
11647
11649
11649
11649
11650
11651
11651
11651
11655
11655
11656
11657
11661
11661
11661
11662
11663
11664
11665
11665
11667
11667
11668
11669
11669
11671
11671
11671
11671
11672
11673
11675
11678
11678
11678
11678
11679
11679
11681
11681
11682
11683
11685
11685
11685
11686
11686
11687
11687
11687
11688
11688
11689
11689
11689
11690
11692
11692
11693
11696
11699
11699
11700
11700
11700
11702
11702
11702
11703
11703
11703
11706
11709
11710
11710
11710
11711
11711
11714
11714
11716
11717
11717
11717
11718
11718
11719
11722
11722
11723
11724
11725
11725
11727
11728
11728
11728
11729
11731
11732
11732
11734
11734
11736
11736
11738
11738
11738
11739
11741
11741
11742
11742
11744
11747
11750
11751
11751
11753
11755
11757
11758
11759
11760
11761
11764
11765
11765
11767
11768
11770
11771
11773
11775
11775
11776
11777
11778
11779
11783
11784
11785
11787
11787
11787
11788
11792
11792
11793
11793
11795
11796
11796
11796
11798
11798
11800
11800
11800
11801
11801
11804
11806
11806
11810
11811
11811
11813
11813
11817
11817
11818
11819
11820
11820
11821
11822
11823
11826
11826
11828
11828
11828
11828
11828
11829
11829
11830
11831
11832
11832
11832
11833
11833
11834
11835
11835
11835
11837
11838
11838
11839
11840
11840
11841
11842
11843
11844
11844
11845
11845
11845
11846
11846
11846
11847
11847
11847
11848
11848
11851
11852
11853
11854
11857
11857
11858
11859
11860
11863
11865
11866
11866
11867
11868
11869
11871
11874
11876
11876
11876
11877
11878
11879
11880
11881
11881
11881
11882
11883
11883
11884
11884
11886
11887
11888
11889
11890
11891
11892
11893
11895
11895
11897
11898
11899
11899
11899
11899
11901
11903
11904
11905
11905
11909
11911
11911
11915
11916
11916
11917
11919
11919
11920
11920
11922
11924
11926
11926
11929
11932
11934
11934
11936
11937
11938
11939
11939
11941
11942
11944
11944
11948
11948
11949
11950
11950
11950
11951
11952
11953
11955
11955
11955
11960
11960
11961
11961
11961
11962
11962
11962
11963
11963
11964
11967
11968
11968
11969
11970
11970
11971
11973
11974
11977
11980
11982
11985
11985
11985
11986
11987
11988
11989
11989
11992
11992
11993
11993
11993
11994
11996
11996
11997
11997
12000
12001
12001
12006
12006
12006
12006
12007
12011
12011
12012
12012
12012
12013
12015
12015
12016
12016
12017
12018
12018
12018
12020
12020
12020
12022
12025
12026
12026
12027
12027
12027
12028
12029
12029
12029
12032
12033
12036
12036
12038
12039
12040
12042
12043
12045
12045
12045
12047
12048
12048
12051
12051
12052
12053
12053
12053
12054
12056
12058
12058
12059
12060
12060
12064
12064
12066
12066
12067
12067
12068
12069
12069
12072
12073
12078
12079
12081
12084
12085
12085
12086
12086
12088
12089
12090
12091
12093
12094
12094
12094
12094
12095
12097
12098
12099
12099
12099
12099
12099
12100
12101
12101
12102
12104
12104
12107
12108
12111
12111
12111
12112
12112
12113
12114
12114
12117
12120
12121
12121
12122
12125
12126
12127
12132
12132
12134
12134
12134
12135
12136
12137
12137
12137
12137
12137
12138
12139
12140
12141
12143
12143
12144
12146
12146
12147
12149
12149
12150
12150
12150
12151
12151
12153
12154
12156
12157
12158
12158
12158
12160
12163
12163
12163
12164
12164
12166
12172
12173
12174
12175
12176
12176
12179
12180
12180
12180
12182
12182
12184
12184
12185
12185
12186
12187
12187
12189
12191
12192
12193
12197
12198
12198
12199
12201
12203
12203
12204
12205
12205
12207
12207
12208
12210
12210
12210
12212
12212
12213
12213
12215
12216
12217
12218
12219
12220
12221
12222
12223
12224
12224
12226
12229
12229
12230
12231
12234
12234
12235
12236
12236
12238
12240
12241
12242
12245
12248
12248
12249
12249
12250
12253
12253
12254
12255
12259
12259
12260
12261
12261
12262
12262
12263
12263
12267
12267
12268
12269
12269
12270
12272
12273
12274
12276
12276
12276
12276
12277
12278
12280
12280
12281
12281
12283
12286
12286
12286
12286
12286
12287
12288
12288
12289
12290
12290
12291
12292
12293
12293
12294
12294
12295
12295
12296
12296
12297
12297
12299
12300
12300
12301
12302
12302
12302
12303
12303
12305
12305
12310
12311
12312
12314
12314
12315
12316
12316
12316
12316
12317
12319
12320
12321
12321
12322
12322
12322
12322
12323
12323
12325
12328
12329
12329
12330
12333
12333
12333
12334
12334
12334
12334
12336
12336
12337
12338
12338
12340
12342
12344
12344
12344
12345
12345
12345
12349
12350
12350
12350
12350
12350
12351
12352
12353
12354
12354
12355
12355
12355
12357
12357
12358
12358
12361
12363
12363
12364
12365
12366
12371
12371
12374
12377
12379
12382
12384
12386
12390
12391
12391
12391
12392
12394
12396
12396
12397
12398
12401
12404
12405
12406
12408
12409
12409
12409
12410
12411
12411
12413
12415
12419
12420
12420
12421
12422
12422
12423
12426
12426
12428
12429
12430
12431
12434
12434
12434
12437
12438
12439
12439
12440
12441
12441
12442
12442
12443
12445
12445
12446
12447
12448
12449
12449
12450
12450
12451
12452
12454
12454
12455
12455
12455
12455
12457
12458
12458
12459
12459
12460
12460
12463
12464
12464
12465
12469
12469
12471
12473
12474
12475
12476
12477
12479
12480
12483
12485
12485
12485
12486
12486
12489
12489
12489
12490
12491
12491
12491
12493
12493
12493
12495
12495
12496
12496
12496
12496
12497
12497
12499
12499
12500
12501
12501
12503
12505
12506
12506
12507
12508
12509
12509
12510
12510
12512
12512
12512
12513
12515
12516
12516
12517
12519
12522
12523
12523
12524
12524
12525
12526
12527
12527
12529
12529
12531
12531
12534
12538
12538
12539
12541
12542
12543
12544
12545
12546
12547
12547
12547
12548
12549
12550
12550
12552
12554
12555
12556
12556
12558
12559
12560
12560
12561
12561
12562
12563
12563
12564
12565
12566
12568
12569
12572
12573
12575
12576
12578
12579
12579
12579
12583
12587
12587
12589
12590
12590
12590
12591
12591
12592
12593
12594
12596
12596
12596
12598
12598
12599
12604
12605
12606
12606
12606
12607
12607
12608
12609
12612
12613
12613
12614
12615
12615
12617
12617
12617
12618
12620
12622
12623
12623
12624
12625
12625
12625
12626
12627
12627
12627
12628
12628
12632
12633
12634
12636
12638
12640
12645
12647
12647
12648
12649
12649
12649
12650
12650
12650
12652
12652
12652
12654
12655
12655
12656
12659
12660
12661
12661
12662
12662
12662
12663
12663
12665
12666
12668
12669
12670
12670
12672
12672
12674
12674
12676
12676
12677
12678
12678
12678
12679
12680
12680
12683
12684
12684
12684
12685
12685
12686
12687
12689
12691
12695
12695
12699
12699
12701
12705
12707
12709
12709
12710
12710
12711
12711
12713
12714
12717
12718
12718
12718
12719
12719
12721
12721
12723
12724
12725
12725
12730
12731
12731
12732
12732
12733
12733
12735
12735
12736
12737
12738
12739
12740
12741
12742
12745
12745
12747
12748
12748
12748
12749
12750
12750
12753
12753
12753
12754
12756
12759
12760
12760
12761
12762
12763
12763
12765
12767
12769
12771
12772
12772
12772
12773
12774
12775
12775
12775
12776
12778
12779
12780
12781
12781
12781
12782
12783
12784
12785
12785
12785
12785
12786
12786
12786
12786
12788
12788
12790
12791
12792
12796
12796
12797
12800
12800
12801
12801
12802
12803
12804
12804
12805
12807
12807
12808
12809
12811
12813
12815
12816
12818
12819
12820
12820
12822
12822
12823
12823
12823
12824
12824
12825
12826
12827
12827
12828
12828
12828
12830
12830
12830
12831
12832
12833
12834
12835
12835
12836
12839
12840
12840
12841
12842
12843
12846
12847
12847
12847
12847
12848
12853
12855
12856
12857
12858
12859
12859
12860
12860
12862
12863
12863
12863
12864
12866
12866
12867
12867
12867
12868
12868
12872
12874
12875
12875
12875
12876
12878
12878
12880
12880
12884
12884
12886
12886
12886
12887
12887
12888
12889
12889
12891
12892
12892
12894
12894
12895
12897
12901
12902
12903
12908
12908
12910
12910
12913
12913
12914
12915
12917
12917
12918
12921
12921
12922
12923
12923
12925
12926
12927
12927
12929
12930
12933
12934
12936
12938
12939
12940
12940
12940
12941
12943
12943
12944
12946
12946
12946
12946
12947
12947
12948
12949
12950
12951
12952
12953
12953
12955
12956
12958
12959
12960
12960
12961
12961
12961
12963
12964
12964
12965
12966
12967
12968
12969
12970
12973
12974
12975
12975
12976
12977
12977
12978
12979
12979
12980
12981
12983
12983
12984
12986
12987
12987
12989
12990
12990
12992
12992
12993
12995
12996
12997
12997
12997
13000
13001
13001
13002
13002
13002
13004
13005
13006
13008
13008
13008
13008
13010
13010
13013
13014
13015
13015
13015
13016
13016
13017
13017
13021
13022
13022
13023
13026
13028
13028
13030
13032
13034
13034
13035
13035
13035
13036
13036
13037
13037
13038
13040
13042
13043
13044
13047
13048
13048
13048
13049
13049
13051
13052
13054
13055
13056
13058
13059
13062
13062
13063
13065
13065
13066
13066
13067
13067
13067
13067
13068
13068
13069
13069
13069
13070
13071
13071
13071
13072
13073
13073
13074
13074
13074
13075
13078
13078
13078
13078
13078
13079
13079
13082
13082
13083
13083
13084
13084
13087
13089
13089
13090
13090
13090
13094
13096
13096
13097
13097
13098
13098
13099
13100
13104
13104
13104
13106
13108
13109
13110
13111
13112
13114
13115
13116
13118
13121
13121
13121
13123
13124
13125
13126
13127
13129
13129
13130
13132
13133
13134
13134
13135
13135
13136
13137
13138
13138
13138
13140
13142
13142
13142
13145
13145
13146
13147
13148
13148
13149
13149
13150
13151
13152
13154
13155
13155
13161
13163
13163
13166
13167
13169
13171
13171
13172
13173
13173
13174
13174
13176
13176
13177
13177
13178
13178
13178
13179
13180
13180
13181
13181
13185
13187
13188
13189
13190
13191
13192
13193
13195
13195
13196
13197
13202
13203
13204
13205
13205
13205
13206
13206
13208
13209
13211
13211
13211
13212
13214
13215
13218
13220
13221
13221
13222
13224
13224
13226
13226
13227
13227
13228
13229
13230
13230
13230
13230
13230
13232
13232
13232
13233
13234
13234
13234
13235
13236
13237
13238
13239
13240
13241
13241
13241
13245
13246
13249
13249
13249
13249
13252
13252
13253
13254
13254
13255
13258
13258
13259
13261
13262
13262
13262
13263
13266
13270
13273
13274
13274
13274
13275
13275
13276
13276
13278
13278
13281
13282
13283
13285
13287
13287
13288
13288
13291
13291
13292
13293
13294
13294
13295
13295
13297
13301
13303
13304
13306
13306
13307
13308
13308
13308
13308
13310
13310
13311
13311
13311
13311
13311
13312
13315
13317
13318
13320
13323
13324
13325
13325
13325
13326
13327
13327
13330
13331
13331
13331
13331
13332
13334
13334
13334
13336
13336
13336
13336
13338
13338
13339
13340
13340
13341
13341
13341
13341
13342
13343
13344
13344
13344
13348
13348
13349
13351
13351
13353
13354
13355
13356
13359
13360
13361
13362
13364
13366
13367
13367
13367
13369
13372
13373
13373
13374
13375
13375
13375
13376
13377
13377
13377
13379
13380
13381
13382
13382
13383
13384
13384
13387
13387
13389
13390
13390
13392
13392
13394
13394
13395
13397
13398
13398
13399
13402
13402
13403
13405
13407
13407
13410
13411
13412
13413
13413
13415
13417
13417
13418
13418
13419
13420
13421
13423
13423
13424
13424
13426
13426
13428
13428
13429
13429
13430
13431
13433
13435
13435
13435
13435
13435
13438
13438
13438
13439
13443
13444
13446
13450
13450
13450
13450
13450
13451
13455
13455
13458
13458
13459
13459
13459
13460
13461
13462
13463
13465
13465
13466
13467
13467
13469
13469
13469
13472
13472
13473
13473
13474
13474
13477
13477
13477
13481
13481
13481
13482
13483
13484
13485
13485
13486
13487
13487
13488
13488
13488
13491
13493
13494
13494
13495
13496
13496
13497
13500
13500
13502
13504
13505
13505
13506
13506
13506
13507
13507
13508
13508
13508
13508
13509
13510
13510
13511
13512
13513
13513
13514
13516
13517
13517
13518
13518
13518
13519
13521
13522
13522
13523
13523
13524
13524
13524
13526
13527
13529
13530
13531
13532
13532
13533
13533
13533
13536
13536
13536
13536
13538
13539
13539
13540
13540
13541
13541
13541
13545
13547
13548
13548
13550
13550
13554
13555
13556
13556
13559
13559
13559
13559
13560
13561
13562
13565
13566
13566
13566
13568
13568
13568
13569
13569
13571
13572
13573
13573
13573
13575
13575
13576
13577
13578
13579
13579
13581
13581
13581
13582
13582
13583
13586
13586
13588
13588
13589
13590
13591
13592
13595
13595
13597
13598
13600
13601
13602
13602
13603
13604
13604
13605
13606
13606
13607
13608
13610
13610
13611
13612
13612
13614
13615
13615
13616
13617
13619
13619
13620
13620
13625
13625
13626
13626
13628
13629
13630
13631
13631
13634
13635
13635
13635
13635
13637
13639
13639
13639
13640
13642
13644
13645
13645
13647
13648
13648
13649
13649
13649
13650
13651
13653
13653
13654
13655
13655
13656
13658
13658
13658
13663
13664
13664
13664
13664
13665
13665
13667
13667
13667
13670
13671
13673
13676
13676
13677
13677
13678
13680
13681
13681
13683
13683
13685
13686
13687
13687
13687
13688
13690
13692
13694
13695
13696
13696
13697
13697
13697
13698
13699
13699
13699
13700
13701
13701
13702
13702
13702
13703
13703
13703
13704
13706
13706
13707
13708
13709
13709
13711
13712
13712
13714
13716
13718
13719
13720
13720
13720
13720
13720
13721
13721
13727
13727
13728
13729
13730
13732
13732
13734
13734
13735
13735
13735
13735
13736
13736
13738
13738
13738
13739
13740
13740
13741
13741
13741
13741
13741
13742
13743
13744
13745
13746
13748
13749
13749
13749
13751
13751
13752
13753
13754
13755
13756
13756
13756
13756
13756
13757
13757
13758
13759
13760
13764
13764
13765
13768
13771
13771
13771
13771
13773
13774
13774
13776
13777
13777
13778
13778
13779
13781
13781
13781
13781
13783
13785
13785
13787
13788
13789
13790
13790
13791
13793
13795
13796
13796
13798
13800
13802
13803
13804
13804
13805
13805
13806
13811
13811
13815
13816
13817
13817
13818
13818
13819
13820
13821
13821
13821
13822
13824
13825
13825
13826
13829
13830
13831
13833
13833
13834
13834
13836
13837
13838
13838
13840
13844
13844
13846
13849
13851
13851
13853
13854
13857
13858
13859
13860
13861
13863
13864
13864
13868
13870
13871
13873
13873
13876
13877
13879
13881
13882
13883
13885
13888
13889
13889
13889
13890
13890
13891
13891
13891
13891
13892
13893
13894
13896
13897
13898
13898
13899
13900
13900
13901
13902
13903
13903
13903
13903
13904
13904
13905
13906
13907
13908
13909
13911
13911
13914
13916
13916
13918
13921
13922
13922
13923
13924
13924
13925
13926
13928
13929
13931
13932
13932
13932
13934
13935
13936
13937
13939
13940
13941
13942
13944
13944
13945
13948
13948
13948
13948
13951
13952
13953
13954
13954
13954
13955
13955
13958
13959
13960
13961
13963
13964
13964
13965
13965
13969
13970
13971
13971
13971
13971
13972
13972
13972
13975
13976
13976
13976
13977
13977
13977
13982
13984
13985
13986
13988
13989
13989
13989
13990
13990
13990
13992
13994
13995
13996
13996
13997
13997
13998
13998
13999
13999
14001
14001
14004
14004
14004
14004
14006
14008
14010
14010
14010
14010
14011
14013
14016
14017
14017
14019
14020
14020
14020
14020
14020
14021
14021
14024
14025
14025
14027
14028
14028
14030
14031
14032
14032
14033
14033
14033
14035
14036
14037
14037
14037
14038
14038
14038
14040
14041
14042
14043
14046
14046
14047
14047
14049
14050
14053
14053
14054
14056
14058
14058
14059
14061
14061
14065
14066
14070
14073
14073
14073
14073
14074
14075
14077
14079
14079
14079
14080
14080
14084
14084
14085
14086
14087
14087
14089
14090
14090
14090
14090
14090
14090
14091
14092
14092
14094
14096
14097
14098
14099
14099
14099
14100
14100
14101
14103
14104
14105
14107
14107
14109
14112
14112
14112
14113
14114
14114
14115
14116
14116
14117
14118
14118
14118
14120
14120
14121
14122
14123
14124
14124
14126
14126
14127
14127
14127
14128
14130
14130
14130
14131
14131
14131
14131
14132
14132
14133
14133
14133
14133
14134
14135
14135
14135
14136
14139
14140
14143
14144
14144
14145
14146
14148
14148
14149
14150
14151
14151
14151
14152
14154
14155
14155
14156
14158
14158
14159
14159
14160
14161
14161
14163
14163
14163
14163
14164
14164
14165
14167
14168
14169
14170
14170
14174
14174
14175
14176
14176
14178
14180
14180
14181
14182
14183
14183
14184
14184
14186
14186
14187
14188
14190
14191
14192
14193
14194
14196
14196
14199
14199
14199
14200
14202
14204
14204
14205
14205
14205
14206
14206
14207
14208
14208
14210
14211
14211
14212
14212
14213
14214
14214
14214
14215
14216
14216
14216
14218
14219
14220
14221
14222
14225
14227
14228
14228
14228
14231
14231
14233
14233
14236
14236
14238
14241
14241
14242
14244
14245
14245
14246
14246
14247
14248
14248
14249
14249
14251
14252
14252
14253
14253
14257
14257
14259
14260
14260
14261
14262
14263
14264
14266
14267
14267
14270
14270
14271
14272
14272
14272
14273
14274
14275
14276
14277
14277
14277
14278
14279
14280
14281
14281
14281
14285
14285
14286
14287
14287
14288
14288
14289
14289
14289
14290
14290
14291
14291
14292
14293
14293
14294
14295
14295
14297
14297
14298
14299
14299
14299
14302
14303
14304
14304
14305
14305
14305
14305
14306
14309
14310
14310
14311
14311
14312
14314
14314
14315
14317
14318
14318
14319
14320
14321
14321
14324
14325
14325
14328
14328
14328
14330
14331
14332
14333
14334
14335
14337
14337
14341
14342
14343
14343
14344
14345
14346
14348
14349
14350
14350
14352
14353
14354
14355
14357
14358
14361
14361
14362
14362
14363
14363
14366
14367
14367
14367
14370
14370
14373
14374
14377
14377
14379
14379
14379
14379
14381
14381
14384
14384
14384
14385
14387
14388
14389
14389
14389
14391
14392
14393
14395
14395
14397
14397
14397
14399
14399
14400
14402
14403
14404
14405
14406
14407
14408
14409
14409
14411
14412
14412
14412
14412
14414
14416
14416
14416
14417
14419
14420
14420
14423
14423
14424
14424
14426
14426
14427
14428
14428
14429
14429
14430
14430
14431
14433
14437
14440
14441
14441
14443
14444
14446
14446
14446
14449
14449
14450
14451
14452
14452
14452
14452
14454
14454
14457
14457
14458
14459
14459
14459
14459
14462
14464
14464
14464
14466
14467
14468
14468
14471
14471
14471
14472
14473
14475
14475
14475
14476
14477
14477
14480
14481
14481
14481
14481
14482
14482
14483
14485
14485
14485
14486
14487
14488
14488
14488
14488
14493
14493
14494
14496
14496
14496
14498
14499
14500
14501
14501
14502
14502
14502
14508
14509
14509
14509
14510
14511
14512
14513
14516
14517
14518
14520
14520
14521
14521
14521
14523
14527
14528
14528
14529
14529
14529
14529
14530
14533
14533
14535
14536
14536
14537
14537
14538
14541
14545
14546
14547
14547
14548
14548
14550
14551
14552
14552
14554
14555
14556
14557
14558
14559
14559
14559
14560
14560
14561
14561
14561
14563
14565
14566
14567
14569
14569
14569
14570
14571
14571
14572
14572
14574
14575
14576
14577
14577
14579
14579
14580
14580
14582
14582
14583
14583
14584
14584
14584
14586
14586
14587
14587
14587
14589
14590
14592
14595
14599
14599
14602
14602
14602
14603
14603
14603
14603
14603
14608
14609
14611
14611
14611
14612
14613
14614
14614
14615
14615
14616
14616
14616
14618
14619
14619
14619
14620
14621
14623
14624
14626
14627
14628
14628
14630
14630
14631
14631
14632
14632
14633
14633
14634
14634
14636
14639
14639
14639
14640
14641
14643
14643
14644
14644
14644
14644
14649
14650
14650
14650
14651
14653
14654
14654
14655
14657
14659
14660
14661
14662
14663
14664
14665
14666
14667
14668
14669
14671
14673
14674
14675
14677
14677
14678
14678
14680
14681
14683
14683
14684
14685
14685
14686
14686
14691
14691
14691
14692
14692
14697
14699
14700
14700
14701
14701
14702
14702
14702
14703
14703
14704
14705
14705
14705
14706
14708
14708
14708
14709
14709
14709
14711
14711
14711
14712
14712
14714
14716
14720
14722
14724
14725
14726
14726
14726
14726
14727
14730
14730
14731
14731
14735
14737
14737
14738
14738
14739
14741
14741
14741
14742
14743
14744
14746
14746
14747
14748
14748
14749
14751
14752
14752
14752
14753
14755
14755
14756
14757
14757
14758
14758
14758
14759
14759
14760
14761
14767
14768
14769
14770
14771
14773
14776
14777
14778
14780
14780
14783
14786
14787
14790
14792
14793
14793
14793
14796
14798
14799
14799
14800
14801
14801
14803
14804
14807
14807
14808
14808
14809
14809
14811
14813
14813
14813
14814
14816
14816
14816
14817
14818
14818
14819
14819
14820
14821
14821
14822
14822
14823
14825
14825
14826
14827
14828
14829
14831
14831
14833
14834
14837
14837
14839
14839
14840
14842
14843
14843
14843
14844
14844
14845
14845
14845
14846
14846
14848
14850
14850
14853
14854
14855
14856
14856
14860
14860
14860
14862
14864
14864
14864
14865
14865
14866
14866
14867
14868
14868
14869
14871
14871
14875
14876
14879
14880
14882
14883
14884
14884
14884
14885
14885
14886
14886
14888
14888
14889
14890
14892
14892
14893
14894
14894
14896
14896
14897
14897
14900
14900
14902
14904
14904
14904
14907
14907
14907
14908
14910
14911
14911
14911
14913
14913
14914
14914
14914
14916
14916
14916
14916
14917
14917
14919
14919
14920
14921
14922
14922
14923
14923
14924
14924
14925
14925
14926
14927
14928
14931
14932
14934
14936
14936
14937
14940
14941
14941
14943
14944
14944
14947
14947
14947
14948
14949
14949
14950
14953
14953
14955
14955
14955
14957
14958
14958
14959
14960
14960
14960
14963
14964
14967
14968
14969
14970
14971
14971
14971
14972
14972
14973
14975
14975
14975
14976
14976
14978
14979
14979
14979
14980
14982
14982
14983
14984
14985
14986
14986
14987
14989
14989
14990
14991
14992
14993
14993
14994
14997
14998
14999
14999
14999
14999
15000
15002
15003
15004
15005
15005
15008
15008
15009
15010
15011
15012
15012
15012
15014
15015
15015
15016
15017
15019
15021
15023
15026
15030
15031
15032
15036
15036
15036
15039
15039
15040
15040
15040
15041
15042
15042
15043
15047
15051
15051
15053
15053
15054
15054
15056
15057
15059
15064
15065
15065
15066
15067
15067
15068
15069
15071
15071
15071
15072
15074
15076
15076
15077
15077
15078
15082
15083
15083
15086
15086
15086
15087
15089
15089
15092
15093
15094
15095
15096
15096
15098
15099
15101
15101
15102
15106
15108
15108
15108
15108
15109
15109
15110
15110
15111
15111
15112
15113
15114
15114
15115
15116
15116
15117
15117
15117
15118
15119
15119
15120
15120
15122
15122
15123
15123
15124
15125
15125
15125
15126
15126
15126
15126
15126
15126
15126
15126
15128
15128
15129
15129
15130
15131
15131
15132
15134
15135
15136
15136
15137
15138
15140
15142
15142
15143
15143
15145
15146
15147
15147
15147
15149
15149
15154
15155
15156
15156
15158
15160
15162
15163
15164
15165
15165
15166
15167
15167
15168
15169
15170
15171
15172
15172
15172
15174
15175
15175
15176
15179
15184
15186
15187
15188
15189
15193
15194
15194
15194
15195
15196
15198
15199
15200
15202
15205
15207
15207
15208
15209
15212
15212
15213
15213
15214
15215
15219
15222
15223
15223
15223
15224
15224
15225
15226
15226
15227
15227
15228
15228
15229
15230
15231
15232
15232
15232
15232
15232
15235
15238
15239
15241
15242
15242
15243
15244
15246
15247
15247
15247
15249
15250
15253
15254
15255
15256
15256
15256
15259
15259
15260
15261
15262
15262
15263
15263
15264
15264
15265
15266
15266
15266
15266
15267
15267
15274
15274
15275
15275
15275
15276
15276
15276
15276
15277
15281
15284
15286
15287
15287
15288
15290
15290
15290
15291
15293
15293
15296
15296
15299
15299
15300
15300
15300
15301
15301
15302
15303
15306
15306
15308
15308
15310
15310
15311
15311
15311
15311
15313
15314
15315
15320
15320
15322
15322
15323
15323
15325
15327
15327
15327
15329
15329
15330
15330
15331
15333
15335
15336
15336
15337
15338
15339
15340
15344
15345
15345
15347
15347
15350
15350
15351
15353
15354
15354
15354
15355
15356
15357
15357
15357
15358
15358
15358
15359
15361
15361
15363
15365
15365
15365
15366
15367
15369
15371
15372
15373
15377
15377
15378
15378
15380
15381
15383
15383
15384
15384
15385
15386
15389
15390
15391
15391
15391
15392
15392
15393
15393
15394
15395
15398
15398
15403
15403
15403
15406
15406
15406
15407
15408
15410
15410
15410
15411
15412
15412
15413
15413
15413
15413
15415
15416
15417
15418
15422
15422
15424
15424
15425
15426
15426
15427
15427
15428
15428
15430
15431
15431
15433
15436
15436
15437
15439
15439
15441
15441
15443
15443
15444
15445
15445
15445
15445
15445
15446
15446
15449
15451
15452
15453
15453
15453
15455
15456
15458
15459
15461
15462
15462
15462
15463
15464
15464
15465
15466
15467
15467
15468
15468
15468
15468
15470
15470
15470
15472
15473
15475
15477
15477
15479
15482
15483
15484
15485
15487
15490
15490
15492
15492
15494
15495
15495
15495
15496
15497
15498
15499
15499
15500
15501
15502
15505
15505
15507
15507
15507
15508
15509
15510
15511
15513
15514
15515
15517
15517
15517
15519
15520
15520
15522
15523
15523
15525
15527
15528
15529
15529
15530
15531
15531
15532
15532
15532
15532
15532
15534
15536
15539
15541
15543
15544
15545
15545
15547
15548
15550
15551
15552
15552
15560
15560
15560
15561
15562
15564
15565
15566
15566
15567
15568
15569
15570
15571
15572
15572
15573
15575
15575
15576
15577
15577
15577
15578
15580
15582
15584
15584
15584
15585
15585
15586
15587
15587
15589
15589
15590
15590
15590
15591
15591
15591
15594
15594
15594
15594
15595
15596
15596
15596
15597
15597
15598
15598
15599
15601
15601
15604
15604
15605
15607
15608
15609
15609
15610
15610
15612
15612
15613
15613
15616
15618
15619
15620
15622
15622
15625
15625
15629
15629
15631
15633
15634
15638
15639
15639
15639
15642
15642
15643
15645
15646
15646
15646
15647
15648
15650
15650
15650
15651
15651
15652
15654
15655
15655
15655
15656
15656
15656
15658
15659
15661
15662
15663
15664
15664
15666
15666
15666
15667
15667
15669
15670
15672
15675
15676
15677
15677
15677
15678
15678
15678
15681
15681
15683
15686
15686
15687
15688
15689
15690
15691
15691
15691
15692
15693
15694
15695
15696
15696
15697
15699
15700
15700
15703
15703
15703
15703
15704
15705
15705
15706
15709
15710
15710
15712
15712
15713
15714
15714
15714
15715
15715
15716
15716
15720
15720
15722
15722
15722
15723
15724
15724
15725
15725
15727
15727
15728
15729
15731
15732
15733
15734
15735
15736
15737
15738
15739
15739
15739
15739
15740
15741
15741
15742
15743
15744
15744
15745
15745
15746
15748
15749
15749
15749
15751
15752
15753
15754
15754
15755
15756
15756
15756
15756
15756
15758
15758
15760
15760
15763
15764
15765
15765
15765
15765
15766
15767
15769
15770
15775
15775
15775
15778
15779
15781
15781
15781
15783
15783
15783
15783
15784
15784
15785
15786
15786
15787
15787
15790
15790
15790
15791
15791
15792
15793
15794
15794
15795
15798
15799
15799
15799
15799
15801
15802
15802
15803
15805
15805
15806
15806
15808
15809
15810
15811
15812
15815
15816
15817
15818
15819
15820
15820
15820
15821
15822
15822
15822
15822
15824
15824
15825
15826
15826
15827
15827
15829
15830
15831
15831
15831
15832
15833
15834
15836
15836
15838
15840
15841
15842
15842
15842
15844
15845
15845
15845
15847
15847
15848
15851
15852
15853
15855
15856
15856
15860
15860
15862
15862
15862
15863
15865
15865
15866
15870
15871
15872
15872
15872
15873
15874
15875
15877
15878
15878
15883
15884
15884
15885
15885
15887
15889
15889
15891
15892
15894
15894
15894
15897
15898
15905
15907
15908
15909
15910
15911
15914
15914
15915
15916
15917
15917
15919
15920
15922
15923
15923
15924
15926
15926
15927
15928
15928
15933
15934
15937
15939
15939
15940
15940
15941
15943
15944
15944
15945
15947
15948
15948
15948
15949
15949
15950
15951
15952
15952
15952
15954
15956
15956
15957
15958
15960
15963
15963
15965
15965
15967
15968
15970
15970
15973
15973
15976
15977
15977
15977
15978
15978
15978
15979
15980
15980
15982
15984
15984
15986
15986
15987
15987
15988
15993
15994
15994
15995
15996
15996
15996
15997
15997
15998
15999
16000
arquivo ordenado pelo algoritmo shellsort tempo da ordenao = 15.6 milisegundos

