2
4
5
5
6
8
8
11
12
13
13
13
14
15
16
19
19
20
20
21
22
24
26
26
26
28
30
31
31
33
33
34
34
37
37
38
39
40
41
41
44
44
44
45
46
47
49
50
52
53
54
54
55
56
57
57
58
60
61
63
63
65
65
65
68
68
70
70
70
71
72
74
74
76
77
77
79
81
81
81
84
84
86
87
88
88
89
90
91
93
93
94
95
96
96
97
98
101
101
103
104
104
104
106
107
109
109
109
112
113
114
114
115
115
118
118
119
119
121
121
122
124
126
127
128
128
130
130
130
133
133
134
135
135
137
138
140
141
141
141
142
144
145
146
148
148
149
149
150
151
153
154
156
156
157
157
158
161
162
162
163
163
166
166
167
168
169
170
171
172
173
174
176
176
176
179
179
180
180
183
183
184
184
186
187
188
189
190
190
192
192
195
195
196
196
199
200
201
202
203
204
204
205
205
207
209
209
209
211
212
213
215
216
216
217
218
219
220
220
222
223
225
225
225
226
228
229
230
231
233
233
234
234
236
238
238
238
240
242
242
243
244
245
246
247
249
249
251
251
252
253
253
256
256
257
257
259
260
261
261
263
264
265
266
266
267
269
270
271
271
273
275
275
275
277
277
278
279
280
282
283
285
286
286
286
288
289
290
291
292
294
295
295
296
297
297
298
299
301
301
303
304
305
305
306
309
310
310
312
312
313
315
315
315
318
318
318
321
321
323
324
324
325
326
327
328
329
330
331
332
333
334
335
336
337
338
339
340
342
342
343
344
345
346
347
348
350
350
350
351
353
354
355
355
357
359
359
360
362
363
364
365
365
366
368
368
370
370
371
372
372
373
375
376
377
378
378
380
381
382
382
384
386
386
386
388
389
389
390
391
393
393
394
396
396
398
399
400
401
403
404
404
406
406
407
408
410
410
411
413
413
414
414
416
417
417
419
420
421
423
424
424
426
426
426
429
430
430
431
431
433
434
434
435
438
438
438
439
442
443
444
444
445
447
447
448
449
450
450
452
452
454
455
455
457
458
460
460
460
462
464
465
466
466
467
468
470
470
471
471
472
475
475
476
477
478
479
480
481
482
483
485
486
486
488
489
489
490
491
492
493
494
494
496
497
497
498
500
500
502
502
503
505
507
508
509
509
509
511
512
514
514
515
516
517
518
518
521
521
522
522
523
525
526
528
529
529
530
530
531
534
534
536
537
538
538
538
541
541
541
543
544
545
545
548
548
550
551
551
552
552
553
554
556
557
558
559
560
562
562
563
564
565
566
567
567
568
570
571
571
572
574
576
577
578
579
579
580
581
582
582
583
586
586
587
588
590
590
591
592
593
595
595
595
598
598
600
601
602
602
603
603
605
605
607
608
609
610
610
611
613
614
615
615
618
618
619
619
620
623
624
625
625
625
627
629
629
629
631
632
633
634
634
636
637
637
639
641
642
642
643
644
645
646
647
649
649
650
650
652
654
654
655
656
657
658
659
660
661
661
662
663
664
665
666
667
668
670
671
672
674
675
676
676
677
677
679
679
681
682
682
683
685
687
688
688
689
690
691
692
692
695
696
697
698
698
698
700
702
703
703
705
705
706
707
709
709
709
710
711
713
713
715
716
717
718
718
720
721
722
724
724
725
726
727
728
728
730
731
731
733
735
735
736
737
737
740
741
741
743
744
745
746
746
747
748
748
750
751
751
753
753
754
756
757
758
759
759
761
763
763
764
765
766
766
769
769
770
770
772
773
774
774
775
777
777
780
781
782
782
782
785
785
786
787
787
788
789
790
792
793
793
795
797
797
797
800
801
802
803
803
805
805
806
807
808
808
810
811
811
813
814
815
816
817
817
820
820
820
823
823
823
826
827
827
828
829
831
831
832
833
834
835
836
837
839
840
841
841
842
842
844
845
846
847
848
848
849
851
852
853
854
854
857
857
859
860
860
861
861
862
863
866
867
867
868
868
869
872
872
873
874
874
876
877
878
880
880
881
883
883
884
885
886
888
888
890
890
891
891
894
894
894
896
897
898
899
899
902
902
903
904
906
906
908
908
908
910
910
911
914
914
915
916
918
918
918
920
920
922
922
923
926
926
927
927
929
931
931
932
933
935
935
935
936
938
938
939
941
942
944
944
946
946
947
948
949
951
951
953
953
953
956
957
957
958
958
960
961
963
963
964
965
965
967
968
970
970
971
972
973
974
975
976
977
977
980
980
981
983
984
985
985
985
986
987
990
990
991
992
992
994
995
996
996
998
998
1000
1001
1002
1003
1004
1005
1006
1008
1008
1009
1011
1011
1012
1012
1013
1014
1015
1017
1019
1019
1019
1020
1021
1022
1025
1025
1026
1027
1028
1029
1031
1031
1031
1032
1033
1035
1036
1036
1039
1040
1041
1041
1042
1044
1045
1046
1046
1047
1048
1049
1049
1050
1053
1053
1054
1055
1056
1056
1057
1059
1060
1061
1062
1062
1065
1066
1066
1067
1067
1068
1069
1072
1072
1073
1073
1074
1076
1078
1078
1079
1080
1081
1082
1084
1084
1084
1087
1087
1087
1089
1090
1091
1092
1093
1094
1095
1096
1097
1098
1099
1101
1101
1102
1102
1103
1104
1106
1107
1108
1108
1109
1110
1112
1113
1114
1115
1117
1117
1117
1119
1121
1121
1122
1123
1124
1126
1126
1128
1128
1129
1130
1130
1132
1133
1135
1135
1136
1136
1137
1138
1140
1142
1142
1143
1143
1144
1145
1147
1148
1148
1151
1151
1153
1153
1154
1155
1156
1157
1158
1158
1160
1160
1161
1162
1165
1165
1166
1166
1168
1169
1170
1172
1172
1172
1173
1176
1176
1178
1178
1180
1180
1181
1181
1183
1183
1184
1186
1187
1188
1189
1190
1191
1191
1193
1194
1195
1196
1197
1198
1200
1200
1200
1202
1203
1204
1205
1206
1207
1207
1208
1210
1211
1212
1213
1213
1215
1216
1218
1218
1219
1220
1220
1221
1223
1225
1225
1227
1227
1228
1228
1229
1230
1233
1233
1234
1236
1237
1237
1237
1239
1240
1241
1242
1242
1243
1245
1247
1247
1249
1249
1249
1251
1252
1254
1254
1255
1256
1257
1257
1258
1260
1260
1263
1263
1264
1266
1266
1267
1267
1269
1270
1272
1273
1274
1274
1275
1276
1276
1278
1279
1279
1281
1282
1283
1284
1284
1286
1286
1287
1290
1291
1291
1292
1292
1293
1295
1295
1298
1299
1299
1300
1301
1301
1302
1304
1306
1306
1307
1307
1309
1309
1311
1313
1314
1315
1315
1316
1317
1319
1319
1321
1321
1322
1323
1324
1325
1326
1328
1328
1329
1329
1332
1332
1332
1333
1334
1336
1337
1338
1339
1339
1341
1343
1343
1345
1345
1345
1347
1348
1348
1350
1351
1353
1353
1354
1355
1356
1357
1357
1359
1360
1360
1362
1363
1363
1364
1366
1366
1368
1368
1371
1372
1372
1372
1373
1375
1375
1378
1379
1380
1380
1380
1382
1383
1384
1385
1387
1387
1388
1389
1390
1391
1393
1393
1394
1395
1395
1397
1397
1400
1400
1402
1402
1404
1404
1405
1406
1406
1407
1409
1410
1410
1411
1413
1414
1414
1415
1418
1418
1419
1420
1422
1423
1423
1423
1425
1427
1427
1428
1429
1429
1431
1431
1432
1434
1435
1437
1438
1439
1439
1440
1442
1443
1443
1444
1445
1446
1447
1449
1449
1449
1451
1452
1452
1454
1456
1456
1457
1458
1459
1460
1462
1463
1463
1463
1465
1466
1467
1468
1469
1470
1471
1472
1474
1474
1475
1476
1477
1478
1478
1479
1482
1483
1484
1484
1484
1486
1487
1488
1489
1489
1492
1492
1493
1494
1495
1496
1497
1499
1500
1500
1500
1501
1503
1503
1505
1506
1507
1507
1509
1510
1510
1512
1514
1515
1516
1517
1517
1517
1518
1519
1520
1523
1524
1525
1525
1526
1527
1529
1530
1531
1532
1532
1533
1533
1534
1536
1537
1538
1539
1540
1541
1542
1543
1545
1545
1546
1547
1548
1548
1549
1551
1552
1553
1554
1554
1556
1557
1558
1560
1560
1561
1563
1563
1564
1566
1567
1567
1568
1570
1570
1571
1572
1572
1574
1574
1575
1577
1578
1580
1580
1582
1582
1582
1584
1584
1586
1588
1588
1589
1589
1590
1592
1593
1594
1595
1596
1597
1598
1599
1600
1600
1601
1602
1603
1605
1606
1607
1607
1609
1609
1610
1611
1612
1614
1616
1616
1616
1618
1619
1620
1620
1623
1623
1624
1624
1626
1628
1628
1629
1630
1630
1631
1633
1634
1636
1636
1636
1637
1640
1640
1641
1643
1643
1645
1645
1645
1648
1648
1649
1650
1650
1652
1653
1654
1655
1656
1658
1659
1659
1660
1662
1662
1662
1665
1665
1667
1668
1668
1669
1669
1672
1673
1673
1673
1676
1676
1677
1678
1679
1680
1680
1682
1683
1684
1685
1686
1687
1687
1689
1691
1691
1692
1693
1693
1694
1696
1697
1699
1699
1700
1702
1702
1702
1704
1705
1706
1707
1709
1709
1710
1711
1712
1712
1713
1715
1715
1718
1719
1720
1720
1721
1721
1724
1724
1725
1725
1728
1728
1728
1729
1730
1732
1733
1733
1735
1736
1738
1738
1739
1739
1740
1743
1744
1745
1745
1746
1747
1747
1749
1750
1751
1751
1753
1754
1756
1756
1757
1758
1758
1760
1761
1763
1763
1763
1764
1766
1768
1768
1769
1770
1771
1771
1773
1773
1774
1776
1777
1779
1780
1781
1782
1783
1783
1784
1785
1785
1787
1788
1789
1789
1791
1792
1793
1795
1795
1796
1797
1798
1798
1799
1802
1803
1804
1804
1804
1806
1806
1809
1809
1810
1811
1811
1812
1813
1815
1816
1818
1819
1819
1820
1821
1822
1822
1824
1825
1826
1826
1829
1829
1830
1830
1832
1834
1834
1834
1835
1837
1838
1839
1840
1841
1842
1843
1845
1845
1847
1847
1847
1848
1850
1851
1852
1853
1855
1855
1855
1856
1857
1858
1860
1861
1862
1863
1864
1865
1866
1867
1868
1869
1869
1871
1872
1874
1874
1875
1876
1878
1878
1879
1880
1881
1882
1882
1884
1885
1886
1888
1888
1889
1890
1890
1893
1893
1894
1895
1896
1896
1897
1898
1899
1901
1902
1903
1904
1906
1906
1907
1907
1908
1909
1911
1912
1914
1915
1916
1917
1917
1918
1919
1919
1920
1921
1923
1924
1926
1926
1926
1929
1930
1930
1930
1931
1933
1933
1935
1937
1937
1938
1939
1940
1941
1942
1943
1943
1944
1946
1946
1948
1949
1950
1952
1952
1953
1953
1954
1956
1957
1959
1959
1960
1961
1962
1963
1965
1965
1966
1968
1968
1968
1971
1971
1973
1973
1975
1975
1975
1977
1979
1980
1980
1981
1983
1983
1983
1985
1986
1987
1989
1990
1990
1991
1992
1992
1994
1995
1995
1997
1997
1998
1999
2002
2002
2003
2004
2006
2007
2007
2009
2009
2011
2011
2012
2012
2013
2016
2016
2018
2019
2020
2020
2021
2021
2022
2023
2025
2026
2028
2028
2029
2031
2032
2032
2032
2034
2034
2035
2036
2037
2038
2040
2042
2042
2043
2044
2044
2045
2047
2048
2049
2050
2050
2051
2053
2054
2055
2055
2056
2057
2059
2060
2060
2061
2063
2063
2064
2067
2068
2068
2068
2070
2070
2071
2072
2073
2075
2076
2077
2078
2079
2079
2080
2082
2083
2084
2085
2085
2087
2087
2089
2089
2090
2091
2094
2094
2094
2096
2097
2098
2100
2101
2101
2102
2103
2104
2105
2107
2108
2108
2108
2111
2111
2113
2114
2114
2115
2116
2117
2117
2119
2120
2121
2122
2123
2124
2124
2126
2127
2127
2128
2131
2131
2131
2134
2134
2135
2137
2137
2139
2140
2140
2140
2143
2143
2144
2146
2146
2146
2147
2149
2150
2151
2151
2153
2154
2156
2156
2156
2159
2159
2160
2161
2162
2163
2163
2164
2165
2166
2167
2169
2169
2170
2172
2173
2174
2176
2177
2178
2179
2180
2180
2181
2182
2183
2184
2184
2187
2187
2188
2189
2191
2192
2192
2193
2193
2196
2197
2197
2197
2200
2200
2201
2203
2203
2205
2205
2205
2207
2208
2209
2210
2211
2211
2214
2214
2215
2216
2217
2219
2220
2220
2221
2222
2223
2224
2225
2227
2228
2228
2229
2231
2231
2232
2233
2234
2235
2235
2236
2237
2238
2240
2242
2242
2243
2244
2245
2246
2246
2248
2249
2251
2252
2252
2252
2253
2255
2255
2256
2258
2259
2260
2261
2262
2263
2264
2265
2265
2268
2269
2269
2270
2270
2271
2273
2274
2274
2275
2277
2277
2280
2281
2281
2282
2283
2284
2285
2286
2287
2289
2289
2291
2292
2292
2294
2294
2294
2297
2297
2297
2299
2299
2301
2303
2304
2305
2305
2306
2307
2307
2310
2310
2310
2311
2313
2314
2315
2316
2318
2318
2319
2321
2322
2322
2323
2324
2325
2327
2328
2328
2330
2330
2330
2332
2333
2334
2335
2336
2337
2338
2338
2340
2340
2343
2343
2344
2345
2345
2348
2348
2349
2350
2351
2352
2353
2355
2356
2356
2357
2358
2358
2361
2361
2362
2363
2363
2366
2366
2368
2369
2369
2370
2372
2372
2373
2374
2375
2376
2376
2377
2379
2381
2381
2382
2383
2384
2385
2386
2388
2388
2389
2390
2391
2392
2392
2395
2395
2395
2397
2398
2400
2400
2401
2402
2402
2404
2405
2406
2406
2408
2409
2410
2410
2411
2413
2414
2416
2416
2417
2419
2419
2420
2421
2421
2422
2425
2425
2426
2427
2429
2429
2430
2431
2432
2433
2433
2434
2436
2438
2438
2438
2441
2441
2441
2443
2443
2444
2446
2447
2447
2449
2450
2451
2452
2453
2455
2455
2455
2456
2457
2460
2461
2461
2462
2462
2465
2466
2467
2468
2468
2469
2469
2471
2471
2472
2473
2476
2476
2476
2479
2479
2480
2482
2482
2482
2483
2484
2487
2488
2488
2490
2490
2491
2493
2493
2494
2496
2496
2497
2499
2499
2499
2500
2502
2503
2504
2504
2507
2507
2508
2508
2510
2512
2513
2513
2514
2516
2516
2517
2518
2520
2521
2522
2523
2524
2524
2524
2525
2526
2527
2529
2530
2532
2533
2533
2534
2536
2536
2538
2538
2539
2540
2542
2543
2543
2545
2546
2546
2547
2548
2549
2549
2550
2551
2553
2554
2555
2556
2557
2558
2559
2560
2561
2562
2563
2563
2564
2565
2568
2569
2570
2570
2571
2572
2573
2574
2576
2576
2578
2578
2579
2579
2581
2582
2584
2584
2584
2586
2587
2589
2589
2589
2590
2592
2593
2594
2594
2595
2597
2598
2599
2599
2600
2601
2603
2604
2605
2605
2607
2608
2608
2611
2611
2613
2614
2614
2615
2616
2618
2619
2619
2621
2622
2622
2624
2625
2625
2625
2628
2628
2629
2629
2631
2632
2634
2634
2636
2637
2637
2638
2638
2641
2641
2642
2643
2644
2645
2646
2647
2648
2650
2650
2651
2652
2653
2654
2656
2656
2656
2658
2659
2659
2660
2663
2663
2664
2665
2666
2667
2668
2668
2670
2672
2672
2672
2673
2674
2676
2677
2677
2679
2679
2682
2682
2684
2685
2685
2685
2686
2688
2689
2690
2690
2691
2692
2694
2694
2695
2697
2698
2700
2700
2701
2702
2703
2704
2705
2706
2707
2708
2708
2709
2710
2711
2714
2715
2715
2716
2716
2718
2719
2720
2720
2723
2724
2724
2725
2726
2727
2727
2729
2730
2731
2732
2733
2733
2735
2737
2738
2738
2739
2739
2741
2742
2743
2743
2744
2746
2747
2748
2749
2750
2751
2751
2753
2755
2755
2756
2758
2759
2760
2760
2761
2762
2762
2764
2765
2765
2767
2769
2770
2771
2771
2772
2774
2774
2776
2776
2777
2779
2779
2780
2782
2782
2783
2783
2785
2786
2787
2787
2790
2790
2790
2791
2794
2795
2796
2796
2796
2798
2799
2799
2802
2803
2803
2804
2805
2806
2807
2808
2809
2809
2812
2813
2813
2813
2815
2816
2816
2817
2820
2820
2821
2822
2824
2824
2824
2825
2827
2828
2830
2830
2830
2832
2833
2833
2835
2836
2837
2838
2839
2840
2841
2842
2843
2844
2845
2845
2847
2848
2850
2850
2851
2852
2853
2855
2855
2856
2857
2858
2859
2861
2861
2862
2862
2863
2865
2865
2866
2867
2869
2869
2872
2872
2872
2874
2875
2875
2876
2878
2878
2879
2880
2882
2883
2883
2886
2886
2887
2889
2890
2890
2892
2892
2893
2894
2895
2895
2897
2898
2899
2901
2901
2901
2903
2903
2905
2907
2907
2907
2908
2910
2912
2913
2913
2913
2916
2916
2917
2918
2918
2920
2920
2921
2922
2923
2924
2925
2926
2928
2928
2929
2931
2932
2933
2934
2935
2936
2937
2939
2939
2939
2942
2942
2944
2944
2945
2946
2947
2948
2948
2950
2951
2953
2954
2955
2956
2956
2957
2958
2960
2961
2961
2961
2963
2963
2966
2967
2967
2967
2970
2970
2971
2972
2973
2974
2975
2976
2978
2978
2979
2979
2980
2981
2982
2983
2986
2986
2987
2989
2989
2990
2990
2991
2992
2995
2995
2996
2996
2997
3000
3001
3001
3003
3003
3004
3005
3006
3007
3008
3008
3009
3010
3011
3012
3013
3015
3016
3017
3017
3019
3020
3021
3022
3024
3025
3025
3026
3027
3029
3029
3030
3031
3033
3033
3034
3035
3036
3037
3037
3039
3041
3042
3043
3043
3044
3044
3045
3047
3047
3050
3050
3051
3052
3054
3054
3055
3056
3057
3058
3060
3060
3060
3062
3062
3064
3065
3066
3068
3068
3070
3070
3070
3073
3073
3074
3075
3076
3077
3079
3080
3080
3081
3082
3082
3084
3084
3086
3088
3089
3090
3090
3090
3092
3092
3095
3095
3096
3096
3097
3098
3099
3102
3102
3102
3104
3104
3107
3108
3109
3109
3110
3112
3112
3112
3114
3115
3116
3117
3118
3119
3120
3121
3122
3124
3125
3125
3126
3128
3129
3129
3130
3131
3132
3133
3134
3136
3136
3137
3138
3139
3139
3140
3142
3143
3144
3145
3145
3148
3148
3149
3149
3152
3153
3154
3154
3155
3156
3158
3158
3158
3160
3161
3162
3162
3163
3165
3166
3167
3168
3168
3169
3171
3172
3172
3174
3174
3175
3178
3178
3178
3180
3180
3182
3182
3184
3185
3185
3186
3188
3189
3190
3191
3193
3193
3195
3195
3195
3196
3197
3198
3200
3202
3202
3203
3203
3205
3206
3208
3208
3210
3210
3211
3212
3214
3214
3215
3215
3217
3217
3218
3221
3221
3221
3222
3223
3225
3225
3228
3229
3229
3229
3230
3232
3233
3234
3234
3235
3236
3237
3240
3240
3242
3242
3242
3244
3244
3245
3246
3248
3250
3250
3251
3253
3254
3254
3255
3257
3257
3259
3260
3261
3261
3262
3262
3263
3264
3266
3267
3268
3269
3269
3270
3272
3272
3273
3275
3276
3276
3277
3280
3281
3282
3282
3284
3285
3285
3287
3288
3288
3288
3289
3291
3293
3293
3294
3295
3295
3298
3299
3299
3300
3301
3301
3304
3304
3306
3307
3307
3307
3308
3310
3311
3312
3312
3314
3315
3316
3317
3317
3318
3320
3321
3321
3324
3324
3324
3326
3327
3327
3329
3330
3332
3332
3334
3334
3334
3336
3338
3339
3339
3340
3341
3342
3343
3344
3345
3347
3347
3349
3350
3350
3352
3352
3353
3353
3354
3355
3358
3358
3358
3359
3362
3362
3363
3363
3365
3366
3368
3369
3369
3370
3370
3372
3372
3375
3375
3376
3378
3378
3379
3381
3381
3382
3384
3384
3385
3385
3387
3388
3390
3390
3390
3391
3394
3394
3395
3395
3397
3397
3399
3400
3401
3402
3403
3404
3405
3406
3407
3409
3410
3410
3410
3412
3412
3413
3414
3416
3417
3417
3419
3420
3421
3421
3424
3424
3425
3425
3426
3428
3429
3430
3430
3431
3433
3434
3436
3436
3437
3437
3439
3439
3441
3441
3443
3444
3445
3445
3448
3449
3449
3450
3452
3452
3453
3454
3454
3456
3457
3457
3458
3460
3460
3462
3462
3465
3465
3466
3467
3469
3469
3470
3472
3472
3473
3474
3475
3476
3477
3477
3478
3481
3481
3482
3483
3485
3486
3487
3487
3489
3490
3490
3490
3492
3494
3494
3495
3496
3497
3498
3499
3501
3502
3502
3502
3504
3505
3506
3507
3507
3509
3510
3511
3511
3514
3514
3514
3515
3516
3518
3519
3519
3522
3522
3523
3524
3525
3526
3527
3529
3530
3531
3531
3531
3532
3535
3536
3537
3537
3539
3539
3540
3541
3543
3544
3544
3545
3545
3548
3549
3550
3550
3551
3553
3553
3554
3555
3556
3557
3558
3559
3560
3560
3562
3562
3564
3565
3567
3568
3568
3569
3570
3571
3573
3574
3574
3575
3575
3576
3578
3579
3580
3581
3582
3582
3583
3584
3585
3587
3587
3589
3591
3591
3593
3594
3594
3595
3596
3598
3598
3599
3600
3600
3602
3603
3604
3604
3605
3606
3608
3609
3609
3610
3611
3612
3614
3615
3616
3618
3619
3620
3621
3622
3622
3623
3624
3625
3626
3627
3627
3629
3629
3630
3633
3634
3634
3636
3636
3637
3638
3639
3640
3641
3642
3643
3644
3646
3646
3647
3649
3649
3650
3651
3652
3654
3655
3656
3656
3657
3658
3658
3660
3660
3662
3664
3664
3665
3666
3666
3668
3669
3670
3671
3672
3673
3674
3676
3676
3677
3678
3678
3680
3681
3683
3683
3684
3684
3686
3686
3687
3690
3690
3691
3692
3693
3694
3694
3696
3696
3698
3698
3699
3702
3703
3703
3705
3706
3706
3706
3707
3710
3710
3712
3713
3713
3713
3714
3717
3717
3719
3719
3719
3721
3721
3722
3724
3725
3726
3726
3727
3730
3730
3731
3732
3734
3734
3735
3736
3737
3739
3739
3739
3741
3743
3743
3744
3745
3746
3746
3747
3748
3749
3750
3753
3753
3754
3755
3756
3757
3758
3759
3759
3760
3762
3763
3764
3764
3765
3767
3768
3769
3771
3771
3771
3773
3773
3776
3776
3777
3777
3778
3779
3781
3781
3783
3784
3785
3786
3786
3788
3789
3790
3790
3793
3793
3795
3796
3797
3798
3798
3800
3801
3801
3801
3802
3803
3805
3807
3808
3808
3809
3811
3811
3812
3813
3814
3815
3816
3818
3818
3819
3820
3820
3822
3822
3825
3826
3827
3828
3828
3828
3829
3832
3832
3834
3834
3835
3836
3837
3838
3838
3839
3842
3843
3843
3844
3846
3847
3847
3849
3849
3850
3850
3852
3853
3854
3855
3856
3858
3858
3859
3860
3861
3863
3864
3865
3865
3866
3867
3867
3870
3870
3871
3872
3873
3874
3875
3875
3876
3879
3879
3879
3882
3882
3883
3883
3885
3885
3887
3887
3889
3891
3891
3892
3893
3893
3895
3895
3897
3899
3899
3900
3901
3902
3903
3904
3905
3906
3907
3909
3910
3911
3911
3912
3912
3913
3915
3916
3918
3919
3919
3920
3921
3921
3922
3925
3925
3926
3927
3927
3928
3931
3931
3932
3933
3934
3935
3937
3938
3938
3939
3939
3941
3942
3942
3944
3944
3947
3948
3949
3949
3949
3951
3951
3953
3954
3955
3956
3956
3958
3960
3961
3962
3962
3963
3963
3966
3967
3967
3968
3969
3970
3970
3972
3973
3974
3975
3976
3976
3978
3978
3979
3981
3981
3983
3983
3985
3986
3987
3987
3989
3990
3990
3992
3993
3995
3995
3996
3997
3999
4000
4000
4002
4003
4003
4003
4004
4005
4006
4007
4010
4010
4011
4012
4013
4014
4015
4016
4016
4019
4019
4020
4022
4022
4023
4024
4024
4026
4026
4027
4028
4029
4031
4033
4033
4034
4035
4035
4036
4037
4039
4040
4041
4042
4042
4044
4045
4045
4047
4048
4048
4050
4050
4051
4052
4053
4055
4056
4057
4057
4058
4059
4061
4061
4062
4064
4066
4066
4067
4069
4070
4071
4072
4072
4073
4073
4074
4075
4078
4078
4078
4081
4082
4083
4083
4084
4085
4087
4087
4088
4088
4089
4091
4092
4092
4095
4096
4096
4097
4098
4098
4099
4102
4102
4102
4104
4105
4106
4106
4109
4110
4111
4112
4113
4113
4113
4115
4116
4117
4117
4118
4119
4120
4121
4123
4124
4124
4125
4127
4128
4128
4130
4131
4132
4132
4134
4135
4137
4137
4138
4138
4139
4140
4142
4143
4143
4145
4146
4147
4148
4148
4151
4152
4152
4152
4155
4155
4157
4158
4158
4159
4159
4161
4161
4163
4164
4165
4166
4168
4169
4169
4170
4170
4171
4172
4174
4174
4176
4178
4179
4179
4180
4182
4182
4182
4185
4185
4186
4187
4188
4188
4189
4191
4192
4193
4193
4196
4196
4197
4198
4200
4200
4201
4201
4203
4205
4205
4205
4207
4208
4208
4210
4210
4212
4213
4213
4215
4216
4216
4218
4220
4221
4221
4222
4223
4223
4225
4226
4226
4228
4228
4229
4231
4232
4233
4233
4236
4236
4236
4239
4240
4240
4241
4242
4243
4244
4244
4245
4247
4248
4249
4251
4251
4252
4254
4254
4255
4256
4257
4257
4258
4260
4261
4261
4263
4264
4266
4267
4268
4268
4269
4270
4271
4272
4273
4274
4275
4277
4277
4279
4279
4281
4282
4282
4283
4285
4285
4286
4288
4288
4289
4291
4292
4292
4292
4294
4295
4295
4297
4298
4298
4300
4300
4302
4303
4303
4304
4305
4307
4308
4310
4311
4311
4311
4314
4314
4315
4316
4317
4319
4320
4321
4321
4323
4323
4324
4326
4326
4327
4327
4328
4329
4330
4332
4333
4334
4335
4337
4337
4339
4339
4341
4341
4342
4342
4345
4345
4346
4347
4349
4349
4351
4351
4351
4352
4353
4356
4356
4358
4358
4359
4359
4362
4362
4362
4364
4366
4367
4368
4369
4370
4370
4371
4371
4373
4373
4376
4377
4377
4377
4378
4381
4381
4382
4383
4384
4384
4386
4387
4388
4390
4390
4390
4391
4393
4395
4395
4396
4397
4398
4398
4400
4401
4402
4402
4404
4405
4406
4408
4409
4409
4409
4410
4413
4413
4413
4414
4416
4416
4419
4419
4420
4421
4422
4423
4424
4425
4427
4427
4428
4429
4429
4431
4431
4433
4434
4436
4436
4437
4437
4438
4440
4441
4442
4443
4444
4445
4446
4446
4448
4450
4451
4451
4452
4453
4454
4455
4457
4457
4458
4458
4459
4460
4462
4463
4464
4465
4466
4467
4468
4468
4469
4470
4473
4474
4474
4476
4476
4478
4479
4480
4480
4481
4481
4484
4485
4485
4486
4487
4488
4489
4490
4492
4492
4492
4494
4494
4496
4497
4498
4499
4500
4500
4501
4503
4504
4506
4507
4508
4509
4509
4510
4512
4512
4513
4513
4514
4515
4517
4518
4519
4520
4521
4521
4523
4525
4525
4526
4527
4529
4530
4531
4531
4533
4533
4533
4534
4537
4537
4538
4538
4541
4542
4543
4543
4543
4545
4546
4546
4549
4549
4549
4551
4552
4553
4555
4555
4556
4556
4558
4558
4561
4561
4562
4564
4564
4566
4567
4568
4569
4569
4570
4571
4572
4573
4574
4576
4576
4577
4578
4579
4580
4581
4581
4583
4584
4585
4585
4587
4587
4589
4591
4592
4592
4593
4595
4596
4597
4597
4597
4600
4600
4601
4602
4603
4604
4604
4606
4607
4608
4610
4611
4611
4612
4613
4614
4614
4616
4617
4618
4619
4620
4620
4621
4622
4623
4624
4626
4626
4629
4630
4630
4632
4632
4633
4633
4635
4636
4637
4638
4640
4641
4641
4643
4643
4644
4644
4646
4647
4648
4649
4649
4650
4651
4653
4654
4654
4656
4658
4658
4659
4660
4662
4662
4663
4665
4665
4667
4668
4668
4669
4670
4671
4672
4673
4674
4675
4676
4676
4677
4679
4681
4681
4683
4683
4684
4685
4686
4686
4687
4690
4690
4692
4693
4694
4694
4696
4696
4697
4698
4699
4700
4701
4702
4704
4705
4706
4706
4707
4707
4709
4711
4712
4712
4714
4714
4716
4716
4717
4718
4718
4721
4722
4722
4723
4724
4725
4726
4727
4727
4730
4731
4731
4733
4733
4735
4736
4736
4736
4738
4739
4741
4741
4741
4743
4743
4746
4746
4747
4749
4750
4750
4751
4752
4753
4755
4756
4757
4758
4759
4759
4760
4761
4762
4762
4765
4765
4766
4767
4768
4769
4771
4771
4771
4772
4773
4776
4777
4777
4778
4779
4779
4782
4782
4784
4785
4786
4786
4787
4787
4788
4791
4791
4792
4793
4793
4795
4797
4798
4798
4799
4800
4801
4801
4802
4804
4805
4807
4807
4807
4808
4811
4811
4813
4814
4815
4815
4816
4817
4817
4819
4819
4821
4823
4824
4824
4824
4827
4827
4828
4829
4831
4831
4833
4833
4833
4835
4836
4838
4839
4840
4841
4842
4842
4843
4844
4845
4846
4846
4847
4850
4850
4851
4853
4853
4854
4855
4856
4856
4858
4858
4860
4860
4861
4862
4863
4865
4866
4867
4869
4870
4870
4870
4873
4873
4874
4876
4876
4877
4878
4879
4880
4881
4881
4883
4884
4885
4885
4888
4888
4889
4889
4890
4892
4892
4894
4896
4897
4897
4897
4899
4899
4900
4901
4903
4904
4905
4907
4908
4908
4910
4910
4911
4911
4913
4913
4916
4916
4918
4919
4920
4920
4922
4922
4924
4924
4926
4926
4927
4927
4929
4931
4931
4933
4934
4935
4935
4935
4936
4939
4939
4940
4941
4941
4943
4944
4945
4947
4947
4948
4948
4949
4952
4952
4953
4954
4955
4956
4957
4957
4960
4960
4961
4962
4962
4964
4965
4966
4966
4969
4969
4971
4971
4972
4973
4973
4975
4977
4977
4979
4979
4980
4980
4982
4983
4984
4985
4986
4987
4988
4988
4989
4991
4992
4992
4994
4995
4995
4996
4997
4998
4999
5000
5002
5004
5005
5006
5006
5006
5008
5010
5011
5011
5012
5013
5014
5015
5016
5017
5019
5019
5020
5022
5022
5022
5024
5024
5026
5027
5027
5028
5030
5031
5032
5033
5034
5034
5035
5036
5037
5040
5040
5040
5041
5044
5045
5045
5047
5048
5048
5049
5049
5051
5052
5052
5054
5055
5055
5056
5058
5059
5060
5061
5061
5064
5064
5065
5066
5066
5069
5069
5070
5070
5072
5073
5074
5075
5077
5078
5079
5079
5079
5082
5082
5083
5084
5084
5086
5087
5088
5089
5090
5092
5092
5092
5095
5095
5096
5097
5098
5099
5101
5101
5101
5104
5104
5105
5106
5107
5108
5110
5111
5111
5113
5113
5115
5116
5116
5116
5119
5119
5120
5121
5121
5122
5123
5124
5126
5127
5128
5128
5129
5130
5132
5132
5135
5136
5136
5137
5138
5139
5140
5141
5142
5142
5145
5146
5147
5148
5149
5150
5150
5152
5152
5153
5155
5155
5156
5156
5158
5159
5160
5162
5163
5163
5164
5165
5166
5166
5169
5169
5169
5170
5172
5173
5174
5176
5176
5177
5178
5178
5181
5181
5182
5183
5184
5185
5185
5188
5189
5189
5190
5191
5192
5194
5194
5195
5195
5197
5198
5199
5201
5202
5203
5204
5204
5204
5206
5207
5208
5208
5210
5211
5213
5213
5214
5215
5217
5217
5217
5220
5220
5221
5223
5224
5225
5225
5226
5227
5228
5229
5231
5232
5233
5233
5233
5234
5237
5237
5239
5239
5240
5241
5241
5242
5245
5246
5246
5247
5249
5249
5251
5251
5253
5254
5254
5255
5257
5257
5258
5258
5259
5261
5262
5263
5264
5265
5266
5267
5268
5268
5271
5272
5272
5273
5273
5276
5277
5277
5277
5278
5280
5282
5283
5283
5283
5285
5287
5288
5289
5289
5290
5291
5291
5293
5294
5295
5296
5297
5297
5298
5300
5301
5302
5304
5304
5305
5305
5306
5308
5309
5310
5312
5312
5312
5314
5315
5316
5317
5317
5318
5321
5321
5322
5324
5324
5324
5325
5327
5328
5329
5330
5331
5333
5334
5334
5334
5335
5338
5339
5339
5341
5341
5342
5344
5344
5345
5345
5348
5348
5348
5349
5350
5351
5354
5354
5356
5357
5357
5357
5359
5361
5361
5361
5363
5364
5365
5366
5367
5368
5368
5371
5371
5371
5372
5374
5375
5377
5378
5378
5379
5379
5380
5381
5382
5383
5384
5386
5388
5389
5389
5390
5392
5392
5393
5394
5395
5396
5398
5399
5399
5399
5401
5402
5403
5404
5405
5406
5407
5409
5409
5410
5411
5412
5412
5414
5415
5416
5418
5418
5419
5421
5421
5423
5424
5424
5425
5425
5428
5428
5428
5430
5431
5432
5434
5435
5436
5437
5437
5438
5438
5440
5441
5442
5443
5444
5446
5446
5448
5449
5450
5450
5452
5453
5453
5454
5456
5456
5458
5459
5460
5461
5461
5462
5463
5464
5465
5467
5468
5468
5469
5470
5471
5472
5473
5474
5475
5476
5477
5479
5479
5480
5481
5481
5482
5484
5486
5486
5488
5489
5489
5490
5492
5492
5493
5493
5495
5496
5498
5498
5499
5499
5502
5502
5504
5504
5505
5507
5507
5509
5509
5510
5511
5512
5513
5513
5515
5516
5517
5518
5518
5521
5522
5522
5523
5524
5524
5526
5527
5528
5529
5530
5530
5531
5533
5534
5535
5535
5536
5539
5539
5540
5542
5542
5542
5544
5545
5546
5547
5548
5550
5550
5551
5551
5552
5553
5554
5556
5557
5558
5558
5560
5561
5562
5563
5563
5565
5566
5566
5567
5568
5570
5571
5572
5572
5573
5576
5576
5576
5579
5580
5580
5581
5582
5582
5584
5585
5587
5587
5587
5589
5591
5592
5592
5593
5593
5596
5596
5598
5598
5599
5600
5601
5602
5603
5605
5606
5607
5607
5609
5609
5610
5611
5612
5613
5613
5615
5616
5616
5618
5618
5619
5622
5622
5623
5624
5625
5625
5626
5627
5629
5630
5631
5631
5632
5633
5636
5637
5637
5637
5638
5640
5641
5642
5643
5645
5645
5646
5647
5648
5650
5651
5651
5651
5652
5653
5654
5655
5657
5659
5659
5660
5661
5661
5662
5663
5665
5667
5668
5669
5670
5671
5671
5672
5673
5674
5676
5676
5677
5677
5678
5679
5681
5682
5683
5684
5685
5686
5686
5687
5689
5690
5692
5692
5692
5693
5694
5697
5698
5698
5699
5699
5700
5701
5703
5705
5706
5707
5707
5708
5709
5711
5711
5712
5714
5714
5716
5716
5718
5718
5718
5719
5720
5722
5722
5724
5725
5726
5727
5728
5729
5731
5732
5732
5734
5734
5734
5735
5737
5738
5739
5740
5741
5741
5743
5744
5744
5746
5746
5748
5749
5750
5752
5752
5753
5755
5755
5756
5757
5759
5759
5759
5761
5761
5762
5764
5765
5765
5768
5768
5769
5771
5771
5772
5773
5774
5774
5776
5778
5779
5779
5780
5780
5781
5783
5783
5785
5786
5787
5788
5789
5790
5792
5792
5793
5794
5795
5795
5798
5798
5800
5801
5802
5802
5804
5804
5805
5806
5806
5808
5808
5809
5811
5812
5813
5814
5816
5816
5816
5817
5820
5820
5821
5823
5823
5823
5826
5826
5827
5828
5830
5830
5832
5832
5833
5833
5836
5836
5837
5839
5839
5840
5841
5842
5843
5844
5845
5846
5847
5848
5850
5851
5851
5851
5854
5855
5856
5857
5858
5858
5860
5861
5861
5862
5864
5864
5866
5867
5868
5868
5869
5871
5871
5873
5874
5874
5875
5877
5877
5879
5879
5880
5881
5881
5882
5884
5885
5886
5887
5889
5889
5889
5891
5892
5894
5895
5895
5897
5897
5898
5899
5899
5902
5903
5904
5904
5905
5906
5906
5909
5909
5910
5911
5911
5912
5914
5916
5916
5918
5918
5920
5920
5921
5921
5923
5925
5925
5925
5927
5929
5929
5931
5931
5932
5933
5933
5935
5936
5937
5937
5938
5940
5940
5943
5943
5944
5946
5946
5947
5948
5950
5950
5951
5952
5954
5954
5954
5956
5958
5958
5959
5960
5960
5961
5963
5965
5965
5966
5966
5967
5969
5970
5971
5972
5972
5973
5975
5976
5976
5977
5978
5979
5981
5982
5982
5983
5985
5986
5986
5987
5988
5989
5990
5992
5993
5995
5995
5997
5997
5997
5998
6001
6001
6002
6002
6005
6006
6006
6007
6008
6008
6009
6012
6013
6013
6015
6016
6016
6016
6018
6019
6021
6021
6022
6024
6024
6025
6026
6026
6028
6030
6031
6031
6032
6033
6033
6036
6037
6037
6039
6039
6040
6041
6042
6044
6045
6045
6047
6047
6047
6050
6051
6051
6052
6053
6053
6054
6056
6056
6057
6059
6061
6061
6062
6063
6064
6065
6066
6067
6068
6068
6070
6070
6072
6073
6074
6074
6075
6078
6079
6079
6081
6082
6082
6083
6084
6084
6085
6087
6088
6088
6090
6091
6092
6094
6095
6095
6096
6096
6097
6099
6100
6101
6102
6103
6104
6104
6106
6107
6108
6109
6109
6111
6111
6112
6113
6114
6117
6118
6118
6118
6119
6122
6123
6123
6124
6125
6126
6127
6129
6129
6130
6131
6132
6132
6134
6134
6135
6137
6137
6139
6141
6142
6143
6144
6144
6144
6147
6147
6148
6149
6149
6151
6152
6152
6154
6155
6157
6157
6157
6160
6160
6161
6161
6164
6164
6165
6167
6167
6168
6168
6170
6171
6172
6173
6174
6175
6176
6177
6178
6179
6181
6182
6183
6184
6184
6186
6186
6188
6189
6190
6191
6191
6191
6192
6193
6195
6195
6197
6199
6200
6200
6202
6202
6203
6204
6205
6206
6208
6208
6210
6210
6212
6212
6214
6214
6214
6217
6217
6218
6218
6220
6221
6221
6223
6224
6225
6226
6227
6228
6229
6229
6231
6233
6234
6234
6234
6237
6237
6238
6239
6239
6241
6241
6242
6245
6245
6246
6247
6249
6249
6249
6252
6253
6253
6254
6255
6257
6257
6257
6260
6260
6261
6263
6263
6264
6265
6266
6267
6267
6269
6270
6272
6272
6273
6273
6274
6276
6276
6278
6278
6280
6281
6283
6284
6284
6285
6285
6287
6287
6289
6289
6292
6293
6293
6294
6295
6297
6297
6297
6298
6301
6302
6303
6303
6305
6306
6306
6307
6308
6308
6311
6311
6312
6314
6314
6315
6315
6317
6318
6319
6321
6321
6322
6323
6324
6324
6327
6327
6329
6329
6329
6330
6331
6334
6334
6335
6335
6336
6338
6339
6340
6340
6341
6343
6344
6345
6345
6347
6348
6350
6350
6350
6352
6353
6354
6354
6356
6357
6359
6360
6360
6361
6363
6363
6365
6366
6366
6367
6367
6368
6370
6371
6371
6373
6374
6374
6376
6376
6378
6379
6379
6380
6382
6383
6385
6385
6386
6387
6389
6389
6391
6391
6392
6394
6394
6395
6397
6397
6399
6399
6401
6402
6402
6403
6403
6404
6406
6406
6409
6409
6411
6412
6413
6413
6414
6415
6417
6417
6418
6419
6420
6422
6422
6423
6423
6424
6425
6426
6429
6430
6430
6431
6432
6434
6435
6435
6436
6437
6438
6438
6440
6441
6442
6443
6444
6446
6447
6447
6448
6450
6450
6450
6451
6453
6453
6454
6456
6458
6459
6460
6460
6460
6463
6464
6464
6465
6465
6468
6468
6469
6470
6471
6472
6473
6474
6474
6475
6478
6479
6479
6480
6480
6482
6482
6484
6484
6485
6487
6488
6489
6489
6491
6492
6494
6494
6495
6496
6498
6498
6498
6499
6502
6502
6503
6504
6505
6505
6507
6508
6509
6510
6511
6512
6512
6514
6515
6516
6517
6518
6518
6520
6521
6523
6524
6524
6525
6527
6528
6529
6530
6530
6532
6532
6534
6535
6536
6536
6537
6539
6539
6540
6540
6541
6544
6545
6546
6546
6546
6548
6549
6549
6552
6552
6553
6554
6555
6556
6557
6558
6559
6560
6561
6562
6563
6564
6565
6567
6567
6567
6568
6570
6572
6572
6572
6574
6575
6575
6577
6579
6579
6580
6581
6582
6583
6583
6585
6587
6588
6589
6589
6590
6591
6592
6594
6594
6595
6595
6596
6598
6598
6600
6601
6602
6602
6605
6605
6606
6606
6607
6608
6611
6611
6612
6613
6614
6615
6616
6616
6618
6619
6620
6621
6623
6623
6624
6625
6626
6628
6628
6628
6629
6632
6632
6632
6634
6635
6635
6637
6639
6639
6640
6641
6643
6643
6644
6645
6645
6647
6648
6649
6650
6651
6652
6653
6655
6655
6656
6656
6658
6659
6660
6661
6661
6663
6664
6665
6667
6667
6669
6669
6670
6671
6672
6673
6674
6676
6677
6677
6678
6679
6681
6682
6682
6684
6685
6686
6687
6687
6688
6688
6690
6692
6692
6694
6694
6695
6695
6696
6699
6699
6699
6701
6702
6702
6704
6705
6707
6707
6709
6709
6709
6712
6712
6714
6714
6715
6715
6717
6718
6718
6720
6721
6721
6723
6724
6726
6727
6727
6729
6729
6731
6732
6732
6733
6734
6734
6735
6736
6738
6738
6741
6742
6743
6743
6744
6744
6745
6747
6748
6749
6749
6752
6753
6754
6754
6756
6757
6757
6758
6760
6760
6762
6762
6763
6764
6764
6766
6767
6767
6768
6770
6771
6771
6773
6774
6776
6776
6776
6778
6778
6780
6780
6781
6783
6784
6785
6787
6787
6788
6790
6790
6791
6792
6792
6794
6795
6796
6797
6798
6798
6801
6802
6803
6803
6803
6804
6806
6806
6809
6809
6811
6811
6813
6814
6814
6815
6816
6816
6817
6818
6820
6821
6821
6823
6823
6824
6827
6827
6827
6830
6830
6831
6831
6834
6834
6835
6836
6836
6837
6840
6840
6840
6843
6843
6844
6845
6846
6847
6848
6850
6851
6851
6852
6854
6855
6856
6856
6856
6859
6860
6860
6862
6862
6864
6864
6866
6866
6867
6869
6870
6871
6871
6871
6872
6874
6876
6877
6877
6878
6879
6880
6882
6883
6883
6884
6885
6886
6888
6888
6888
6891
6891
6892
6894
6895
6895
6896
6896
6898
6898
6900
6902
6902
6903
6903
6905
6906
6906
6908
6908
6910
6910
6912
6912
6914
6914
6917
6917
6917
6918
6920
6920
6922
6923
6924
6926
6926
6926
6927
6929
6929
6930
6932
6932
6934
6936
6936
6937
6938
6939
6941
6941
6941
6943
6944
6945
6946
6947
6948
6949
6950
6950
6951
6954
6954
6955
6955
6958
6959
6959
6960
6962
6963
6963
6963
6964
6965
6967
6967
6968
6969
6972
6972
6973
6975
6975
6975
6977
6978
6979
6980
6981
6982
6982
6983
6986
6986
6987
6989
6989
6990
6991
6993
6993
6993
6995
6996
6997
6998
6999
6999
7002
7002
7003
7005
7006
7006
7007
7008
7008
7010
7011
7012
7013
7014
7015
7015
7016
7018
7018
7019
7020
7021
7022
7024
7025
7026
7026
7027
7029
7030
7031
7033
7034
7034
7035
7035
7036
7037
7039
7040
7040
7042
7043
7043
7046
7047
7047
7047
7048
7051
7052
7053
7053
7055
7055
7057
7057
7058
7058
7061
7062
7062
7063
7065
7065
7065
7066
7069
7069
7070
7070
7073
7074
7075
7075
7076
7078
7078
7079
7080
7081
7083
7083
7083
7085
7087
7087
7089
7089
7090
7090
7091
7092
7095
7095
7097
7097
7097
7099
7100
7101
7101
7102
7104
7105
7106
7107
7108
7108
7109
7112
7113
7113
7114
7116
7116
7116
7119
7119
7120
7121
7121
7123
7123
7124
7126
7128
7129
7129
7130
7131
7131
7134
7134
7135
7136
7136
7137
7139
7140
7141
7142
7142
7143
7144
7147
7148
7149
7149
7149
7151
7152
7152
7153
7154
7156
7158
7158
7158
7159
7161
7163
7163
7164
7165
7165
7166
7169
7169
7170
7171
7172
7172
7173
7175
7176
7177
7178
7178
7179
7180
7182
7182
7183
7185
7186
7186
7187
7190
7190
7191
7191
7193
7193
7194
7196
7198
7199
7199
7201
7201
7202
7202
7204
7206
7206
7207
7208
7209
7210
7210
7212
7212
7213
7215
7216
7217
7219
7219
7220
7221
7221
7223
7225
7225
7226
7228
7228
7230
7230
7231
7232
7233
7233
7234
7236
7236
7237
7240
7241
7241
7243
7244
7244
7246
7247
7247
7247
7249
7250
7250
7251
7253
7253
7256
7257
7257
7258
7260
7260
7262
7262
7264
7265
7265
7266
7267
7268
7269
7269
7272
7272
7273
7275
7276
7276
7278
7278
7278
7280
7281
7283
7283
7284
7285
7285
7286
7289
7289
7289
7291
7292
7293
7294
7295
7296
7297
7298
7299
7300
7301
7303
7303
7303
7304
7305
7306
7307
7310
7310
7311
7312
7312
7313
7314
7316
7317
7317
7319
7320
7321
7321
7324
7324
7325
7326
7327
7328
7329
7331
7331
7333
7333
7334
7336
7336
7337
7338
7339
7340
7340
7342
7343
7344
7345
7346
7347
7348
7349
7349
7351
7352
7352
7354
7356
7356
7357
7357
7360
7360
7361
7362
7363
7364
7364
7367
7367
7369
7369
7369
7372
7372
7374
7374
7375
7376
7377
7378
7378
7380
7380
7381
7383
7384
7384
7387
7388
7388
7388
7390
7391
7392
7394
7395
7395
7396
7397
7398
7398
7400
7401
7401
7403
7404
7405
7406
7406
7408
7408
7409
7411
7411
7414
7414
7415
7416
7416
7417
7418
7421
7422
7422
7422
7423
7424
7425
7427
7427
7428
7430
7430
7433
7433
7433
7434
7435
7436
7439
7439
7440
7441
7442
7444
7444
7446
7447
7448
7448
7448
7451
7451
7452
7452
7455
7456
7457
7458
7458
7458
7459
7460
7463
7464
7464
7464
7467
7467
7467
7469
7470
7471
7472
7474
7475
7475
7477
7477
7477
7480
7480
7481
7482
7483
7483
7485
7486
7487
7488
7489
7489
7491
7492
7493
7494
7495
7496
7496
7498
7498
7499
7500
7502
7504
7504
7505
7506
7506
7509
7509
7509
7510
7512
7513
7514
7515
7517
7517
7517
7519
7520
7521
7523
7523
7524
7524
7526
7526
7527
7530
7530
7530
7532
7532
7534
7535
7537
7538
7539
7539
7539
7540
7543
7543
7545
7545
7545
7546
7548
7549
7550
7551
7551
7554
7554
7555
7557
7557
7558
7559
7559
7560
7562
7564
7564
7566
7566
7567
7568
7568
7571
7571
7572
7573
7574
7575
7577
7577
7577
7578
7580
7580
7582
7583
7584
7584
7587
7587
7587
7588
7591
7591
7593
7593
7594
7594
7595
7597
7598
7600
7600
7600
7602
7604
7604
7604
7606
7608
7609
7610
7610
7611
7611
7613
7614
7615
7615
7618
7618
7619
7620
7622
7622
7624
7625
7625
7626
7626
7629
7629
7630
7631
7633
7633
7633
7635
7636
7638
7638
7639
7640
7640
7642
7643
7643
7644
7646
7646
7648
7649
7650
7650
7652
7653
7654
7656
7656
7656
7658
7659
7660
7661
7662
7662
7665
7665
7665
7667
7667
7668
7669
7670
7673
7673
7674
7674
7676
7676
7679
7680
7681
7681
7682
7683
7684
7684
7687
7688
7688
7689
7690
7691
7692
7693
7695
7695
7696
7696
7697
7700
7700
7702
7703
7703
7704
7704
7705
7706
7708
7709
7709
7710
7712
7713
7713
7715
7716
7717
7718
7720
7720
7721
7723
7723
7724
7725
7726
7727
7728
7729
7730
7732
7732
7733
7734
7736
7737
7737
7738
7740
7741
7741
7742
7744
7744
7744
7747
7747
7748
7749
7749
7750
7752
7754
7755
7755
7756
7756
7758
7759
7760
7761
7762
7763
7764
7766
7766
7767
7767
7769
7771
7771
7772
7773
7773
7774
7777
7777
7778
7780
7780
7780
7782
7783
7785
7785
7786
7787
7788
7789
7790
7791
7792
7793
7794
7795
7797
7797
7797
7798
7800
7801
7801
7804
7804
7804
7806
7807
7808
7809
7810
7810
7812
7813
7815
7815
7816
7817
7819
7819
7820
7821
7822
7823
7825
7825
7826
7827
7828
7830
7831
7831
7832
7832
7833
7835
7835
7836
7839
7839
7841
7841
7841
7842
7845
7846
7846
7847
7848
7850
7850
7851
7852
7854
7854
7855
7857
7857
7858
7859
7860
7862
7863
7864
7864
7864
7866
7867
7868
7870
7870
7872
7872
7873
7875
7875
7876
7877
7878
7878
7880
7881
7881
7883
7884
7885
7886
7886
7888
7888
7891
7891
7893
7894
7895
7896
7897
7897
7898
7898
7899
7900
7902
7903
7904
7905
7906
7907
7909
7909
7910
7911
7911
7912
7914
7916
7916
7917
7918
7920
7920
7920
7922
7922
7924
7925
7926
7927
7927
7929
7930
7932
7932
7933
7934
7935
7936
7937
7938
7938
7940
7942
7943
7943
7944
7944
7946
7947
7948
7948
7949
7950
7951
7952
7954
7955
7957
7957
7958
7959
7960
7960
7962
7963
7964
7965
7966
7966
7967
7969
7970
7971
7972
7974
7975
7976
7977
7978
7978
7979
7980
7982
7983
7983
7984
7985
7986
7986
7987
7989
7991
7991
7993
7994
7994
7994
7995
7996
7998
7999
8000
8001
8002
8003
8004
8005
8006
8008
8009
8009
8009
8010
8013
8014
8014
8015
8015
8018
8018
8018
8021
8021
8021
8023
8025
8026
8026
8028
8028
8028
8029
8031
8032
8034
8035
8036
8037
8038
8038
8039
8040
8040
8042
8043
8044
8045
8045
8046
8047
8049
8050
8050
8053
8053
8053
8055
8055
8058
8059
8060
8061
8061
8062
8063
8065
8066
8066
8066
8067
8068
8070
8071
8072
8073
8075
8075
8076
8077
8077
8078
8080
8081
8082
8083
8084
8085
8087
8087
8089
8089
8089
8090
8092
8093
8095
8095
8096
8096
8097
8100
8100
8101
8102
8104
8104
8105
8106
8107
8109
8109
8109
8110
8112
8112
8114
8115
8115
8116
8117
8119
8120
8121
8121
8124
8125
8125
8126
8128
8128
8129
8130
8131
8132
8132
8134
8135
8135
8136
8137
8139
8141
8142
8142
8143
8144
8145
8145
8147
8147
8148
8149
8150
8152
8153
8154
8154
8156
8157
8158
8159
8161
8161
8162
8163
8164
8165
8166
8168
8169
8170
8170
8172
8173
8173
8174
8175
8175
8177
8178
8180
8180
8182
8182
8183
8184
8185
8186
8187
8187
8189
8190
8190
8192
8193
8194
8194
8195
8196
8197
8198
8201
8202
8202
8204
8204
8206
8207
8208
8208
8208
8209
8211
8213
8213
8213
8214
8216
8217
8217
8218
8219
8220
8221
8222
8224
8224
8227
8227
8228
8228
8230
8231
8232
8233
8234
8235
8235
8237
8238
8239
8240
8241
8242
8243
8244
8245
8246
8247
8247
8250
8250
8251
8253
8253
8254
8256
8256
8257
8258
8258
8260
8262
8262
8263
8264
8265
8266
8267
8267
8269
8269
8271
8271
8273
8274
8275
8275
8277
8278
8278
8281
8282
8282
8283
8284
8285
8286
8286
8287
8288
8290
8291
8292
8292
8293
8295
8295
8296
8297
8299
8299
8302
8303
8304
8304
8306
8306
8306
8309
8309
8310
8311
8311
8312
8314
8314
8315
8316
8319
8320
8320
8322
8323
8324
8324
8325
8326
8328
8328
8329
8330
8331
8331
8333
8333
8335
8335
8336
8337
8338
8339
8340
8342
8343
8344
8345
8345
8347
8348
8349
8351
8352
8353
8353
8354
8355
8356
8356
8359
8359
8359
8360
8363
8363
8364
8364
8367
8367
8368
8368
8369
8371
8372
8373
8375
8375
8376
8377
8378
8380
8380
8380
8383
8383
8383
8385
8385
8387
8388
8389
8390
8391
8393
8394
8394
8395
8396
8398
8398
8399
8400
8401
8403
8403
8404
8405
8406
8408
8409
8409
8410
8411
8412
8413
8413
8414
8415
8417
8418
8419
8421
8421
8422
8424
8425
8425
8426
8428
8428
8428
8430
8431
8432
8432
8434
8434
8436
8437
8439
8439
8439
8441
8441
8444
8445
8445
8446
8447
8449
8449
8449
8450
8453
8454
8454
8456
8456
8457
8458
8458
8460
8460
8461
8462
8464
8466
8466
8466
8467
8468
8470
8470
8472
8473
8475
8475
8476
8477
8478
8480
8480
8481
8482
8484
8484
8485
8486
8486
8487
8489
8490
8490
8493
8494
8494
8495
8496
8497
8499
8499
8501
8501
8502
8502
8505
8506
8507
8508
8508
8508
8509
8512
8513
8513
8514
8514
8517
8517
8518
8519
8520
8522
8522
8523
8523
8525
8526
8526
8527
8529
8530
8531
8531
8532
8533
8536
8536
8537
8538
8539
8539
8540
8542
8543
8545
8545
8546
8547
8548
8549
8550
8550
8552
8553
8554
8555
8556
8557
8558
8560
8560
8561
8561
8562
8565
8565
8565
8567
8568
8568
8571
8571
8572
8572
8574
8576
8577
8577
8578
8578
8580
8581
8582
8584
8584
8586
8587
8587
8588
8589
8590
8591
8592
8594
8595
8595
8596
8597
8598
8598
8601
8601
8601
8603
8603
8604
8605
8607
8607
8609
8610
8611
8612
8613
8614
8615
8615
8617
8619
8620
8620
8622
8622
8622
8624
8626
8626
8626
8628
8628
8631
8631
8632
8632
8633
8635
8636
8637
8637
8638
8640
8641
8643
8644
8645
8645
8645
8646
8648
8648
8650
8651
8652
8654
8654
8655
8655
8656
8657
8658
8661
8661
8661
8663
8664
8666
8666
8667
8668
8670
8670
8671
8672
8673
8673
8675
8676
8676
8677
8679
8680
8680
8681
8682
8684
8685
8686
8686
8687
8689
8690
8691
8691
8692
8695
8695
8695
8697
8699
8699
8701
8701
8701
8702
8703
8704
8706
8706
8708
8709
8709
8711
8713
8713
8714
8715
8716
8717
8718
8719
8720
8721
8722
8723
8725
8725
8727
8728
8728
8729
8729
8731
8732
8732
8734
8735
8735
8738
8738
8740
8741
8742
8743
8743
8744
8744
8747
8747
8749
8749
8749
8751
8752
8753
8754
8756
8756
8757
8758
8758
8760
8762
8763
8763
8765
8765
8766
8766
8767
8769
8769
8771
8772
8774
8774
8774
8776
8776
8778
8780
8781
8781
8783
8783
8784
8784
8785
8788
8788
8789
8790
8791
8792
8792
8793
8795
8796
8798
8799
8800
8800
8801
8802
8804
8804
8805
8806
8807
8808
8809
8811
8811
8812
8812
8814
8815
8817
8817
8818
8819
8820
8821
8823
8823
8824
8824
8826
8827
8827
8828
8830
8831
8831
8832
8835
8836
8836
8837
8837
8839
8839
8841
8842
8843
8844
8844
8847
8848
8848
8849
8850
8851
8852
8853
8855
8856
8856
8857
8859
8860
8861
8861
8862
8862
8863
8866
8866
8867
8868
8869
8870
8871
8872
8874
8875
8875
8875
8876
8877
8878
8881
8881
8882
8883
8884
8885
8886
8887
8888
8888
8889
8891
8892
8893
8894
8896
8896
8897
8899
8899
8900
8900
8903
8903
8904
8905
8906
8908
8908
8909
8911
8911
8911
8914
8914
8915
8915
8917
8918
8919
8920
8921
8922
8922
8923
8925
8926
8927
8928
8928
8931
8931
8932
8933
8933
8936
8936
8936
8939
8940
8941
8942
8943
8944
8944
8945
8946
8947
8947
8948
8949
8951
8951
8953
8953
8954
8956
8958
8959
8960
8961
8961
8961
8963
8964
8965
8967
8967
8969
8970
8971
8971
8972
8972
8974
8974
8976
8977
8977
8980
8981
8981
8981
8982
8985
8985
8987
8988
8989
8989
8990
8991
8992
8992
8995
8995
8995
8997
8998
8998
9000
9002
9002
9004
9004
9005
9006
9006
9007
9008
9010
9012
9013
9013
9014
9014
9017
9017
9019
9019
9020
9021
9021
9023
9025
9025
9026
9027
9028
9029
9029
9031
9032
9033
9035
9035
9037
9037
9037
9038
9040
9041
9042
9043
9043
9046
9047
9048
9049
9049
9049
9052
9052
9052
9054
9056
9057
9057
9058
9059
9059
9062
9062
9063
9064
9064
9067
9068
9069
9069
9070
9072
9072
9073
9075
9076
9076
9077
9078
9079
9081
9082
9082
9083
9084
9085
9085
9087
9088
9089
9090
9091
9092
9093
9094
9095
9096
9096
9097
9098
9100
9101
9102
9104
9104
9104
9105
9108
9108
9109
9110
9110
9111
9113
9113
9115
9115
9117
9117
9119
9120
9120
9121
9123
9124
9125
9126
9127
9128
9128
9130
9132
9132
9132
9134
9135
9136
9137
9137
9138
9139
9142
9143
9143
9144
9145
9145
9147
9148
9148
9150
9151
9152
9153
9155
9155
9156
9157
9158
9159
9161
9161
9161
9163
9163
9165
9166
9166
9167
9169
9170
9171
9172
9172
9175
9176
9177
9178
9178
9179
9180
9181
9181
9183
9183
9184
9185
9187
9189
9189
9190
9191
9192
9193
9194
9194
9197
9198
9199
9200
9200
9202
9202
9204
9204
9206
9206
9207
9209
9209
9210
9211
9212
9213
9213
9215
9216
9217
9217
9219
9219
9220
9223
9223
9223
9224
9227
9227
9228
9228
9230
9231
9232
9233
9233
9234
9237
9237
9238
9239
9239
9241
9242
9242
9244
9245
9246
9246
9247
9248
9249
9252
9253
9253
9253
9254
9257
9258
9258
9260
9260
9261
9261
9264
9264
9264
9265
9267
9268
9269
9271
9272
9273
9273
9274
9275
9275
9276
9278
9278
9279
9281
9282
9283
9284
9284
9287
9287
9288
9290
9290
9291
9293
9293
9294
9295
9296
9298
9298
9298
9300
9300
9301
9302
9305
9305
9306
9307
9307
9310
9311
9311
9311
9312
9314
9315
9316
9317
9318
9320
9320
9322
9323
9324
9324
9325
9325
9326
9327
9329
9330
9331
9331
9333
9334
9336
9337
9337
9338
9340
9340
9340
9343
9343
9345
9346
9346
9348
9348
9349
9351
9351
9352
9353
9355
9355
9355
9357
9359
9359
9360
9362
9362
9362
9364
9365
9366
9366
9367
9369
9369
9372
9372
9373
9375
9376
9376
9377
9377
9378
9380
9381
9383
9383
9384
9385
9386
9386
9388
9388
9389
9391
9392
9392
9394
9395
9395
9397
9398
9398
9399
9400
9401
9404
9405
9405
9406
9407
9408
9409
9410
9411
9412
9413
9413
9416
9416
9416
9419
9420
9421
9422
9422
9424
9425
9425
9427
9428
9428
9429
9431
9431
9431
9433
9435
9436
9437
9437
9438
9439
9439
9440
9441
9443
9443
9444
9447
9447
9448
9448
9450
9451
9452
9453
9454
9454
9456
9457
9458
9459
9460
9461
9461
9463
9464
9465
9465
9466
9467
9468
9469
9471
9472
9473
9474
9475
9476
9478
9478
9478
9479
9481
9482
9484
9484
9485
9485
9486
9489
9489
9491
9491
9493
9493
9494
9494
9495
9498
9499
9499
9499
9501
9502
9503
9504
9506
9507
9507
9509
9509
9511
9511
9513
9513
9514
9515
9516
9517
9519
9519
9520
9522
9522
9522
9524
9524
9525
9527
9528
9530
9530
9531
9532
9532
9534
9536
9537
9538
9538
9539
9541
9542
9542
9543
9543
9546
9547
9548
9549
9549
9550
9550
9552
9552
9553
9556
9556
9557
9557
9560
9560
9560
9561
9563
9564
9565
9565
9567
9568
9570
9570
9571
9572
9573
9574
9575
9575
9578
9578
9579
9579
9581
9582
9584
9584
9585
9585
9588
9589
9589
9590
9592
9593
9593
9594
9595
9596
9597
9598
9600
9600
9601
9602
9603
9604
9606
9606
9607
9609
9610
9610
9610
9611
9613
9614
9616
9616
9616
9618
9619
9620
9620
9622
9622
9624
9625
9626
9626
9628
9628
9631
9631
9632
9632
9634
9636
9637
9637
9639
9639
9641
9642
9642
9642
9644
9645
9646
9647
9649
9649
9650
9652
9652
9653
9654
9654
9656
9657
9657
9659
9661
9661
9662
9663
9663
9666
9667
9667
9668
9669
9671
9671
9673
9673
9674
9675
9675
9676
9678
9679
9680
9680
9681
9683
9684
9685
9687
9687
9687
9689
9691
9691
9692
9693
9694
9696
9697
9697
9698
9699
9699
9700
9702
9703
9703
9705
9706
9707
9708
9709
9709
9711
9712
9712
9714
9715
9715
9717
9718
9719
9720
9721
9723
9723
9725
9725
9726
9726
9727
9728
9731
9731
9732
9734
9735
9736
9736
9737
9738
9739
9739
9740
9743
9743
9743
9746
9746
9747
9748
9748
9750
9750
9752
9754
9754
9754
9756
9756
9758
9759
9760
9762
9763
9763
9763
9765
9766
9767
9767
9769
9769
9771
9771
9772
9774
9775
9776
9777
9778
9778
9781
9782
9782
9783
9784
9786
9787
9788
9788
9789
9790
9791
9791
9792
9794
9795
9795
9796
9799
9799
9799
9800
9803
9803
9803
9806
9807
9807
9809
9809
9810
9811
9812
9813
9814
9814
9816
9816
9818
9819
9821
9822
9822
9822
9824
9824
9825
9827
9829
9829
9829
9831
9832
9833
9834
9836
9836
9837
9837
9838
9840
9841
9841
9843
9844
9846
9846
9846
9847
9848
9851
9852
9853
9854
9854
9855
9856
9857
9857
9860
9860
9861
9861
9863
9864
9864
9867
9867
9869
9869
9869
9870
9871
9872
9874
9876
9876
9877
9878
9878
9879
9881
9881
9884
9884
9884
9887
9887
9889
9890
9890
9891
9892
9893
9895
9895
9895
9896
9898
9899
9899
9901
9902
9903
9903
9905
9907
9907
9908
9909
9909
9910
9913
9914
9915
9916
9916
9917
9918
9919
9920
9922
9923
9923
9925
9926
9927
9927
9929
9930
9931
9932
9932
9933
9934
9935
9936
9938
9938
9940
9941
9941
9941
9942
9943
9945
9945
9948
9948
9950
9950
9951
9951
9952
9954
9954
9956
9957
9958
9958
9960
9960
9962
9963
9963
9964
9965
9966
9967
9968
9971
9971
9971
9973
9973
9974
9976
9976
9977
9978
9980
9981
9981
9984
9984
9984
9986
9987
9988
9989
9990
9992
9993
9993
9994
9995
9996
9996
9998
9999
10000
10001
10002
10004
10005
10005
10007
10007
10008
10010
10010
10011
10012
10014
10015
10016
10016
10016
10019
10019
10020
10021
10022
10022
10024
10025
10027
10027
10028
10028
10031
10031
10032
10034
10035
10035
10035
10037
10038
10039
10040
10040
10043
10043
10043
10046
10047
10047
10048
10049
10049
10052
10053
10053
10054
10055
10055
10057
10058
10059
10059
10062
10063
10063
10064
10065
10066
10067
10068
10068
10070
10072
10073
10074
10074
10075
10075
10077
10078
10080
10080
10080
10082
10082
10084
10085
10086
10087
10088
10088
10090
10091
10091
10093
10094
10094
10095
10096
10099
10100
10101
10102
10103
10103
10104
10106
10106
10107
10107
10108
10110
10110
10112
10114
10115
10116
10116
10117
10118
10119
10119
10121
10122
10124
10124
10124
10125
10127
10127
10130
10130
10130
10132
10133
10134
10135
10136
10137
10138
10139
10140
10140
10141
10143
10143
10146
10147
10148
10148
10149
10150
10151
10152
10153
10154
10154
10156
10156
10158
10159
10160
10161
10162
10163
10163
10166
10167
10167
10168
10169
10171
10171
10172
10172
10174
10175
10176
10177
10179
10179
10180
10181
10181
10183
10184
10184
10185
10187
10187
10188
10189
10191
10191
10194
10194
10195
10197
10197
10198
10199
10199
10201
10203
10203
10204
10205
10205
10206
10208
10209
10209
10210
10211
10212
10214
10216
10217
10218
10218
10219
10220
10221
10222
10223
10224
10224
10226
10227
10228
10228
10231
10231
10231
10233
10233
10234
10235
10238
10238
10240
10240
10241
10242
10243
10245
10246
10246
10246
10248
10249
10249
10251
10251
10253
10255
10255
10256
10257
10257
10259
10259
10261
10262
10263
10264
10266
10266
10267
10267
10268
10269
10271
10272
10274
10275
10275
10276
10277
10279
10280
10280
10281
10283
10283
10284
10285
10286
10286
10289
10289
10290
10291
10292
10293
10293
10295
10296
10297
10298
10299
10300
10301
10302
10303
10305
10305
10306
10307
10309
10310
10310
10311
10311
10312
10315
10316
10316
10316
10317
10319
10320
10321
10323
10323
10324
10325
10326
10327
10328
10328
10330
10331
10332
10334
10334
10335
10336
10337
10338
10339
10341
10341
10342
10342
10344
10346
10347
10348
10349
10349
10350
10351
10352
10353
10354
10355
10356
10357
10358
10358
10360
10361
10362
10362
10363
10366
10367
10368
10369
10369
10369
10371
10372
10373
10373
10375
10376
10376
10378
10379
10380
10382
10383
10384
10384
10385
10386
10386
10387
10390
10391
10391
10391
10392
10393
10395
10395
10396
10398
10398
10400
10401
10401
10402
10403
10406
10407
10407
10408
10408
10410
10411
10413
10414
10414
10415
10417
10417
10419
10419
10419
10422
10422
10424
10425
10425
10426
10427
10428
10429
10429
10430
10431
10432
10435
10436
10437
10438
10438
10439
10441
10441
10442
10443
10445
10445
10447
10447
10447
10449
10450
10450
10452
10453
10454
10454
10456
10457
10458
10458
10461
10461
10462
10463
10463
10464
10467
10468
10469
10469
10471
10471
10471
10473
10474
10474
10476
10477
10478
10479
10480
10480
10483
10483
10485
10486
10486
10487
10488
10490
10490
10491
10491
10493
10494
10494
10495
10497
10498
10498
10500
10500
10503
10504
10505
10506
10507
10507
10507
10509
10510
10511
10512
10513
10513
10514
10516
10517
10518
10518
10520
10520
10522
10523
10523
10524
10525
10528
10528
10529
10529
10531
10532
10534
10534
10535
10537
10537
10537
10539
10540
10540
10542
10543
10543
10545
10545
10547
10548
10548
10550
10550
10551
10553
10554
10555
10557
10557
10559
10560
10560
10561
10562
10562
10563
10565
10566
10567
10567
10568
10571
10571
10572
10573
10573
10575
10576
10578
10578
10579
10580
10581
10582
10582
10584
10584
10586
10588
10588
10589
10589
10591
10591
10592
10593
10596
10597
10597
10597
10599
10599
10601
10602
10603
10604
10604
10607
10607
10608
10609
10611
10611
10612
10614
10615
10615
10617
10617
10619
10620
10620
10620
10621
10622
10625
10625
10626
10627
10627
10629
10631
10631
10632
10632
10634
10635
10637
10637
10638
10639
10640
10640
10641
10643
10643
10646
10646
10647
10647
10649
10650
10650
10653
10653
10655
10655
10655
10658
10658
10659
10660
10661
10661
10663
10663
10664
10666
10667
10667
10669
10671
10671
10672
10673
10673
10674
10676
10677
10678
10680
10680
10680
10682
10682
10685
10685
10686
10687
10687
10689
10690
10691
10692
10692
10694
10694
10697
10697
10698
10699
10701
10702
10702
10703
10703
10706
10706
10706
10708
10709
10709
10711
10713
10713
10713
10715
10716
10717
10718
10719
10720
10720
10721
10722
10723
10725
10726
10727
10727
10728
10729
10730
10731
10733
10734
10735
10735
10737
10738
10738
10739
10742
10743
10743
10744
10745
10745
10747
10748
10749
10750
10750
10753
10753
10753
10755
10756
10757
10757
10760
10760
10761
10761
10762
10763
10764
10766
10768
10768
10769
10770
10771
10773
10773
10774
10774
10776
10776
10779
10779
10780
10780
10782
10783
10784
10785
10785
10787
10789
10789
10790
10791
10792
10794
10794
10795
10797
10798
10798
10799
10801
10801
10801
10803
10804
10804
10807
10807
10807
10810
10810
10811
10811
10812
10814
10815
10815
10818
10818
10819
10819
10820
10822
10822
10823
10825
10826
10826
10827
10828
10829
10832
10832
10833
10835
10835
10836
10837
10839
10840
10840
10841
10842
10843
10845
10846
10846
10847
10847
10848
10850
10851
10852
10853
10854
10854
10856
10857
10858
10859
10860
10862
10862
10863
10863
10865
10866
10867
10868
10868
10869
10870
10871
10873
10874
10876
10876
10877
10878
10879
10881
10881
10882
10882
10885
10885
10887
10888
10888
10889
10889
10890
10892
10892
10894
10895
10895
10898
10898
10898
10901
10901
10902
10903
10903
10906
10906
10906
10908
10909
10909
10912
10913
10913
10914
10915
10917
10918
10918
10919
10920
10921
10922
10924
10924
10924
10926
10927
10929
10930
10930
10930
10932
10933
10934
10935
10936
10938
10939
10939
10940
10940
10943
10943
10945
10946
10946
10946
10947
10949
10949
10951
10952
10953
10954
10955
10956
10956
10959
10959
10961
10961
10962
10963
10963
10964
10965
10968
10968
10968
10971
10972
10972
10974
10974
10975
10976
10976
10977
10979
10980
10980
10982
10983
10984
10986
10986
10988
10989
10989
10990
10991
10992
10992
10994
10994
10997
10997
10997
10999
11001
11002
11002
11003
11003
11005
11006
11007
11008
11009
11009
11010
11011
11012
11014
11014
11015
11017
11018
11019
11019
11022
11023
11023
11024
11026
11026
11027
11028
11029
11031
11031
11031
11034
11035
11035
11037
11037
11038
11040
11040
11042
11043
11043
11043
11045
11046
11047
11048
11050
11050
11050
11052
11054
11054
11054
11055
11057
11057
11058
11061
11061
11062
11064
11065
11065
11067
11068
11069
11069
11070
11072
11072
11074
11075
11075
11076
11078
11078
11079
11079
11081
11082
11083
11084
11085
11087
11087
11088
11088
11089
11090
11091
11094
11095
11096
11096
11096
11099
11099
11100
11102
11102
11104
11104
11105
11106
11108
11108
11108
11110
11110
11112
11113
11113
11116
11117
11117
11119
11119
11120
11120
11122
11123
11123
11125
11127
11127
11129
11129
11130
11130
11131
11133
11133
11136
11136
11136
11137
11139
11139
11142
11143
11143
11144
11145
11145
11148
11148
11149
11150
11151
11151
11153
11154
11155
11156
11157
11158
11160
11160
11162
11162
11163
11165
11166
11166
11167
11168
11168
11170
11171
11172
11172
11175
11175
11177
11177
11177
11180
11180
11180
11182
11183
11185
11185
11185
11187
11188
11188
11190
11191
11191
11192
11194
11195
11196
11197
11197
11198
11200
11201
11202
11203
11203
11205
11205
11207
11208
11209
11209
11212
11213
11213
11214
11215
11217
11218
11218
11219
11219
11221
11222
11223
11225
11226
11226
11226
11229
11229
11229
11231
11231
11232
11235
11235
11236
11238
11238
11239
11239
11241
11243
11244
11244
11244
11245
11248
11248
11249
11249
11250
11252
11254
11254
11255
11257
11258
11258
11259
11259
11262
11262
11263
11263
11266
11267
11268
11268
11268
11271
11271
11273
11274
11274
11275
11277
11278
11278
11278
11280
11281
11282
11284
11285
11285
11286
11287
11288
11288
11290
11292
11292
11293
11294
11295
11295
11297
11298
11299
11299
11302
11303
11303
11305
11305
11307
11307
11307
11308
11310
11311
11312
11314
11314
11316
11316
11317
11317
11320
11321
11321
11322
11324
11324
11326
11326
11328
11328
11328
11330
11331
11331
11332
11333
11334
11336
11337
11337
11339
11340
11341
11341
11342
11343
11344
11347
11348
11348
11348
11351
11352
11352
11354
11354
11355
11356
11357
11357
11359
11360
11360
11362
11364
11365
11365
11365
11368
11369
11369
11369
11370
11371
11374
11374
11374
11377
11377
11378
11379
11380
11381
11382
11382
11383
11384
11386
11387
11388
11389
11390
11391
11392
11394
11395
11396
11396
11396
11399
11399
11400
11400
11403
11403
11404
11404
11406
11407
11407
11408
11409
11410
11412
11414
11414
11415
11417
11418
11419
11419
11420
11420
11423
11423
11425
11425
11427
11428
11428
11429
11429
11431
11431
11433
11433
11436
11437
11438
11439
11439
11440
11440
11441
11443
11443
11446
11447
11448
11448
11449
11450
11451
11452
11453
11454
11456
11456
11457
11458
11459
11459
11462
11462
11463
11464
11464
11466
11467
11468
11469
11471
11472
11472
11473
11475
11475
11476
11477
11477
11478
11479
11480
11481
11483
11483
11485
11486
11486
11488
11489
11491
11491
11491
11492
11495
11495
11497
11498
11499
11499
11501
11501
11502
11503
11503
11506
11506
11507
11507
11508
11510
11511
11512
11513
11513
11516
11516
11516
11517
11519
11520
11521
11523
11523
11525
11526
11527
11527
11529
11530
11530
11530
11532
11534
11534
11536
11536
11538
11538
11539
11540
11540
11542
11542
11545
11545
11546
11548
11549
11549
11550
11551
11552
11554
11554
11555
11557
11558
11559
11559
11560
11561
11563
11563
11564
11564
11565
11567
11567
11568
11569
11571
11571
11574
11574
11576
11576
11577
11577
11580
11581
11582
11582
11584
11585
11585
11586
11586
11588
11588
11590
11590
11591
11594
11594
11595
11597
11597
11598
11600
11601
11601
11602
11603
11604
11605
11607
11607
11608
11608
11609
11612
11613
11613
11613
11615
11615
11618
11618
11618
11619
11622
11622
11623
11624
11624
11625
11626
11628
11628
11631
11631
11632
11633
11634
11634
11635
11637
11638
11638
11639
11642
11642
11643
11643
11645
11646
11646
11649
11650
11650
11650
11653
11653
11654
11655
11656
11657
11658
11660
11660
11662
11662
11662
11663
11666
11666
11668
11669
11670
11671
11671
11672
11672
11674
11674
11675
11678
11679
11679
11681
11682
11682
11683
11683
11685
11687
11687
11687
11688
11690
11691
11692
11693
11694
11695
11696
11697
11698
11698
11700
11701
11701
11704
11704
11706
11706
11708
11709
11710
11710
11710
11713
11714
11714
11715
11716
11717
11717
11719
11720
11722
11723
11724
11724
11725
11726
11727
11727
11729
11731
11731
11733
11733
11734
11735
11736
11737
11738
11738
11741
11741
11743
11743
11743
11745
11745
11747
11748
11749
11751
11751
11752
11753
11754
11754
11756
11758
11758
11760
11760
11761
11761
11762
11765
11765
11765
11767
11768
11769
11770
11770
11771
11773
11774
11775
11776
11778
11779
11779
11779
11781
11781
11783
11784
11785
11786
11787
11788
11790
11790
11791
11793
11794
11795
11795
11796
11797
11798
11800
11800
11802
11802
11803
11803
11806
11806
11808
11808
11808
11809
11811
11813
11813
11814
11814
11816
11817
11818
11818
11820
11822
11822
11824
11824
11825
11826
11826
11827
11829
11830
11832
11832
11834
11835
11835
11836
11837
11837
11840
11840
11841
11841
11844
11845
11845
11846
11847
11847
11848
11851
11852
11852
11853
11854
11855
11857
11857
11858
11858
11859
11860
11862
11862
11865
11866
11867
11867
11868
11870
11871
11872
11872
11874
11874
11875
11877
11878
11878
11879
11880
11881
11883
11883
11883
11884
11887
11887
11887
11888
11890
11892
11892
11893
11894
11896
11896
11898
11899
11899
11900
11901
11902
11903
11904
11905
11906
11906
11908
11909
11909
11911
11913
11914
11915
11916
11917
11917
11918
11919
11921
11922
11922
11923
11923
11924
11927
11928
11928
11928
11929
11931
11932
11933
11933
11935
11936
11937
11937
11938
11940
11941
11942
11942
11944
11944
11946
11947
11948
11949
11950
11952
11952
11953
11954
11954
11956
11956
11958
11958
11961
11961
11961
11963
11964
11965
11966
11967
11968
11968
11969
11971
11973
11973
11974
11974
11975
11977
11977
11979
11980
11980
11981
11983
11985
11985
11985
11987
11988
11988
11990
11991
11992
11992
11994
11995
11995
11997
11997
11998
12000
12002
12002
12004
12004
12004
12005
12006
12009
12010
12010
12012
12012
12013
12014
12015
12016
12017
12018
12018
12020
12021
12022
12022
12025
12025
12026
12027
12028
12029
12030
12031
12031
12033
12034
12035
12035
12036
12039
12039
12040
12041
12042
12043
12043
12046
12047
12047
12048
12049
12051
12051
12053
12054
12054
12056
12056
12056
12058
12059
12060
12060
12063
12063
12064
12065
12066
12067
12067
12068
12069
12071
12072
12073
12073
12075
12076
12077
12079
12080
12080
12082
12082
12083
12083
12085
12086
12087
12087
12089
12091
12091
12093
12093
12094
12095
12096
12096
12097
12098
12101
12101
12102
12104
12104
12106
12106
12108
12108
12108
12110
12111
12112
12114
12115
12115
12117
12118
12119
12120
12120
12121
12122
12123
12124
12125
12126
12127
12127
12129
12130
12131
12133
12133
12134
12135
12136
12136
12137
12138
12140
12140
12142
12144
12145
12146
12146
12146
12147
12150
12151
12152
12152
12152
12153
12154
12157
12158
12158
12160
12161
12161
12162
12163
12164
12164
12167
12168
12168
12170
12171
12171
12171
12172
12173
12175
12177
12177
12178
12178
12181
12181
12183
12183
12184
12186
12186
12186
12187
12189
12190
12192
12192
12193
12194
12194
12197
12197
12198
12200
12201
12201
12202
12203
12203
12205
12205
12207
12209
12210
12210
12210
12211
12213
12214
12214
12216
12216
12218
12218
12219
12221
12223
12223
12224
12224
12225
12227
12228
12229
12229
12231
12231
12233
12235
12235
12237
12237
12239
12239
12240
12242
12243
12244
12245
12245
12246
12247
12248
12249
12250
12250
12252
12253
12255
12255
12255
12258
12258
12258
12259
12261
12262
12264
12265
12266
12266
12266
12268
12269
12271
12271
12273
12273
12274
12275
12277
12277
12277
12279
12280
12281
12282
12283
12284
12286
12287
12287
12289
12290
12291
12291
12293
12293
12293
12295
12296
12297
12298
12299
12299
12302
12302
12303
12305
12305
12305
12306
12307
12309
12311
12311
12311
12314
12315
12315
12315
12316
12318
12319
12320
12321
12321
12323
12324
12324
12327
12327
12329
12329
12331
12331
12333
12333
12334
12335
12336
12336
12338
12339
12339
12340
12342
12344
12344
12346
12346
12348
12349
12349
12349
12351
12352
12353
12354
12356
12356
12357
12358
12359
12360
12362
12363
12363
12363
12364
12367
12367
12368
12368
12371
12371
12372
12373
12373
12375
12376
12378
12378
12379
12380
12381
12383
12384
12384
12385
12385
12387
12389
12389
12390
12392
12392
12394
12394
12394
12397
12397
12399
12399
12400
12400
12402
12404
12404
12404
12405
12408
12409
12409
12409
12411
12412
12414
12414
12415
12416
12416
12417
12419
12419
12420
12422
12423
12425
12425
12425
12426
12427
12428
12429
12431
12433
12434
12435
12435
12436
12437
12437
12438
12439
12441
12443
12443
12444
12445
12446
12447
12447
12450
12451
12451
12451
12454
12455
12456
12456
12458
12459
12459
12460
12460
12463
12464
12464
12464
12466
12466
12467
12470
12470
12471
12471
12473
12474
12475
12476
12476
12477
12479
12480
12482
12482
12483
12484
12486
12487
12488
12488
12490
12490
12491
12491
12493
12494
12495
12497
12497
12497
12500
12500
12500
12502
12503
12504
12505
12507
12507
12507
12508
12509
12510
12512
12513
12514
12515
12516
12516
12517
12519
12520
12520
12523
12524
12524
12525
12526
12528
12529
12530
12530
12530
12531
12533
12533
12534
12535
12537
12538
12538
12541
12541
12543
12544
12544
12545
12546
12547
12549
12549
12550
12550
12553
12554
12555
12555
12556
12557
12558
12559
12560
12561
12561
12563
12564
12564
12566
12566
12569
12569
12570
12572
12572
12573
12574
12574
12575
12577
12577
12579
12580
12581
12582
12583
12584
12585
12586
12587
12588
12589
12589
12591
12592
12592
12593
12594
12595
12597
12598
12598
12599
12601
12602
12603
12604
12606
12607
12607
12608
12608
12610
12610
12611
12612
12614
12615
12616
12617
12619
12619
12620
12620
12622
12624
12625
12625
12627
12627
12628
12630
12631
12631
12632
12632
12633
12635
12636
12638
12638
12639
12639
12641
12641
12644
12644
12645
12645
12646
12648
12650
12651
12651
12651
12652
12653
12655
12655
12657
12659
12659
12660
12661
12662
12663
12664
12665
12666
12667
12669
12669
12669
12670
12671
12673
12674
12674
12677
12677
12677
12678
12679
12681
12682
12683
12685
12685
12686
12687
12688
12689
12689
12690
12691
12694
12694
12694
12695
12697
12699
12700
12700
12701
12701
12704
12704
12704
12707
12707
12707
12708
12711
12711
12713
12714
12715
12716
12716
12717
12717
12719
12720
12720
12722
12723
12724
12725
12726
12727
12727
12729
12730
12731
12733
12734
12735
12735
12736
12737
12739
12739
12740
12742
12743
12743
12744
12745
12746
12748
12748
12748
12749
12750
12752
12752
12753
12754
12757
12757
12759
12760
12760
12761
12762
12764
12765
12765
12765
12766
12769
12769
12771
12771
12773
12773
12773
12775
12776
12777
12778
12778
12779
12781
12783
12783
12784
12786
12786
12786
12787
12790
12791
12791
12793
12794
12794
12795
12796
12797
12798
12799
12801
12801
12801
12804
12804
12806
12807
12807
12809
12809
12810
12811
12812
12812
12813
12814
12816
12816
12819
12819
12820
12821
12823
12823
12823
12824
12826
12827
12827
12829
12830
12832
12833
12833
12833
12836
12836
12837
12838
12839
12839
12841
12841
12844
12844
12845
12846
12847
12848
12850
12850
12851
12852
12854
12854
12854
12857
12857
12859
12859
12861
12862
12862
12863
12864
12865
12866
12866
12869
12869
12869
12871
12872
12872
12874
12875
12876
12876
12878
12878
12879
12881
12882
12883
12883
12885
12885
12886
12888
12889
12890
12892
12892
12893
12893
12895
12896
12896
12897
12899
12901
12901
12902
12902
12905
12905
12906
12907
12907
12909
12910
12911
12912
12913
12913
12916
12916
12917
12918
12919
12920
12921
12923
12923
12924
12925
12926
12927
12928
12929
12929
12932
12932
12933
12935
12935
12936
12937
12939
12939
12939
12941
12941
12943
12944
12945
12946
12947
12947
12950
12950
12950
12953
12953
12953
12955
12957
12957
12959
12959
12961
12962
12962
12962
12963
12966
12966
12967
12967
12969
12970
12970
12972
12972
12974
12974
12976
12977
12978
12979
12979
12981
12982
12984
12985
12985
12987
12987
12988
12990
12991
12991
12993
12993
12994
12995
12995
12996
12998
12999
13001
13002
13002
13003
13004
13005
13007
13008
13009
13009
13009
13010
13011
13013
13013
13014
13017
13018
13018
13019
13020
13020
13022
13022
13024
13024
13026
13026
13028
13029
13030
13030
13032
13032
13035
13035
13035
13038
13038
13039
13039
13042
13043
13044
13045
13045
13046
13048
13049
13049
13050
13051
13052
13054
13054
13054
13057
13057
13057
13058
13060
13062
13062
13063
13064
13065
13065
13067
13068
13070
13071
13071
13073
13073
13073
13076
13076
13078
13078
13079
13080
13081
13081
13082
13085
13085
13086
13087
13088
13088
13091
13091
13093
13093
13094
13095
13097
13097
13098
13098
13100
13101
13102
13102
13105
13106
13106
13106
13109
13109
13111
13112
13112
13112
13115
13116
13117
13117
13118
13118
13120
13122
13123
13123
13124
13125
13126
13128
13128
13130
13130
13131
13132
13133
13133
13134
13137
13138
13138
13138
13141
13142
13143
13144
13144
13146
13146
13146
13148
13149
13150
13151
13152
13153
13154
13155
13156
13157
13158
13160
13160
13161
13162
13163
13164
13165
13167
13167
13169
13169
13169
13171
13172
13172
13174
13175
13176
13176
13179
13179
13181
13181
13181
13183
13185
13185
13186
13188
13188
13189
13189
13190
13193
13194
13194
13196
13196
13196
13197
13198
13199
13200
13202
13203
13204
13205
13205
13206
13209
13209
13210
13211
13212
13213
13213
13216
13216
13217
13218
13219
13220
13220
13222
13224
13224
13224
13226
13226
13227
13228
13230
13231
13231
13233
13234
13235
13237
13238
13239
13239
13240
13241
13241
13244
13244
13245
13245
13248
13248
13249
13251
13251
13253
13253
13254
13255
13256
13256
13259
13259
13260
13261
13261
13263
13263
13266
13266
13266
13269
13269
13269
13272
13272
13272
13274
13274
13275
13278
13278
13279
13281
13281
13282
13282
13285
13286
13287
13287
13287
13290
13290
13290
13292
13293
13293
13294
13296
13296
13299
13300
13300
13301
13301
13303
13305
13305
13306
13308
13308
13310
13311
13311
13312
13314
13314
13314
13317
13317
13318
13319
13320
13321
13322
13323
13324
13324
13325
13328
13328
13329
13330
13330
13331
13333
13334
13336
13336
13337
13339
13340
13340
13341
13342
13343
13344
13345
13346
13347
13349
13349
13350
13351
13353
13353
13354
13356
13357
13357
13358
13358
13359
13362
13362
13363
13364
13364
13366
13367
13368
13369
13370
13372
13372
13373
13374
13376
13376
13376
13377
13378
13380
13381
13381
13382
13383
13385
13386
13387
13387
13390
13391
13391
13392
13392
13394
13394
13397
13397
13398
13398
13400
13401
13402
13402
13405
13405
13406
13407
13409
13409
13409
13410
13412
13413
13415
13416
13416
13417
13418
13419
13421
13421
13423
13424
13424
13426
13427
13427
13429
13429
13430
13431
13433
13434
13434
13435
13436
13437
13438
13439
13440
13441
13441
13442
13444
13445
13445
13446
13448
13448
13450
13451
13451
13454
13455
13456
13457
13457
13458
13459
13459
13460
13461
13462
13463
13464
13467
13467
13467
13468
13470
13471
13471
13472
13474
13475
13475
13478
13478
13479
13480
13482
13482
13482
13483
13486
13486
13487
13489
13490
13491
13491
13493
13494
13494
13495
13496
13497
13497
13499
13501
13502
13502
13503
13504
13506
13506
13507
13509
13509
13510
13512
13512
13513
13514
13515
13516
13517
13518
13518
13520
13521
13521
13522
13524
13524
13525
13527
13528
13528
13531
13532
13532
13534
13535
13536
13536
13537
13538
13539
13540
13540
13541
13543
13544
13546
13546
13547
13548
13549
13550
13551
13552
13554
13555
13556
13556
13558
13558
13559
13559
13562
13563
13563
13564
13564
13566
13567
13568
13570
13570
13571
13572
13572
13574
13575
13575
13577
13578
13578
13579
13580
13583
13583
13584
13586
13586
13588
13588
13589
13590
13591
13592
13593
13593
13594
13597
13597
13597
13599
13599
13600
13603
13603
13603
13605
13606
13607
13608
13608
13609
13611
13612
13613
13614
13615
13615
13617
13618
13618
13621
13621
13622
13622
13625
13625
13626
13627
13627
13628
13631
13632
13633
13633
13635
13635
13636
13636
13639
13639
13640
13640
13642
13642
13644
13645
13645
13646
13648
13649
13650
13652
13653
13653
13655
13655
13656
13658
13658
13658
13660
13661
13663
13663
13663
13665
13665
13666
13669
13669
13670
13671
13672
13672
13674
13675
13675
13677
13678
13679
13680
13680
13683
13683
13683
13684
13685
13686
13687
13689
13690
13691
13691
13693
13694
13695
13697
13697
13697
13699
13701
13701
13701
13704
13705
13705
13706
13707
13708
13709
13709
13712
13712
13713
13714
13715
13716
13716
13719
13720
13721
13721
13721
13722
13725
13725
13726
13728
13728
13729
13730
13730
13732
13733
13734
13734
13735
13737
13738
13739
13740
13741
13743
13743
13745
13746
13747
13747
13748
13749
13751
13751
13752
13753
13755
13755
13756
13757
13759
13759
13760
13760
13762
13763
13764
13765
13765
13766
13768
13770
13771
13772
13772
13772
13775
13775
13776
13777
13777
13780
13780
13781
13782
13784
13784
13785
13786
13787
13789
13789
13789
13790
13793
13793
13794
13795
13795
13798
13798
13798
13800
13802
13803
13803
13804
13804
13806
13806
13808
13809
13810
13812
13813
13814
13814
13815
13816
13817
13819
13820
13820
13821
13821
13823
13824
13825
13826
13828
13828
13828
13830
13831
13831
13833
13833
13834
13836
13838
13839
13840
13840
13841
13842
13843
13843
13845
13845
13848
13849
13849
13850
13850
13852
13853
13854
13855
13855
13857
13858
13858
13859
13861
13861
13862
13863
13864
13865
13867
13868
13869
13869
13870
13872
13872
13874
13874
13876
13877
13878
13879
13880
13880
13883
13883
13885
13885
13886
13886
13887
13889
13890
13890
13892
13892
13894
13894
13897
13898
13899
13899
13900
13902
13902
13904
13904
13904
13905
13908
13908
13910
13910
13910
13911
13913
13914
13916
13916
13916
13917
13919
13920
13921
13922
13922
13923
13926
13926
13928
13929
13930
13930
13931
13932
13934
13934
13935
13937
13937
13938
13938
13939
13941
13942
13943
13944
13946
13946
13947
13949
13950
13950
13951
13952
13954
13954
13954
13957
13957
13958
13960
13960
13961
13962
13964
13964
13965
13967
13967
13969
13970
13970
13970
13973
13974
13975
13976
13977
13977
13978
13979
13980
13981
13982
13984
13984
13985
13986
13987
13987
13989
13990
13991
13992
13992
13995
13995
13996
13998
13999
13999
14001
14001
14001
14003
14004
14004
14007
14008
14008
14009
14010
14011
14011
14013
14015
14015
14016
14016
14019
14019
14021
14022
14023
14023
14024
14026
14027
14027
14027
14028
14030
14031
14032
14033
14034
14034
14035
14037
14037
14038
14039
14042
14043
14043
14045
14046
14046
14047
14048
14050
14051
14051
14052
14053
14054
14055
14057
14057
14058
14059
14061
14062
14062
14063
14063
14064
14065
14068
14068
14070
14070
14071
14073
14073
14074
14075
14076
14077
14077
14080
14080
14080
14081
14082
14084
14085
14085
14087
14088
14090
14090
14091
14092
14092
14094
14095
14096
14097
14097
14099
14100
14101
14102
14103
14103
14105
14105
14107
14109
14110
14111
14111
14112
14114
14115
14116
14116
14117
14117
14119
14120
14121
14122
14124
14124
14124
14127
14127
14129
14130
14130
14131
14132
14132
14134
14135
14135
14136
14138
14139
14140
14140
14142
14142
14145
14145
14146
14146
14149
14149
14150
14150
14151
14153
14154
14155
14156
14156
14159
14159
14160
14161
14163
14164
14164
14165
14167
14168
14169
14169
14170
14171
14173
14174
14174
14176
14176
14176
14178
14178
14179
14182
14182
14182
14183
14185
14186
14187
14187
14189
14190
14190
14192
14193
14193
14196
14196
14196
14198
14199
14201
14202
14202
14202
14204
14204
14205
14206
14207
14209
14210
14211
14212
14214
14214
14215
14215
14216
14218
14218
14221
14221
14223
14223
14223
14226
14227
14228
14228
14230
14231
14231
14232
14234
14234
14234
14235
14237
14238
14240
14241
14241
14242
14242
14245
14245
14246
14248
14248
14250
14250
14251
14251
14254
14254
14254
14256
14256
14257
14259
14260
14262
14262
14263
14264
14265
14267
14267
14268
14269
14270
14271
14271
14274
14275
14275
14276
14276
14278
14280
14281
14281
14282
14283
14284
14285
14287
14287
14288
14288
14290
14292
14292
14293
14293
14296
14296
14297
14297
14298
14301
14301
14302
14303
14305
14305
14305
14306
14308
14310
14311
14311
14311
14313
14313
14316
14316
14317
14318
14320
14320
14321
14322
14323
14325
14325
14326
14326
14329
14329
14330
14331
14332
14332
14333
14335
14336
14337
14338
14338
14340
14341
14341
14343
14345
14345
14347
14348
14349
14349
14351
14351
14352
14352
14354
14355
14356
14357
14357
14359
14360
14361
14362
14362
14363
14364
14365
14368
14368
14368
14371
14371
14371
14372
14373
14374
14377
14377
14378
14379
14380
14382
14382
14383
14384
14384
14385
14386
14388
14390
14390
14391
14391
14393
14394
14394
14396
14397
14398
14399
14400
14400
14402
14403
14404
14406
14407
14408
14409
14409
14410
14411
14412
14413
14414
14415
14417
14417
14418
14419
14419
14420
14423
14424
14424
14425
14425
14428
14428
14430
14431
14431
14433
14433
14434
14435
14436
14437
14438
14440
14440
14442
14443
14443
14444
14445
14445
14446
14449
14449
14451
14451
14452
14452
14454
14455
14455
14457
14458
14459
14461
14461
14462
14462
14463
14464
14465
14467
14468
14469
14470
14472
14473
14473
14475
14475
14475
14478
14479
14479
14481
14481
14483
14483
14484
14484
14486
14487
14488
14490
14491
14491
14492
14492
14493
14494
14496
14496
14498
14499
14500
14501
14501
14503
14503
14506
14506
14507
14508
14509
14509
14512
14512
14513
14514
14514
14515
14517
14518
14519
14520
14521
14522
14522
14523
14526
14526
14526
14527
14528
14530
14530
14532
14532
14535
14536
14536
14536
14538
14539
14540
14541
14542
14543
14544
14544
14547
14547
14548
14549
14551
14551
14552
14553
14554
14555
14556
14556
14558
14558
14560
14561
14562
14563
14564
14565
14567
14567
14567
14568
14570
14571
14571
14573
14573
14574
14576
14577
14579
14579
14580
14580
14583
14584
14585
14585
14585
14587
14588
14589
14590
14591
14593
14594
14594
14595
14595
14598
14599
14599
14600
14602
14603
14604
14605
14606
14606
14608
14609
14609
14610
14611
14612
14612
14614
14614
14616
14618
14619
14620
14620
14621
14621
14622
14625
14626
14626
14627
14628
14630
14630
14631
14631
14632
14634
14634
14636
14637
14638
14640
14641
14642
14642
14642
14644
14645
14646
14647
14648
14648
14650
14651
14653
14653
14654
14655
14657
14658
14658
14659
14661
14662
14663
14664
14664
14665
14666
14667
14668
14669
14669
14671
14671
14674
14675
14675
14676
14678
14678
14679
14680
14680
14682
14683
14684
14685
14687
14687
14687
14690
14690
14691
14692
14692
14693
14694
14695
14698
14699
14699
14699
14700
14702
14703
14705
14706
14707
14707
14708
14709
14710
14711
14713
14714
14714
14716
14716
14716
14718
14720
14720
14720
14723
14723
14724
14725
14726
14727
14728
14728
14731
14731
14732
14733
14733
14734
14737
14737
14738
14739
14741
14742
14742
14743
14744
14744
14746
14746
14748
14749
14749
14751
14751
14753
14753
14755
14757
14757
14758
14759
14760
14761
14762
14762
14765
14765
14766
14768
14768
14769
14769
14772
14772
14773
14773
14776
14776
14776
14779
14780
14781
14782
14782
14784
14784
14785
14786
14787
14788
14788
14790
14791
14792
14793
14794
14796
14796
14797
14797
14800
14801
14802
14802
14803
14805
14806
14806
14807
14807
14810
14810
14810
14812
14814
14814
14815
14815
14817
14818
14819
14820
14821
14822
14824
14824
14824
14825
14827
14828
14829
14829
14830
14832
14833
14833
14836
14836
14837
14838
14838
14839
14841
14841
14843
14844
14844
14846
14847
14848
14848
14851
14851
14851
14853
14854
14856
14857
14858
14859
14859
14860
14861
14861
14863
14865
14866
14866
14867
14868
14869
14869
14872
14873
14873
14874
14876
14877
14877
14877
14879
14880
14881
14881
14883
14885
14885
14886
14886
14888
14889
14890
14890
14892
14892
14895
14895
14895
14897
14897
14898
14900
14901
14901
14902
14904
14904
14906
14907
14907
14910
14910
14910
14912
14913
14914
14915
14916
14917
14918
14918
14920
14921
14921
14922
14923
14925
14926
14927
14928
14929
14930
14931
14931
14934
14934
14936
14937
14937
14939
14940
14940
14942
14943
14944
14944
14945
14945
14947
14948
14950
14951
14951
14951
14953
14954
14955
14957
14957
14958
14960
14960
14962
14963
14963
14964
14966
14967
14967
14968
14968
14969
14971
14971
14972
14975
14976
14977
14978
14978
14980
14981
14981
14982
14984
14984
14984
14985
14988
14988
14988
14990
14991
14992
14994
14994
14995
14997
14997
14999
14999
15000
15001
15002
15003
15003
15005
15006
15006
15008
15009
15009
15010
15013
15013
15014
15015
15017
15018
15019
15020
15020
15022
15022
15023
15023
15025
15026
15026
15028
15030
15031
15032
15032
15033
15034
15035
15037
15038
15038
15039
15040
15041
15041
15044
15045
15046
15047
15048
15049
15049
15049
15050
15052
15054
15054
15055
15055
15057
15058
15059
15060
15061
15063
15063
15064
15064
15066
15066
15068
15069
15070
15070
15072
15073
15073
15075
15076
15077
15078
15079
15080
15080
15083
15083
15084
15085
15087
15087
15089
15090
15090
15090
15092
15093
15093
15096
15096
15097
15098
15099
15100
15100
15101
15103
15103
15104
15105
15107
15107
15109
15110
15110
15112
15113
15115
15115
15116
15117
15119
15119
15119
15122
15123
15123
15125
15125
15127
15127
15129
15129
15129
15130
15133
15134
15134
15135
15135
15136
15138
15140
15140
15141
15141
15143
15144
15144
15146
15147
15148
15149
15150
15152
15152
15153
15153
15155
15156
15157
15157
15159
15160
15161
15162
15163
15165
15165
15166
15167
15169
15170
15170
15170
15172
15174
15174
15174
15177
15177
15178
15179
15179
15181
15182
15182
15185
15186
15186
15186
15188
15189
15189
15190
15191
15193
15194
15195
15197
15198
15198
15199
15199
15201
15202
15203
15205
15206
15206
15206
15208
15209
15210
15210
15212
15213
15214
15215
15215
15217
15219
15219
15220
15221
15222
15223
15225
15225
15225
15227
15228
15229
15230
15232
15233
15233
15234
15235
15235
15236
15239
15239
15240
15241
15242
15242
15244
15244
15246
15248
15248
15249
15251
15252
15252
15254
15254
15255
15257
15257
15258
15259
15261
15261
15262
15264
15264
15264
15267
15267
15268
15269
15270
15271
15272
15273
15274
15275
15276
15278
15279
15279
15281
15282
15282
15282
15284
15285
15287
15287
15288
15290
15291
15292
15292
15293
15293
15296
15296
15297
15299
15300
15300
15301
15303
15303
15304
15305
15306
15307
15308
15309
15311
15311
15311
15313
15314
15314
15316
15317
15318
15319
15319
15321
15322
15323
15324
15326
15327
15328
15328
15329
15330
15330
15332
15333
15335
15335
15337
15337
15338
15338
15340
15340
15342
15343
15343
15345
15346
15348
15348
15350
15350
15351
15351
15353
15355
15355
15355
15358
15359
15359
15361
15361
15362
15363
15364
15364
15366
15367
15367
15369
15370
15371
15371
15374
15374
15375
15376
15376
15378
15378
15381
15381
15383
15383
15383
15384
15386
15388
15389
15389
15390
15390
15392
15394
15395
15395
15397
15397
15399
15399
15400
15401
15402
15403
15404
15405
15406
15406
15407
15408
15410
15411
15411
15413
15414
15414
15415
15417
15418
15419
15420
15420
15421
15424
15424
15425
15426
15427
15427
15429
15429
15431
15432
15433
15433
15436
15436
15436
15437
15440
15440
15441
15443
15444
15444
15445
15446
15447
15447
15448
15451
15451
15452
15454
15454
15455
15455
15457
15457
15458
15460
15461
15461
15464
15465
15466
15467
15467
15467
15470
15471
15471
15472
15473
15473
15474
15475
15476
15478
15479
15480
15481
15482
15483
15485
15485
15485
15487
15487
15489
15489
15490
15493
15493
15494
15495
15497
15497
15498
15498
15501
15502
15502
15502
15504
15506
15506
15507
15508
15509
15510
15510
15513
15513
15514
15514
15516
15516
15518
15519
15521
15521
15521
15522
15525
15525
15526
15526
15529
15529
15531
15532
15532
15533
15533
15534
15536
15536
15539
15539
15540
15541
15543
15543
15544
15546
15546
15548
15548
15549
15550
15551
15553
15554
15554
15555
15555
15558
15558
15558
15561
15561
15561
15563
15564
15565
15565
15566
15567
15569
15569
15572
15572
15573
15575
15575
15575
15577
15578
15578
15581
15581
15582
15583
15583
15586
15586
15586
15588
15589
15591
15591
15592
15592
15593
15596
15597
15597
15598
15598
15599
15600
15601
15603
15604
15605
15606
15606
15608
15609
15610
15611
15611
15613
15614
15615
15615
15616
15618
15618
15620
15621
15623
15623
15624
15625
15627
15627
15627
15629
15629
15631
15632
15634
15634
15635
15635
15637
15638
15639
15640
15641
15642
15643
15644
15645
15647
15647
15649
15650
15650
15651
15652
15652
15653
15656
15656
15657
15657
15659
15660
15661
15661
15662
15664
15666
15666
15668
15669
15669
15670
15671
15672
15674
15674
15675
15677
15677
15678
15679
15680
15681
15682
15683
15684
15685
15686
15686
15689
15690
15691
15691
15692
15692
15694
15695
15696
15697
15698
15698
15699
15700
15702
15702
15705
15705
15706
15706
15709
15710
15711
15712
15712
15712
15714
15715
15716
15717
15718
15719
15720
15721
15723
15723
15724
15726
15727
15728
15728
15729
15730
15731
15732
15733
15734
15736
15737
15737
15738
15738
15739
15742
15742
15742
15743
15745
15746
15746
15749
15749
15749
15751
15751
15754
15754
15755
15755
15756
15757
15759
15760
15762
15763
15763
15765
15766
15766
15767
15768
15769
15770
15771
15772
15772
15774
15775
15777
15778
15778
15780
15780
15780
15781
15783
15785
15785
15785
15786
15788
15789
15790
15791
15793
15794
15794
15795
15795
15798
15799
15799
15801
15801
15801
15802
15804
15804
15806
15808
15808
15808
15811
15811
15811
15813
15814
15815
15816
15818
15818
15819
15819
15821
15822
15823
15824
15825
15826
15828
15828
15829
15829
15831
15832
15834
15834
15835
15837
15838
15838
15839
15839
15841
15843
15844
15845
15846
15847
15847
15848
15850
15850
15851
15852
15853
15853
15856
15856
15856
15857
15858
15859
15861
15863
15863
15865
15866
15866
15867
15868
15868
15870
15870
15872
15872
15874
15875
15876
15876
15877
15879
15880
15882
15882
15883
15885
15885
15886
15887
15889
15890
15891
15892
15892
15892
15894
15896
15897
15897
15899
15899
15900
15901
15902
15902
15905
15905
15906
15908
15908
15909
15911
15911
15912
15912
15915
15916
15917
15917
15918
15919
15920
15921
15922
15923
15924
15926
15926
15927
15929
15929
15929
15930
15931
15932
15933
15936
15937
15937
15939
15940
15941
15941
15942
15943
15944
15945
15945
15947
15948
15948
15949
15952
15952
15952
15955
15956
15956
15956
15957
15960
15960
15961
15962
15962
15963
15965
15966
15967
15968
15969
15971
15971
15973
15973
15973
15976
15976
15977
15978
15980
15980
15981
15982
15983
15984
15985
15987
15988
15988
15989
15991
15992
15992
15993
15993
15996
15997
15997
15998
15998
16000
16000
16001
arquivo ordenado pelo algoritmo shellsort tempo da ordenao = 15.6002 milisegundos

