3
3
6
6
6
8
9
10
11
12
12
14
16
17
17
17
20
20
21
21
22
23
25
25
28
28
29
30
31
32
33
34
34
35
38
38
39
40
41
43
43
45
46
46
48
49
49
50
50
51
52
55
55
57
58
58
58
61
61
62
63
65
66
66
66
67
68
69
70
71
72
74
75
76
77
77
79
80
82
82
84
84
86
87
87
89
89
90
92
93
94
94
96
96
96
99
100
100
101
102
102
103
106
106
106
107
108
109
112
112
113
115
115
116
117
118
120
121
121
122
122
123
124
127
128
128
129
130
131
132
133
134
136
136
136
137
139
141
141
143
143
143
146
146
147
149
149
150
152
152
153
154
154
156
156
157
159
160
160
163
164
165
165
166
168
168
170
170
170
171
174
174
175
175
178
178
178
179
181
182
182
184
184
186
187
187
188
190
192
193
193
194
196
196
197
198
198
200
201
201
203
205
206
206
206
208
209
210
210
212
212
213
214
217
217
217
219
220
222
222
224
224
225
227
227
227
229
231
232
233
233
235
235
235
238
238
239
239
241
243
243
244
245
247
247
247
249
249
251
251
254
255
255
255
256
257
259
260
261
263
263
264
265
266
268
269
270
270
271
272
272
273
276
276
277
277
279
280
280
281
283
285
285
285
287
287
289
290
292
292
293
294
294
295
297
298
300
300
301
303
303
304
305
306
307
308
309
310
310
311
313
313
314
315
317
318
319
320
322
322
323
324
326
327
327
327
328
329
330
332
334
335
336
337
337
338
340
341
341
343
344
344
344
345
347
347
350
350
351
352
352
354
356
356
357
358
359
360
360
362
363
364
365
366
368
369
369
369
371
372
372
374
375
376
376
378
380
380
380
383
383
384
385
386
387
387
390
391
391
392
392
393
395
396
397
398
398
400
402
403
403
403
404
405
406
408
409
409
412
412
413
414
415
415
417
419
419
421
422
422
423
423
424
427
427
428
429
430
430
432
433
433
436
436
437
438
439
440
440
441
443
444
445
445
447
448
450
450
452
452
453
455
455
456
456
459
460
460
461
463
463
464
465
467
468
468
470
470
472
473
474
474
475
476
476
479
479
480
480
483
483
483
486
487
488
488
488
491
492
492
494
494
496
497
498
498
499
500
501
502
502
504
504
507
507
507
509
511
511
513
514
514
515
515
517
517
519
520
520
521
523
525
525
526
527
528
530
531
532
533
533
533
535
536
537
539
539
540
542
542
543
544
544
547
548
548
549
550
550
551
552
555
555
555
558
558
560
561
561
561
562
564
566
566
567
568
570
571
571
572
572
574
575
576
578
578
579
580
581
582
583
584
584
587
588
588
589
590
592
593
593
593
596
596
598
598
599
600
600
603
604
605
605
607
608
608
609
609
610
612
612
614
615
615
618
618
618
619
622
622
623
623
624
626
627
627
628
630
632
632
633
635
636
637
637
638
638
639
642
642
642
643
644
646
646
648
649
650
651
652
653
653
654
656
656
659
659
660
662
663
663
664
665
665
668
668
670
671
671
673
674
675
676
676
678
678
680
680
680
681
682
684
686
686
686
688
690
690
691
692
693
693
695
695
696
699
699
700
701
703
704
704
704
706
708
709
709
710
711
712
712
714
715
716
718
718
719
720
721
722
723
724
725
726
726
728
729
731
731
732
733
734
735
737
738
739
739
740
741
741
742
745
746
746
748
748
749
750
752
753
754
754
756
756
757
758
760
761
761
762
763
765
765
766
767
767
769
769
771
772
773
774
775
776
777
778
779
780
781
781
782
785
785
785
786
789
790
790
791
791
793
793
794
796
796
797
800
801
802
802
802
804
805
807
807
808
810
810
811
813
814
815
815
816
817
819
819
819
821
822
823
824
826
827
827
828
829
830
831
833
833
834
834
836
837
838
840
840
841
841
842
843
845
846
846
849
849
849
851
852
853
855
855
857
857
858
859
861
861
863
864
865
865
865
867
868
869
869
871
871
874
874
874
875
876
878
879
881
882
882
882
884
885
886
888
888
888
890
891
892
893
894
895
896
898
898
898
899
901
901
904
905
905
905
907
908
909
910
911
911
914
914
914
917
917
917
919
920
922
922
924
924
925
926
927
927
928
929
931
933
933
934
936
936
936
938
939
940
940
941
944
944
945
946
947
948
949
951
951
952
954
955
955
956
957
959
959
960
961
961
963
964
964
965
968
969
969
969
971
971
972
974
974
975
978
979
979
980
982
983
984
984
986
987
987
988
988
990
991
992
994
994
995
996
998
998
1000
1001
1001
1002
1003
1004
1006
1006
1006
1008
1009
1010
1011
1011
1013
1013
1016
1016
1017
1017
1019
1021
1021
1022
1024
1024
1026
1026
1026
1028
1030
1031
1032
1033
1033
1034
1036
1037
1037
1037
1039
1039
1040
1041
1043
1045
1045
1046
1046
1048
1049
1049
1050
1051
1052
1053
1054
1055
1057
1058
1059
1060
1061
1061
1062
1064
1065
1066
1066
1068
1070
1070
1070
1072
1073
1073
1075
1076
1076
1078
1079
1079
1080
1083
1084
1085
1085
1086
1088
1088
1089
1090
1092
1092
1093
1094
1095
1095
1096
1098
1098
1101
1101
1101
1102
1105
1105
1106
1106
1108
1109
1109
1110
1112
1113
1113
1116
1117
1118
1118
1120
1121
1121
1121
1123
1123
1125
1126
1126
1128
1128
1131
1131
1132
1134
1135
1135
1136
1137
1138
1138
1141
1141
1142
1142
1144
1144
1145
1146
1149
1150
1151
1151
1152
1153
1155
1155
1156
1156
1157
1159
1161
1161
1162
1163
1165
1165
1167
1168
1168
1169
1170
1171
1172
1173
1174
1175
1175
1177
1177
1178
1180
1180
1181
1183
1184
1186
1186
1187
1187
1189
1190
1191
1192
1193
1193
1196
1197
1198
1199
1199
1200
1202
1202
1204
1204
1205
1206
1207
1208
1209
1210
1212
1212
1213
1215
1216
1216
1216
1217
1219
1220
1222
1222
1223
1223
1224
1225
1228
1229
1229
1230
1231
1231
1234
1235
1236
1236
1236
1238
1239
1239
1242
1243
1243
1244
1246
1246
1247
1248
1249
1250
1251
1252
1253
1253
1255
1256
1256
1258
1258
1259
1261
1261
1263
1263
1265
1265
1266
1269
1269
1270
1270
1271
1273
1274
1274
1277
1277
1279
1279
1280
1280
1282
1282
1283
1286
1287
1287
1288
1289
1290
1291
1291
1293
1294
1296
1296
1297
1298
1299
1300
1301
1301
1302
1305
1305
1305
1306
1309
1309
1310
1311
1311
1313
1314
1315
1316
1318
1318
1319
1321
1322
1322
1323
1324
1324
1326
1326
1329
1329
1330
1331
1332
1334
1335
1336
1336
1337
1337
1339
1339
1342
1343
1343
1343
1345
1346
1347
1349
1349
1350
1352
1352
1353
1355
1355
1356
1357
1359
1359
1360
1360
1362
1363
1363
1364
1366
1367
1367
1370
1370
1371
1372
1373
1374
1376
1376
1377
1378
1378
1379
1382
1383
1383
1383
1385
1386
1386
1388
1389
1390
1391
1391
1393
1395
1395
1397
1397
1397
1399
1400
1400
1402
1403
1404
1405
1406
1407
1408
1409
1409
1410
1413
1413
1415
1415
1416
1417
1418
1419
1419
1420
1423
1423
1424
1424
1426
1426
1428
1430
1430
1430
1432
1433
1435
1435
1436
1437
1437
1438
1440
1441
1442
1442
1444
1445
1446
1446
1449
1450
1450
1452
1452
1452
1455
1455
1457
1457
1457
1458
1459
1460
1461
1463
1464
1465
1467
1468
1468
1469
1470
1471
1473
1473
1475
1475
1476
1477
1478
1479
1479
1482
1483
1484
1484
1485
1487
1487
1488
1489
1490
1490
1491
1494
1495
1495
1496
1496
1499
1499
1500
1500
1501
1503
1503
1504
1505
1506
1507
1508
1509
1511
1511
1513
1514
1516
1517
1517
1518
1520
1520
1520
1522
1522
1524
1526
1527
1527
1529
1530
1530
1531
1533
1534
1534
1535
1535
1537
1538
1539
1540
1541
1543
1543
1544
1545
1546
1547
1548
1548
1550
1550
1552
1554
1554
1556
1556
1558
1559
1559
1559
1562
1563
1564
1564
1565
1565
1566
1568
1570
1570
1571
1572
1573
1573
1576
1576
1577
1577
1579
1580
1581
1582
1583
1585
1586
1586
1587
1587
1588
1589
1590
1592
1593
1594
1595
1597
1597
1598
1600
1600
1601
1601
1603
1604
1606
1606
1607
1608
1609
1609
1612
1613
1613
1613
1615
1615
1618
1618
1619
1619
1621
1622
1623
1624
1625
1625
1626
1629
1629
1631
1632
1632
1632
1633
1635
1636
1638
1638
1640
1640
1641
1642
1642
1643
1645
1646
1646
1648
1648
1650
1650
1651
1653
1654
1655
1656
1657
1658
1658
1660
1661
1662
1663
1664
1664
1665
1667
1668
1668
1669
1670
1673
1674
1674
1675
1675
1676
1678
1679
1681
1682
1682
1682
1683
1685
1686
1687
1688
1690
1690
1692
1692
1693
1694
1695
1696
1696
1697
1700
1701
1701
1702
1704
1704
1705
1706
1707
1708
1709
1710
1711
1712
1713
1714
1714
1716
1717
1717
1719
1720
1720
1721
1723
1724
1725
1725
1727
1727
1730
1730
1732
1732
1733
1733
1735
1736
1737
1739
1739
1739
1741
1742
1742
1745
1745
1746
1746
1747
1748
1750
1751
1751
1753
1753
1754
1755
1756
1757
1758
1759
1760
1762
1763
1763
1764
1766
1767
1768
1769
1769
1772
1772
1773
1773
1774
1776
1777
1779
1780
1780
1781
1781
1783
1784
1786
1787
1788
1788
1789
1790
1791
1792
1793
1794
1795
1796
1796
1798
1800
1801
1801
1802
1803
1805
1806
1806
1806
1808
1808
1810
1811
1812
1812
1813
1814
1817
1817
1818
1819
1820
1820
1822
1823
1823
1825
1827
1827
1828
1830
1831
1832
1833
1834
1835
1835
1835
1836
1839
1840
1841
1842
1842
1843
1844
1844
1845
1846
1848
1848
1851
1852
1852
1853
1854
1855
1856
1856
1859
1859
1861
1862
1862
1863
1865
1865
1866
1867
1868
1869
1870
1871
1872
1872
1874
1875
1877
1878
1878
1879
1879
1881
1882
1883
1885
1885
1885
1887
1888
1889
1891
1891
1891
1892
1894
1894
1895
1898
1898
1899
1900
1901
1903
1903
1904
1906
1906
1907
1908
1909
1911
1911
1912
1912
1913
1914
1915
1918
1919
1919
1921
1921
1923
1924
1925
1925
1926
1927
1928
1929
1930
1930
1933
1934
1934
1935
1937
1937
1937
1938
1941
1941
1941
1942
1945
1945
1945
1948
1948
1949
1949
1950
1952
1953
1953
1954
1956
1956
1959
1960
1960
1962
1962
1963
1964
1965
1967
1967
1969
1970
1971
1971
1972
1973
1974
1976
1976
1978
1978
1979
1980
1982
1983
1983
1985
1985
1986
1988
1988
1989
1990
1991
1992
1992
1995
1996
1996
1998
1999
1999
2000
2000
2002
2003
2003
2004
2005
2007
2008
2009
2010
2010
2011
2012
2013
2015
2016
2016
2018
2020
2021
2022
2023
2024
2025
2026
2026
2027
2028
2030
2030
2031
2032
2032
2033
2035
2037
2038
2038
2038
2040
2040
2042
2043
2044
2046
2047
2047
2047
2050
2050
2052
2052
2053
2055
2055
2055
2056
2058
2059
2060
2061
2061
2062
2063
2065
2067
2068
2068
2068
2070
2071
2072
2073
2073
2074
2076
2076
2079
2079
2081
2081
2081
2082
2084
2085
2086
2086
2088
2090
2091
2092
2093
2093
2094
2095
2097
2097
2097
2098
2101
2102
2102
2102
2105
2105
2106
2106
2107
2108
2110
2111
2112
2113
2115
2116
2117
2117
2118
2120
2121
2121
2122
2124
2124
2125
2126
2127
2128
2128
2131
2131
2133
2133
2135
2135
2136
2137
2139
2139
2141
2141
2142
2143
2144
2146
2146
2147
2149
2150
2150
2151
2151
2153
2154
2155
2155
2158
2159
2160
2160
2162
2163
2163
2164
2165
2166
2168
2168
2169
2169
2170
2171
2174
2174
2175
2177
2177
2178
2178
2180
2181
2182
2183
2183
2185
2186
2186
2188
2189
2189
2190
2193
2193
2194
2195
2195
2196
2198
2200
2200
2201
2202
2204
2204
2205
2206
2207
2209
2209
2209
2210
2213
2213
2214
2216
2216
2216
2219
2219
2221
2221
2221
2223
2224
2225
2225
2227
2227
2228
2229
2232
2232
2232
2233
2234
2235
2237
2238
2239
2240
2240
2241
2244
2244
2246
2246
2247
2248
2248
2249
2252
2252
2253
2254
2255
2255
2257
2258
2258
2260
2261
2262
2262
2264
2264
2267
2267
2268
2270
2270
2271
2272
2272
2273
2275
2276
2278
2278
2279
2280
2281
2282
2283
2283
2284
2285
2288
2289
2289
2290
2292
2292
2293
2295
2296
2297
2297
2298
2300
2300
2301
2301
2304
2304
2305
2306
2306
2309
2309
2310
2311
2312
2313
2314
2314
2316
2316
2319
2320
2320
2322
2323
2323
2323
2325
2326
2326
2328
2330
2330
2331
2333
2333
2334
2334
2335
2338
2338
2339
2340
2340
2343
2343
2344
2345
2346
2347
2349
2349
2349
2351
2353
2353
2354
2356
2356
2356
2359
2359
2360
2361
2361
2362
2363
2364
2366
2368
2368
2369
2371
2372
2372
2373
2375
2375
2376
2377
2378
2380
2380
2381
2381
2383
2384
2384
2387
2387
2388
2389
2390
2390
2391
2392
2394
2395
2396
2396
2397
2399
2400
2400
2402
2403
2404
2405
2405
2407
2409
2410
2410
2411
2411
2412
2414
2414
2417
2417
2418
2420
2420
2421
2422
2424
2424
2424
2425
2427
2429
2429
2430
2432
2432
2432
2433
2434
2436
2437
2438
2439
2440
2441
2442
2442
2443
2446
2446
2447
2449
2449
2450
2452
2452
2452
2454
2455
2455
2456
2457
2459
2459
2462
2462
2463
2465
2466
2467
2467
2469
2470
2470
2471
2472
2473
2473
2476
2477
2478
2479
2479
2479
2481
2482
2483
2483
2485
2487
2487
2489
2489
2490
2491
2492
2494
2494
2494
2497
2497
2499
2499
2500
2500
2503
2503
2504
2504
2507
2507
2509
2510
2510
2512
2513
2514
2514
2515
2516
2516
2518
2520
2520
2521
2522
2523
2523
2526
2526
2526
2528
2529
2530
2531
2533
2533
2534
2535
2536
2538
2539
2539
2539
2541
2542
2543
2544
2545
2546
2548
2548
2549
2550
2551
2551
2554
2555
2555
2555
2556
2558
2558
2561
2562
2562
2563
2563
2564
2566
2567
2568
2568
2569
2572
2572
2572
2574
2574
2576
2577
2578
2579
2580
2580
2581
2582
2585
2585
2586
2588
2588
2589
2589
2590
2592
2593
2593
2595
2596
2596
2598
2599
2600
2602
2602
2602
2604
2605
2606
2607
2608
2609
2609
2610
2612
2612
2613
2615
2616
2617
2618
2619
2621
2621
2622
2623
2623
2626
2626
2628
2628
2629
2629
2630
2632
2634
2634
2635
2637
2637
2638
2638
2641
2641
2642
2644
2644
2644
2646
2646
2648
2648
2650
2652
2652
2654
2654
2655
2656
2658
2659
2659
2659
2660
2661
2663
2665
2666
2667
2667
2667
2668
2671
2671
2672
2673
2674
2676
2676
2677
2679
2680
2681
2681
2682
2682
2684
2685
2685
2688
2688
2689
2690
2692
2692
2693
2694
2694
2696
2696
2699
2700
2700
2701
2702
2702
2705
2705
2706
2706
2708
2709
2709
2710
2712
2713
2714
2716
2716
2717
2718
2719
2720
2721
2722
2722
2724
2724
2726
2727
2728
2729
2730
2731
2732
2733
2733
2735
2735
2736
2738
2739
2741
2741
2741
2743
2744
2745
2746
2747
2748
2750
2750
2750
2753
2754
2755
2756
2757
2757
2758
2759
2760
2762
2762
2763
2764
2765
2766
2766
2767
2769
2769
2770
2773
2773
2774
2775
2777
2777
2777
2778
2780
2781
2781
2782
2783
2786
2787
2787
2788
2789
2789
2792
2793
2793
2793
2794
2795
2797
2798
2798
2800
2802
2802
2803
2803
2805
2806
2807
2809
2809
2811
2811
2811
2812
2813
2814
2815
2818
2818
2819
2820
2822
2823
2823
2823
2824
2825
2828
2828
2830
2830
2831
2832
2834
2834
2835
2837
2837
2838
2838
2839
2841
2842
2843
2844
2845
2846
2847
2847
2849
2851
2851
2852
2854
2854
2855
2855
2857
2858
2858
2860
2861
2862
2863
2864
2865
2867
2867
2867
2870
2870
2871
2872
2874
2874
2876
2877
2877
2878
2879
2879
2882
2882
2883
2884
2885
2886
2887
2887
2889
2889
2891
2893
2894
2894
2895
2896
2897
2898
2900
2900
2900
2902
2902
2904
2905
2906
2907
2907
2908
2910
2911
2913
2914
2915
2915
2916
2916
2917
2920
2920
2921
2923
2923
2925
2926
2927
2927
2929
2930
2930
2930
2931
2932
2935
2935
2935
2937
2937
2938
2939
2940
2942
2944
2944
2945
2945
2948
2948
2949
2950
2951
2953
2954
2954
2954
2957
2957
2958
2959
2960
2960
2962
2963
2963
2965
2966
2968
2969
2970
2970
2970
2971
2973
2974
2976
2977
2977
2978
2979
2979
2980
2983
2983
2983
2985
2985
2986
2987
2989
2989
2990
2991
2992
2993
2994
2995
2996
2998
2999
3000
3001
3002
3003
3003
3005
3006
3006
3007
3009
3009
3011
3012
3013
3013
3015
3016
3017
3018
3020
3020
3022
3022
3024
3024
3024
3027
3027
3028
3029
3030
3030
3031
3033
3035
3036
3036
3037
3038
3040
3040
3041
3042
3042
3044
3045
3046
3047
3048
3049
3049
3051
3051
3053
3053
3054
3055
3056
3059
3059
3059
3061
3062
3063
3064
3065
3067
3067
3068
3068
3070
3070
3071
3074
3074
3074
3075
3076
3077
3079
3079
3082
3082
3083
3084
3086
3087
3087
3088
3088
3089
3092
3093
3093
3095
3095
3096
3097
3097
3099
3099
3102
3103
3103
3104
3104
3107
3107
3107
3109
3111
3112
3112
3113
3114
3114
3117
3117
3118
3119
3120
3121
3121
3124
3124
3124
3126
3127
3128
3128
3130
3131
3131
3133
3135
3135
3136
3137
3139
3139
3139
3142
3142
3144
3144
3144
3147
3148
3148
3150
3150
3151
3153
3154
3155
3155
3157
3157
3159
3159
3160
3160
3162
3164
3164
3164
3166
3167
3167
3169
3170
3170
3171
3173
3175
3176
3177
3178
3178
3180
3180
3182
3182
3183
3185
3185
3186
3188
3188
3189
3189
3190
3193
3193
3194
3195
3195
3196
3199
3199
3200
3202
3202
3203
3204
3205
3206
3206
3207
3209
3210
3210
3212
3214
3214
3215
3216
3217
3218
3219
3220
3221
3222
3223
3224
3225
3225
3226
3228
3229
3230
3232
3232
3232
3233
3235
3237
3237
3238
3240
3240
3241
3242
3243
3244
3245
3247
3248
3248
3250
3250
3252
3252
3253
3254
3254
3255
3256
3258
3259
3259
3260
3262
3264
3264
3265
3267
3267
3268
3269
3269
3271
3271
3274
3274
3276
3276
3277
3278
3280
3280
3281
3282
3283
3284
3284
3287
3287
3288
3288
3291
3291
3292
3294
3295
3296
3297
3298
3298
3300
3300
3300
3301
3302
3303
3305
3306
3307
3308
3308
3310
3312
3312
3314
3314
3315
3316
3317
3318
3319
3320
3321
3322
3324
3325
3325
3326
3326
3328
3329
3330
3330
3332
3334
3335
3335
3336
3337
3337
3339
3341
3341
3342
3344
3345
3346
3347
3347
3349
3350
3351
3352
3352
3353
3354
3355
3356
3358
3358
3358
3360
3362
3362
3362
3365
3365
3366
3367
3368
3369
3371
3371
3372
3373
3373
3374
3375
3378
3378
3379
3380
3381
3382
3382
3385
3385
3386
3387
3387
3390
3390
3391
3391
3392
3394
3395
3395
3398
3399
3399
3400
3401
3402
3403
3404
3405
3406
3407
3408
3410
3410
3412
3412
3413
3414
3416
3416
3417
3418
3420
3421
3421
3421
3423
3424
3426
3426
3426
3427
3429
3430
3432
3432
3432
3433
3435
3436
3438
3439
3439
3440
3440
3443
3443
3444
3445
3445
3446
3447
3448
3450
3452
3452
3453
3453
3455
3456
3456
3458
3459
3460
3462
3462
3463
3465
3466
3466
3468
3468
3469
3471
3471
3471
3473
3474
3476
3476
3476
3478
3479
3480
3480
3483
3483
3484
3485
3487
3487
3488
3489
3490
3492
3493
3493
3493
3496
3496
3496
3499
3499
3500
3500
3502
3502
3503
3506
3506
3506
3508
3509
3510
3511
3512
3514
3514
3515
3517
3517
3519
3520
3521
3522
3522
3523
3525
3526
3527
3527
3527
3530
3530
3531
3533
3533
3534
3535
3535
3536
3537
3540
3541
3541
3542
3543
3543
3545
3545
3547
3548
3549
3550
3551
3552
3552
3554
3554
3557
3558
3558
3559
3561
3562
3563
3563
3564
3565
3566
3567
3567
3569
3569
3571
3572
3572
3575
3575
3576
3576
3579
3579
3580
3581
3582
3583
3583
3584
3586
3586
3588
3589
3590
3590
3593
3594
3595
3596
3596
3596
3597
3599
3601
3601
3602
3603
3603
3606
3606
3607
3607
3608
3609
3612
3612
3613
3615
3616
3616
3616
3619
3619
3619
3621
3622
3622
3624
3625
3626
3627
3628
3629
3630
3631
3632
3634
3635
3636
3636
3637
3638
3639
3639
3640
3643
3644
3645
3646
3647
3647
3647
3649
3649
3650
3653
3654
3654
3655
3655
3658
3659
3660
3661
3662
3663
3663
3664
3665
3666
3667
3667
3670
3670
3671
3671
3672
3675
3676
3676
3677
3678
3679
3680
3681
3682
3683
3684
3685
3686
3686
3688
3689
3690
3690
3692
3693
3694
3696
3696
3698
3699
3699
3699
3700
3703
3703
3704
3704
3706
3707
3708
3709
3710
3712
3713
3714
3714
3716
3716
3717
3719
3720
3720
3720
3722
3722
3725
3725
3725
3728
3728
3730
3731
3732
3732
3732
3734
3735
3736
3737
3738
3740
3740
3741
3741
3744
3744
3744
3745
3747
3749
3749
3749
3752
3753
3753
3753
3754
3755
3757
3757
3759
3759
3760
3762
3763
3763
3766
3766
3766
3768
3769
3770
3772
3772
3772
3775
3775
3777
3777
3778
3778
3779
3780
3782
3784
3784
3786
3787
3787
3788
3789
3790
3791
3791
3794
3794
3795
3796
3796
3797
3798
3800
3801
3803
3804
3805
3805
3806
3807
3808
3808
3810
3811
3813
3813
3815
3815
3816
3816
3818
3819
3820
3820
3822
3822
3825
3826
3826
3827
3829
3829
3831
3832
3832
3833
3834
3836
3836
3838
3838
3839
3839
3842
3843
3844
3845
3845
3845
3846
3848
3848
3849
3850
3851
3853
3854
3854
3855
3858
3859
3860
3860
3861
3862
3863
3863
3865
3866
3866
3868
3870
3870
3871
3873
3874
3875
3875
3875
3878
3879
3880
3881
3881
3882
3883
3884
3884
3885
3886
3888
3888
3891
3891
3892
3892
3894
3894
3895
3897
3897
3898
3900
3901
3902
3902
3905
3906
3906
3906
3908
3909
3909
3912
3913
3913
3915
3915
3917
3918
3919
3920
3921
3922
3922
3924
3924
3924
3925
3928
3928
3929
3929
3930
3931
3932
3935
3935
3935
3936
3937
3938
3939
3941
3942
3943
3945
3945
3946
3947
3948
3948
3949
3951
3952
3953
3955
3955
3956
3957
3959
3960
3960
3961
3962
3964
3964
3965
3966
3967
3968
3969
3969
3972
3973
3973
3973
3975
3976
3977
3978
3979
3979
3980
3982
3982
3984
3985
3987
3987
3988
3989
3990
3990
3991
3992
3994
3996
3996
3997
3999
3999
4000
4000
4001
arquivo ordenado pelo algoritmo shellsort tempo da ordenação = 0 milisegundos

