1
1
1
2
2
3
3
4
6
7
8
9
12
24
25
25
27
28
29
29
30
30
32
34
34
36
38
43
45
46
46
46
48
49
49
53
58
59
60
61
61
63
64
74
79
79
79
80
81
86
87
89
90
92
93
96
98
99
102
110
111
111
119
119
130
136
137
138
138
141
145
146
148
149
154
155
159
159
161
163
165
167
172
172
172
173
173
174
180
181
183
188
188
192
193
194
196
197
197
198
198
199
201
202
211
212
213
213
215
216
219
220
222
223
226
228
230
230
230
233
236
238
238
239
242
242
245
245
250
250
250
250
251
252
253
264
266
266
278
278
280
283
285
286
286
287
289
294
295
295
295
296
296
299
301
308
318
318
319
320
325
325
329
334
334
337
339
340
340
342
342
345
350
351
354
357
359
363
363
366
367
368
369
378
380
383
384
386
389
394
399
400
401
404
406
406
406
407
411
414
415
415
420
420
422
423
428
429
430
431
431
434
434
436
438
441
441
443
445
447
448
453
459
460
460
461
463
463
464
466
469
470
473
476
477
482
483
484
488
491
495
496
497
507
509
510
511
513
514
517
519
521
532
533
536
538
538
539
542
543
546
547
548
549
552
558
559
559
561
563
565
565
566
571
571
575
575
576
577
579
584
588
591
591
592
593
593
594
596
598
599
599
600
601
603
605
606
606
610
617
619
624
628
631
633
634
634
639
641
643
643
643
644
644
646
646
647
650
651
652
652
653
658
662
664
664
664
665
669
669
670
671
672
674
676
677
678
686
687
688
697
704
709
712
716
716
718
718
722
723
724
725
728
728
730
733
734
734
734
734
734
737
737
740
741
742
742
748
751
752
753
753
755
757
760
761
762
763
764
766
766
770
770
770
773
774
774
775
776
779
781
782
785
785
786
787
787
790
794
798
800
802
802
806
810
814
817
818
819
821
823
824
830
830
831
831
833
833
834
835
844
844
852
853
853
853
854
858
859
865
867
870
871
874
879
881
884
886
887
888
889
891
895
896
900
911
913
919
922
923
925
925
927
928
934
935
939
940
941
946
947
949
950
954
955
956
956
958
959
961
962
962
967
969
971
972
974
975
976
978
979
979
980
980
986
992
993
997
998
1001
1009
1010
1010
1011
1016
1021
1021
1022
1030
1031
1031
1031
1032
1032
1032
1033
1034
1035
1035
1036
1036
1036
1038
1040
1041
1050
1053
1058
1058
1058
1060
1065
1066
1067
1068
1069
1070
1071
1072
1073
1076
1076
1080
1084
1087
1089
1091
1091
1092
1095
1095
1096
1097
1099
1101
1104
1104
1105
1108
1110
1111
1115
1117
1118
1120
1120
1121
1121
1123
1126
1129
1134
1134
1137
1137
1138
1151
1153
1153
1155
1156
1158
1159
1159
1160
1160
1160
1166
1167
1169
1170
1170
1170
1171
1174
1177
1177
1177
1177
1178
1179
1180
1181
1185
1187
1188
1189
1193
1196
1198
1199
1201
1201
1202
1203
1203
1210
1210
1210
1211
1212
1219
1220
1221
1221
1226
1231
1236
1237
1238
1239
1240
1241
1242
1243
1245
1247
1249
1254
1254
1256
1257
1259
1262
1268
1269
1269
1270
1272
1273
1274
1275
1280
1280
1284
1285
1285
1285
1286
1286
1289
1290
1291
1291
1292
1292
1295
1296
1298
1299
1299
1299
1302
1305
1310
1312
1313
1313
1320
1320
1322
1322
1325
1327
1328
1330
1334
1335
1335
1337
1342
1343
1344
1346
1347
1347
1348
1349
1349
1352
1353
1354
1360
1361
1362
1363
1363
1364
1367
1367
1369
1369
1370
1371
1371
1371
1373
1375
1379
1381
1382
1387
1395
1398
1400
1404
1404
1404
1407
1410
1411
1412
1412
1416
1421
1422
1426
1426
1427
1429
1430
1431
1432
1433
1434
1435
1438
1438
1446
1448
1448
1449
1450
1452
1452
1452
1453
1453
1457
1457
1458
1460
1461
1464
1472
1474
1479
1481
1483
1485
1485
1486
1489
1492
1493
1494
1495
1496
1496
1498
1499
1503
1507
1509
1510
1512
1512
1513
1513
1519
1521
1523
1523
1525
1525
1528
1533
1536
1541
1541
1545
1546
1550
1552
1553
1556
1556
1560
1561
1562
1564
1569
1570
1571
1572
1575
1575
1579
1582
1582
1584
1586
1592
1593
1594
1595
1596
1599
1601
1603
1603
1605
1606
1608
1612
1619
1624
1626
1627
1627
1628
1628
1629
1630
1631
1631
1632
1639
1648
1651
1653
1653
1655
1658
1659
1665
1675
1677
1681
1684
1686
1686
1687
1688
1693
1694
1694
1695
1698
1700
1700
1700
1701
1701
1702
1704
1706
1706
1706
1708
1709
1714
1716
1721
1722
1732
1739
1740
1741
1745
1745
1748
1749
1753
1754
1759
1769
1771
1772
1777
1780
1781
1781
1783
1784
1787
1787
1787
1790
1790
1794
1795
1799
1801
1801
1802
1804
1809
1809
1810
1816
1822
1822
1828
1828
1829
1829
1832
1832
1832
1833
1836
1837
1837
1838
1840
1841
1843
1844
1848
1849
1851
1851
1851
1854
1863
1864
1868
1869
1870
1872
1878
1880
1881
1882
1884
1888
1890
1890
1891
1893
1894
1895
1896
1896
1898
1900
1903
1904
1904
1906
1912
1914
1915
1915
1916
1917
1921
1926
1932
1936
1937
1937
1938
1940
1948
1952
1953
1955
1963
1963
1964
1964
1965
1971
1975
1979
1979
1979
1981
1982
1987
1987
1990
1995
1996
1998
2001
2001
2001
2002
2003
2005
2006
2007
2014
2014
2015
2015
2018
2023
2025
2032
2032
2036
2037
2038
2040
2046
2050
2051
2051
2052
2055
2058
2058
2058
2059
2061
2062
2064
2064
2068
2068
2068
2072
2074
2074
2075
2079
2080
2083
2083
2088
2089
2089
2089
2095
2095
2097
2097
2100
2101
2104
2109
2112
2114
2114
2115
2120
2122
2126
2127
2128
2131
2132
2132
2136
2138
2141
2143
2145
2146
2152
2152
2153
2155
2157
2157
2160
2162
2164
2166
2173
2173
2175
2175
2176
2177
2178
2178
2179
2181
2181
2182
2183
2183
2183
2186
2187
2191
2193
2195
2196
2196
2197
2198
2200
2202
2203
2204
2205
2207
2207
2210
2210
2211
2214
2216
2228
2231
2231
2234
2235
2238
2240
2240
2247
2248
2256
2261
2262
2263
2265
2267
2268
2268
2271
2273
2275
2277
2279
2279
2279
2280
2289
2290
2290
2294
2295
2296
2296
2298
2300
2302
2305
2307
2307
2309
2311
2312
2313
2313
2316
2321
2321
2324
2324
2327
2328
2329
2331
2331
2333
2334
2336
2336
2338
2341
2341
2342
2342
2342
2345
2348
2351
2360
2361
2361
2362
2362
2364
2364
2371
2372
2375
2377
2379
2384
2385
2389
2390
2391
2392
2392
2394
2394
2394
2398
2399
2404
2405
2407
2408
2410
2412
2413
2415
2416
2417
2418
2419
2420
2427
2434
2434
2437
2438
2438
2439
2440
2440
2441
2441
2445
2449
2449
2453
2460
2462
2462
2468
2469
2469
2470
2471
2475
2478
2481
2481
2487
2488
2488
2488
2488
2493
2494
2495
2502
2502
2516
2517
2520
2521
2525
2525
2526
2527
2527
2528
2530
2530
2531
2531
2540
2541
2544
2544
2545
2549
2549
2550
2562
2566
2567
2568
2569
2572
2572
2573
2576
2578
2580
2584
2584
2588
2589
2594
2594
2597
2603
2604
2606
2611
2612
2616
2617
2618
2621
2623
2624
2624
2634
2634
2637
2639
2640
2642
2643
2644
2645
2645
2646
2646
2647
2648
2649
2650
2652
2657
2658
2665
2669
2670
2672
2676
2681
2682
2683
2683
2683
2683
2685
2688
2688
2692
2692
2695
2696
2698
2699
2699
2702
2705
2711
2712
2713
2715
2720
2723
2723
2724
2725
2727
2728
2729
2730
2730
2731
2734
2735
2741
2745
2745
2747
2748
2750
2750
2751
2753
2754
2756
2759
2761
2764
2766
2768
2769
2771
2774
2776
2777
2778
2779
2783
2785
2788
2789
2792
2794
2795
2795
2797
2799
2803
2809
2809
2810
2810
2812
2813
2814
2815
2816
2819
2826
2827
2829
2831
2832
2834
2834
2835
2836
2837
2837
2839
2842
2844
2845
2845
2845
2846
2847
2848
2850
2852
2853
2857
2859
2860
2861
2863
2866
2867
2874
2875
2885
2885
2886
2887
2887
2889
2893
2893
2893
2894
2901
2904
2904
2905
2907
2912
2912
2912
2914
2914
2915
2920
2920
2926
2927
2928
2936
2937
2940
2947
2950
2953
2956
2956
2960
2960
2960
2961
2965
2966
2967
2977
2978
2980
2985
2985
2986
2987
2988
2989
2990
2990
2991
2992
2992
2994
2994
2995
2996
3004
3006
3006
3007
3010
3014
3017
3021
3025
3025
3025
3026
3027
3028
3030
3033
3035
3040
3041
3047
3049
3049
3050
3051
3051
3053
3058
3059
3061
3062
3062
3066
3068
3070
3071
3071
3075
3075
3076
3076
3077
3077
3078
3079
3079
3083
3083
3086
3087
3091
3091
3094
3098
3101
3102
3105
3106
3107
3111
3112
3114
3116
3117
3118
3119
3119
3119
3124
3126
3128
3128
3129
3132
3132
3137
3142
3143
3145
3148
3153
3153
3154
3154
3156
3158
3158
3158
3161
3165
3166
3168
3169
3170
3175
3175
3178
3180
3182
3184
3186
3186
3186
3187
3191
3192
3195
3197
3199
3202
3202
3207
3208
3212
3215
3217
3218
3222
3223
3223
3223
3230
3231
3232
3233
3236
3238
3243
3244
3245
3246
3248
3249
3249
3249
3253
3253
3253
3258
3259
3261
3261
3262
3264
3264
3265
3266
3266
3274
3275
3275
3276
3276
3282
3289
3292
3300
3300
3303
3304
3306
3308
3308
3308
3309
3309
3313
3315
3315
3317
3319
3320
3323
3324
3328
3328
3328
3329
3331
3334
3335
3336
3336
3338
3339
3340
3342
3343
3343
3347
3348
3349
3351
3351
3352
3352
3355
3356
3357
3357
3363
3363
3364
3365
3367
3367
3367
3371
3374
3379
3380
3380
3381
3381
3382
3388
3388
3388
3391
3397
3397
3398
3401
3402
3407
3412
3412
3414
3416
3416
3419
3420
3425
3429
3429
3430
3430
3431
3431
3432
3436
3439
3443
3444
3447
3447
3447
3448
3451
3455
3457
3461
3461
3468
3468
3471
3472
3472
3472
3473
3474
3475
3476
3477
3478
3479
3481
3483
3485
3485
3486
3486
3488
3490
3494
3496
3499
3501
3506
3507
3508
3512
3513
3515
3515
3517
3523
3524
3525
3530
3533
3535
3536
3536
3538
3540
3540
3543
3544
3545
3553
3554
3555
3560
3561
3568
3568
3570
3570
3571
3572
3574
3574
3576
3577
3577
3578
3579
3579
3581
3582
3584
3587
3587
3588
3589
3598
3599
3599
3601
3602
3605
3608
3610
3610
3617
3620
3620
3622
3622
3622
3623
3626
3627
3627
3628
3630
3631
3634
3635
3636
3637
3638
3639
3642
3642
3644
3645
3651
3651
3653
3655
3659
3661
3663
3668
3669
3671
3671
3675
3678
3682
3684
3684
3684
3684
3685
3686
3688
3689
3690
3690
3700
3702
3702
3703
3705
3706
3708
3710
3711
3711
3714
3717
3719
3720
3721
3722
3725
3726
3726
3730
3731
3731
3739
3741
3742
3742
3742
3743
3744
3744
3745
3745
3746
3750
3751
3752
3755
3758
3761
3762
3762
3763
3764
3764
3766
3767
3767
3768
3772
3774
3775
3775
3776
3777
3787
3787
3792
3795
3796
3798
3800
3802
3813
3813
3815
3815
3820
3822
3823
3826
3826
3827
3828
3832
3835
3835
3838
3839
3840
3840
3841
3842
3844
3844
3844
3846
3849
3852
3853
3855
3856
3859
3859
3860
3861
3863
3873
3876
3877
3878
3879
3880
3881
3886
3886
3887
3889
3897
3897
3898
3899
3899
3899
3903
3914
3917
3919
3920
3921
3922
3923
3924
3932
3933
3937
3939
3943
3946
3946
3947
3949
3951
3957
3959
3959
3960
3961
3963
3963
3964
3968
3969
3973
3984
3984
3986
3987
3991
3993
3995
3998
4003
4003
4013
4013
4014
4020
4020
4021
4021
4025
4025
4027
4028
4030
4033
4035
4038
4040
4042
4043
4044
4047
4050
4052
4054
4056
4061
4062
4063
4066
4066
4066
4068
4069
4070
4070
4072
4074
4081
4082
4084
4084
4092
4095
4095
4096
4096
4097
4097
4101
4102
4108
4109
4111
4111
4117
4120
4125
4126
4129
4134
4135
4135
4136
4137
4138
4139
4140
4142
4142
4146
4147
4148
4149
4149
4150
4152
4154
4155
4156
4157
4161
4163
4164
4164
4165
4165
4169
4171
4173
4175
4178
4179
4179
4181
4182
4190
4194
4198
4200
4201
4204
4205
4207
4207
4209
4211
4212
4214
4217
4217
4219
4220
4220
4223
4224
4225
4227
4228
4229
4230
4232
4234
4236
4238
4239
4242
4243
4243
4246
4247
4249
4253
4254
4254
4255
4255
4256
4258
4261
4263
4264
4265
4267
4271
4272
4274
4277
4278
4278
4279
4281
4282
4289
4289
4291
4295
4297
4299
4301
4305
4306
4309
4316
4319
4319
4322
4328
4331
4331
4332
4334
4334
4336
4337
4337
4337
4343
4343
4345
4353
4359
4359
4372
4372
4373
4376
4380
4380
4382
4385
4386
4388
4390
4390
4394
4395
4395
4400
4400
4401
4403
4403
4405
4407
4407
4409
4412
4413
4416
4418
4418
4418
4419
4420
4421
4421
4425
4427
4428
4430
4434
4434
4436
4436
4438
4440
4442
4443
4446
4449
4453
4455
4455
4455
4455
4456
4458
4459
4459
4460
4460
4460
4462
4462
4463
4463
4469
4470
4472
4472
4478
4482
4486
4488
4488
4490
4491
4491
4493
4494
4494
4499
4502
4503
4506
4506
4507
4511
4515
4519
4521
4525
4526
4526
4526
4529
4529
4529
4537
4538
4540
4541
4541
4542
4542
4544
4545
4545
4546
4549
4552
4555
4571
4572
4573
4574
4575
4576
4578
4579
4579
4580
4580
4583
4584
4590
4591
4594
4598
4601
4602
4604
4607
4608
4610
4610
4611
4618
4621
4621
4629
4630
4632
4632
4634
4634
4637
4642
4645
4645
4648
4649
4651
4652
4652
4653
4659
4661
4661
4665
4666
4670
4670
4674
4675
4676
4676
4679
4684
4688
4690
4691
4692
4693
4694
4697
4699
4699
4704
4704
4706
4707
4708
4710
4710
4711
4717
4717
4719
4719
4722
4727
4728
4729
4730
4733
4734
4734
4735
4737
4739
4742
4743
4745
4745
4747
4747
4751
4754
4754
4755
4755
4757
4761
4764
4765
4766
4768
4769
4774
4778
4779
4780
4783
4783
4783
4785
4786
4787
4790
4790
4793
4793
4793
4796
4797
4798
4800
4801
4801
4803
4805
4805
4809
4813
4816
4817
4819
4820
4820
4821
4823
4823
4824
4824
4825
4827
4827
4830
4832
4836
4842
4845
4847
4847
4848
4851
4852
4853
4862
4862
4863
4866
4868
4868
4872
4874
4878
4879
4880
4882
4883
4884
4888
4889
4892
4893
4894
4900
4905
4906
4906
4907
4907
4912
4915
4915
4916
4918
4919
4920
4920
4921
4924
4924
4932
4934
4934
4934
4936
4936
4938
4939
4943
4944
4946
4949
4954
4955
4960
4963
4965
4967
4968
4970
4970
4970
4971
4971
4971
4984
4985
4987
4990
4994
4994
4995
4999
5005
5005
5010
5011
5012
5016
5017
5018
5021
5022
5029
5030
5031
5033
5034
5034
5035
5035
5038
5039
5040
5042
5043
5043
5045
5052
5054
5055
5058
5058
5058
5058
5059
5060
5060
5061
5061
5063
5065
5071
5071
5072
5072
5073
5077
5077
5079
5079
5081
5081
5082
5086
5088
5090
5093
5095
5099
5101
5102
5102
5106
5110
5113
5116
5116
5120
5120
5122
5122
5124
5126
5128
5132
5133
5133
5138
5138
5143
5146
5153
5154
5160
5165
5170
5172
5172
5176
5177
5179
5179
5181
5182
5186
5187
5189
5190
5193
5195
5198
5199
5203
5206
5208
5210
5211
5212
5212
5216
5218
5221
5223
5225
5226
5231
5232
5233
5235
5237
5238
5241
5243
5244
5250
5251
5254
5255
5260
5261
5264
5266
5268
5272
5273
5275
5278
5279
5279
5279
5281
5282
5284
5285
5286
5288
5292
5295
5295
5297
5300
5301
5306
5310
5311
5312
5313
5314
5315
5316
5320
5321
5322
5324
5328
5332
5332
5334
5335
5337
5337
5340
5341
5344
5348
5349
5349
5349
5350
5355
5357
5359
5360
5363
5364
5367
5368
5369
5370
5375
5377
5377
5377
5379
5382
5385
5385
5389
5390
5390
5391
5393
5399
5400
5402
5403
5404
5404
5404
5408
5412
5413
5415
5416
5416
5418
5423
5425
5427
5430
5435
5435
5436
5436
5437
5439
5441
5443
5444
5444
5446
5448
5452
5454
5455
5459
5465
5467
5468
5468
5470
5471
5472
5472
5473
5475
5475
5481
5482
5483
5484
5484
5484
5485
5489
5493
5493
5493
5496
5500
5502
5503
5507
5508
5509
5510
5512
5515
5515
5515
5518
5522
5522
5522
5524
5524
5525
5525
5526
5531
5532
5533
5534
5539
5545
5547
5547
5548
5549
5551
5553
5557
5557
5562
5563
5566
5566
5567
5570
5571
5577
5581
5584
5585
5589
5592
5596
5599
5600
5601
5603
5606
5606
5607
5613
5615
5615
5617
5617
5621
5623
5625
5627
5629
5631
5631
5631
5640
5641
5641
5641
5648
5648
5649
5650
5651
5652
5654
5655
5656
5658
5664
5665
5665
5670
5670
5670
5678
5678
5682
5684
5690
5692
5696
5703
5705
5705
5706
5709
5710
5715
5715
5718
5718
5719
5720
5723
5729
5732
5738
5738
5739
5740
5743
5744
5746
5747
5751
5752
5752
5753
5754
5755
5758
5761
5762
5762
5764
5764
5770
5770
5771
5773
5773
5775
5779
5781
5785
5786
5788
5789
5794
5795
5796
5799
5801
5802
5804
5805
5805
5807
5807
5808
5810
5816
5817
5817
5818
5819
5819
5823
5824
5830
5831
5834
5835
5835
5835
5838
5840
5841
5848
5849
5850
5850
5852
5852
5852
5852
5853
5857
5857
5862
5864
5864
5865
5866
5872
5872
5878
5880
5883
5885
5888
5891
5894
5895
5896
5896
5897
5901
5905
5906
5907
5908
5910
5916
5916
5917
5918
5921
5923
5924
5925
5926
5928
5929
5929
5931
5935
5939
5939
5943
5943
5950
5952
5952
5955
5956
5956
5958
5960
5961
5962
5963
5964
5965
5967
5968
5971
5972
5972
5973
5975
5976
5976
5979
5979
5980
5982
5985
5986
5987
5990
6003
6004
6005
6007
6008
6008
6008
6011
6011
6013
6014
6015
6018
6022
6024
6025
6028
6032
6037
6040
6041
6042
6045
6047
6051
6055
6055
6057
6058
6058
6059
6060
6061
6067
6071
6072
6074
6076
6079
6080
6081
6085
6086
6087
6088
6092
6098
6101
6103
6105
6105
6108
6108
6109
6109
6111
6115
6115
6118
6124
6125
6126
6127
6128
6128
6128
6128
6131
6131
6132
6135
6137
6137
6138
6138
6139
6142
6144
6144
6146
6146
6147
6147
6152
6154
6154
6155
6156
6158
6160
6161
6164
6164
6166
6168
6173
6173
6173
6175
6176
6176
6177
6181
6181
6183
6184
6184
6187
6190
6192
6195
6198
6200
6203
6204
6204
6209
6217
6219
6220
6223
6223
6224
6225
6226
6233
6238
6241
6243
6243
6245
6247
6248
6251
6252
6256
6257
6258
6259
6259
6262
6264
6267
6272
6273
6277
6279
6279
6284
6284
6285
6287
6290
6291
6294
6294
6297
6297
6301
6301
6305
6305
6311
6312
6313
6314
6321
6324
6326
6327
6327
6327
6332
6334
6341
6341
6342
6344
6344
6356
6357
6358
6361
6363
6365
6372
6376
6378
6379
6385
6386
6386
6390
6390
6391
6391
6394
6396
6398
6399
6400
6401
6406
6408
6410
6410
6418
6419
6421
6423
6427
6427
6428
6430
6434
6434
6436
6440
6442
6442
6442
6446
6447
6452
6453
6456
6458
6458
6458
6461
6463
6464
6468
6470
6472
6472
6475
6481
6482
6488
6489
6492
6492
6493
6493
6494
6496
6497
6498
6499
6500
6500
6500
6503
6503
6505
6506
6508
6508
6509
6509
6530
6530
6530
6531
6536
6541
6542
6549
6549
6555
6561
6563
6568
6570
6571
6571
6577
6577
6580
6580
6581
6584
6588
6591
6594
6594
6594
6595
6596
6598
6601
6601
6603
6612
6613
6613
6615
6615
6617
6620
6620
6622
6625
6626
6629
6634
6640
6642
6643
6644
6644
6646
6652
6655
6655
6655
6656
6656
6660
6661
6661
6663
6665
6666
6670
6670
6671
6672
6673
6676
6677
6679
6680
6680
6681
6683
6687
6687
6689
6692
6694
6698
6701
6702
6704
6712
6713
6714
6718
6720
6721
6724
6724
6725
6726
6726
6729
6730
6731
6731
6735
6736
6736
6739
6740
6741
6742
6742
6746
6748
6750
6751
6755
6759
6767
6767
6772
6772
6773
6778
6779
6781
6781
6782
6784
6785
6786
6791
6792
6792
6795
6797
6798
6799
6802
6808
6809
6813
6815
6820
6826
6826
6826
6826
6829
6830
6835
6837
6838
6844
6845
6848
6848
6848
6859
6865
6865
6866
6868
6869
6870
6871
6872
6872
6873
6874
6875
6875
6877
6877
6878
6882
6889
6892
6892
6893
6893
6894
6894
6898
6905
6907
6914
6915
6918
6918
6923
6926
6927
6932
6934
6937
6938
6938
6939
6941
6943
6944
6945
6946
6947
6948
6950
6951
6952
6956
6956
6956
6960
6961
6962
6963
6963
6965
6966
6967
6967
6969
6973
6977
6977
6978
6980
6982
6988
6990
6994
6999
7002
7004
7006
7007
7009
7013
7016
7023
7025
7025
7025
7026
7026
7026
7031
7036
7037
7038
7038
7038
7039
7040
7043
7043
7043
7044
7044
7046
7048
7050
7052
7054
7056
7058
7064
7066
7067
7068
7071
7071
7073
7078
7078
7080
7082
7083
7086
7088
7090
7093
7094
7095
7098
7098
7100
7100
7102
7108
7110
7111
7111
7111
7111
7113
7114
7114
7117
7119
7120
7120
7125
7125
7130
7132
7132
7132
7139
7139
7139
7140
7141
7143
7143
7145
7146
7146
7147
7150
7152
7153
7155
7156
7160
7161
7162
7168
7169
7169
7172
7172
7172
7178
7178
7179
7180
7180
7182
7184
7186
7190
7192
7195
7197
7200
7203
7203
7205
7214
7220
7221
7222
7225
7228
7229
7233
7234
7238
7240
7241
7243
7243
7244
7245
7248
7253
7260
7260
7263
7263
7263
7264
7266
7269
7272
7272
7273
7275
7275
7276
7279
7279
7282
7282
7284
7289
7291
7293
7295
7298
7298
7299
7301
7302
7307
7311
7311
7316
7321
7321
7324
7327
7328
7328
7332
7333
7335
7335
7342
7343
7348
7351
7352
7353
7353
7354
7356
7357
7357
7359
7359
7360
7363
7367
7369
7369
7369
7377
7377
7379
7380
7381
7388
7389
7395
7399
7407
7414
7415
7420
7422
7425
7427
7428
7437
7438
7439
7445
7446
7446
7447
7450
7450
7454
7455
7456
7457
7457
7459
7459
7471
7471
7477
7477
7479
7480
7484
7486
7486
7486
7488
7490
7491
7494
7495
7496
7497
7498
7501
7501
7502
7506
7506
7508
7509
7509
7510
7511
7511
7512
7512
7513
7515
7517
7517
7519
7519
7519
7522
7527
7528
7530
7532
7534
7535
7541
7542
7543
7544
7544
7545
7546
7547
7548
7549
7550
7553
7554
7556
7559
7561
7561
7569
7572
7573
7574
7575
7582
7583
7583
7585
7587
7588
7592
7599
7601
7601
7602
7602
7603
7603
7604
7604
7606
7610
7617
7617
7619
7621
7624
7625
7627
7632
7634
7634
7635
7638
7640
7644
7648
7648
7650
7652
7655
7657
7657
7658
7659
7666
7668
7668
7673
7674
7675
7679
7680
7680
7685
7686
7689
7690
7692
7693
7694
7696
7696
7699
7700
7704
7706
7706
7708
7709
7711
7714
7715
7721
7721
7726
7733
7734
7737
7738
7738
7744
7748
7748
7750
7751
7751
7755
7756
7756
7756
7756
7758
7761
7767
7768
7769
7773
7775
7775
7780
7787
7789
7791
7793
7795
7795
7797
7801
7803
7804
7805
7806
7809
7815
7819
7820
7822
7823
7828
7829
7834
7837
7839
7841
7843
7846
7846
7847
7847
7857
7859
7861
7863
7864
7868
7869
7869
7870
7874
7875
7876
7876
7878
7879
7880
7882
7887
7891
7892
7894
7895
7896
7897
7899
7901
7902
7905
7907
7908
7908
7911
7920
7924
7927
7928
7929
7932
7936
7937
7943
7946
7951
7951
7953
7955
7956
7956
7957
7958
7958
7959
7963
7964
7965
7969
7970
7979
7980
7983
7987
7988
7989
7990
7992
7993
7998
7998
8000
8001
8006
8010
8011
8012
8012
8014
8016
8016
8016
8020
8022
8023
8025
8029
8031
8038
8038
8040
8040
8042
8043
8043
8044
8046
8048
8049
8050
8050
8054
8054
8055
8057
8059
8059
8060
8060
8065
8067
8068
8069
8069
8069
8070
8078
8084
8086
8087
8087
8088
8089
8089
8095
8102
8102
8104
8109
8110
8112
8113
8113
8113
8115
8115
8118
8118
8121
8121
8123
8127
8129
8129
8130
8132
8133
8134
8135
8135
8137
8138
8141
8142
8143
8143
8144
8144
8150
8151
8155
8156
8158
8159
8159
8162
8162
8165
8166
8170
8173
8180
8180
8180
8181
8192
8194
8195
8196
8198
8198
8199
8200
8201
8205
8206
8206
8208
8212
8213
8214
8215
8218
8218
8219
8220
8221
8222
8225
8226
8227
8232
8233
8235
8235
8236
8238
8241
8242
8243
8247
8248
8251
8252
8257
8259
8266
8267
8272
8272
8273
8275
8276
8278
8278
8278
8280
8281
8285
8285
8286
8290
8293
8293
8293
8297
8298
8298
8306
8307
8307
8308
8313
8314
8315
8315
8317
8319
8322
8324
8324
8326
8335
8336
8339
8340
8341
8341
8344
8344
8345
8352
8355
8356
8356
8358
8359
8366
8366
8367
8370
8371
8371
8374
8374
8379
8380
8383
8383
8383
8388
8389
8393
8394
8397
8398
8401
8402
8404
8406
8407
8409
8413
8414
8420
8421
8422
8423
8425
8428
8433
8435
8437
8439
8439
8440
8442
8443
8447
8447
8448
8450
8454
8456
8458
8460
8462
8463
8466
8467
8467
8469
8472
8474
8478
8479
8482
8482
8482
8483
8487
8501
8501
8502
8505
8506
8506
8507
8509
8511
8515
8515
8517
8519
8521
8522
8529
8529
8529
8530
8531
8535
8538
8539
8540
8543
8546
8547
8548
8548
8549
8556
8558
8559
8560
8561
8574
8574
8575
8578
8580
8581
8583
8585
8585
8586
8587
8587
8588
8588
8589
8595
8596
8599
8600
8603
8604
8607
8609
8609
8609
8610
8614
8615
8620
8622
8623
8624
8624
8626
8627
8633
8637
8637
8638
8641
8643
8644
8647
8649
8649
8649
8650
8654
8658
8660
8660
8662
8664
8665
8668
8668
8676
8676
8679
8683
8685
8689
8689
8691
8692
8693
8693
8693
8697
8700
8701
8705
8707
8709
8714
8716
8723
8724
8724
8725
8725
8726
8728
8729
8735
8742
8745
8748
8749
8749
8750
8751
8753
8758
8759
8759
8761
8765
8766
8767
8769
8769
8774
8777
8780
8781
8788
8793
8796
8797
8797
8802
8806
8812
8816
8817
8818
8820
8820
8821
8822
8823
8825
8827
8828
8838
8839
8841
8841
8844
8844
8844
8846
8850
8853
8856
8860
8861
8861
8863
8863
8864
8865
8867
8871
8874
8875
8877
8880
8881
8881
8882
8883
8883
8885
8885
8888
8891
8892
8893
8896
8896
8899
8899
8902
8906
8906
8908
8910
8910
8910
8915
8917
8921
8937
8939
8940
8941
8941
8945
8945
8950
8951
8952
8953
8956
8957
8958
8959
8961
8962
8962
8964
8966
8967
8972
8972
8974
8975
8976
8977
8978
8979
8979
8982
8994
8994
8996
8998
9000
9001
9001
9003
9004
9004
9004
9005
9008
9008
9009
9011
9014
9014
9021
9022
9023
9024
9025
9028
9030
9036
9039
9040
9041
9041
9044
9044
9045
9046
9047
9047
9048
9050
9052
9056
9058
9061
9063
9065
9065
9067
9067
9069
9072
9074
9074
9074
9075
9075
9077
9077
9078
9078
9080
9081
9084
9087
9088
9088
9092
9092
9099
9099
9103
9105
9106
9108
9109
9111
9111
9114
9115
9118
9121
9124
9124
9126
9129
9130
9131
9131
9132
9133
9135
9137
9138
9140
9141
9142
9148
9150
9151
9155
9158
9158
9161
9161
9167
9169
9170
9175
9176
9177
9177
9180
9180
9181
9181
9182
9187
9191
9192
9194
9197
9203
9204
9204
9207
9210
9210
9210
9215
9216
9219
9220
9220
9222
9222
9223
9223
9227
9229
9229
9233
9238
9238
9241
9242
9243
9244
9246
9255
9255
9257
9259
9261
9265
9267
9270
9272
9272
9273
9274
9275
9278
9279
9283
9284
9286
9288
9288
9296
9297
9297
9301
9302
9306
9308
9310
9311
9312
9314
9315
9315
9322
9323
9324
9327
9327
9327
9331
9336
9336
9340
9341
9341
9342
9346
9346
9353
9353
9354
9358
9359
9360
9361
9364
9367
9369
9370
9377
9379
9379
9380
9380
9380
9387
9389
9389
9392
9396
9397
9397
9397
9398
9398
9401
9402
9402
9403
9404
9405
9406
9412
9414
9414
9414
9416
9417
9421
9422
9422
9424
9427
9430
9433
9435
9437
9446
9447
9450
9452
9460
9460
9460
9468
9470
9472
9475
9475
9476
9481
9483
9488
9490
9495
9495
9496
9497
9497
9498
9499
9502
9503
9503
9506
9507
9510
9511
9512
9512
9512
9517
9518
9518
9524
9526
9531
9535
9535
9540
9542
9542
9542
9543
9545
9549
9551
9552
9552
9555
9555
9563
9563
9564
9565
9566
9566
9567
9568
9572
9574
9574
9574
9579
9579
9584
9590
9592
9592
9592
9593
9595
9597
9600
9601
9604
9604
9606
9607
9607
9609
9610
9612
9613
9621
9623
9627
9631
9631
9633
9638
9641
9643
9645
9652
9654
9660
9662
9664
9670
9672
9672
9675
9677
9678
9679
9679
9683
9683
9684
9689
9691
9692
9695
9698
9710
9712
9716
9717
9717
9718
9723
9727
9728
9728
9728
9733
9738
9739
9740
9744
9747
9750
9753
9756
9758
9759
9763
9763
9768
9769
9769
9770
9772
9774
9776
9778
9778
9779
9781
9784
9786
9789
9791
9792
9797
9797
9799
9803
9804
9804
9806
9808
9809
9812
9812
9815
9818
9819
9823
9824
9826
9828
9830
9831
9831
9832
9835
9835
9835
9836
9839
9840
9841
9845
9846
9847
9850
9850
9852
9852
9857
9860
9861
9863
9867
9870
9872
9872
9872
9875
9877
9880
9880
9880
9881
9881
9886
9887
9889
9890
9891
9891
9893
9895
9898
9901
9902
9907
9915
9915
9917
9917
9917
9918
9919
9923
9924
9925
9929
9934
9934
9935
9935
9938
9940
9940
9940
9941
9941
9942
9943
9944
9947
9951
9952
9956
9956
9964
9966
9967
9973
9976
9978
9979
9979
9980
9983
9984
9985
9988
9988
9989
9990
9991
9991
9993
9996
10001
10002
10003
10006
10007
10009
10009
10010
10013
10013
10014
10015
10018
10020
10021
10021
10024
10025
10026
10026
10027
10029
10029
10033
10034
10035
10035
10038
10040
10040
10043
10044
10049
10054
10054
10056
10057
10058
10058
10061
10062
10064
10066
10068
10070
10070
10071
10071
10076
10076
10078
10084
10088
10094
10098
10104
10106
10109
10112
10113
10115
10115
10115
10120
10122
10122
10124
10125
10125
10128
10130
10134
10136
10139
10139
10143
10146
10146
10148
10152
10152
10158
10159
10160
10163
10164
10165
10168
10169
10170
10171
10171
10172
10175
10176
10177
10177
10180
10184
10185
10188
10189
10192
10193
10195
10196
10198
10198
10201
10201
10202
10202
10205
10205
10205
10206
10206
10209
10210
10212
10215
10217
10219
10219
10222
10224
10224
10227
10227
10228
10228
10228
10229
10230
10232
10235
10238
10240
10243
10244
10248
10252
10259
10262
10263
10273
10275
10276
10279
10279
10281
10284
10284
10287
10288
10289
10292
10293
10293
10294
10294
10295
10296
10297
10298
10299
10299
10301
10301
10304
10304
10305
10306
10307
10309
10310
10311
10311
10313
10314
10320
10321
10321
10324
10328
10328
10329
10330
10330
10333
10333
10335
10336
10337
10340
10340
10344
10346
10346
10346
10347
10353
10357
10357
10359
10361
10361
10366
10366
10368
10370
10375
10376
10381
10382
10382
10383
10385
10385
10388
10390
10391
10397
10397
10398
10401
10402
10402
10404
10405
10405
10406
10406
10407
10407
10409
10416
10417
10418
10420
10420
10421
10422
10422
10423
10425
10427
10429
10432
10433
10433
10439
10445
10447
10448
10448
10450
10454
10458
10461
10461
10463
10465
10466
10466
10467
10468
10469
10470
10472
10473
10478
10484
10484
10490
10492
10496
10497
10498
10499
10504
10504
10505
10507
10508
10513
10515
10518
10519
10519
10520
10521
10524
10527
10528
10530
10530
10534
10537
10538
10538
10541
10541
10544
10547
10552
10552
10553
10557
10557
10557
10562
10565
10571
10572
10576
10576
10576
10576
10580
10586
10587
10589
10590
10593
10594
10596
10601
10601
10606
10608
10609
10610
10614
10618
10618
10623
10624
10627
10631
10632
10632
10634
10637
10638
10640
10652
10657
10662
10662
10664
10669
10671
10673
10673
10673
10673
10674
10674
10674
10690
10691
10698
10699
10699
10702
10704
10705
10708
10709
10709
10711
10714
10714
10715
10716
10724
10726
10728
10733
10735
10735
10736
10740
10741
10742
10743
10743
10745
10747
10750
10751
10751
10754
10757
10758
10759
10763
10764
10768
10768
10769
10770
10771
10772
10773
10775
10775
10777
10777
10778
10779
10788
10792
10800
10806
10806
10809
10810
10810
10811
10815
10815
10818
10820
10823
10824
10825
10826
10828
10829
10831
10831
10833
10833
10837
10839
10839
10840
10844
10846
10850
10852
10854
10858
10863
10864
10871
10874
10876
10877
10879
10883
10884
10886
10886
10889
10889
10894
10895
10896
10897
10898
10900
10902
10907
10908
10908
10911
10912
10912
10915
10916
10918
10922
10924
10924
10925
10927
10927
10928
10928
10928
10929
10929
10933
10935
10935
10937
10937
10937
10938
10939
10945
10946
10946
10946
10947
10947
10948
10950
10950
10952
10953
10954
10957
10958
10958
10961
10966
10966
10966
10975
10978
10981
10982
10983
10991
10991
10992
10997
10997
10998
10998
11005
11010
11012
11014
11017
11021
11023
11025
11028
11029
11031
11035
11036
11036
11037
11038
11039
11041
11042
11045
11047
11048
11052
11054
11054
11056
11058
11058
11059
11059
11060
11061
11061
11063
11064
11070
11071
11076
11077
11077
11081
11085
11086
11086
11091
11094
11096
11096
11097
11103
11104
11106
11107
11107
11112
11113
11114
11115
11118
11119
11120
11121
11122
11122
11123
11126
11129
11130
11131
11132
11136
11137
11139
11140
11140
11141
11142
11142
11143
11143
11143
11145
11146
11153
11155
11156
11157
11161
11162
11169
11169
11170
11173
11176
11176
11178
11179
11179
11181
11182
11182
11182
11183
11183
11186
11189
11195
11195
11196
11200
11201
11202
11203
11206
11207
11207
11207
11208
11210
11215
11219
11220
11220
11221
11222
11226
11226
11227
11233
11233
11235
11236
11240
11243
11244
11245
11248
11251
11252
11255
11257
11257
11259
11262
11264
11264
11268
11269
11270
11272
11273
11273
11274
11275
11278
11284
11284
11284
11285
11285
11296
11298
11302
11308
11310
11316
11320
11320
11323
11324
11325
11326
11326
11328
11334
11336
11337
11338
11340
11341
11344
11344
11346
11346
11354
11355
11357
11362
11362
11366
11368
11369
11370
11372
11377
11381
11390
11390
11391
11394
11396
11397
11398
11402
11404
11406
11408
11416
11416
11417
11420
11423
11425
11425
11426
11428
11428
11428
11431
11431
11431
11441
11444
11446
11448
11449
11451
11451
11451
11453
11455
11458
11458
11459
11466
11467
11467
11468
11469
11470
11472
11473
11473
11475
11476
11477
11482
11488
11493
11494
11495
11500
11502
11504
11508
11510
11513
11514
11515
11522
11522
11524
11529
11532
11534
11535
11536
11538
11544
11545
11546
11547
11549
11549
11549
11551
11553
11554
11557
11557
11561
11564
11564
11565
11567
11568
11570
11572
11573
11575
11577
11582
11583
11584
11584
11585
11587
11595
11596
11597
11604
11608
11610
11610
11612
11614
11618
11619
11623
11623
11623
11625
11625
11626
11627
11631
11636
11636
11636
11637
11640
11640
11641
11641
11647
11658
11659
11664
11670
11674
11674
11675
11675
11676
11682
11683
11684
11685
11686
11690
11691
11692
11694
11694
11697
11699
11700
11701
11704
11707
11707
11708
11712
11716
11717
11717
11720
11721
11721
11721
11722
11722
11724
11731
11736
11736
11737
11737
11738
11740
11741
11746
11747
11747
11748
11749
11751
11751
11752
11757
11758
11759
11759
11760
11760
11761
11765
11766
11767
11767
11768
11768
11770
11771
11772
11776
11779
11779
11781
11782
11783
11784
11785
11785
11786
11787
11787
11790
11791
11791
11795
11795
11796
11797
11803
11804
11805
11806
11806
11807
11807
11807
11809
11814
11816
11816
11817
11817
11817
11819
11823
11825
11826
11827
11828
11835
11838
11838
11843
11844
11844
11847
11850
11850
11850
11851
11853
11858
11858
11859
11870
11870
11872
11872
11872
11872
11874
11874
11881
11881
11882
11882
11891
11891
11891
11894
11897
11899
11900
11901
11901
11906
11906
11907
11907
11910
11913
11918
11919
11923
11923
11923
11924
11927
11932
11933
11939
11939
11941
11941
11946
11953
11954
11956
11957
11960
11964
11968
11969
11970
11976
11976
11977
11981
11985
11986
11994
11995
12005
12005
12010
12011
12013
12016
12019
12023
12028
12031
12031
12041
12046
12048
12049
12052
12056
12060
12062
12064
12065
12070
12070
12071
12073
12073
12077
12081
12082
12084
12094
12098
12101
12103
12111
12116
12116
12116
12121
12122
12125
12126
12127
12131
12133
12133
12134
12136
12138
12139
12141
12146
12150
12151
12151
12158
12158
12163
12163
12166
12171
12173
12175
12176
12176
12178
12182
12183
12186
12195
12196
12199
12200
12204
12205
12206
12209
12209
12210
12216
12217
12218
12218
12220
12220
12224
12230
12231
12231
12231
12233
12234
12234
12236
12237
12238
12240
12242
12244
12245
12251
12252
12255
12256
12257
12257
12261
12264
12267
12270
12272
12272
12273
12274
12275
12278
12278
12282
12285
12286
12288
12288
12292
12299
12299
12305
12305
12306
12316
12320
12323
12324
12326
12328
12333
12334
12341
12343
12345
12346
12350
12355
12357
12361
12364
12367
12368
12371
12372
12372
12373
12374
12375
12375
12378
12379
12380
12383
12389
12390
12391
12391
12392
12394
12395
12399
12401
12401
12406
12409
12416
12416
12420
12424
12428
12428
12435
12435
12435
12437
12437
12437
12438
12440
12441
12441
12442
12445
12447
12451
12455
12456
12458
12461
12463
12467
12467
12472
12473
12474
12476
12480
12480
12481
12489
12492
12493
12494
12496
12499
12501
12509
12516
12519
12519
12523
12523
12524
12526
12527
12529
12530
12531
12531
12531
12532
12535
12535
12537
12539
12541
12542
12542
12542
12543
12545
12548
12549
12554
12559
12571
12573
12574
12578
12579
12581
12581
12585
12587
12594
12596
12597
12602
12602
12604
12608
12608
12609
12609
12613
12616
12617
12618
12621
12621
12627
12627
12628
12628
12629
12629
12630
12632
12632
12633
12633
12633
12633
12637
12639
12639
12639
12640
12640
12641
12643
12644
12644
12648
12648
12648
12651
12653
12657
12659
12663
12665
12669
12671
12675
12677
12679
12680
12680
12682
12683
12683
12685
12686
12691
12696
12700
12711
12713
12718
12719
12721
12727
12732
12734
12734
12736
12736
12738
12738
12739
12740
12744
12745
12746
12750
12750
12751
12751
12752
12754
12755
12760
12760
12765
12765
12769
12772
12772
12775
12776
12778
12782
12783
12786
12787
12787
12788
12789
12790
12795
12796
12797
12798
12799
12799
12799
12800
12802
12803
12803
12804
12807
12808
12809
12812
12816
12819
12822
12823
12824
12824
12827
12828
12833
12833
12835
12837
12838
12840
12842
12845
12855
12856
12857
12857
12857
12860
12862
12866
12866
12868
12869
12875
12877
12881
12883
12884
12884
12884
12885
12887
12888
12892
12893
12895
12895
12895
12907
12910
12911
12913
12916
12916
12916
12917
12919
12922
12923
12925
12935
12936
12936
12940
12944
12944
12944
12946
12952
12957
12958
12966
12968
12970
12971
12973
12973
12974
12975
12977
12982
12983
12991
12993
12993
12994
12997
12998
12998
12998
12999
13002
13003
13004
13006
13007
13010
13013
13015
13016
13017
13031
13033
13035
13037
13041
13043
13046
13046
13048
13048
13049
13050
13053
13054
13057
13062
13064
13068
13070
13072
13074
13075
13077
13077
13079
13083
13085
13085
13087
13088
13088
13089
13091
13093
13095
13100
13101
13102
13102
13104
13106
13115
13121
13121
13125
13125
13130
13133
13133
13138
13138
13141
13142
13146
13149
13156
13156
13157
13157
13158
13159
13163
13165
13165
13171
13171
13172
13176
13178
13181
13184
13184
13187
13190
13191
13192
13193
13196
13200
13201
13208
13209
13211
13211
13212
13212
13213
13214
13214
13217
13217
13223
13224
13226
13228
13229
13231
13238
13240
13241
13243
13244
13244
13246
13247
13250
13253
13253
13254
13258
13261
13261
13264
13272
13274
13278
13278
13281
13282
13282
13285
13286
13286
13290
13294
13302
13305
13307
13314
13317
13317
13317
13319
13319
13324
13325
13329
13332
13332
13333
13333
13334
13334
13334
13335
13336
13336
13337
13338
13340
13341
13346
13347
13352
13354
13355
13361
13362
13369
13380
13383
13384
13385
13386
13388
13388
13389
13390
13392
13394
13395
13397
13400
13401
13402
13407
13408
13411
13412
13415
13418
13418
13418
13418
13421
13424
13425
13428
13429
13436
13438
13438
13440
13440
13444
13444
13446
13448
13448
13452
13453
13456
13458
13458
13459
13460
13462
13462
13464
13467
13468
13469
13470
13470
13473
13474
13476
13476
13476
13477
13478
13484
13484
13484
13488
13490
13493
13495
13497
13497
13497
13499
13500
13512
13516
13517
13518
13519
13520
13525
13530
13530
13538
13546
13547
13549
13551
13552
13553
13553
13554
13554
13555
13555
13557
13558
13559
13559
13559
13562
13562
13568
13568
13569
13573
13573
13573
13577
13579
13582
13583
13585
13585
13586
13586
13586
13593
13595
13596
13600
13604
13605
13607
13608
13609
13611
13614
13616
13618
13622
13622
13624
13625
13630
13633
13634
13637
13638
13639
13639
13639
13642
13642
13646
13647
13649
13649
13651
13652
13653
13654
13654
13655
13658
13664
13664
13669
13670
13674
13680
13680
13681
13682
13683
13683
13688
13688
13689
13694
13697
13698
13701
13703
13708
13708
13710
13711
13712
13713
13717
13722
13724
13725
13731
13733
13733
13735
13737
13737
13737
13737
13741
13747
13749
13750
13751
13757
13758
13760
13765
13767
13772
13774
13775
13779
13779
13788
13788
13797
13803
13803
13805
13807
13807
13809
13812
13813
13815
13816
13816
13820
13821
13821
13831
13832
13832
13836
13836
13837
13838
13840
13842
13846
13850
13850
13851
13854
13854
13855
13857
13861
13866
13869
13872
13874
13875
13876
13882
13883
13883
13889
13890
13890
13893
13895
13895
13899
13901
13910
13916
13917
13926
13928
13930
13930
13932
13934
13935
13936
13936
13936
13939
13939
13941
13941
13944
13946
13946
13947
13948
13948
13948
13951
13951
13953
13954
13962
13966
13968
13969
13969
13973
13975
13977
13977
13984
13985
13985
13986
13988
13994
13995
13998
14000
14000
14001
14002
14005
14006
14006
14009
14013
14014
14016
14018
14019
14019
14019
14022
14023
14023
14027
14033
14033
14034
14039
14039
14042
14044
14047
14048
14049
14050
14052
14057
14057
14061
14066
14069
14070
14071
14072
14078
14080
14081
14081
14083
14086
14091
14095
14097
14102
14103
14104
14107
14112
14114
14115
14120
14122
14122
14122
14125
14133
14135
14136
14142
14143
14145
14146
14155
14157
14158
14159
14159
14159
14160
14162
14165
14167
14170
14176
14178
14181
14184
14187
14191
14193
14198
14198
14199
14200
14200
14202
14205
14210
14213
14215
14216
14217
14217
14217
14222
14225
14226
14229
14231
14234
14235
14238
14246
14247
14248
14252
14254
14254
14255
14256
14257
14257
14258
14258
14261
14261
14263
14263
14263
14265
14269
14270
14270
14274
14281
14286
14286
14290
14293
14296
14298
14299
14300
14303
14303
14303
14308
14310
14312
14313
14314
14316
14316
14320
14322
14323
14324
14326
14328
14329
14331
14333
14335
14338
14338
14339
14345
14346
14349
14352
14354
14358
14358
14359
14359
14361
14363
14365
14371
14372
14373
14374
14375
14377
14378
14384
14386
14387
14388
14395
14397
14398
14402
14403
14406
14408
14410
14414
14414
14416
14418
14420
14420
14422
14424
14426
14427
14427
14430
14431
14433
14435
14438
14439
14442
14442
14442
14442
14443
14447
14449
14451
14453
14461
14464
14464
14466
14468
14472
14477
14477
14477
14480
14488
14491
14492
14495
14495
14500
14501
14501
14504
14511
14512
14513
14514
14517
14519
14521
14525
14525
14526
14529
14531
14533
14534
14535
14535
14536
14539
14540
14543
14548
14551
14553
14555
14557
14558
14563
14563
14564
14564
14565
14570
14571
14573
14573
14574
14574
14575
14578
14578
14578
14579
14581
14583
14585
14585
14587
14588
14588
14594
14594
14594
14599
14600
14603
14603
14604
14605
14610
14611
14614
14614
14614
14617
14623
14624
14625
14627
14627
14629
14632
14644
14645
14651
14652
14652
14653
14660
14660
14665
14665
14669
14672
14672
14674
14677
14678
14681
14682
14688
14689
14691
14692
14692
14696
14696
14696
14697
14698
14700
14700
14700
14702
14710
14710
14715
14718
14721
14722
14724
14724
14724
14725
14725
14730
14736
14738
14739
14743
14746
14748
14752
14753
14753
14753
14760
14761
14764
14766
14766
14767
14768
14772
14777
14779
14779
14780
14780
14781
14783
14784
14786
14786
14790
14793
14793
14794
14797
14798
14800
14800
14802
14804
14805
14805
14807
14808
14811
14813
14813
14814
14822
14826
14827
14828
14831
14831
14832
14832
14832
14834
14834
14835
14835
14836
14836
14841
14844
14845
14847
14849
14851
14853
14854
14857
14859
14861
14864
14865
14865
14867
14869
14871
14873
14882
14886
14890
14892
14894
14895
14895
14896
14896
14899
14900
14903
14904
14905
14905
14908
14908
14909
14911
14912
14914
14920
14920
14921
14921
14921
14922
14927
14928
14928
14928
14930
14934
14934
14936
14937
14941
14944
14945
14948
14949
14954
14955
14956
14960
14966
14966
14967
14968
14976
14977
14979
14983
14986
14987
14988
14992
14992
14992
14992
14996
14998
14998
14998
14999
15004
15005
15006
15006
15008
15008
15009
15010
15013
15015
15015
15016
15017
15019
15020
15024
15027
15027
15028
15028
15029
15029
15032
15033
15034
15034
15035
15035
15037
15041
15042
15043
15044
15046
15046
15047
15050
15051
15051
15051
15053
15053
15056
15057
15062
15067
15069
15070
15070
15072
15077
15078
15078
15081
15082
15082
15083
15086
15093
15093
15096
15098
15099
15099
15105
15106
15108
15117
15119
15120
15121
15122
15122
15122
15122
15123
15123
15126
15132
15134
15139
15139
15151
15151
15152
15153
15154
15156
15160
15162
15162
15163
15165
15171
15172
15173
15177
15179
15182
15185
15189
15190
15191
15192
15192
15193
15193
15194
15194
15200
15206
15206
15207
15207
15207
15209
15212
15214
15214
15215
15215
15220
15220
15223
15224
15226
15226
15227
15233
15253
15259
15259
15259
15260
15265
15266
15267
15267
15268
15268
15274
15274
15282
15283
15284
15288
15289
15292
15295
15298
15300
15302
15306
15310
15312
15313
15316
15318
15319
15323
15324
15332
15334
15336
15339
15341
15341
15344
15347
15350
15352
15358
15365
15367
15369
15370
15372
15373
15378
15384
15385
15387
15388
15392
15393
15398
15399
15399
15400
15401
15402
15403
15404
15407
15407
15410
15410
15414
15414
15415
15417
15420
15421
15422
15429
15430
15433
15434
15434
15434
15438
15438
15440
15440
15441
15443
15445
15446
15448
15453
15454
15454
15455
15457
15458
15458
15460
15461
15463
15468
15469
15469
15470
15470
15470
15472
15474
15479
15480
15480
15482
15482
15484
15486
15486
15489
15494
15495
15496
15501
15503
15503
15504
15506
15512
15514
15523
15525
15525
15527
15528
15531
15534
15537
15538
15539
15539
15540
15545
15546
15546
15546
15547
15551
15556
15561
15562
15563
15563
15564
15568
15574
15575
15575
15581
15581
15583
15583
15585
15585
15587
15590
15594
15599
15604
15605
15605
15606
15607
15607
15607
15610
15611
15612
15616
15620
15621
15623
15623
15624
15626
15634
15641
15642
15643
15646
15651
15651
15651
15659
15663
15666
15668
15668
15668
15670
15672
15678
15678
15688
15688
15692
15692
15694
15698
15700
15703
15704
15705
15705
15705
15709
15715
15718
15722
15727
15727
15729
15729
15731
15732
15735
15737
15740
15743
15748
15752
15755
15755
15764
15765
15770
15771
15772
15777
15777
15779
15779
15785
15785
15786
15790
15791
15794
15794
15794
15795
15796
15798
15800
15801
15802
15809
15810
15810
15811
15814
15814
15817
15822
15823
15823
15826
15827
15828
15828
15830
15830
15831
15833
15834
15835
15835
15839
15839
15842
15843
15845
15845
15849
15851
15851
15854
15854
15856
15856
15858
15859
15860
15868
15869
15869
15878
15879
15880
15881
15884
15887
15890
15892
15892
15893
15893
15894
15894
15896
15898
15900
15900
15903
15909
15912
15913
15914
15914
15917
15920
15920
15925
15925
15926
15930
15930
15932
15941
15947
15948
15957
15959
15960
15961
15966
15966
15968
15970
15974
15976
15980
15983
15984
15984
15985
15985
15986
15988
15992
15993
15995
15996
15997
15999
arquivo ordenado pelo algoritmo quicksort tempo da ordenação = 1.99819 milisegundos

