5
10
16
17
21
26
28
32
38
43
98
99
161
161
175
177
205
208
221
258
291
292
308
313
328
358
368
371
382
386
425
448
454
466
468
480
483
500
511
519
530
559
605
628
639
648
668
673
678
738
746
765
770
776
801
805
816
830
845
852
864
870
910
934
959
964
970
975
977
999
1000
1004
1013
1025
1025
1052
1053
1064
1082
1091
1105
1117
1120
1128
1141
1159
1168
1170
1175
1181
1189
1192
1199
1199
1202
1208
1244
1297
1336
1342
1346
1355
1378
1389
1397
1405
1408
1408
1411
1417
1418
1437
1442
1447
1461
1469
1490
1501
1505
1522
1580
1583
1588
1614
1621
1629
1660
1702
1707
1718
1733
1772
1812
1819
1873
1877
1908
1946
1947
1950
1952
1954
1970
1988
2012
2032
2038
2053
2063
2070
2070
2092
2106
2107
2128
2131
2137
2177
2182
2194
2255
2255
2274
2282
2294
2307
2322
2327
2331
2344
2354
2356
2362
2365
2369
2452
2460
2460
2460
2460
2506
2538
2538
2557
2570
2574
2576
2635
2635
2657
2692
2697
2701
2704
2729
2732
2751
2754
2810
2821
2827
2850
2851
2855
2884
2886
2908
2915
2915
2917
2918
2945
2954
2975
2984
2994
3007
3011
3047
3048
3053
3081
3087
3114
3132
3137
3151
3155
3171
3171
3171
3198
3199
3200
3207
3209
3236
3260
3277
3280
3285
3304
3307
3326
3334
3335
3366
3367
3372
3414
3414
3417
3435
3442
3448
3458
3471
3485
3486
3495
3513
3523
3532
3554
3569
3599
3615
3637
3652
3697
3720
3738
3745
3770
3771
3776
3785
3794
3794
3804
3896
3923
3926
3957
3968
3980
3992
3997
4018
4028
4039
4041
4081
4086
4091
4108
4130
4138
4181
4197
4211
4213
4214
4269
4291
4292
4323
4353
4423
4425
4471
4481
4512
4517
4525
4538
4550
4567
4576
4593
4599
4602
4606
4629
4654
4668
4673
4696
4701
4722
4729
4742
4750
4760
4771
4783
4792
4810
4819
4824
4826
4888
4897
4923
4935
4941
4950
4962
4987
4991
4995
5011
5017
5023
5023
5033
5041
5053
5062
5071
5086
5102
5115
5128
5135
5138
5151
5152
5156
5195
5204
5236
5249
5269
5269
5323
5343
5390
5462
5502
5508
5511
5512
5533
5538
5541
5554
5566
5577
5587
5589
5598
5610
5635
5645
5652
5657
5667
5697
5700
5720
5764
5775
5786
5798
5894
5909
5916
5918
5927
5942
5962
5966
5980
6010
6032
6070
6125
6135
6164
6174
6175
6184
6206
6226
6252
6364
6374
6391
6404
6414
6420
6426
6499
6510
6524
6532
6552
6566
6590
6612
6615
6660
6668
6677
6680
6683
6693
6742
6751
6753
6759
6779
6823
6840
6850
6852
6916
6920
6943
6990
6990
7030
7044
7056
7056
7074
7090
7138
7138
7140
7149
7179
7180
7193
7202
7221
7222
7223
7232
7237
7249
7281
7355
7360
7381
7401
7406
7411
7413
7440
7445
7447
7452
7475
7502
7510
7514
7518
7518
7527
7532
7544
7551
7613
7616
7619
7694
7705
7711
7716
7718
7718
7728
7733
7745
7750
7752
7755
7758
7761
7767
7785
7833
7852
7867
7888
7893
7898
7927
7928
7957
7974
7993
7997
8000
8006
8023
8028
8033
8036
8040
8071
8072
8076
8081
8090
8107
8113
8119
8121
8124
8139
8141
8155
8174
8176
8179
8208
8213
8218
8226
8228
8233
8255
8256
8275
8285
8293
8364
8378
8384
8389
8392
8424
8429
8464
8492
8516
8536
8573
8606
8647
8658
8686
8698
8700
8731
8764
8783
8792
8796
8854
8940
8943
8981
8983
8996
9013
9014
9047
9067
9069
9083
9114
9120
9123
9213
9233
9236
9244
9290
9309
9312
9357
9375
9382
9388
9391
9393
9395
9436
9438
9441
9472
9489
9502
9505
9511
9527
9528
9554
9567
9570
9593
9594
9597
9620
9643
9664
9713
9716
9722
9782
9802
9840
9863
9917
9922
9964
9985
9987
9997
10008
10023
10025
10050
10103
10104
10119
10120
10130
10165
10167
10170
10177
10180
10194
10200
10254
10270
10293
10301
10306
10319
10333
10349
10365
10380
10414
10435
10491
10497
10504
10520
10615
10622
10624
10631
10636
10659
10662
10672
10702
10703
10708
10714
10720
10727
10750
10784
10800
10812
10834
10845
10845
10847
10887
10915
10941
10949
10952
10979
10987
11034
11037
11042
11076
11091
11120
11158
11175
11229
11232
11252
11253
11292
11297
11323
11338
11341
11354
11380
11412
11427
11431
11452
11461
11468
11519
11551
11561
11586
11623
11653
11677
11686
11691
11699
11708
11723
11725
11728
11744
11750
11763
11800
11808
11820
11844
11872
11928
11951
11955
12029
12036
12064
12071
12101
12103
12139
12139
12161
12164
12183
12186
12190
12196
12199
12240
12251
12271
12292
12293
12299
12323
12337
12338
12362
12387
12439
12447
12482
12526
12528
12548
12548
12579
12587
12603
12606
12607
12609
12617
12634
12645
12677
12721
12726
12777
12790
12792
12795
12819
12820
12833
12875
12893
12897
12908
12921
12934
12939
12956
12968
13000
13014
13030
13050
13056
13078
13078
13081
13099
13103
13105
13140
13153
13154
13155
13161
13180
13188
13192
13206
13221
13224
13224
13238
13243
13267
13287
13303
13392
13436
13465
13491
13551
13559
13607
13640
13670
13679
13716
13724
13732
13808
13871
13876
13879
13906
13932
13938
13970
13972
13989
13998
14001
14027
14029
14051
14086
14122
14124
14160
14173
14215
14222
14222
14243
14254
14259
14267
14271
14274
14281
14297
14298
14325
14359
14402
14411
14416
14424
14428
14517
14538
14548
14587
14591
14649
14669
14676
14747
14749
14752
14754
14754
14765
14766
14800
14801
14811
14815
14829
14854
14866
14875
14876
14878
14884
14889
14925
14940
14942
14972
15015
15036
15046
15098
15124
15146
15158
15177
15197
15201
15206
15216
15218
15251
15257
15262
15269
15287
15302
15311
15312
15362
15382
15384
15386
15392
15400
15403
15406
15439
15445
15480
15497
15500
15501
15548
15599
15600
15602
15606
15621
15655
15656
15664
15664
15714
15719
15729
15735
15751
15757
15797
15801
15809
15823
15826
15873
15881
15886
15893
15910
15915
15939
15971
arquivo ordenado pelo algoritmo quicksort tempo da ordenação = 0.189066 milisegundos

