0
1
2
3
3
3
5
5
6
6
7
7
8
8
11
12
12
14
14
16
16
18
20
21
21
22
22
24
25
28
28
29
30
33
33
34
34
34
38
38
38
40
41
41
41
41
41
46
47
47
48
50
50
51
52
53
54
55
58
60
61
62
64
64
67
68
68
68
68
69
70
70
70
72
72
72
73
76
77
78
79
79
82
84
85
87
89
89
89
89
90
90
91
95
95
96
97
100
102
103
104
105
105
105
105
106
106
106
107
108
109
109
109
110
116
118
118
119
119
122
123
123
125
128
129
129
130
132
135
135
135
135
136
136
138
139
139
140
141
142
142
143
144
145
145
145
146
146
147
147
147
149
150
151
151
152
154
158
161
163
164
170
172
173
173
174
175
176
176
176
178
178
180
181
183
186
186
187
190
191
192
192
193
194
194
195
195
196
197
197
199
203
203
204
206
210
215
216
219
219
220
221
221
221
222
223
223
224
224
224
225
225
226
226
228
229
230
230
232
233
233
233
236
239
241
242
242
242
242
242
242
245
246
247
247
247
248
248
248
249
249
249
254
254
255
255
256
256
256
258
259
259
260
260
262
263
264
264
264
264
267
268
268
269
270
271
271
276
277
278
278
278
278
278
279
279
279
280
281
282
283
283
285
286
287
287
288
289
289
289
294
295
295
299
299
301
302
302
302
305
307
307
308
308
311
311
312
313
313
313
315
315
316
316
317
318
320
320
324
324
324
325
325
328
328
329
329
331
331
331
332
334
334
336
336
336
337
337
338
342
342
343
343
344
346
346
346
346
348
351
352
354
354
355
355
361
363
364
364
366
368
368
369
370
370
370
371
373
375
377
378
380
382
383
384
385
385
387
389
389
389
390
390
390
392
394
394
395
397
397
399
399
401
401
404
406
406
407
408
409
409
410
411
414
414
415
417
418
418
419
420
421
421
422
427
428
428
428
428
429
430
430
430
430
432
435
436
436
437
439
440
440
440
442
442
444
444
445
446
448
449
449
450
452
452
453
454
456
456
456
456
457
459
462
463
464
464
464
467
468
469
469
470
471
473
473
473
475
476
477
478
478
478
479
479
480
481
482
482
483
484
485
486
489
490
493
493
493
493
495
496
498
499
499
500
501
501
503
504
505
506
506
509
512
512
513
514
516
516
517
519
520
521
522
524
525
526
526
527
527
530
533
533
533
534
536
538
538
539
539
545
547
547
548
548
549
551
551
551
552
553
554
556
556
556
558
562
562
563
565
567
572
573
573
574
574
574
575
576
576
578
580
580
580
582
582
584
585
586
587
588
588
590
590
592
592
592
593
594
595
595
596
597
598
598
598
599
599
600
603
603
603
605
608
610
610
612
612
613
615
616
616
618
618
619
621
622
622
624
625
627
628
628
628
630
632
632
633
633
633
634
638
640
641
641
643
644
646
646
647
647
649
650
650
653
653
654
654
656
656
657
658
659
660
662
663
664
664
664
666
666
668
670
671
672
673
674
674
676
679
680
680
680
681
682
683
683
685
685
686
687
688
689
690
691
692
692
693
693
693
693
693
695
697
697
698
699
699
699
699
699
702
703
705
706
707
708
710
710
710
712
713
714
716
716
718
719
720
720
721
721
722
723
725
727
728
730
730
730
731
731
732
733
733
734
734
736
737
737
738
739
739
740
741
741
742
744
745
747
748
750
751
752
753
755
756
757
759
763
763
764
764
769
770
771
771
773
774
775
776
779
780
781
783
783
784
785
785
786
789
790
791
791
794
794
794
795
795
795
796
796
797
797
798
798
799
799
800
802
802
802
807
809
809
811
811
812
812
815
817
817
818
818
819
819
819
819
819
820
820
821
822
822
822
823
826
826
828
828
829
831
832
832
833
835
835
835
836
839
840
840
840
840
841
842
843
844
844
844
845
845
845
846
847
850
850
850
851
853
853
854
854
856
857
857
859
859
860
863
863
865
865
865
866
869
872
872
872
872
873
877
878
878
881
882
882
884
884
884
886
886
886
886
889
889
890
892
892
893
894
894
894
895
897
899
900
900
900
902
903
904
904
904
905
905
908
909
909
911
912
915
917
917
917
918
920
922
923
925
926
927
928
929
930
930
932
933
933
933
936
936
938
940
942
942
944
945
946
946
955
956
956
957
958
959
961
962
962
963
966
967
967
968
970
970
975
976
977
977
977
977
980
980
980
981
981
981
983
983
983
984
984
987
989
989
991
991
993
993
994
995
996
997
998
998
998
1001
1001
1004
1008
1008
1009
1011
1012
1013
1013
1013
1016
1016
1018
1018
1021
1021
1022
1022
1022
1023
1023
1024
1024
1026
1027
1027
1027
1027
1028
1028
1029
1031
1031
1033
1033
1035
1035
1035
1037
1038
1040
1040
1040
1040
1042
1042
1042
1042
1043
1043
1043
1044
1044
1045
1047
1048
1049
1050
1051
1052
1054
1055
1056
1056
1058
1059
1060
1060
1062
1064
1067
1069
1069
1074
1077
1077
1078
1078
1078
1078
1080
1082
1082
1083
1085
1085
1086
1089
1091
1092
1093
1095
1095
1095
1096
1097
1097
1098
1099
1099
1099
1100
1100
1102
1102
1103
1107
1107
1108
1108
1108
1112
1112
1112
1113
1114
1114
1114
1115
1116
1117
1118
1119
1119
1120
1120
1120
1120
1122
1123
1123
1124
1124
1126
1127
1129
1129
1132
1132
1133
1134
1135
1135
1136
1136
1139
1139
1141
1142
1142
1145
1145
1145
1147
1147
1147
1149
1151
1152
1153
1153
1153
1154
1154
1155
1157
1158
1159
1164
1166
1166
1168
1169
1170
1170
1172
1172
1172
1173
1174
1175
1175
1176
1176
1181
1182
1184
1185
1186
1186
1187
1187
1188
1189
1189
1190
1190
1191
1196
1196
1198
1200
1202
1202
1203
1203
1204
1205
1206
1207
1207
1210
1210
1212
1214
1214
1214
1215
1216
1217
1219
1219
1224
1225
1226
1227
1228
1228
1228
1230
1230
1232
1236
1237
1237
1237
1243
1244
1245
1245
1248
1249
1250
1250
1252
1252
1255
1257
1258
1259
1261
1261
1264
1264
1265
1265
1265
1266
1268
1269
1270
1272
1272
1272
1274
1274
1275
1277
1278
1278
1279
1280
1281
1282
1282
1285
1287
1287
1291
1291
1291
1293
1293
1293
1296
1296
1297
1298
1298
1299
1300
1300
1301
1301
1303
1306
1308
1310
1310
1311
1311
1311
1312
1314
1314
1314
1317
1317
1318
1318
1319
1321
1321
1321
1323
1323
1324
1325
1327
1328
1328
1328
1328
1329
1329
1330
1332
1332
1333
1333
1334
1335
1335
1336
1338
1342
1342
1343
1344
1345
1346
1347
1349
1351
1351
1351
1351
1352
1352
1353
1354
1355
1356
1359
1359
1360
1362
1364
1364
1366
1366
1366
1366
1367
1371
1372
1372
1372
1374
1376
1377
1378
1378
1379
1380
1380
1383
1383
1384
1385
1386
1386
1386
1386
1386
1386
1388
1389
1389
1389
1390
1392
1392
1395
1395
1396
1397
1399
1399
1399
1400
1400
1402
1402
1402
1404
1405
1405
1405
1406
1406
1407
1408
1409
1411
1411
1411
1413
1414
1415
1415
1416
1416
1417
1420
1421
1424
1426
1426
1426
1426
1428
1428
1429
1430
1430
1430
1430
1431
1431
1432
1432
1434
1434
1436
1436
1438
1439
1440
1441
1441
1442
1443
1445
1445
1445
1446
1447
1447
1447
1448
1449
1449
1450
1454
1456
1456
1456
1457
1458
1463
1463
1463
1463
1465
1465
1466
1466
1467
1468
1469
1469
1470
1470
1470
1471
1471
1472
1472
1473
1474
1474
1475
1475
1476
1477
1477
1480
1485
1486
1486
1487
1488
1488
1490
1491
1491
1491
1491
1491
1496
1498
1498
1500
1500
1503
1503
1505
1506
1507
1508
1508
1509
1511
1511
1511
1514
1514
1514
1515
1515
1516
1517
1522
1523
1524
1526
1527
1527
1529
1529
1530
1530
1530
1532
1532
1532
1532
1533
1534
1534
1534
1535
1536
1538
1538
1538
1542
1543
1543
1546
1546
1546
1547
1548
1548
1549
1552
1552
1554
1555
1555
1556
1556
1560
1561
1561
1562
1562
1562
1562
1562
1562
1563
1564
1565
1565
1566
1568
1569
1569
1571
1572
1573
1573
1574
1575
1576
1578
1579
1581
1582
1583
1583
1584
1584
1584
1587
1587
1588
1589
1590
1591
1592
1592
1593
1595
1595
1595
1595
1597
1598
1599
1602
1604
1604
1605
1605
1606
1607
1611
1612
1614
1614
1617
1617
1617
1619
1620
1623
1623
1624
1626
1626
1627
1628
1629
1629
1631
1631
1632
1633
1634
1636
1637
1639
1640
1641
1641
1641
1642
1642
1642
1643
1643
1645
1646
1647
1650
1652
1652
1652
1653
1655
1656
1660
1660
1661
1662
1662
1662
1664
1665
1666
1668
1669
1670
1671
1673
1673
1674
1674
1675
1676
1676
1678
1678
1680
1682
1682
1683
1684
1687
1688
1688
1688
1690
1690
1690
1691
1692
1692
1693
1694
1695
1695
1695
1699
1699
1701
1702
1702
1702
1702
1702
1702
1702
1704
1706
1706
1707
1707
1710
1710
1711
1712
1713
1714
1714
1714
1716
1720
1720
1721
1721
1723
1723
1724
1726
1726
1727
1727
1728
1729
1729
1730
1731
1731
1733
1733
1734
1735
1735
1735
1737
1737
1737
1737
1738
1738
1739
1739
1741
1743
1744
1744
1746
1746
1750
1750
1751
1751
1752
1752
1756
1758
1760
1761
1761
1761
1765
1767
1767
1769
1769
1772
1777
1778
1778
1779
1779
1780
1781
1782
1784
1785
1785
1785
1785
1785
1787
1787
1788
1789
1791
1792
1793
1794
1795
1795
1797
1797
1799
1800
1802
1805
1805
1806
1808
1809
1809
1810
1810
1810
1811
1811
1813
1814
1814
1815
1815
1821
1823
1823
1823
1824
1824
1825
1825
1827
1829
1830
1831
1831
1832
1834
1834
1834
1835
1836
1836
1837
1837
1837
1838
1840
1841
1841
1843
1845
1845
1845
1845
1846
1847
1847
1849
1850
1850
1850
1851
1852
1852
1853
1854
1855
1855
1857
1857
1857
1859
1861
1865
1866
1866
1867
1867
1867
1869
1869
1870
1870
1870
1870
1871
1871
1872
1873
1874
1874
1877
1877
1880
1880
1880
1881
1883
1883
1884
1884
1885
1886
1887
1888
1891
1892
1893
1895
1895
1896
1897
1898
1898
1898
1899
1899
1900
1902
1903
1903
1903
1904
1905
1905
1908
1910
1911
1912
1912
1912
1913
1913
1913
1919
1919
1919
1920
1921
1922
1922
1922
1923
1924
1925
1927
1929
1930
1932
1932
1932
1933
1933
1934
1935
1935
1937
1937
1939
1940
1941
1941
1943
1943
1944
1945
1945
1946
1946
1947
1948
1949
1950
1951
1951
1952
1952
1954
1955
1955
1956
1956
1956
1957
1958
1958
1958
1959
1960
1960
1961
1961
1962
1962
1966
1968
1969
1970
1972
1974
1975
1977
1978
1978
1979
1980
1980
1982
1987
1988
1988
1988
1989
1989
1990
1992
1992
1992
1994
1994
1995
1995
1997
2000
2000
2002
2002
2005
2005
2006
2006
2007
2008
2009
2009
2010
2010
2010
2010
2011
2012
2012
2013
2014
2015
2018
2019
2020
2021
2022
2022
2023
2023
2024
2025
2025
2025
2027
2028
2030
2030
2031
2031
2032
2032
2033
2034
2035
2036
2037
2039
2039
2040
2040
2040
2041
2042
2042
2043
2044
2044
2046
2047
2048
2048
2048
2049
2051
2051
2054
2055
2057
2058
2061
2062
2063
2064
2065
2065
2066
2070
2071
2071
2074
2074
2074
2075
2075
2075
2076
2079
2080
2080
2081
2082
2083
2083
2085
2086
2087
2087
2087
2088
2089
2090
2091
2091
2093
2093
2093
2093
2094
2094
2098
2101
2104
2106
2106
2107
2107
2110
2110
2111
2111
2111
2111
2112
2112
2113
2114
2114
2114
2115
2117
2117
2118
2118
2119
2120
2121
2122
2124
2126
2127
2127
2129
2131
2131
2134
2134
2135
2135
2135
2136
2137
2138
2138
2139
2139
2139
2140
2140
2141
2143
2144
2145
2146
2147
2147
2148
2149
2149
2149
2150
2150
2152
2152
2153
2155
2155
2155
2156
2158
2159
2159
2160
2162
2162
2163
2163
2163
2165
2166
2166
2166
2166
2167
2168
2168
2168
2169
2170
2171
2171
2173
2174
2175
2179
2180
2182
2182
2183
2183
2184
2185
2185
2187
2193
2193
2196
2198
2199
2200
2200
2201
2204
2204
2206
2207
2208
2209
2209
2211
2211
2211
2212
2213
2216
2217
2219
2220
2220
2221
2222
2226
2226
2226
2228
2229
2231
2232
2235
2235
2235
2235
2236
2236
2237
2238
2240
2241
2241
2242
2243
2244
2244
2245
2246
2246
2247
2247
2247
2248
2248
2249
2249
2250
2251
2252
2253
2253
2255
2255
2256
2256
2258
2258
2258
2259
2260
2260
2262
2264
2265
2266
2266
2266
2267
2269
2271
2272
2275
2279
2280
2281
2284
2286
2287
2288
2288
2288
2288
2289
2289
2289
2291
2291
2292
2293
2293
2294
2295
2296
2297
2298
2299
2299
2299
2300
2300
2301
2303
2304
2306
2308
2308
2309
2310
2311
2313
2313
2317
2317
2318
2319
2319
2322
2322
2322
2324
2325
2327
2328
2330
2331
2332
2333
2333
2333
2335
2336
2336
2336
2336
2337
2340
2341
2341
2341
2341
2343
2343
2343
2345
2347
2348
2348
2348
2348
2349
2349
2350
2351
2351
2351
2352
2352
2354
2355
2355
2357
2358
2358
2361
2362
2362
2363
2364
2365
2365
2366
2366
2367
2367
2367
2369
2369
2369
2370
2371
2373
2373
2378
2379
2379
2380
2380
2382
2383
2384
2385
2385
2386
2386
2387
2388
2389
2390
2393
2393
2398
2398
2400
2402
2403
2404
2404
2406
2406
2406
2410
2410
2412
2413
2413
2413
2415
2416
2416
2418
2420
2421
2423
2423
2423
2426
2427
2427
2428
2429
2430
2430
2435
2436
2436
2438
2438
2439
2440
2442
2442
2442
2443
2444
2446
2447
2447
2447
2447
2450
2450
2452
2453
2455
2456
2459
2461
2462
2462
2464
2467
2467
2468
2469
2470
2471
2471
2472
2472
2474
2477
2477
2477
2478
2480
2481
2481
2482
2482
2486
2486
2487
2489
2489
2491
2492
2492
2492
2493
2493
2495
2495
2498
2499
2499
2500
2501
2502
2503
2505
2505
2505
2506
2507
2513
2517
2518
2519
2520
2521
2521
2525
2525
2527
2527
2529
2531
2533
2534
2536
2537
2540
2541
2542
2543
2547
2548
2549
2550
2550
2551
2551
2551
2552
2553
2554
2555
2556
2556
2557
2558
2559
2559
2560
2561
2561
2562
2562
2563
2564
2565
2566
2568
2568
2571
2571
2573
2574
2575
2577
2577
2578
2578
2578
2579
2579
2581
2581
2582
2583
2584
2584
2585
2586
2586
2586
2586
2587
2588
2588
2589
2590
2591
2593
2594
2594
2595
2597
2597
2599
2600
2601
2603
2603
2604
2604
2605
2605
2608
2609
2609
2609
2610
2610
2613
2613
2614
2615
2616
2616
2617
2621
2623
2623
2623
2623
2626
2626
2627
2628
2628
2631
2633
2634
2635
2636
2637
2638
2640
2640
2642
2644
2645
2646
2649
2650
2650
2650
2650
2651
2652
2654
2654
2654
2655
2657
2657
2657
2658
2659
2659
2660
2662
2663
2663
2664
2664
2668
2669
2672
2672
2673
2673
2673
2674
2674
2674
2675
2682
2683
2684
2688
2689
2690
2691
2692
2693
2693
2695
2696
2697
2697
2697
2697
2700
2701
2702
2702
2702
2703
2705
2706
2708
2708
2709
2710
2712
2712
2712
2713
2714
2715
2715
2715
2715
2716
2717
2718
2718
2718
2719
2719
2720
2720
2720
2721
2721
2722
2723
2725
2727
2728
2732
2735
2735
2735
2736
2737
2738
2738
2738
2739
2741
2741
2743
2743
2743
2744
2747
2749
2749
2750
2751
2752
2753
2754
2756
2757
2757
2758
2758
2759
2760
2760
2763
2764
2764
2765
2765
2766
2766
2766
2767
2767
2768
2770
2771
2772
2774
2774
2774
2774
2775
2775
2775
2776
2778
2779
2780
2780
2782
2783
2783
2783
2783
2785
2786
2788
2789
2791
2791
2792
2792
2794
2795
2795
2798
2799
2799
2801
2803
2803
2803
2806
2806
2807
2808
2812
2812
2813
2813
2814
2816
2816
2816
2817
2819
2819
2820
2821
2822
2822
2823
2825
2828
2829
2831
2832
2833
2833
2834
2835
2838
2839
2840
2840
2840
2840
2840
2841
2845
2846
2846
2846
2850
2851
2852
2852
2853
2854
2856
2857
2860
2862
2863
2863
2863
2863
2864
2864
2864
2864
2864
2865
2865
2867
2867
2869
2869
2870
2871
2871
2875
2875
2877
2880
2881
2881
2881
2881
2882
2883
2883
2885
2885
2885
2887
2889
2894
2894
2898
2898
2900
2900
2902
2902
2903
2905
2906
2906
2907
2907
2908
2909
2910
2911
2914
2914
2915
2916
2916
2917
2917
2917
2918
2919
2920
2923
2923
2924
2924
2924
2926
2926
2926
2926
2927
2928
2932
2932
2936
2937
2938
2940
2941
2941
2942
2943
2944
2945
2946
2950
2950
2955
2956
2957
2957
2957
2960
2961
2962
2964
2966
2966
2968
2970
2973
2974
2975
2977
2980
2982
2984
2988
2992
2993
2994
2994
2996
2996
2997
2997
2998
2999
2999
3000
3001
3004
3004
3004
3006
3007
3007
3008
3011
3015
3015
3016
3017
3018
3019
3020
3020
3023
3026
3026
3028
3028
3029
3030
3032
3033
3035
3035
3035
3039
3040
3042
3042
3043
3044
3044
3044
3044
3045
3045
3047
3047
3048
3048
3048
3048
3049
3049
3052
3052
3053
3053
3053
3055
3055
3055
3057
3057
3057
3057
3058
3059
3060
3060
3064
3065
3066
3067
3068
3068
3069
3070
3071
3073
3073
3073
3076
3077
3079
3079
3080
3080
3081
3083
3083
3083
3084
3085
3086
3088
3089
3089
3090
3090
3091
3091
3093
3094
3095
3095
3095
3096
3100
3102
3102
3104
3104
3105
3105
3105
3105
3107
3107
3109
3112
3115
3115
3115
3115
3116
3117
3117
3118
3118
3118
3120
3124
3124
3124
3124
3124
3127
3127
3128
3128
3129
3130
3130
3131
3132
3133
3135
3135
3136
3139
3139
3140
3141
3141
3143
3143
3144
3144
3145
3145
3145
3145
3146
3147
3150
3151
3152
3153
3153
3153
3154
3156
3156
3157
3158
3159
3159
3160
3160
3160
3160
3161
3163
3167
3167
3167
3168
3170
3171
3173
3173
3174
3174
3174
3175
3176
3177
3179
3179
3181
3181
3181
3181
3182
3183
3185
3185
3187
3187
3190
3190
3190
3192
3192
3194
3194
3196
3198
3198
3199
3202
3203
3203
3205
3205
3206
3206
3210
3210
3210
3210
3211
3211
3212
3212
3213
3214
3215
3216
3218
3219
3220
3221
3221
3225
3225
3225
3226
3226
3227
3227
3228
3232
3233
3236
3237
3237
3239
3240
3241
3241
3243
3245
3245
3247
3247
3247
3247
3250
3250
3251
3252
3252
3252
3253
3253
3253
3254
3255
3255
3256
3258
3260
3260
3260
3261
3262
3263
3263
3264
3265
3266
3268
3269
3269
3270
3272
3274
3275
3275
3276
3277
3278
3280
3281
3281
3282
3283
3283
3284
3285
3286
3288
3290
3291
3292
3295
3297
3298
3299
3299
3300
3300
3301
3301
3303
3306
3308
3308
3308
3310
3313
3313
3313
3314
3321
3321
3322
3322
3324
3324
3325
3325
3326
3326
3326
3327
3327
3328
3328
3330
3331
3331
3332
3333
3333
3333
3337
3337
3338
3338
3338
3339
3339
3341
3341
3342
3343
3343
3343
3345
3346
3346
3347
3350
3350
3351
3352
3354
3354
3357
3358
3359
3361
3362
3362
3362
3363
3363
3363
3366
3366
3366
3366
3367
3369
3369
3371
3372
3373
3374
3375
3376
3376
3376
3376
3377
3378
3378
3379
3379
3379
3381
3381
3382
3383
3384
3385
3385
3385
3387
3387
3387
3389
3391
3391
3392
3393
3395
3397
3398
3398
3398
3399
3400
3402
3402
3406
3406
3406
3406
3406
3407
3408
3408
3409
3411
3411
3412
3413
3413
3414
3414
3415
3415
3416
3416
3417
3418
3419
3420
3421
3421
3421
3421
3424
3425
3425
3425
3425
3426
3427
3429
3429
3430
3430
3430
3435
3435
3436
3437
3437
3439
3439
3439
3440
3440
3441
3441
3441
3442
3443
3443
3444
3444
3444
3445
3445
3448
3448
3448
3449
3449
3449
3451
3452
3452
3454
3455
3456
3456
3458
3459
3462
3463
3466
3467
3468
3469
3469
3470
3470
3470
3473
3473
3476
3477
3477
3479
3482
3482
3482
3485
3485
3487
3488
3488
3490
3491
3492
3494
3496
3496
3499
3500
3503
3505
3505
3507
3507
3508
3510
3511
3511
3512
3513
3518
3518
3519
3521
3521
3522
3522
3523
3524
3527
3527
3528
3529
3529
3530
3530
3530
3531
3534
3535
3537
3537
3538
3538
3539
3540
3540
3541
3544
3544
3546
3549
3550
3552
3552
3553
3554
3554
3555
3557
3557
3557
3558
3562
3562
3562
3562
3564
3564
3564
3567
3567
3569
3576
3579
3580
3580
3581
3585
3588
3588
3590
3590
3593
3594
3594
3597
3599
3599
3600
3600
3602
3602
3603
3603
3604
3606
3606
3607
3607
3607
3607
3610
3611
3611
3611
3613
3614
3615
3616
3619
3620
3620
3621
3622
3622
3623
3623
3624
3625
3626
3627
3630
3631
3634
3636
3636
3637
3637
3637
3637
3638
3638
3640
3642
3642
3645
3646
3647
3648
3649
3653
3654
3655
3656
3660
3660
3661
3665
3668
3671
3672
3672
3672
3674
3674
3674
3675
3675
3676
3676
3676
3679
3680
3681
3682
3683
3684
3684
3684
3685
3685
3686
3688
3690
3691
3693
3694
3695
3696
3696
3696
3698
3699
3700
3701
3701
3702
3704
3708
3709
3709
3710
3713
3714
3715
3716
3716
3718
3718
3719
3719
3720
3721
3721
3724
3725
3725
3726
3727
3727
3727
3729
3730
3734
3735
3735
3736
3736
3738
3741
3742
3743
3743
3744
3744
3744
3746
3748
3749
3750
3751
3751
3752
3753
3753
3754
3754
3754
3754
3756
3756
3757
3759
3759
3759
3759
3761
3762
3764
3766
3766
3767
3769
3769
3774
3774
3775
3776
3780
3780
3780
3781
3781
3783
3786
3787
3789
3789
3790
3791
3791
3792
3792
3799
3799
3801
3803
3804
3804
3805
3805
3809
3809
3810
3812
3812
3813
3814
3814
3816
3817
3822
3823
3823
3823
3823
3824
3824
3826
3827
3827
3827
3829
3829
3831
3831
3832
3834
3834
3835
3835
3836
3836
3838
3839
3839
3840
3840
3840
3840
3841
3842
3842
3843
3844
3844
3846
3847
3847
3847
3848
3849
3850
3850
3852
3852
3854
3854
3855
3856
3856
3857
3858
3859
3860
3860
3860
3860
3861
3861
3862
3862
3863
3864
3865
3865
3866
3867
3868
3869
3870
3871
3872
3873
3873
3874
3875
3876
3877
3880
3882
3884
3886
3886
3886
3886
3886
3887
3889
3889
3891
3894
3896
3899
3901
3901
3902
3903
3905
3905
3908
3909
3910
3911
3911
3913
3913
3914
3915
3915
3917
3917
3918
3918
3919
3919
3920
3921
3921
3921
3922
3923
3923
3924
3925
3925
3926
3928
3928
3929
3929
3929
3930
3931
3931
3931
3936
3936
3938
3938
3940
3943
3943
3947
3948
3949
3949
3949
3950
3953
3954
3954
3957
3957
3958
3958
3958
3958
3960
3961
3962
3962
3963
3964
3965
3967
3968
3968
3968
3970
3970
3973
3974
3974
3975
3975
3977
3980
3980
3980
3981
3981
3982
3983
3984
3984
3985
3985
3986
3986
3987
3988
3988
3989
3990
3990
3992
3992
3994
3995
3995
3997
3997
3998
3999
4001
4001
4002
4003
4006
4008
4008
4010
4011
4011
4012
4015
4016
4016
4016
4020
4021
4021
4021
4023
4025
4025
4025
4025
4026
4029
4029
4032
4033
4034
4034
4036
4037
4041
4043
4044
4046
4046
4047
4049
4050
4051
4053
4054
4056
4057
4058
4058
4059
4059
4060
4060
4061
4061
4061
4062
4063
4065
4065
4068
4068
4068
4071
4072
4074
4078
4078
4079
4079
4081
4081
4082
4083
4083
4083
4085
4088
4090
4092
4093
4093
4094
4094
4097
4098
4098
4101
4101
4102
4103
4104
4105
4106
4107
4107
4107
4108
4111
4112
4114
4115
4116
4118
4118
4118
4118
4119
4120
4120
4120
4122
4123
4123
4126
4129
4129
4129
4131
4132
4133
4134
4134
4135
4137
4140
4140
4141
4141
4142
4143
4143
4144
4144
4145
4145
4146
4146
4147
4148
4148
4149
4151
4153
4155
4156
4156
4157
4158
4159
4159
4160
4162
4163
4164
4165
4172
4172
4172
4172
4173
4178
4183
4183
4184
4185
4189
4189
4193
4194
4194
4194
4195
4195
4196
4197
4198
4198
4201
4201
4202
4205
4205
4206
4206
4208
4208
4209
4210
4210
4210
4212
4212
4212
4213
4216
4218
4219
4219
4219
4220
4222
4225
4225
4226
4227
4228
4229
4230
4232
4235
4235
4235
4237
4238
4238
4239
4239
4242
4243
4243
4244
4245
4247
4250
4252
4253
4253
4253
4254
4255
4261
4262
4263
4265
4266
4266
4268
4269
4269
4270
4270
4271
4271
4271
4273
4274
4274
4275
4277
4278
4280
4280
4282
4284
4287
4287
4287
4287
4292
4293
4294
4295
4295
4295
4298
4298
4299
4299
4301
4302
4303
4305
4307
4308
4309
4309
4309
4310
4310
4310
4310
4310
4312
4312
4312
4313
4314
4315
4315
4315
4319
4322
4322
4324
4327
4327
4328
4329
4329
4329
4331
4332
4333
4333
4334
4334
4334
4334
4336
4339
4339
4340
4340
4341
4342
4343
4343
4347
4348
4348
4350
4352
4352
4352
4359
4361
4361
4363
4364
4367
4368
4369
4369
4372
4373
4373
4373
4379
4381
4381
4381
4382
4385
4385
4385
4386
4386
4387
4389
4390
4392
4394
4395
4397
4398
4399
4400
4401
4404
4405
4405
4406
4408
4409
4409
4410
4412
4412
4413
4413
4413
4413
4414
4414
4418
4420
4421
4422
4424
4424
4425
4425
4428
4429
4430
4430
4430
4430
4431
4432
4433
4434
4434
4435
4436
4436
4437
4439
4443
4444
4444
4446
4447
4449
4451
4451
4452
4452
4453
4453
4456
4456
4457
4457
4457
4457
4460
4462
4462
4463
4463
4465
4468
4468
4469
4471
4473
4474
4475
4476
4476
4477
4479
4479
4480
4481
4482
4483
4483
4485
4485
4485
4486
4486
4487
4488
4488
4488
4489
4489
4491
4492
4492
4492
4493
4495
4495
4496
4497
4499
4500
4502
4503
4503
4504
4505
4505
4507
4509
4510
4513
4513
4515
4515
4515
4518
4518
4519
4520
4520
4521
4522
4522
4524
4524
4527
4527
4530
4532
4533
4534
4535
4535
4537
4537
4538
4538
4539
4541
4541
4541
4541
4542
4543
4543
4545
4545
4546
4547
4547
4548
4553
4553
4555
4557
4557
4559
4559
4561
4561
4564
4564
4565
4565
4566
4566
4566
4567
4568
4569
4571
4571
4572
4572
4573
4575
4576
4577
4578
4580
4582
4584
4585
4585
4585
4587
4588
4588
4591
4596
4597
4597
4597
4601
4602
4604
4605
4605
4605
4606
4607
4610
4612
4612
4612
4613
4613
4613
4613
4616
4616
4617
4618
4619
4622
4623
4624
4627
4628
4629
4631
4631
4635
4635
4637
4637
4637
4637
4638
4640
4641
4641
4643
4645
4646
4646
4648
4648
4650
4653
4655
4657
4658
4659
4661
4662
4662
4663
4663
4663
4664
4666
4669
4674
4676
4677
4678
4679
4679
4681
4682
4685
4690
4690
4693
4695
4695
4695
4697
4697
4697
4698
4698
4699
4699
4702
4702
4704
4706
4706
4707
4708
4710
4710
4711
4711
4711
4711
4711
4713
4713
4714
4714
4716
4719
4720
4721
4724
4725
4726
4726
4727
4727
4730
4736
4738
4738
4739
4739
4739
4740
4740
4743
4745
4745
4746
4749
4750
4751
4754
4755
4756
4757
4758
4759
4761
4763
4763
4763
4765
4765
4766
4767
4768
4768
4768
4771
4772
4772
4773
4773
4775
4775
4778
4780
4781
4782
4785
4785
4786
4788
4789
4790
4791
4792
4794
4796
4796
4797
4798
4799
4799
4799
4799
4800
4800
4800
4801
4802
4803
4804
4807
4808
4809
4809
4810
4813
4814
4814
4815
4815
4816
4817
4820
4821
4821
4822
4824
4825
4825
4827
4830
4832
4833
4834
4834
4834
4835
4835
4836
4837
4837
4838
4840
4840
4841
4842
4845
4849
4850
4850
4851
4851
4853
4853
4854
4855
4856
4857
4858
4859
4861
4861
4861
4863
4865
4866
4867
4868
4868
4868
4869
4871
4871
4872
4873
4877
4880
4881
4882
4882
4882
4882
4884
4884
4886
4887
4888
4889
4889
4889
4890
4891
4891
4892
4893
4893
4894
4894
4895
4896
4896
4897
4899
4901
4901
4902
4902
4903
4904
4906
4906
4907
4909
4911
4912
4914
4914
4914
4914
4915
4915
4916
4916
4917
4919
4919
4920
4921
4922
4924
4924
4925
4925
4926
4928
4932
4932
4934
4935
4937
4937
4939
4939
4939
4942
4944
4944
4945
4947
4949
4949
4952
4953
4953
4954
4954
4956
4957
4957
4962
4964
4965
4965
4966
4967
4967
4969
4970
4973
4974
4976
4976
4977
4979
4979
4979
4980
4983
4983
4984
4985
4985
4985
4985
4986
4986
4986
4987
4988
4990
4991
4992
4992
4994
4995
4995
4996
4997
4998
4999
5000
5000
5000
5001
5002
5004
5006
5006
5006
5007
5007
5009
5009
5012
5012
5014
5016
5017
5017
5018
5018
5019
5022
5022
5022
5024
5026
5026
5026
5027
5028
5029
5034
5035
5036
5036
5036
5037
5037
5037
5038
5039
5040
5044
5044
5045
5046
5046
5048
5049
5050
5050
5056
5056
5056
5056
5058
5059
5061
5062
5064
5064
5065
5065
5066
5067
5068
5069
5069
5070
5072
5074
5078
5078
5081
5083
5083
5084
5084
5084
5085
5087
5088
5089
5090
5090
5092
5092
5094
5094
5096
5098
5099
5102
5102
5102
5104
5104
5104
5105
5105
5106
5106
5108
5109
5109
5111
5113
5116
5116
5117
5118
5119
5119
5120
5120
5120
5121
5121
5122
5126
5126
5127
5128
5130
5130
5130
5131
5132
5134
5136
5137
5137
5137
5139
5140
5141
5141
5141
5141
5142
5144
5145
5146
5146
5149
5150
5152
5154
5155
5156
5158
5158
5159
5161
5162
5162
5164
5164
5165
5166
5168
5170
5171
5173
5174
5174
5175
5176
5176
5178
5181
5183
5186
5186
5187
5187
5187
5188
5188
5189
5190
5192
5193
5193
5194
5200
5200
5201
5201
5201
5207
5207
5211
5211
5211
5211
5212
5213
5214
5216
5217
5220
5222
5222
5223
5224
5225
5225
5226
5227
5229
5231
5231
5234
5235
5235
5236
5238
5239
5240
5240
5240
5241
5241
5242
5244
5244
5245
5246
5246
5247
5247
5248
5250
5253
5253
5258
5259
5259
5260
5261
5261
5261
5262
5262
5264
5264
5265
5268
5269
5270
5271
5271
5272
5272
5273
5273
5275
5277
5279
5280
5281
5281
5283
5283
5283
5283
5284
5285
5286
5288
5289
5290
5291
5291
5292
5293
5295
5299
5299
5300
5300
5300
5300
5302
5303
5303
5303
5305
5306
5307
5308
5308
5310
5310
5311
5311
5312
5312
5313
5313
5314
5314
5316
5316
5317
5319
5319
5322
5322
5322
5322
5323
5323
5323
5325
5326
5326
5326
5329
5329
5330
5331
5332
5334
5334
5334
5335
5336
5337
5337
5338
5341
5341
5342
5343
5343
5343
5344
5344
5344
5345
5345
5345
5347
5349
5349
5350
5351
5351
5351
5352
5353
5355
5356
5357
5360
5363
5364
5365
5370
5370
5371
5373
5374
5374
5375
5375
5376
5380
5381
5383
5383
5384
5384
5384
5386
5386
5387
5388
5389
5389
5389
5391
5392
5392
5395
5395
5404
5405
5406
5406
5407
5407
5408
5411
5411
5411
5412
5412
5412
5414
5415
5417
5417
5418
5418
5419
5419
5419
5420
5421
5424
5426
5426
5426
5427
5427
5427
5431
5431
5431
5433
5433
5434
5434
5436
5437
5437
5438
5439
5439
5441
5441
5441
5444
5446
5446
5446
5447
5448
5449
5451
5451
5452
5453
5453
5453
5454
5455
5456
5457
5458
5459
5462
5462
5465
5465
5466
5466
5467
5469
5472
5472
5474
5475
5476
5477
5478
5478
5479
5481
5484
5484
5485
5485
5486
5486
5486
5488
5489
5492
5494
5495
5496
5497
5497
5497
5497
5498
5499
5500
5500
5501
5501
5502
5502
5502
5503
5503
5505
5507
5508
5509
5512
5513
5514
5515
5516
5517
5517
5518
5518
5519
5520
5521
5522
5523
5523
5523
5525
5525
5525
5528
5530
5531
5536
5540
5542
5543
5543
5545
5545
5545
5546
5546
5548
5549
5550
5550
5551
5551
5553
5553
5554
5555
5556
5556
5557
5558
5558
5563
5565
5567
5569
5569
5569
5570
5570
5571
5573
5574
5575
5575
5576
5576
5578
5580
5582
5587
5588
5588
5591
5592
5595
5595
5597
5598
5600
5602
5603
5603
5604
5604
5604
5604
5605
5605
5606
5606
5607
5608
5608
5608
5609
5610
5613
5613
5614
5615
5618
5619
5619
5619
5619
5620
5621
5623
5623
5624
5627
5627
5627
5628
5628
5629
5632
5632
5632
5635
5636
5637
5640
5642
5643
5645
5645
5645
5646
5646
5646
5647
5648
5649
5649
5652
5652
5652
5653
5653
5653
5654
5655
5655
5655
5656
5658
5658
5658
5659
5662
5663
5664
5668
5668
5669
5672
5673
5674
5676
5676
5677
5677
5677
5680
5681
5681
5681
5682
5682
5686
5686
5686
5686
5686
5686
5686
5687
5688
5688
5690
5690
5691
5692
5692
5694
5694
5694
5694
5695
5697
5697
5699
5700
5700
5700
5701
5702
5703
5705
5707
5710
5712
5712
5712
5712
5714
5714
5715
5715
5715
5716
5717
5717
5717
5718
5718
5719
5720
5720
5721
5721
5724
5725
5726
5726
5726
5727
5730
5732
5733
5734
5735
5736
5738
5739
5741
5742
5743
5744
5746
5746
5749
5749
5750
5751
5751
5752
5752
5753
5753
5753
5754
5754
5754
5755
5756
5757
5759
5759
5759
5759
5761
5762
5762
5763
5764
5765
5765
5766
5767
5767
5769
5773
5773
5774
5775
5775
5776
5779
5781
5781
5783
5784
5785
5786
5787
5789
5791
5793
5793
5794
5796
5797
5799
5800
5801
5801
5808
5808
5808
5809
5810
5810
5811
5811
5811
5812
5815
5816
5817
5818
5820
5820
5821
5821
5824
5824
5825
5826
5828
5828
5831
5832
5832
5833
5833
5833
5833
5835
5836
5837
5837
5838
5839
5840
5841
5842
5844
5844
5847
5848
5849
5849
5851
5851
5852
5852
5853
5854
5854
5854
5856
5857
5858
5858
5858
5858
5862
5862
5863
5864
5865
5867
5871
5874
5875
5878
5880
5880
5882
5885
5885
5885
5886
5887
5888
5888
5888
5889
5889
5890
5890
5892
5892
5892
5893
5894
5895
5895
5896
5898
5899
5901
5901
5902
5905
5906
5908
5908
5909
5910
5910
5913
5914
5914
5914
5919
5920
5921
5922
5925
5927
5927
5929
5930
5932
5933
5934
5938
5938
5939
5939
5940
5943
5943
5945
5946
5947
5947
5948
5949
5950
5951
5951
5953
5954
5954
5955
5956
5957
5958
5958
5959
5959
5961
5966
5967
5968
5971
5972
5972
5972
5973
5975
5976
5979
5979
5980
5981
5982
5982
5983
5984
5985
5988
5988
5988
5988
5989
5989
5989
5989
5991
5992
5993
5993
5994
5997
5997
5997
5998
5999
5999
6001
6001
6002
6002
6004
6005
6006
6008
6009
6010
6014
6015
6016
6017
6018
6018
6018
6019
6020
6021
6022
6023
6023
6023
6023
6024
6025
6027
6028
6028
6029
6031
6032
6032
6032
6034
6035
6036
6036
6036
6038
6038
6038
6039
6039
6040
6041
6042
6042
6043
6043
6044
6045
6045
6046
6048
6049
6051
6051
6053
6055
6055
6056
6058
6058
6059
6061
6062
6064
6064
6065
6065
6066
6067
6068
6068
6069
6071
6071
6072
6073
6074
6075
6075
6078
6078
6082
6087
6090
6094
6100
6100
6100
6101
6101
6102
6103
6104
6105
6106
6108
6109
6109
6111
6111
6113
6113
6114
6115
6115
6115
6116
6116
6117
6118
6119
6122
6124
6124
6126
6126
6126
6127
6128
6130
6130
6131
6132
6132
6134
6134
6135
6135
6137
6138
6140
6141
6141
6142
6144
6146
6147
6148
6149
6149
6150
6153
6153
6155
6155
6155
6155
6156
6158
6158
6159
6159
6159
6160
6160
6160
6160
6162
6163
6164
6165
6166
6167
6169
6171
6171
6174
6174
6174
6178
6180
6180
6183
6183
6184
6186
6188
6190
6190
6190
6192
6192
6196
6197
6197
6198
6198
6199
6200
6201
6201
6203
6207
6207
6207
6208
6208
6209
6215
6216
6216
6219
6220
6222
6223
6224
6225
6225
6225
6226
6226
6227
6228
6228
6228
6228
6230
6231
6231
6232
6233
6233
6235
6235
6237
6238
6238
6243
6244
6244
6246
6248
6249
6250
6251
6252
6252
6254
6255
6255
6256
6258
6260
6261
6264
6264
6266
6267
6270
6273
6274
6274
6275
6276
6280
6281
6282
6282
6284
6287
6287
6288
6292
6293
6293
6293
6294
6295
6295
6296
6296
6296
6297
6299
6300
6301
6301
6302
6302
6304
6307
6307
6307
6307
6308
6308
6309
6309
6312
6312
6313
6314
6314
6317
6317
6319
6320
6321
6323
6325
6327
6331
6331
6331
6332
6332
6333
6337
6337
6340
6340
6341
6342
6343
6344
6345
6346
6346
6346
6346
6349
6349
6350
6353
6353
6354
6355
6355
6355
6356
6356
6358
6361
6362
6362
6367
6369
6370
6372
6373
6375
6377
6379
6380
6381
6382
6382
6386
6386
6389
6389
6392
6392
6392
6392
6393
6394
6396
6397
6397
6399
6399
6401
6401
6402
6405
6406
6407
6407
6408
6410
6414
6415
6416
6418
6418
6420
6420
6420
6422
6422
6423
6425
6426
6426
6427
6428
6429
6429
6430
6431
6433
6434
6436
6437
6437
6438
6438
6439
6440
6443
6444
6445
6446
6446
6446
6447
6447
6450
6452
6453
6453
6456
6457
6458
6459
6460
6460
6460
6464
6464
6464
6465
6466
6466
6466
6467
6467
6469
6470
6472
6474
6475
6476
6478
6479
6480
6481
6481
6482
6482
6484
6484
6486
6487
6488
6488
6489
6490
6491
6492
6492
6494
6494
6494
6495
6495
6498
6498
6498
6499
6500
6501
6501
6504
6504
6504
6504
6505
6507
6507
6508
6509
6510
6511
6512
6513
6515
6516
6517
6517
6518
6521
6521
6522
6523
6523
6523
6523
6523
6524
6524
6526
6528
6529
6530
6530
6530
6531
6532
6532
6534
6534
6534
6535
6538
6538
6538
6540
6543
6545
6545
6548
6551
6551
6552
6552
6554
6554
6555
6556
6557
6558
6558
6559
6560
6560
6560
6561
6562
6562
6563
6563
6564
6565
6570
6571
6574
6574
6574
6575
6576
6579
6581
6584
6585
6585
6585
6586
6588
6588
6588
6589
6589
6591
6592
6592
6595
6595
6597
6598
6600
6601
6602
6603
6605
6605
6606
6608
6610
6611
6611
6611
6612
6614
6617
6618
6618
6619
6619
6620
6620
6621
6621
6621
6622
6623
6623
6627
6627
6627
6630
6631
6632
6632
6633
6633
6635
6636
6637
6638
6638
6639
6639
6639
6639
6640
6640
6642
6642
6643
6645
6645
6645
6648
6649
6649
6650
6651
6653
6653
6654
6654
6654
6658
6659
6659
6659
6660
6662
6663
6664
6666
6668
6669
6669
6669
6670
6670
6672
6675
6677
6679
6681
6681
6683
6684
6684
6685
6685
6687
6689
6689
6690
6691
6692
6692
6693
6693
6694
6695
6697
6697
6698
6699
6700
6701
6701
6703
6704
6704
6705
6709
6709
6711
6711
6711
6712
6714
6716
6717
6717
6718
6721
6721
6722
6724
6724
6724
6725
6725
6729
6729
6729
6729
6730
6731
6731
6732
6734
6734
6735
6736
6738
6738
6739
6742
6742
6742
6742
6744
6744
6744
6747
6748
6749
6750
6751
6751
6751
6752
6752
6753
6753
6753
6754
6754
6754
6756
6756
6757
6757
6758
6758
6759
6759
6760
6760
6760
6761
6762
6762
6763
6765
6767
6767
6767
6768
6769
6771
6771
6772
6772
6773
6773
6773
6773
6774
6774
6774
6775
6775
6775
6777
6778
6779
6781
6782
6783
6784
6785
6785
6786
6789
6793
6794
6795
6796
6797
6798
6798
6800
6801
6802
6803
6803
6804
6805
6806
6807
6808
6812
6812
6812
6814
6814
6815
6816
6818
6818
6820
6820
6820
6821
6822
6823
6825
6825
6827
6827
6827
6827
6828
6828
6828
6830
6830
6831
6832
6832
6832
6833
6833
6834
6834
6835
6835
6836
6837
6839
6839
6839
6839
6839
6840
6840
6840
6841
6841
6845
6845
6846
6847
6847
6847
6847
6848
6848
6849
6849
6849
6853
6854
6856
6856
6856
6857
6857
6858
6860
6860
6860
6861
6862
6862
6863
6863
6863
6863
6865
6865
6867
6867
6868
6868
6869
6871
6873
6873
6874
6874
6875
6875
6877
6878
6879
6880
6881
6882
6883
6883
6885
6886
6886
6888
6888
6889
6890
6891
6892
6893
6894
6894
6896
6897
6898
6898
6898
6900
6900
6900
6901
6901
6903
6903
6903
6907
6908
6908
6910
6911
6914
6914
6916
6918
6919
6919
6919
6920
6920
6921
6921
6921
6922
6927
6928
6929
6932
6933
6933
6933
6933
6933
6934
6935
6937
6938
6938
6940
6941
6942
6942
6943
6944
6944
6946
6946
6947
6948
6950
6951
6954
6954
6955
6956
6956
6958
6958
6958
6959
6961
6963
6965
6966
6967
6967
6968
6968
6971
6972
6972
6973
6975
6976
6976
6977
6979
6979
6979
6980
6980
6980
6980
6981
6981
6981
6982
6984
6986
6986
6986
6987
6988
6988
6990
6990
6991
6993
6993
6996
6998
6999
6999
6999
6999
7002
7002
7002
7003
7004
7006
7009
7010
7013
7015
7015
7016
7016
7018
7021
7022
7023
7023
7025
7025
7026
7026
7026
7027
7029
7029
7030
7031
7031
7033
7035
7036
7037
7037
7039
7039
7040
7040
7041
7041
7043
7047
7050
7050
7051
7052
7053
7053
7060
7062
7064
7065
7065
7067
7067
7068
7070
7072
7073
7073
7075
7076
7078
7079
7081
7082
7083
7084
7086
7086
7087
7088
7089
7089
7090
7094
7094
7095
7099
7099
7100
7101
7103
7104
7104
7104
7104
7104
7107
7109
7111
7112
7113
7114
7114
7115
7117
7118
7118
7120
7120
7122
7123
7125
7126
7127
7128
7129
7130
7131
7131
7132
7132
7134
7135
7135
7135
7136
7139
7140
7140
7142
7142
7142
7146
7147
7148
7149
7150
7151
7153
7153
7153
7153
7154
7155
7156
7156
7156
7158
7158
7158
7162
7164
7165
7165
7167
7167
7169
7169
7170
7175
7176
7176
7176
7176
7178
7181
7182
7182
7183
7185
7186
7186
7186
7187
7187
7189
7191
7193
7196
7197
7197
7199
7200
7200
7201
7202
7204
7205
7205
7205
7206
7206
7207
7208
7209
7209
7209
7209
7209
7210
7210
7212
7212
7212
7213
7214
7214
7215
7215
7215
7216
7219
7220
7220
7221
7224
7225
7225
7228
7228
7228
7231
7232
7232
7233
7234
7235
7235
7235
7237
7240
7240
7240
7241
7242
7242
7244
7245
7245
7248
7248
7250
7251
7252
7252
7252
7253
7254
7256
7257
7258
7258
7260
7261
7262
7262
7262
7264
7266
7266
7267
7267
7267
7268
7271
7274
7276
7277
7280
7281
7281
7282
7283
7284
7284
7291
7292
7292
7292
7293
7293
7294
7295
7295
7295
7296
7296
7297
7299
7299
7300
7301
7302
7302
7304
7306
7309
7310
7310
7311
7311
7312
7312
7312
7316
7317
7318
7321
7321
7322
7323
7323
7328
7328
7330
7332
7332
7332
7333
7334
7334
7335
7337
7339
7339
7343
7343
7344
7344
7346
7347
7349
7350
7350
7351
7352
7352
7352
7353
7357
7358
7359
7359
7361
7362
7367
7368
7368
7368
7369
7370
7371
7371
7372
7373
7374
7375
7377
7377
7377
7378
7379
7379
7380
7380
7381
7382
7382
7382
7382
7385
7386
7386
7387
7389
7390
7390
7391
7392
7393
7396
7396
7399
7403
7407
7407
7408
7409
7409
7410
7410
7411
7412
7413
7414
7415
7415
7416
7417
7417
7417
7418
7419
7419
7420
7422
7422
7423
7424
7424
7426
7426
7428
7429
7432
7433
7435
7436
7437
7441
7441
7442
7443
7444
7444
7445
7447
7448
7448
7448
7449
7450
7450
7451
7452
7452
7452
7452
7455
7456
7456
7458
7458
7459
7460
7462
7465
7465
7465
7467
7468
7469
7470
7472
7473
7474
7476
7479
7479
7479
7479
7479
7479
7479
7480
7481
7485
7486
7486
7488
7488
7489
7490
7492
7493
7495
7495
7496
7497
7498
7502
7502
7502
7502
7505
7505
7506
7507
7507
7508
7510
7512
7513
7513
7514
7517
7517
7517
7518
7520
7521
7521
7521
7522
7522
7522
7523
7524
7525
7526
7527
7527
7527
7527
7528
7529
7530
7532
7533
7534
7534
7535
7536
7536
7538
7541
7542
7542
7544
7545
7545
7545
7546
7546
7547
7547
7549
7549
7550
7551
7552
7553
7553
7554
7554
7555
7556
7557
7559
7560
7561
7562
7562
7563
7564
7566
7566
7567
7569
7574
7574
7574
7575
7576
7577
7578
7579
7580
7581
7583
7583
7584
7584
7585
7586
7589
7589
7590
7592
7592
7593
7593
7594
7595
7595
7597
7598
7598
7598
7598
7599
7599
7600
7601
7603
7604
7605
7605
7605
7606
7607
7607
7608
7611
7612
7613
7615
7615
7616
7617
7617
7618
7618
7619
7620
7621
7622
7623
7624
7624
7625
7625
7628
7631
7631
7633
7634
7636
7637
7637
7638
7638
7639
7639
7639
7640
7640
7642
7642
7642
7644
7644
7646
7647
7647
7647
7647
7648
7649
7649
7649
7650
7651
7652
7656
7657
7657
7658
7658
7659
7659
7662
7663
7665
7666
7666
7668
7671
7671
7671
7673
7674
7675
7677
7678
7679
7679
7680
7686
7687
7688
7691
7692
7692
7695
7695
7696
7698
7698
7699
7703
7703
7703
7704
7705
7706
7706
7706
7708
7709
7711
7712
7712
7712
7712
7712
7713
7713
7713
7713
7714
7714
7715
7715
7717
7718
7718
7719
7719
7720
7721
7721
7722
7722
7723
7723
7724
7724
7725
7726
7726
7727
7727
7727
7730
7732
7733
7735
7735
7735
7735
7736
7736
7738
7738
7739
7739
7739
7740
7742
7743
7744
7745
7747
7748
7749
7749
7749
7751
7751
7753
7754
7754
7755
7758
7759
7760
7760
7760
7761
7761
7761
7762
7763
7763
7764
7764
7768
7769
7771
7772
7773
7773
7775
7775
7779
7779
7780
7781
7781
7782
7783
7785
7786
7788
7791
7792
7793
7793
7793
7794
7794
7794
7796
7798
7798
7798
7799
7800
7800
7800
7801
7801
7803
7803
7803
7806
7806
7806
7810
7811
7812
7812
7815
7815
7816
7818
7818
7820
7821
7822
7823
7823
7823
7823
7825
7826
7828
7831
7831
7832
7832
7833
7833
7834
7836
7836
7837
7840
7840
7842
7842
7842
7843
7844
7845
7847
7849
7849
7850
7852
7854
7856
7857
7858
7860
7862
7862
7864
7866
7866
7866
7870
7870
7871
7872
7873
7874
7874
7876
7876
7876
7877
7877
7878
7878
7880
7881
7881
7882
7883
7883
7886
7886
7887
7888
7890
7891
7893
7893
7894
7895
7898
7899
7900
7901
7903
7903
7905
7906
7906
7906
7911
7912
7913
7915
7917
7917
7919
7921
7922
7922
7923
7925
7926
7927
7929
7929
7930
7933
7934
7935
7936
7938
7939
7941
7943
7945
7945
7945
7946
7946
7946
7947
7947
7947
7948
7948
7950
7951
7951
7952
7952
7953
7955
7955
7958
7960
7960
7960
7960
7962
7962
7962
7963
7966
7967
7967
7967
7968
7971
7971
7971
7972
7972
7973
7974
7974
7976
7976
7978
7980
7981
7984
7984
7986
7987
7987
7988
7989
7989
7991
7992
7992
7993
7994
7994
7994
7995
7996
7996
7997
7997
7998
7999
8000
8002
8002
8002
8004
8005
8006
8007
8008
8008
8008
8009
8011
8012
8014
8017
8017
8017
8019
8020
8020
8021
8023
8026
8028
8028
8028
8030
8030
8033
8034
8035
8035
8036
8036
8037
8037
8038
8039
8039
8040
8041
8043
8046
8046
8047
8050
8052
8052
8052
8054
8054
8057
8059
8060
8060
8061
8061
8062
8062
8062
8065
8065
8066
8071
8073
8074
8077
8077
8078
8078
8079
8081
8082
8082
8083
8084
8087
8088
8089
8090
8091
8092
8093
8093
8093
8094
8094
8095
8095
8100
8101
8101
8102
8102
8103
8103
8106
8108
8111
8111
8112
8114
8116
8118
8118
8120
8125
8126
8126
8133
8134
8134
8135
8136
8136
8140
8140
8140
8143
8144
8145
8145
8146
8150
8151
8151
8152
8152
8154
8155
8155
8157
8158
8159
8159
8162
8162
8165
8166
8167
8167
8170
8170
8171
8172
8172
8172
8173
8173
8174
8177
8178
8182
8182
8185
8185
8186
8186
8187
8189
8189
8189
8189
8189
8190
8190
8191
8192
8194
8195
8197
8197
8199
8199
8201
8201
8202
8204
8205
8205
8207
8209
8212
8213
8213
8216
8217
8218
8218
8219
8219
8219
8220
8220
8221
8221
8222
8222
8222
8224
8224
8224
8225
8225
8226
8228
8228
8230
8231
8232
8233
8234
8236
8236
8236
8237
8237
8238
8239
8241
8243
8244
8246
8249
8250
8251
8252
8252
8254
8254
8254
8254
8255
8255
8256
8257
8259
8259
8259
8260
8262
8262
8263
8263
8263
8267
8269
8269
8270
8271
8272
8274
8274
8275
8275
8276
8277
8279
8279
8283
8283
8284
8286
8288
8289
8290
8290
8291
8292
8293
8293
8294
8294
8295
8296
8296
8299
8300
8301
8303
8304
8304
8305
8306
8306
8309
8309
8311
8312
8312
8312
8313
8313
8314
8314
8315
8315
8316
8316
8316
8317
8318
8319
8320
8322
8322
8323
8324
8327
8328
8329
8329
8331
8331
8334
8334
8336
8338
8339
8341
8342
8343
8344
8346
8347
8347
8348
8349
8350
8350
8350
8351
8351
8352
8354
8354
8355
8355
8356
8357
8357
8359
8363
8364
8364
8364
8365
8366
8366
8366
8368
8371
8372
8372
8374
8375
8375
8376
8378
8378
8378
8379
8379
8380
8381
8383
8386
8387
8388
8388
8389
8389
8391
8392
8393
8394
8394
8396
8397
8397
8398
8398
8399
8400
8400
8400
8401
8402
8402
8407
8408
8409
8410
8410
8413
8414
8415
8416
8416
8417
8417
8417
8417
8418
8421
8421
8421
8421
8422
8424
8424
8425
8425
8426
8426
8427
8428
8429
8429
8430
8432
8434
8434
8436
8437
8438
8438
8438
8439
8439
8440
8442
8447
8447
8449
8451
8453
8453
8454
8455
8455
8455
8455
8456
8457
8458
8460
8465
8466
8467
8468
8468
8469
8470
8472
8476
8476
8479
8479
8481
8482
8483
8483
8484
8484
8487
8487
8489
8490
8490
8490
8490
8492
8492
8494
8495
8495
8498
8498
8498
8498
8498
8500
8500
8501
8501
8501
8502
8506
8510
8510
8512
8514
8514
8514
8516
8517
8517
8518
8519
8520
8520
8521
8522
8523
8523
8526
8528
8532
8533
8533
8535
8537
8541
8543
8544
8544
8544
8544
8547
8547
8549
8553
8554
8554
8554
8554
8555
8556
8559
8562
8563
8563
8563
8564
8566
8566
8566
8567
8567
8567
8568
8569
8569
8570
8572
8572
8572
8574
8575
8575
8575
8575
8577
8578
8578
8579
8579
8582
8582
8583
8584
8584
8586
8586
8587
8590
8591
8591
8591
8592
8592
8594
8594
8594
8596
8597
8597
8597
8597
8598
8599
8601
8602
8602
8603
8605
8606
8607
8608
8608
8608
8608
8611
8612
8614
8614
8614
8615
8616
8616
8618
8619
8620
8622
8623
8625
8626
8626
8628
8628
8628
8630
8630
8631
8632
8634
8635
8635
8636
8636
8636
8636
8637
8638
8639
8640
8642
8642
8643
8643
8644
8644
8645
8646
8646
8647
8649
8651
8653
8654
8655
8657
8657
8658
8661
8663
8663
8663
8664
8664
8668
8669
8670
8670
8672
8672
8673
8673
8673
8674
8674
8676
8677
8678
8678
8679
8680
8681
8683
8685
8688
8690
8692
8692
8693
8693
8694
8695
8696
8697
8697
8697
8700
8701
8702
8704
8704
8704
8705
8705
8706
8707
8707
8708
8708
8708
8708
8709
8710
8711
8711
8711
8714
8716
8717
8717
8718
8718
8720
8721
8722
8723
8723
8725
8726
8726
8727
8727
8728
8730
8731
8732
8733
8734
8735
8736
8738
8739
8740
8740
8740
8741
8741
8741
8745
8745
8748
8750
8752
8753
8755
8755
8756
8756
8758
8761
8763
8766
8768
8768
8768
8770
8770
8770
8771
8771
8771
8772
8773
8774
8776
8776
8777
8778
8778
8780
8784
8785
8787
8788
8792
8792
8792
8793
8794
8795
8795
8796
8797
8798
8798
8798
8799
8800
8804
8804
8805
8805
8807
8808
8810
8810
8811
8813
8815
8817
8818
8819
8820
8820
8821
8823
8824
8824
8824
8827
8827
8829
8829
8831
8831
8832
8832
8832
8833
8835
8835
8835
8835
8835
8835
8838
8840
8841
8841
8844
8846
8849
8853
8853
8856
8856
8857
8858
8859
8861
8862
8862
8863
8865
8866
8870
8870
8871
8872
8872
8873
8875
8876
8876
8876
8876
8878
8880
8882
8884
8884
8885
8887
8887
8890
8890
8891
8891
8892
8895
8896
8897
8898
8898
8899
8899
8899
8900
8902
8902
8902
8902
8903
8904
8906
8907
8907
8909
8909
8910
8911
8912
8912
8913
8913
8915
8915
8916
8917
8917
8919
8920
8920
8920
8921
8922
8923
8923
8923
8923
8923
8923
8923
8926
8927
8927
8927
8930
8930
8934
8936
8939
8940
8942
8946
8947
8948
8948
8948
8948
8949
8951
8951
8952
8952
8955
8957
8957
8959
8961
8962
8963
8964
8964
8965
8965
8967
8967
8967
8968
8969
8970
8974
8974
8975
8976
8976
8978
8978
8979
8980
8982
8983
8984
8985
8988
8988
8988
8989
8990
8991
8993
8995
8995
8997
8997
8997
8998
8998
8998
8999
8999
9001
9006
9007
9011
9011
9012
9013
9014
9014
9016
9016
9018
9018
9019
9021
9022
9022
9024
9028
9028
9028
9029
9030
9030
9030
9031
9031
9032
9035
9037
9037
9037
9037
9038
9040
9041
9042
9043
9043
9043
9044
9045
9045
9045
9046
9047
9047
9048
9048
9049
9049
9050
9051
9053
9053
9053
9057
9058
9058
9059
9059
9060
9062
9062
9063
9064
9065
9065
9065
9066
9067
9070
9072
9072
9073
9076
9076
9077
9078
9079
9081
9081
9082
9084
9085
9085
9086
9087
9087
9087
9087
9088
9088
9088
9089
9090
9090
9091
9091
9092
9094
9096
9097
9097
9101
9102
9105
9105
9106
9110
9110
9111
9111
9111
9111
9113
9114
9116
9117
9117
9117
9117
9118
9119
9122
9124
9124
9125
9125
9126
9128
9130
9131
9134
9135
9135
9136
9137
9137
9138
9138
9139
9140
9141
9141
9142
9142
9143
9143
9144
9145
9148
9149
9149
9150
9151
9154
9155
9155
9157
9161
9161
9162
9164
9164
9165
9165
9166
9166
9167
9169
9170
9170
9170
9173
9175
9177
9178
9179
9180
9180
9182
9182
9185
9185
9185
9185
9189
9189
9190
9192
9193
9196
9196
9198
9198
9198
9199
9200
9200
9201
9203
9204
9204
9205
9205
9206
9207
9208
9209
9211
9212
9214
9215
9216
9217
9217
9217
9217
9218
9218
9221
9221
9221
9222
9222
9222
9223
9223
9223
9224
9224
9225
9226
9226
9227
9227
9227
9228
9229
9230
9230
9231
9233
9234
9237
9237
9238
9239
9240
9241
9241
9243
9247
9247
9249
9250
9252
9252
9253
9254
9254
9255
9256
9256
9258
9258
9258
9261
9261
9262
9265
9265
9267
9268
9271
9271
9272
9272
9275
9275
9276
9276
9276
9278
9278
9278
9280
9281
9282
9283
9283
9284
9285
9286
9287
9288
9290
9290
9291
9292
9293
9293
9293
9295
9296
9298
9300
9300
9301
9301
9304
9305
9308
9309
9310
9311
9311
9313
9314
9317
9318
9320
9321
9321
9321
9321
9321
9321
9322
9323
9324
9324
9325
9326
9328
9328
9329
9332
9332
9333
9333
9334
9336
9336
9337
9337
9337
9338
9338
9339
9339
9339
9340
9340
9341
9341
9342
9343
9344
9344
9345
9346
9348
9348
9349
9349
9349
9349
9349
9350
9350
9350
9351
9352
9352
9352
9353
9354
9355
9355
9355
9356
9356
9357
9358
9358
9359
9359
9359
9359
9360
9360
9361
9362
9362
9363
9366
9366
9367
9369
9369
9370
9371
9376
9376
9377
9377
9378
9379
9380
9380
9381
9382
9383
9384
9384
9384
9385
9387
9388
9388
9390
9393
9393
9393
9396
9396
9397
9398
9399
9399
9400
9403
9405
9406
9407
9408
9411
9412
9413
9414
9414
9414
9414
9415
9417
9419
9421
9421
9422
9423
9423
9424
9424
9425
9427
9428
9428
9428
9429
9430
9433
9434
9434
9434
9434
9435
9436
9437
9437
9437
9440
9442
9443
9443
9444
9446
9446
9448
9449
9449
9450
9450
9450
9452
9453
9453
9455
9456
9457
9457
9459
9461
9463
9463
9464
9466
9466
9467
9469
9470
9470
9470
9471
9471
9472
9473
9473
9474
9476
9479
9479
9480
9481
9481
9482
9483
9484
9485
9485
9485
9487
9487
9490
9490
9491
9492
9492
9492
9493
9493
9494
9495
9496
9496
9497
9498
9498
9498
9499
9499
9500
9501
9503
9507
9507
9508
9508
9509
9510
9510
9513
9514
9514
9515
9516
9517
9517
9517
9518
9518
9519
9520
9521
9521
9521
9522
9522
9522
9525
9525
9525
9526
9528
9528
9528
9530
9532
9532
9532
9533
9534
9534
9535
9536
9537
9537
9537
9539
9542
9544
9545
9545
9546
9546
9549
9549
9549
9550
9551
9555
9556
9557
9557
9557
9558
9558
9559
9559
9560
9561
9561
9562
9563
9563
9566
9567
9567
9568
9568
9569
9570
9571
9572
9572
9573
9573
9574
9574
9574
9574
9577
9577
9578
9579
9580
9581
9582
9583
9584
9584
9584
9585
9585
9586
9587
9587
9588
9588
9588
9589
9589
9589
9590
9590
9591
9593
9594
9594
9595
9595
9596
9596
9598
9600
9602
9603
9605
9605
9605
9606
9606
9607
9607
9607
9610
9611
9613
9613
9614
9615
9615
9618
9619
9620
9622
9622
9622
9623
9623
9624
9624
9625
9627
9628
9628
9629
9633
9633
9635
9636
9636
9638
9638
9640
9641
9642
9643
9644
9646
9646
9647
9648
9648
9648
9649
9649
9650
9651
9651
9651
9652
9652
9652
9653
9654
9654
9656
9657
9658
9659
9661
9663
9663
9665
9665
9665
9667
9668
9668
9668
9669
9669
9672
9672
9672
9672
9673
9675
9676
9676
9677
9677
9678
9679
9681
9682
9682
9682
9683
9683
9683
9687
9689
9692
9693
9694
9695
9695
9696
9697
9699
9700
9703
9708
9708
9709
9717
9717
9717
9719
9719
9720
9721
9722
9723
9724
9724
9724
9725
9725
9729
9729
9730
9730
9731
9733
9733
9735
9736
9737
9738
9739
9740
9740
9741
9742
9742
9743
9743
9744
9745
9749
9749
9752
9752
9756
9756
9758
9760
9761
9764
9764
9764
9765
9766
9766
9766
9767
9767
9767
9769
9769
9770
9770
9772
9774
9776
9776
9777
9778
9778
9780
9783
9783
9784
9785
9786
9788
9788
9788
9790
9792
9792
9792
9796
9796
9797
9798
9800
9803
9805
9805
9805
9805
9805
9805
9806
9807
9808
9809
9811
9811
9812
9812
9812
9814
9817
9817
9818
9820
9821
9821
9821
9822
9823
9823
9823
9824
9825
9825
9826
9828
9828
9828
9830
9830
9833
9837
9837
9837
9838
9838
9839
9839
9839
9843
9846
9846
9847
9848
9849
9850
9850
9850
9851
9851
9852
9853
9853
9854
9854
9856
9856
9857
9858
9858
9859
9859
9860
9860
9860
9861
9862
9863
9863
9865
9867
9868
9868
9869
9870
9873
9873
9874
9874
9875
9877
9878
9878
9879
9880
9880
9880
9881
9882
9882
9883
9883
9885
9885
9887
9887
9889
9889
9893
9893
9894
9894
9894
9895
9895
9896
9896
9898
9899
9900
9900
9902
9902
9903
9903
9904
9904
9905
9905
9907
9908
9909
9910
9910
9911
9911
9912
9912
9913
9913
9913
9914
9920
9921
9921
9922
9923
9924
9925
9926
9926
9928
9929
9930
9931
9932
9932
9933
9934
9935
9937
9937
9937
9937
9938
9938
9940
9941
9941
9942
9942
9944
9944
9945
9946
9946
9947
9947
9948
9951
9952
9953
9953
9954
9954
9955
9955
9956
9957
9958
9959
9959
9959
9962
9962
9963
9964
9966
9966
9967
9968
9968
9970
9970
9972
9972
9974
9975
9976
9978
9982
9985
9988
9990
9990
9992
9993
9993
9993
9996
9998
9998
10000
10000
10000
10001
10001
10002
10002
10004
10004
10006
10006
10010
10010
10011
10011
10011
10012
10013
10015
10015
10017
10018
10018
10021
10022
10026
10027
10027
10029
10029
10030
10031
10031
10032
10035
10040
10040
10040
10041
10044
10045
10046
10047
10048
10048
10048
10049
10049
10050
10050
10051
10051
10052
10052
10053
10056
10056
10058
10059
10060
10064
10065
10066
10066
10067
10068
10068
10069
10070
10070
10070
10071
10071
10071
10073
10073
10074
10076
10077
10077
10079
10079
10084
10084
10085
10085
10086
10086
10086
10086
10087
10088
10088
10089
10090
10091
10091
10092
10094
10095
10095
10096
10096
10098
10102
10104
10104
10105
10105
10105
10105
10105
10107
10107
10109
10109
10110
10110
10111
10112
10113
10114
10114
10115
10116
10117
10118
10118
10118
10119
10123
10123
10123
10123
10126
10128
10128
10130
10131
10131
10131
10134
10138
10138
10139
10140
10141
10142
10143
10148
10150
10154
10154
10154
10155
10156
10157
10157
10158
10159
10159
10161
10165
10166
10167
10167
10168
10169
10170
10170
10171
10172
10172
10173
10174
10176
10176
10177
10178
10178
10180
10180
10183
10183
10183
10184
10186
10186
10187
10191
10192
10192
10193
10197
10199
10201
10201
10202
10203
10203
10205
10206
10206
10207
10207
10208
10208
10210
10210
10211
10213
10214
10215
10217
10217
10218
10219
10219
10225
10225
10225
10228
10229
10230
10231
10232
10233
10233
10235
10235
10236
10237
10238
10239
10240
10240
10241
10242
10242
10242
10243
10243
10243
10244
10245
10246
10246
10247
10248
10248
10249
10249
10250
10250
10251
10251
10251
10252
10252
10253
10253
10255
10256
10256
10257
10258
10259
10260
10260
10260
10260
10261
10262
10263
10265
10266
10266
10266
10267
10270
10272
10275
10278
10278
10279
10279
10281
10281
10282
10285
10285
10286
10289
10290
10291
10291
10291
10291
10295
10295
10297
10298
10298
10301
10301
10303
10305
10305
10308
10312
10313
10315
10316
10316
10317
10317
10317
10318
10321
10321
10321
10322
10322
10323
10324
10324
10324
10326
10329
10331
10331
10331
10332
10333
10337
10338
10339
10340
10342
10347
10352
10354
10355
10356
10358
10361
10362
10363
10363
10364
10365
10366
10369
10370
10371
10371
10372
10373
10377
10377
10378
10380
10381
10382
10382
10382
10382
10383
10383
10384
10385
10388
10388
10388
10388
10388
10388
10389
10390
10390
10394
10394
10394
10396
10396
10399
10400
10402
10402
10403
10403
10403
10404
10405
10406
10408
10408
10409
10411
10412
10414
10416
10418
10419
10419
10419
10420
10423
10423
10424
10424
10425
10425
10427
10428
10430
10430
10431
10432
10432
10432
10435
10436
10438
10443
10444
10446
10447
10448
10449
10449
10449
10451
10456
10456
10457
10458
10460
10462
10464
10464
10467
10468
10469
10474
10475
10476
10476
10477
10478
10479
10481
10482
10482
10482
10482
10483
10485
10485
10486
10486
10488
10488
10488
10490
10491
10493
10494
10496
10496
10498
10500
10500
10500
10501
10501
10503
10503
10504
10505
10505
10506
10506
10506
10508
10510
10510
10512
10513
10513
10513
10516
10518
10519
10521
10522
10522
10523
10523
10524
10524
10525
10526
10527
10529
10531
10533
10533
10533
10534
10536
10537
10539
10541
10541
10544
10545
10549
10549
10549
10551
10555
10556
10556
10557
10557
10557
10559
10560
10562
10562
10563
10563
10563
10564
10565
10565
10567
10567
10570
10573
10575
10576
10577
10579
10579
10581
10581
10581
10581
10585
10588
10589
10590
10590
10592
10595
10595
10595
10596
10597
10598
10599
10600
10601
10601
10601
10604
10604
10604
10605
10605
10605
10609
10610
10610
10612
10613
10614
10615
10615
10615
10618
10619
10620
10620
10620
10621
10622
10624
10625
10627
10628
10628
10629
10630
10632
10634
10635
10636
10636
10637
10637
10637
10640
10640
10647
10648
10648
10649
10650
10651
10651
10651
10653
10654
10655
10656
10658
10660
10661
10661
10662
10662
10664
10664
10665
10666
10667
10668
10668
10669
10670
10670
10671
10672
10672
10673
10673
10673
10675
10678
10678
10678
10678
10679
10679
10684
10685
10686
10686
10687
10687
10689
10689
10689
10691
10691
10691
10693
10694
10694
10696
10698
10698
10699
10700
10701
10701
10702
10702
10703
10703
10704
10704
10704
10705
10705
10708
10708
10713
10714
10715
10717
10718
10718
10719
10720
10720
10721
10722
10723
10723
10726
10726
10727
10732
10735
10735
10735
10737
10737
10737
10737
10740
10741
10742
10742
10742
10743
10745
10745
10745
10745
10746
10747
10747
10748
10748
10751
10752
10756
10756
10756
10758
10759
10763
10763
10764
10765
10765
10765
10765
10768
10770
10771
10772
10773
10773
10776
10777
10778
10778
10779
10779
10779
10780
10784
10785
10786
10786
10787
10787
10787
10788
10788
10789
10790
10790
10790
10790
10792
10793
10793
10794
10796
10796
10797
10798
10800
10800
10801
10801
10801
10802
10802
10804
10806
10807
10811
10812
10813
10813
10813
10815
10816
10817
10820
10820
10821
10822
10823
10824
10824
10825
10825
10825
10830
10834
10835
10836
10838
10838
10838
10839
10839
10839
10840
10841
10842
10843
10844
10844
10845
10846
10847
10847
10848
10851
10851
10852
10852
10853
10856
10856
10857
10859
10860
10860
10861
10864
10865
10868
10868
10870
10870
10870
10870
10871
10872
10874
10874
10875
10877
10878
10878
10878
10880
10880
10880
10881
10887
10889
10889
10891
10893
10893
10895
10898
10898
10899
10900
10900
10901
10901
10901
10902
10902
10903
10904
10906
10906
10906
10907
10909
10912
10912
10915
10917
10917
10917
10918
10919
10921
10921
10921
10924
10926
10926
10927
10927
10929
10932
10932
10934
10934
10935
10936
10936
10938
10940
10940
10941
10942
10942
10943
10944
10944
10946
10949
10950
10952
10952
10953
10953
10955
10956
10956
10958
10958
10960
10961
10961
10963
10964
10966
10969
10970
10970
10970
10971
10971
10972
10973
10973
10974
10974
10977
10978
10978
10980
10981
10983
10984
10984
10985
10986
10987
10987
10987
10987
10989
10990
10991
10991
10992
10994
10995
10996
10996
10997
10997
11000
11003
11004
11004
11005
11005
11006
11006
11006
11007
11007
11007
11009
11017
11017
11019
11020
11020
11021
11021
11022
11022
11025
11029
11034
11035
11035
11035
11036
11036
11037
11038
11038
11039
11040
11042
11044
11045
11047
11048
11048
11048
11049
11053
11053
11053
11053
11054
11054
11055
11056
11057
11057
11058
11058
11059
11060
11062
11062
11062
11062
11063
11063
11063
11065
11065
11065
11066
11068
11069
11073
11073
11073
11075
11076
11077
11077
11079
11080
11080
11080
11081
11083
11083
11086
11087
11088
11088
11089
11090
11091
11094
11094
11095
11095
11095
11096
11097
11098
11098
11099
11099
11099
11099
11099
11101
11101
11102
11103
11106
11106
11106
11106
11108
11108
11109
11109
11109
11110
11110
11113
11114
11114
11116
11116
11116
11117
11117
11117
11118
11118
11119
11119
11121
11121
11123
11124
11125
11126
11128
11128
11128
11129
11129
11131
11131
11132
11132
11133
11133
11134
11136
11137
11137
11137
11138
11138
11138
11139
11139
11142
11142
11142
11143
11144
11146
11146
11146
11147
11150
11152
11152
11153
11154
11154
11155
11156
11156
11158
11159
11160
11160
11162
11163
11163
11165
11168
11168
11168
11169
11169
11173
11175
11177
11177
11178
11180
11181
11181
11182
11185
11185
11186
11186
11186
11186
11187
11188
11189
11189
11191
11192
11193
11194
11194
11195
11195
11196
11196
11197
11199
11199
11200
11201
11201
11201
11203
11203
11203
11204
11204
11205
11207
11210
11210
11211
11211
11213
11213
11214
11214
11215
11215
11216
11216
11218
11219
11219
11220
11221
11222
11223
11225
11225
11225
11226
11227
11228
11231
11234
11235
11236
11238
11238
11239
11241
11242
11242
11246
11248
11248
11249
11250
11250
11250
11251
11254
11254
11254
11255
11256
11257
11257
11258
11260
11261
11262
11264
11265
11265
11266
11268
11269
11269
11270
11270
11270
11271
11272
11272
11273
11275
11276
11276
11276
11277
11278
11278
11278
11280
11281
11283
11283
11284
11286
11288
11289
11289
11289
11291
11293
11293
11296
11296
11297
11297
11299
11301
11301
11302
11303
11304
11304
11304
11307
11308
11308
11309
11309
11309
11315
11315
11315
11317
11322
11322
11323
11324
11327
11329
11331
11333
11334
11334
11335
11336
11337
11339
11341
11341
11344
11344
11345
11345
11345
11346
11347
11349
11349
11350
11350
11350
11351
11351
11351
11355
11357
11357
11358
11359
11359
11360
11360
11360
11361
11363
11364
11365
11365
11367
11369
11372
11375
11378
11381
11382
11383
11383
11384
11384
11385
11386
11387
11390
11391
11391
11393
11395
11395
11395
11396
11396
11396
11397
11397
11397
11401
11402
11402
11403
11403
11404
11404
11405
11407
11407
11408
11409
11409
11409
11410
11411
11412
11414
11416
11419
11420
11420
11420
11420
11421
11421
11422
11423
11424
11424
11426
11427
11427
11428
11430
11430
11432
11432
11435
11436
11437
11437
11438
11440
11441
11441
11443
11444
11445
11446
11447
11448
11448
11450
11450
11451
11452
11452
11454
11454
11455
11455
11456
11459
11460
11460
11460
11461
11462
11462
11463
11464
11466
11468
11468
11469
11470
11470
11471
11473
11475
11476
11479
11479
11480
11480
11481
11481
11481
11481
11482
11482
11484
11484
11485
11488
11490
11491
11491
11494
11494
11495
11497
11498
11499
11501
11501
11503
11505
11506
11507
11509
11510
11510
11511
11511
11511
11511
11512
11512
11513
11513
11514
11515
11516
11517
11519
11521
11524
11525
11525
11526
11527
11528
11529
11530
11530
11531
11531
11536
11536
11539
11541
11545
11549
11549
11549
11551
11559
11559
11560
11569
11570
11570
11570
11570
11572
11572
11572
11574
11576
11577
11579
11579
11580
11582
11583
11585
11586
11586
11587
11587
11588
11588
11591
11592
11593
11593
11595
11596
11597
11599
11599
11600
11602
11602
11602
11603
11603
11603
11603
11604
11605
11607
11607
11611
11612
11612
11616
11617
11617
11620
11621
11621
11622
11622
11622
11622
11623
11624
11624
11625
11627
11627
11629
11629
11630
11630
11631
11634
11636
11636
11637
11637
11639
11639
11639
11639
11640
11641
11641
11641
11641
11641
11642
11642
11644
11646
11649
11649
11650
11650
11651
11651
11653
11653
11653
11654
11654
11657
11658
11659
11659
11660
11661
11661
11661
11661
11661
11662
11662
11662
11662
11662
11663
11664
11664
11665
11666
11667
11671
11671
11673
11674
11674
11675
11676
11676
11676
11679
11680
11681
11682
11682
11685
11685
11685
11686
11686
11687
11687
11687
11687
11688
11689
11690
11692
11692
11692
11694
11694
11695
11695
11697
11699
11699
11700
11701
11702
11704
11705
11709
11712
11712
11714
11714
11715
11717
11718
11719
11719
11720
11721
11722
11723
11725
11729
11731
11732
11733
11733
11734
11736
11736
11737
11738
11741
11741
11742
11742
11742
11743
11743
11744
11744
11745
11746
11748
11749
11752
11752
11754
11755
11755
11755
11756
11757
11757
11758
11758
11759
11759
11762
11763
11765
11765
11767
11768
11768
11769
11771
11771
11771
11772
11773
11773
11774
11775
11780
11780
11782
11785
11785
11785
11787
11788
11788
11789
11791
11792
11793
11793
11793
11796
11797
11800
11802
11803
11804
11804
11807
11807
11808
11808
11808
11810
11811
11813
11813
11814
11814
11818
11819
11820
11821
11821
11822
11822
11823
11823
11825
11825
11827
11828
11830
11830
11832
11833
11833
11839
11839
11840
11844
11846
11846
11847
11847
11848
11848
11848
11849
11851
11851
11852
11854
11854
11855
11857
11857
11857
11858
11859
11864
11864
11864
11865
11865
11868
11869
11869
11869
11871
11872
11872
11873
11874
11875
11877
11878
11879
11881
11882
11884
11884
11886
11887
11889
11889
11889
11890
11890
11892
11893
11895
11896
11897
11897
11898
11899
11899
11900
11900
11900
11900
11901
11903
11903
11903
11903
11905
11908
11908
11910
11911
11911
11911
11913
11914
11914
11914
11917
11917
11918
11919
11919
11920
11920
11920
11921
11921
11921
11922
11924
11925
11925
11926
11927
11929
11931
11934
11936
11936
11937
11938
11939
11940
11940
11941
11943
11944
11945
11946
11946
11947
11947
11948
11950
11950
11950
11952
11953
11953
11953
11954
11954
11956
11958
11958
11959
11960
11962
11962
11963
11966
11967
11967
11967
11968
11968
11971
11975
11975
11975
11978
11980
11981
11984
11984
11985
11985
11986
11987
11988
11989
11989
11991
11991
11991
11993
11994
11994
11996
11998
11998
11999
11999
12000
12000
12001
12001
12001
12002
12002
12004
12005
12006
12006
12008
12012
12012
12012
12014
12015
12016
12016
12017
12018
12018
12020
12021
12021
12022
12022
12024
12025
12026
12027
12027
12028
12028
12028
12029
12029
12030
12030
12031
12032
12034
12035
12035
12036
12038
12039
12040
12041
12042
12045
12045
12046
12047
12047
12047
12048
12049
12050
12051
12051
12051
12051
12052
12052
12052
12052
12053
12054
12058
12059
12061
12062
12062
12062
12063
12063
12064
12064
12069
12069
12071
12072
12073
12074
12075
12077
12077
12077
12081
12083
12083
12083
12083
12084
12085
12086
12088
12089
12089
12093
12094
12094
12096
12096
12099
12101
12102
12103
12104
12104
12105
12105
12105
12108
12108
12109
12109
12110
12111
12112
12115
12116
12117
12117
12120
12120
12122
12122
12123
12129
12129
12132
12132
12133
12135
12137
12137
12137
12140
12141
12141
12142
12143
12144
12144
12144
12146
12147
12149
12151
12152
12154
12156
12157
12159
12159
12164
12168
12169
12171
12171
12174
12175
12176
12176
12178
12179
12180
12183
12183
12185
12185
12185
12186
12187
12189
12190
12193
12193
12193
12194
12195
12196
12196
12197
12198
12198
12198
12199
12199
12201
12201
12202
12205
12206
12207
12210
12210
12211
12211
12212
12213
12213
12218
12220
12220
12221
12223
12226
12227
12227
12229
12231
12232
12234
12235
12236
12236
12238
12239
12240
12240
12241
12242
12245
12245
12247
12247
12248
12248
12248
12248
12251
12252
12255
12255
12256
12257
12258
12258
12259
12260
12261
12261
12261
12263
12264
12264
12264
12265
12265
12265
12267
12267
12268
12268
12268
12269
12269
12272
12272
12272
12272
12274
12275
12277
12278
12279
12279
12279
12280
12282
12282
12285
12286
12287
12287
12290
12291
12292
12293
12294
12296
12297
12298
12298
12299
12300
12301
12302
12302
12302
12303
12306
12307
12309
12310
12310
12313
12314
12315
12315
12316
12318
12322
12323
12324
12325
12327
12330
12331
12333
12333
12336
12337
12338
12338
12338
12338
12339
12341
12341
12345
12348
12349
12350
12351
12351
12351
12353
12358
12358
12363
12368
12369
12371
12372
12374
12376
12376
12378
12379
12379
12379
12380
12382
12382
12383
12384
12384
12384
12384
12384
12385
12386
12386
12394
12395
12400
12401
12405
12406
12409
12413
12414
12415
12416
12417
12420
12420
12420
12421
12421
12421
12422
12422
12424
12425
12425
12425
12426
12427
12428
12429
12430
12431
12431
12432
12434
12436
12436
12437
12438
12438
12439
12442
12442
12442
12443
12443
12446
12448
12448
12449
12450
12455
12456
12459
12460
12460
12460
12461
12464
12470
12470
12471
12471
12472
12472
12472
12473
12473
12473
12473
12474
12475
12475
12476
12477
12478
12480
12480
12481
12482
12483
12484
12485
12485
12485
12485
12489
12490
12490
12491
12491
12492
12493
12496
12497
12498
12500
12500
12501
12502
12502
12503
12503
12505
12505
12505
12507
12508
12508
12508
12509
12509
12510
12511
12511
12518
12521
12522
12522
12524
12525
12525
12530
12530
12532
12533
12534
12534
12534
12535
12536
12536
12537
12537
12538
12539
12540
12540
12540
12541
12542
12542
12542
12543
12543
12544
12544
12545
12545
12547
12547
12547
12549
12549
12550
12550
12551
12552
12552
12553
12553
12554
12554
12555
12556
12557
12559
12559
12561
12562
12564
12565
12568
12570
12570
12570
12571
12575
12576
12577
12577
12578
12579
12580
12581
12581
12581
12582
12583
12585
12585
12587
12588
12591
12592
12593
12594
12595
12596
12596
12597
12599
12600
12602
12604
12607
12608
12613
12617
12617
12618
12618
12619
12620
12621
12621
12621
12622
12624
12625
12626
12628
12629
12629
12629
12630
12630
12631
12632
12633
12634
12635
12636
12637
12638
12641
12644
12646
12646
12648
12648
12649
12649
12650
12650
12651
12652
12653
12653
12654
12656
12657
12658
12661
12662
12662
12663
12664
12664
12665
12665
12668
12669
12673
12673
12673
12674
12675
12676
12677
12678
12679
12679
12680
12680
12681
12681
12684
12684
12685
12685
12686
12686
12687
12689
12690
12690
12693
12695
12695
12698
12698
12699
12699
12701
12701
12704
12705
12707
12707
12709
12710
12713
12714
12714
12715
12715
12717
12721
12722
12722
12722
12722
12722
12722
12724
12725
12726
12726
12726
12733
12735
12736
12737
12741
12741
12742
12742
12742
12743
12744
12744
12744
12744
12745
12745
12746
12746
12748
12748
12749
12750
12750
12751
12752
12752
12752
12752
12753
12754
12754
12756
12757
12758
12759
12759
12759
12761
12763
12763
12768
12770
12770
12770
12771
12773
12773
12775
12775
12776
12776
12776
12777
12780
12782
12784
12784
12787
12787
12788
12789
12790
12791
12792
12792
12792
12795
12796
12796
12796
12800
12801
12801
12805
12810
12811
12812
12812
12814
12814
12816
12816
12816
12817
12821
12821
12822
12824
12825
12825
12825
12825
12827
12827
12828
12831
12831
12831
12832
12835
12838
12841
12841
12841
12842
12845
12846
12847
12848
12849
12849
12850
12851
12851
12852
12853
12853
12854
12855
12856
12857
12859
12864
12864
12866
12866
12866
12866
12866
12866
12867
12867
12869
12871
12871
12871
12873
12873
12874
12875
12877
12878
12878
12880
12882
12883
12884
12886
12887
12887
12888
12888
12889
12889
12893
12895
12895
12897
12899
12900
12901
12901
12902
12903
12903
12904
12906
12910
12911
12912
12913
12913
12914
12914
12915
12915
12915
12916
12917
12917
12919
12919
12920
12923
12924
12924
12924
12924
12926
12926
12926
12927
12928
12928
12930
12931
12931
12931
12933
12933
12937
12938
12940
12943
12945
12945
12946
12948
12949
12951
12952
12952
12952
12953
12954
12958
12959
12960
12960
12961
12963
12963
12967
12967
12968
12969
12970
12970
12970
12972
12972
12973
12973
12973
12975
12976
12976
12977
12978
12978
12978
12979
12979
12979
12979
12981
12982
12983
12985
12985
12986
12987
12990
12991
12992
12994
12995
12995
12997
12997
12998
12999
13000
13000
13000
13001
13003
13005
13005
13006
13008
13008
13009
13011
13013
13013
13014
13016
13016
13017
13017
13017
13017
13018
13018
13021
13022
13022
13024
13026
13026
13027
13027
13028
13031
13032
13032
13034
13034
13036
13037
13038
13038
13041
13041
13042
13044
13044
13045
13045
13046
13046
13048
13048
13050
13050
13051
13051
13052
13053
13054
13054
13055
13055
13057
13059
13059
13059
13061
13062
13062
13062
13063
13065
13066
13067
13069
13070
13071
13072
13073
13073
13075
13077
13079
13081
13081
13082
13083
13087
13088
13088
13089
13089
13089
13090
13091
13092
13093
13093
13095
13096
13098
13098
13099
13100
13100
13101
13102
13103
13105
13105
13105
13106
13108
13108
13109
13110
13111
13113
13113
13113
13114
13115
13115
13117
13120
13121
13126
13126
13129
13129
13129
13130
13130
13131
13134
13135
13138
13142
13142
13142
13144
13145
13146
13146
13147
13152
13152
13154
13156
13156
13156
13160
13161
13162
13163
13163
13165
13167
13167
13169
13170
13170
13171
13174
13174
13175
13178
13179
13180
13180
13180
13181
13181
13182
13184
13184
13185
13186
13187
13189
13193
13196
13199
13200
13200
13200
13201
13203
13205
13206
13206
13208
13208
13210
13210
13210
13211
13212
13213
13214
13215
13215
13217
13218
13219
13222
13222
13222
13223
13223
13225
13226
13226
13227
13227
13227
13227
13229
13230
13230
13230
13231
13235
13236
13238
13238
13241
13241
13241
13242
13244
13244
13244
13244
13246
13246
13250
13251
13251
13253
13253
13253
13254
13255
13256
13256
13257
13257
13258
13259
13259
13260
13260
13260
13262
13263
13263
13264
13266
13267
13270
13271
13272
13272
13272
13273
13273
13274
13276
13277
13278
13280
13280
13281
13281
13284
13285
13288
13288
13290
13290
13291
13291
13292
13294
13294
13295
13296
13297
13297
13299
13300
13303
13303
13304
13304
13305
13305
13305
13307
13307
13309
13311
13311
13311
13311
13312
13313
13315
13317
13318
13318
13318
13319
13320
13321
13322
13323
13325
13325
13327
13329
13331
13331
13331
13332
13332
13334
13336
13336
13336
13337
13337
13337
13340
13340
13341
13342
13343
13344
13344
13345
13346
13347
13347
13348
13350
13350
13350
13351
13351
13353
13354
13354
13354
13355
13355
13355
13356
13360
13360
13360
13360
13362
13362
13363
13364
13366
13366
13367
13367
13369
13370
13370
13371
13372
13372
13372
13373
13374
13375
13376
13376
13376
13378
13381
13382
13382
13382
13385
13385
13387
13387
13388
13389
13391
13391
13392
13394
13399
13399
13399
13399
13399
13402
13402
13407
13409
13410
13410
13411
13411
13412
13415
13416
13418
13420
13421
13423
13425
13426
13427
13427
13427
13429
13431
13432
13433
13433
13433
13433
13434
13435
13435
13436
13436
13437
13437
13438
13442
13443
13443
13443
13444
13444
13444
13445
13445
13446
13446
13446
13447
13448
13449
13450
13452
13453
13453
13454
13456
13457
13457
13457
13458
13459
13459
13460
13461
13462
13463
13464
13464
13464
13465
13469
13470
13470
13471
13472
13473
13473
13474
13476
13480
13481
13483
13483
13484
13486
13486
13493
13495
13495
13495
13496
13496
13497
13498
13500
13500
13502
13502
13502
13503
13503
13504
13504
13504
13505
13506
13506
13506
13507
13507
13508
13509
13512
13512
13512
13513
13513
13514
13516
13516
13517
13518
13518
13518
13518
13521
13524
13526
13527
13528
13529
13529
13530
13531
13534
13536
13537
13538
13541
13542
13542
13542
13543
13547
13548
13549
13550
13550
13552
13552
13552
13552
13553
13557
13557
13559
13560
13562
13563
13564
13565
13567
13569
13570
13570
13570
13571
13572
13572
13576
13576
13578
13581
13585
13586
13587
13589
13590
13594
13595
13598
13598
13599
13600
13601
13601
13602
13602
13604
13605
13606
13607
13607
13608
13609
13609
13611
13612
13612
13613
13613
13615
13616
13617
13618
13620
13621
13622
13623
13625
13626
13628
13628
13629
13629
13631
13631
13633
13633
13633
13633
13634
13636
13637
13638
13640
13641
13641
13642
13642
13643
13643
13645
13646
13647
13647
13648
13648
13650
13653
13653
13654
13654
13656
13658
13659
13659
13659
13660
13660
13661
13662
13666
13666
13667
13668
13668
13668
13669
13669
13670
13671
13674
13674
13674
13675
13676
13679
13679
13681
13682
13683
13683
13685
13686
13686
13687
13687
13688
13688
13688
13689
13690
13690
13690
13691
13695
13697
13697
13698
13699
13700
13700
13701
13701
13701
13702
13703
13703
13704
13705
13705
13708
13708
13708
13710
13710
13711
13715
13717
13717
13718
13719
13720
13721
13721
13722
13723
13723
13724
13727
13728
13728
13729
13730
13730
13731
13732
13732
13733
13734
13735
13735
13736
13738
13739
13739
13740
13741
13741
13741
13741
13742
13743
13743
13743
13748
13749
13750
13752
13752
13753
13753
13753
13753
13753
13754
13754
13755
13756
13759
13762
13762
13762
13765
13766
13768
13768
13769
13769
13770
13770
13770
13771
13771
13771
13773
13775
13778
13778
13778
13780
13782
13785
13785
13785
13786
13788
13789
13790
13793
13795
13796
13798
13798
13799
13799
13801
13802
13802
13804
13807
13807
13808
13809
13809
13809
13810
13810
13811
13812
13813
13813
13813
13813
13814
13814
13816
13816
13816
13818
13818
13818
13821
13821
13821
13822
13823
13824
13824
13826
13826
13826
13827
13828
13829
13829
13830
13831
13831
13831
13832
13832
13833
13834
13834
13835
13835
13836
13837
13843
13843
13843
13845
13845
13846
13847
13847
13851
13852
13853
13858
13858
13859
13860
13861
13861
13864
13865
13867
13868
13869
13870
13872
13873
13874
13874
13875
13876
13876
13879
13879
13880
13881
13882
13882
13884
13884
13884
13890
13890
13890
13891
13893
13893
13894
13895
13896
13896
13896
13899
13900
13901
13901
13902
13902
13903
13904
13904
13905
13906
13909
13910
13910
13911
13913
13914
13915
13918
13918
13920
13921
13922
13923
13925
13925
13927
13930
13932
13933
13937
13941
13942
13943
13944
13945
13945
13946
13946
13946
13947
13948
13949
13950
13953
13954
13954
13957
13958
13959
13960
13960
13960
13960
13961
13963
13963
13966
13966
13966
13968
13968
13968
13969
13969
13971
13971
13972
13973
13974
13974
13974
13975
13977
13977
13978
13979
13982
13984
13986
13986
13988
13988
13989
13989
13991
13992
13993
13994
13995
13995
13997
14000
14000
14000
14001
14001
14001
14003
14003
14004
14004
14005
14009
14009
14011
14011
14012
14014
14015
14015
14015
14015
14017
14018
14018
14018
14019
14019
14020
14022
14023
14024
14024
14024
14025
14027
14027
14029
14029
14030
14031
14031
14031
14036
14036
14039
14039
14040
14040
14041
14042
14044
14044
14045
14045
14047
14047
14048
14049
14049
14051
14052
14053
14055
14055
14058
14060
14061
14063
14063
14064
14064
14064
14065
14065
14066
14066
14066
14066
14067
14067
14068
14068
14068
14070
14071
14072
14075
14075
14076
14076
14076
14077
14077
14079
14079
14079
14079
14080
14082
14083
14083
14084
14085
14086
14086
14088
14093
14098
14098
14100
14102
14102
14103
14103
14104
14104
14105
14105
14108
14111
14112
14113
14113
14113
14115
14115
14115
14115
14117
14117
14117
14119
14119
14120
14121
14121
14121
14125
14125
14126
14128
14130
14130
14133
14135
14136
14136
14137
14140
14141
14143
14144
14144
14145
14145
14146
14146
14146
14147
14147
14147
14147
14148
14148
14149
14149
14153
14153
14155
14155
14155
14156
14157
14158
14158
14163
14164
14165
14165
14166
14167
14168
14168
14170
14170
14172
14172
14175
14176
14176
14177
14177
14178
14179
14179
14181
14185
14186
14186
14187
14189
14190
14190
14191
14191
14193
14193
14196
14198
14198
14199
14199
14200
14201
14203
14205
14207
14207
14208
14210
14210
14213
14213
14214
14214
14215
14215
14215
14216
14216
14216
14220
14222
14222
14222
14224
14225
14226
14227
14227
14227
14229
14231
14231
14232
14232
14233
14234
14234
14236
14236
14236
14237
14237
14238
14238
14239
14241
14241
14241
14241
14241
14244
14244
14244
14245
14246
14247
14250
14250
14253
14253
14254
14258
14261
14262
14263
14266
14266
14266
14269
14270
14270
14271
14273
14273
14274
14274
14277
14281
14282
14283
14283
14283
14284
14284
14286
14286
14287
14287
14287
14288
14289
14291
14291
14291
14292
14292
14293
14293
14294
14296
14300
14300
14300
14301
14301
14302
14303
14305
14305
14306
14307
14307
14308
14308
14310
14311
14312
14314
14315
14315
14315
14317
14317
14319
14320
14320
14322
14322
14323
14323
14324
14325
14325
14326
14327
14327
14328
14331
14332
14334
14334
14335
14336
14336
14336
14337
14339
14340
14341
14344
14345
14347
14347
14347
14347
14349
14350
14350
14351
14351
14352
14353
14353
14354
14354
14355
14359
14359
14361
14361
14361
14362
14364
14366
14366
14366
14366
14367
14368
14368
14369
14369
14371
14371
14373
14374
14375
14377
14377
14378
14378
14378
14379
14379
14381
14381
14382
14384
14385
14385
14385
14385
14387
14387
14389
14389
14389
14390
14394
14395
14396
14396
14397
14399
14399
14403
14405
14406
14407
14407
14410
14410
14411
14411
14411
14412
14412
14413
14415
14416
14416
14417
14417
14418
14420
14423
14424
14426
14427
14427
14430
14432
14433
14433
14433
14434
14434
14436
14437
14438
14440
14442
14442
14443
14444
14445
14446
14446
14448
14449
14450
14450
14451
14453
14454
14456
14457
14457
14459
14459
14462
14462
14464
14465
14467
14468
14471
14472
14472
14472
14472
14473
14475
14476
14476
14476
14477
14479
14481
14481
14482
14482
14482
14482
14483
14484
14487
14488
14488
14489
14489
14491
14494
14497
14497
14498
14499
14503
14506
14508
14510
14511
14511
14512
14512
14513
14514
14517
14519
14521
14522
14525
14527
14528
14528
14528
14530
14530
14531
14532
14532
14534
14537
14538
14539
14539
14539
14539
14541
14541
14542
14543
14544
14544
14544
14549
14550
14551
14551
14551
14552
14554
14555
14555
14555
14557
14557
14559
14559
14560
14560
14560
14564
14566
14566
14567
14568
14570
14571
14571
14571
14572
14573
14574
14575
14575
14576
14576
14578
14579
14579
14581
14582
14583
14583
14586
14586
14587
14588
14588
14588
14589
14591
14591
14591
14591
14591
14592
14592
14592
14592
14592
14593
14593
14593
14593
14594
14595
14596
14597
14599
14600
14600
14601
14603
14604
14605
14605
14607
14607
14608
14608
14609
14610
14612
14613
14613
14613
14615
14616
14618
14618
14619
14622
14623
14625
14625
14626
14627
14628
14629
14629
14630
14630
14631
14631
14631
14632
14634
14635
14638
14639
14641
14644
14645
14645
14645
14647
14647
14648
14648
14648
14649
14650
14650
14651
14651
14653
14654
14656
14657
14657
14659
14660
14660
14661
14666
14666
14667
14668
14668
14669
14671
14671
14671
14671
14672
14673
14675
14676
14677
14677
14678
14679
14680
14680
14681
14681
14683
14684
14687
14687
14688
14692
14695
14695
14700
14700
14700
14701
14702
14704
14706
14707
14708
14709
14710
14710
14710
14710
14710
14713
14714
14716
14716
14717
14718
14718
14719
14720
14720
14722
14722
14722
14723
14723
14727
14727
14728
14729
14730
14730
14731
14732
14732
14734
14735
14736
14737
14738
14739
14740
14741
14741
14741
14741
14742
14742
14743
14746
14746
14746
14747
14747
14747
14747
14747
14748
14748
14748
14748
14748
14751
14751
14753
14754
14755
14755
14756
14756
14757
14760
14762
14762
14763
14763
14765
14765
14766
14767
14769
14769
14769
14770
14772
14772
14772
14772
14773
14774
14774
14774
14774
14774
14775
14776
14778
14780
14780
14780
14781
14782
14782
14783
14784
14786
14789
14791
14794
14795
14795
14795
14796
14796
14797
14797
14797
14797
14798
14798
14799
14799
14799
14799
14800
14801
14803
14804
14805
14805
14805
14806
14806
14806
14806
14807
14807
14807
14808
14808
14808
14809
14810
14811
14812
14814
14815
14816
14816
14818
14819
14822
14822
14826
14827
14827
14827
14828
14828
14828
14831
14832
14832
14833
14834
14835
14835
14836
14837
14838
14838
14841
14841
14842
14845
14845
14846
14848
14849
14851
14852
14852
14854
14855
14857
14862
14862
14865
14865
14866
14867
14868
14868
14869
14870
14871
14871
14871
14872
14873
14874
14874
14875
14875
14876
14877
14877
14878
14880
14882
14883
14883
14889
14889
14889
14890
14891
14891
14892
14892
14893
14894
14894
14894
14894
14895
14896
14896
14897
14897
14898
14899
14900
14901
14903
14903
14903
14904
14904
14905
14907
14909
14910
14913
14913
14914
14918
14920
14921
14923
14925
14926
14926
14927
14929
14930
14932
14933
14934
14935
14935
14936
14936
14936
14937
14938
14939
14940
14941
14941
14945
14945
14946
14946
14947
14947
14948
14948
14949
14949
14952
14952
14954
14954
14958
14958
14958
14960
14960
14961
14961
14962
14962
14963
14965
14966
14966
14967
14968
14969
14969
14969
14970
14970
14972
14972
14972
14973
14974
14976
14977
14978
14979
14980
14980
14981
14982
14982
14984
14984
14984
14984
14988
14989
14991
14992
14992
14993
14993
14994
14994
14994
14995
14996
14997
14997
14998
15003
15005
15006
15007
15007
15007
15008
15008
15008
15010
15011
15011
15012
15012
15013
15015
15017
15018
15018
15019
15020
15022
15023
15024
15024
15025
15026
15027
15030
15032
15032
15033
15033
15035
15036
15037
15038
15039
15039
15040
15042
15043
15043
15044
15045
15048
15048
15048
15050
15051
15052
15053
15054
15056
15056
15057
15057
15058
15060
15061
15061
15063
15064
15064
15064
15064
15064
15066
15068
15068
15069
15070
15070
15071
15071
15071
15071
15072
15072
15074
15074
15076
15078
15078
15079
15079
15080
15080
15081
15081
15081
15083
15084
15084
15086
15086
15092
15093
15093
15097
15097
15098
15098
15099
15099
15101
15101
15101
15102
15103
15103
15103
15104
15104
15105
15105
15105
15106
15106
15106
15106
15108
15108
15108
15109
15114
15117
15118
15118
15120
15120
15121
15123
15125
15125
15128
15129
15131
15131
15133
15134
15136
15137
15138
15139
15139
15139
15139
15141
15142
15142
15143
15144
15144
15147
15148
15149
15151
15151
15151
15152
15154
15154
15156
15156
15159
15159
15161
15162
15162
15164
15165
15167
15169
15169
15172
15173
15173
15173
15174
15176
15176
15176
15177
15177
15178
15180
15181
15182
15182
15182
15183
15184
15184
15185
15185
15186
15186
15187
15189
15189
15189
15192
15193
15193
15195
15196
15198
15198
15202
15203
15204
15204
15204
15205
15206
15207
15207
15210
15210
15212
15212
15215
15217
15219
15220
15220
15221
15222
15222
15223
15224
15225
15226
15226
15227
15227
15229
15230
15232
15233
15234
15234
15238
15238
15239
15240
15240
15241
15242
15243
15243
15245
15247
15248
15250
15251
15251
15251
15254
15254
15254
15255
15256
15257
15258
15260
15261
15261
15269
15269
15270
15272
15275
15277
15277
15280
15281
15282
15282
15283
15284
15287
15287
15287
15288
15288
15292
15292
15293
15293
15294
15298
15299
15299
15299
15300
15301
15302
15303
15303
15303
15304
15304
15305
15305
15308
15309
15309
15310
15310
15313
15317
15318
15318
15319
15322
15323
15323
15325
15326
15326
15327
15327
15328
15328
15328
15329
15331
15332
15332
15335
15340
15340
15340
15341
15342
15346
15347
15347
15347
15347
15348
15349
15352
15354
15354
15355
15356
15357
15360
15362
15363
15363
15364
15364
15364
15366
15366
15366
15368
15370
15371
15374
15375
15375
15376
15377
15378
15378
15378
15379
15380
15383
15383
15384
15384
15385
15385
15386
15386
15387
15387
15389
15389
15389
15390
15391
15394
15395
15401
15402
15402
15402
15403
15405
15410
15411
15412
15412
15412
15412
15413
15413
15415
15416
15417
15418
15419
15419
15421
15422
15422
15423
15423
15423
15425
15425
15425
15426
15427
15428
15429
15431
15432
15432
15433
15433
15436
15436
15437
15439
15441
15441
15442
15443
15444
15446
15448
15449
15451
15452
15453
15454
15454
15456
15456
15456
15459
15460
15460
15460
15461
15462
15464
15464
15465
15466
15468
15468
15471
15472
15472
15473
15474
15476
15476
15476
15477
15478
15482
15485
15485
15486
15487
15487
15489
15489
15490
15490
15491
15493
15494
15495
15497
15497
15498
15499
15499
15499
15499
15500
15502
15503
15504
15505
15505
15506
15506
15507
15508
15509
15510
15514
15515
15516
15516
15516
15517
15518
15518
15518
15519
15520
15520
15520
15521
15523
15523
15528
15529
15529
15529
15532
15532
15533
15534
15537
15539
15542
15543
15544
15545
15546
15547
15547
15549
15550
15550
15554
15556
15557
15558
15559
15559
15560
15560
15561
15561
15562
15563
15565
15565
15565
15568
15573
15573
15573
15573
15573
15575
15576
15576
15577
15580
15581
15584
15584
15588
15592
15593
15594
15594
15594
15597
15600
15601
15601
15602
15603
15603
15603
15604
15605
15607
15609
15613
15616
15616
15619
15619
15620
15622
15622
15624
15624
15624
15625
15625
15627
15629
15630
15630
15632
15633
15634
15636
15642
15642
15642
15643
15643
15644
15645
15645
15645
15646
15646
15646
15646
15646
15647
15648
15650
15650
15651
15651
15651
15652
15652
15653
15654
15656
15656
15657
15657
15658
15658
15658
15660
15660
15663
15664
15665
15666
15666
15669
15671
15671
15671
15671
15671
15672
15673
15674
15675
15676
15676
15677
15679
15679
15680
15683
15684
15685
15687
15687
15687
15690
15691
15692
15693
15693
15695
15696
15697
15698
15698
15699
15700
15700
15701
15702
15704
15705
15705
15706
15706
15707
15708
15709
15713
15713
15714
15717
15717
15718
15718
15720
15720
15723
15723
15725
15725
15725
15726
15726
15727
15728
15728
15728
15728
15730
15730
15732
15732
15733
15734
15735
15735
15736
15736
15743
15748
15748
15752
15753
15753
15753
15754
15755
15755
15756
15757
15759
15760
15760
15760
15761
15762
15764
15765
15765
15766
15767
15767
15769
15769
15769
15771
15771
15771
15772
15772
15773
15773
15774
15774
15775
15775
15775
15775
15776
15778
15780
15781
15782
15782
15782
15783
15784
15784
15786
15787
15788
15789
15789
15791
15791
15791
15791
15792
15793
15794
15796
15796
15796
15798
15799
15801
15801
15801
15801
15802
15802
15803
15804
15805
15805
15806
15807
15808
15809
15810
15811
15814
15816
15817
15818
15819
15819
15823
15823
15824
15825
15826
15827
15827
15828
15830
15830
15830
15831
15831
15832
15832
15833
15834
15834
15834
15834
15835
15835
15837
15837
15837
15838
15839
15840
15841
15841
15842
15843
15846
15849
15849
15850
15851
15851
15851
15851
15852
15852
15857
15858
15858
15858
15859
15859
15861
15863
15864
15866
15867
15869
15870
15871
15873
15875
15876
15876
15881
15881
15883
15883
15884
15886
15886
15887
15888
15889
15892
15895
15895
15896
15896
15897
15899
15903
15903
15904
15906
15907
15908
15909
15909
15909
15910
15911
15912
15913
15913
15913
15914
15915
15915
15916
15917
15919
15922
15922
15922
15923
15925
15926
15931
15933
15935
15935
15940
15941
15941
15942
15942
15943
15943
15945
15945
15945
15945
15945
15946
15946
15947
15948
15948
15949
15949
15949
15949
15951
15952
15958
15959
15961
15961
15963
15964
15964
15964
15965
15967
15968
15969
15969
15970
15971
15972
15972
15973
15976
15976
15976
15976
15977
15977
15978
15978
15978
15979
15979
15983
15983
15984
15986
15987
15987
15987
15988
15988
15988
15990
15993
15993
15995
15995
15997
15998
15998
15999
15999
16000
arquivo ordenado pelo algoritmo quicksort tempo da ordenao = 4.42386 milisegundos

