4
4
4
7
7
8
9
10
12
13
13
14
15
16
17
18
20
21
21
22
22
23
26
26
26
29
29
31
32
32
32
35
36
36
37
39
40
41
41
41
44
44
44
46
47
47
50
51
51
53
53
54
55
56
58
58
59
60
60
62
62
64
65
65
68
68
68
69
71
71
72
74
75
77
78
78
79
81
81
81
82
84
85
87
88
88
89
89
91
92
93
93
96
97
97
98
99
100
100
101
103
104
105
106
107
109
109
109
111
113
113
114
115
115
118
118
118
120
120
122
124
124
125
126
126
128
129
130
131
132
133
133
136
137
138
138
138
140
141
142
142
143
145
145
146
147
148
149
150
151
153
154
155
156
156
157
160
161
161
162
163
164
165
166
167
167
170
171
171
171
174
174
174
175
176
177
180
180
181
183
183
184
185
186
187
187
188
191
191
192
193
193
195
195
196
198
199
201
202
203
204
204
205
206
207
208
209
210
211
213
213
214
215
217
217
218
219
221
222
222
223
224
226
227
227
228
229
231
231
232
232
233
234
237
237
237
238
239
241
242
244
244
244
246
246
247
249
251
251
252
254
254
256
256
256
258
259
259
260
263
264
264
265
265
267
267
268
270
271
271
273
274
274
275
276
277
280
280
281
283
283
284
284
287
288
289
289
290
290
293
293
295
296
297
297
298
299
300
302
302
304
304
306
306
307
308
309
310
311
313
313
313
315
315
316
317
320
321
322
322
324
324
326
326
327
327
328
330
331
332
333
335
335
335
337
337
339
340
341
343
344
344
345
346
346
348
349
349
350
351
353
353
356
356
357
359
359
360
360
362
363
364
365
366
367
369
369
370
371
372
373
374
375
375
377
379
379
379
381
382
383
383
385
386
387
387
390
391
391
392
392
394
394
395
396
397
399
400
401
401
403
404
404
406
407
408
409
410
411
412
412
413
414
416
417
418
418
420
421
421
423
425
425
425
427
427
429
429
432
433
433
434
435
435
437
438
438
439
441
443
444
444
445
446
447
448
449
451
452
452
453
454
455
455
457
458
458
460
460
462
463
464
465
466
466
468
469
471
471
471
472
473
474
476
477
478
479
480
481
481
484
484
485
486
487
488
488
489
490
492
494
495
495
496
497
498
498
500
501
503
503
504
506
506
506
508
508
510
512
513
513
514
515
516
516
518
519
521
521
522
524
525
525
526
526
527
529
531
531
532
533
533
534
535
537
539
539
540
541
542
543
545
546
546
546
547
548
551
552
552
553
554
555
557
557
557
559
560
562
562
563
564
564
565
567
567
568
571
571
572
574
575
576
576
576
577
578
580
581
582
584
585
585
586
586
588
589
591
592
592
592
593
596
596
597
599
600
600
600
602
603
604
605
606
607
608
610
610
611
612
613
614
616
617
617
618
620
621
622
622
623
623
624
625
628
628
629
630
631
632
633
634
635
637
637
639
639
640
642
642
643
644
644
645
647
648
649
650
650
652
653
654
654
656
657
658
658
659
660
661
663
663
665
666
666
668
669
670
670
671
674
675
675
676
678
678
679
681
682
682
682
685
686
686
687
687
688
690
691
691
694
695
696
697
697
699
699
700
700
701
703
704
705
705
707
708
708
709
712
713
714
714
715
716
716
718
719
721
721
722
723
723
725
726
727
729
729
730
732
732
733
734
734
736
737
738
739
740
740
741
743
744
744
746
747
747
748
749
750
752
752
755
756
756
757
758
759
760
762
762
762
763
766
767
767
768
768
770
771
771
774
774
775
777
777
778
779
780
782
782
783
784
784
786
787
787
790
790
792
793
794
794
795
796
797
797
799
799
801
802
804
804
805
805
807
807
808
810
811
811
812
813
816
817
817
818
819
819
822
822
822
823
824
825
827
828
829
829
831
832
833
835
836
836
837
837
840
840
841
843
843
843
846
846
847
847
848
850
852
852
853
854
855
857
858
858
860
860
862
863
863
864
865
867
867
868
868
869
871
872
874
875
876
876
877
878
879
880
881
881
883
884
884
885
886
889
889
890
892
892
892
895
895
897
897
898
899
899
901
902
903
903
904
906
907
909
909
911
912
912
914
915
915
915
917
919
920
920
921
921
924
924
925
925
927
927
930
930
931
932
934
934
934
937
937
938
938
940
940
942
943
944
945
946
948
948
950
950
951
951
954
954
954
957
957
959
959
959
961
961
963
964
966
967
968
968
969
969
970
971
973
974
976
977
978
978
979
980
980
982
984
984
984
986
986
987
989
989
992
992
993
995
995
997
997
999
999
1000
1001
1002
arquivo ordenado pelo algoritmo quicksort tempo da ordenação = 1.84107 milisegundos

