19
27
29
40
41
42
71
83
98
74
78
120
133
136
154
187
211
163
215
223
228
242
248
271
273
279
326
392
410
472
487
195
205
219
491
515
523
536
362
374
446
466
540
452
555
561
1115
1201
1015
1538
1643
1956
529
751
889
1046
1106
1225
1257
1454
1518
2026
2229
2250
2303
2542
2603
2626
2669
2681
586
598
755
1005
1054
1265
1313
1475
1627
1657
1709
1765
1972
2023
2078
2125
2057
2165
2256
1657
2306
2325
2343
2482
2697
2719
2398
2409
2496
2596
2683
2759
2896
2902
2961
2977
3076
599
600
613
618
896
633
885
914
965
734
870
976
980
989
1020
1078
1400
1000
1027
1077
1241
1463
1057
1153
1217
1458
1239
1323
1567
1335
1677
1377
1426
1758
1867
2051
2244
1819
2335
2606
2779
3088
3178
3234
3249
3336
3341
3361
3381
1478
1478
1503
1604
1612
1634
1669
1673
1680
1690
1934
2146
2160
2386
2519
2548
2569
2631
2652
2720
2789
1702
1703
1703
1801
1928
1937
2032
2245
1949
2021
2249
2241
2508
2531
2594
2682
2762
2773
2778
2811
2828
2861
3108
2981
3015
3125
3125
3128
3251
3312
3323
3388
3392
3434
3439
3449
1765
1869
1923
3580
2175
2506
3437
3593
3690
2036
2798
3781
3800
3797
3798
3898
3915
4029
2504
2754
3539
3597
3615
3690
3820
3702
3831
3645
3894
3903
3914
3988
4054
4082
4097
4107
2532
2771
3136
2846
3466
2912
3546
3574
3584
3546
3666
3727
3949
4065
4189
4200
3635
3984
4304
4651
4813
4851
4929
5337
5513
5537
5822
5876
6044
4213
4226
4293
4890
5309
5539
5562
5659
5895
6002
6148
6242
6264
6897
7112
7160
7730
7804
8502
8116
8538
8531
8630
8858
6149
8702
8862
9051
9051
9064
9099
9184
9504
9746
9882
10319
10341
10489
10686
10885
10785
10985
11975
12228
12098
12293
12313
4253
4273
4277
4286
4296
4310
4308
4313
4400
4412
4421
4655
4807
6173
6570
6732
4681
4683
4950
6552
7585
7808
8327
8452
5246
6039
6482
6779
6801
6851
6879
7595
8476
7202
8685
8718
9261
9333
9406
9917
9921
10396
10676
11200
12045
10445
11046
12377
11082
12350
12354
12488
12704
12810
12891
12982
13018
13090
13098
13117
13469
13675
13205
13468
14105
13240
13485
13358
13610
13743
14215
13957
14056
14230
4321
4362
4394
4414
4437
4464
4564
4579
4599
4594
4669
4672
4761
4774
4796
4816
4847
4894
4894
4926
4936
4936
4944
4980
4980
5003
4957
5027
5088
5123
5199
5203
5216
5496
5130
5136
5177
5198
5305
5560
5573
5607
5218
5226
5233
5238
5244
5249
5260
5273
5301
5313
5383
5388
5397
5446
5492
5504
5650
5667
5694
5457
5578
5537
5760
5617
5757
5792
5801
5807
5888
5810
5904
5915
5935
6002
5887
6066
6072
6150
6251
6393
6455
6457
6492
5820
5833
5840
5884
5887
5979
5997
6037
6049
6059
6143
6147
6180
6221
6314
6340
6376
6470
6516
6549
6561
5842
5852
5922
6017
6023
6040
5996
5997
6072
6123
6163
6180
6254
6302
6444
6461
6485
6568
6780
6323
6604
6660
6667
6715
6720
6786
6787
6825
6867
6884
6902
6931
7225
7495
7612
7648
7810
7844
7864
7924
8336
8410
8603
7918
8164
8259
8597
8745
8932
7790
7829
8098
8277
9030
9082
9119
9152
9206
9207
9217
9297
9329
9405
9442
9447
9496
9497
9521
9522
6912
6918
6922
6995
7169
7181
7189
7195
7252
7275
7277
7327
7472
7504
7537
7576
7590
7600
7700
7771
7810
7847
8001
7017
8020
8005
8061
8068
8116
8130
8134
8144
8168
8176
8264
8407
8677
8734
7162
7238
7423
7441
7456
7525
7559
7760
7780
8036
7582
8255
8772
8801
7965
8019
8238
8460
9090
8491
8681
8746
8858
8921
9091
9122
9124
9140
9193
9489
9530
9642
9668
9702
9741
9832
9853
9860
9913
9959
10144
10160
10181
10181
10185
10197
10235
10244
10294
10380
10397
10440
10457
10480
10568
10587
10610
10645
10693
10736
10746
10783
10825
10934
10741
10968
11010
11014
11101
11109
11198
11370
11392
11543
10524
10574
10717
10864
11201
11426
12153
11616
11692
11707
11750
12531
12551
12831
11755
11888
12898
12965
13094
13226
13445
13133
13408
13661
13815
13238
13487
13660
13812
14024
14048
13948
14315
14093
14342
14255
14330
14367
14391
14427
14442
8267
8345
8406
8487
8504
8703
8539
8705
8745
8880
8978
8741
9053
9196
9438
9452
9645
9672
9750
9833
9858
9885
10161
9565
9769
10362
10320
10466
10800
10802
9792
11157
11201
11320
12258
12160
12618
11816
12713
12810
13219
13253
13314
9325
9342
9498
9524
9871
10032
10407
10577
12632
11967
12240
13519
14099
14236
14246
14266
14449
9589
9840
10103
10197
11362
9770
10463
11492
14396
14550
12871
14246
14489
14558
14610
14644
14647
14652
14657
14697
14735
14744
14783
14815
14878
14887
14918
14898
14901
14929
14947
15002
15020
15073
15160
15160
15058
15060
15128
15147
15156
15167
10970
11000
11022
11084
11085
11118
11165
11207
11456
11475
11538
11567
12020
10977
11076
11124
11157
11351
11562
11736
11803
12052
12055
12090
12119
12172
11373
11461
11467
11520
11536
11568
11688
11880
11608
11997
12048
12183
12259
12267
12351
12403
12317
12404
12445
12453
12650
12492
12503
12566
12548
12628
12653
12654
12656
12747
12757
12809
12894
12917
12789
12938
12946
12828
12831
12876
12994
12996
13012
13062
13092
13129
13135
13138
13140
13145
13294
13344
13296
13339
13352
13404
13596
13636
13787
13862
13888
13939
13403
13513
13808
13965
13986
14101
14029
14197
14266
14300
14200
14271
14425
14459
14582
14590
14602
14446
14644
14692
14750
14762
14762
14845
14697
14922
14963
14967
15010
15048
15051
15094
15096
15057
15066
15116
15125
15191
15180
15196
15209
15233
15234
15242
15259
15284
15316
15323
15328
15325
15458
15478
15555
15576
15490
15540
15542
15569
15600
15640
15750
15610
15632
15652
15673
15870
15767
15772
15890
15656
15662
15666
15791
15703
15777
15793
15842
15892
15916
15938
15994
15994
15996
arquivo ordenado pelo algoritmo quicksort tempo da ordenação = 0 nanosegundos

