1
4
19
26
20
52
27
27
28
80
86
86
89
94
99
120
134
142
143
134
143
152
243
328
359
360
379
496
584
697
752
851
1127
1144
352
390
444
575
691
755
1226
805
812
814
826
877
952
1078
1264
1268
1101
1133
1144
1295
1336
1429
1449
1476
1557
1559
1420
1456
1563
1634
1637
1657
1661
1684
147
163
182
210
263
267
281
317
235
276
247
282
310
286
346
412
521
378
386
473
406
475
525
568
569
574
705
605
758
931
388
484
525
536
554
1088
562
636
991
1160
1436
1098
1134
1163
1165
1760
1512
1591
1712
1790
1790
1798
1809
1810
1879
1838
1885
1886
645
726
807
817
701
848
854
1038
1058
1098
1216
1386
1453
1218
1261
1358
1421
1298
1371
1431
1617
1639
1640
1694
1769
1780
1888
1940
1958
1976
2004
2009
2116
2196
1898
1910
1927
1942
1986
1973
1975
2030
2034
2054
2080
2080
2093
2094
2096
2152
2156
2182
2202
2261
2301
2461
2636
2704
2262
2273
2327
2348
2366
2414
2423
2431
2444
2507
2512
2571
2584
2623
2598
2612
2611
2648
2677
2685
2737
2754
2760
2796
2805
2786
2805
2822
2827
2862
474
474
485
500
544
559
562
566
568
574
610
583
624
706
626
629
646
650
771
790
808
827
827
832
842
878
916
967
891
925
976
1041
1126
1195
1487
1669
1764
982
1524
1811
1845
985
987
1004
1018
1051
1008
1052
1135
1196
1202
1302
1360
1492
1512
1642
1649
1783
1807
1848
1863
1877
1931
2870
1889
1980
1980
1985
1985
2462
2923
2944
2944
2952
2238
2927
2974
2976
3059
2963
3072
3082
2976
3027
3096
3098
3109
3123
3139
1100
1153
1313
1398
1487
1515
1585
1659
2318
2339
2448
2572
2922
2963
2974
2980
3056
3071
1273
1364
2885
3044
3114
3114
3159
3189
3204
3209
3221
3227
3236
3243
3253
3256
3256
3262
3280
3289
3309
3321
3325
1461
1480
1547
1689
1793
1802
1606
1649
1752
1821
1929
1690
1866
1937
2000
2077
2190
2376
2404
2328
2429
2451
2539
2471
2870
2890
2978
2060
2075
2236
2275
3152
3166
3177
3261
3327
3330
3339
3370
3373
3376
3388
3399
3401
3408
3410
3413
3432
3432
3437
3472
3464
3472
3479
3492
3519
3526
3547
3568
3573
3582
3496
3575
3571
3591
3603
3613
3620
3620
3624
3651
3685
6506
3641
3733
7702
8446
2207
2360
2520
2866
2264
2269
2360
2429
2974
2488
3456
3466
3542
3601
3635
3794
2700
2975
3200
3301
3948
4144
4196
4208
4223
4541
5385
5486
2716
2805
2989
3054
3206
3424
3842
3940
4020
3002
3088
3245
3319
3356
3776
3808
4146
4224
4366
5530
6078
4031
4047
4169
4191
4798
4881
4989
5116
5188
5323
5324
5470
5762
5518
5634
5872
6036
6190
6210
5891
6290
6317
6373
6424
6590
6682
6711
6746
6800
6828
6893
6907
7242
7382
7485
7406
7502
7525
7735
7959
8077
8087
8128
8201
8268
8292
8419
8526
8771
8835
8890
8961
9088
9119
6720
6805
7220
7271
7325
7396
7943
8187
8554
6840
6966
7322
7507
7711
8024
8603
8619
8753
8763
8821
7193
8989
9178
9236
9237
9303
9343
9423
9453
9470
3739
3799
3805
3816
3753
3825
3832
3837
3838
3847
3852
3854
3861
3872
3878
3900
3909
3913
3970
4010
3917
3919
3926
3933
3934
3952
3968
3980
4084
4174
3970
4056
4109
4135
4142
4158
4169
4177
4178
4204
4233
3932
3975
4005
4009
4069
4074
4189
4194
4212
4224
4123
4145
4351
4360
4381
4162
4318
4375
4390
4402
4359
4412
4414
4427
4425
4430
4434
4484
4552
4454
4479
4595
4459
4667
4626
4663
4677
4691
4718
4255
4325
4415
4427
4501
4677
4742
4729
4744
4769
4756
4852
4965
4799
4810
4821
4891
4962
4973
4969
4976
5170
5186
5206
5224
4977
4979
5012
5015
5019
5050
5102
5143
5144
5147
5247
5194
5252
5263
4473
4562
4605
4786
4806
4854
4895
6497
6558
6780
7266
7512
7646
4609
4615
4709
4980
5664
5783
6199
6560
7913
4839
4863
4891
5655
5764
6889
7446
7978
7994
7995
8028
8062
8277
5430
5699
5849
6408
6616
6765
6912
5922
6837
6974
7451
7722
7504
7997
8098
8434
8447
8473
8495
8696
8970
9178
9183
9210
9293
9339
9462
9483
5271
5283
5283
5296
5296
5300
5312
5349
5369
5380
5366
5382
5406
5402
5430
5441
6210
5444
5474
5476
5560
5564
5596
5603
5614
5632
5634
5635
5647
5706
5806
5843
5847
6026
6204
6505
5756
5801
5987
6099
6158
6291
6575
6578
6589
6869
6886
6922
7012
7021
7121
7204
7189
7216
7218
7507
7366
7515
7544
7554
7628
7651
7694
7223
7228
7326
7419
7470
7528
7705
7807
7909
7982
7264
7384
7478
7719
7950
8108
8242
8545
8724
8778
7757
7837
7883
7948
7950
7884
8014
8079
8148
8234
8479
8596
8543
8572
8801
8950
8972
9024
8698
8900
8957
8964
9221
9247
9266
9324
5664
5725
5735
5735
5808
5791
5832
5852
6019
6198
7085
7554
5891
5935
5978
6703
6718
7147
7159
8081
8146
8236
8276
5873
5988
7041
7138
8316
8584
8602
8328
8462
8565
8710
8875
9395
9050
9063
9121
9429
9447
9466
9498
5957
6340
6356
6585
6768
6910
6963
7168
7495
7532
7587
7988
8178
8050
8242
8426
8879
9518
9568
9527
9606
9606
9660
9573
9597
9604
9664
9700
9675
9705
9717
5952
5975
5973
5978
5983
5992
6034
6209
6232
6316
6337
6454
6512
6513
6674
6675
6716
6747
6778
7022
6808
6948
6970
7023
7039
7049
7096
7033
7051
7056
7108
7125
7152
7152
7168
7332
7735
7178
7237
7614
7741
7867
7901
7336
7659
7712
7934
7979
8061
8077
8099
8366
8449
8638
8682
8912
8919
8959
9002
9058
9325
9423
9474
9526
9545
9554
9731
9743
9749
9789
9781
9788
9792
9803
9823
9855
9852
9872
7941
8028
8201
8408
8449
8740
8750
8773
9009
9716
9728
8987
9284
9848
9189
9365
9669
9722
9901
9822
9898
9908
9896
9921
9925
9927
9935
9941
9971
10058
10223
10336
10377
10486
10660
10837
9954
9967
9989
9994
9990
10564
10871
10947
11000
10004
10018
10040
10053
10062
10106
10142
10176
10210
10024
10078
10114
10184
10138
10220
10222
10268
10265
10307
10320
10322
10356
10432
10436
10461
10601
10491
10650
10683
10716
11068
10555
10568
10583
10634
10802
11067
11068
11142
11143
11254
11366
11507
10607
10677
10704
10962
10888
10907
10985
11011
11048
11109
11118
11240
11354
11421
11435
11408
11442
11539
11583
11545
11551
11596
11598
11645
11662
10348
10393
10398
10401
10427
10413
10427
10429
10476
10556
10562
10652
10691
10715
10807
10987
11051
11105
11277
11130
11334
11366
11092
11368
11368
11386
11405
11560
11697
11805
11885
11448
11505
11513
11575
11642
11605
11687
11882
11888
10577
10596
10688
10703
10884
10779
10798
11013
11014
11090
11117
11147
11223
11247
11349
11375
11402
11118
11471
11578
11658
11601
11666
11688
11718
11730
11757
11175
11322
11396
11432
11473
11653
11668
11718
11748
11787
11859
11869
11880
11899
11902
11904
11931
11937
11940
11944
11969
6025
6032
6083
6090
6106
6118
6122
6157
6182
6185
6203
6204
6245
6231
6238
6250
6278
6353
6357
6414
6451
6455
6462
6490
6498
6535
6589
6498
6586
6598
6660
6683
6806
6815
6842
6895
7017
6900
7017
7063
7084
7120
7189
7377
7279
7315
7376
7577
7584
7400
7603
7319
7343
7416
7439
7727
7802
7873
7905
7994
8162
8172
8177
8548
8695
8767
8623
8679
8859
8935
9116
8694
8822
8951
9152
9225
9322
8053
8281
8298
8306
8389
8390
8487
8677
8775
8784
8712
8810
8812
8950
9215
8802
9309
9315
9323
9362
6947
7065
7252
7726
7817
7952
8066
7478
7489
7620
7703
7769
8135
8249
8326
8396
8458
8704
8350
8918
8987
9132
8987
9264
9277
9312
9316
9381
9505
9574
9706
9470
9488
9710
9764
9828
10156
10269
10347
10585
9491
9541
9505
9569
9499
9596
9603
9639
9698
10558
10277
10690
10943
11052
11437
11288
11518
11937
9693
9695
9808
10032
10393
11034
11543
12047
12113
12114
12118
9802
9857
9896
9935
10016
10017
10024
10080
10293
10360
10400
10444
10525
10530
10901
11034
10181
10818
11043
11107
11179
11482
11502
11680
11135
11204
11693
11952
11982
12007
12022
12053
12104
12066
12070
12084
12132
12085
12146
12147
12190
12194
12199
12203
12204
12206
12213
9920
9947
10000
10005
10009
10097
10181
10117
10270
10279
10301
10377
10435
10451
10452
10594
10469
10507
10596
10619
10666
10743
10782
10844
10880
10922
11140
12126
12271
11006
11113
11330
11427
11897
11941
11513
12208
12246
12248
12252
12258
12293
12296
11562
11634
11656
11776
11635
11984
12217
11853
11913
11953
11989
12009
12023
12039
12100
12229
12090
12231
12243
12309
12280
12342
12344
12340
12362
12422
12600
12602
12673
12722
12817
12831
12884
12892
13093
12380
12384
12387
12411
12440
12451
12508
12393
12448
12450
12466
12484
12492
12500
12516
12521
12449
12454
12505
12517
12552
12601
12608
12642
12731
12754
12647
12720
12767
12807
12691
12691
12692
12722
12758
12790
12830
12874
12881
12898
12972
12972
12999
13028
13048
13073
13074
13074
13112
13114
13151
13176
12534
12548
12579
12580
12584
12602
12635
12647
12737
12740
12677
12755
12777
12787
12904
12705
12782
12861
12861
12880
12949
12818
12839
12856
12951
12955
12968
13021
13040
13062
13187
13190
13225
13248
13272
12793
12818
12824
12840
12848
12854
12939
12859
12964
12902
12991
12914
13094
12931
13167
13263
13279
13313
13328
13359
13375
13396
13455
12995
13136
13107
13145
13266
13281
13282
13306
13309
13387
13339
13346
13398
13403
13412
13376
13415
13411
13444
13447
13450
13475
13480
13481
13149
13175
13236
13409
13268
13495
13519
13524
13539
13484
13489
13499
13548
13550
13529
13551
13541
13555
13555
13557
13585
13600
13632
13634
13648
13656
13666
13684
13697
13557
13574
13581
13589
13592
13594
13633
13653
13732
13748
13769
13638
13689
13772
13777
13780
13784
13797
13805
13821
13832
13707
13716
13727
13736
13740
13815
13857
13785
13884
13813
13895
13899
13902
13905
13905
13921
13932
13941
13966
13942
13983
13991
13996
13951
13969
13991
14002
14019
14024
14040
14042
14043
14044
14044
14056
14089
14090
14137
14141
14103
14143
14149
14157
14162
14056
14069
14111
14136
14172
14181
14194
14214
14225
14270
14169
14173
14174
14221
14256
14234
14267
14282
14285
14301
13622
13635
13689
13702
13712
13713
13738
13769
14003
14049
14214
14253
13750
13985
14054
14223
14312
14328
14346
14359
14370
14371
14390
14386
14408
14409
14393
14407
14419
14144
14188
14248
14406
14198
14357
14447
14444
14447
14449
14453
14456
14465
14467
14470
14478
14482
14484
14504
14513
14513
14527
14539
14541
14542
14544
14544
14544
14571
14579
14590
14577
14584
14591
14616
14616
14631
14638
14649
14650
14659
14669
14683
14686
14692
14693
14712
14696
14715
14711
14712
14716
14726
14734
14718
14742
14754
14758
14761
14771
14778
14781
14762
14768
14782
14828
14804
14809
14813
14827
14839
14850
14855
14858
14866
14881
14854
14866
14889
14912
14940
14941
14887
14919
14945
14949
14903
14950
14960
14962
14982
14984
14984
14998
15001
15004
14997
15006
15026
15032
15062
15063
15050
15065
15080
15092
15081
15084
15095
15144
15096
15153
15174
15112
15164
15173
15217
15217
15148
15148
15176
15189
15190
15204
15229
15243
15206
15218
15244
15247
15248
15301
15265
15339
15339
15299
15362
15455
15612
15769
15796
15836
15351
15403
15436
15405
15444
15448
15452
15461
15465
15477
15497
15559
15571
15537
15582
15586
15638
15707
15713
15739
15593
15687
15703
15764
15764
15767
15842
15846
15847
15851
15871
15881
15883
15895
15908
15901
15927
15257
15261
15261
15284
15289
15295
15313
15318
15349
15354
15374
15519
15528
15547
15360
15428
15429
15446
15458
15461
15484
15486
15488
15505
15502
15517
15587
15562
15589
15628
15644
15606
15608
15708
15724
15766
15776
15779
15779
15783
15815
15868
15855
15862
15903
15916
15936
15954
15971
15976
15981
15983
15991
15996
15999
arquivo ordenado pelo algoritmo quicksort tempo da ordenação = 0 nanosegundos

