0
6
8
11
15
19
22
23
27
30
30
32
64
82
88
93
111
39
44
44
46
49
57
60
74
88
62
80
97
100
101
90
117
121
123
123
127
133
136
150
151
139
143
152
160
179
182
144
148
175
186
190
193
194
201
201
210
210
212
224
224
232
216
224
231
238
240
246
246
249
256
257
258
259
259
261
262
264
267
271
280
298
296
299
300
305
306
309
314
321
326
326
326
329
291
330
341
342
350
351
344
354
377
392
348
352
363
374
396
397
401
414
408
418
367
391
401
417
419
419
423
424
430
451
536
574
591
787
905
922
595
894
939
655
658
729
753
793
795
830
870
935
978
798
801
804
822
999
1036
856
990
864
1006
1061
1072
1105
1145
1138
1151
1159
1196
1221
1251
1270
1310
1245
1337
1346
1395
1408
1474
1525
1539
1572
1588
1627
1631
1655
1647
1676
1681
1682
1717
1776
1708
1778
1781
1785
1820
439
445
453
480
491
492
499
513
517
468
518
523
558
549
559
561
561
562
499
570
509
571
579
590
599
599
615
591
593
650
654
656
778
601
629
635
719
727
780
810
819
820
833
833
851
872
895
602
635
646
651
652
654
655
663
670
674
703
670
864
874
903
905
721
723
922
930
947
899
933
952
974
981
1004
1049
1061
1016
1096
1124
1065
1148
1156
1181
1194
680
732
835
836
931
732
924
961
990
751
823
850
866
906
993
943
1000
1011
1012
1007
1015
1032
1136
1142
1145
1164
1194
1201
1213
1216
1232
1228
1241
1262
1289
1315
1320
1234
1238
1268
1313
1318
1323
1341
1345
1350
1398
1421
1422
1428
1061
1080
1122
1148
1164
1166
1176
1194
1196
1211
1217
1218
1245
1254
1278
1283
1228
1272
1336
1368
1368
1378
1382
1467
1556
1615
1657
1658
1684
1713
1608
1615
1615
1636
1637
1637
1643
1684
1775
1832
1859
1642
1645
1712
1729
1725
1774
1787
1816
1877
1789
1794
1835
1856
1872
1881
1894
1905
1909
1919
1920
1929
1929
1406
1442
1504
1511
1521
1453
1467
1504
1571
1577
1578
1456
1574
1581
1583
1597
1510
1510
1633
1638
1720
1673
1673
1676
1739
1757
1784
1784
1799
1831
1840
1869
1872
1877
1879
1879
1915
1889
1892
1916
1916
1924
1943
1948
1991
2014
2028
2118
2029
2059
2063
2151
1777
1858
1965
1975
1860
1946
1981
1985
2001
1993
2013
2009
2016
2046
1942
1946
1952
1970
1985
2016
2018
2025
2030
2035
2065
2067
2068
2072
2090
2109
2109
2121
2171
2214
2214
2266
2109
2113
2125
2126
2128
2153
2159
2177
2182
2189
2192
2202
2203
2142
2216
2225
2232
2235
2240
2258
2276
2305
2291
2306
2307
2311
2309
2319
2322
2323
2328
2329
2339
2332
2342
2347
2349
2372
2369
2376
2383
2384
348
349
358
384
414
478
367
374
400
420
426
441
492
510
517
520
580
653
523
525
578
600
669
693
701
716
717
734
739
730
741
752
779
797
804
812
814
827
838
852
832
907
890
905
910
921
924
928
953
924
967
984
1256
1263
1430
1436
968
978
1009
1040
1032
1088
1108
1071
1078
1112
1191
1137
1195
1197
1228
1230
1257
1270
1274
1309
1330
1370
1434
1444
1446
1451
1457
1482
1497
1526
1542
1551
1553
1521
1524
1551
1601
1642
1644
1662
1666
1743
1750
1788
1790
1795
2144
2153
2194
2240
2267
2448
2528
2429
2543
2571
2574
2635
2661
1811
1831
1878
1942
1967
1981
1991
2017
2064
2074
2106
2087
2138
2158
2188
2190
2212
2216
2228
2230
2243
2333
2272
2315
2375
2346
2362
2378
2387
2410
2365
2387
2390
2436
2442
2437
2442
2443
2451
2450
2459
2461
2464
2486
2487
2491
2495
2501
2525
2504
2504
2505
2528
2561
2569
2506
2510
2521
2544
2579
2579
2510
2580
2583
2586
2591
2593
2598
2605
2609
2613
2743
2613
2615
2627
2634
2635
2642
2650
2676
2644
2646
2668
2687
2691
2701
2702
2661
2663
2698
2686
2716
2698
2704
2732
2631
2709
2741
2745
2754
2761
2764
2766
2769
2771
2775
2785
2785
2788
2782
2805
2807
2829
2809
2821
2825
2829
2834
2834
2839
2840
2849
2857
2874
2874
2875
2879
2880
2861
2861
2862
2881
2885
2902
2904
2906
2909
2953
2939
2973
2982
2983
2893
2904
2940
2931
2934
2940
2948
2951
2959
2964
2971
2977
2979
2983
2987
2991
3018
3020
3026
3030
3032
3034
3036
3040
2942
2962
2980
2994
3019
3041
3044
3047
3048
3051
3058
3066
3069
3087
3063
3074
3080
3088
3089
2994
3009
3067
3093
3098
3102
3104
3112
3113
3113
3118
3123
3132
3119
3128
3133
3138
3142
3150
3158
3162
3179
3161
3163
3165
3181
3189
3190
3193
3195
3203
3203
3211
3231
3245
3275
3269
3277
3280
3308
3207
3221
3241
3290
3292
3304
3305
3307
3312
3295
3303
3314
3314
3315
3321
3334
3338
3340
3342
3345
3343
3370
3355
3359
3366
3372
3219
3220
3250
3271
3356
3378
3415
3422
3464
3478
3484
3485
3516
3385
3386
3388
3415
3433
3517
3528
3534
3539
3539
3399
3439
3483
3410
3511
3521
3515
3549
3569
3414
3432
3432
3446
3448
3469
3497
3514
3416
3425
3427
3428
3433
3456
3460
3469
3493
3546
3521
3535
3551
3557
3570
3573
3578
3582
3590
3605
3608
3583
3585
3612
3617
3620
3625
3625
3635
3635
3636
3637
3647
3643
3654
3655
3663
3664
3666
3667
3678
3679
3681
3681
3684
3690
3696
3697
3701
3702
3715
3719
3720
3725
3734
3845
3865
4086
4215
3734
3747
3771
3751
3776
3782
3800
3789
3812
3831
3821
3855
3870
3879
3858
3862
3885
3904
3837
3909
3925
3933
3950
3942
3945
3961
3963
3988
3997
4005
4005
4046
4051
4054
4057
4073
3789
3791
3859
3894
3905
4042
4088
4099
4144
4146
4153
4165
4171
4166
4173
4172
4193
4200
4206
4224
4207
4208
4227
4250
4272
4228
4232
4282
4258
4448
4498
4562
4605
4607
4639
4274
4291
4301
4280
4305
4333
4336
4340
4350
4385
4397
4444
4493
4444
4463
4464
4467
4498
4511
4492
4504
4527
4566
4579
4509
4520
4599
4559
4599
4611
4613
4614
4615
4615
4621
4628
4629
4638
4646
4648
4652
4683
4703
4710
4721
4732
4750
4751
4805
4811
4813
4834
4898
4667
4892
5029
5091
5143
5368
5185
5232
5310
5480
5371
5440
5559
5562
5567
5588
5613
5644
5659
5667
4759
4764
4824
4811
4812
4840
4859
4870
4894
4898
4923
4927
4971
4972
4984
4989
4995
5016
5066
5068
5070
5074
5076
5070
5076
5080
5092
5119
4984
5013
5087
5095
5190
5203
5218
5276
5371
5259
5527
5745
5676
5679
5690
5707
5782
5784
5784
5146
5167
5172
5157
5177
5217
5219
5176
5193
5304
5319
5350
5409
5444
5478
5283
5300
5322
5359
5373
5376
5380
5447
5473
5534
5557
5557
5590
5590
5570
5599
5614
5632
5679
5703
5718
5727
5748
5743
5752
5762
5773
5790
5780
5794
5797
5797
5800
5803
5822
5828
5830
5852
5857
5870
5879
5888
5929
5929
5884
5940
5953
5910
5913
5922
5965
5972
5993
6009
6016
6011
6029
6020
6108
6071
6126
6151
6089
6156
6141
6217
6188
6188
6200
6220
6235
6229
6260
6269
6061
6069
6082
6094
6096
6127
6131
6184
6141
6143
6167
6188
6191
6191
6211
6191
6236
6217
6222
6236
6240
6262
6264
6297
6300
6345
6347
6343
6354
6325
6369
6371
6442
6454
6440
6442
6554
6555
6462
6478
6584
6444
6462
6492
6493
6501
6507
6617
6552
6580
6587
6638
6648
6650
6671
6699
6718
6272
6285
6309
6331
6366
6399
6421
6430
6440
6449
6456
6474
6594
6598
6602
6612
6624
6659
6671
6667
6677
6683
6723
6683
6683
6710
6727
6720
6729
6736
6741
6757
6776
6753
6764
6770
6799
6784
6822
6831
6866
6872
6876
6879
3739
3744
3749
3770
3780
3782
3788
3807
3827
3830
3841
3852
3852
3861
3868
3875
3967
3924
4022
4052
4137
3877
3878
3891
3945
3995
4087
4096
4114
4118
4120
4147
4148
4179
4065
4085
4086
4182
4200
4260
4263
4264
4268
4290
4292
4292
4295
4089
4090
4096
4182
4222
4304
4317
4375
4382
4496
4515
4516
4521
4574
4631
4345
4347
4366
4388
4463
4491
4397
4516
4531
4408
4533
4586
4579
4632
4657
4640
4665
4692
3808
3819
3820
3875
3937
3976
4056
4085
4162
4265
4243
4348
4612
4702
4711
4716
4716
4725
3972
3977
4000
4112
4164
4290
4128
4172
4219
4318
4320
4337
4357
4385
4400
4417
4559
4607
4708
4744
4748
4757
4759
4770
4410
4442
4555
4644
4657
4698
4700
4772
4776
4806
4887
4901
4920
5000
5015
4815
4833
4847
4848
4853
4856
4864
4868
4869
4887
4899
4909
4926
4969
4969
5020
5037
4997
5003
5027
5016
5035
5042
5060
5064
5065
5065
5089
5303
5317
5396
5398
5441
5536
5687
5696
5737
5577
5582
5602
5649
5780
5889
6067
5724
5727
5753
5864
5889
5892
5899
6038
6075
6110
6246
6269
6301
5907
5911
5973
6161
6185
6346
6072
6315
6322
6358
6380
6382
6404
6437
6608
6084
6316
6374
6376
6211
6520
6554
6504
6632
6896
6708
6756
6898
6916
6927
7068
5070
5077
5078
5079
5159
5109
5125
5154
5160
5270
5163
5171
5195
5254
5290
5306
5312
5319
5349
5351
5378
5445
5381
5393
5413
5557
5445
5520
5577
5622
5464
5603
5697
5704
5624
5706
5774
5654
5718
5783
5789
5734
5788
5816
5820
5835
5836
5849
5167
5194
5226
5267
5275
5358
5363
5387
5489
5551
5611
5712
5557
5587
5718
5821
5842
5849
5905
5863
5895
5897
5924
5934
5881
5914
5939
5941
5946
5991
6020
6020
6040
6094
6125
6126
6161
6165
6143
6166
6166
6022
6022
6130
6145
6230
6237
6238
6270
6306
6353
6398
6401
6407
6415
6416
6452
6430
6432
6486
6593
6071
6172
6187
6255
6342
6475
6263
6362
6481
6502
6509
6583
6615
6632
6632
6644
6659
6714
6283
6298
6345
6483
6600
6609
6631
6671
6702
6725
6755
6743
6756
6355
6471
6487
6563
6613
6760
6769
6589
6730
6750
6751
6798
6808
6853
6896
6908
6833
6921
6931
6978
7007
6985
7021
7025
7037
7056
7038
7069
7074
7079
7087
7092
7106
7108
7109
7113
7133
7122
7124
7146
6778
6843
6900
6902
6945
6955
6960
6962
7000
7005
7035
7038
7111
7153
7117
7157
7158
7161
6975
7165
7178
7184
7184
7187
7195
7207
7211
7229
7247
7263
7272
7256
7273
7307
7340
7355
7210
7221
7221
7225
7229
7234
7237
7267
7269
7277
7290
7293
7277
7309
7299
7308
7318
7327
7327
7330
7334
7298
7299
7301
7305
7308
7310
7337
7363
7343
7347
7355
7357
7364
7380
7370
7381
7386
6863
6871
6888
6957
7008
7130
7387
7413
7415
6889
7119
7167
7253
7365
7417
7520
6912
6927
6992
6992
7035
7057
7082
7094
7390
7409
7458
7458
7490
7565
7043
7080
7156
7234
7272
7269
7310
7270
7336
7387
7392
7380
7422
7483
7487
7498
7546
7570
7587
7594
7608
7602
7611
7506
7578
7595
7630
7634
7658
7630
7684
7685
7693
7758
7688
7693
7702
7800
7739
7754
7835
7837
7856
7857
7871
7897
7910
7759
7764
7765
7774
7824
7828
7829
7832
7889
7922
7923
7939
7945
7423
7425
7436
7436
7440
7444
7445
7448
7470
7490
7511
7466
7466
7537
7473
7525
7550
7553
7584
7586
7596
7614
7632
7633
7656
7660
7663
7689
7692
7458
7464
7719
7733
7776
7777
7783
7812
7827
7881
7900
7465
7490
7561
7650
7501
7515
7694
7762
7905
7909
7920
7601
7635
7651
7660
7661
7670
7693
7786
7817
7898
7910
7933
7950
7698
7699
7729
7761
7792
7810
7891
7909
7954
7955
7961
7962
7956
7968
7958
7962
7968
7969
7973
3984
4414
4478
4658
6191
6477
7425
7940
7996
7998
8005
8013
8031
8041
8053
8073
8068
8075
6334
6756
7729
7974
8073
8020
8080
8088
7975
7977
7977
7988
7993
7993
8010
7998
7999
8000
8008
8018
8116
8124
8133
8152
8166
8249
8022
8116
8130
8173
8176
8198
8217
8220
8243
8253
8302
8340
8218
8248
8310
8315
8364
8384
8398
8393
8403
8404
8427
8443
8364
8380
8411
8426
8445
8477
8478
8480
8486
8492
8032
8038
8046
8084
8099
8128
8180
8193
8208
8050
8098
8092
8136
8174
8194
8213
8214
8231
8242
8272
8257
8307
8386
8464
8564
8649
8258
8437
8482
8655
8684
8684
8699
8750
8754
8355
8403
8440
8499
8500
8508
8508
8510
8515
8517
8527
8540
8567
8605
8606
8612
8684
8616
8619
8650
8686
8695
8717
8621
8651
8658
8755
8757
8676
8706
8708
8732
8766
8774
8779
8779
8172
8175
8182
8183
8199
8215
8226
8233
8237
8256
8268
8297
8317
8358
8338
8346
8422
8421
8431
8440
8442
8455
8482
8519
8565
8598
8643
8486
8505
8549
8517
8678
8678
8698
8273
8287
8359
8406
8456
8305
8470
8512
8561
8436
8578
8712
8712
8721
8724
8752
8814
8504
8572
8796
8812
8847
8543
8623
8854
8857
8877
8513
8515
8650
8679
8688
8795
8816
8687
8794
8843
8847
8857
8896
8913
8918
8928
8930
8936
8942
8941
8946
8946
8957
8959
8734
8775
8807
8815
8904
8909
8910
8929
8964
8969
8984
8827
8853
8859
8876
8877
8916
8961
9006
9022
8883
8900
8906
8951
9054
9068
8913
8926
8972
8985
9003
9010
9048
9074
9090
9116
9119
9159
9161
9162
9170
9172
9173
9177
8978
9005
9012
9023
9025
9081
9090
9111
9139
9179
9183
9203
9209
9212
9212
9218
9228
9233
9231
9267
9285
9297
9039
9048
9049
9143
9189
9240
9286
9150
9195
9290
9300
9303
9053
9055
9103
9109
9120
9123
9137
9138
9151
9138
9158
9187
9187
9207
9209
9217
9192
9194
9230
9235
9246
9263
9264
9274
9282
9293
9306
9308
9310
9322
9325
9326
9328
9332
9339
9343
9348
9381
9397
9432
9512
9440
9450
9513
9524
9583
9648
9700
9581
9617
9660
9659
9718
9715
9734
9752
9797
9809
9822
9336
9347
9353
9501
9655
9698
9593
9710
9848
9903
9722
9836
9925
9931
9970
9976
9985
10018
10103
10110
10247
10250
10269
10278
10279
10298
10300
10303
10351
10357
10357
9815
9878
9935
9932
10108
10135
10190
10206
10257
10260
10303
10362
10423
10430
10447
10474
10520
10541
10546
10701
10566
10601
10605
10607
10643
10650
10697
10709
10711
10731
10738
10743
10744
10790
10796
10804
10952
10807
10869
10822
10864
10961
10962
9360
9369
9381
9364
9367
9372
9395
9396
9398
9401
9403
9409
9420
9413
9437
9445
9464
9492
9519
9419
9420
9440
9523
9549
9590
9440
9469
9496
9528
9540
9543
9553
9565
9605
9605
9617
9639
9641
9664
9667
9689
9711
9463
9485
9485
9489
9493
9502
9540
9545
9510
9523
9558
9570
9589
9602
9621
9658
9661
9664
9682
9695
9698
9709
9717
9735
9737
9739
9761
9752
9765
9768
9769
9778
9507
9635
9726
9773
9786
9823
9640
9707
9729
9779
9843
9861
9788
9789
9794
9804
9795
9833
9849
9851
9846
9862
9863
9869
9879
9880
9885
9885
9901
9898
9907
9931
9943
9929
9955
9968
9980
9981
9896
9951
9991
9992
10001
10014
9993
9999
10013
10013
10016
10025
10039
10055
10068
10066
10072
10078
10082
9919
9936
9955
9971
9986
10050
10059
10089
10091
10125
10148
10089
10118
10127
10133
10135
10140
10143
10137
10145
10154
10163
10166
10157
10173
10173
10175
10181
10183
10185
10194
10191
10200
10212
10212
10213
10217
10218
10230
10234
10239
10249
10259
10283
10289
10304
10305
10292
10306
10310
10300
10317
10325
10345
10337
10346
10347
10362
10362
10369
10377
10381
10340
10345
10382
10383
10388
10390
10396
10406
10408
10409
10411
10420
10424
10429
10436
10443
10443
10455
10469
10470
10474
10480
10482
10501
10505
10507
10509
10515
10526
10520
10528
10542
10551
10737
10531
10559
10562
10564
10846
10882
10572
10573
10579
10595
10590
10592
10601
10618
10625
10626
10603
10632
10642
10643
10658
10670
10646
10648
10668
10674
10691
10692
10697
10705
10721
10732
10793
10874
10899
10795
10918
10972
11023
10728
10900
10755
11026
10991
10992
11027
11035
10745
10750
10756
10775
10839
10889
10779
10779
10795
10895
10908
10920
10925
11036
10819
10847
10848
10968
10993
11036
11044
11067
11081
11050
11051
11100
11121
11057
11069
11143
11150
11155
11070
11071
11080
11095
11102
11118
11135
11109
11111
11159
11163
11169
10661
10665
10682
10668
10694
10704
10704
10756
10759
10777
10781
10796
10805
10811
10814
10839
10869
10879
10907
10913
10916
10958
10960
10940
10961
11036
11025
11082
11093
10951
10956
10999
11075
11098
11099
11127
11174
11177
11181
11184
11184
11193
11201
11210
11234
11247
11216
11263
11265
11270
11309
11326
11328
11341
11278
11349
11354
11384
11295
11299
11321
11314
11355
11395
11397
10987
11026
11034
11052
11061
11069
11069
11080
11099
11107
11121
11127
11175
11190
11190
11208
11215
11244
11267
11275
11132
11133
11153
11156
11180
11183
11188
11193
11196
11208
11225
11229
11254
11255
11276
11285
11287
11294
11320
11339
11295
11306
11298
11330
11360
11363
11371
11375
11142
11147
11192
11303
11306
11189
11195
11238
11380
11403
11206
11242
11377
11444
11444
11500
11406
11408
11422
11426
11485
11504
11504
11511
11518
11558
11579
11587
11565
11603
11606
11606
11429
11448
11445
11462
11503
11510
11520
11540
11570
11595
11607
11624
11616
11619
11631
11634
11463
11469
11516
11549
11556
11513
11541
11559
11563
11572
11577
11600
11658
11600
11600
11611
11612
11639
11641
11642
11660
11667
11644
11645
11652
11654
11678
11680
11686
11695
11707
11705
11761
11809
11762
11771
11777
11791
11844
11706
11728
11817
11824
11847
11850
11852
11853
11860
11861
11884
11695
11702
11720
11734
11735
11750
11739
11752
11774
11785
11786
11801
11820
11799
11808
11830
11879
11883
11901
11908
11926
11931
11939
11950
11984
11978
11988
12011
12019
12036
12055
12036
12055
12058
12059
12062
12074
12093
12096
12097
12101
12106
12108
12110
12130
12131
12183
12207
12212
12213
12226
12150
12160
12174
12192
12215
12240
12244
12251
12253
11980
12008
12284
12290
12032
12263
12313
12260
12268
12286
12314
12314
12316
12321
12322
12326
12335
12340
12351
12360
12404
12463
12470
12563
12579
12587
12592
12661
12612
12656
12659
12666
12677
12680
12708
12724
12332
12347
12373
12435
12464
12577
12334
12343
12551
12626
12649
12384
12387
12482
12537
12589
12593
12678
12684
12687
12358
12442
12565
12544
12652
12535
12664
12713
12693
12698
12733
12743
12701
12708
12751
12760
12764
12773
12783
11872
11891
11900
11925
11931
11949
11974
11975
11905
12039
12060
12068
12069
12081
12003
12023
12025
12089
12091
12163
11920
11980
11983
12007
12145
12043
12125
12144
12231
12337
12394
12505
12168
12221
12244
12310
12383
12411
12468
12422
12493
12440
12512
12526
12551
12576
12679
12699
12721
12707
12713
12715
12722
12742
12760
12788
12797
12802
12804
12819
12726
12794
12809
12816
12796
12798
12819
12844
12854
12856
12857
12862
12898
12908
12915
12915
12920
12924
12125
12128
12131
12153
12156
12221
12289
12321
12324
12604
12356
12372
12518
12650
12200
12214
12240
12265
12393
12408
12437
12513
12532
12535
12553
12585
12593
12612
12724
12739
12323
12761
12763
12766
12768
12790
12791
12798
12832
12851
12889
12902
12910
12915
12917
12924
12926
12927
12928
12931
12933
12936
12949
12952
12972
12987
12997
13012
13018
13035
12938
12944
12961
12962
12989
12978
12982
12995
12999
13021
13051
13041
13043
13053
13054
13072
13047
13059
13085
13050
13093
13097
13106
13058
13061
13062
13062
13070
13108
13117
13073
13088
13089
13106
13112
13118
13132
13132
13126
13134
13134
13141
13150
13159
13184
13190
13213
13221
13279
13280
13314
13319
13321
13135
13151
13158
13172
13221
13228
13228
13242
13260
13197
13213
13214
13226
13230
13267
13230
13269
13284
13285
13277
13279
13280
13323
13331
13355
13365
13336
13376
13383
13515
13516
13567
13560
13674
13766
13801
13887
13807
13885
13897
13980
13984
14044
14067
13287
13291
13311
13313
13329
13342
13365
13435
13382
13400
13550
13567
13582
13588
13731
13855
14077
13396
13433
13702
13865
13536
13922
14021
13758
14042
14105
14110
14142
14187
14217
14221
14232
14237
14295
14332
14517
14327
14367
14370
14529
14554
14389
14483
14578
14279
14384
14409
14487
14603
14603
14630
14625
14627
14642
14657
14670
14690
14729
13410
13411
13416
13430
13441
13442
13445
13449
13454
13445
13463
13501
13465
13475
13506
13495
13511
13512
13513
13455
13459
13471
13520
13522
13557
13567
13588
13589
13465
13468
13598
13481
13581
13596
13604
13604
13530
13533
13535
13537
13568
13575
13548
13554
13558
13578
13599
13600
13565
13595
13641
13636
13688
13697
13648
13648
13649
13704
13717
13682
13739
13748
13781
13816
13819
13684
13694
13699
13704
13708
13809
13714
13721
13737
13806
13822
13827
13833
13854
13810
13872
13736
13761
13770
13834
13879
13886
13948
13901
13956
13964
13970
13970
13977
13982
14026
14299
13990
14002
14010
14081
14103
14274
14018
14175
14202
14208
14067
14141
14354
14375
14117
14142
14217
14212
14222
14363
14372
14401
14403
14228
14243
14276
14301
14409
14429
14430
14433
14447
14447
14449
14509
13819
13830
13834
13864
13867
13867
13968
13971
13989
14014
13980
14015
13980
14020
14142
14164
14165
14205
14209
14240
14253
14256
14265
14278
14291
14329
14330
14339
14342
13890
13903
13904
13912
13941
13956
13957
13999
14041
13968
13981
13991
14010
14026
14034
14059
14087
14122
14172
14190
14076
14095
14147
14265
14296
14303
14325
14384
14400
14406
14430
14432
14434
14442
14474
14478
14480
14484
14499
14503
14517
14520
14524
14510
14514
14520
14530
14533
14534
14538
14545
14547
14554
14570
14579
14750
14879
14594
14596
14602
14602
14606
14818
14918
14998
15088
15140
14603
14605
14619
14626
14655
14739
14800
14673
14801
14810
14783
14855
14847
14953
15167
14861
15184
14873
14879
14932
15313
15349
14988
15008
15009
15067
15091
15101
15117
15162
15191
15280
15330
15229
15337
15341
15386
15430
15434
15276
15522
15529
15558
15575
15578
15587
15590
15609
15658
15661
14610
14610
14618
14619
14619
14621
14643
14650
14651
14652
14656
14667
14682
14694
14701
14720
14730
14708
14714
14735
14743
14748
14776
14790
14794
14863
14885
14888
14900
14936
14930
14937
14964
14749
14753
14763
14772
14773
14768
14779
14801
14860
14784
14806
14809
14841
14858
14791
14808
14825
14870
14871
14872
14879
14888
14896
14897
14899
14903
14906
14912
14920
14944
14934
14950
14983
14956
14989
14997
15002
15003
15003
15014
15018
15019
15019
15019
15026
15030
15041
15046
15049
15052
15061
15071
15072
15074
15076
15082
15083
15085
15091
15088
15108
15113
15113
15119
15122
15176
15222
15224
15226
15232
15128
15131
15135
15148
15171
15222
15216
15236
15244
15244
15247
15249
15254
15091
15091
15114
15176
15117
15138
15213
15217
15222
15256
15262
15266
15274
15276
15277
15279
15282
15313
15319
15329
15342
15393
15399
15405
15420
15279
15290
15305
15308
15318
15323
15328
15352
15334
15349
15362
15369
15375
15377
15385
15386
15387
15391
15394
15405
15411
15421
15446
15450
15456
15460
15464
15463
15469
15477
15478
15481
15484
15507
15508
15527
15533
15233
15296
15310
15320
15321
15333
15385
15411
15419
15462
15474
15495
15500
15505
15518
15535
15547
15553
15556
15495
15540
15567
15570
15572
15577
15579
15581
15592
15596
15605
15605
15612
15615
15623
15641
15652
15665
15677
15702
15636
15643
15654
15713
15714
15652
15723
15727
15715
15715
15731
15725
15732
15740
15746
15678
15699
15706
15716
15719
15730
15739
15745
15755
15755
15756
15759
15782
15790
15650
15656
15660
15663
15678
15695
15697
15729
15760
15777
15790
15797
15798
15734
15761
15796
15798
15807
15807
15823
15820
15831
15835
15838
15851
15817
15832
15837
15850
15851
15867
15854
15886
15895
15897
15921
15854
15868
15890
15891
15895
15895
15900
15903
15905
15911
15912
15920
15951
15941
15950
15961
15964
15974
15980
15986
15989
15990
15992
arquivo ordenado pelo algoritmo quicksort tempo da ordenação = 15600 nanosegundos

