0
2
2
12
12
15
17
22
22
4
8
15
20
31
37
44
42
43
47
47
54
58
60
65
67
68
81
74
80
83
78
90
83
99
94
97
100
102
99
107
109
19
23
26
32
51
74
93
106
113
114
121
122
127
144
175
129
135
138
144
160
166
168
171
178
181
154
157
176
161
191
178
192
163
174
197
198
200
201
116
140
181
190
214
221
234
229
241
242
249
232
237
238
253
147
173
209
221
210
222
222
225
231
234
237
237
239
244
248
257
258
233
236
240
243
259
259
260
261
264
265
272
275
292
295
295
299
304
303
305
317
323
347
349
358
363
367
390
412
393
402
403
413
278
296
305
310
331
340
307
309
321
329
345
346
346
355
358
377
356
365
378
360
379
393
396
398
405
407
457
361
365
404
435
438
442
473
480
510
517
519
518
566
577
594
520
534
591
559
588
596
614
618
618
625
629
630
631
632
637
637
649
653
653
654
654
412
412
424
424
433
435
440
446
447
455
436
465
476
489
621
631
634
687
490
490
491
493
524
548
619
642
671
491
510
515
676
584
647
680
680
681
686
687
690
690
694
698
704
705
463
469
476
480
493
497
498
495
510
512
513
534
577
598
601
526
535
536
545
573
586
590
653
680
745
786
831
856
896
929
948
985
548
549
554
565
569
578
603
603
605
616
616
617
626
640
652
755
763
763
792
832
873
621
661
666
697
701
749
759
817
837
948
884
900
950
962
963
1016
979
1028
1031
1075
1079
636
650
667
767
788
825
846
858
860
778
902
1032
1059
1084
1092
1105
1136
1102
1114
1149
1162
1170
1174
1182
1189
1193
1195
1212
60
83
106
125
129
138
138
142
162
203
211
229
216
236
245
362
277
294
295
332
390
390
414
419
332
421
422
391
427
429
417
461
477
545
888
487
494
518
549
572
577
580
498
505
565
581
591
595
596
625
648
656
672
693
702
703
789
806
739
750
762
775
780
810
836
871
943
904
918
954
960
969
787
854
981
1011
1036
1105
1135
1156
1242
1253
1257
1257
1259
1260
1272
1280
1291
1324
1328
855
972
1055
1071
1052
1066
1075
1089
1191
1210
1231
1262
1303
1326
1342
1358
1390
981
989
1165
1262
1261
1402
1408
1411
1428
1437
1445
1453
1460
1518
1508
1519
1536
1566
1573
1574
1622
1633
1591
1609
1636
1663
1677
1694
1704
1713
1728
1782
1783
1789
1839
1351
1365
1383
1351
1385
1398
1405
1414
1438
1537
1645
1460
1492
1494
1496
1554
1519
1525
1526
1568
1680
1725
1585
1633
1637
1727
1650
1658
1751
1761
1787
1855
1862
1862
1865
1876
1880
1892
1898
1907
1923
1923
1530
1558
1607
1817
1907
1979
1982
1993
2020
1925
1979
2057
2061
1999
2075
2112
2113
2159
2171
2180
2197
2208
2230
2241
2276
2277
2285
2344
2301
2341
2347
2348
2360
2368
2375
2407
2409
2420
2484
2540
2545
2552
2547
2614
2614
2619
2666
2687
2692
2709
2702
2716
2722
1897
1949
1967
1935
1945
1952
1953
1968
1989
2000
2002
2018
2041
2091
2057
2109
2159
2156
2162
2176
2008
2020
2026
2040
2122
2161
2180
2076
2084
2095
2177
2182
2203
2224
2236
2183
2221
2243
2253
2260
2281
2255
2270
2299
2316
2332
2341
2361
2346
2380
2468
2571
2605
2388
2403
2406
2448
2475
2465
2492
2493
2521
2559
2604
2616
2595
2619
2616
2623
2642
2647
2683
2694
2726
2650
2691
2717
2827
2836
2843
2845
2845
2425
2434
2436
2437
2490
2494
2506
2552
2569
2738
2776
2811
2816
2849
2534
2653
2709
2725
2748
2761
2761
2776
2787
2795
2798
2835
2851
2871
2886
2887
2890
2890
705
708
708
710
717
721
723
714
715
720
731
742
726
731
751
751
752
742
756
759
760
756
762
767
770
780
782
782
789
832
775
778
780
782
784
907
888
900
959
974
1069
1122
1134
1170
1174
1184
1698
2042
792
805
972
1047
1059
1099
1096
1101
1903
2076
2124
2150
2157
2189
2236
2209
2266
2294
916
937
957
1033
1114
1164
1168
1269
1193
1296
1330
1381
2071
2076
2184
2240
2251
1498
2311
2394
2398
2431
2489
2539
2577
790
792
827
841
858
877
918
918
921
936
953
960
1011
1164
1221
1244
1376
1463
1539
1661
1839
2059
1067
1213
1215
1217
1265
1281
1268
1575
1503
1539
1690
1771
2066
1937
2491
2690
2741
1727
1728
1748
2075
2210
2282
2432
2433
2487
2586
2624
2625
2677
2682
2708
2741
2766
2718
2770
2776
2779
2762
2826
2827
2837
2829
2849
2886
2890
2835
2895
2878
2893
2918
2895
2931
2899
2909
2939
2923
2923
2943
2940
2946
2953
792
793
794
795
799
810
819
820
821
823
831
833
839
846
867
890
893
893
936
940
1004
1024
1434
1037
1058
1063
1122
1134
1280
1280
1355
1437
1782
1784
2060
1451
1504
1551
1559
1621
1638
1868
1640
1646
2009
2094
2070
2203
2214
900
900
910
909
920
900
922
922
984
926
947
947
986
990
940
966
968
980
1003
989
1010
1012
1019
1020
1021
1024
1027
1029
1035
1273
1283
1038
1039
1054
1039
1046
1072
1044
1084
1116
1274
1397
1245
1405
1515
1525
1552
1731
1815
1571
1846
1952
2048
2082
2143
2258
2320
2452
2583
2602
2621
2300
2320
2323
2328
2353
2401
2404
2584
2621
2665
2722
2725
2394
2541
2750
2772
2783
2868
2882
2963
2963
2968
1069
1071
1094
1098
1102
1112
1114
1082
1120
1130
1148
1192
1195
1197
1202
1204
1210
1376
1391
1559
1799
2620
2695
1450
1506
1747
1819
1890
2044
2071
2244
2614
2683
2885
1622
1827
1916
2058
2199
2261
2267
2682
2359
2698
2733
2823
2736
2914
2999
3030
3175
3250
3418
3488
3615
3692
3738
3620
3747
3808
3817
1227
1246
1302
1439
1444
1468
1468
1498
1539
1585
1635
1777
1819
2215
2221
2277
2331
2410
2414
2455
2532
2559
2631
2590
3089
3089
3298
3664
3435
3522
3910
3937
4012
4155
4406
4410
5060
5163
4515
4592
4745
4874
4822
4880
4985
5326
5101
5250
5343
5415
5429
5431
1965
2150
2230
2255
2361
2397
2446
2716
2728
2895
2923
2956
2976
2976
3088
2980
2984
2985
2994
2986
3001
3006
3009
3011
3012
3017
3062
3070
3359
3993
4110
4718
4989
5014
5307
5492
5492
3019
3020
3024
3031
3033
3040
3046
3048
3052
3975
4299
4916
5567
3061
3069
3076
3081
3077
3082
3084
5794
5876
5965
1215
1220
1222
1229
1230
1232
1234
1235
1239
1239
1244
1248
1248
1254
1255
1274
1259
1310
1269
1289
1315
1318
1318
1275
1276
1287
1310
1392
1397
1326
1326
1329
1334
1338
1347
1365
1423
1323
1330
1333
1345
1363
1387
1428
1424
1444
1450
1462
1476
1477
1321
1326
1368
1376
1378
1380
1389
1443
1462
1471
1508
1533
1490
1490
1502
1506
1513
1519
1532
1532
1534
1546
1556
1590
1633
1423
1455
1427
1467
1480
1502
1504
1518
1521
1530
1538
1529
1540
1511
1525
1532
1553
1633
1554
1574
1585
1640
1587
1647
1652
1662
1659
1673
1682
1678
1687
1689
1689
1692
1692
1699
1743
1761
1785
1833
1894
1871
1958
1964
1967
1976
2007
1711
1713
1734
1783
1808
1822
1841
1868
2032
2102
2139
1715
1901
1962
2139
2264
2296
2320
2455
2458
2344
2350
2361
2400
2477
2487
2650
2424
2483
2677
2694
2872
2680
2758
2829
2868
2907
2014
2024
2040
2054
2074
2081
2120
2192
2244
2337
2351
2373
2377
2429
2447
2468
2497
2529
2537
2552
2597
2686
2712
2636
2743
2752
2781
2807
2923
2929
2931
2973
3029
3050
3054
2836
2892
2935
2971
3016
2853
3037
3038
3059
3061
3083
3102
3113
3185
3205
3258
3268
3284
3428
3455
3473
3487
3499
3604
3827
3589
3605
3618
3992
3615
3815
3972
4005
4188
3781
4048
4186
4301
4308
4332
4357
4434
4449
4470
4509
4514
4541
3745
4174
4568
4578
4617
4624
4678
4749
4795
4809
4815
4921
4885
5014
5017
5112
5115
5116
5123
5151
5254
5310
5328
5355
5370
5308
5364
5404
5468
5561
5584
5605
5724
5749
5757
5759
5834
5876
5878
5878
5925
5996
6072
6235
6111
6214
6265
1739
1744
1745
1760
1766
1757
1771
1772
1795
1812
1891
1897
1945
1773
1788
1789
1804
1830
1832
1850
1876
1878
1883
1898
1905
1923
1930
1954
1967
1975
1978
1984
1989
1998
2010
2029
2040
2050
2063
2065
2074
2088
2089
2094
2095
2098
2100
2102
2120
2154
2156
2160
2160
2165
2182
2207
2209
2210
2215
2243
2244
2247
2252
2254
2264
2277
2289
2292
2295
2299
2300
2316
2316
2334
2348
2212
2230
2244
2279
2286
2287
2320
2428
2433
2451
2354
2372
2374
2376
2424
2428
2436
2483
2500
2500
2522
2537
2378
2398
2404
2452
2460
2445
2463
2467
2478
2494
2522
2517
2524
2538
2400
2410
2452
2463
2496
2512
2540
2559
2573
2560
2579
2695
2699
2701
2548
2549
2578
2581
2653
2654
2663
2675
2734
2687
2709
2741
2764
2773
2563
2566
2585
2593
2611
2730
2663
2700
2719
2770
2796
2797
2799
2843
2851
3001
3035
2802
2824
2844
2854
2859
2866
2868
2906
2871
2972
2871
2907
2882
2958
2968
2989
3028
2875
2902
2943
3050
2999
3003
3056
2930
2944
2957
2985
3037
3045
3052
3063
3068
3076
3078
3080
3082
3119
3134
3136
3143
3118
3147
3160
3167
3163
3168
3172
3221
3251
3260
3281
3290
3282
3286
3335
3343
3351
3371
3414
3454
3468
3506
3516
3528
3170
3198
3206
3217
3259
3217
3232
3268
3278
3223
3229
3230
3325
3244
3295
3306
3308
3354
3363
3396
3282
3296
3444
3460
3425
3477
3481
3506
3530
3540
3552
3533
3555
3610
3614
3743
3753
3782
3806
3809
3841
3872
3881
3913
4010
4013
4077
3809
3818
4067
4078
4126
4132
3845
3949
3971
3975
4096
3997
4126
4163
4244
4275
4290
4312
4318
4319
4385
4397
4424
4404
4457
4472
4487
4492
4496
4513
3536
3557
3562
3562
3577
3596
3605
3568
3643
3743
3823
3575
3874
3898
3630
3654
3750
3818
3913
3964
4113
4125
4226
4230
3610
3640
3659
3663
3703
3714
3743
3787
3796
3863
3914
3918
3972
3994
4019
3936
4018
4046
4066
4081
4102
4130
4159
4173
4258
3881
3969
3970
4059
4094
4098
4137
4173
4198
4209
4214
4266
4283
4293
4306
4312
4312
4356
4566
4334
4398
4405
4510
4452
4460
4517
4522
4569
4569
4581
4603
4614
4619
4622
4638
4624
4639
4643
4644
4291
4305
4307
4324
4340
4401
4461
4505
4325
4470
4502
4528
4540
4341
4347
4466
4502
4553
4566
4607
4820
4811
4854
4873
4963
5023
5355
5440
5516
4587
4651
4652
4653
4664
4667
4668
4686
4699
4706
4723
5041
4812
5144
4992
5031
5041
5217
5052
5053
5180
5244
5413
5411
5526
5578
5596
5625
5686
5608
5648
5694
5747
5758
5778
5894
5902
5946
6145
6168
6176
6203
6234
6268
6342
6320
6342
6357
6360
6453
6492
4723
4730
4736
4758
4763
4774
4790
4808
4817
4830
4847
4875
4919
4921
4938
4964
5006
5019
5070
5080
4974
4987
5083
5088
4994
5128
5099
5173
5175
4778
4805
4854
4854
4863
4822
4867
4877
4882
4918
4985
4838
4892
4974
5054
5067
4986
5006
5023
5068
5081
5094
5125
5142
5158
5186
5200
5226
5233
4944
4955
5020
5068
5170
5223
5230
5234
5246
5258
5270
5271
5276
5277
5289
5299
5306
5311
5319
5320
5334
5370
5402
5419
5449
5460
5480
5332
5339
5355
5362
5364
5364
5375
5438
5406
5437
5482
5485
5501
5510
5524
5545
5547
5566
5575
5592
5613
5620
5638
5646
5684
5716
5745
5814
5697
5717
5743
5787
5816
5832
5451
5453
5525
5533
5543
5567
5629
5657
5714
5835
5839
5845
5868
5872
5908
5910
5970
5916
5999
6025
5942
6046
6093
6094
6096
6125
6173
6211
6225
6253
6264
6274
6278
6291
6423
5849
5860
5884
5884
5895
5899
5935
5941
5959
5961
5963
5966
5985
6028
6049
5968
6027
6055
6055
6019
6076
6114
6116
6149
6161
6168
6075
6127
6130
6136
6188
6204
6300
6327
6347
6363
6402
6416
6433
6445
6448
6497
6515
6519
6536
6589
6610
6625
6625
6234
6268
6278
6321
6320
6341
6352
6322
6366
6328
6335
6376
6382
6394
6397
6414
6381
6392
6407
6414
6425
6446
6516
6546
6561
6570
6585
6595
6608
6631
6647
6494
6565
6566
6664
6669
6671
6680
6773
6777
6723
6757
6809
6811
6814
6815
6418
6425
6451
6422
6459
6492
6498
6535
6536
6566
6619
6619
6624
6628
6512
6630
6656
6662
6664
6666
6676
6740
6765
6775
6828
6983
7024
6680
6778
6801
6727
6778
6803
6807
6822
6825
6803
6836
6850
6880
6897
6917
6905
6930
6949
6965
6953
6968
6981
7006
7042
7082
7043
7084
7085
7164
6854
6857
6861
6884
6897
6901
6905
6907
6927
6941
7036
6951
7118
7046
7053
7055
7140
6972
6997
7004
7012
7147
7175
7177
7225
7248
7314
7284
7300
7375
7407
7428
7481
7541
7567
7643
7301
7333
7404
7479
7539
7404
7494
7596
7602
7621
7326
7657
7663
7718
7730
7791
7812
7818
7850
7214
7242
7319
7356
7361
7365
7371
7388
7482
7543
7554
7648
7764
7397
7759
7780
7800
7853
7867
7889
7889
7422
7637
7644
7898
7899
7923
7926
7945
7955
7966
7968
7973
7976
7978
7983
7429
7431
7444
7498
7478
7560
7564
7587
7594
7598
7618
7658
7667
7648
7676
7678
7754
7766
7772
7788
7794
7854
7878
7987
7989
8056
8007
8115
8119
8148
8247
8278
8009
8145
8179
8273
8308
8325
8339
8057
8086
8211
8216
8132
8146
8225
8229
8245
8250
8280
8307
8308
8317
8326
8343
8343
8349
8349
8351
8355
7103
7112
7120
7124
7126
7128
7149
7161
7194
7219
7255
7265
7181
7195
7209
7218
7220
7286
7305
7314
7333
7350
7367
7374
7380
7407
7419
7447
7482
7505
7537
7541
7542
7551
7709
7738
7713
7747
7754
7546
7657
7734
7768
7769
7776
7799
7383
7397
7459
7503
7521
7537
7682
7802
7818
7825
7502
7523
7525
7571
7583
7584
7710
7711
7769
7770
7816
7841
7841
8098
7826
7857
7893
7938
8007
8079
8039
8096
8114
8010
8052
8070
8073
8139
8158
8158
8159
8180
8185
8218
8231
8247
8276
8308
8322
8322
8256
8257
8284
8288
8298
8302
8304
8306
8331
8334
8356
8364
8356
8389
8412
8415
8416
8421
8445
8448
8449
8461
8354
8378
8385
8388
8467
8474
8391
8392
8401
8501
8401
8417
8505
8507
8420
8447
8464
8486
8502
8506
8533
8569
8515
8521
8550
8553
8559
8584
8599
8601
8421
8421
8475
8480
8507
8514
8560
8603
8625
8490
8500
8517
8523
8542
8599
8607
8630
8636
8649
8595
8637
8699
8611
8701
8757
8693
8784
8798
8858
8870
8882
8902
8935
8939
8960
8964
8966
8652
8679
8717
8729
8748
8769
8774
8779
8800
8772
8803
8814
8828
8691
8694
8740
8742
8805
8713
8718
8751
8773
8773
8815
8747
8770
8804
8817
8824
8830
8833
8845
8850
8825
8837
8861
8863
8869
8878
8862
8906
8916
8918
8931
8828
8828
8846
8849
8869
8872
8893
8921
8929
8899
8934
8937
8953
9016
9020
8971
9012
9040
8995
9049
9004
9029
9054
9062
9072
9073
8987
8987
9003
9034
9034
9042
9044
9063
9075
9087
9087
9142
9129
9168
9200
9201
9202
9203
9247
9247
9275
9416
9469
9513
9525
9099
9101
9115
9117
9117
9118
9121
9122
9151
9126
9129
9158
9135
9147
9165
9170
9187
9178
9192
9198
9202
9204
9212
9218
9214
9216
9221
9224
9259
9280
9511
9226
9236
9239
9290
9524
9259
9282
9282
9413
9527
9454
9553
9567
9570
9601
9651
9651
9655
9670
9708
9717
9755
9761
9764
9797
9820
9835
9911
9935
9851
9888
9935
9950
9876
9923
9943
9961
9965
9345
9431
9446
9500
9565
9647
9664
9735
9767
9842
9923
9857
9876
9915
9940
9983
9985
9934
9938
9965
10030
10152
10169
10424
9990
9997
10286
10013
10529
10600
10009
10038
10021
10092
10196
10222
10413
10478
10575
10689
10698
10729
10770
10817
10871
10910
10924
10952
10980
10990
11108
11133
10035
10067
10042
10072
10093
10120
10138
10122
10165
10130
10132
10160
10168
10182
10192
10208
10228
10265
10273
10306
10394
10432
10549
10626
10289
10291
10384
10403
10682
10290
10366
10418
10471
10482
10543
10579
10613
10702
10724
10770
10809
10749
10787
10879
10928
10787
10944
10436
10477
10482
10478
10510
10538
10522
10531
10540
10545
10642
10648
10651
10662
10906
10946
10953
10979
11070
11080
11074
11132
11193
11297
10710
10716
10718
10773
10814
10993
11021
11059
11077
11103
11300
11317
11354
11355
11369
10761
10868
10877
10914
10926
10955
11001
11034
11178
11232
11250
11314
11333
11392
11392
11409
11410
11413
11058
11073
11117
11181
11197
11276
11304
11309
11360
11413
11433
11450
11474
11493
11471
11518
11555
11556
11569
11585
11587
11478
11483
11504
11530
11588
11535
11595
11647
11648
11661
11602
11603
11613
11630
11663
11636
11638
11643
11644
11665
11713
9298
9331
9371
9385
9386
9387
9402
9403
9431
9430
9481
9531
9324
9375
9417
9556
9437
9586
9604
9449
9451
9460
9487
9538
9609
9642
9619
9622
9632
9636
9643
9668
9687
9706
9709
9738
9742
9761
9768
9782
9793
9797
9800
9815
9852
9853
9835
9871
9872
9885
9891
9946
10006
9954
10059
10121
10072
10078
10111
10138
10132
10145
10148
10155
10177
9970
10014
10022
10068
10069
10100
10107
10110
10084
10129
10147
10171
10191
10214
10251
10193
10253
10261
10213
10230
10284
10296
10300
10312
10316
10343
10327
10344
10360
10369
10389
10431
10375
10448
10598
10598
10601
10604
10352
10360
10404
10408
10505
10539
10602
10613
10626
10637
10643
10647
10654
10660
10662
10516
10519
10574
10577
10714
10787
10853
10697
10744
10784
10832
10872
10887
10916
10962
11053
11527
11106
11152
11365
11638
11067
11098
11133
11165
11162
11175
11219
11397
11414
11475
11646
11604
11614
11675
11716
10665
10668
10738
10748
10704
10706
10755
10769
10807
10776
10807
10822
10835
10856
10858
10902
10913
10924
10934
10946
10953
10975
10987
10987
10879
10936
10973
11010
11010
11012
11022
11023
11028
11050
11095
11159
11212
11055
11338
11340
11360
11423
11632
11648
11655
11693
11741
11081
11104
11116
11128
11141
11146
11156
11204
11208
11215
11308
11374
11378
11468
11482
11557
11574
11589
11592
11612
11646
11674
11690
11717
11720
11720
11729
11728
11749
11758
11760
11751
11763
11766
11776
11778
11779
11784
11786
11788
11792
11794
11803
11815
11807
11836
11849
11850
11828
11836
11837
11850
11858
11868
11870
3090
3092
3094
3099
3114
3114
3121
3133
3122
3124
3143
3158
3121
3127
3132
3168
3170
3171
3173
3172
3186
3182
3191
3199
3215
3265
3271
3301
3303
3188
3217
3220
3222
3222
3239
3241
3245
3247
3254
3260
3262
3271
3279
3286
3286
3289
3290
3309
3326
3326
3330
3333
3336
3345
3345
3345
3352
3358
3366
3294
3299
3299
3314
3324
3321
3323
3358
3378
3386
3394
3335
3343
3368
3436
3395
3403
3413
3422
3436
3461
3405
3416
3440
3454
3462
3470
3406
3444
3433
3440
3444
3478
3456
3494
3504
3505
3510
3510
3529
3517
3518
3535
3540
3467
3488
3498
3505
3514
3518
3543
3543
3549
3549
3554
3554
3562
3568
3569
3570
3579
3580
3582
3595
3595
3602
3596
3609
3136
3136
3152
3156
3158
3163
3175
3178
3183
3201
3203
3229
3247
3253
3265
3274
3349
3414
3290
3313
3372
3410
3342
3367
3406
3453
3496
3534
3296
3355
3423
3468
3496
3542
3553
3589
3593
3299
3463
3641
3604
3607
3616
3650
3650
3640
3643
3646
3663
3666
3667
3691
3694
3681
3682
3686
3689
3695
3695
3721
3737
3728
3742
3746
3764
3789
3804
3805
3805
3823
3705
3759
3764
3802
3895
3938
4011
3897
3919
4166
4206
4589
4642
4653
4794
4800
4812
5001
3938
4013
4124
4317
4416
4455
4534
4541
4545
4714
5002
5010
5016
4084
4360
4661
4825
4974
5106
5124
5266
5337
4720
5432
5496
5645
5678
5720
5647
5697
5751
5755
5803
5811
5836
5880
5893
5899
5908
3386
3478
3519
3531
3546
3549
3598
3624
3633
3682
3684
3690
3695
3694
3711
3721
3727
4556
3731
3732
3747
3752
3761
3764
3770
3776
3785
3785
3806
3948
3802
3954
4050
4145
4628
4940
5130
5300
3640
5300
5925
5470
5652
5702
5804
5956
5982
5989
6050
6011
6046
6049
6168
6655
6220
6249
6550
6575
6707
6942
7104
7266
7400
7693
7762
7989
8000
7714
7744
7810
7839
8113
8168
8236
6317
6621
6582
6811
6392
6745
6918
7005
6542
6543
6732
6915
7322
7537
7146
7158
7676
7687
7698
7862
7924
7978
7417
7477
8020
8037
8194
8209
8246
8352
8380
8395
8414
8445
8520
8565
8615
8622
8676
3675
3724
3765
3729
3756
3810
3819
3866
3879
3879
3951
4043
4093
4104
4121
4217
4306
4553
4325
4380
4504
4625
4692
4748
4752
4820
5247
5359
5481
5514
5759
6312
4813
5057
5086
4989
5043
5265
5315
5466
5495
5629
5654
5828
5635
5652
5692
5698
5915
5949
5967
6472
6522
6775
6888
6298
6443
6571
6613
6658
6728
6840
6897
7035
6902
7045
7167
7272
7386
7166
7469
7546
7344
7500
7584
7620
7704
8079
8154
8248
8321
8381
8385
8896
8661
8917
9108
9114
9173
9179
9422
7581
7757
7788
8102
8304
8346
8343
8380
8720
8734
8742
8758
8763
8773
8782
8810
8828
8926
8981
9048
8966
9187
9229
9211
9241
9442
9471
9654
9927
9963
9302
9350
9632
9454
9640
9805
9841
9923
9985
9029
9047
9446
9538
10116
9767
10155
10197
10223
10714
10392
10393
10399
10470
10509
10875
11021
11046
11064
11072
11110
11222
11536
11254
11899
11908
11919
9498
9549
9659
9774
9827
9829
9846
10394
10496
11086
12035
9724
10338
10451
10856
11805
11913
11998
12007
12115
12126
10546
10815
11921
11923
11924
11927
11933
11953
11954
12046
11968
11978
12045
12051
12101
12056
12077
12136
12078
12144
12158
12182
12195
12161
12170
12173
12181
12208
12211
12214
12214
9875
9918
9942
10190
10299
10345
10399
10451
10629
10719
10923
10963
9982
10311
10536
10347
10597
11199
10825
11146
11260
11422
12079
11897
12114
12215
12225
12123
12143
12228
12234
12236
12248
12239
12276
12298
12346
12434
12450
12464
11434
11458
11596
11600
12158
12390
12402
12234
12235
12262
12402
12441
12455
12490
12494
12497
12500
12528
12469
12479
12564
12540
12611
12614
12650
11894
11906
11922
11933
11983
12019
12062
11965
12026
12035
12086
12109
12121
12135
12064
12146
12166
12233
12277
12305
12520
12557
12662
12677
12731
12814
12840
12185
12186
12261
12381
12678
12741
12194
12700
12248
12260
12717
12749
12823
12890
12892
12196
12245
12248
12308
12672
12754
12841
12275
12601
12817
12836
12702
12885
12885
12894
12897
12311
12313
12339
12366
12398
12412
12467
12416
12503
12458
12461
12506
12531
12545
12562
12579
12629
12538
12660
12690
12705
12728
12741
12749
12763
12768
12773
12796
12782
12785
12824
12837
12838
12842
12847
12850
12863
12900
12903
12929
12905
12920
12925
12913
12941
12954
12969
12970
12986
12959
12988
13030
13045
13051
13053
13008
13038
13056
13073
13080
13085
12311
12330
12346
12354
12358
12415
12451
12457
12620
12622
12371
12376
12422
12428
12482
12517
12530
12651
12684
12458
12486
12548
12562
12569
12568
12741
12821
12745
12827
12850
12382
12395
12401
12525
12584
12512
12613
12588
12617
12734
12770
12820
12859
12870
12984
12907
12959
13010
13014
13056
13076
13161
13164
13166
12866
12903
12952
13172
13032
13088
13169
13184
13195
13220
12965
13183
13225
13230
13231
13235
13272
13317
13291
13334
13087
13107
13121
13146
13139
13143
13145
13151
13175
13189
13189
13190
13211
13220
13221
13228
13230
13243
13254
13281
13286
13291
13331
13359
13394
13440
13293
13364
13382
13308
13384
13400
13306
13419
13438
13468
13480
13486
13486
13403
13410
13419
13443
13455
13470
13486
13498
13504
13447
13448
13450
13455
13462
13479
13498
13528
13529
13538
13557
13566
13498
13499
13510
13584
13535
13571
13571
13580
13586
13588
13582
13596
13623
13607
13614
13632
13638
13597
13602
13613
13616
13639
13640
13641
13645
13647
13652
13660
11312
11449
11490
11768
11802
11872
11855
11876
11922
11937
11976
12019
12087
12335
12464
12560
12468
12640
12641
12657
12701
12909
11941
12076
12381
12735
12399
12465
13484
12934
13065
13245
13593
13606
13276
13283
13658
13663
13348
13600
13706
13706
11887
11943
11960
12010
12204
12511
12531
12552
12087
12299
13396
13704
13734
13740
13752
12571
12580
12994
13126
13312
13728
13730
13750
13755
13320
13762
13764
13661
13692
13772
13780
13741
13789
13790
13792
13796
13802
12736
12898
13076
13350
13183
13356
13430
13609
13669
13677
13690
13694
13706
13745
13384
13483
13546
13571
13647
13693
13694
13711
13787
13794
13808
13809
13812
13814
13814
13817
13819
13835
13841
13844
13848
13870
13879
13934
13894
13909
13970
14002
13939
14008
14050
14086
14079
14096
14100
13844
13858
13968
14013
14025
14033
14039
14040
14102
14123
14124
14143
14147
14177
14179
14237
14179
14273
14329
14339
13822
13824
13828
13841
13848
13852
13858
13915
13916
13872
13920
14104
14132
13927
14190
14209
13966
13989
14005
14145
14171
14174
14217
14258
14281
14293
14299
14303
13853
13861
13867
13880
13900
13929
13977
13884
13908
13977
13918
13981
13980
14011
14053
14064
14103
14103
14028
14029
14050
14056
14097
14108
14134
14223
14188
14265
14312
14074
14205
14324
14330
14336
14344
14360
14362
14382
14104
14113
14136
14145
14120
14189
14208
14212
14225
14257
14314
14287
14314
14338
14377
14403
14407
14410
14452
14406
14411
14414
14416
14422
14432
14432
14447
14454
14456
14457
14467
14472
14475
14477
14480
14486
14491
14503
14508
14509
14543
14546
14551
14558
14559
14560
14586
14588
14490
14511
14518
14540
14546
14556
14548
14569
14560
14569
14593
14599
14602
14606
14611
14616
14618
14620
14622
14640
14648
14631
14642
14643
14639
14670
14676
14676
14703
14709
14730
14759
14763
14798
14725
14727
14750
14775
14793
14807
14826
14783
14829
14836
14853
14658
14708
14738
14742
14770
14794
14797
14831
14834
14931
14858
14992
15069
14861
14868
14962
14967
15033
15077
15087
15092
15037
15099
15102
15106
15115
15118
15125
14910
14930
14975
14978
15091
15043
15077
15097
15111
15124
15128
15132
15150
15165
15170
15110
15157
15160
15169
15175
15179
15182
15191
15214
15218
15232
15242
15246
15293
15336
15365
15366
15371
15378
15381
15381
15397
15406
15409
15414
14643
14643
14645
14653
14663
14665
14669
14682
14737
14739
14767
14795
14846
14885
14968
14996
14998
15023
14691
14694
14727
14791
14876
14877
14714
14859
14932
14988
15008
15008
15027
15031
15037
15073
15089
14720
14770
14841
14849
14865
14875
14898
14990
15030
15041
15060
15133
15139
15153
14769
14803
15034
15094
15103
15107
15148
15157
15162
15164
15165
15171
15172
15171
15174
15174
15182
15189
15219
15227
15239
15244
15253
15229
15258
15269
15283
15299
15438
15242
15352
15367
15423
15426
15429
15442
15457
15469
15491
15500
15506
15319
15352
15409
15413
15476
15477
15511
15523
15532
15534
15398
15398
15416
15424
15427
15433
15440
15444
15444
15445
15453
15461
15473
15490
15499
15507
15525
15526
15545
15545
15548
15551
15554
15545
15550
15557
15559
15550
15550
15553
15554
15567
15574
15575
15598
15595
15601
15601
15609
15613
15610
15624
15628
15635
15638
15669
15679
15715
15671
15683
15731
15732
15790
15612
15631
15635
15655
15666
15671
15703
15706
15728
15681
15746
15750
15753
15684
15690
15766
15717
15733
15771
15774
15774
15673
15791
15795
15796
15802
15821
15823
15799
15802
15812
15827
15810
15814
15829
15810
15830
15834
15836
15842
15846
15848
3820
3822
3824
3825
3825
3825
3828
3827
3841
3842
3847
3853
3854
3855
3856
3874
3872
3876
3889
3889
3852
3861
3891
3900
3902
3925
3960
3949
3969
3963
3965
3970
3975
3982
3993
3994
3998
3878
3885
3881
3904
3889
3901
3935
3948
3954
3963
3968
3977
3981
4002
4004
4006
4008
4014
4019
4024
4009
4011
4013
4017
4023
4031
4033
3906
3948
3949
4042
4044
4021
4024
4035
4035
4036
4050
4054
4055
4155
4062
4072
4216
4233
4247
4265
4099
4139
4195
4152
4210
4309
4354
4318
4372
4065
4068
4136
4152
4263
4306
4267
4287
4321
4398
4469
4502
4511
4652
4674
4806
4855
4947
5128
5058
5275
5350
4376
4387
4397
4415
4434
4473
4484
4487
4461
4504
4577
4602
4640
4692
4712
4923
4718
4732
4823
4924
4849
4936
4947
4953
5136
5057
5157
5186
5210
5308
5408
5428
5430
5453
5509
5521
5542
5781
5882
5891
5939
6000
6056
6068
6114
6158
6154
6202
6209
6421
6446
6494
6658
6687
7044
7649
8783
10020
6694
6787
6789
6871
7040
7082
7722
7153
7180
7200
7516
7547
7614
7804
7847
7870
7913
7969
8089
8178
8261
8322
8504
8630
8539
9318
8600
9274
9910
10436
8693
8775
8805
8862
9004
9069
9325
9346
9916
10189
9667
10259
10182
10396
9311
9461
9477
9528
9591
9713
9729
9894
9998
10464
10717
10473
10525
10767
10682
10780
10885
10855
10980
5516
5517
5545
5586
6016
6273
5650
5919
5953
6360
6420
6435
5862
5902
6265
6792
6501
6536
6592
6788
6872
6989
6128
6727
6935
7016
7011
7153
7215
6241
6527
7228
6441
6721
7029
7057
7243
6809
7213
7238
7454
7659
7324
7381
7490
7660
7701
7704
7768
7839
7860
8151
8325
8356
8404
8424
8475
7509
7610
7693
7778
7806
7890
7933
8118
7982
8278
8367
8456
8494
8503
8748
8767
8830
8931
9056
9130
9193
10072
9535
10425
10277
10427
10490
10528
10627
8518
8628
8629
8740
8870
9231
9555
9738
9423
9452
9755
9756
9767
9797
9817
9829
9927
9833
10038
9884
10055
10117
10101
10140
10140
10173
10188
10571
10346
10378
10573
10675
10249
10551
10765
10905
10951
10963
11019
11051
11051
10767
10882
11003
11091
11112
11131
11137
11152
11253
11369
11406
11454
10355
10766
10770
11383
11458
11516
11259
11530
11559
11566
11638
11482
11500
11523
11571
11598
11613
11669
11670
11803
11846
11862
11898
11906
12601
11910
11911
11968
11987
11994
12045
12072
11987
12132
12180
12202
12227
12440
12450
12428
12473
12519
12538
12607
12610
12624
12649
12687
12702
12702
12710
12749
4522
4537
4543
4556
4576
4578
4675
4698
4729
4778
5011
5065
4990
5106
5254
5274
5312
4568
4612
4651
4709
4815
5379
4640
4689
5382
5416
4747
4771
4834
4840
5445
5458
4901
4904
4918
5036
5056
4912
5085
5105
5165
5307
5350
5350
5240
5380
5460
5480
5514
5522
5226
5306
5314
5332
5391
5533
5476
5537
5549
5582
5624
5635
5690
5654
5665
5703
5705
5750
5862
5883
5720
5725
5895
5912
5897
5902
5917
5946
5963
5966
5967
5996
6008
6051
6090
6094
6115
6236
6283
6428
6463
6573
6756
6352
6481
6512
6729
6771
6848
7008
6199
6205
6246
6250
6265
6265
6305
6310
6363
6421
6423
6426
6453
6566
7001
6490
6561
6574
6491
6575
6593
6581
6626
6638
6812
6866
6922
6946
7021
7480
8206
8308
8818
6733
7015
7048
7092
7113
7146
7146
7297
7404
7542
8739
8844
9008
9196
9370
7602
8862
9296
8611
9416
9854
9778
9876
9943
9970
10071
9925
10262
10279
10291
10390
10393
10608
10690
10730
11367
10917
11156
11465
11694
11894
11168
12103
12125
11507
12001
12185
12233
12307
12349
12381
12700
12768
12823
12852
12857
12439
12520
12623
12767
12821
12840
12961
12782
12962
13172
13300
13310
7364
7402
7426
7450
7694
7760
7856
7913
8357
7998
8429
8533
8662
8586
8723
8744
8848
8749
9045
9153
9155
9165
9211
9401
9495
9540
9774
10092
10297
10621
10635
10767
10770
10870
11071
11131
11153
11169
11197
11199
11238
11270
11585
11586
11684
11691
11863
12443
12489
12675
12932
13123
13159
13346
13517
13996
11968
12444
13445
13316
13371
13445
13533
13732
13658
13706
13720
13764
13784
13868
13882
13908
13919
14025
14059
7263
7321
7418
7497
7519
7537
7677
7720
7742
7826
7827
7874
7349
7370
7599
7846
8165
7385
7535
7542
8083
8203
8252
8274
7855
7926
8073
8085
8162
8215
8218
8329
8390
8463
8360
8450
8492
8534
8581
8488
8636
8700
8778
8842
8872
8901
8973
9103
9187
9202
8595
8645
8678
8718
8814
8835
8862
9175
9204
9205
9236
9436
9507
9680
9847
9722
9967
9972
10554
10568
10759
10909
10918
11084
10993
11028
11054
11346
11878
9283
9326
9388
9511
9798
9807
9829
10033
10315
10752
10042
10054
10429
10689
10778
10848
10852
10934
10955
10976
11251
11269
10081
10425
10283
10333
10450
10571
10991
11017
11294
11370
11653
11702
11789
11870
11886
11935
11940
12041
12078
11914
11923
11923
12094
11923
12162
12105
12246
12281
12175
12208
12256
12294
12364
12850
13176
12399
12420
12503
12516
12533
12557
12579
12691
12691
12696
12731
12751
12771
12777
12795
12810
12823
12825
12850
12857
12876
12894
12912
12926
12972
12975
12990
12995
13095
13098
13132
13236
13205
13237
13277
13303
13303
13313
13317
13332
13009
13044
13132
13397
13055
13118
13159
13330
13406
13435
13451
13468
13498
13504
13534
13539
13620
13622
13626
13687
13687
13720
13744
13751
13575
13585
13625
13670
13675
13685
13765
13775
13785
13792
13815
13827
13831
13833
13982
13956
13999
13980
14010
13709
14031
14036
14014
14023
14121
14051
14145
14221
14281
14050
14077
14084
14098
14141
14163
14326
14359
14502
14184
14208
14216
14626
14766
14786
14818
14267
14272
14417
14738
14850
14868
14892
14906
14985
15030
15006
15031
15064
15108
15147
14148
14158
14172
14184
14187
14208
14218
14284
14306
14311
14515
14548
14573
14709
14770
14327
14418
14515
14567
14680
14693
14758
14459
14507
14545
14758
14768
14934
14950
15107
15160
15164
14789
14813
14841
14939
14960
15009
14984
15031
15051
15090
15119
15169
15187
15188
15190
15201
15222
15243
15265
15248
15269
15284
14539
14559
14637
14651
14680
14724
15050
15321
14743
14823
15168
15293
15322
15336
15264
15336
15341
15371
15355
15383
15393
15395
15414
15440
15443
15455
15446
15483
15492
15499
15506
15538
15542
15570
15597
15558
15611
15612
15612
15617
15829
15623
15626
15652
15656
15675
15680
15709
15711
15749
15786
15831
15842
15813
15833
15833
15843
15715
15845
15849
15723
15733
15768
15788
15843
15848
15850
15858
15859
15860
15860
15861
15863
15864
15868
15874
15875
15876
15880
15884
15885
15891
15893
4078
4095
4090
4093
4109
4114
4129
4129
4132
4140
4140
4146
4166
4173
4183
4197
4185
4225
4233
4247
4206
4216
4252
4250
4329
4366
4362
4391
4422
4375
4377
4393
4445
4454
4462
4498
4258
4260
4264
4275
4287
4305
4467
4492
4323
4520
4497
4539
4620
4520
4628
4628
4635
4638
4650
4686
4690
4711
4733
4749
4753
4765
4766
4769
4771
4782
4783
4288
4290
4296
4323
4360
4436
4368
4384
4434
4443
4459
4508
4518
4299
4391
4319
4348
4411
4451
4524
4544
4599
4609
4629
4648
4459
4538
4554
4638
4695
4597
4649
4700
4702
4719
4740
4786
4797
4801
4803
4808
4810
4814
4826
4839
4847
4827
4827
4832
4833
4839
4856
4861
4865
4678
4748
4699
4765
4815
4819
4833
4879
4883
4885
4873
4882
4883
4891
4907
4922
4924
4940
5001
4945
4997
5019
5022
5036
4902
4922
4922
4960
4937
4971
4991
4996
5039
4975
4998
5012
5040
5041
5043
5048
5056
5051
5057
5057
5064
5066
5076
5084
5097
5103
5103
5110
5118
5162
5215
5175
5221
5223
5227
5261
5299
5315
5319
5356
5364
5371
5389
5397
5400
5402
5408
5464
5498
5507
5539
5567
5574
5584
5589
5590
5609
5611
5639
5599
5602
5647
5653
5659
5659
5665
5687
5799
5751
5859
5795
5817
5864
5119
5124
5127
5138
5140
5158
5173
5224
5194
5198
5236
5252
5253
5325
5290
5356
5364
5207
5216
5263
5347
5392
5227
5319
5426
5443
5547
5855
5949
5486
5495
5557
5573
5627
5883
5900
5935
5947
5994
5523
5550
5587
5606
5758
5654
5751
5785
5756
6019
6035
5799
5814
5820
5855
5890
5997
6022
6044
6054
5405
5413
5427
5430
5436
5472
5486
5495
5499
5509
5516
5519
5555
5567
5541
5568
5653
5666
5667
5678
5696
5696
5677
5710
5878
5735
5738
5882
5898
5791
5796
5906
5830
5911
5918
5841
5919
5950
5967
5970
5974
5981
5993
6025
5720
5858
5869
5875
5879
5923
6029
5980
6032
6059
6036
6043
6053
6064
6138
6143
6057
6081
6092
6147
6063
6068
6159
6094
6112
6115
6156
6156
6157
6210
6171
6187
6192
6194
6238
5985
6004
6047
6056
6151
6157
6165
6248
6248
6283
6286
6291
6302
6350
6351
6383
6429
6456
6497
6524
6545
6621
6629
6647
6735
6736
6767
6863
6945
6971
6899
6915
6954
7019
7061
7139
7450
7478
7788
7792
8099
6266
6324
6472
6533
6971
6513
6564
7025
7049
7611
6365
6510
6556
6742
6887
7782
8134
8323
8349
6807
6897
8231
8368
8421
8481
8612
8658
9025
8671
8760
8915
9049
9063
9136
9090
9144
9172
9174
6904
6972
7112
7152
7177
7179
7409
7657
8226
8266
8339
7515
8106
8599
8232
8609
8769
8775
7521
8150
8467
8293
8809
8944
8947
9176
9302
9305
9205
9285
9363
9392
9339
9486
9498
9387
9621
9630
9641
9652
9667
9785
9916
9984
10016
6195
6202
6209
6215
6224
6549
6324
6367
6552
6588
6616
6241
6250
6271
6310
6367
6474
6770
6820
6886
6887
6272
6322
6336
6336
6389
6417
6549
6637
6402
6403
6743
6819
6418
6870
6908
6956
6957
6553
6555
6565
6752
6583
6609
6628
6636
6762
6762
6820
6859
6832
6841
6955
6945
6981
6982
6985
6990
6295
6307
6325
6332
6350
6462
6398
6485
6405
6412
6450
6468
6498
6500
6538
6548
6558
6606
6671
6677
6677
6694
6696
6709
6719
6775
6776
6794
6790
6804
6880
6931
6958
7000
7009
6892
6899
6899
6926
6950
6994
6970
7061
7064
6988
6995
7045
7046
7073
6508
6550
6630
6592
6882
6745
6758
6884
6885
6985
7068
7077
7269
7058
7076
7077
7085
7140
7162
7169
7287
7306
7385
7104
7107
7130
7133
7163
7335
7351
7365
7196
7302
7400
7390
7444
7476
7514
7802
7887
7939
7945
8570
8592
8713
8865
7497
7546
7524
7545
7654
7707
7749
7732
7752
7758
7764
7787
7876
7888
7895
7905
7922
7949
7950
7962
7957
8005
8068
8131
8139
7969
7982
8023
8179
8207
8265
8286
8200
8204
8300
8320
8319
8424
8438
8464
8530
8539
8682
8734
8372
8426
8501
8519
8524
8760
8790
9012
9164
9326
9292
9467
9479
10268
9641
9803
9883
10126
10339
10529
9857
9947
10289
10297
10501
10556
10735
10740
8541
8552
8673
8794
8839
8930
8943
8990
9041
9058
9068
9844
9175
9181
9210
9388
9605
9938
9183
9186
9189
9650
9694
9797
10015
9791
9975
10064
10100
10102
10197
10240
10259
10278
10335
10574
10703
10819
10834
10142
10279
10309
10321
10323
10367
10419
10423
10467
10232
10306
10525
10634
10641
10662
10669
10682
10725
10733
10745
10764
10808
10850
10821
10836
10854
10873
10885
10922
10988
11010
10937
10942
10952
11058
11082
11086
11067
11103
11154
11159
11135
11166
11178
11215
11266
11253
11259
11272
7356
7380
7380
7458
7467
7472
7486
7494
7541
7573
7590
7650
7661
7675
7847
7884
7989
8021
8027
8113
8126
8218
8375
8483
8666
8892
9080
8434
8597
8849
9049
9228
9511
9896
9105
9357
9374
9385
9507
9897
9902
9922
10003
10052
7760
7770
7822
8167
7816
7882
7895
7916
8035
8243
8279
8411
8038
8530
8530
8532
8597
8111
8347
8461
8556
8596
8766
8767
8606
8753
8828
8930
9174
9177
9367
9464
9471
9969
10044
10091
9474
9534
9582
9643
9678
9706
9921
10015
10024
10044
10102
10116
10119
10136
10610
10651
10714
10137
10209
10292
10299
10177
10417
10458
10511
10526
10584
10641
10658
10661
10751
10842
10897
10888
10900
10903
10932
10970
11022
11149
11164
11185
10857
11001
11019
11106
11201
11220
11255
11260
11262
11266
11287
11306
11349
11663
11361
11658
11752
11758
11762
11350
11354
11398
11437
11454
11469
11481
11493
11772
11848
7791
11311
11312
11340
11359
11374
11376
11623
11787
11887
11896
11387
11484
11485
11757
11882
11995
11398
11428
11583
11807
12009
11516
11668
11880
11899
12033
12084
12158
12168
11923
11974
12083
12211
12225
12234
12278
12302
7807
8136
11305
11362
11404
11436
11532
11533
11550
11571
11609
11604
11744
11783
11908
11970
11971
11992
11994
11679
12030
12039
12066
12116
12137
12175
12160
12175
12250
12162
12282
12305
12317
12400
12559
12626
12653
7860
7896
7904
8332
8924
9106
9310
9401
9778
9985
10062
10108
10227
10621
10827
11151
11298
11361
11501
11621
11895
11953
12210
12012
12138
12318
12399
12283
12512
12670
12693
12762
13084
13236
13342
13537
11623
11781
11948
11960
12005
12040
12042
12090
12103
12133
12242
12293
12346
12482
12786
12520
12843
12850
12877
13053
12959
13045
13121
13310
13010
13059
13083
13197
13354
13357
13362
13406
13437
13460
13539
13618
13628
12325
12340
12391
12376
12384
12403
12391
12408
12433
12436
12456
12459
12533
12544
12596
12625
12630
12636
12665
12687
12756
12667
12673
12675
12747
12770
12788
12790
12803
12813
12816
12663
12670
12689
12706
12709
12725
12734
12759
12786
12799
12859
12863
12867
12925
12896
12949
12944
12993
13192
13261
13605
13639
12998
13012
13021
13031
13076
13079
13112
13202
13313
13186
13450
13709
13037
13045
13067
13096
13147
13143
13149
13229
13154
13214
13233
13257
13474
13727
13841
13793
13852
13855
13911
13868
13869
13907
13932
14019
13829
14049
14077
14142
14184
14202
14240
14267
13319
13321
13338
13409
13392
13393
13420
13466
13520
13718
13748
13591
13606
13625
13638
13609
13656
13664
13695
13697
13730
13755
13760
13762
13778
13817
13820
13927
13886
13946
13971
13994
13814
13824
13863
13868
13894
13895
13924
14024
14034
13921
13962
13981
14018
14026
14035
14046
14085
14087
13964
14090
14091
14093
14100
14101
14172
14208
14214
14234
14242
14249
14288
14311
14338
14183
14199
14225
14215
14242
14257
14318
14342
14344
14354
14380
14277
14358
14402
14318
14420
14441
14531
14782
14420
14426
14524
14491
14668
14560
14590
14657
14790
14696
14803
14854
14871
14400
14468
14473
14483
14484
14510
14487
14518
14553
14555
14579
14775
14881
14895
14906
14936
14962
14971
14976
15018
14557
14576
14578
14581
14601
14602
14780
14621
14694
14789
14794
14800
14856
14945
14952
14974
14999
14876
14964
15079
15002
15046
15048
15098
15106
15108
15119
15126
15147
15168
15181
15181
15046
15112
15132
15099
15176
15183
15202
7077
7090
7102
7117
7118
7122
7126
7138
7142
7346
7142
7145
7169
7242
7356
7389
7447
7148
7173
7204
7240
7287
7601
7349
7450
7561
7680
7506
7561
7636
7730
7780
7282
7290
7299
7442
7515
7657
7832
7840
7916
7950
7996
8046
8093
8271
8338
8206
8341
8364
8258
8436
8437
8448
7299
7359
7377
7388
7401
7406
7439
7418
7465
7505
7496
7557
7686
7973
8051
8085
8096
8114
8152
8166
8175
8246
8331
8411
8461
8484
8499
7568
7603
7648
7755
7800
7804
7812
7870
7875
7905
7880
7961
8000
7802
7945
7964
8080
8269
8074
8217
8213
8329
8348
8387
8396
8494
8522
8544
8554
8560
8550
8592
8617
8625
8631
8639
7808
7820
7857
7862
7874
7878
7895
7953
7980
8060
8136
8241
8338
8351
8365
8489
8530
8583
8601
8723
8884
7968
8124
8202
8217
8243
8340
8349
8385
8463
8426
8508
8564
8604
8697
8859
8870
8875
8886
8642
8645
8690
8703
8918
8927
8945
8943
8945
8957
8710
8734
8736
8788
8735
8768
8789
8758
8790
8797
8804
8810
8815
8824
8832
8881
8884
8887
8908
8904
8920
8938
8946
8974
8997
9015
9017
9068
9114
8950
9048
9067
9143
9152
9081
9114
9158
9177
9130
9344
9194
9196
9211
9258
9216
9216
9235
9246
9306
9337
9221
9228
9248
9297
9387
9387
9390
9414
9427
9294
9431
9374
9430
9501
9539
9541
9458
9478
9620
9716
10029
10494
10497
9495
9593
9596
9596
9600
9630
9644
9663
9746
9644
10194
10261
9997
10153
10363
10522
10668
10676
10826
10858
10853
10873
10904
10978
9553
9563
9576
9592
9648
9697
9866
9775
9959
10094
9736
10041
10069
10067
10177
10194
10201
10524
10067
10226
10437
10447
10527
10658
10668
10736
10675
10753
9593
9612
9615
9644
9745
9622
9631
9705
9768
9925
9677
10136
9719
9748
10047
10064
10155
10200
10206
10329
10374
10464
10529
10786
10903
10786
10867
10819
10951
11003
11005
11006
11054
11068
11069
9776
9777
9803
9837
10054
10057
10551
10622
10708
10734
10781
10801
10842
10994
11568
11789
11029
11216
11286
11528
11798
10295
10579
11091
11184
11353
11817
11834
11871
12132
11936
12571
12579
12682
12844
13226
12790
13269
13603
13675
9877
9985
10005
10034
10635
10119
10277
10434
10552
10691
10755
10870
10872
10961
11512
11954
11973
12215
12715
13204
13240
13315
13348
13535
14059
11072
11106
11112
11119
11121
11129
11144
11163
11166
11377
11133
11506
12463
13963
13364
13386
13742
13831
13990
14220
11170
12342
14233
14241
14323
14324
14413
11214
11224
11224
11263
11242
11267
11275
11293
11297
11304
11368
11409
11411
11428
11414
11466
11478
11516
11528
11529
11543
11573
11614
11614
11658
11464
11467
11518
11539
11685
11711
11716
11807
11920
12014
11720
11771
11853
12082
12102
12387
12467
12493
12558
12595
12647
12814
12883
12880
12991
13618
13638
13242
13578
14039
14105
14165
12694
12889
13134
13153
13386
13511
13555
13781
13821
14068
14172
14377
11944
12013
12257
12283
12141
12154
12291
12481
12081
12118
12209
12504
12586
12624
12663
12690
12729
12782
12899
12924
13133
13333
13506
13510
13843
14000
14057
14147
14194
14202
14410
14438
14483
14484
14529
14578
14733
14845
14870
14947
12850
12872
12902
12935
12952
13013
13046
13276
13291
13699
13940
14115
14173
14324
14461
14532
14470
14578
14589
14858
15059
13519
13642
13969
14071
14433
14805
15058
15071
15085
15086
15230
15236
14288
14417
14473
14580
14595
14635
14915
14932
14967
15085
15146
15251
15218
15219
15224
15240
15241
15244
15246
15252
15256
15291
15293
15310
15313
15337
11591
11619
11752
11760
11773
11831
11876
11914
11971
11974
12056
12113
12166
11991
12043
12170
12177
12256
12559
12613
12614
12652
12201
12281
12532
12514
12535
12678
12690
12755
12801
12853
12956
13041
13047
13056
12062
12123
12265
12152
12383
12639
12287
12835
12941
13009
13091
13108
13109
13137
13240
13144
13180
13180
13219
13253
13316
13405
13355
13390
13420
13616
13947
14051
14086
13423
13457
13486
13649
13746
13771
13851
13863
13897
13947
13959
13972
14002
14292
14155
14326
14340
14433
14551
14571
14665
14666
14680
14816
14490
14823
15043
14830
14994
15029
15160
15210
15221
15252
15269
13523
13686
13773
13809
13855
14010
14233
14627
14396
14416
14487
14497
14504
14589
14783
15277
14800
15142
15273
15296
14509
14615
14992
15200
15324
15348
15348
15360
15403
15408
15409
15430
15356
15358
15433
15436
15484
15410
15480
15526
15483
15488
15530
15554
15571
15585
15586
15588
15300
15315
15335
15344
15360
15372
15395
15400
15419
15435
15442
15456
15464
15468
15495
15506
15524
15542
15545
15502
15560
15569
15592
15624
15630
15631
15632
15624
15624
15627
15636
15640
15642
15655
15659
15671
15698
15659
15698
15723
15747
15686
15709
15715
15745
15709
15752
15752
15755
15759
15773
15773
15784
15786
15814
15818
15827
15837
15840
15833
15833
15840
15842
15858
15864
15874
15680
15876
15879
15886
15887
15891
15895
15899
15902
15896
15904
15897
15906
15907
15908
15907
15909
15912
15913
15922
15924
15918
15928
15928
15931
15926
15926
15927
15932
15929
15930
15936
15938
15941
15933
15934
15941
15944
15949
15945
15952
15961
15963
15965
15956
15961
15962
15964
15965
15967
15971
15975
15975
15978
15983
15984
15989
15993
15995
15997
15997
15999
15999
15999
15999
arquivo ordenado pelo algoritmo quicksort tempo da ordenação = 15600 nanosegundos

