24
25
28
39
53
59
46
67
90
92
101
106
118
142
115
148
198
201
202
212
214
216
334
150
158
221
270
278
384
322
423
438
228
237
307
317
376
410
250
266
419
465
482
490
492
496
502
503
523
527
537
544
547
547
547
549
562
581
650
761
686
781
897
944
1125
880
980
1146
988
1133
1205
570
579
614
647
691
711
739
741
759
777
788
814
817
933
998
1018
1210
1246
1277
824
838
916
969
1000
1084
1122
1230
1246
1273
962
1055
1061
1136
1188
1224
1225
1269
1282
1292
1305
966
1007
996
1229
1321
1327
1347
1381
1384
1389
1444
1446
1460
1539
1612
1628
1483
1561
1562
1641
1636
1650
1672
1754
1497
1537
1776
1846
1968
2005
2174
2224
1578
1654
1676
1971
2106
2155
2190
2248
2250
2288
2304
2346
2422
2440
2422
2493
2545
2622
1377
1477
1522
1571
1622
1625
1656
1705
1780
2017
2049
2100
2141
2197
2339
2360
2458
2700
2702
2704
2726
2762
2794
2797
2849
2889
2916
2923
2925
2952
3106
3193
2968
3135
3261
3331
3353
3373
3393
3483
3543
3596
3613
3616
3633
3711
3750
3758
3780
1682
1701
1702
1703
1705
1737
1809
1853
1891
1726
1913
1957
1986
2000
2068
2070
2116
2161
2213
2221
2291
2473
2522
2563
2567
2584
2594
2600
1751
1841
1888
1950
1965
2107
2163
2174
1972
1986
2026
2241
2330
2032
2339
2427
2444
2060
2370
2467
2483
2507
2509
2613
2627
2629
2713
2724
2726
2737
2777
2789
2809
2852
2862
2919
3084
3097
3114
3124
3138
3152
3160
3179
3192
1738
1745
1766
1822
1856
1954
2007
2014
2036
2102
2200
2295
2326
2543
2612
2622
2936
3014
3021
3071
3102
3127
3164
3208
3252
3205
3249
3306
3332
3342
3243
3250
3260
3308
3343
3382
3430
3456
3460
3309
3318
3324
3331
3368
3372
3387
3402
3394
3415
3514
3422
3432
3576
3902
4020
4041
4106
4179
3706
4128
4435
4475
4526
4775
4794
4375
4799
4816
3463
3481
3487
3506
3510
3519
3577
3578
3588
3651
3684
3705
3826
3926
3695
3757
3799
3815
3840
3842
3853
3884
3889
3965
4028
3720
3807
3814
3821
3840
3858
3861
3863
3877
3884
3926
3933
3989
3998
4021
4031
3754
3896
4034
4053
4266
4297
4301
4091
4091
4165
4400
4486
4496
4545
4563
4056
4066
4061
4090
4105
4143
4114
4209
4227
4123
4258
4271
4329
4157
4213
4242
4263
4274
4335
4335
4357
4395
4450
4460
4481
4490
4492
4561
4589
4596
4611
4650
4665
4124
4180
4244
4268
4301
4320
4431
4386
4457
4502
4503
4616
4511
4522
4582
4592
4625
4724
4719
4725
4735
4798
4804
4826
4744
4756
4773
4805
4837
4837
4839
4762
4847
4802
4835
4847
4862
4863
4914
4916
4936
4849
4865
4904
4909
4911
4950
4957
4967
4937
4941
4949
4980
4985
4991
5000
5010
5021
5042
5029
5032
5061
235
238
337
386
456
312
395
560
623
774
855
919
414
663
1075
1084
1123
1167
1364
1390
1501
1413
1799
2002
727
808
1569
1651
2084
2147
2298
2597
2779
2792
2831
1647
1665
2144
2215
2904
2975
2998
3050
3219
4338
2919
3533
3543
3662
3753
3776
4226
4140
4277
4571
4682
4865
5006
5079
5089
2984
3017
3026
3170
3176
3187
3236
3254
3789
3928
3976
3977
4083
4232
4120
4255
4266
4272
4273
4324
4342
4610
4784
4792
4923
5015
5092
5113
5118
5101
5135
5137
5145
5147
5158
5331
5381
5386
5391
5163
5167
5178
5185
5234
5267
5336
5338
5302
5329
5353
5372
5392
5402
5440
5361
5386
5443
5456
5468
5473
5496
5500
5524
5539
5411
5411
5440
5457
5515
5545
5471
5485
5509
5508
5535
5595
5555
5592
5610
5619
5627
5640
5646
5641
5655
5666
5675
5681
5731
5522
5606
5612
5620
5666
5667
5724
5734
5738
5748
5757
5763
5765
5781
6031
6035
6149
6184
6326
5803
5808
5809
5850
5851
5861
5873
5875
5884
5862
5886
5918
5934
5938
5943
5960
5963
5974
6006
6007
6013
6100
6041
6134
6174
6074
6098
6100
6182
6200
6015
6031
6033
6036
6045
6058
6072
6073
6074
6091
6094
6124
6130
6168
6200
6229
6136
6175
6181
6185
6215
6230
6238
6282
6337
6338
6525
6536
6366
6435
6436
6443
6659
6804
6851
6381
6486
7058
7018
7089
7099
7100
6157
6158
6171
6181
6191
6223
6223
6228
6241
6252
6266
6267
6268
6271
6272
6275
6279
6442
6780
6793
6508
6765
6798
7053
6831
6863
7023
7092
7141
7158
6289
6320
6323
6377
6541
6494
6612
6783
6871
7125
7142
7158
7163
7311
7375
7183
7193
7266
7320
7398
7410
6425
7450
7490
7509
7535
7526
7535
7539
7567
7577
7643
7621
7636
7659
7699
7661
7723
7777
8109
7920
8120
8261
7731
7749
7784
7798
7809
7812
7818
7870
7909
7998
8009
8039
8099
8107
8135
8160
7951
8038
8047
8184
8232
8249
8263
8283
8289
6471
6507
6521
6524
6545
6605
6593
6634
6632
6681
6688
6711
6854
6695
6697
6725
6750
6755
6776
6779
6832
6851
6880
6910
6909
6927
6990
7027
7044
7074
7096
7108
7113
7120
7119
7196
7206
7265
6542
6577
6594
6614
6656
6701
6737
6740
6749
6792
6800
6824
6839
6841
6865
6954
7019
7141
7146
6904
6905
6921
6933
6981
6985
6990
7097
7152
7173
7177
7178
7219
7237
7240
7252
7271
7282
7283
7320
7334
7341
7355
7361
7431
7443
7359
7379
7389
7431
7434
7454
7462
7486
7499
7529
7537
7514
7637
7695
7530
7534
7722
7741
7770
7775
7561
7567
7578
7684
7700
7729
7731
7744
7749
7587
7588
7695
7613
7678
7746
7786
7827
7862
7872
7873
7843
7891
7906
7945
8103
8110
8112
8127
8153
8171
8174
8176
8179
7918
7921
7928
7957
7961
8058
8172
8218
7969
8031
8182
8275
8056
8062
8281
8293
8298
8299
8300
8335
8340
8341
8343
8344
8349
8376
8354
8360
8361
8373
8378
8385
8386
8396
8398
8407
8415
8415
8423
8428
8407
8421
8423
8451
8461
8462
8496
8630
8638
8468
8518
8584
8641
8651
8750
8775
8517
8520
8594
8609
8615
8674
8811
8822
8822
8997
9030
8684
8730
8790
8809
8941
9062
8857
8926
9010
9063
9107
9108
9113
8575
8728
8750
8799
8821
8829
9266
9283
9306
8664
8706
8899
9010
9023
9075
9195
9254
9334
9264
9387
9618
9636
9744
9858
9904
9346
9350
9354
9371
9401
9432
9377
9421
9432
9500
9514
9574
9579
9611
9693
9697
9791
9755
9829
9843
9852
9849
9894
9911
9960
9877
9964
9966
9972
8465
8588
8658
8746
8477
8507
8728
8549
8812
8820
8565
8623
8652
8747
8823
8843
8875
8735
8756
8788
8851
8901
8923
8952
8966
9014
9039
9044
9052
9092
8860
8864
8895
8897
8903
8913
8954
9039
8932
8972
8980
9070
9077
8988
9089
9099
9156
9113
9128
9177
9181
9183
9195
9203
9230
9255
9243
9255
9273
9282
9297
9299
9344
9407
9439
9464
9308
9309
9339
9375
9429
9487
9488
9312
9379
9398
9433
9452
9500
9516
9437
9526
9544
9557
9563
9584
9588
9607
9643
9677
9686
9689
9770
9798
9518
9518
9526
9539
9561
9642
9790
9815
9823
9828
9846
9846
9872
9914
9952
9976
9926
9979
10273
11031
11180
9984
9984
9994
9999
10004
10005
10016
10046
10055
10059
10032
10068
10075
10129
10093
10115
10162
10197
10223
10242
10276
10302
10119
10133
10163
10165
10245
10302
10415
10424
10025
10045
10057
10069
10075
10075
10089
10167
10210
10224
10235
10278
10333
10381
10335
10434
10478
10500
10505
10440
10476
10454
10486
10509
10512
10524
10541
10308
10316
10348
10322
10349
10349
10384
10389
10397
10411
10502
10354
10363
10404
10427
10468
10533
10551
10553
10607
10616
10658
10676
10714
10757
10612
10638
10652
10720
10733
10736
10752
10771
10790
10792
10828
10836
10882
10885
10947
10951
10910
10956
10969
11003
10652
10655
10661
10668
10673
10684
10691
10698
10841
10717
10726
10741
10752
10803
10894
10903
10922
10958
11004
11009
10980
10984
11002
11008
11034
11053
11119
11011
11038
11053
11079
11108
11125
11130
11132
11138
11155
11162
11159
11163
11164
11192
11166
11202
11205
11251
11256
10569
10574
10668
10608
10674
10675
10662
10761
10793
10793
10809
10850
10934
10976
11006
11051
11056
11126
11154
11156
11190
11195
11209
11233
11286
11380
11385
10884
11007
11016
11099
11290
11305
11304
11325
11331
11339
11394
11441
11346
11410
11497
11398
11401
11524
11544
11762
11861
11893
12073
11881
12111
11975
12130
12144
12190
11929
12127
12208
12387
12402
12413
12472
12559
13159
12951
13079
13354
13386
12540
12604
12764
12828
13308
13045
13515
13474
13580
13602
13603
13682
11414
11433
11446
11447
11449
11449
11467
11457
11485
11480
11484
11487
11490
11497
11530
11533
11568
11573
11509
11559
11574
11587
11608
11587
11596
11613
11635
11639
11641
11656
11678
11724
11637
11650
11689
11705
11733
11741
11731
11743
11746
11752
11773
12016
12021
12033
12046
11594
11705
11733
11885
11912
11919
11929
12064
12142
12227
12300
12458
11958
12013
12023
12526
12664
11974
12480
12688
12691
12793
12798
12846
12952
12859
12956
12999
12605
12634
12684
12733
12704
12897
12839
13417
13056
13060
13434
13611
13483
13548
13609
13759
13769
11802
11813
11857
11890
11922
11982
12032
12076
12116
12119
12146
12197
11904
11936
11950
11965
11992
12006
12076
12100
12180
12190
12203
12479
12507
12515
12548
12261
12311
12314
12312
12381
12393
12397
12407
12425
12558
12582
12594
12431
12503
12527
12597
12625
12627
12634
12678
12705
12768
12771
12820
12938
12989
13063
13077
13109
13130
13144
13232
13299
12679
12701
12792
12865
12895
12957
12961
13173
13210
13310
13412
13465
13496
12797
13050
13082
13125
13133
13159
13334
13339
13504
13585
13564
13565
13576
13729
13756
13670
13679
13709
13769
13773
13790
11857
11924
11985
11982
12003
12052
12141
12152
12227
12168
12196
12320
12345
12349
12509
12580
12722
12832
12882
12903
12978
13046
13234
13250
13251
12442
12549
12555
12741
12766
12784
12935
12818
13022
13054
13161
13207
13289
13121
13247
13320
13329
13390
13548
13436
13616
13465
13557
13608
13662
13643
13810
13814
13817
13820
13826
13844
13864
13886
13890
13897
13863
13902
13902
13965
13979
14034
13904
13927
13941
13949
13965
13973
14004
14044
14357
14111
14140
14180
14396
14356
14395
14445
14467
14468
14525
14532
13980
13993
14063
14110
14267
14273
14369
14413
14047
14049
14062
14190
14363
14251
14316
14423
14440
14444
14460
14556
14579
14485
14513
14540
14566
14571
14576
14585
14587
14604
14612
14612
14616
14628
14632
14633
14729
14677
14750
14644
14657
14669
14704
14713
14753
14791
14831
14918
14924
14716
14745
14776
14783
14798
14814
14846
14849
14862
14875
14964
14901
14910
14980
14985
15020
15049
15003
15008
15021
15069
15070
15074
15079
13165
13182
13220
13177
13193
13269
13220
13287
13297
13341
13273
13298
13306
13345
13349
13399
13399
13325
13353
13404
13431
13432
13435
13449
13480
13499
13525
13571
13591
13661
13695
13753
13419
13498
13575
13578
13610
13612
13685
13698
13738
13857
13754
13799
13885
13891
14238
14302
13866
13967
14142
14195
14287
14253
14317
14330
14374
14405
14505
14913
14934
14466
14489
14512
14618
15061
14622
14776
14796
15126
15211
15215
14764
14897
15163
15224
15258
15277
15304
15426
15024
15036
15303
15403
15534
15051
15108
15408
15162
15248
15690
15311
15728
13900
14317
14388
13976
14144
14185
14501
14580
14670
14671
14797
14773
14970
14974
14991
15036
15104
15179
15104
15121
15184
15188
15123
15136
15155
15166
15190
15222
15202
15230
15209
15229
15232
15247
15291
15299
15302
15306
15323
15327
15329
15388
15390
15394
15394
15395
15405
15413
15426
15455
15472
15477
15480
15484
15524
15558
15512
15550
15662
15665
15603
15668
15674
15690
15474
15519
15548
15555
15595
15639
15644
15836
15918
15683
15883
15950
15960
15614
15630
15669
15724
15756
15751
15779
15818
15830
15849
15825
15831
15843
15857
15925
15977
15984
15888
15891
15899
15945
15950
15978
15939
15956
15969
15980
15985
15997
arquivo ordenado pelo algoritmo quicksort tempo da ordenação = 0 nanosegundos

