0
3
3
5
7
13
14
28
25
40
41
30
42
42
42
39
66
64
69
110
117
142
149
152
71
74
75
79
81
86
111
81
143
155
163
165
209
122
137
143
215
197
220
280
295
307
144
180
185
187
237
211
238
215
309
241
314
340
8
20
34
63
36
52
64
67
67
25
34
47
36
54
75
76
78
93
106
131
137
150
108
117
131
133
142
151
163
165
165
178
181
191
216
225
284
246
248
292
292
308
330
338
347
363
375
376
407
392
399
430
431
117
132
132
140
177
165
180
202
209
138
169
161
177
185
189
211
213
227
239
240
246
200
253
258
260
269
290
296
321
324
343
351
390
395
423
381
437
441
423
425
443
444
467
473
473
477
484
495
517
488
490
509
528
489
492
537
502
524
525
538
540
540
545
551
559
562
572
581
583
585
598
555
570
573
582
587
574
593
601
606
610
208
215
210
217
218
223
244
244
254
269
240
266
272
273
278
284
284
285
287
293
300
301
303
312
303
303
304
312
322
335
340
342
353
355
356
388
408
426
453
356
371
380
381
386
399
419
467
456
470
476
485
500
505
519
521
523
538
546
558
559
572
576
601
606
607
519
522
525
527
546
571
575
592
593
612
612
613
613
613
615
615
616
616
620
620
435
470
470
529
540
483
599
623
503
636
638
645
624
625
638
643
648
650
658
625
628
635
640
642
653
656
656
662
660
667
669
670
677
677
682
683
685
690
693
696
698
701
701
214
262
288
282
290
300
295
311
342
343
375
431
488
552
566
354
355
453
513
453
593
676
661
672
703
704
709
710
715
716
717
717
714
716
719
720
721
721
723
724
731
738
725
729
742
732
742
749
749
752
735
739
758
758
761
760
762
765
771
773
781
781
784
788
788
791
792
797
800
801
808
809
811
813
823
824
828
829
832
834
851
853
856
857
859
860
885
891
877
879
889
889
892
893
901
904
756
763
764
768
770
771
791
800
806
807
814
821
825
835
838
843
809
809
819
843
848
858
876
862
882
891
925
902
912
915
927
931
770
814
834
851
879
884
888
897
905
905
906
909
921
909
914
914
923
924
927
927
945
949
953
954
959
930
931
937
941
941
944
955
962
966
964
966
972
832
837
874
917
919
927
957
956
970
976
978
980
981
975
975
977
980
982
982
984
984
990
995
1002
1003
1029
995
999
1001
1011
1011
1021
1030
1036
1036
1015
1016
1036
1037
1038
1039
1004
1005
1028
1032
1034
1041
1035
1041
1043
1045
1052
1053
1048
1092
1048
1052
1089
1124
1133
1142
1151
1239
1236
1257
1054
1058
1058
1058
1080
1086
1089
1090
1093
1098
1119
1141
1202
1202
1234
1242
1249
1269
1347
1060
1063
1067
1071
1073
1076
1075
1077
1104
1165
1087
1127
1157
1231
1339
1355
1383
1375
1386
1397
1383
1392
1407
1409
1424
1428
1445
1077
1080
1089
1095
1105
1096
1106
1124
1139
1185
1107
1112
1112
1123
1116
1130
1133
1201
1202
1255
1273
1274
1300
1356
1264
1287
1351
1384
1405
1420
1447
1133
1135
1136
1137
1140
1140
1143
1146
1154
1156
1159
1162
1168
1151
1154
1165
1167
1168
1171
1172
1173
1173
1180
1177
1177
1202
1179
1191
1204
1209
1218
1272
1200
1256
1260
1286
1314
1319
1332
1427
1180
1182
1197
1206
1263
1267
1271
1280
1353
1397
1442
1455
1469
1477
1184
1186
1186
1199
1207
1233
1243
1250
1283
1290
1209
1284
1295
1308
1322
1342
1348
1338
1339
1356
1375
1388
1396
1343
1397
1398
1413
1416
1426
1455
1457
1424
1425
1463
1435
1478
1464
1478
1479
1487
1393
1433
1433
1466
1476
1488
1476
1476
1499
1502
1504
1509
1512
1516
1516
1516
1518
1519
1557
1558
1582
1599
1621
1549
1573
1580
1587
1590
1644
1600
1611
1615
1638
1642
1658
1769
1660
1687
1693
1693
1695
1717
1743
1749
1760
1841
1767
1830
1895
1797
1812
1903
1901
1907
1916
1967
1971
1978
2018
2019
2036
2042
2039
2050
2064
2051
2070
2073
2075
2077
2098
2113
2135
2133
2145
2155
2156
2198
2225
2246
2213
2272
1551
1552
1553
1558
1567
1569
1569
1573
1574
1576
1590
1596
1624
1673
1681
1697
1725
1849
1608
1639
1627
1634
1662
1665
1672
1702
1702
1714
1731
1735
1806
1827
1915
1901
1924
1938
1946
1737
1821
1822
1840
1739
1797
1875
1875
1943
1987
1991
1995
1997
2003
1599
1683
1687
1811
1714
1851
1994
1757
1895
1964
2003
2016
2029
2055
2058
2079
2083
2086
2103
2110
2092
2121
2130
2139
2143
2149
2153
2192
2199
2213
2233
2234
2238
2246
2246
2258
2264
2278
2286
2292
2266
2267
2305
2309
2323
2326
2326
2332
2335
2345
2364
1578
1589
1613
1622
1637
1642
1778
1807
1869
1926
1646
1802
1720
1852
1898
1929
1978
1992
1683
1748
1768
1789
1800
1828
1883
1921
1939
2001
2029
2040
2043
1665
1666
1669
1751
1785
1829
1814
1889
1947
2158
1995
2195
2078
2087
2113
2213
2120
2126
2122
2132
2148
2149
2201
2211
2225
2237
2243
2252
2257
2271
2294
2299
2300
2309
2312
2345
2345
2346
2349
2366
2366
2374
2373
2386
2399
2376
2376
2388
2397
2400
2402
2404
2408
2413
2410
2420
2421
2428
1206
1228
1239
1242
1243
1249
1249
1250
1252
1255
1259
1261
1262
1267
1271
1271
1273
1279
1281
1292
1293
1296
1303
1307
1306
1318
1326
1337
1410
1313
1313
1333
1453
1398
1462
1467
1611
1625
1626
1636
1340
1341
1352
1358
1358
1400
1402
1417
1451
1451
1454
1462
1469
1473
1485
1497
1501
1521
1556
1509
1522
1569
1529
1590
1625
1649
1654
1572
1575
1627
1644
1649
1598
1619
1628
1644
1662
1662
1663
1658
1665
1665
1676
1312
1353
1371
1376
1378
1403
1423
1424
1510
1548
1515
1636
1537
1539
1547
1683
1553
1755
1762
1765
1575
1622
1792
1800
1837
1643
1678
1687
1700
1703
1748
1764
1785
1787
1810
1811
1817
1842
1683
1845
1845
1847
1848
1873
1876
1887
1894
1907
1908
1966
2009
2101
2105
2177
2186
2187
2232
2240
2274
2280
2301
2368
2236
2314
2399
2409
2409
2429
2436
2462
2466
2480
1531
1619
1636
1675
1570
1607
1715
1612
1746
1734
1736
1751
1757
1762
1770
1772
1798
1811
1815
1841
2006
2063
2152
2277
2353
2202
2360
2548
2549
1908
1964
2028
2100
2120
2162
2169
2049
2085
2211
2222
2077
2153
2265
2282
2293
2502
2376
2379
2496
2601
2631
2551
2634
2640
2569
2576
2608
2618
2658
2670
2673
2770
2933
2982
2989
2444
2486
2521
2550
2581
2523
2683
2718
2758
2835
2942
3005
2528
2566
2631
2642
2644
2692
2700
2839
2896
2944
3006
3030
3032
3120
3133
3106
3138
3189
3251
3270
3320
3417
3811
3384
3406
3516
3517
3606
3612
3614
3635
3652
3653
3949
4065
3675
3735
3822
3932
4004
4049
3796
3806
3819
4024
3821
4084
4090
1911
1918
1982
1997
2016
2017
2046
1932
1952
1958
1964
2005
2051
2049
2066
2105
2084
2131
2143
2166
2200
2240
2243
2248
2058
2097
2110
2140
2189
2221
2295
2299
2100
2154
2218
2301
2319
2326
2342
2342
2348
2300
2326
2350
2353
2358
2360
2364
2393
2411
2444
2457
2481
2483
2489
2499
2502
2502
2506
2507
2512
2543
2550
2563
2569
2532
2536
2572
2575
2579
2623
2650
2549
2575
2573
2591
2598
2604
2633
2643
2665
2669
2670
2679
2611
2622
2647
2674
2682
2688
2691
2692
2698
2699
2703
2704
2707
2707
2709
2712
2714
2375
2381
2397
2397
2415
2418
2439
2440
2444
2444
2456
2469
2470
2442
2443
2452
2455
2459
2460
2478
2481
2490
2492
2493
2498
2512
2526
2521
2527
2507
2513
2523
2537
2550
2515
2525
2525
2554
2562
2563
2565
2566
2517
2524
2532
2568
2569
2585
2572
2586
2592
2621
2592
2665
2676
2622
2630
2639
2690
2708
2707
2746
2740
3188
2997
3086
3199
3503
3510
3588
2851
2870
2970
3254
3281
3283
3324
3472
3531
3624
3630
3664
3736
3776
3794
3912
3942
3969
4022
4105
3820
4155
4193
2571
2574
2593
2645
2653
2573
2612
2627
2630
2696
2584
2585
2624
2630
2651
2666
2697
2701
2702
2701
2705
2752
2759
2818
2897
2905
2712
2755
2938
2948
2968
2992
3011
3015
3084
3106
3136
3147
3191
3248
3249
3286
3309
3321
3338
3410
3352
3363
3498
3378
3410
3612
3702
3725
3781
3944
3787
3884
3929
3955
3997
3821
3999
4027
4036
3422
3422
3427
3448
3529
3474
3553
3609
3631
3641
3861
3868
4028
4045
4049
4054
4083
4131
4133
4174
4183
4150
4190
4223
4231
4264
4268
4269
4277
2713
2718
2720
2722
2718
2720
2722
2723
2727
2722
2726
2732
2743
2744
2729
2735
2751
2762
2772
2770
2773
2778
2782
2791
2800
2800
2805
2805
2795
2806
2808
2812
2812
2812
2828
2828
2836
2839
2797
2810
2817
2840
2843
2815
2815
2830
2841
2850
2856
2869
2869
2878
2885
2889
2929
2934
2873
2880
2887
2888
2946
2967
2890
2942
2963
2967
2969
2972
2977
2979
2829
2846
2960
2980
2984
2986
3011
2990
3043
2991
2997
3036
3011
3047
3049
3052
3000
3031
3041
3078
3064
3076
3083
3084
3094
3092
3105
3110
3117
3119
3198
3129
3137
3142
3137
3157
3159
3167
3187
3193
3184
3218
3224
3243
3244
3271
3317
3197
3198
3213
3218
3220
3256
3272
3282
3312
3230
3244
3266
3278
3299
3269
3319
3281
3283
3314
3319
2893
2904
2904
2904
2906
2906
2908
2915
2917
2917
2929
2909
2916
2917
2921
2941
2947
2948
2953
2968
2984
2931
2937
2945
2951
2954
2974
2975
2976
2977
2990
2999
3005
3016
3026
3028
3046
3053
3070
2979
2985
2992
2994
3037
3067
3089
3089
3090
3098
3108
3120
3124
3114
3115
3117
3126
3130
3130
3131
3132
3135
3042
3072
3076
3086
3133
3137
3090
3206
3220
3152
3155
3164
3186
3188
3169
3206
3206
3222
3226
3230
3245
3139
3154
3162
3173
3158
3184
3210
3221
3242
3244
3255
3263
3268
3270
3276
3280
3294
3321
3309
3329
3236
3236
3248
3259
3267
3268
3276
3278
3279
3322
3330
3341
3342
3347
3286
3305
3324
3326
3330
3339
3361
3368
3333
3336
3346
3357
3364
3369
3369
3373
3374
3364
3375
3375
3379
3385
3396
3402
3398
3400
3401
3407
3407
3381
3388
3389
3397
3399
3400
3402
3405
3417
3420
3400
3402
3424
3426
3427
3429
3430
3410
3414
3417
3419
3428
3433
3457
3464
3434
3465
3470
3435
3438
3467
3486
3467
3473
3474
3478
3480
3482
3486
3489
3495
3495
3497
3499
3503
3507
3508
3510
3511
3511
3518
3523
3524
3537
3540
3547
3552
3560
3571
3576
3580
3581
3585
3596
3599
3604
3605
3617
3623
3617
3634
3628
3650
3652
3622
3644
3658
3655
3658
3679
3684
3660
3685
3687
3689
3691
3694
3498
3502
3512
3515
3498
3520
3531
3538
3597
3603
3635
3661
3673
3678
3540
3554
3639
3654
3666
3682
3585
3596
3626
3611
3629
3631
3633
3679
3688
3635
3654
3692
3692
3698
3699
3706
3706
3707
3708
3708
3714
3714
3717
3720
3140
3260
3324
3354
3359
3417
3544
3556
3608
3682
3727
3728
3729
3731
3731
3736
3740
3741
3744
3745
3749
3749
3756
3756
3758
3759
3761
3763
3765
3765
3765
3767
3767
3767
3773
3786
3794
3802
3804
3807
3768
3787
3792
3795
3799
3801
3807
3808
3811
3822
3808
3816
3822
3823
3826
3826
3830
3833
3831
3833
3834
3842
3853
3862
3869
3874
3877
3848
3849
3856
3865
3868
3861
3875
3879
3881
3883
3884
3884
3887
3893
3893
3925
3926
4053
4059
3929
3940
3947
3982
4003
4005
4027
4045
4101
4146
4100
4128
4164
4212
3894
3895
3896
3901
3915
3918
3928
3929
3935
3941
3947
3948
3948
3949
3949
3997
4032
3949
3956
3969
3975
4025
4032
4045
4026
4056
4085
4104
3955
3958
3981
3988
3990
3992
4016
4034
4123
4123
4141
4017
4024
4030
4032
4048
4067
4068
4091
4079
4096
4074
4100
4119
4147
4149
4156
4225
4225
3992
4005
4009
4023
4075
4079
4082
4086
4117
4141
4042
4048
4099
4147
4170
4180
4194
4195
4218
4227
4251
4230
4283
4307
4333
4362
4443
4789
4620
4919
4906
4926
5197
5239
5285
5311
4308
4312
4319
4331
4336
4345
4544
4312
4341
4343
4488
4527
4535
4758
4545
4615
4886
4967
4978
5056
5187
5311
4375
4428
4438
4738
4929
5026
5074
5259
5337
5549
5537
5589
4388
4448
4514
4523
4718
5054
5198
5199
5370
5395
5601
5403
5594
5607
4558
4568
4573
4606
4640
4684
4691
4610
4619
4703
4706
4707
4715
4736
4743
4721
4755
4761
4763
4768
4800
4811
4824
4839
4892
4919
4951
4951
5016
5064
5018
5024
5089
5107
4825
4861
4970
4932
4979
4986
5063
5072
5074
5107
5125
5135
5189
5384
5397
5467
5494
5553
5518
5556
5606
5639
5665
5675
5717
5880
5194
5242
5248
5264
5208
5287
5317
5335
5362
5398
5402
5423
5475
5411
5522
5333
5352
5440
5450
5483
5497
5535
5575
5597
5485
5490
5536
5607
5611
5638
5870
5902
5660
5672
5681
5682
5699
5705
5716
5790
5846
5860
5750
5840
5857
5877
5909
5970
5981
6006
6030
6044
6049
5990
6057
6060
6063
6049
6069
6087
6100
6120
6152
6163
6164
6200
6204
6257
6157
6192
6215
6256
6267
6272
6344
6356
6362
6278
6298
6311
6327
6380
6375
6386
6412
6435
6436
6452
6462
6481
6481
6484
6598
6616
6482
6532
6596
6619
6501
6595
6562
6584
6590
6627
6656
6666
4152
4152
4152
4155
4156
4161
4161
4170
4171
4179
4181
4185
4185
4190
4190
4192
4193
4195
4196
4198
4199
4201
4201
4203
4204
4204
4207
4219
4225
4246
4256
4260
4303
4218
4223
4257
4257
4283
4294
4300
4308
4345
4311
4315
4324
4346
4365
4413
4441
4369
4380
4381
4382
4427
4452
4457
4465
4475
4494
4371
4372
4373
4374
4412
4500
4514
4516
4530
4554
4295
4295
4301
4304
4316
4334
4324
4341
4328
4368
4374
4380
4383
4399
4401
4436
4460
4483
4456
4462
4462
4466
4471
4502
4481
4511
4511
4535
4545
4584
4586
4588
4595
4206
4215
4221
4225
4261
4261
4316
4232
4233
4286
4300
4337
4354
4357
4376
4379
4385
4399
4403
4410
4415
4416
4424
4427
4448
4432
4434
4436
4456
4439
4458
4473
4498
4502
4518
4522
4527
4530
4542
4543
4597
4554
4557
4590
4654
4677
4615
4616
4633
4645
4683
4670
4680
4707
4736
4788
4790
4715
4716
4716
4726
4747
4791
4802
4803
4763
4801
4764
4827
4807
4830
4837
4852
4796
4799
4800
4824
4826
4856
4860
4866
4900
4863
4870
4909
4932
4934
4936
4942
4957
4323
4331
4344
4363
4364
4385
4393
4437
4485
4442
4450
4493
4527
4540
4544
4546
4554
4568
4611
4653
4656
4668
4695
4702
4802
4827
4891
4807
4981
4985
5001
5026
4914
4915
4961
4962
4973
4996
5001
4994
4997
5002
5005
5017
5046
5048
5051
5020
5031
5036
5067
5076
5082
5082
5037
5081
5082
5084
5088
5089
5089
5091
5092
5094
5100
5102
5102
5112
5177
5187
5132
5146
5154
5160
5178
5179
5212
5220
5225
5249
5212
5224
5228
5218
5247
5249
5250
5196
5215
5247
5269
5220
5285
5288
5288
5289
5289
5290
5299
5313
5319
5333
5335
5336
5346
5342
5345
5380
5380
5384
5405
5406
5415
5426
5429
5430
5436
5437
5444
5444
5447
5450
5460
5461
5462
5467
5497
5485
5559
5496
5535
5569
5580
5597
5656
5658
5674
5684
5698
5721
5723
5521
5528
5538
5572
5576
5577
5578
5607
5701
5715
5726
5730
5598
5609
5642
5659
5674
5681
5695
5700
5705
5711
5725
5736
5744
5746
4565
4571
4574
4590
4595
4601
4635
4646
4649
4655
4664
4676
4708
4745
4809
4812
4667
4691
4674
4705
4730
4739
4752
4756
4759
4778
4798
4811
4819
4842
4844
4852
4853
4855
4875
4879
4880
4884
4894
4895
4899
4917
4905
4914
4916
4936
4936
4943
4955
4981
4984
4998
4999
5028
5050
5031
5050
5060
5071
5083
5040
5069
5107
5110
5116
5120
5129
5144
5150
5150
5137
5140
5152
5157
5159
5172
5174
5176
5176
5184
5194
5194
5198
5201
5228
5266
5272
5286
5306
5363
5391
5430
5459
5480
5482
5550
5346
5366
5381
5488
5491
5597
5510
5613
5366
5409
5436
5460
5461
5492
5577
5504
5590
5607
5629
5631
5643
5550
5552
5596
5646
5702
5659
5702
5734
5706
5742
5743
5749
5750
5721
5755
5758
5760
5766
5772
5772
5781
5786
5787
5797
5801
5200
5339
5400
5446
5478
5559
5597
5623
5214
5295
5394
5399
5416
5538
5568
5643
5584
5657
5803
5824
5825
5826
5845
5847
5856
5858
5859
5869
5876
5877
5889
5890
5897
5902
5900
5907
5914
5918
5923
5923
5933
5934
5948
5921
5925
5935
5944
5945
5956
5951
5960
5995
6039
6047
5963
5991
6025
6039
6049
6054
6055
6058
6060
6067
6088
6103
6117
5772
5774
5784
5789
5790
5804
5810
5814
5840
5840
5859
5923
5856
5862
5878
5886
5913
5965
5968
6007
6036
6123
6124
6129
6154
6169
6171
6180
6195
6203
6234
6250
6255
6256
6317
6318
6324
6359
6416
6439
6469
6483
6484
6488
6488
6520
6157
6166
6169
6179
6241
6253
6309
6352
6359
6391
6404
6457
6541
6185
6291
6465
6510
6546
6555
6562
6568
6572
6573
6573
6665
6682
6684
6704
6747
6603
6609
6637
6679
6737
6787
6793
6907
6646
6668
6687
6692
6701
6750
6853
6895
6927
6943
6955
6703
6732
6784
6874
6922
6967
6972
7001
6281
6329
6354
6337
6379
6446
6722
6733
6453
6463
6477
6754
6746
6777
6785
6794
6794
6470
6491
6627
6641
6681
6804
6811
6847
6848
6849
6860
6495
6538
6636
6765
6768
6810
6826
6646
6922
6953
6965
6982
7029
6866
6912
6923
6938
6945
6985
7002
7014
7031
7003
7009
7016
7020
7022
7026
7036
7047
7049
7053
7054
7064
7065
7082
7088
7092
7093
7098
7100
7105
7117
7123
7125
7127
7138
7142
7143
7161
7174
7179
7189
7191
7203
7206
7206
7208
7216
7218
7223
7228
7232
7234
7246
7247
7247
7261
7263
7259
7262
7272
7282
7287
7296
7300
7302
7303
7304
7305
7342
7351
7380
7387
7389
7320
7348
7389
7418
7376
7389
7403
7442
7457
7463
7488
7490
7508
7496
7539
7549
7558
7560
7580
7605
7608
7628
7614
7647
7642
7656
7657
7468
7490
7519
7531
7584
7585
7634
7637
7652
7716
7790
7544
7694
7707
7668
7710
7712
7719
7753
7758
7768
7780
7799
7810
7811
7827
7836
7264
7307
7293
7365
7344
7363
7418
7421
7424
7430
7431
7432
7305
7391
7430
7435
7461
7486
7496
7498
7501
7508
7533
7535
7542
7546
7548
7563
7566
7569
7574
7580
7585
7581
7588
7671
7753
7610
7618
7659
7676
7745
7748
7613
7624
7659
7662
7709
7725
7761
7766
7725
7779
7800
7804
7824
7828
7836
7849
7850
7858
7863
7864
7867
7870
6300
6335
6360
6429
6540
6551
6584
6326
6327
6443
6478
6505
6724
6378
6450
6570
6436
6515
6574
6667
6726
6737
6779
6784
6799
6837
6889
7036
7146
6962
7010
7097
7190
7355
7366
7379
7384
7448
6967
7057
7154
7226
7480
7512
7526
7500
7646
7699
7722
7744
6587
6666
6744
6752
6787
6812
6839
6867
6885
6965
6997
7028
7033
7051
7070
7084
7281
7306
7111
7251
7369
7246
7312
7376
7406
7456
7417
7470
7512
7610
7405
7714
7737
7741
7749
7750
7755
7800
7856
7911
7924
6631
6633
6702
6803
6846
6934
7110
7387
7427
7415
7472
7567
7622
7647
7630
7912
7923
7766
7877
7878
7938
7981
8000
8014
8029
8031
8058
8060
8076
8080
8081
6847
7097
7151
7162
7871
7891
7900
7912
7874
7925
7927
7906
7930
7935
7941
7943
7964
7968
7997
7999
7999
8002
7988
8003
8018
8022
8025
8068
8071
8081
8083
8088
8094
8099
8102
8104
8108
8109
8109
8113
8030
8042
8073
8088
8092
8128
8165
8126
8141
8153
8146
8157
8183
8185
8186
8192
8193
8206
8198
8201
8207
8209
8212
8213
8220
8160
8191
8217
8223
8224
8228
8241
8244
8247
8249
8250
8252
8255
8257
8257
8267
8267
8268
8272
8273
8278
8290
8292
5970
5989
6002
6012
6043
5971
6024
6056
6093
6095
6096
6101
6129
6135
6151
6151
6155
6200
6213
6161
6197
6199
6219
6030
6048
6166
6206
6228
6263
6267
6276
6283
6313
6230
6238
6244
6255
6265
6307
6311
6316
6322
6324
6329
6254
6296
6329
6420
6465
6519
6519
6567
6591
6623
6711
6681
6696
6709
6721
6732
6737
6752
6763
6877
6882
6892
6907
6421
6504
6559
6570
6704
6712
6734
6798
6838
6867
6938
6985
6913
6964
6991
6993
7045
7060
7077
7012
7094
7103
7114
7222
7022
7065
7207
7272
7279
7073
7119
7153
7271
7282
7285
7335
7359
7360
7366
7379
7440
7492
7534
7571
7590
7601
7637
7649
7473
7501
7528
7667
7685
7698
7699
7700
7721
7742
7814
7839
7842
7847
7848
7870
7873
7873
7919
7924
6353
6355
6366
6362
6368
6406
6432
6428
6446
6522
6456
6529
6534
6540
6546
6566
6582
6589
6595
6601
6604
6613
6591
6619
6639
6653
6670
6682
6683
6685
6689
6689
6694
6713
6785
6791
6794
6830
6849
6871
6893
6900
6903
6910
6935
6968
6990
7009
7035
7036
7039
7037
7070
7081
6720
6742
6782
7041
7096
7158
7202
7207
6827
7024
7293
7094
7172
7191
7314
7258
7326
7295
7336
7394
7418
7449
7460
7462
7468
7470
7486
7491
7499
7507
7528
6725
6753
6819
6822
6828
6854
6869
6925
6938
6971
6977
6995
6996
7005
7036
6974
7037
7128
7158
7201
7217
7244
7257
7311
7316
7332
7411
7416
7418
7446
7450
7530
7538
7539
7561
7566
7573
7582
7628
7635
7649
7696
7697
7704
7707
7738
7739
7764
7769
7781
7888
7938
7716
7755
7766
7797
7818
7858
7868
7871
7920
7927
7942
7993
7998
7952
7954
7974
7979
7989
7993
7981
7998
7999
7999
8008
8016
8017
8019
8022
8030
8032
8042
8060
8060
8081
8090
8110
8139
8063
8117
8151
8087
8098
8104
8150
8159
8161
8170
8170
8177
8196
8208
8209
8210
8211
8212
8213
8216
8219
8239
8220
8258
8314
8227
8234
8238
8246
8258
8281
8336
8343
8353
8354
8367
8241
8250
8281
8301
8315
8350
8317
8327
8350
8353
8364
8367
8371
8373
8387
8366
8367
8368
8396
8405
8411
8393
8413
8413
8417
8421
8433
8423
8424
8438
8439
8436
8446
8447
8450
8434
8437
8443
8444
8465
8446
8458
8472
8466
8469
8474
8491
8498
8450
8451
8453
8460
8463
8464
8474
8475
8480
8489
8492
8492
8493
8512
8515
8517
8523
8533
8564
8524
8553
8562
8565
8580
8592
8497
8498
8504
8513
8515
8516
8518
8520
8535
8537
8537
8539
8555
8556
8559
8559
8564
8573
8575
8577
8581
8590
8592
8595
8593
8604
8608
8618
8605
8608
8619
8635
8642
8645
8596
8603
8620
8625
8598
8628
8646
8656
8657
8658
8659
7783
7806
7879
8181
8589
8661
8665
8665
8669
8675
7847
7921
7934
8018
8053
8100
8191
8677
8677
8352
8674
8757
8763
8773
8804
8894
8483
8661
8527
8540
8663
8663
8666
8731
8736
8781
8781
8876
8896
8911
8674
8680
8694
8706
8736
8736
8697
8699
8757
8776
8791
8792
8815
8825
8827
8850
8886
8890
8891
8904
8918
8920
8925
8935
8937
8937
8673
8745
8848
8949
8858
8873
8960
8987
8989
9004
9008
8783
8787
8836
8908
8943
8890
9016
9018
9020
9046
9068
9025
9030
9045
9047
9047
9056
9071
9041
9073
9074
9078
9082
9087
9087
9091
9092
9114
9141
9160
9101
9107
9167
9103
9103
9107
9173
9078
9084
9091
9112
9156
9163
9172
9174
9192
9201
9177
9191
9201
9210
9215
8688
8688
8704
8731
8737
8746
8746
8780
8796
8800
8867
8870
8782
8802
8821
8821
8865
8897
8991
9000
9063
8908
8914
8966
8971
9004
9019
9035
9058
9171
9195
9203
9229
9233
9245
9246
9005
9017
9097
9135
9155
9202
9217
9250
9159
9198
9228
9252
9244
9248
9256
9263
9265
9267
9274
9275
9278
9280
9282
9287
9288
9292
9292
9291
9305
9311
9315
9316
9316
9318
9331
9311
9335
9335
9336
9340
9341
9352
9358
9365
9387
9394
9342
9353
9378
9425
9396
9414
9416
9441
9443
9446
9419
9430
9434
9449
9449
9452
9452
9453
9453
9455
9457
9459
8695
8696
8710
8716
8725
8736
8745
8757
8748
8752
8758
8760
8767
8773
8786
8798
8802
8802
8821
8823
8824
8841
8845
8870
8939
9005
9010
9051
9111
9235
9235
9268
9303
8872
8872
8880
8901
8904
8950
8967
9005
9012
9013
9014
9016
9033
9100
9106
9127
9135
9163
9164
9187
9233
9253
9315
9348
9229
9258
9327
9344
9371
9381
9348
9371
9384
9400
9401
9455
9458
9464
9469
9475
9473
9481
9483
9488
9493
9499
9503
9503
9504
9507
9507
9509
9514
8842
8848
8877
8878
8890
8871
8901
8909
8917
8929
8976
9057
8976
9138
9241
8977
9010
9255
9255
8997
9045
9075
9235
9245
9278
9313
9387
9343
9361
9466
9493
9504
9515
9038
9057
9147
9208
9396
9346
9348
9423
9502
9515
9517
9520
9522
9524
9527
9527
9555
9528
9528
9530
9532
9550
9553
9558
9557
9563
9569
9531
9532
9534
9540
9556
9561
9584
9587
9588
9590
9591
4361
4379
4415
4489
4515
4527
4566
4567
4593
4366
4378
4374
4451
4527
4579
4592
4601
4604
4632
4639
4640
4645
4652
4666
4679
4725
4732
4688
4695
4700
4751
4754
4756
4757
4806
4819
4820
4826
4847
4849
4859
4866
4867
4897
4900
4903
4929
4932
4949
4954
4978
4979
4982
5162
5198
5023
5182
5086
5333
5338
5367
5375
5378
5333
5546
5624
5700
5950
5795
5798
5864
5993
6005
6023
6038
6071
6090
4967
4977
4988
5093
5173
5193
5268
5292
5448
5506
5510
5564
5649
5683
5973
6112
5748
5913
6118
6141
6211
6213
6277
6345
6445
6456
4910
4928
4981
4995
5014
5026
5109
5118
5131
5148
5189
5194
5197
5214
5244
5254
5295
5342
5393
5408
5436
5541
5430
5509
5588
5606
5618
5643
5673
5703
5738
5732
5746
5805
5815
5830
6020
6064
6070
6391
6469
5833
5980
6135
6484
6484
6316
6491
6491
6539
6571
6591
6599
6618
6594
6642
6680
6706
6723
6616
6689
6698
6735
6775
6750
6801
6858
7105
7160
6858
6945
6983
7092
7132
7161
7203
7210
7286
7454
7537
7736
7113
7266
7363
7549
7719
7935
7135
7143
7161
7340
7451
7568
7651
7721
7744
7760
7901
7971
7973
7978
6867
7008
7167
7108
7334
7574
6968
7027
7064
7269
7296
7457
7470
7599
7597
7702
7733
7802
7852
7860
7865
7882
7950
7960
8003
8006
8022
8054
8062
8063
8117
8121
8168
8174
8195
8195
8137
8155
8163
8183
8209
8288
8218
8293
8308
8317
8222
8336
8363
8174
8241
8262
8285
8414
8460
8466
8487
8551
8402
8537
8565
8622
8727
8767
8789
8890
8977
8630
8646
8655
8650
8676
8681
8722
8741
8799
8849
8883
9076
9335
9389
9427
9499
9547
8689
8739
8903
8934
8967
8912
8989
9090
9421
9577
8718
8718
8814
8896
8944
8979
9032
9037
9041
9397
9421
9498
9591
9591
9603
9604
9617
9597
9598
9605
9617
9627
9628
9045
9046
9098
9233
9049
9226
9231
9246
9248
9250
9252
9281
9292
9323
9368
9384
9437
9452
9470
9472
9491
9542
9492
9521
9596
9605
9613
9616
9504
9621
9629
9631
9632
9635
9641
9643
5839
5859
5893
5966
5969
6064
6230
6233
6293
6301
6552
6626
6644
6723
6901
6956
7083
7109
7255
7368
7114
7222
7883
8075
7156
8154
8195
8292
8406
8535
7612
7820
8109
8514
8593
9029
9187
9358
9395
9579
9591
9606
9636
9658
9664
9671
9672
7368
7676
7690
8011
8146
8156
8310
8823
8303
8331
8975
9041
9067
9292
9401
9570
9577
9593
9627
9686
9696
9702
9738
9752
9767
9930
9948
9958
9961
9978
9984
9990
9999
10022
10030
10033
10037
8803
9215
9218
9502
9595
9646
9648
9650
9653
9654
9657
9660
9662
9667
9684
9691
9728
9761
9667
9706
9722
9752
9728
9896
9977
10000
10039
9670
9682
9690
9691
9691
9692
9722
9807
9890
9895
9935
10007
10058
10065
10065
10073
10092
10112
9695
9695
9698
9704
9718
9699
9700
9707
9711
9717
9718
9718
9722
9724
9725
9727
9727
9728
9734
9743
9742
9744
9745
9752
9755
9758
9760
9762
9767
9777
9785
9791
9796
9746
9759
9793
9825
9801
9828
9814
9830
9865
9831
9833
9837
9843
9849
9854
9844
9848
9864
9870
9882
9785
9847
9887
9906
9914
9925
9925
9941
9943
10002
10006
9960
9967
10007
10008
9948
9949
9961
10011
10014
10079
10081
10016
10019
10074
10103
10106
10114
10121
10136
10021
10024
10024
10039
10058
10077
10081
10092
10110
10124
10125
10126
10120
10128
10131
10141
10136
10138
10143
10145
10151
10152
9767
9777
9778
9786
9796
9789
9794
9796
9798
9801
9803
9807
9811
9817
9818
9837
9845
9874
9887
9897
9839
9846
9848
9858
9861
9873
9899
9903
9904
9910
9912
9913
9913
9921
9946
9952
9962
9972
9976
9986
9976
9986
9988
9993
9984
9993
10004
10005
10006
10012
10014
10015
10022
10024
10025
10034
10041
10044
10046
10052
10055
10052
10056
10065
10069
9957
9991
10033
10038
10047
10068
10070
10072
10081
10087
10090
10092
10094
10102
10102
10103
10123
10125
10125
10131
10141
10153
10155
10155
10083
10089
10091
10136
10150
10121
10173
10156
10164
10176
10266
10179
10215
10217
10195
10202
10224
10229
10215
10236
10245
10251
10262
10267
10232
10234
10236
10248
10272
10273
10273
10274
10280
10311
10278
10279
10278
10286
10289
10290
10300
10307
10310
10312
10320
10327
10318
10337
10340
10343
10355
10357
10360
10365
10231
10289
10326
10369
10374
10369
10383
10383
10389
10391
10395
10397
10404
10505
10439
10478
10562
10445
10488
10447
10558
10499
10510
10550
10565
10446
10472
10524
10586
10588
10595
10602
10609
10395
10395
10405
10411
10427
10451
10476
10476
10477
10483
10498
10458
10502
10506
10513
10520
10527
10525
10532
10534
10538
10540
10526
10558
10563
10585
10527
10548
10593
10563
10588
10590
10597
10604
10609
10610
10613
10619
10139
10151
10144
10152
10158
10159
10180
10183
10188
10193
10197
10205
10209
10219
10157
10173
10204
10220
10255
10174
10211
10262
10265
10279
10220
10230
10232
10248
10252
10315
10317
10284
10304
10305
10317
10321
10324
10341
10345
10241
10244
10253
10331
10270
10284
10305
10332
10347
10349
10350
10351
10352
10353
10353
10426
10445
10468
10498
10503
10505
10523
10355
10358
10383
10387
10390
10395
10400
10428
10429
10447
10456
10462
10439
10469
10472
10478
10488
10497
10503
10518
10520
10526
10526
10544
10530
10532
10534
10534
10543
10548
10552
10557
10590
10621
10559
10563
10583
10601
10618
10623
10624
10625
10626
10626
10627
10630
10631
10632
10602
10633
10635
10636
10647
10643
10648
10644
10649
10650
10656
10652
10653
10657
10658
10659
10662
10664
10667
10678
10680
10682
10683
10684
10736
10677
10682
10694
10756
10760
10787
10662
10662
10663
10666
10699
10754
10755
10790
10822
10844
10850
10858
10884
10904
10966
10913
10970
10993
11023
11091
11214
11219
11234
11242
11257
10690
10693
10695
10700
10715
10716
10723
10728
10752
10756
10765
10771
10776
10763
10772
10777
10784
10774
10783
10786
10793
10795
10800
10786
10789
10807
10807
10816
10897
10910
10922
10931
10946
10819
10849
10850
10852
10837
10871
10877
10886
10924
10913
10924
10936
10956
10960
10960
10971
10973
10975
10975
10976
10977
10979
10984
10999
11001
11001
11007
11009
11014
11016
11026
11027
11028
11031
11031
11037
11049
11044
11044
11047
11050
11057
11055
11069
11070
11070
11077
11139
11071
11076
11098
11106
11111
11116
11157
11159
11130
11134
11141
11168
11168
11154
11178
11178
11182
11193
10862
10908
10938
10976
10924
11108
11126
11210
10980
11149
11211
11214
11221
11232
11247
11248
11256
11257
11258
11259
11285
11262
11272
11276
11288
11304
11309
11315
11317
11319
11321
11323
11325
11326
11336
11337
11353
11358
11335
11353
11403
11409
11423
11446
11354
11400
11403
11437
11457
11490
11498
11499
11502
11504
11309
11310
11324
11330
11334
11338
11340
11343
11350
11354
11368
11376
11414
11417
11440
11460
11469
11371
11375
11380
11386
11389
11400
11387
11399
11422
11424
11427
11437
11456
11461
11461
11484
11476
11501
11506
10802
10805
10811
10811
10811
10814
10816
10817
10819
10826
10830
10835
10837
10838
10849
10853
10860
10875
10878
10890
10881
10882
10886
10892
10898
10901
10902
10912
10913
10914
10918
10930
10947
10951
10987
11065
11051
11070
11071
11061
11075
11077
11083
11096
11105
11136
11137
11169
11169
11169
11205
11235
11269
11308
11364
11409
11462
11501
11502
11598
11623
11667
11269
11272
11341
11352
11529
11607
11366
11410
11637
11637
11681
11696
11298
11316
11330
11418
11445
11409
11484
11487
11494
11512
11585
11629
11715
11723
11734
11735
11747
11754
11754
11766
11766
11767
10910
10964
10932
10940
10979
10982
11022
11037
11069
11069
11070
11099
11100
11107
11079
11079
11085
11139
11175
11236
11242
11243
11262
11155
11216
11249
11274
11275
11292
11303
11328
11350
11353
11336
11431
11369
11466
11495
11544
11373
11412
11452
11468
11563
11597
11516
11599
11640
11641
11672
11521
11528
11529
11554
11562
11677
11699
11513
11537
11619
11691
11716
11719
11727
11734
11747
11751
11747
11756
11773
11777
11792
11797
11825
11826
11846
11853
11856
11868
10837
10841
10845
10851
10854
10858
10863
10865
10891
10909
10918
10934
10951
10920
10921
10983
10961
11006
11018
10989
11026
11033
11039
11084
11033
11041
11062
11076
11080
11085
11097
11098
11105
11109
11111
11132
11134
11146
11105
11148
11154
11156
11200
11217
11369
11385
11445
11508
11408
11430
11530
11536
11580
11623
11530
11590
11590
11601
11628
11628
11640
11658
11169
11170
11175
11189
11346
11377
11450
11183
11210
11298
11373
11387
11396
11439
11452
11208
11211
11323
11458
11459
11490
11460
11462
11463
11479
11536
11506
11537
11538
11513
11525
11541
11544
11552
11553
11557
11596
11507
11528
11548
11553
11531
11557
11576
11539
11579
11582
11591
11595
11597
11603
11603
11613
11622
11627
11628
11647
11665
11666
11668
11674
11677
11675
11680
11684
11696
11576
11578
11585
11604
11697
11705
11729
11749
11760
11761
11771
11776
11780
11709
11720
11752
11763
11778
11778
11808
11729
11731
11784
11748
11780
11783
11803
11812
11813
11814
11817
11817
11820
11821
11829
11855
11824
11856
11866
11870
11609
11611
11621
11633
11636
11636
11656
11715
11662
11690
11723
11735
11748
11770
11790
11813
11651
11669
11678
11682
11726
11700
11746
11756
11756
11799
11825
11859
11871
12001
12015
12076
12102
12133
12157
11982
12134
12303
12332
12341
11702
11721
11728
11787
11746
11823
11842
11847
11924
12405
12486
12079
12540
12560
12611
12355
12484
12619
12393
12669
12466
12620
12682
12698
12702
12915
12938
12720
12771
12852
12864
12892
12919
13101
13131
13170
13304
12732
12859
12785
12875
12968
12991
13045
13144
13184
13398
13153
13174
13212
13238
13259
13353
13416
13424
11871
11873
11873
11934
12045
11947
11965
12048
12090
12129
12142
12169
12188
12206
12268
12276
12284
12360
12390
12402
12417
12431
12436
11947
11986
12095
12434
12499
12737
13033
13096
13116
13158
13425
13427
13475
13836
13664
13688
13735
13850
13666
13719
13794
13893
13932
12469
12522
12546
12614
12639
12660
12826
12845
12864
13039
12555
12614
12618
12796
12978
13040
13195
13429
13602
13060
13232
13287
13407
13431
13461
13482
13502
13584
13608
13716
13856
13683
13730
13751
13787
13813
14005
13554
13638
13716
13781
13698
13863
13944
13950
13989
14059
14069
13857
14001
14030
14037
14052
14056
14134
14149
14233
14038
14190
14118
14258
14258
14298
14241
14252
14271
14304
14400
14416
14423
14276
14294
14318
14415
14296
14306
14432
14453
14465
14473
14506
14385
14453
14524
14543
14554
14587
14585
14593
14625
14657
14756
14768
14625
14631
14631
14636
14640
14648
14666
14720
14722
14764
14785
14790
14802
11874
11875
11878
11878
11882
11884
11887
11896
11898
11904
11905
11897
11899
11900
11902
11906
11907
11907
11911
11914
11917
11920
11925
11926
11938
11945
11947
11957
11928
11934
11954
11970
11974
11939
11944
11947
11952
11950
11954
11954
11955
11957
11957
11960
11960
11970
11973
11975
11983
11987
11990
11992
11979
11981
11982
11989
12002
12002
12003
12004
12006
12007
12008
12013
12014
12016
12034
12041
12017
12034
12034
12041
12045
12051
12052
12064
12065
12066
12077
12079
12083
12091
12095
12104
12143
12086
12095
12095
12106
12111
12112
12140
12179
12199
12213
12222
12218
12228
12247
12295
12275
12317
12111
12127
12163
12186
12213
12223
12251
12269
12287
12236
12291
12304
12316
12323
12343
12344
12367
12368
12372
12012
12036
12057
12066
12084
12089
12115
12122
12140
12069
12072
12102
12148
12158
12189
12169
12191
12198
12187
12212
12214
12233
12240
12241
12242
12256
12257
12348
12283
12376
12380
12403
12414
12269
12373
12388
12366
12387
12392
12377
12381
12383
12387
12388
12393
12398
12405
12416
12418
12425
12402
12420
12428
12433
12438
12442
12443
12444
12444
12457
12460
12460
12505
12546
12634
12636
12681
12691
12718
12718
12785
12802
12845
12851
12919
12460
12463
12464
12468
12469
12478
12480
12492
12494
12509
12497
12516
12498
12499
12501
12510
12517
12517
12518
12520
12521
12524
12533
12533
12535
12537
12553
12576
12582
12593
12605
12619
12632
12697
12714
12639
12679
12719
12740
12690
12749
12763
12764
12785
12787
12584
12695
12632
12660
12729
12750
12789
12793
12800
12809
12826
12833
12855
12886
12891
12859
12868
12884
12897
12901
12591
12594
12613
12630
12646
12650
12656
12741
12675
12744
12776
12802
12823
12812
12831
12912
12927
12928
12934
12954
12954
12958
12600
12648
12659
12662
12678
12685
12687
12709
12712
12733
12741
12753
12772
12800
12801
12809
12694
12732
12709
12737
12771
12774
12795
12820
12886
12890
12830
12842
12865
12877
12945
12965
12975
12986
12851
12958
12985
12966
12973
12997
13014
13016
13022
13024
13025
13028
13025
13030
13032
13032
13038
13035
13041
13047
13083
13054
13059
13098
13104
13120
13122
13135
13074
13101
13102
13102
13111
13118
13133
13130
13135
13141
13146
13147
13149
12883
12957
12890
12922
12974
12936
12988
12988
13020
13038
12993
13048
13147
13018
13086
13162
13151
13169
13170
13173
13171
13174
13174
13177
13181
13174
13188
13189
13194
13196
13198
13199
13220
13224
13225
13226
13235
13241
13245
13246
13258
13260
12054
12055
12074
12081
12083
12083
12101
12105
12124
12145
12074
12094
12104
12110
12133
12143
12150
12118
12149
12163
12165
12185
12189
12191
12191
12217
12268
12239
12267
12354
12387
12417
12194
12234
12269
12386
12421
12502
12522
12196
12225
12234
12255
12261
12270
12311
12339
12297
12498
12538
12574
12160
12173
12178
12214
12243
12311
12263
12305
12316
12319
12321
12323
12333
12343
12343
12377
12386
12427
12417
12446
12452
12482
12482
12501
12561
12563
12570
12581
12576
12594
12602
12603
12358
12360
12384
12414
12429
12469
12441
12503
12526
12545
12442
12454
12492
12499
12548
12575
12589
12662
12469
12490
12503
12520
12621
12641
12520
12604
12607
12558
12595
12648
12679
12708
12659
12670
12668
12678
12680
12683
12695
12696
12700
12721
12727
12621
12639
12663
12718
12736
12737
12740
12759
12740
12747
12749
12750
12750
12753
12809
12771
12820
12823
12761
12779
12863
12883
12915
12918
12825
12979
12991
12932
13024
13041
13045
13047
12971
13043
13101
13132
12829
12851
12858
12871
12880
12881
12905
12960
13017
13104
13040
13070
13112
13147
13071
13133
13151
13180
13181
13208
13212
13208
13217
13222
13222
12883
12897
12911
12921
12926
12931
12969
13049
13105
13174
12956
12970
12973
13098
13089
13162
13179
13193
13092
13110
13206
13234
13219
13220
13239
13252
13272
13272
13279
13283
13302
13301
13303
13314
13357
13410
13434
13481
13549
13559
13232
13262
13271
13250
13286
13251
13354
13261
13370
13261
13295
13301
13393
13270
13272
13274
13309
13391
13407
13441
13437
13444
13455
13456
13457
13464
13273
13295
13300
13300
13303
13306
13308
13310
13334
13314
13369
13371
13319
13324
13387
13348
13354
13387
13387
13391
13401
13466
13474
13474
13484
13487
13491
13491
13492
13497
13390
13399
13436
13439
13490
13500
13506
13513
13570
13512
13514
13519
13547
13548
13521
13543
13554
13561
13574
13575
13576
13585
13585
13585
13589
13593
13594
13602
13590
13603
13609
13612
13612
13617
13619
13630
13632
13590
13596
13619
13624
13627
13628
13633
13639
13651
13652
13646
13665
13646
13668
13674
13674
13678
13680
13303
13308
13311
13331
13336
13320
13338
13338
13343
13349
13355
13356
13361
13363
13378
13381
13388
13390
13394
13397
13402
13441
13445
13454
13468
13492
13459
13489
13495
13497
13511
13525
13529
13529
13531
13539
13560
13541
13560
13565
13570
13572
13583
13594
13601
13614
13771
13696
13697
13709
13745
13750
13791
13883
13624
13628
13636
13636
13641
13646
13647
13649
13665
13675
13685
13682
13685
13687
13690
13693
13686
13690
13691
13692
13694
13696
13698
13701
13702
13705
13706
13711
13744
13748
13764
13764
13769
13712
13740
13777
13781
13760
13781
13788
13792
13794
13870
13962
14054
14072
14099
13713
13727
13728
13730
13734
13739
13740
13747
13748
13749
13751
13762
13764
13789
13791
13785
13962
13965
14182
13773
14071
14091
14096
14134
14165
14213
14254
14302
13789
14352
14373
14375
14400
13875
13966
13967
14411
14061
14303
14311
14395
14413
14503
14518
14531
14582
14641
14996
14697
14742
15034
14862
14919
14932
15044
15086
14420
14431
14437
14468
14516
14826
14829
14749
15094
15128
15205
15213
15223
15159
15295
15309
15546
15564
15586
15665
15716
15738
15755
15757
15759
14511
14523
14540
14548
14686
14724
14927
14962
15284
15284
15339
15343
15387
15676
14859
14873
15325
15122
15131
15524
15301
15574
15363
15579
15559
15643
15770
15811
15815
15861
13794
13796
13796
13797
13806
13836
13812
13815
13843
13848
13854
13847
13850
13857
13858
13859
13860
13870
13875
13879
13809
13818
13821
13821
13831
13846
13852
13869
13845
13846
13846
13854
13873
13890
13898
13922
13931
13895
13898
13920
13930
13935
13899
13904
13916
13936
13937
13871
13875
13897
13898
13898
13934
13938
13943
13938
13944
13945
13948
13950
13952
13951
13957
13961
13953
13953
13954
13965
13970
13980
13988
13958
13973
13987
13987
13991
13995
13996
13996
13999
14003
14004
14010
14013
14016
14021
14037
14053
14022
14027
14033
14034
14056
14059
14064
14066
14029
14029
14029
14037
14057
14069
14070
14070
14047
14074
14061
14096
14066
14150
14072
14079
14082
14172
14077
14093
14109
14121
14139
14176
14188
14170
14187
14199
14215
14232
14253
14267
14084
14085
14086
14092
14098
14106
14112
14124
14125
14117
14125
14128
14129
14149
14155
14155
14155
14187
14239
14197
14206
14257
14268
14271
14314
14333
14285
14304
14307
14346
14132
14155
14185
14156
14186
14203
14180
14187
14238
14335
14227
14344
14349
14353
14358
14358
14359
14359
14371
14376
14364
14385
14387
14394
14397
14366
14404
14414
14417
14024
14085
14069
14103
14117
14126
14198
14221
14339
14452
14232
14235
14310
14420
14436
14438
14448
14457
14239
14421
14426
14462
14468
14486
14488
14490
14083
14108
14187
14431
14460
14500
14513
14497
14500
14521
14534
14534
14562
14573
14589
14596
14602
14603
14614
14618
14618
14619
14605
14626
14631
14651
14500
14531
14660
14672
14693
14700
14708
14720
14731
14733
14739
14760
14768
14780
14780
14814
14816
14819
14832
14836
14868
14877
14820
14860
14894
14905
14919
14921
14993
15014
14950
14955
14975
14959
15015
15017
15019
15027
15051
15063
15079
14529
14569
14572
14573
14693
14708
14714
14716
14742
14755
14768
14780
14791
14819
14830
14837
14570
14583
14619
14782
14895
14932
14863
14863
14955
14771
14863
14886
14956
14977
14992
14997
15032
15068
15072
14874
14951
14984
15049
15073
15082
15155
15173
15083
15097
15102
15103
15116
15117
15118
15125
15139
15139
15142
15155
15163
15175
15185
15193
15212
15226
15246
15200
15247
15209
15324
15252
15327
15218
15239
15294
15328
15347
15249
15259
15283
15347
15348
15368
15371
15395
15403
15431
15271
15293
15312
15307
15344
15350
15384
15351
15366
15373
15383
15405
15406
15408
15427
15430
15453
15461
15461
15471
15475
15436
15441
15476
15477
15495
15484
15502
15502
15505
15497
15506
15514
15530
15545
15526
15546
15548
15555
15559
15555
15556
15563
15563
15572
15575
15576
15578
15583
15584
15591
15588
15592
15593
14207
14209
14216
14229
14244
14248
14224
14230
14243
14250
14252
14260
14230
14232
14235
14238
14250
14254
14262
14278
14272
14276
14278
14306
14309
14325
14329
14363
14267
14282
14289
14313
14341
14343
14366
14389
14423
14377
14481
14384
14498
14510
14410
14418
14455
14464
14446
14602
14486
14525
14536
14554
14554
14565
14584
14611
14387
14592
14615
14617
14619
14648
14466
14665
14676
14689
14691
14707
14702
14738
14732
14748
14756
14758
14764
14785
14790
14794
14808
14828
14843
14832
14852
14837
14877
14687
14705
14715
14717
14724
14738
14803
14804
14831
14840
14902
14862
14918
14962
14972
15161
15297
15307
15329
15391
15374
15406
15413
15427
15514
14868
14879
14886
14887
14897
15060
15076
15106
15124
15145
15193
14922
14961
14984
15019
15023
15047
15052
15060
15168
15275
15345
15363
15395
15407
15437
15453
15551
15562
15571
15600
15604
15642
15655
15659
15505
15551
15560
15589
15602
15630
15666
15625
15653
15676
15687
15689
15704
15731
15741
15751
15764
15780
15794
14897
14948
15136
15042
15121
15177
15237
14905
14947
14981
15074
15228
15292
15329
14946
15022
15151
15029
15160
15189
15308
15363
15316
15469
15559
15594
15334
15398
15420
15369
15446
15500
15593
15604
15439
15485
15614
15629
15633
15639
15673
15679
15681
15692
15692
15744
15672
15715
15745
15748
15758
15766
15769
15685
15724
15749
15763
15802
15806
15808
15810
15812
15821
15823
15823
15830
15836
15837
14290
14303
14564
14619
14658
14497
14553
14578
14722
14765
14420
14440
14441
14525
14529
14583
14649
14805
14806
14309
14320
14324
14337
14338
14363
14349
14405
14412
14445
14468
14495
14559
14703
14725
14743
14748
14762
14808
14415
14513
14705
14735
14756
14552
14614
14758
14689
14787
14824
14828
14851
14833
14834
14849
14853
14856
14856
14858
14873
14860
14873
14875
14907
14932
14969
14891
14909
14917
14923
14927
14937
14944
14916
14946
14952
14961
14972
14984
14984
14970
15001
15013
15015
15022
15043
15127
15066
15079
15130
15134
15195
15208
15209
14984
14987
15002
15005
15008
15009
15073
15093
15137
15229
15230
15234
15245
15257
15031
15032
15045
15076
15103
15120
15125
15080
15140
15176
15191
15087
15107
15134
15134
15134
15222
15225
15225
15244
15247
15250
15262
15265
15280
15348
15430
15480
15529
15529
15535
15611
15616
15617
15652
15660
15671
15700
15778
15830
15855
15876
15887
15282
15289
15292
15300
15321
15344
15346
15363
15381
15412
15382
15388
15393
15396
15426
15438
15443
15466
15471
15479
15485
15525
15536
15571
15592
15609
15615
15616
15503
15508
15509
15527
15575
15587
15624
15626
15642
15710
15732
15633
15641
15665
15667
15691
15669
15677
15685
15709
15721
15735
15741
15525
15549
15561
15568
15581
15610
15612
15641
15652
15665
15689
15719
15739
15751
15757
15761
15769
15781
15775
15871
15887
15763
15795
15848
15886
15890
15893
15843
15903
15844
15863
15913
15856
15857
15869
15919
15926
15926
15933
15937
15939
15939
15934
15942
15948
15957
15967
15968
15950
15961
15972
15956
15978
15958
15964
15978
15983
15766
15784
15799
15803
15804
15856
15821
15849
15859
15874
15880
15912
15869
15876
15897
15917
15930
15930
15947
15873
15908
15908
15911
15916
15904
15911
15955
15955
15955
15956
15957
15961
15963
15965
15968
15973
15981
15986
15993
15983
15988
15993
15992
15993
15997
15998
15999
arquivo ordenado pelo algoritmo quicksort tempo da ordenação = 0 nanosegundos

