0
3
3
5
10
9
10
11
16
19
22
25
12
12
23
21
31
31
33
13
14
15
16
34
36
34
38
40
40
41
41
48
45
46
48
50
55
58
59
59
59
61
64
68
68
69
69
72
72
80
81
82
74
74
75
79
81
82
83
11
16
26
30
33
38
40
42
41
45
46
47
57
63
65
67
67
71
79
80
84
84
82
82
83
85
87
87
88
92
94
97
89
89
92
99
100
101
92
98
103
103
104
102
107
111
108
109
113
114
115
115
115
118
118
118
120
120
121
123
125
127
128
128
132
133
133
135
136
136
139
137
148
150
151
134
135
136
154
156
144
156
160
161
152
160
164
162
165
165
167
138
149
150
165
167
168
168
168
170
170
171
172
173
174
175
175
175
175
176
176
177
179
180
181
181
182
183
187
190
188
191
189
194
197
198
198
102
118
126
127
130
137
135
135
147
175
154
155
161
178
199
199
172
186
209
211
212
214
214
216
201
204
205
206
204
210
212
213
214
215
217
217
220
224
226
224
224
227
228
231
225
235
235
236
237
238
240
236
241
237
237
245
242
244
245
245
245
247
252
248
250
250
251
251
252
253
253
255
258
258
259
260
269
271
272
261
261
263
264
265
274
266
266
269
271
276
276
276
277
277
278
278
280
282
285
290
279
282
282
283
284
285
286
292
295
287
289
290
292
294
297
298
298
299
300
300
300
302
302
302
294
297
304
303
307
305
306
307
307
308
309
312
314
316
316
316
317
318
319
321
325
326
329
331
358
349
385
333
342
404
325
325
334
331
336
348
338
374
350
413
341
370
418
426
449
469
358
368
379
381
394
395
396
361
369
377
390
390
399
403
405
410
414
417
418
408
418
420
421
419
428
431
424
433
434
442
436
440
441
442
444
454
469
472
477
477
446
447
447
460
468
452
471
457
458
459
471
466
472
483
492
493
479
491
499
501
473
475
474
477
481
481
483
483
487
495
498
495
501
508
509
512
519
521
522
525
531
498
512
514
526
534
538
541
535
537
540
545
545
548
549
549
559
569
584
585
580
588
550
551
551
554
562
571
552
552
575
577
579
587
575
604
611
611
616
616
622
624
640
623
638
643
621
635
638
647
652
654
658
659
664
665
672
673
675
553
554
559
570
586
587
622
632
600
603
606
637
582
582
592
606
607
612
614
615
642
656
616
619
624
626
641
643
686
644
644
649
691
690
694
686
695
695
701
701
701
702
703
705
724
705
731
717
739
739
750
767
772
780
798
801
817
858
807
809
848
850
872
873
874
878
880
887
647
649
692
794
678
679
685
687
847
855
1131
996
1036
1192
860
1004
1153
1214
1155
1171
1313
1329
888
889
928
1035
953
1174
1053
1102
1250
1331
914
921
935
937
938
939
939
945
982
1026
1031
1053
1058
945
1046
1055
1096
1117
1144
1151
1142
1174
1185
1192
1211
1217
1221
1251
1279
1321
1332
1281
1292
1345
1322
1374
1378
1380
1413
1416
1433
1396
1404
1430
1434
1466
1479
1428
1442
1487
1502
1529
1535
701
706
702
711
712
712
713
717
722
725
726
727
727
730
731
733
733
736
739
742
780
737
755
780
790
790
805
749
759
795
819
827
784
805
829
836
842
848
848
861
867
868
871
752
763
781
764
770
785
800
804
806
806
811
817
813
824
824
829
830
832
843
857
872
858
863
886
864
874
881
884
890
833
848
859
864
869
893
895
896
901
902
903
905
906
908
909
914
905
909
917
924
926
930
925
932
935
937
951
955
939
943
952
951
953
954
956
961
973
984
985
1001
1001
962
962
962
966
967
970
1001
976
982
1007
1009
968
975
975
976
982
983
985
989
993
998
1003
1010
1011
1016
1020
1054
1056
1092
1097
1106
1109
1113
1117
1121
1127
1127
1125
1130
1139
1139
1141
1142
1152
1162
1012
1015
1015
1019
1023
1024
1030
1031
1040
1042
1050
1054
1065
1068
1081
1088
1094
1061
1076
1100
1093
1097
1107
1111
1127
1123
1125
1133
1137
1142
1143
1145
1159
1149
1152
1160
1164
1165
1166
1167
1144
1166
1169
1173
1177
1177
1180
1181
1181
1181
1023
1028
1056
1068
1117
1117
1121
1155
1136
1182
1182
1187
1187
1187
1191
1197
1203
1214
1227
1235
1241
1260
1265
1274
1272
1288
1309
1310
1320
1350
1354
1338
1361
1364
1242
1243
1285
1294
1298
1343
1385
1318
1319
1322
1354
1334
1351
1353
1364
1386
1395
1401
1406
1410
1410
1410
1415
1455
1459
1486
1419
1434
1433
1454
1447
1463
1500
1504
1512
1515
1550
1570
1576
1643
1668
1659
1670
1523
1557
1558
1574
1615
1625
1643
1645
1681
1684
1687
1698
1701
1192
1196
1197
1198
1205
1206
1215
1218
1220
1224
1226
1237
1255
1257
1281
1292
1300
1279
1280
1310
1374
1419
1424
1442
1447
1243
1257
1260
1273
1274
1363
1363
1282
1329
1337
1367
1418
1416
1449
1430
1446
1444
1471
1474
1477
1482
1483
1501
1524
1508
1528
1537
1538
1314
1317
1334
1346
1350
1361
1369
1319
1325
1330
1321
1338
1394
1371
1395
1397
1399
1402
1405
1407
1416
1424
1447
1449
1476
1502
1502
1506
1533
1537
1547
1547
1548
1402
1414
1426
1437
1463
1563
1521
1540
1558
1522
1549
1561
1563
1573
1573
1580
1582
1598
1603
1605
1622
1611
1617
1661
1623
1628
1634
1640
1666
1228
1254
1266
1268
1272
1279
1296
1299
1299
1301
1318
1323
1344
1354
1393
1402
1356
1408
1409
1373
1432
1449
1453
1459
1539
1554
1633
1572
1655
1671
1678
1679
1681
1687
1696
1494
1494
1576
1668
1543
1640
1670
1651
1705
1710
1730
1683
1683
1686
1688
1690
1685
1687
1691
1693
1693
1695
1715
1725
1700
1717
1717
1717
1722
1738
1739
1724
1728
1731
1740
1749
1751
1755
1758
1759
1761
1762
1762
1764
1765
1766
1769
1770
1771
1772
1773
1776
1770
1770
1778
1779
1782
1787
1787
1793
1777
1782
1796
1796
1799
1805
1805
1808
1810
1811
1816
1817
1818
1820
1820
1821
1578
1583
1594
1598
1612
1625
1659
1663
1671
1699
1716
1723
1743
1744
1750
1758
1768
1773
1799
1815
1828
1593
1600
1629
1653
1736
1657
1671
1734
1749
1771
1822
1825
1829
1831
1835
1838
1842
1844
1855
1858
1724
1811
1817
1816
1834
1869
1871
1874
1888
1902
1906
1903
1907
1909
1930
1932
1939
1947
1878
1889
1895
1897
1884
1903
1924
1899
1911
1917
1906
1936
1931
1946
1950
1951
1951
1951
1952
1953
1954
1955
1849
1855
1874
1875
1875
1887
1887
1892
1895
1902
1906
1916
1899
1914
1918
1920
1941
1924
1938
1942
1932
1938
1940
1947
1955
1955
1956
1957
1958
1958
1959
1959
1969
1961
1970
1974
1975
1977
1990
1980
1986
1988
1992
2000
1958
1961
1964
1966
1972
1995
1995
2001
2001
2003
2003
2005
2005
2005
2009
2009
2014
2015
2015
2017
2023
2023
2024
2028
2044
2046
2024
2028
2049
2049
2053
1986
1996
1997
1998
1999
2002
2006
2007
2023
2032
2037
2040
2040
2042
2046
2048
2052
2075
2076
2054
2057
2058
2065
2061
2066
2073
2061
2061
2061
2062
2070
2078
2078
2081
2087
2096
2104
2104
2109
2113
2118
2125
2063
2067
2071
2072
2076
2089
2078
2090
2079
2097
2100
2101
2102
2104
2111
2112
2113
2114
2116
2117
2121
2123
2124
2127
2125
2128
2130
2132
2132
2138
2139
2140
334
339
343
349
359
372
392
346
359
397
399
403
404
418
349
410
431
441
446
475
484
485
488
362
366
366
379
410
419
464
474
474
482
496
501
521
553
385
396
405
410
432
458
483
488
498
508
444
465
468
475
499
540
556
558
577
593
594
602
604
598
621
521
535
570
614
629
557
558
639
598
649
664
706
644
651
659
673
673
679
684
674
680
706
708
718
726
727
755
757
415
459
493
492
517
519
557
575
591
612
623
643
661
679
734
789
536
537
543
572
581
604
689
706
806
943
946
1017
760
765
765
775
775
775
789
832
833
843
861
930
1015
1029
1083
1124
785
795
814
797
810
833
870
877
890
903
978
1043
1047
1151
1174
1180
1181
1194
1209
1221
1294
1317
1349
1136
1148
1151
1202
1254
1260
1179
1219
1294
1295
1299
1237
1247
1306
1320
1355
363
378
401
388
425
437
382
408
427
429
458
413
414
437
474
459
461
467
484
442
485
485
563
574
491
496
523
524
525
583
655
504
517
527
536
551
618
633
647
656
657
675
659
678
722
679
679
723
724
738
739
749
771
583
631
701
748
751
778
836
846
866
1151
871
879
1013
1120
1219
910
995
1105
1187
1285
1320
801
802
838
838
846
961
977
1037
1037
959
1091
1254
1330
1330
1334
1337
1348
1384
1388
1425
1443
1464
1468
1471
1481
1540
1598
1550
1589
1612
1619
1582
1591
1645
1040
1325
1170
1395
1406
1412
1455
1460
1472
1511
1535
1540
1580
1600
1544
1584
1601
1551
1555
1571
1654
1620
1632
1636
1632
1658
1634
1678
1688
1692
1708
1706
1711
1721
1725
1729
1731
1734
1777
1723
1747
1756
1786
1787
1794
1819
1824
1837
1873
1855
1894
1894
1905
1936
1938
1940
1947
1973
1909
1924
1941
1941
1953
1978
2038
659
659
659
659
685
696
704
699
711
717
722
736
747
766
750
772
764
780
796
800
813
829
848
849
855
800
866
875
802
872
880
881
892
908
930
910
914
924
926
932
936
937
942
944
946
946
953
991
1001
1013
1086
1025
1089
1124
1140
1168
1174
1229
1118
1200
1240
1241
1253
1259
1296
1314
1338
1359
959
960
966
976
997
997
1016
1037
1044
1059
1062
1066
1093
1123
1125
1140
1308
1367
1163
1198
1260
1281
1388
1509
1047
1050
1059
1116
1130
1271
1311
1340
1194
1270
1304
1361
1442
1447
1479
1512
1547
1559
1022
1053
1061
1076
1102
1104
1194
1226
1376
1088
1267
1297
1306
1445
1561
1578
1581
1600
1809
1618
1621
1629
1634
1636
1641
1667
1682
1695
1707
1712
1724
1745
1746
1761
1775
1789
1827
1840
1863
1871
1259
1297
1311
1708
1883
1888
1914
1921
1925
1938
1945
1951
1960
1998
2002
2048
2020
2024
2056
2102
2116
2121
2122
2134
2037
2074
2080
2102
2113
2055
2102
2115
2141
2142
2146
2144
2145
2151
2153
2156
2158
2160
2162
2168
2171
2171
2174
2154
2156
2162
2162
2167
2172
2178
2183
2183
2184
2190
2192
2194
2200
2204
2204
2205
2208
2208
2171
2177
2179
2187
2192
2197
2204
2209
2209
2209
2214
2217
2217
1399
1400
1403
1406
1425
1432
1457
1428
1451
1462
1463
1492
1492
1534
1499
1517
1538
1650
1671
1708
1726
1557
1606
1692
1719
1738
1749
1587
1589
1630
1709
1717
1730
1750
1750
1762
1774
1803
1809
1833
1840
1845
1926
1928
1855
1904
1947
1950
1954
1955
1956
1959
1975
1974
1988
2033
2043
1995
2002
2014
2036
2010
2016
2042
2046
1534
1559
1572
1592
1616
1605
1634
1683
1684
1697
1699
1703
1710
1717
1728
1745
1833
1852
1868
2078
1894
2081
2084
1795
1816
1817
1824
1891
1920
1925
2064
1939
2141
2149
2160
2164
2172
1952
2071
2110
2119
2123
2124
2128
2144
2152
2154
2182
2189
2197
2219
2226
2232
2162
2207
2226
2234
2262
2269
2175
2199
2200
2194
2196
2206
2207
2210
2212
2213
2214
2216
2218
2235
2218
2237
2226
2247
2226
2236
2240
2242
2248
2249
2256
2219
2219
2221
2221
2222
2222
2224
2227
2228
2228
2231
2232
2232
2241
2242
2241
2258
2256
2259
2262
2233
2233
2238
2254
2257
2263
2275
2269
2272
2276
2277
2236
2245
2258
2259
2261
2266
2268
2270
2271
2277
2280
2282
2288
2290
2273
2273
2276
2281
2281
2288
2294
2298
2296
2302
2302
2304
2306
2307
2309
2264
2272
2274
2275
2278
2278
2281
2281
2283
2285
2286
2300
2303
2301
2306
2311
2313
2318
2321
2307
2313
2318
2322
2323
2312
2314
2316
2325
2324
2324
2329
2329
2330
2330
2331
2334
2334
2335
2336
2339
2340
2342
2343
2344
2345
2345
2345
2347
2348
2348
2348
2351
2351
2353
2354
2356
2361
2348
2349
2352
2353
2354
2356
2362
2362
950
952
983
956
985
995
1006
1014
1023
1031
1023
1042
1053
1137
1060
1075
1084
1087
1087
1091
1123
1173
1174
1181
1186
1197
1088
1166
1233
1234
1236
1247
1256
1258
1265
1064
1084
1112
1112
1133
1156
1158
1182
1192
1200
1266
1271
1284
1286
1289
1310
1310
1315
1321
1351
1361
1534
1312
1334
1348
1450
1545
1628
1767
1866
1879
1883
1908
1995
1369
1377
1389
1405
1442
1457
1479
1545
1562
1577
1596
1412
1434
1597
1617
1415
1452
1496
1531
1576
1627
1636
1649
1651
1657
1658
1690
1708
1717
1781
1789
1801
1735
1746
1760
1808
1809
1809
1821
1824
1875
1894
1916
1825
1854
1859
1859
1931
1950
1972
1989
2009
2026
1920
1935
2030
2032
2033
2033
2075
2075
2056
2063
2070
2077
2092
2087
2092
2095
2109
2120
2157
2158
2168
2175
2187
2190
2181
2194
2196
2223
2256
2267
2292
1778
1822
1954
2005
2110
2170
2218
2238
2250
2368
2370
2378
2293
2373
2375
2298
2306
2316
2375
2381
2340
2348
2371
2383
2361
2363
2363
2365
2369
2363
2370
2365
2366
2368
2368
2376
2385
2386
2388
2392
2393
2396
2376
2376
2378
2384
2397
2379
2383
2397
2388
2389
2408
2411
2414
2419
2444
2416
2425
2422
2427
2431
2436
2436
2438
2439
2440
2441
2447
2424
2445
2459
2480
2508
2429
2484
2431
2445
2490
2545
2485
2496
2497
2500
2500
2512
2516
2556
2557
2562
2567
2583
2590
2591
2593
2451
2454
2454
2458
2461
2465
2466
2468
2468
2473
2470
2470
2475
2496
2503
2511
2513
2545
2547
2476
2479
2480
2496
2509
2512
2550
2551
2562
2485
2492
2505
2510
2540
2564
2565
2582
2599
2572
2633
2579
2604
2606
2621
2624
2627
2628
2635
2645
2666
2598
2599
2610
2619
2623
2631
2631
2639
2649
2654
2655
2643
2668
2680
2686
2689
2667
2690
2721
2725
2676
2698
2699
2691
2703
2716
2733
2747
2758
2678
2684
2687
2697
2699
2707
2707
2710
2721
2736
2759
2767
2778
2779
2710
2717
2731
2751
2773
2755
2758
2771
2779
2775
2781
2784
2785
2795
2802
2804
2803
2806
2807
2820
2821
2808
2811
2813
2821
2825
2828
2829
2384
2385
2391
2395
2391
2393
2393
2394
2397
2394
2400
2406
2401
2404
2407
2405
2410
2407
2408
2412
2413
2413
2415
2419
2423
2424
2424
2424
2424
2428
2431
2438
2438
2439
2457
2461
2470
2484
2490
2506
2427
2428
2453
2460
2467
2469
2480
2491
2497
2508
2438
2460
2471
2473
2478
2481
2491
2501
2512
2525
2526
2529
2532
2533
2537
2538
2540
2480
2486
2497
2499
2503
2504
2531
2549
2557
2558
2559
2561
2562
2563
2579
2580
2581
2600
2584
2594
2601
2605
2607
2608
2612
2616
2620
2623
2630
2635
2617
2638
2651
2658
2663
2688
2690
2692
2694
2694
2695
2706
2716
2708
2708
2717
2722
2433
2437
2440
2441
2447
2453
2454
2466
2484
2500
2508
2517
2517
2523
2549
2553
2557
2571
2558
2571
2572
2576
2583
2596
2599
2603
2605
2608
2613
2613
2650
2745
2480
2481
2528
2566
2585
2606
2633
2672
2676
2715
2720
2729
2734
2759
2767
2778
2764
2779
2781
2788
2783
2789
2793
2796
2799
2485
2491
2494
2511
2523
2589
2597
2624
2637
2707
2569
2597
2613
2618
2654
2675
2703
2723
2723
2724
2745
2757
2773
2775
2786
2798
2806
2812
2821
2822
2838
2818
2854
2855
2856
2858
2822
2835
2845
2829
2831
2859
2866
2867
2871
2872
2614
2623
2625
2630
2638
2639
2651
2657
2665
2625
2672
2682
2711
2717
2719
2725
2725
2698
2710
2711
2723
2724
2728
2753
2732
2739
2742
2762
2770
2771
2772
2776
2785
2787
2802
2815
2815
2821
2793
2794
2799
2829
2838
2846
2848
2867
2882
2872
2873
2882
2886
2748
2748
2830
2782
2797
2832
2845
2861
2878
2882
2885
2844
2852
2873
2889
2890
2890
2892
2893
2894
2846
2852
2852
2856
2877
2879
2894
2905
2871
2882
2885
2890
2894
2899
2889
2897
2900
2903
2906
2908
3297
2891
2893
3327
2910
3779
5893
4076
4448
4493
5355
5143
5753
5918
2892
2900
2906
2894
2903
2910
3107
5173
5714
5780
6330
6368
6445
6586
6613
7067
7436
2480
2491
2503
2506
2528
2526
2531
2584
2618
2538
2578
2594
2595
2597
2598
2607
2654
2610
2664
2690
2697
2705
2680
2685
2693
2709
2723
2694
2701
2704
2743
2750
2755
2758
2758
2760
2762
2767
2775
2785
2646
2657
2700
2720
2794
2797
2783
2785
2790
2795
2801
2804
2821
2822
2826
2837
2842
2848
2854
2859
2880
2882
2885
2890
2952
2893
3012
2912
2939
3146
3193
2942
2951
2995
3006
3046
3048
3063
3079
3093
3050
3121
3128
3135
3158
3115
3177
3232
3291
3240
3260
3353
3401
3415
3461
3192
3257
3297
3403
3448
3460
3462
3475
3499
3513
3514
3529
3539
3578
3678
3687
3692
3741
3726
3735
3810
3744
3838
3877
3884
3910
3273
3342
3363
3458
3459
3557
3674
3766
3599
3651
3815
3819
3843
3935
3936
3951
3951
3973
3998
4035
4138
4187
4281
4341
4365
3648
3675
3685
3687
3725
3744
3784
3908
3913
3942
3969
4011
4019
4058
4112
4145
4163
4172
4173
4226
4229
4236
4288
4310
4376
4447
4406
4483
4552
4558
4596
4447
4602
4614
4616
4705
4565
4587
4605
4606
4626
4648
4708
4347
4359
4694
4731
4731
4746
4764
4773
4801
4806
4823
4831
4848
4857
4899
5070
5164
5083
5319
5348
5382
5394
4895
4922
4931
5046
4906
4928
5213
5409
5486
5637
5645
5649
5690
4935
4988
5002
4996
5075
5164
5135
5203
5248
5265
5317
5348
5371
5419
5528
5557
5593
5604
5695
5725
5749
5745
5753
5781
5756
5777
5797
5801
4996
5058
5263
5268
5309
5329
5458
5482
5487
5523
5578
5600
5700
5541
5713
5806
5830
5844
5879
5885
5900
5909
5927
5963
5979
5992
5993
5996
6005
6073
6098
6116
6107
6121
6121
6137
6174
5989
6056
6092
6156
6239
6262
6180
6192
6224
6228
6282
6290
6299
6302
6322
6323
6332
6334
6344
6363
6372
6376
6380
6394
6403
2829
2847
2852
2853
2856
2868
2868
2860
2868
2937
2882
2911
2942
2955
2985
3010
2936
2990
3042
3072
3098
3116
3142
3160
3183
3231
3229
3237
3257
3250
3271
3286
4138
3307
3356
4345
4606
3282
3744
4431
3385
3415
3647
3700
4649
4902
3835
4076
4099
4234
4439
5295
5722
5737
4478
4543
4585
4621
5173
5626
5617
5832
5780
5847
4596
4777
5018
4823
4862
4901
5757
5859
5866
5867
5885
6010
5996
6063
6063
6074
6170
6187
3577
3746
4004
4136
4631
4299
4838
5044
5187
5215
5229
6029
5270
5505
6331
5612
6184
6337
6409
5585
5649
6414
6475
6585
6589
6636
6744
5718
5826
6246
6340
6473
6487
6490
6504
6530
6339
6538
6558
6562
6583
6660
6661
6697
6705
6721
6736
6754
6761
6768
6781
6790
6820
6826
6852
6888
6826
6889
6894
6907
6947
6918
6981
6999
6938
7002
7005
6971
7002
7021
7085
7096
7101
7126
7148
3409
3456
3484
3484
3490
3497
3563
3594
3629
3807
3721
3729
3746
3771
3815
3917
3940
3952
3783
3809
3827
3827
3848
3945
3948
4027
4035
4043
3949
4046
4047
4064
4068
4119
4081
4131
4085
4110
4134
4153
4211
4243
4245
4255
4287
4316
4379
4451
4469
4507
4519
4528
4535
4548
4575
4592
4621
4380
4392
4497
4632
5387
5391
5439
4822
4828
5041
5106
5421
5601
5753
5962
5821
6088
6241
6315
4642
4836
4839
4879
4975
4978
4999
5026
5059
5088
5100
5276
5407
5541
4873
4951
4951
5333
4934
4946
5325
5422
5025
5194
5381
5493
5534
5588
5610
5423
5612
5665
5776
5705
5778
5713
5804
5808
5851
5862
5937
5955
6056
6097
6138
6207
6269
6284
5453
5529
5722
5726
5759
5817
5826
5838
5854
6069
6314
6322
6125
6343
6290
6384
6436
6354
6372
6383
6404
6438
6439
6467
6477
6524
6539
6539
6534
6534
6653
6544
6569
6579
6580
6585
6631
6647
6664
6672
6675
6790
6829
6938
7006
6614
6621
6812
6909
6950
7006
7016
7032
7035
7052
7054
7062
7117
6663
6663
6673
6758
6830
6830
6864
6882
6994
7019
7029
7102
7126
7141
6640
6733
6767
6791
6816
6862
6866
7160
6875
6962
7018
7181
6986
7010
7159
7173
7183
7191
7192
7197
7200
7230
7238
7279
7211
7243
7346
7348
7388
7246
7310
7373
7376
7389
7397
7404
7443
7455
7207
7211
7216
7248
7222
7251
7285
7331
7344
7356
7363
7343
7415
7468
7496
7465
7498
7503
7507
7406
7458
7495
7458
7507
7513
7528
7559
7564
7693
7576
7616
7634
7715
7717
7720
7760
7779
7787
7835
7841
7848
7539
7575
7599
7621
7629
7634
7655
7664
7668
7670
7674
7689
7685
7707
7722
7727
7742
7770
7799
7837
7854
7856
7864
7865
7905
7914
7868
7919
7901
7923
7963
7970
7973
7902
7969
7974
7976
7402
7428
7471
7473
7479
7512
7538
7574
7577
7585
7522
7566
7615
7639
7658
7696
7709
7734
7755
7432
7546
7577
7798
7823
7602
7775
7822
7861
7898
7760
7760
7780
7906
7906
7943
8047
8059
8104
7918
7976
7978
7991
7981
7996
8003
8025
8029
8034
8090
8115
8036
8053
8103
8106
8055
8089
8121
8133
8098
8110
8123
8149
8153
8154
2911
2911
2913
2917
2917
2919
2919
2921
2921
2922
2924
2925
2926
2931
2933
2934
2935
2936
2946
2943
2946
2948
2950
2933
2943
2951
2959
2959
2952
2953
2954
2961
2962
2963
2964
2952
2952
2953
2955
2958
2960
2960
2963
2966
2967
2967
2976
2977
2977
2978
2981
2984
2999
3012
3010
3014
3027
3032
3054
3058
3044
3047
3068
3072
2986
3003
3003
3007
3012
3013
3042
3063
3073
3075
3076
3076
3081
3089
3014
3017
3018
3015
3017
3021
3054
3063
3070
3076
3082
3092
3099
3084
3102
3102
3106
3103
3104
3105
3108
3108
2966
2969
2970
2975
2979
2981
2981
2983
2986
2988
2989
2991
3011
3016
3018
3028
3035
3036
3036
3041
3046
3051
3057
3064
3029
3035
3045
3060
3069
3075
3085
3097
3087
3098
3101
3103
3104
3110
3114
3116
3118
3001
3014
3003
3016
3020
3023
3026
3036
3037
3044
3047
3069
3055
3071
3081
3119
3119
3121
3127
3126
3137
3139
3145
3129
3136
3149
3138
3140
3145
3151
3152
3159
3161
3163
3166
3167
3169
3172
3181
3169
3181
3183
3186
3187
3080
3104
3114
3124
3126
3131
3132
3153
3190
3173
3178
3188
3194
3179
3182
3187
3193
3197
3198
3128
3129
3164
3176
3178
3181
3181
3136
3138
3141
3191
3144
3182
3192
3152
3175
3200
3201
3205
3215
3239
3271
3244
3250
3278
3247
3252
3265
3280
3284
3286
3295
3201
3263
3270
3304
3310
3326
3346
3361
3357
3362
3364
3365
3381
3383
3385
3404
3405
3402
3414
3416
3419
3428
3429
3440
3443
3444
3444
3456
3206
3206
3208
3210
3210
3210
3213
3213
3213
3216
3223
3216
3217
3219
3222
3223
3228
3231
3238
3234
3238
3242
3238
3251
3253
3255
3258
3278
3278
3279
3281
3281
3281
3282
3288
3289
3297
3307
3384
3399
3295
3299
3301
3306
3309
3315
3319
3355
3321
3324
3325
3327
3328
3330
3331
3358
3365
3370
3363
3372
3372
3375
3379
3379
3385
3387
3386
3402
3412
3392
3418
3420
3413
3416
3422
3423
3425
3427
3428
3430
3433
3435
3438
3439
3439
3431
3447
3447
3448
3449
3453
3455
3460
3465
3466
3466
3469
3469
3469
3472
3473
3474
3479
3482
3487
3491
3494
3498
3511
3509
3512
3517
3521
3525
3527
3527
3469
3473
3494
3543
3551
3566
3552
3556
3561
3593
3594
3605
3608
3596
3622
3632
3634
3635
3639
3640
3652
3652
3654
3656
3659
3668
3674
3698
3699
3705
3212
3213
3221
3231
3213
3237
3238
3242
3222
3234
3245
3246
3270
3272
3263
3273
3288
3290
3300
3318
3320
3322
3324
3340
3342
3231
3234
3235
3257
3286
3287
3313
3338
3270
3275
3292
3330
3342
3288
3304
3319
3338
3351
3362
3367
3385
3387
3388
3410
3429
3463
3483
3500
3504
3366
3371
3387
3369
3393
3406
3370
3378
3385
3420
3421
3423
3425
3432
3434
3444
3445
3449
3468
3474
3454
3455
3459
3472
3493
3503
3504
3507
3507
3516
3540
3546
3551
3521
3550
3552
3553
3564
3565
3585
3594
3598
3610
3620
3621
3621
3622
3662
3599
3690
3707
3709
3717
3718
3723
3723
3725
3727
3732
3755
3734
3749
3751
3767
3767
3758
3795
3810
3816
3758
3775
3783
3803
3822
4597
4630
4905
3835
4001
5279
5660
5827
5848
6018
3630
3670
3679
3705
3690
3729
3736
3843
3939
3946
3969
3969
3982
3984
4132
4014
4137
4154
4060
4095
4077
4159
4219
4270
4280
4283
4315
4331
4346
4355
4409
4416
4421
4798
4911
4980
5032
5104
5150
4444
4485
4515
4572
4574
4736
4894
5093
4706
4752
4854
4835
4930
4935
5115
5240
5253
5283
4098
4117
4201
4125
4205
4210
4232
4255
4286
4331
4452
4481
4460
4484
4515
4553
4523
4568
4578
5610
5765
4916
5338
5392
5448
5624
5817
5853
4581
4769
4775
5012
5172
5176
5296
5337
5698
5748
5931
6004
6074
6083
6176
6181
6236
6236
6357
5209
5424
5521
5601
5613
5467
5489
5688
5697
6007
6979
7120
6003
6030
6095
6104
6113
7243
7316
5654
5924
5956
6045
6218
6142
6269
6376
6693
6757
6985
6994
7130
7144
6529
6798
7496
7122
7763
7501
7614
7524
7812
8054
7563
7872
8103
8213
8370
8455
8465
8149
8191
8201
8244
8260
8262
8276
8566
8586
8623
6244
6280
6310
6410
6441
6552
6594
6640
6651
6753
6782
6897
7138
7352
7361
6962
7004
7031
7218
7359
7391
7393
6458
6461
6506
6518
6577
6629
6648
6755
6758
6771
6830
6938
7008
7057
7062
7246
7347
7381
7427
7375
7451
7560
7464
7487
7521
7538
7559
7671
7717
7759
7773
7568
7588
7599
7687
7691
7728
7809
7815
7834
7910
7862
8058
8072
8083
8174
8176
8177
8188
8218
8245
8257
8278
8300
8314
8316
8323
7962
7992
8094
8171
8221
8311
8316
8321
8327
8344
8377
8346
8384
8403
8407
8408
8414
8437
8443
8539
8494
8504
8548
8616
8523
8617
8646
8650
8657
8655
8662
8663
8664
8449
8467
8473
8501
8619
8545
8629
8667
8680
8739
8701
8736
8804
8711
8715
8735
8754
8755
8737
8741
8753
8781
8798
8813
8828
8836
8842
8842
8002
8014
8016
8057
8037
8112
8126
8151
8221
8336
8442
8452
8463
8487
8522
8545
8576
8620
8621
8657
8650
8747
8768
8773
8762
8855
8939
8983
8985
8808
8814
8834
8844
8871
8871
8885
8917
8886
8897
8917
8929
8942
8945
8948
8949
8951
8957
8952
8962
8963
8959
8994
9004
9034
9039
9042
9050
9050
9064
3849
3852
3864
3867
3875
3882
3883
3884
3886
3892
3868
3876
3893
3901
3896
3902
3907
3916
3929
3934
3940
3945
3960
3943
3973
3990
3980
4001
4006
3947
3951
3967
3989
4001
4007
4008
4009
4016
4030
4034
4049
4066
4067
4070
4071
4071
4073
4079
4082
4087
4092
4111
4150
4170
4272
4305
4310
4314
4319
4348
4098
4232
4247
4267
4325
4116
4180
4243
4300
4333
4179
4193
4248
4323
4334
4380
4393
4396
4192
4221
4236
4244
4334
4335
4356
4374
4379
4419
4421
4496
4333
4406
4419
4436
4401
4442
4450
4453
4455
4460
4478
4480
4504
4517
4518
4520
4525
4525
4526
4530
4534
4570
4572
4611
4544
4628
4574
4595
4635
4647
4647
4649
4653
4658
4693
4699
4717
4729
4733
4733
4755
4758
4762
4768
4800
4830
4110
4133
4138
4160
4178
4205
4210
4217
4228
4329
4366
4363
4370
4378
4228
4263
4309
4365
4418
4430
4378
4378
4403
4470
4474
4117
4129
4137
4168
4230
4483
4485
4488
4508
4517
4556
4567
4584
4588
4626
4696
4708
4759
4831
4847
4863
4902
4945
4993
5033
4626
4627
4672
4708
4772
4806
4830
4864
4883
4903
4639
4878
4911
4925
4754
4764
4932
4869
4936
4875
4877
4894
4949
4937
4952
4957
4957
4958
4959
4975
4990
5006
4964
5014
5017
5017
5036
5047
5047
5066
5066
5066
5085
5077
5095
5098
5108
5116
5119
5122
5126
5139
5148
5150
5151
4211
4344
4457
4690
5156
5157
5181
5182
5185
5197
5202
5217
5228
5229
5232
5238
5240
5253
5260
5244
5264
5263
5267
5270
5272
5275
5279
5284
5298
5307
5375
5452
5703
5740
5659
5805
5516
5723
5744
5795
5830
5301
5304
5312
5321
5309
5331
5333
5335
5524
5545
5592
5541
5622
5807
5364
5374
5384
5399
5400
5426
5457
5461
5551
5604
5698
5728
5822
5834
5863
6006
6018
5464
5609
5644
5678
5724
5787
5931
6020
6024
6026
6034
6060
6075
6075
6097
5380
5387
5388
5435
5446
5449
5459
5486
5512
5513
5529
5550
5564
5567
5602
5658
5664
5670
5816
5817
5827
5858
5720
5732
5786
5752
5823
5839
5880
5881
5886
5901
5917
5921
5972
5988
6055
6162
6184
6125
6163
6183
6186
6194
6202
6184
6197
6205
6218
5390
5489
5453
5454
5456
5463
5513
5546
5548
5559
5581
5583
5611
5794
5877
5916
5921
5910
5910
5919
5918
5988
5991
5587
5614
5666
5680
5688
5713
5758
5846
5867
5868
5924
5977
5978
6002
6030
6046
6066
6088
6094
6416
6249
6290
6323
6342
6571
6618
6642
6031
6061
6049
6116
6119
6144
6238
6125
6200
6232
6282
6155
6168
6238
6284
6219
6289
6320
6249
6282
6284
6328
6334
6551
6638
6790
6798
6831
6303
6770
6844
7136
7182
7195
6967
7052
7090
7109
7134
7292
7332
7364
7366
7433
7442
7446
7505
7584
7594
7685
7729
6344
6368
6359
6359
6365
6368
6373
6386
6441
6544
6552
6571
6582
6601
6663
6633
6682
6684
6767
6693
6870
7003
6423
6426
6471
6515
6521
6532
6629
6784
6788
6778
6785
6795
6806
6815
6852
6931
6946
6967
6976
7018
7046
6391
6441
6516
6529
6553
6544
6559
6573
6747
6763
6557
6615
6648
6773
6731
6794
6794
6437
6438
6446
6466
6471
6477
6492
6522
6545
6545
6546
6576
6596
6616
6623
6640
6829
6909
6920
6952
7070
7111
7117
7120
6669
6686
6692
6695
6696
6698
6708
6729
6735
6766
6845
6769
6781
6795
6840
6842
6904
6942
6943
6945
6967
6971
6994
7002
7003
7024
7022
7098
7112
7114
7135
7140
7143
7235
7141
7393
7951
8071
7148
7148
7159
7159
7162
7165
7173
7175
7169
7179
7195
7197
7201
7223
7226
7239
7240
7253
7256
7261
7278
7282
7282
7314
7241
7265
7251
7266
7280
7289
7336
7337
7337
7371
7420
7396
7461
7464
7465
7481
7506
7517
7531
7312
7330
7335
7373
7433
7438
7337
7347
7377
7353
7398
7557
7561
7589
7698
7702
7404
7432
7437
7442
7443
7448
7471
7449
7478
7491
7502
7661
7702
7773
7790
7817
7848
7815
7838
7867
7893
7763
7965
7965
7973
8034
8064
8065
8190
8264
8316
8327
8395
8400
8459
8471
8508
8483
8484
8485
8512
8526
8619
8619
8630
8638
8690
7983
8027
8295
8365
8402
8405
8048
8218
8254
8339
8409
8507
8410
8550
8576
8589
8593
8655
8677
8705
8725
8774
8778
8809
8813
8816
7488
7497
7508
7541
7550
7559
7545
7559
7562
7572
7586
7588
7598
7631
7656
7660
7665
7673
7592
7606
7677
7697
7708
7742
7759
7772
7775
7782
7815
8759
7967
8151
8306
8262
8437
8434
8607
8832
8847
8857
8903
8933
8963
8963
8970
7681
7684
7689
7710
7733
7742
7743
7746
7753
7766
7768
7771
7803
8130
8213
8291
8352
8500
8533
8685
8885
8888
8910
8931
7778
7807
7830
7833
7856
7884
7901
8092
8181
8269
8399
8464
8526
8749
8928
8618
8635
8878
8944
8948
8961
8989
9004
9009
9014
9018
9019
9057
9064
9068
9071
9072
8042
8045
8063
8070
8123
8156
8166
8167
8182
8193
8240
8248
8267
8422
8422
8376
8401
8457
8513
8470
8519
8533
8569
8538
8610
8259
8434
8559
8616
8626
8738
8753
8755
8867
8875
8886
8950
8961
8983
9008
9078
8619
8763
8767
8819
8877
9105
9109
9118
9134
9083
9098
9107
9115
9117
9108
9114
9123
9132
9140
9117
9118
9119
9123
9128
9128
9135
9146
9148
9162
9153
9164
9165
9178
7792
7795
7811
7899
8005
8077
8179
8285
8239
8328
8330
8371
7932
8224
7976
8769
8555
8630
8660
8789
8844
8554
8747
8989
9013
9075
9057
9064
9074
9101
9102
9108
9111
9153
9178
9185
9201
9203
9206
9210
9214
9216
9216
9221
9230
9233
9220
9222
9236
9239
9249
9258
9260
9276
9296
9310
9350
9353
9222
9232
9232
9232
9236
9238
9253
9257
9263
9267
9268
9270
9280
9259
9269
9289
9291
9281
9297
9309
9297
9348
9386
9389
9296
9299
9310
9321
9353
9361
9358
9370
9371
9377
9382
9388
9391
9393
9395
9396
9405
9408
9414
9419
9424
9432
9437
9442
9461
9470
9489
9427
9430
9433
9454
9490
9511
9521
9522
9529
9531
9439
9442
9449
9451
9464
9473
9469
9475
9483
9486
9488
9490
9493
9513
9520
9522
9529
9529
9556
9530
9532
9534
9542
9543
9548
9556
9557
9560
9565
9561
9571
9576
9585
9587
9591
9598
9602
9605
9608
9613
7840
7845
7853
7857
7860
7867
7868
7871
7890
7892
7899
7909
7952
8069
7905
7914
7949
7953
7958
8051
8132
7960
8012
8041
8019
8026
8071
8141
8150
7967
8008
8039
8054
8161
8164
8167
8172
8209
8198
8231
8206
8215
8234
8237
8242
8246
8285
8286
8288
8295
8309
8338
8346
8440
8447
8461
8466
8531
8567
8722
8740
8798
9041
9074
9090
9145
9193
9450
9625
9591
9633
9654
9654
9656
9673
9686
9690
9694
8811
8909
9021
9008
9147
9306
9494
9533
9649
9666
9587
9638
9640
9659
9690
9692
9698
9708
9733
9736
9739
9739
9742
8356
8432
8440
8465
8475
8565
8625
8872
8951
9007
9083
9203
9215
9235
9308
9446
9581
9616
9632
9641
9698
9699
9666
9672
9676
9712
9739
9766
9786
9822
8703
9202
9286
9683
9738
9761
9657
9746
9767
9767
9780
9787
9781
9784
9788
9792
9814
9828
9843
9829
9838
9839
9852
9862
9868
9880
9884
9889
9834
9844
9859
9863
9890
9893
9901
9872
9881
9898
9905
8479
8487
8525
8563
8569
8583
8629
8635
8652
8715
8653
8747
8749
8762
8794
8777
8827
8862
8864
8865
8895
8894
8922
8929
8934
8951
8972
8986
8974
8999
9002
9012
9054
9093
9094
9108
9115
9131
9182
9200
9224
9235
9239
9262
9311
9316
9363
9393
9413
9447
9554
9647
9670
9694
9703
9704
9707
9721
9639
9644
9693
9729
9734
9747
9783
9790
9799
9799
9800
9896
9906
9910
9923
9807
9828
9835
9843
9863
9849
9931
9950
10115
10119
10108
10114
10142
10206
10245
10261
10262
10342
10281
10354
10398
10452
10343
10454
10497
9945
9947
9948
9952
9955
9955
9956
9960
9962
9967
9971
9976
9977
9976
9980
10013
10016
10027
10043
10066
10106
10069
10072
10089
10098
10127
10131
10141
10144
10166
9978
9984
9994
10001
10003
10018
10023
10081
10175
10029
10032
10033
10036
10091
10186
10036
10087
10191
10100
10139
10195
10198
10209
10215
10059
10061
10086
10140
10146
10157
10151
10162
10154
10172
10189
10228
10232
10241
10232
10238
10244
10248
10252
10255
10257
10265
10269
10273
9959
9962
9970
9983
9991
9998
10040
9979
9982
9998
10044
10012
10051
10054
10061
10068
10073
10079
10081
10125
10148
10148
10153
10153
10163
10166
10194
10199
10154
10208
10205
10208
10212
10243
10167
10248
10252
10257
10292
10278
10286
10305
10305
10320
10324
10327
10192
10218
10231
10235
10242
10262
10268
10317
10339
10266
10270
10288
10294
10369
10272
10368
10381
10387
10407
10302
10304
10331
10338
10390
10340
10393
10394
10352
10408
10414
10279
10292
10294
10314
10329
10330
10334
10344
10349
10361
10365
10374
10383
10392
10398
10403
10405
10407
10406
10408
10413
10417
10417
10421
10422
10423
10428
10429
10430
10433
10445
10448
10455
10465
10471
10472
10482
10482
10486
10501
10511
10515
10434
10438
10446
10451
10455
10487
10458
10469
10481
10481
10490
10491
10497
10498
10500
10501
10510
10504
10504
10513
10514
10519
10511
10515
10521
10524
10525
10529
10528
10530
10532
10545
10541
10542
10545
10543
10547
10548
10548
10754
10768
10552
10554
10554
10877
10616
10657
10697
10797
10823
10882
10955
10965
10632
10664
10669
10809
10818
10842
10894
11004
11004
11007
11029
11035
11040
11048
11112
11053
11286
11300
11308
11097
11186
11229
11313
11348
11349
10554
10555
10555
10558
10569
10571
10565
10569
10579
10585
10581
10588
10590
10595
10596
10562
10562
10565
10581
10594
10601
10604
10605
10610
10618
10622
10624
10632
10633
10636
10654
10563
10573
10588
10606
10602
10624
10626
10643
10659
10668
10675
10699
10700
10712
10749
10770
10627
10633
10635
10635
10639
10649
10683
10788
10796
10665
10670
10672
10676
10681
10695
10725
10734
10771
10772
10786
10791
10813
10824
10849
10783
10805
10809
10857
10824
10840
10842
10851
10875
10879
10882
10890
10882
10893
10897
10899
10908
10904
10915
10921
10955
11015
11029
11039
11076
10943
10944
10962
10969
11005
11044
10987
11020
11020
11040
11057
11058
11071
11074
11076
11077
11079
11082
11132
11081
11170
11202
11205
11215
11230
11307
11311
11251
11356
11381
11390
11401
11418
11426
11434
11476
11479
11497
11433
11511
11531
11089
11100
11147
11197
11101
11135
11238
11205
11251
11210
11267
11267
11116
11126
11128
11146
11159
11171
11211
11272
11273
11289
11319
11327
11351
11369
11382
11383
11371
11379
11389
11392
11417
11428
11431
11437
11443
11523
11530
11537
11571
11582
11605
11619
11422
11434
11455
11469
11504
11490
11526
11532
11586
11618
11572
11582
11633
11593
11626
11649
11668
11677
11636
11663
11680
11687
11688
11688
10639
10648
10650
10658
10652
10657
10663
10652
10664
10688
10699
10713
10723
10742
10772
10774
10832
10803
10864
10876
10917
10942
10944
10961
10964
10982
11103
11124
11030
11055
11144
11181
11194
10772
10783
10788
10823
11022
10828
10897
10929
11064
11162
11204
11244
10881
10899
11215
11154
11178
11234
11254
10914
10925
10953
10978
11108
11277
11290
11302
11308
11309
11330
11421
11462
11578
11578
11706
11718
11767
11785
11337
11366
11387
11402
11442
11481
11416
11518
11521
11534
11444
11446
11536
11457
11518
11580
11691
11705
11715
11735
11763
11772
11463
11465
11485
11624
11796
11822
11825
11826
11827
11848
11852
11855
11862
11865
11876
11888
11869
11891
11897
11913
11916
11949
11546
11561
11576
11596
11699
11592
11639
11696
11700
11700
11697
11700
11711
11716
11718
11722
11726
11770
11778
11845
11860
11871
11874
11923
11929
11956
11724
11737
11775
11782
11789
11810
11813
11820
11839
11890
11898
11898
11847
11913
11921
11933
11949
11957
11959
11971
11980
11927
11981
11987
11981
11988
12003
10717
10717
10760
10755
10772
10799
10735
10806
10904
10724
10739
10769
10836
10860
10861
10942
10957
10974
10806
10822
10840
10844
10868
10868
10902
10918
10925
10961
10934
10976
10987
11004
11005
11053
11011
11052
11061
11076
11153
11157
11220
11281
11323
11324
11355
11370
11387
11397
11326
11347
11406
11536
11556
11563
11392
11396
11418
11536
11579
11419
11461
11611
11580
11597
11605
11620
11650
11661
11697
11725
11696
11799
11707
11848
11715
11937
11093
11134
11138
11146
11150
11104
11141
11156
11183
11190
11249
11201
11209
11287
11360
11303
11313
11376
11425
11441
11509
11511
11451
11505
11453
11599
11575
11613
11537
11550
11624
11620
11626
11848
11659
11659
11724
11768
11718
11772
11871
11904
11917
11479
11802
11824
11482
11645
11835
11847
11894
11855
11889
11919
11923
11951
11941
11942
11965
12027
12027
12028
12028
12030
12040
12034
12035
12038
12044
12052
12053
12053
12060
12061
12062
12067
12070
12071
11960
11962
12021
12059
12073
12038
12071
12071
12074
12072
12081
12089
12001
12045
12061
12069
12090
12092
12095
12099
12104
12105
12107
12095
12106
12107
12108
12110
12113
12112
12115
12120
12110
12114
12129
12130
12141
12144
12148
12150
12151
12152
12153
12158
12159
12160
12154
12163
12161
12161
12163
12167
12172
12172
12175
12176
12177
12179
12181
12191
3470
3476
3478
3478
3481
3494
3509
3511
3512
3514
3515
3519
3520
3537
3558
3561
3521
3536
3538
3562
3567
3570
3584
3535
3543
3546
3553
3586
3554
3566
3606
3612
3612
3622
3656
3650
3660
3673
3705
3687
3694
3720
3737
3766
3923
4091
3762
3765
3782
3794
3881
3922
3936
3993
4036
4168
4216
4225
3613
3628
3642
3652
3654
3672
3678
3688
3690
3732
3750
3801
3896
3829
3878
3885
4012
4180
4229
3693
3708
3712
3744
3758
3782
3789
3790
3807
3807
3814
3884
3894
3819
3831
3881
3918
3951
3974
4086
4095
4180
4189
4232
3966
3993
4104
4120
4112
4205
4247
4214
4222
4230
4253
4249
4261
4283
4341
4351
4510
4613
4703
4899
4352
4358
4434
4475
4375
4457
4482
4501
4522
4542
4551
4563
4586
4587
4593
4609
4608
4656
4611
4622
4696
4741
4697
4761
4384
4435
4449
4490
4494
4510
4533
4616
4712
4760
4766
4766
4768
4907
4782
4982
4839
4938
4960
4977
5006
5047
5103
4569
4593
4622
4711
4742
4753
4816
4936
4800
4809
4817
4854
4875
4942
4954
4926
5029
5093
5121
5126
5206
5135
5251
5280
4661
4746
4791
4909
4954
5135
5142
5167
5172
5114
5216
5233
5275
5334
5317
5422
5330
5466
5796
5886
5909
5348
5360
5368
5372
5397
5352
5383
5385
5403
5427
5423
5459
5490
5473
5537
5569
5631
5643
5669
5733
5804
5818
5831
5997
6078
6276
6302
5951
6033
6121
6314
6329
6330
6341
3811
3827
3832
3815
3844
3872
3878
3916
3993
4036
4052
4076
4087
4164
4192
4221
4235
4276
3881
3955
3983
3991
4083
4108
3953
3999
4227
4276
4305
4383
4394
4411
4415
4453
4458
4483
4506
4510
4520
4541
4568
4542
4549
4566
4586
4620
4597
4606
4606
4640
4647
4647
4663
4679
4708
4711
4790
4795
4797
4846
4870
4888
4925
5061
5069
5077
5226
5245
5277
5352
5354
5416
4710
4787
4803
4887
4909
5024
5119
4769
5014
5027
5085
5121
5143
5148
5265
5275
5277
5342
5369
5389
5443
5453
5455
5462
5474
5492
5483
5502
5502
5520
5561
5578
5566
5619
5610
5630
5641
5654
5676
5694
5740
5723
5756
5802
5807
5806
5840
5921
5910
5921
5925
5927
5946
5960
5969
6006
6051
5958
6104
6148
6272
6331
6342
6385
6393
6008
6019
6069
6102
6143
6155
6187
6217
6137
6264
6316
6159
6197
6264
6293
6325
6337
6253
6342
6352
6363
6366
6371
6384
6382
6398
6400
6410
6413
6431
6443
6445
6455
6460
6464
6481
6468
6479
6502
6506
6522
6562
6565
6576
6583
6584
6590
6626
6646
6698
6640
6700
6726
6749
5951
6028
6061
6062
6103
6104
6217
6377
6429
6126
6141
6753
6763
6773
6812
6850
6375
6854
6854
6856
6866
6868
6872
6886
6904
6920
6928
6930
6945
7002
7007
7028
7047
7048
7054
7058
7060
7064
7100
7101
7119
7129
7198
7201
6804
6811
6853
6984
7012
7025
7029
7105
7271
7322
7354
7110
7208
7225
7248
7328
7418
7477
7235
7281
7349
7383
7418
7492
7576
7633
7638
7427
7556
7667
7672
7709
7711
7257
7281
7334
7346
7393
7411
7438
7447
7353
7361
7384
7450
7462
7505
7582
7648
7806
7908
7957
7997
7998
7721
7799
7861
8042
7865
7997
8031
8046
8057
8126
7743
7781
7798
7803
7814
7867
7891
7825
7988
8027
8113
8128
8174
8174
8187
8213
7529
7566
7596
7612
7629
7750
7762
7631
7656
7669
7679
7713
7780
7837
7869
7952
7805
7813
7833
7916
7938
7960
7989
8116
8152
8177
8265
7970
8066
8079
8140
8203
8210
8248
8251
8253
8265
8283
8266
8282
8300
8317
8344
8351
8367
8298
8400
8432
8483
8433
8496
8496
8308
8313
8324
8379
8388
8405
8445
8480
8539
8521
8544
8559
8563
8567
8590
8590
8591
8604
7421
7454
7558
7717
8050
7693
8668
8695
8697
7450
7491
7451
7474
7613
8677
8712
8757
8761
7565
7596
7712
7760
7916
8672
8768
8814
7934
7968
8060
8169
8178
8340
8544
8838
8843
8845
8849
8877
8906
7997
8009
8088
8101
8137
8226
8347
8517
8600
8609
8642
8647
8736
8745
8749
8979
8987
8768
8769
8922
8995
8818
9003
9073
9075
8907
8932
8934
8935
8978
8945
8946
8998
9015
9036
9058
9037
9066
9097
9102
9089
9097
9128
9133
9101
9122
9127
9134
9143
9157
9183
9196
9279
9147
9187
9203
9284
9291
9297
9309
9296
9314
9346
9355
9357
9359
9362
9383
9409
9417
9390
9435
9424
9425
9452
9466
9468
9472
8970
9047
9102
9149
9287
9299
9310
9465
9493
9481
9494
9500
9503
9568
9574
9589
9599
9613
9705
9721
9777
9781
9847
9904
9894
9913
9931
9931
9626
9627
9639
9642
9675
9686
9719
9742
9751
9653
9774
9829
9861
9708
9776
9746
9746
9767
9919
9772
9875
9885
9926
9934
9942
5493
5542
5561
5585
5606
5666
5809
5685
5882
5905
5817
6009
6023
6030
5928
5963
6062
6069
6170
6178
6054
6158
6231
6247
6280
6289
6290
6413
6446
6139
6165
6178
6461
6600
6645
6649
6812
7800
7062
7233
7301
7308
7409
7427
7428
7781
7866
7891
7900
7920
8165
8508
8999
9030
6297
6302
6407
6435
6582
6644
6644
6727
6963
7615
6839
6849
6866
6871
6954
7124
7125
6926
7227
7372
7828
7871
7952
7975
6957
7105
7357
7490
7240
7517
7674
7826
8047
8069
8094
8200
8345
8506
8533
8598
8645
8703
8740
7469
7662
7787
7879
8356
8566
8817
9035
9038
9058
9074
9113
9195
9200
9283
9303
9354
9465
9559
9581
9612
9726
9738
9761
9858
9915
9929
9943
9952
9963
10025
10033
10039
10056
10038
10046
10059
10063
8041
8148
8336
8132
8520
8557
8638
8716
9062
9109
9379
8163
8363
8435
8545
8605
9205
9387
9517
9520
9595
9808
9873
9945
9889
9963
9969
9951
10017
10035
10037
10134
10143
10062
10065
10089
10079
10097
10112
10128
10130
10137
10139
10137
10148
10161
10163
10178
10179
10184
10212
10257
10262
10185
10207
10225
10272
10229
10234
10298
10306
10245
10247
10272
10292
10315
10322
10356
10363
10364
10271
10280
10293
10294
10306
10318
10335
10416
10366
10450
10461
10468
10473
10381
10413
10486
10494
10498
10531
10534
10554
10572
10575
10578
10597
10754
10612
10617
10650
10675
10676
10678
10689
10696
10703
10705
10707
10714
10770
10788
10792
10830
10890
10897
10962
10877
11015
11018
11062
11079
11085
11113
11148
11162
11173
11156
11193
10369
10386
10392
10411
10427
10443
10444
10519
10535
10527
10543
10547
10555
10556
10561
10561
10588
10592
10639
10609
10665
10666
10667
10683
10707
10770
10852
10883
10933
10988
10674
10734
10749
10801
10964
11019
11037
11049
11057
10719
10760
10764
10766
10825
10872
11058
11059
11060
11071
11079
11087
11103
10789
10793
10823
10831
10841
10897
10818
10943
11000
11059
11088
11105
11004
11036
11144
11222
11238
11247
11376
11386
11399
11389
11415
11438
11483
11415
11438
11649
11105
11108
11216
11126
11146
11223
11231
11244
11224
11249
11279
11282
11302
11302
11308
11316
11343
11353
11364
11368
11392
11394
11398
11405
11426
11447
11427
11467
11476
11491
11492
11427
11456
11471
11487
11496
11525
11536
11543
11551
11682
11604
11620
11627
11627
11681
11704
11715
11768
11713
11750
11758
11787
11787
11814
11817
11830
11836
11840
11842
11851
11863
11871
11900
11929
11951
11952
11984
12051
12017
12095
12095
12064
12076
12096
12098
12106
12130
12133
12151
12165
12136
12139
12166
12171
12215
12241
12254
11498
11502
11518
11570
11537
11603
11673
11732
11763
11508
11516
11608
11713
11771
11840
11650
11711
11860
11865
11905
11661
11709
11721
11717
11741
11742
11801
11940
11833
11848
11973
11877
11882
11954
11990
11999
12001
12019
12031
12049
12066
12097
12085
12164
12182
12181
12185
12211
12215
12233
12239
12241
12248
12270
12276
12288
12283
12284
12290
12301
12309
12326
12315
12332
12332
12346
12350
12358
12361
12364
12392
12388
12397
12408
12409
12412
12420
12429
12447
12458
12460
12463
12465
12469
12481
12484
12485
12486
12345
12371
12489
12491
12497
12506
12507
12509
12510
12514
12524
12533
12545
12554
12554
12592
12648
12719
12776
12566
12572
12581
12593
12571
12673
12676
12685
12696
12728
12742
12764
12773
12791
12816
12578
12594
12606
12608
12609
12662
12630
12635
12690
12647
12694
12709
12718
12727
12729
12741
12745
12746
12755
12762
12770
12770
12794
12802
12806
12813
12817
12830
12835
12842
12850
12879
12885
12904
12909
12894
12926
12935
12941
12174
12192
12192
12194
12205
12198
12207
12216
12217
12219
12220
12223
12226
12231
12231
12235
12236
12237
12242
12244
12247
12248
12253
12258
12271
12273
12296
12300
12308
12311
12322
12364
12402
12426
12351
12356
12381
12381
12391
12421
12441
12447
12253
12255
12276
12294
12294
12315
12318
12318
12328
12329
12347
12357
12360
12372
12366
12392
12403
12425
12369
12412
12425
12447
12451
12256
12271
12279
12258
12275
12281
12286
12356
12291
12363
12363
12283
12293
12304
12319
12350
12354
12356
12369
12419
12428
12453
12461
12472
12477
12395
12402
12419
12425
12429
12431
12436
12454
12460
12463
12478
12487
12489
12489
12491
12492
12494
12495
12499
12496
12500
12513
12515
12518
12520
12518
12522
12525
12527
12544
12545
12683
12528
12530
12532
12546
12539
12953
12608
12856
12953
12962
12995
13005
13020
13019
13024
13025
13026
13033
13035
13039
13056
13069
13073
13075
13094
13095
13113
13116
13121
13127
13142
13150
13154
13156
13169
13170
13172
13187
13198
13187
13191
13207
13216
13218
13244
13249
13312
13326
13326
13346
13371
13385
13237
13240
13268
13276
13285
13286
13297
13360
13382
13400
13291
13319
13343
13368
13381
13417
13426
13445
13453
13216
13271
13273
13275
13292
13285
13286
13329
13376
13436
13319
13324
13339
13325
13353
13373
13387
13464
13478
13580
13461
13463
13466
13491
13493
13493
13514
13528
13513
13536
13553
13549
13595
13612
13622
13627
13554
13558
13561
13562
13562
13565
13581
13632
13642
13646
13651
13657
13657
13660
13667
13671
13674
13677
13681
12550
12558
12561
12568
12568
12568
12570
12576
12585
12592
12588
12589
12600
12610
12621
12609
12609
12619
12624
12615
12623
12625
12632
12632
12623
12629
12630
12630
12633
12633
12635
12637
12641
12645
12646
12649
12650
12652
12657
12657
12658
12662
12663
12666
12671
12675
12675
12676
12683
12683
12688
12688
12689
12690
12696
12700
12701
12701
12703
12706
12706
12712
12714
12734
12706
12713
12725
12741
12766
12781
12806
12810
12821
12824
12873
12984
13063
13119
13161
12718
12719
12722
12726
12726
12728
12732
12741
12743
12758
12762
12770
12771
12782
12789
12796
12816
12867
12759
12769
12780
12779
12789
12796
12807
12810
12842
12885
12954
12776
12800
12836
12898
12961
12962
12990
13002
13008
13038
13092
13013
13017
13032
13102
13123
13128
13128
13142
13159
13202
13205
13213
13232
13361
13241
13293
13331
13365
13367
13376
13386
13387
13269
13287
13288
13315
13333
13351
13426
13462
13313
13432
13465
13487
13499
13507
13521
13556
13576
13596
13610
13569
13629
13644
13674
13686
13590
13655
13691
13592
13625
13654
13659
13694
13716
13695
13707
13708
13709
13710
13715
13720
13723
13731
13732
13732
13741
13748
13753
13754
13762
13766
13770
13771
13777
13799
13805
13778
13785
13795
13824
13835
13836
12837
12840
12840
12846
12843
12844
12847
12848
12850
12860
12849
12853
12854
12854
12866
12860
12869
12872
12872
12877
12888
12924
12928
12930
12933
12941
12953
12879
12890
12909
12916
12917
12919
12942
12942
12945
12925
12954
12955
12955
12958
12919
12924
12929
12930
12933
12972
12973
12986
13048
13051
13157
13166
13197
13052
13120
13475
13490
13144
13151
13159
13202
13583
13762
13773
13234
13265
13308
13308
13351
13312
13404
13427
13559
13606
13360
13601
13631
13700
13745
13772
13785
13799
13355
13356
13378
13434
13475
13476
13508
13518
13536
13537
13566
13755
13770
13572
13757
13800
13806
13840
13863
13865
13870
13866
13887
13890
12988
12988
12989
12990
12991
13012
13012
13012
13012
13102
12991
13002
13010
13022
13063
13128
13176
13182
13192
13054
13062
13069
13085
13089
13246
13149
13229
13247
13256
13260
13282
13092
13135
13203
13294
13298
13313
13320
13380
13405
13437
13505
13513
13321
13387
13380
13391
13427
13455
13472
13480
13521
13540
13550
13473
13541
13563
13564
13568
13593
13595
13146
13159
13174
13207
13327
13417
13426
13428
13449
13505
13635
13530
13596
13633
13657
13666
13624
13658
13719
13727
13674
13674
13728
13697
13732
13735
13755
13759
13759
13761
13765
13773
13776
13791
13794
13807
13775
13841
13842
13865
13867
13815
13848
13858
13868
13881
13881
13892
13893
13899
13900
13901
13902
13905
13013
13015
13024
13045
13046
13052
13056
13066
13066
13066
13090
13135
13078
13085
13096
13106
13127
13088
13093
13094
13096
13111
13131
13138
13145
13148
13148
13152
13155
13157
13161
13164
13167
13167
13172
13174
13179
13181
13186
13182
13186
13193
13206
13209
13211
13218
13219
13257
13267
13321
13353
13376
13386
13446
13448
13475
13541
13226
13250
13247
13263
13267
13272
13296
13311
13281
13283
13296
13305
13335
13324
13340
13402
13359
13374
13378
13389
13431
13312
13321
13330
13339
13351
13356
13362
13371
13411
13487
13496
13496
13504
13516
13517
13521
13527
13505
13510
13512
13528
13533
13553
13576
13598
13536
13540
13544
13562
13563
13594
13596
13597
13606
13604
13628
13633
13674
13616
13675
13677
13679
13375
13452
13547
13683
13679
13685
13689
13691
13692
13694
13694
13695
13702
13710
13705
13712
13728
13731
13741
13743
13747
13711
13718
13808
13767
13788
13794
13808
13814
13819
13797
13805
13834
13834
13810
13818
13833
13838
13842
13846
13849
13812
13855
13855
13869
13877
13878
13880
13895
13907
13910
13865
13869
13881
13908
13910
13910
13911
13914
13914
13916
13816
13839
13853
13855
13862
13864
13865
13868
13870
13871
13877
13880
13885
13905
13908
13920
13923
13923
13923
13925
13929
13931
13930
13932
13933
13998
14061
14072
14094
14113
14144
14266
13936
13943
14042
14022
14242
14285
14305
14045
14151
14156
14159
14238
14268
14329
14351
14382
14394
14457
13942
13943
13944
13944
13947
13948
13951
13952
13952
13954
13955
13956
13957
13961
13961
13962
13962
13977
13985
13996
13979
13997
14000
13981
13983
13985
14004
14011
14013
13966
13966
13977
13980
13982
13986
13996
14004
14020
14034
14039
14039
14042
14044
13983
13997
14006
14014
14025
14026
14033
14040
14049
14059
14050
14056
14056
14058
14061
14064
14065
14074
14085
14080
14086
14088
14092
14089
14093
14104
14046
14053
14078
14080
14084
14085
14104
14107
14107
14107
14108
14108
14118
14119
14128
14131
14132
14110
14115
14115
14117
14117
14120
14121
14125
14143
14125
14138
14127
14128
14141
14147
14148
14148
14154
14145
14161
14162
14165
14166
14168
14171
14175
14176
14177
14179
14178
14181
14182
14183
14183
14201
14184
14184
14191
14192
14194
14197
14201
14205
14216
14203
14221
14224
14225
14228
14229
14232
14220
14224
14226
14229
14232
14233
14235
14237
14250
14239
14269
14290
14306
14311
14234
14235
14235
14235
14237
14241
14250
14257
14266
14266
14272
14290
14305
14308
14309
14238
14239
14249
14296
14307
14309
14312
14316
14325
14243
14244
14272
14327
14328
14277
14284
14295
14319
14326
14326
14330
14270
14304
14338
14344
14345
14347
14271
14332
14335
14347
14352
14335
14337
14354
14359
14366
14378
14386
14389
14401
14359
14360
14369
14370
14373
14379
14378
14380
14382
14387
14394
14583
14406
14409
14410
14591
14387
14398
14391
14403
14446
14448
14501
14511
14598
14631
14685
14693
14704
14742
14749
14751
14766
14777
14789
14796
14801
14801
14411
14411
14412
14413
14413
14415
14417
14418
14422
14430
14430
14431
14451
14433
14464
14466
14468
14475
14522
14441
14455
14535
14552
14553
14477
14521
14548
14574
14556
14582
14589
14481
14495
14496
14502
14526
14533
14536
14542
14544
14557
14558
14579
14595
14597
14598
14613
14621
14623
14629
14640
14641
14665
14684
14687
14690
14691
14693
14699
14704
14705
14708
14632
14692
14712
14713
14713
14716
14750
14764
14779
14766
14772
14768
14769
14787
14652
14658
14678
14700
14704
14704
14740
14764
14790
14790
14816
14822
14794
14798
14798
14800
14807
14803
14804
14804
14809
14822
14835
14835
14836
14836
14840
14844
14849
14849
14851
14430
14433
14454
14480
14482
14482
14484
14486
14487
14443
14491
14492
14493
14497
14499
14501
14501
14515
14516
14521
14522
14530
14538
14545
14572
14529
14540
14550
14535
14551
14553
14567
14569
14575
14578
14583
14587
14587
14607
14701
14596
14617
14646
14653
14666
14673
14700
14710
14713
14727
14731
14747
14747
14761
14774
14776
14804
14805
14835
14824
14838
14858
14862
14863
14627
14644
14648
14758
14794
14798
14815
14830
14885
14894
14832
14865
14868
14869
14876
14878
14879
14882
14895
14895
14896
14502
14512
14519
14529
14546
14532
14534
14535
14586
14591
14637
14663
14672
14721
14732
14761
14778
14789
14813
14807
14822
14839
14842
14847
14870
14875
14879
14885
14890
14905
14909
14917
14606
14627
14648
14656
14676
14684
14701
14741
14819
14824
14824
14895
14897
14898
14904
14900
14915
14901
14903
14920
14904
14905
14906
14909
14914
14916
14920
14921
14925
14928
14929
14929
14939
14939
3522
3522
3523
3525
3529
3532
3541
3542
3544
3548
3550
3544
3551
3562
3541
3553
3544
3544
3555
3560
3561
3564
3567
3566
3568
3568
3569
3569
3616
3571
3580
3572
3585
3586
3592
3595
3602
3602
3604
3606
3613
3614
3616
3619
3621
3622
3623
3624
3570
3574
3575
3584
3579
3635
3638
3615
3629
3647
3669
3641
3642
3651
3661
3677
3653
3654
3667
3672
3680
3687
3673
3674
3674
3689
3691
3694
3573
3593
3665
3700
3700
3711
3727
3728
3732
3748
3617
3695
3696
3702
3726
3735
3739
3741
3741
3752
3753
3755
3756
3761
3763
3766
3766
3776
3780
3785
3822
3799
3799
3807
3810
3833
3851
3812
3837
3853
3853
3863
3850
3875
3887
3893
3904
3940
3943
3973
3975
3979
4009
4023
4022
4027
4042
3769
3770
3770
3812
3779
3813
3782
3786
3814
3789
3813
3814
3815
3821
3832
3834
3835
3843
3831
3836
3840
3842
3843
3844
3844
3848
3851
3854
3854
3863
3865
3865
3868
3870
3874
3875
3870
3878
3880
3886
3887
3897
3896
3898
3904
3904
3905
3906
3906
3907
3915
3906
3919
3930
3934
3939
3949
3959
3961
3951
3963
3979
3964
3965
3965
3969
3982
4027
4033
4045
4069
4074
3972
3974
3977
3992
3995
3997
3982
3999
4009
4012
4014
4026
4050
4059
4060
4088
4101
4105
4018
4025
4030
4037
4039
4043
4046
4048
4048
4037
4056
4059
4064
4060
4133
4080
4134
4073
4078
4106
4107
4109
4112
4117
4113
4116
4118
4119
4122
4134
4133
4138
4139
4154
4163
4081
4101
4113
4162
4166
4240
4118
4133
4134
4242
4259
4290
4169
4176
4206
4213
4236
4251
4264
4276
4246
4278
4314
4320
4322
4354
4365
4289
4294
4302
4307
4356
4349
4368
4379
4390
4410
4432
4443
4453
3570
3663
3685
3713
3716
3724
3601
3642
3658
3681
3739
3634
3690
3726
3733
3747
3765
3751
3786
3816
3819
3779
3781
3800
3931
3863
3902
3940
3965
3979
3990
4045
3986
4004
4013
4046
4038
4050
4055
4075
4084
4086
4097
4120
4169
4176
4195
4219
4228
4062
4071
4087
4096
4125
4169
4159
4193
4220
4236
4252
4253
4236
4385
4397
4467
4460
4497
4502
4549
4590
4255
4271
4279
4280
4294
4307
4313
4365
4421
4439
4502
4457
4476
4490
4508
4513
4352
4364
4409
4429
4484
4424
4447
4498
4523
4493
4526
4526
4528
4532
4533
4533
4607
4612
4648
4691
4546
4567
4569
4574
4575
4577
4579
4587
4591
4594
4596
4599
4579
4585
4599
4601
4603
4620
4622
4628
4601
4617
4628
4644
4658
4663
4655
4699
4676
4738
4703
4719
4719
4730
4731
4734
4743
4682
4747
4751
4764
4764
4684
4745
4787
4797
4827
4838
4847
4772
4910
4929
4939
4989
5001
5006
5068
5073
5136
5142
5185
5201
4852
4886
4897
4904
4918
4952
4857
4889
4892
4896
4953
4959
4962
4966
4989
4994
5003
5024
5088
5106
5112
5127
5140
5157
5191
5209
5217
5223
5231
4773
4775
4782
4787
4788
4790
4795
4798
4835
4845
4847
4861
4866
4871
4868
4882
4899
4902
4928
4939
4935
4951
4968
4975
4994
4997
5007
5023
5036
5052
5055
5061
5064
5066
5070
5083
5087
5090
5103
5104
5106
5113
5108
5124
5142
5142
5129
5147
5166
5169
5176
5205
5206
5217
5218
5226
5227
5232
5235
5227
5234
5241
5243
5243
5259
5260
5265
5251
5256
5266
5262
5275
5301
5311
5319
5348
5369
5264
5265
5269
5289
5322
5326
5334
5343
5350
5375
5366
5379
5400
4309
4348
4396
4400
4421
4445
4451
4461
4470
4499
4501
4524
4525
4595
4658
4674
4754
4967
4975
5101
4531
4546
4596
4675
4722
4742
4757
4885
4900
4964
4910
4957
5219
5406
5415
5432
5015
5175
5434
5204
5424
5429
5443
5449
5463
5476
5029
5283
5302
5452
5488
5490
5497
5501
5509
5520
5534
5535
5537
5540
5543
5547
5555
5556
5564
5589
5599
5601
5605
5655
5661
5693
5694
5695
5710
4874
4900
4915
4897
4990
5005
5084
5090
5098
5101
5117
5130
5130
5169
5185
5271
5299
5314
5364
5405
5417
5430
5434
5482
5447
5530
5544
5558
5584
5635
5642
5649
5656
5657
5721
5586
5606
5642
5604
5665
5688
5731
5732
5732
5737
5753
5829
5879
6004
6063
6190
6274
6350
6531
6553
6618
6726
6766
5760
5770
5768
5786
5785
5797
5820
5824
5825
5833
5842
5859
5864
5865
5947
5998
6092
6115
5881
5882
5902
5881
5904
5923
5970
5970
5972
5976
6016
6020
6029
6054
6119
6128
6131
6151
6175
6200
6215
6274
6298
6222
6228
6333
6333
6267
6347
6298
6354
6314
6364
6379
6392
6407
6434
6436
6444
6449
6449
6494
6508
6516
6527
6531
6559
6564
6583
6639
6565
6593
6595
6598
6612
6648
6651
6615
6659
6671
6620
6650
6621
6676
6676
6710
6744
6715
6738
6741
6772
6776
6777
6817
6817
6777
6784
6780
6812
6841
6841
6852
6795
6812
6841
6995
6912
7030
7123
6858
6863
6865
6903
6905
6914
6920
6922
6930
6941
6944
6945
6967
6976
7046
7047
6957
6969
7012
7064
7049
7053
7061
7073
7095
7121
6992
7001
7029
7032
7053
7114
7123
7125
7130
7144
7154
7161
7163
7186
5568
5590
5600
5604
5614
5622
5623
5641
5676
5680
5705
5724
5733
5752
5697
5722
5765
5726
5744
5748
5805
5843
5863
5777
5799
5817
6012
6014
6044
6065
6116
6143
6308
6050
6097
6508
6603
6618
6639
6688
6723
6763
6790
5793
5818
5825
5903
5905
5920
5948
5987
6026
6031
6102
6102
6149
6158
6164
6170
6136
6143
6175
6202
6321
6213
6386
6415
6206
6231
6317
6407
6326
6453
6463
6473
6474
6493
6503
6520
6559
6579
6593
6695
6701
6710
6727
6730
6748
6792
6796
6846
6850
6868
6597
6761
6849
6953
6879
6894
6945
6998
6983
7007
7000
7001
7040
7046
7093
7096
7123
5579
5580
5598
5604
5625
5663
5667
5761
5776
5847
5873
5690
5696
5746
5780
5847
5756
5785
5851
5883
5885
5908
6022
5914
5917
5945
6065
6174
6078
6104
6116
6148
6218
6225
6318
6154
6165
6217
6409
6437
6449
6030
6402
6473
6600
6673
6680
6692
6718
6728
6739
6847
6822
6853
6855
6878
6957
7013
7021
6220
6248
6248
6260
6320
6329
6281
6396
6423
6322
6329
6473
6418
6474
6490
6513
6517
6535
6567
6612
6575
6598
6609
6615
6650
6679
6798
6818
6682
6708
6742
6815
6866
6919
6937
7031
7048
7063
7100
7111
7116
7109
7111
7130
7132
6788
6818
6823
6826
6852
6895
7148
7159
6979
7132
7181
7191
7033
7180
7181
7197
7199
7206
7200
7203
7218
7220
7209
7223
7230
7244
4135
4140
4146
4150
4171
4176
4195
4234
4280
4297
4337
4386
4391
4403
4422
4425
4476
4477
4177
4224
4244
4271
4298
4323
4390
4508
4510
4535
4587
4601
4232
4240
4269
4238
4334
4260
4349
4637
4378
4383
4590
4633
4673
4681
4696
4700
4743
4391
4429
4519
4556
4625
4704
4711
4772
4780
4793
4807
4809
4822
4848
4859
4888
4862
4867
4878
4868
4916
4924
4890
4925
4938
4944
4898
4957
4972
4890
4911
4973
4984
5003
5007
5009
5016
5017
5037
5057
4167
4180
4185
4207
4220
4226
4237
4240
4279
4299
4308
4368
4494
4577
4299
4585
4604
4242
4288
4313
4325
4336
4339
4355
4415
4458
4460
4486
4487
4500
4540
4570
4627
4628
4634
4642
4669
4684
4821
4682
4699
4760
4842
4895
4961
5021
4706
4715
4741
4749
4809
4751
4803
4824
4860
5018
5028
5057
4861
4883
4904
4911
4972
4999
5074
5117
5081
5094
5098
5135
5121
5139
5159
5144
5155
5169
5166
5171
4247
4267
4267
4315
4370
4414
4418
4615
4696
4674
4827
5000
5028
5089
5103
5154
5118
5167
4492
4530
4586
4659
4663
4686
4832
5087
5093
4722
4777
4874
5127
5174
5175
5177
5183
5188
5207
5212
5220
5226
5254
5279
5279
5289
5251
5257
5272
5297
5301
5312
5327
5399
5408
5328
5408
5418
5433
5270
5277
5294
5275
5275
5297
5300
5326
5337
5343
5312
5313
5372
5430
5490
5525
5565
5569
5579
5187
5192
5208
5290
5303
5381
5428
5400
5507
5444
5522
5535
5235
5266
5334
5443
5468
5520
5538
5583
5594
5649
5299
5314
5350
5358
5384
5396
5409
5467
5424
5521
5524
5529
5581
5591
5657
5663
5684
5696
5615
5632
5633
5655
5675
5721
5722
5728
5738
5739
5765
5768
5785
5787
5788
5795
5802
5811
5815
5824
5851
5866
5866
5835
5848
5872
5903
5877
5880
5905
5922
5940
5958
5929
6617
7020
6717
7087
7318
7372
7473
7499
7517
7532
5936
6049
5943
6788
5956
7366
5947
6887
7331
7537
7616
7215
7305
7313
7416
7417
7473
7641
7673
7443
7676
7535
7703
7738
7748
7780
7795
7823
7841
5965
5979
5982
5996
6008
6035
6048
6020
6041
6084
6086
6086
6094
6119
6110
6184
6102
6112
6125
6151
6162
6168
6183
6187
6200
6247
6234
6262
6283
6295
6327
6245
6273
6341
6338
6355
6362
6397
6450
6455
6464
6494
6382
6418
6469
6526
6539
6560
6630
6667
6672
6723
6642
6736
6762
6812
7213
6813
6830
6855
6981
7013
7040
7081
6866
7034
7051
7230
7173
7206
7196
7259
7269
7268
7271
6393
6415
6522
6538
6553
6539
6542
6554
6587
6597
6600
6606
6659
6680
6695
6783
6808
6889
6998
7076
7091
7108
7128
7129
7150
7220
7258
7278
7282
7291
7282
7300
7311
7314
6787
6837
6871
6900
7040
7085
7158
7244
7247
7290
7300
7319
7322
7329
7330
7331
7356
7375
7369
7381
7385
7402
7431
7321
7328
7443
7444
7463
7490
7385
7417
7433
7434
7491
7439
7447
7447
7491
7453
7454
7458
7466
7471
7496
7497
7498
7519
7536
7508
7513
7515
7524
7528
7537
7546
7549
7550
7561
7565
7580
7578
7587
7601
7607
7515
7519
7621
7623
7624
7628
7636
7648
7650
7652
7653
7657
7583
7609
7611
7624
7638
7641
7654
7665
7658
7661
7662
7677
7678
7689
7688
7692
7693
7696
6068
6080
6487
6543
6573
6746
6614
6622
6949
7427
7509
6677
6736
6749
6913
7150
7359
7565
7475
7506
7603
7676
7710
7712
7722
7735
7740
6911
7270
7346
7429
7749
7551
7705
7728
7754
7755
7761
7761
7766
7776
7776
7796
7797
7799
7818
7823
7829
7829
7830
7776
7837
7841
7844
7844
7874
7885
7921
7890
7937
7972
7985
8025
8078
7926
8013
8062
8125
8137
8142
8147
8149
8161
7851
7857
7869
7873
7879
7883
7893
7901
7907
7902
7912
7903
7924
7884
7893
7896
7899
7900
7955
7934
7941
7989
7995
7996
8018
8021
7917
7928
7930
7935
7939
7984
8006
8010
8021
8022
8034
8037
8056
8057
8058
8059
8060
8067
8063
8067
8069
8075
8077
8096
8078
8100
8162
7950
7955
7988
7993
8015
8000
8017
8024
8025
8059
8062
8027
8035
8035
8036
8037
8040
8049
8063
8067
8077
8108
8128
8162
8178
8186
8187
8190
8193
8199
8214
8219
8222
8229
8233
8238
8085
8089
8090
8092
8112
8114
8122
8152
8153
8237
8249
8250
8250
8123
8133
8141
8142
8144
8146
8162
8163
8176
8188
8197
8204
8189
8198
8222
8232
8241
8243
8252
8257
8264
8266
8270
8276
8276
8278
5452
5452
5457
5458
5478
5482
5504
5512
5464
5477
5496
5512
5555
5495
5501
5509
5548
5554
5556
5558
5556
5574
5613
5623
5629
5633
5638
5648
5675
5682
5693
5726
5733
5747
5624
5626
5752
5762
5776
5778
5784
5660
5680
5674
5704
5713
5737
5762
5811
5823
5807
5825
5844
5885
6008
6046
6088
6146
5920
5964
6023
6068
6184
6197
6223
6091
6094
6110
6163
6165
6233
6267
6256
6272
6245
6274
6305
6311
6336
6374
5786
5847
5860
6016
6038
6063
6066
6099
6162
6242
6123
6178
6300
6351
6389
6396
6406
6417
6429
6465
6466
6478
6478
6480
6503
6511
6554
6551
6552
6566
6589
6595
6601
6604
6608
6613
6637
6638
6638
6649
6678
6671
6696
6696
6712
6740
6745
6747
6750
6242
6425
6478
6462
6754
6764
6586
6782
6803
6813
6880
6895
6907
6891
6921
6952
6953
6964
6967
6977
7007
6988
7033
7033
7011
7029
7038
7044
7045
7054
7069
7073
7082
7083
7085
7091
7096
7194
7270
7271
7308
7322
7325
7338
7362
7403
7421
7111
7145
7157
7216
7267
7127
7300
7305
7375
7428
7457
7460
7463
7349
7373
7387
7404
7414
7434
7457
7484
7436
7500
7516
7527
7528
7596
7609
7611
7616
7662
7669
7689
7701
7437
7486
7546
7552
7576
7579
7597
7602
7628
7671
7687
7708
7708
7710
7746
7747
7760
7716
7720
7724
7748
7766
7178
7182
7216
7227
7227
7302
7364
7372
7373
7432
7434
7510
7544
7592
7597
7696
7783
7700
7703
7764
7791
7768
7794
7782
7806
7815
7835
7841
7855
7859
7964
7614
7657
7793
7814
7795
7908
7985
7996
8011
7999
8083
8083
8096
8124
8172
8215
8241
8280
8271
8281
8284
8294
7807
7807
7808
7811
7824
7834
7842
7855
7864
7865
7867
7867
7873
7878
7897
7905
7910
7917
7921
8071
7933
7934
7942
7971
7993
8020
8028
8045
8061
8063
8067
8069
8084
8106
8111
8163
8196
8207
8211
8212
8215
8222
8228
7996
8028
8040
8055
8062
8089
8116
8126
8139
8179
8305
8239
8301
8326
8344
8308
8336
8346
8357
8377
8411
8361
8371
8383
8404
8406
8413
8416
8420
8425
8444
8245
8258
8296
8307
8262
8272
8284
8308
8311
8312
8297
8304
8315
8307
8316
8323
8324
8330
8334
8351
8356
8343
8345
8364
8372
8390
8410
8410
8342
8344
8345
8348
8348
8353
8365
8368
8441
8382
8426
8432
8489
8498
8500
8468
8471
8516
8486
8496
8541
8543
8381
8390
8408
8414
8435
8452
8504
8510
8513
8535
8536
8541
8544
8550
8551
8553
8565
8411
8427
8417
8442
8453
8458
8467
8452
8480
8485
8515
8515
8534
8537
8539
8540
8555
8573
8591
8578
8582
8596
8600
8603
8604
8611
8614
8616
8459
8469
8485
8487
8504
8504
8520
8568
8617
8619
8627
8637
8640
8641
8643
8645
8646
8647
8649
8659
8661
8692
8697
8665
8667
8669
8671
8672
8682
8684
8694
8700
8730
8701
8716
8740
8760
8770
8772
8776
8777
8780
8782
8787
8797
8821
8823
8836
8845
8849
8435
8502
8523
8527
8546
8549
8547
8552
8671
8875
8542
8570
8608
8611
8616
8687
8876
8895
8899
8907
8632
8704
8861
8862
8869
8879
8891
8912
8952
8953
8978
8978
8655
8880
8889
8889
8948
8903
8963
8953
8970
8975
8981
8984
9007
9010
9030
8991
9041
9045
9084
10095
10240
9106
9114
9116
9117
9130
9124
9140
9164
9178
9186
9196
9199
9212
9223
9231
9242
9233
9244
9252
9259
9265
9262
9301
9433
9687
9766
9778
9800
9897
9124
9130
9133
9137
9174
9209
9196
9254
9323
11308
11851
9948
10054
10102
10645
11793
11479
11909
10387
10687
10798
10976
11139
11202
11773
11918
9850
9943
9967
10285
10200
10406
10492
10538
10548
10593
10662
10675
10821
10882
10895
10911
10926
11039
11135
11202
11337
11690
11745
11392
11456
11688
11920
11923
12163
12262
12268
12297
12391
12438
8683
8689
8689
8689
8698
8699
8698
8703
8704
8723
8711
8717
8718
8720
8723
8725
8729
8731
8751
8754
8761
8752
8757
8764
8779
8785
8792
8797
8812
8799
8829
8800
8811
8811
8830
8820
8824
8834
8826
8880
8769
8774
8785
8813
8894
8816
8937
8781
8788
8841
8848
8957
8897
8903
8927
8959
8836
8840
8852
8864
8853
8860
8868
8879
8889
8871
8902
8911
8914
8914
8916
8920
8943
8944
8946
8960
8968
8973
8973
8983
8985
8986
8987
8988
8949
8963
8969
8970
8975
8989
8990
9024
9025
9026
9030
8968
8973
8977
8986
9039
8998
9056
9044
9065
9068
9069
9069
9076
9071
9085
9087
9091
9100
9104
9105
9098
9110
9111
9112
9120
9121
9127
9132
9149
9151
9151
9167
9190
9172
9183
9188
9192
9194
9132
9140
9142
9142
9146
9168
9186
9193
9194
9218
9226
9227
9248
9252
9255
9261
9259
9278
9287
9413
9202
9211
9215
9237
9243
9253
9267
9333
9265
9340
9383
9436
9379
9423
9431
9448
9470
9472
9491
9599
9756
10118
10144
10148
10326
9492
9494
9521
9555
9579
9581
10000
10208
10360
10862
10939
11239
9583
10138
10293
10477
10681
10732
11247
11250
11351
9502
9538
9832
9580
9902
10017
9751
10061
10076
10080
10098
10239
10850
11287
11555
11803
11611
11920
11636
11970
11991
10941
11454
11459
11531
11546
11587
12359
12434
12477
12524
12020
12029
12039
12114
12489
12148
12170
12353
12523
12598
12744
12784
9570
9686
9697
9868
9578
9957
9694
9694
9946
10047
10052
10132
10242
10391
10527
10216
10339
10801
11169
11235
10930
11073
11332
11389
11006
11392
11122
11255
11394
11591
11780
11907
11544
11565
11591
11885
11907
11717
11752
11796
11916
11936
11957
11964
12114
12459
12751
12837
12212
12438
12453
12530
12537
12560
12681
12718
12308
12655
12698
12716
12921
12938
12796
12942
12956
12974
10335
10544
10580
10592
10602
10673
10697
10698
10773
10814
10828
10857
10866
10924
11238
11273
11341
10967
11035
11078
11042
11288
11332
11365
11136
11181
11260
11384
11392
11240
11353
11423
11423
11570
11586
11662
11438
11448
11471
11503
11522
11580
11585
11613
11599
11615
11655
11708
11729
11940
11767
11865
11959
12018
11842
12034
12045
12199
12235
12248
12266
12312
12389
12441
12445
12448
12463
12472
12474
12490
12503
12516
12568
12573
12583
12607
12731
12736
12780
12797
12843
12938
12594
12619
12728
12835
12931
13158
13279
13311
13415
12710
12746
12793
12866
12998
13259
13452
13572
13463
13535
13753
13771
13849
13997
14065
14075
12984
13022
13041
13077
13000
13158
13178
13210
13051
13055
13178
13225
13153
13256
13272
13087
13106
13277
13286
13313
13316
13329
13366
13461
13463
13534
13445
13463
13620
13688
13833
13919
13476
13948
14099
14117
14154
13451
13482
13487
13551
14072
14096
14149
14177
14184
14198
14201
13522
13526
13645
13723
13778
13876
13896
14307
14390
14435
14464
14483
14532
13644
13691
13709
13735
13751
13989
14037
14151
14273
14311
14311
14355
14513
14535
14536
14556
14571
14575
14610
14617
14642
14640
14775
14860
14936
15280
15314
14604
14611
14615
14733
14740
14740
14750
14760
14786
14797
15053
15156
15167
15178
15298
15318
15351
15358
15359
15382
15498
15540
14818
14835
14895
14964
14969
15099
15299
15334
15554
15556
15589
15563
15594
13778
14347
14382
14456
14569
14589
13812
14015
14078
14170
14213
14608
14724
14815
15042
15043
14704
14833
14976
15046
15051
15067
15077
15086
14115
14337
14377
14378
14387
14770
15038
14681
14843
15170
15101
15205
15265
15302
15323
14642
14720
14724
14728
14740
14822
14889
14897
14909
15069
15118
15232
15342
15380
15386
15412
15429
15445
15493
15567
15573
15579
15517
15592
15615
15702
15714
15724
15723
15728
15728
9267
9270
9272
9273
9273
9285
9294
9303
9274
9274
9278
9282
9289
9294
9304
9306
9307
9315
9317
9321
9323
9325
9328
9333
9335
9335
9340
9342
9342
9343
9357
9357
9364
9369
9373
9374
9374
9384
9346
9353
9365
9369
9378
9405
9424
9425
9420
9427
9431
9383
9405
9433
9436
9438
9446
9455
9459
9463
9380
9382
9390
9393
9393
9423
9438
9452
9466
9455
9474
9476
9478
9395
9399
9427
9480
9481
9492
9494
9499
9501
9480
9499
9515
9536
9547
9556
9576
9591
9411
9412
9433
9448
9450
9452
9452
9460
9463
9468
9477
9471
9494
9541
9554
9555
9556
9574
9597
9613
9621
9624
9516
9527
9531
9536
9542
9546
9636
9643
9644
9649
9649
9660
9664
9668
9680
9674
9684
9693
9694
9696
9700
9700
9705
9761
9764
9713
9738
9769
9777
9782
9784
9790
9796
9802
9822
9846
9809
9810
9812
9842
9843
9854
9854
9511
9511
9513
9527
9534
9521
9524
9534
9540
9549
9551
9562
9600
9603
9609
9609
9615
9633
9641
9651
9657
9659
9669
9553
9560
9589
9598
9606
9634
9555
9625
9666
9680
9680
9660
9672
9692
9722
9730
9731
9732
9733
9670
9684
9686
9696
9696
9699
9700
9735
9703
9708
9742
9750
9726
9747
9749
9749
9752
9715
9753
9753
9768
9799
9811
9832
9864
9931
9939
9964
9974
9758
9774
9778
9782
9788
9793
9801
9803
9819
9820
9824
9843
9866
9863
9868
9804
9828
9862
9871
9873
9872
9876
9873
9874
9877
9877
9878
9895
9896
9897
9898
9899
9907
9919
9922
9933
9938
9979
9934
9958
9975
10008
9988
10004
10004
10019
10022
10023
10033
10035
10065
9934
9937
9941
9943
9944
9954
9987
9998
10016
10035
10034
10051
10053
10065
10077
10090
10066
10066
10068
10091
10069
10079
10077
10096
10099
10101
10104
10106
9954
9970
9971
10001
10008
10037
10041
10068
10023
10046
10031
10075
10086
10089
10031
10096
10106
10107
10109
10119
10123
10125
10129
10131
10136
10153
10157
10139
10142
10143
10149
10150
10158
10164
10168
10170
10171
10181
10184
10184
10188
10173
10173
10211
10189
10196
10207
10201
10211
10233
10242
10243
10259
10264
10216
10217
10257
10269
10225
10227
10235
10260
10276
10251
10257
10264
10278
10278
10282
9801
9913
9981
9828
9862
10038
10091
9981
10090
10106
9903
9936
9993
10065
10129
10134
10155
10160
10175
10184
10210
10236
10245
10276
10284
10293
10301
10305
10305
10245
10290
10293
10298
10310
10320
10332
10359
10361
10307
10310
10312
10319
10327
10316
10327
10328
10339
10345
10361
10361
10363
10364
10375
10358
10367
10375
10377
10378
10378
10381
10381
10382
10388
10398
10400
10404
10405
10410
10416
10417
10418
10419
10420
10429
10433
10440
10420
10423
10423
10425
10426
10435
10494
10428
10441
10445
10447
10448
10467
10492
10496
10498
10451
10460
10469
10475
10476
10476
10482
10483
10490
10495
10497
10514
10490
10491
10500
10503
10504
10507
10517
10521
10529
10531
10531
10497
10498
10513
10518
10527
10529
10532
10535
10543
10543
10544
10546
10547
10547
10548
10548
10550
10571
10573
10548
10566
10571
10575
10577
10587
10593
10595
10605
10605
10613
10594
10613
10614
10617
10628
10628
10630
10640
10620
10626
10628
10642
10643
10644
10646
10647
10647
10649
10652
10650
10660
10667
10673
10674
10677
10679
10679
10651
10669
10712
10918
10682
10682
11037
11089
11159
11323
11343
10684
10685
10687
10690
10691
10692
10697
10702
10704
10708
10711
10704
10733
10734
10769
10704
10708
10729
10747
10748
10772
10773
10806
10776
10815
10817
10846
10825
10839
10852
10861
10864
10777
10851
10860
10863
10865
10892
10911
10912
10926
10868
10915
10944
10955
10960
10977
10978
11006
11019
11017
11031
11042
11054
11081
11087
11126
11146
11055
11174
11205
11221
11229
10710
10713
10751
10772
10788
10822
10797
10826
10860
10930
11071
11164
11081
11193
11219
10994
11041
11074
11090
11107
11124
11237
11244
11253
11293
11259
11325
11335
11545
11246
11251
11273
11290
11311
11256
11272
11316
11329
11329
11353
11369
11453
11510
11352
11358
11383
11395
11399
11418
11442
11475
11488
11505
11517
11524
11533
11533
11548
11543
11551
10882
10915
10949
11022
11158
11300
11574
11586
11588
11598
11601
10909
10915
10944
11237
11287
11572
11323
11591
11587
11606
11650
10982
10991
11099
11279
11319
11422
11578
11584
11424
11559
11587
11640
11701
11523
11653
11657
11742
11892
12017
12027
11663
11697
11753
11770
11808
11922
12039
11935
11940
11959
11987
12080
12020
12039
12081
12167
11765
11778
11801
11812
11866
11894
11898
11900
11946
12170
12189
12187
12216
11935
11972
11999
12010
12092
12134
12181
12187
12193
12205
12205
12240
12240
12265
12270
12278
12283
12285
12211
12309
12318
12319
12323
12345
12353
12375
12385
12348
12403
12485
12452
12454
12454
12478
12494
10712
10720
10721
10733
10735
10736
10746
10756
10757
10758
10788
10834
10838
10768
10788
10839
10864
10856
10895
10898
10910
10937
10926
10960
10972
10972
10973
10749
10757
10766
10807
10829
10846
10864
10864
10760
10777
10798
10830
10820
10883
10887
10925
10935
10937
10945
10947
10965
10976
11046
10980
10987
10989
10994
10995
11000
11000
11005
11007
11013
11032
11032
11046
11054
11067
11078
11105
11108
11121
11131
11136
11147
11202
11205
11206
11208
11213
11221
11227
11238
11267
11006
11009
11061
11063
11070
11137
11203
11205
11234
11237
11253
11273
11138
11271
11271
11294
11293
11307
11320
11336
11345
11348
11360
11370
11375
11378
11139
11145
11164
11220
11223
11188
11203
11242
11264
11265
11209
11231
11243
11279
11283
11228
11236
11271
11294
11310
11327
11341
11360
11373
11373
11383
11396
11397
11402
11415
11407
11408
11418
11422
11443
11413
11433
11439
11444
11448
11470
11482
11517
11563
11656
11720
11549
11729
11759
11826
11961
12053
11445
11470
11478
11480
11501
11499
11505
11530
11532
11544
11541
11550
11550
11556
11568
11569
11590
11600
11566
11605
11654
11655
11671
11636
11689
11698
11709
11728
11736
11741
11754
11794
11803
11807
11813
12040
12042
11813
11830
11831
11825
11867
11870
11910
11970
12024
12037
12126
12151
12025
12029
12112
12287
12314
12344
12441
12441
12487
12501
12039
12063
12069
12073
12074
12075
12094
12559
12349
12369
12391
12552
12604
12614
12615
12660
12708
12719
12087
12138
12143
12164
12168
12246
12512
12323
12416
12469
12499
12518
12523
12526
12528
12564
12534
12571
12539
12572
12585
12588
12591
12638
12592
12618
12661
12676
12692
12723
12726
12698
12700
12712
12736
12731
12735
12753
12759
12761
12780
12781
12792
12793
12798
12814
12861
12825
12863
12863
12865
12867
12872
12881
12887
12891
12920
12586
12589
12622
12587
12626
12697
12648
12732
12739
12769
12782
12789
12829
12844
12653
12680
12708
12711
12791
12851
12859
12775
12827
12866
12889
12922
12925
12931
12939
12957
12965
12972
12975
12988
13006
13009
13016
13022
13030
13032
11445
11479
11468
11485
11468
11491
11543
11545
11556
11569
11599
11628
11629
11654
11675
11680
11732
11995
12156
12253
12285
12335
12367
12372
12378
12398
12523
12540
12628
12732
12736
12922
12974
12987
12683
12693
12735
12797
12841
13012
13025
11546
11748
11850
11953
12021
11983
12029
12369
12454
12526
12588
12656
12874
12956
12035
12113
12209
12303
12822
12851
12991
13071
13073
13076
13077
13124
13125
13159
13173
13175
13179
13192
13206
13215
13227
13238
13240
13263
13268
13011
13039
13065
13168
13181
13207
13246
13264
13285
13332
13300
13310
13352
13373
13395
13395
13359
13413
13441
13442
13467
13467
13488
13492
13509
13510
13513
13513
13513
11697
11702
11719
11727
11738
11757
11772
11775
11802
11811
11850
11907
11992
12180
11820
11843
11873
11899
11985
12177
11983
12090
12157
12217
12271
12296
12307
12314
12445
12410
12485
12489
12499
11944
11979
11980
12146
12269
12186
12511
12547
12564
12572
12587
12705
12782
12585
12737
12755
12801
12907
12632
12677
12807
12832
12913
12933
12945
13006
13013
13037
13106
13172
13201
12980
13043
13097
13187
13215
13207
13222
13236
13244
13255
13262
13275
13302
13323
13323
13352
13368
13384
13386
13394
13442
13460
13497
13461
13529
13531
13534
13536
12408
12617
13124
13236
13327
13552
13349
13540
13548
13554
13555
13584
13631
13666
13671
13723
13691
13703
13863
13818
13841
13857
13954
14017
14024
13903
13983
14041
14063
14099
14100
14218
14262
14272
14303
14325
14335
14375
14394
13659
13721
13675
13737
13783
13788
13889
13905
13906
13982
14060
13984
13986
14023
14039
14126
14151
14168
14271
14286
14294
14308
14335
14399
14423
14447
14456
14458
14465
14486
14490
14490
13589
13591
13591
13600
13621
13694
13661
13717
13732
13869
13683
13693
13706
13988
13724
13848
13882
13945
13990
14011
14041
14046
14080
14084
14193
14134
14167
14288
14327
14349
14404
14446
14515
14539
14556
14574
14607
14621
14451
14461
14515
14552
14637
14638
14503
14558
14578
14614
14664
14577
14653
14725
14648
14693
14672
14723
14729
13734
13745
13789
13853
13886
13901
13906
13929
14027
14030
14033
14058
14261
14086
14097
14287
14353
14386
14392
14448
14530
14584
14608
14625
14633
14645
14682
14713
14735
14739
14741
13749
13814
13876
13931
13945
13983
14074
14303
14383
14000
14008
14133
14145
14292
14310
14385
14391
14392
14407
14548
14420
14520
14545
14644
14450
14562
14730
14599
14751
14755
14767
14777
13075
13081
13092
13124
13106
13112
13136
13167
13116
13126
13183
13185
13190
13213
13236
13271
13282
13287
13288
13294
13297
13299
13300
13368
13375
13415
13421
13436
13465
13531
13561
13673
13658
13687
13705
13738
13820
13838
13842
13848
13934
13946
14044
14037
14065
14070
13359
13393
13360
13371
13562
13618
13619
14058
14089
13658
13687
13886
13870
13929
14022
14181
13397
13473
13510
13555
13585
13742
13871
14098
14214
14230
14255
14262
14286
14297
14305
13627
13654
13662
13664
13682
13712
13751
13770
13935
14017
13990
14022
14031
14038
14096
14101
14184
14202
14306
14324
13138
13284
13298
13351
13413
13487
13569
13921
13994
14161
14352
14396
14422
13543
13661
13722
13731
14335
14407
14426
14430
14492
13737
14267
14279
14342
14355
14371
14380
14407
14428
14504
14550
14570
14582
14382
14406
14408
14422
14575
14456
14469
14472
14503
14599
14604
14618
14620
14629
14630
14631
13301
13469
13652
14089
13529
13856
14115
13981
14215
14317
14390
14529
14572
14633
14636
14664
14690
14659
14668
14697
14706
14720
14732
14876
14733
14736
14741
14745
14768
14781
14787
14794
14781
14794
14798
14808
14813
14841
14870
14830
14832
14852
14870
14873
14891
14892
14894
14906
14927
14817
14819
14858
14864
14871
14879
14890
14874
14878
14901
14916
14834
14839
14848
14854
14853
14882
14866
14870
14920
14930
14932
14934
14935
14937
14892
14922
14937
14939
14939
14939
14941
14944
14946
14947
14949
14955
14956
14965
14969
14949
14949
14953
14958
14973
14950
14973
14975
14975
14977
14952
14961
14973
14976
14964
14968
14968
14978
14979
14982
14982
14990
14992
14985
14988
14991
14992
14993
15000
15001
15001
15001
15002
15003
15004
15005
15008
15009
15010
15017
15011
15014
15015
15015
15020
15016
15017
15018
15028
15029
15029
15025
15030
15030
15031
15036
15036
15036
15036
15037
15037
15038
15039
15039
15039
15044
15041
15041
15042
15045
15046
15051
15053
15055
15055
15057
15047
15049
15055
15058
15059
15063
15063
15067
15068
15068
15065
15072
15077
15080
15079
15084
15072
15077
15076
15079
15081
15086
15090
15091
15075
15084
15092
15092
15094
15095
15096
15096
15100
15100
15100
15103
15109
15104
15105
15109
15110
15112
15119
15119
15124
15124
15125
15124
15125
15125
15113
15114
15114
15118
15122
15126
15127
15129
15129
15131
15116
15117
15118
15119
15120
15120
15122
15123
15129
15131
15135
15143
15131
15141
15144
15145
15147
15148
15148
11616
11622
11625
11627
11627
11638
11627
11642
11651
11669
11682
11709
11714
11738
11738
11742
11747
11756
11768
11774
11643
11644
11661
11722
11675
11781
11782
11790
11797
11803
11822
11951
11994
12041
11675
11783
11799
11839
11846
11963
11690
11744
11763
11798
11878
12001
11886
11945
12058
12134
12145
12146
12151
12154
12167
12225
12222
12253
12315
12338
12343
12399
12440
12445
12497
12480
12501
12517
12519
12523
12590
12610
12640
12663
12853
12853
12941
12654
12722
12739
12746
12763
12794
12844
12919
12970
12984
13000
13007
13033
11837
11838
11846
11874
11895
11905
11927
11932
12007
11951
12050
12068
12184
12060
12156
12197
12251
12313
11951
12138
12142
12235
12323
11963
11985
12034
12050
12349
12388
12418
12505
12170
12430
12449
12463
12485
12357
12478
12600
12619
12651
12186
12247
12248
12371
12434
12445
12555
12600
12700
12706
12733
12756
12765
12821
12025
12060
12084
12102
12128
12146
12183
12189
12195
12257
12334
12429
12443
12494
12573
12674
12810
12834
12864
12878
12894
12911
12911
12995
13098
12921
12985
13014
13017
13017
13145
13176
13184
13207
13030
13090
13094
13097
13102
13114
13116
13134
13136
13163
13166
13219
13222
13238
13238
13264
13294
13301
12505
12545
12557
12638
12666
12621
12682
12726
12739
12752
12762
12763
12771
12779
12796
12809
12830
12845
12850
12876
12855
12871
12874
12910
12920
12985
13006
13051
13056
13061
13087
13093
13107
13131
13136
13144
13203
13236
13276
13280
13292
13318
13340
13356
13361
13319
13342
13369
13378
13380
13390
13412
13418
13418
13420
13428
13441
13461
13466
13466
13474
13485
13487
13498
13510
13492
13507
13533
13549
13553
13554
13554
13566
13578
13582
13594
13590
13597
13616
13622
13622
13635
13635
13795
13873
14021
14027
14027
14094
14131
14174
14514
14519
14572
14238
14275
14456
14678
14703
14725
14593
14727
14819
14759
14964
15018
15032
15046
15168
14766
15160
15215
15235
15240
14889
15046
15120
15191
15051
15203
15264
15284
13653
13667
13674
13728
13728
13743
13776
13707
13714
13713
13723
13767
13772
13826
13800
13830
13864
13873
13874
13893
13900
13908
13930
13954
13948
13952
13963
13771
13786
13808
13829
13859
13863
13883
13918
13964
13967
13977
14090
13991
14010
14083
14088
14101
14158
13985
13987
14005
14010
14034
14062
14103
14115
14069
14105
14108
14108
14109
14130
14169
14179
14146
14181
14204
14204
14205
14221
14222
14247
14225
14247
14284
14258
14291
14335
14335
14230
14236
14246
14259
14262
14263
14353
14366
14242
14308
14324
14373
14377
14380
14401
14401
14439
14379
14399
14407
14423
14427
14452
14455
14475
14427
14432
14472
14485
14506
14504
14508
14510
14529
14238
14289
14296
14300
14409
14319
14343
14403
14457
14495
14517
14332
14359
14400
14524
14538
14560
14561
14566
14590
14591
14594
14595
14599
14600
14609
14630
14644
14645
14654
14655
14661
14664
14725
14744
14869
14995
15022
15062
15124
15134
14667
14672
14673
14705
14715
14746
14780
14780
14782
14797
14813
14841
14853
14853
14856
14859
14869
14876
14880
14893
14910
14917
14933
14935
14944
14965
14930
14940
14969
14986
15000
15042
15060
15108
14969
14971
14987
15075
15098
15114
15013
15039
15080
15115
15093
15119
15148
15156
15145
15155
15156
15156
15163
15163
15164
15166
15170
15172
15172
15172
15173
15173
15174
15175
15176
15177
15177
15177
15181
15185
15201
15203
15203
15230
15235
15236
15238
15240
15180
15183
15184
15184
15184
15184
15184
15186
15187
15188
15188
15188
15192
15193
15198
15198
15201
15203
15199
15210
15211
15211
15218
15223
15224
15228
15232
15236
15240
15199
15201
15213
15228
15239
15203
15208
15223
15240
15241
15242
15244
15244
15244
15246
15247
15250
15251
15253
15253
15255
15257
15260
15262
15263
15267
15255
15265
15273
15275
15279
15280
15282
15283
15285
15286
15287
15288
15290
15289
15292
15294
15296
15299
15290
15294
15300
15301
15303
15308
15314
15302
15305
15315
15318
15321
15323
15327
15328
15318
15328
15329
15331
15332
15332
15333
15334
15335
15207
15212
15223
15231
15240
15250
15255
15290
15304
15335
15338
15340
15341
15273
15278
15288
15291
15296
15327
15307
15336
15340
15341
15343
15344
15348
15350
15350
15350
15351
15352
15354
15355
15351
15353
15356
15356
15357
15358
15358
15359
15373
15396
15363
15364
15365
15365
15366
15370
15371
15374
15382
15383
15374
15378
15379
15380
15384
15381
15385
15388
15388
15391
15394
15396
15396
15398
15414
15396
15398
15408
15401
15403
15403
15405
15410
15411
15412
15415
15416
15418
15420
15422
15424
15424
15426
15426
15430
15432
15432
15433
15437
15437
15439
15441
15394
15412
15428
15431
15433
15446
15450
15454
15455
15438
15441
15458
15458
15459
15447
15455
15459
15460
15466
15461
15479
15467
15468
15481
15483
15473
15474
15485
15474
15474
15479
15481
15486
15474
15481
15487
15487
15489
15489
15492
15493
15494
15498
15466
15469
15471
15472
15474
15473
15480
15484
15495
15497
15519
15501
15503
15507
15520
15523
15506
15506
15509
15513
15529
15524
15524
15529
15507
15511
15512
15512
15517
15514
15516
15519
15529
15531
15525
15527
15532
15533
15534
15535
15537
15539
15540
15512
15536
15524
15528
15540
15540
15541
15541
15542
15542
15549
15549
15549
15551
15552
15553
15554
15556
15553
15555
15560
15565
15567
15568
15568
15554
15561
15562
15569
15569
15569
15573
15588
15589
15591
15600
15600
15569
15571
15573
15574
15574
15574
15575
15578
15589
15590
15600
15582
15589
15591
15591
15596
15597
15600
15597
15605
15604
15606
15607
15598
15611
15612
15613
15613
15614
15616
15616
15622
15626
15617
15619
15620
15624
15626
15629
15630
15633
15631
15632
15634
15634
15603
15623
15630
15604
15635
15635
15639
15635
15642
15659
15663
15666
15669
15636
15636
15637
15642
15655
15668
15677
15677
15639
15644
15645
15656
15659
15668
15679
15682
15683
15684
15645
15645
15653
15655
15663
15666
15667
15666
15668
15671
15674
15682
15685
15685
15687
15690
15689
15690
15694
15694
15694
15695
15696
15672
15673
15674
15676
15677
15678
15681
15681
15685
15690
15691
15693
15696
15696
15697
15699
15526
15535
15535
15558
15561
15591
15617
15627
15682
15700
15702
15636
15675
15669
15687
15701
15701
15702
15703
15704
15710
15710
15711
15713
15723
15706
15707
15710
15712
15714
15714
15725
15721
15727
15738
15739
15748
15741
15745
15749
15756
15760
15756
15762
15764
15766
15768
15768
15770
15716
15717
15717
15724
15727
15732
15732
15733
15738
15753
15734
15742
15742
15750
15755
15762
15770
15744
15749
15766
15773
15776
15781
15782
15791
15791
15793
15793
15798
15754
15771
15758
15768
15775
15780
15785
15794
15794
15796
15798
15799
15802
15803
15806
15806
15810
15810
15818
15825
15824
15825
15837
15837
15837
15838
15843
15844
15735
15739
15742
15745
15751
15750
15752
15752
15753
15755
15756
15762
15762
15763
15773
15776
15776
15777
15783
15788
15793
15799
15803
15845
15761
15783
15790
15802
15845
15845
15848
15855
15858
15860
15864
15864
15874
15874
15858
15863
15865
15866
15868
15875
15881
15883
15884
15885
15885
15800
15800
15803
15817
15819
15834
15839
15843
15852
15847
15848
15849
15873
15855
15859
15877
15888
15868
15877
15886
15886
15887
15890
15891
15892
15891
15899
15804
15805
15806
15817
15828
15838
15871
15866
15900
15808
15813
15866
15898
15901
15901
15903
15816
15819
15820
15832
15835
15896
15864
15875
15893
15903
15904
15906
15909
15910
15899
15900
15910
15914
15920
15920
15924
15925
15913
15914
15914
15916
15917
15919
15923
15926
15928
15928
15930
15930
15932
15928
15933
15928
15929
15931
15937
15938
15938
15940
15942
15944
15944
15946
15947
15947
15948
15948
15949
15951
15952
15953
15954
15955
15955
15958
15959
15961
15965
15967
15968
15969
15970
15971
15971
15972
15973
15974
15974
15975
15976
15976
15976
15976
15980
15977
15980
15982
15982
15984
15985
15977
15985
15985
15985
15988
15990
15990
15992
15995
15998
16000
arquivo ordenado pelo algoritmo quicksort tempo da ordenao = 0 nanosegundos

