0
0
1
3
3
3
3
4
6
9
9
9
10
13
14
14
15
19
19
24
24
25
28
28
28
31
34
36
38
41
41
41
35
46
49
74
79
95
99
102
103
45
45
45
49
58
59
61
47
48
50
53
55
59
75
72
78
79
83
79
82
83
86
89
92
97
100
101
102
103
103
103
104
104
105
113
114
115
110
117
117
117
117
126
131
145
148
49
56
100
64
80
90
106
111
127
128
144
152
158
158
160
161
161
163
169
172
185
187
191
198
203
203
191
199
211
220
206
223
223
223
226
234
271
294
295
250
263
280
305
273
299
300
300
317
329
330
228
230
234
232
240
251
252
258
265
267
273
286
286
289
295
303
311
318
318
343
344
345
338
346
352
343
348
353
365
347
363
364
370
373
266
340
355
356
391
374
375
394
376
383
404
409
395
397
415
415
404
419
436
442
437
451
452
461
422
433
455
442
448
449
469
472
473
476
485
487
495
506
506
477
481
493
506
540
507
511
511
540
541
543
546
556
508
510
512
514
526
528
530
539
540
552
554
571
572
579
582
585
556
571
572
575
582
582
588
597
598
603
599
603
604
614
616
619
634
617
635
629
640
629
646
634
650
651
668
673
674
677
680
693
695
697
715
716
706
720
747
750
724
745
749
760
805
783
791
800
808
814
651
657
653
666
663
667
669
696
698
724
769
784
821
829
787
816
816
817
829
831
829
841
871
876
887
888
851
859
856
876
877
882
886
891
899
917
926
954
972
986
5
8
17
12
20
14
25
28
29
30
47
50
53
54
55
58
63
72
74
76
80
51
63
81
83
84
85
86
100
114
122
109
109
114
115
121
122
123
124
125
129
129
131
131
133
132
137
144
133
140
138
151
193
151
156
158
159
161
162
163
164
164
178
165
167
168
170
170
186
200
202
204
200
205
209
211
214
216
173
218
233
236
236
246
246
251
255
256
262
262
264
268
275
284
276
276
394
304
418
451
564
632
639
289
293
298
300
328
384
302
316
410
428
428
434
467
489
497
510
528
553
566
570
598
609
622
653
664
301
303
304
307
316
339
342
344
386
458
496
525
528
571
584
612
626
627
658
658
696
708
791
673
701
808
821
674
720
699
752
773
833
354
354
374
390
398
412
439
448
407
427
459
508
521
534
540
557
560
616
617
635
645
438
561
581
605
648
649
654
656
687
697
740
787
848
849
878
892
896
896
905
908
908
305
314
316
327
329
421
475
510
584
586
631
354
355
369
375
382
388
405
408
432
468
555
608
621
625
650
650
651
694
705
460
465
494
697
745
610
675
716
741
753
804
786
803
812
829
853
874
894
909
921
926
987
954
959
989
996
1001
972
976
994
1004
1013
1002
1013
1017
1020
1023
1038
1040
1043
1047
1048
1051
1056
1070
1058
1069
1071
1071
1081
1086
1092
1093
1095
1095
1100
1102
1125
1132
1132
1147
1148
1153
1103
1107
1116
1118
1118
1119
1105
1113
1115
1119
1123
1127
1131
1132
1157
1160
1161
1163
1128
1142
1170
1176
1175
1178
1185
1186
1191
1191
393
797
1043
468
689
1059
410
538
837
600
920
1178
968
1195
1196
1211
1194
1194
1194
1196
1210
1211
1213
1214
1216
1227
1233
1237
1237
1245
1267
1252
1254
1274
1278
1284
1293
1310
1327
1332
1336
1307
1346
1347
1309
1320
1354
1365
1476
1484
1484
1316
1384
1438
1462
1506
1521
1532
1540
1591
1605
1380
1383
1394
1421
1426
1440
1447
1452
1510
1517
1433
1448
1470
1470
1471
1524
1495
1540
1540
1541
1542
1549
1555
1562
1567
1579
1579
1581
1580
1588
1607
1634
1609
1638
1645
1590
1631
1648
1656
1651
1651
1660
1662
1662
1680
1682
1688
1689
1706
1710
1701
1722
1739
1742
1753
1714
1738
1740
1751
1772
1784
1790
1800
1806
1807
1812
1813
1815
1818
1834
1815
1831
1834
2044
1815
1830
1898
2098
2145
2250
1839
1840
1859
1861
1863
1868
1872
1879
1900
1915
1915
1925
1935
1952
1957
1967
1969
1988
1994
1998
2009
2015
2019
2000
2002
2012
2018
2026
2027
2053
2059
2071
2095
2095
2098
2106
2114
2122
2153
2175
2222
2263
2266
2424
2169
2170
2195
2216
2268
2281
2175
2178
2216
2218
2231
2333
2277
2297
2338
2342
2342
2344
2347
2376
2383
2386
2398
2413
2233
2269
2288
2332
2348
2387
2391
2399
2400
2405
2417
2431
2439
2453
2441
2502
2512
2515
2525
2527
2540
2541
2545
2545
2396
2397
2398
2422
2477
2448
2509
2549
2550
2556
2560
2584
2557
2581
2588
2590
2590
2600
2607
2616
2629
2639
2611
2640
2642
2643
2646
2692
2694
2658
2659
2660
2678
2682
2700
2706
2711
2731
2674
2690
2704
2767
2768
2772
2789
2736
2748
2752
2792
2824
2826
2708
2750
2773
2755
2783
2790
2803
2813
2844
2856
2866
2816
2842
2850
2858
2859
2873
2877
2888
2889
2900
2888
2909
2915
2920
1218
1223
1226
1230
1232
1236
1237
1242
1246
1256
1257
1261
1261
1262
1266
1269
1274
1280
1289
1293
1310
1334
1376
1380
1399
1309
1311
1378
1399
1408
1474
1502
1600
1619
1701
1399
1492
1542
1707
1716
1720
1506
1513
1570
1619
1774
1729
1838
1865
1866
1536
1558
1632
1643
1664
1683
1686
1712
1799
1837
1821
1839
1884
1898
1901
1913
1405
1407
1419
1429
1445
1459
1480
1443
1457
1481
1498
1520
1529
1489
1490
1570
1533
1586
1606
1609
1609
1622
1622
1791
1656
1826
1660
1849
1773
1849
1890
1660
1668
1785
1923
1924
1938
1982
1678
1690
1693
1838
1911
1791
1817
2028
2032
2017
2057
2088
2095
1834
2002
2069
2069
2127
2205
2124
2137
2169
2172
2175
2211
2217
1691
1708
1718
1729
1750
1766
1790
1890
1946
2062
2160
1976
2042
2113
2114
2160
1755
1847
1936
2204
2221
2227
2232
2236
1855
1900
1909
1938
1950
1992
2024
2027
2080
2108
2134
2181
2146
2165
2179
2196
2181
2209
2222
2187
2231
2240
2241
2261
2273
2274
2275
2283
1975
1993
2256
2276
2279
2285
2288
2304
2315
2298
2301
2306
2317
2329
2342
2345
2384
2390
2408
2346
2352
2395
2403
2411
2429
2435
2436
2443
2448
2477
2551
2520
2539
2560
2583
2583
2590
2624
2669
2465
2472
2478
2481
2482
2482
2485
2491
2497
2513
2501
2520
2522
2557
2523
2528
2533
2557
2564
2588
2608
2617
2677
2701
2707
2711
2538
2610
2622
2646
2667
2717
2718
2731
2741
2745
2780
2610
2623
2682
2691
2716
2726
2781
2821
2837
2840
2532
2532
2534
2550
2571
2566
2577
2583
2595
2612
2626
2633
2640
2673
2684
2672
2679
2690
2712
2716
2778
2828
2784
2786
2815
2815
2795
2847
2871
2841
2871
2883
2883
2886
2887
2899
2901
2904
2905
2913
2916
2918
2921
2921
2921
2921
2923
2927
2928
2932
2935
2936
2934
2935
2936
2940
2940
2942
119
124
128
132
130
136
143
131
144
145
149
160
163
168
168
172
176
179
179
180
186
187
182
183
190
194
203
194
197
203
204
205
206
213
217
221
230
231
234
234
235
244
245
245
247
247
248
213
224
251
249
249
251
254
257
277
283
316
305
318
332
336
338
339
346
353
356
394
362
421
255
258
258
255
268
269
278
279
282
290
282
293
301
308
311
315
322
316
318
327
334
346
339
347
351
266
278
286
361
381
363
390
404
407
424
429
441
441
439
443
449
450
454
468
461
478
482
491
373
407
408
424
453
464
498
472
494
494
514
515
503
515
524
525
550
561
564
526
535
551
553
554
559
560
582
565
588
566
568
617
568
599
602
612
624
350
373
376
386
395
404
412
433
445
446
446
448
452
466
498
509
509
535
542
634
635
636
641
656
658
660
662
664
666
668
671
680
686
687
688
690
693
694
696
698
713
735
737
754
769
774
742
774
797
801
808
814
817
850
851
851
863
873
885
889
914
934
939
941
970
966
990
994
967
995
1000
1005
1017
1025
1025
502
509
506
513
513
515
518
533
580
669
695
589
720
724
738
738
754
763
546
550
556
560
568
613
627
630
633
644
654
676
683
685
699
593
594
624
701
715
794
794
795
816
821
827
762
769
772
799
829
835
842
848
852
887
861
893
898
899
909
930
996
1056
931
944
968
976
985
1017
1025
1023
1028
1063
1021
1030
1071
1059
1070
1088
1094
1067
1088
1100
1102
1108
1118
1119
1175
1129
1153
1172
1182
1203
1026
1029
1060
1103
1078
1082
1084
1085
1093
1109
1110
1129
1135
1136
1137
1143
1153
1161
1165
1169
1178
1182
1188
1188
1201
1197
1199
1204
1212
1218
1220
1226
1240
1251
1256
1270
1272
1274
1276
412
521
548
552
561
587
567
627
855
931
986
1071
1088
1168
1183
1205
1262
1289
1301
1314
949
981
1008
1052
1113
1287
1330
1330
1334
1334
1340
1134
1217
1359
1282
1336
1365
1336
1376
1404
1362
1367
1420
1446
1464
1475
1488
1510
1347
1366
1353
1380
1395
1469
1477
1487
1512
1538
1417
1441
1467
1469
1479
1517
1528
1528
1542
1563
1575
1575
1579
1588
1373
1380
1384
1394
1396
1409
1417
1433
1460
1381
1399
1452
1408
1458
1468
1430
1432
1454
1458
1478
1498
1540
1518
1540
1549
1482
1489
1514
1521
1552
1552
1565
1565
1568
1579
1582
1588
1559
1564
1565
1602
1602
1605
1607
1616
1618
1619
1573
1573
1621
1622
1592
1605
1618
1630
1661
1661
1674
1676
1619
1627
1654
1657
1629
1638
1644
1667
1678
1683
1694
1701
1715
1719
1750
1755
1823
1859
1789
1846
1901
1919
1968
1981
2009
2027
2062
2109
2282
2285
2300
2312
2326
2346
2362
1702
1711
1714
1739
1744
1745
1747
1740
1752
1788
1789
1806
1807
1828
1857
1797
1804
1812
1820
1837
1863
1864
1865
1866
1873
1873
1827
1842
1850
1861
1873
1874
1874
1885
1899
1876
1916
1887
1927
1934
1936
1944
1989
1972
2139
2014
2020
2047
2149
2111
2155
2178
2182
2183
2184
2195
2195
2204
2207
2219
2224
1896
1907
1955
1999
2017
2095
1919
1930
1966
1996
2126
2128
1986
2005
2094
2037
2089
2117
2162
2214
2162
2222
2226
2230
2235
2243
2246
2257
2274
2250
2250
2261
2261
2288
2290
2291
2296
1945
1973
1988
2049
2092
2098
2108
1966
2006
2127
2138
2142
2146
2052
2068
2160
2172
2229
2234
2255
2236
2302
2319
2324
2331
2333
2333
2343
2351
2351
2373
2381
2383
2387
2402
2354
2361
2361
2391
2416
2389
2389
2422
2413
2428
2422
2433
2441
2434
2458
2477
2453
2488
2503
2521
2454
2500
2551
2478
2484
2485
2492
2480
2506
2511
2518
2520
2516
2540
2540
2540
2541
2547
2549
2552
2552
2566
2572
2567
2575
2595
1679
1687
1695
1687
1705
1743
1766
1769
1776
1782
1788
1821
1827
1830
1830
1840
1850
1867
1868
1900
1920
1844
1861
1877
1926
1942
1971
1941
2044
2057
2087
2063
2064
2071
2101
2118
2151
2154
2094
2096
2133
2137
2162
2164
2187
2189
2197
2221
2224
2233
2254
2244
2256
2265
2277
2281
2301
2328
2331
2336
2346
2350
2359
2362
2433
2434
2488
2480
2494
2500
2519
2545
2537
2543
2574
2602
2548
2600
2602
2616
2620
2498
2514
2533
2591
2599
2604
2623
2624
2628
2628
2630
2639
2639
2642
2643
2672
2668
2672
2674
2684
2680
2687
2702
2704
2705
2693
2701
2710
2723
2741
2742
2742
2744
2743
2750
2751
2762
2770
2771
2773
2773
2775
2780
2788
2792
2801
2799
2803
2807
2807
2818
2824
2832
2834
2835
2838
2839
2841
2843
2843
2846
2848
2850
2851
2857
2866
2873
2873
2880
2890
2895
2898
2899
2904
2906
2907
2915
2875
2886
2909
2932
2934
2934
2938
2940
2943
2943
2944
2945
2946
2949
2952
2952
2954
2957
2957
2957
2934
2948
2959
2964
2970
2976
2977
2979
2980
2980
2981
2983
2983
2984
2985
2996
3028
2993
3050
3050
2986
2988
2989
2990
2992
2994
3003
2993
3004
3009
2996
3013
3017
3028
3033
3037
3028
3037
3038
3044
3062
3063
3077
3079
3079
3039
3046
3051
3059
3061
3070
3082
3084
3089
3096
3047
3054
3059
3060
3071
3074
3083
3103
3105
3107
3113
3116
3115
3117
3121
3121
2998
3000
3000
3001
3004
3012
3015
3019
3030
3031
3022
3032
3039
3042
3020
3021
3048
3049
3049
3060
3056
3065
3058
3080
3072
3075
3092
3103
3098
3098
3101
3105
3115
3104
3105
3117
3118
3119
3126
3126
3127
3127
3130
3142
3146
3146
3156
3168
3169
3170
3174
3156
3180
3184
3186
3187
3191
3191
3194
3198
3225
3206
3217
3261
3115
3117
3121
3121
3122
3124
3127
3136
3136
3141
3145
3126
3129
3133
3134
3135
3135
3138
3147
3147
3149
3150
3138
3155
3143
3157
3159
3159
3160
3164
3169
3177
3183
3165
3166
3167
3171
3183
3191
3235
3185
3186
3188
3196
3236
3195
3197
3254
3172
3180
3196
3215
3216
3260
3258
3268
3271
3272
3274
3293
3297
3300
3319
3322
3336
3336
3341
3348
3368
3361
3377
3380
3396
4069
3397
3398
3848
4150
3868
4163
4578
4319
4892
5023
5104
3197
3197
3199
3199
3202
3204
3205
3208
3208
3209
3211
3212
3212
3214
3219
3221
3215
3216
3219
3221
3222
3222
3229
3229
3230
3232
3233
3241
3245
3252
3253
3253
3238
3241
3247
3253
3255
3258
3260
3262
3264
3279
3264
3265
3266
3282
3282
3283
3284
3286
3293
3294
3298
3300
3302
3302
3309
3317
3319
3323
3319
3328
3329
3331
3332
3344
3347
3349
3351
3358
3364
3365
3368
3368
3370
3376
3377
3377
3387
3389
3371
3375
3376
3383
3386
3386
3390
3392
3392
3393
3394
3395
3396
3397
3397
3398
3936
4045
4377
5102
5191
5536
5718
5720
5808
5861
700
709
716
732
738
702
721
743
772
795
733
734
740
745
778
788
802
752
765
766
770
771
782
783
784
788
801
803
806
809
837
808
910
817
895
917
929
932
975
981
1021
1075
810
812
845
848
851
867
868
882
889
902
826
939
1097
1114
913
1020
1023
1090
1097
1135
1175
1204
1233
1236
1255
1259
1265
925
925
963
1005
1040
932
1022
1074
965
1001
974
975
1120
1088
1142
1146
1147
1201
1228
1256
1259
1268
1264
1271
1277
1293
1282
1296
1304
1338
1347
1394
1101
1102
1120
1124
1143
1107
1108
1184
1190
1198
1201
1221
1222
1272
1306
1307
1307
1333
1342
1349
1235
1251
1296
1315
1332
1363
1255
1374
1378
1350
1383
1373
1388
1402
1404
1407
1409
1430
1476
1499
1527
1433
1438
1455
1460
1463
1474
1474
1476
1488
1500
1506
1511
1514
1518
1519
1520
1539
1556
1562
1526
1555
1557
1569
1570
1576
811
826
828
829
841
816
827
858
895
905
879
918
922
924
925
926
969
1013
1029
934
942
1000
1010
1022
1041
1025
1092
1098
1113
1132
1135
1135
1214
1140
1144
1157
1163
1177
1245
1261
1270
1164
1203
1232
1274
1276
1293
1043
1070
1098
1112
1137
1152
1169
1209
1229
1225
1279
1293
1295
1324
1218
1239
1306
1370
1381
1399
1416
1447
1393
1400
1420
1424
1467
1422
1492
1494
1436
1519
1519
1538
1544
1547
1570
1572
1582
947
969
985
998
1047
1049
1103
1118
1074
1113
1125
1128
1135
1153
1161
1170
1190
1372
1374
1178
1198
1218
1223
1241
1271
1294
1401
1447
1540
1550
1554
1561
1570
1575
1591
1591
1626
1592
1602
1610
1612
1617
1619
1660
1173
1181
1274
1299
1314
1328
1592
1361
1376
1465
1502
1585
1444
1582
1589
1596
1602
1630
1691
1693
1702
1716
1729
1735
1743
1745
1781
1791
1796
1850
1936
2010
1771
1771
1785
1811
1811
1864
1902
1914
1964
1974
1988
1992
2031
2039
2060
2049
2128
2144
2167
2203
2209
2216
2225
1627
1627
1631
1635
1638
1645
1647
1650
1651
1656
1641
1657
1658
1658
1664
1671
1672
1674
1674
1678
1680
1684
1692
1708
1711
1712
1722
1732
1742
1742
1687
1687
1698
1692
1701
1702
1703
1729
1731
1739
1751
1751
1703
1713
1728
1742
1752
1756
1760
1765
1769
1771
1769
1772
1777
1772
1779
1790
1786
1794
1788
1810
1811
1814
1818
1819
1820
1820
1827
1829
1829
1832
1840
1844
1784
1786
1805
1805
1799
1813
1825
1825
1831
1834
1864
1853
1870
1882
1884
1887
1890
1892
1903
1904
1906
1913
1913
1920
1925
1931
1938
1940
1943
1943
1943
1943
1949
1952
1954
1957
1957
1960
1961
1983
1983
1987
1998
2000
2008
2010
2013
2021
2025
2025
2027
2038
2036
2057
2073
2080
2091
2076
2100
2102
2109
2045
2067
2088
2100
2119
2121
2124
2124
2130
2139
2143
2153
2159
2161
2187
1967
1969
1987
1988
1994
1998
2004
2008
2010
2020
2052
2055
2060
2061
2062
2072
2076
2080
2081
2081
2099
2084
2100
2106
2125
2125
2153
2197
2201
2210
2214
2139
2148
2159
2185
2190
2214
2215
2204
2207
2210
2211
2217
2241
2257
2321
2370
2406
2512
2553
2609
2220
2225
2229
2231
2242
2241
2264
2223
2254
2255
2255
2264
2265
2269
2226
2256
2269
2280
2283
2298
2299
2267
2299
2307
2319
2322
2326
2326
2327
2334
2338
2340
2355
2360
2366
2373
2383
2290
2293
2339
2339
2352
2388
2396
2400
2402
2305
2398
2401
2402
2408
2506
2457
2555
2560
2408
2432
2433
2535
2506
2521
2547
2620
2656
2657
2402
2413
2422
2432
2471
2422
2459
2424
2481
2485
2428
2429
2493
2495
2499
2501
2521
2558
2497
2507
2519
2520
2524
2532
2558
2570
2580
2512
2515
2548
2551
2572
2574
2594
2595
2598
2537
2569
2572
2574
2577
2580
2596
2604
2610
2611
2613
2615
2621
2622
2623
2627
2644
2666
2647
2647
2647
2680
2694
2698
2708
2702
2710
2638
2662
2664
2686
2710
2710
2715
2719
2728
2729
2717
2720
2731
2752
2748
2753
2614
2615
2623
2641
2645
2672
2645
2658
2660
2673
2674
2676
2711
2716
2719
2725
2726
2705
2729
2745
2756
2757
2764
2777
2763
2763
2769
2771
2778
2783
2784
2786
2786
2788
2793
2800
2827
2828
2828
2802
2809
2814
2822
2823
2828
2828
2831
2834
2834
2838
2838
2834
2844
2849
2854
2857
2860
2860
2864
2872
2873
2881
2885
2899
2900
2951
2870
2873
2874
2875
2877
2875
2879
2881
2892
2883
2901
2901
2901
2920
2928
2933
2936
2945
2948
2907
2907
2908
2909
2914
2910
2930
2931
2935
2936
2949
2954
2955
2959
2959
2966
2955
2959
2963
2973
3013
3063
2994
2999
3005
3009
3032
3041
3050
3066
3010
3016
3055
3063
3068
3075
3082
3087
3100
3107
3109
3094
3111
3111
3115
3119
3127
3117
3131
3118
3123
3139
3135
3138
3142
3145
3147
2960
2967
2967
2977
2982
2983
2999
3082
3005
3053
3091
3097
3010
3096
3060
3095
3117
3042
3121
3138
3184
3223
3245
3239
3253
3263
3269
3285
3288
3118
3141
3171
3189
3201
3253
3262
3213
3240
3289
3299
3302
3254
3271
3285
3313
3313
3318
2969
2970
2980
3015
3021
3027
3058
3081
3095
2988
2997
3047
3118
3120
3140
3153
3146
3153
3171
3180
3178
3197
3197
3201
3213
3138
3198
3217
3220
3233
3237
3238
3242
3244
3247
3255
3261
3261
3272
3288
3279
3294
3304
3321
3323
3326
3338
3328
3328
3330
3332
3337
3342
3344
3346
3348
3352
3365
3366
3372
3378
3401
3379
3395
3403
3409
3414
3418
3422
3427
3428
3348
3359
3361
3387
3403
3407
3412
3382
3397
3442
3428
3445
3391
3431
3450
3451
3452
3454
3456
3460
3488
3489
3466
3466
3468
3469
3474
3478
3481
3491
3510
3514
3516
3519
3521
3522
3522
3531
3495
3502
3528
3534
3545
3546
3552
3554
3556
3457
3488
3522
3522
3552
3557
3558
3559
3564
3573
3585
3594
3595
3596
3576
3597
3598
3599
3602
3603
3605
3606
3606
3613
3613
3614
3617
3627
3630
3639
3639
3642
3643
3645
3647
3637
3642
3645
3657
3668
3670
3685
3681
3689
3698
3707
3646
3659
3663
3673
3679
3681
3682
3685
3708
3714
3717
3728
3730
3721
3722
3737
3738
3740
3743
3750
3751
3752
3747
3755
3763
3759
3763
3766
3766
3775
3778
3779
3791
3812
3830
3830
3840
3840
3853
3863
3864
3789
3800
3834
3835
3844
3844
3853
3862
3867
3867
3875
3876
3890
3888
3889
3897
3902
3903
3647
3649
3667
3678
3686
3691
3692
3782
3783
3799
3830
3835
3836
3839
3862
3919
3921
3891
3895
3913
3990
3958
3968
3995
3900
3910
3933
3962
3940
3965
4028
4036
4041
4056
4088
4103
4107
4117
4131
3927
3932
3942
3972
3974
4030
4030
4032
4064
4079
4096
4118
4122
4136
4146
4141
4159
4154
4160
4165
3699
3700
3708
3711
3735
3738
3708
3738
3739
3749
3761
3773
3777
3802
3807
3786
3807
3820
3831
3831
3834
3830
3895
3898
3913
3850
3950
3970
3985
3973
3995
4003
4012
4030
4042
4051
4104
3836
3840
3841
3857
3861
3889
3901
3905
3907
3909
3914
3920
3890
3892
3955
3955
3958
3964
3968
3983
4000
4009
3994
4005
4018
4020
4024
4071
4133
4175
4184
4184
4186
4186
4173
4181
4192
4194
4196
4197
4198
4210
4036
4053
4054
4078
4100
4109
4116
4118
4156
4185
4193
4214
4201
4210
4216
4211
4211
4212
4214
4217
4219
4220
4228
4233
4234
4239
4241
4242
4249
4252
4253
4258
4261
4102
4106
4123
4127
4165
4229
4187
4253
4264
4283
4289
4292
4297
4324
4360
4373
4378
4383
4406
4413
4433
4505
4540
4575
4600
4461
4461
4563
4581
4637
4658
4171
4251
4291
4302
4319
4337
4343
4373
4377
4405
4462
4471
4477
4472
4509
4619
4718
4729
4765
4772
4836
4880
4830
4837
4892
4916
4304
4306
4307
4331
4341
4386
4386
4481
4395
4411
4425
4467
4493
4487
4554
4621
4650
4791
4716
4834
4526
4777
4838
4860
4910
4913
4919
4929
4930
4936
4941
4947
4960
4965
4972
4975
5035
4623
4636
4695
4776
4980
4982
4907
4956
5038
5040
5043
5053
5047
5049
5055
5087
5089
5055
5092
5095
5106
5113
5123
5139
5172
5178
5179
5190
5212
5267
5299
5196
5196
5204
5206
5213
5223
5226
5233
5253
5267
5286
5291
5305
5245
5269
5309
5271
5305
5315
5326
5329
5340
5373
5377
5385
5391
5393
5396
5405
5410
5414
5433
5433
5489
5447
5456
5492
5495
5499
4255
4261
4267
4271
4276
4281
4289
4312
4322
4392
4351
4352
4400
4437
4437
4463
4626
4680
5279
4386
4393
4397
4440
4652
5314
4495
4514
4617
5518
5534
5544
5602
5309
5422
5524
5607
5613
5542
5545
5562
5566
5613
5615
5567
5573
5663
5695
5697
5671
5671
5703
5693
5702
5733
5747
5754
5758
5560
5561
5587
5650
5689
5707
5710
5725
5764
5779
5790
5914
5874
5915
5939
5949
5800
5824
5828
5832
5863
5866
5868
5868
5947
5958
5969
5993
5997
6001
6001
6003
6008
6011
6022
6027
4283
4307
4368
4374
4424
4478
4479
4481
4549
4504
4559
4562
4566
4570
4600
4617
4640
4654
4692
4764
4817
4924
5012
5111
5164
4657
5087
5113
5176
5195
5226
4706
4743
4792
4966
4983
5043
5180
5091
5179
5200
5204
5242
5248
5298
5305
5341
5372
5411
5429
5434
5444
5456
5455
5483
5509
5550
5572
5597
5600
5641
5710
5626
5714
5751
5786
5864
5930
5628
5655
5657
5751
5962
5980
5993
5999
6020
6024
6041
6042
6054
6070
6063
6071
6077
6081
6083
6088
4294
4305
4323
4332
4375
4384
4324
4336
4337
4390
4346
4385
4405
4405
4408
4413
4413
4422
4426
4428
4453
4460
4464
4471
4476
4483
4507
4561
4565
4573
4601
4477
4489
4538
4542
4543
4544
4553
4563
4574
4591
4597
4622
4669
4709
4720
4723
4598
4614
4617
4623
4631
4657
4674
4680
4691
4708
4726
4762
4730
4839
4890
4937
4862
4957
4967
4778
4825
5018
5023
5041
5055
5088
5098
5148
5148
5188
5198
5213
5230
5277
5119
5148
5250
5292
5322
5395
5239
5239
5371
5387
5401
5415
5428
5503
5507
4635
4637
4655
4677
4686
4691
4744
4788
4939
5007
5257
5262
5402
5522
5532
5543
5544
5553
5569
5575
5550
5577
5610
5637
5721
5751
5609
5636
5641
5680
5732
5773
5796
5714
5831
5853
5864
5868
5876
5892
5897
5907
5944
5955
6010
6016
6023
6073
6080
6083
6084
6089
6091
6091
6092
6097
6099
6102
6104
6104
6109
6126
6129
6129
6131
6136
6139
6145
6147
6156
6156
6160
6162
6166
6170
6172
4693
4701
4745
4790
4864
4894
4987
4826
5005
5016
5034
5047
4903
5024
5053
5071
5079
4722
4728
4734
4754
4791
4802
4772
4819
4824
4954
4875
5005
5010
5025
5035
5048
5070
5099
4831
4834
4853
4860
4869
4887
4932
4933
4971
4982
4988
5038
5087
5111
5120
5117
5122
5158
5162
5171
5172
5177
5179
5021
5043
5093
5192
5194
5193
5194
5198
5199
5221
5229
5254
5253
5310
5282
5351
5512
5686
5207
5217
5220
5228
5241
5280
5285
5299
5312
5321
5402
5299
5371
5449
5455
5702
5713
5841
5624
5660
5735
5745
5785
5848
5901
5908
5362
5373
5380
5385
5414
5415
5433
5442
5446
5452
5471
5478
5415
5480
5498
5499
5502
5508
5514
5522
5538
5556
5583
5622
5616
5728
5638
5783
5801
5807
5831
5857
5879
5905
5932
5939
5946
5947
5949
5950
5979
5991
6004
6020
6033
5507
5509
5512
5534
5523
5550
5561
5537
5557
5599
5607
5657
5722
5765
5891
5993
5788
5958
6016
6016
6062
5822
5953
6056
6088
6062
6083
6104
6108
6110
6090
6098
6103
6117
6137
6138
6139
6148
6164
6185
6191
6185
6186
6194
6199
6200
6202
6204
6209
6210
6210
6213
6213
6221
6229
6241
6248
6237
6253
6257
6257
6260
6264
6265
6265
6265
6266
6268
6270
6273
6274
6275
6277
6282
6289
6291
6290
6293
6295
3400
3406
3407
3409
3409
3411
3411
3411
3412
3412
3414
3419
3423
3425
3428
3431
3433
3441
3443
3444
3430
3432
3432
3450
3453
3442
3444
3447
3454
3457
3459
3460
3443
3455
3457
3459
3461
3463
3472
3473
3466
3468
3468
3471
3475
3478
3481
3483
3485
3486
3486
3499
3488
3489
3492
3500
3503
3507
3513
3513
3511
3518
3520
3526
3411
3438
3512
3535
3535
3540
3551
3560
3542
3560
3553
3567
3548
3549
3553
3558
3566
3574
3575
3586
3605
3636
3648
3655
3657
3689
3713
3717
3593
3596
3595
3596
3602
3673
3652
3661
3666
3684
3685
3690
3696
3703
3709
3724
3741
3750
3606
3619
3620
3626
3640
3644
3659
3629
3654
3674
3752
3754
3755
3760
3761
3514
3519
3524
3526
3536
3538
3539
3556
3577
3594
3599
3600
3589
3681
3684
3698
3542
3549
3560
3564
3565
3566
3567
3594
3604
3612
3620
3636
3675
3712
3716
3725
3726
3733
3516
3519
3522
3522
3548
3564
3680
3709
3738
3738
3740
3750
3757
3760
3764
3765
3767
3779
3782
3766
3766
3772
3775
3779
3786
3793
3795
3789
3792
3793
3795
3798
3799
3565
3567
3567
3568
3588
3600
3620
3569
3608
3629
3630
3631
3586
3592
3595
3587
3596
3638
3601
3603
3621
3609
3626
3716
3649
3719
3748
3808
3650
3656
3683
3651
3658
3665
3681
3690
3696
3701
3701
3702
3705
3736
3737
3751
3762
3763
3777
3820
3781
3783
3785
3824
3837
3833
3839
3853
3856
3689
3759
3782
3800
3802
3804
3815
3815
3816
3818
3822
3820
3820
3822
3822
3837
3844
3845
3846
3849
3850
3856
3847
3856
3857
3858
3862
3862
3864
3864
3866
3866
3872
3873
3867
3869
3875
3930
3876
3877
3878
3879
3886
3886
3893
3916
3918
3920
3922
3927
3929
3880
3881
3881
3889
3889
3898
3905
3930
3932
3932
3933
3934
3935
3938
3939
3942
3905
3931
3931
3934
3942
3950
3950
3957
3959
3961
3961
3962
3975
3975
3883
3883
3885
3883
3888
3894
3900
3903
3917
3933
3935
3940
3941
3941
3957
3942
3945
3960
3965
3976
3969
3971
3976
3952
3968
3979
3977
3982
3983
3981
3984
3985
3987
3988
3986
3988
3988
3998
4018
4021
4022
4024
3989
3989
3990
3991
4001
4004
3991
3994
3998
3999
3993
4007
4007
4007
4015
4028
4031
4034
4036
4036
4036
4037
4037
4040
4042
4040
4066
4073
4079
4045
4045
4046
4049
4055
4055
4056
4058
4061
4066
4071
4062
4070
4073
4062
4081
4082
4066
4066
4084
4086
4086
4087
4089
4089
4092
4093
4096
4096
4098
4099
4099
4100
4100
4100
4100
4101
4105
4106
4107
4112
4112
4113
4115
4106
4111
4115
4118
4123
4124
4126
4128
4129
4131
4135
4139
4141
4132
4144
4142
4144
4159
4145
4147
4150
4153
4160
4156
4161
4162
4162
4164
4165
4166
4178
4180
4182
4185
4186
4187
4189
4193
4214
4179
4180
4185
4185
4190
4195
4200
4204
4219
4211
4221
4233
4215
4222
4226
4230
4235
4236
4242
4242
4245
4246
4250
4251
4255
4257
4260
4261
4276
4293
4169
4170
4175
4176
4190
4223
4225
4257
4296
4182
4187
4188
4193
4230
4245
4260
4263
4255
4265
4291
4300
4302
4307
4312
4189
4192
4202
4218
4244
4269
4251
4306
4308
4330
4332
4335
4343
4347
4348
4350
4352
4605
4612
4679
4729
4356
4357
4357
4361
4363
4387
4393
4396
4396
4398
4400
4403
4411
4418
4419
4420
4421
4425
4453
4454
4362
4365
4369
4378
4396
4419
4433
4458
4461
4463
4465
4475
4476
4479
4485
4495
4497
4536
4554
4502
4504
4505
4520
4515
4521
4526
4532
4536
4532
4533
4544
4546
4552
4559
4559
4561
4560
4562
4568
4569
4573
4574
4591
4591
4596
4597
4603
4577
4580
4588
4604
4611
4613
4616
4635
4640
4660
4661
4665
4612
4677
4680
4686
4687
4689
4699
4722
4731
4732
4748
4758
4758
4696
4698
4719
4729
4743
4711
4714
4744
4758
4737
4763
4766
4780
4788
4789
4753
4759
4801
4805
4805
4806
4806
4809
4812
4813
4838
4841
4842
4842
4847
4855
4856
4861
4869
4874
4880
4880
4881
4883
4889
4895
4895
4270
4273
4284
4297
4302
4324
4336
4312
4333
4338
4340
4344
4305
4315
4331
4335
4339
4346
4349
4350
4352
4360
4361
4365
4323
4338
4362
4366
4373
4388
4372
4385
4417
4420
4402
4433
4373
4391
4393
4399
4401
4377
4382
4400
4402
4393
4399
4403
4408
4422
4429
4444
4434
4459
4478
4494
4505
4496
4503
4510
4513
4521
4540
4443
4445
4457
4469
4477
4478
4485
4490
4496
4501
4512
4514
4551
4554
4596
4569
4584
4588
4595
4597
4616
4619
4622
4432
4446
4468
4482
4478
4512
4525
4534
4598
4626
4627
4628
4635
4656
4676
4686
4701
4706
4711
4712
4720
4732
4748
4753
4764
4768
4770
4774
4727
4734
4755
4758
4760
4816
4822
4826
4841
4855
4791
4792
4815
4802
4832
4862
4857
4864
4870
4874
4867
4868
4872
4877
4901
4897
4901
4898
4905
4906
4906
4914
4918
4920
4921
4924
4926
4926
4930
4530
4540
4570
4586
4550
4557
4587
4607
4632
4644
4580
4604
4582
4661
4667
4609
4662
4679
4693
4697
4703
4705
4736
4760
4774
4784
4806
4811
4812
4852
4804
4836
4857
4868
4872
4818
4878
4883
4882
4917
4924
4925
4932
4936
4585
4593
4608
4641
4698
4751
4759
4801
4823
4840
4601
4807
4890
4926
4937
4941
4943
4903
4933
4938
4943
4944
4945
4937
4937
4956
4962
4939
4939
4941
4942
4963
4956
4956
4966
4966
4973
4974
4974
4977
4977
4982
4966
4979
4970
4981
4982
4984
4988
4988
4988
4989
4990
4990
4991
4995
4995
4997
5002
4997
5002
5002
5006
4668
4842
4851
4864
4938
4988
5009
5015
4995
5008
5014
5016
5020
5017
5021
5021
5022
5026
5028
5030
5032
5035
5034
5036
5040
5043
5044
5044
5046
5047
5047
5048
5049
5070
5074
5074
5075
5084
5084
5093
5057
5058
5058
5058
5064
5065
5067
5068
5069
5069
5070
5072
5072
5073
5075
5077
5078
5074
5084
5084
5085
5093
5097
5098
5104
5107
5086
5098
5111
5111
5112
5114
5138
5114
5115
5118
5122
5122
5132
5132
5134
5137
5150
5151
5157
5155
5155
5156
5162
5135
5141
5143
5146
5148
5150
5150
5156
5161
5163
5166
5295
5567
5445
5471
5567
5580
5688
5167
5168
5169
5169
5169
5169
5171
5172
5177
5174
5175
5176
5179
5179
5183
5183
5186
5188
5194
5196
5199
5200
5200
5176
5187
5187
5193
5194
5210
5211
5212
5219
5220
5223
5242
5234
5240
5251
5253
5263
5273
5201
5280
5279
5281
5205
5288
5294
5262
5264
5279
5302
5306
5311
5324
5328
5336
5362
5392
5348
5360
5373
5405
5438
5439
5412
5471
5482
5494
5496
5498
5299
5301
5332
5343
5359
5376
5369
5382
5399
5416
5465
5385
5391
5499
5459
5508
5508
5513
5514
5523
5537
5540
5300
5300
5301
5303
5308
5310
5311
5317
5312
5371
5313
5420
5450
5502
5546
5550
5551
5556
5563
5565
5573
5576
5579
5588
5590
5598
5602
5319
5328
5338
5340
5340
5357
5371
5348
5411
5432
5469
5470
5478
5549
5578
5586
5592
5622
5408
5465
5495
5497
5500
5541
5426
5626
5628
5595
5629
5464
5484
5617
5631
5633
5502
5612
5623
5626
5643
5554
5593
5648
5656
5659
5664
5664
5668
5669
5671
5673
5675
5675
5675
5679
5677
5686
5686
5689
5689
5698
5690
5703
5709
5698
5705
5716
5717
5723
5718
5718
5727
5729
5732
5736
5761
5766
5783
5784
5745
5750
5751
5753
5769
5786
5791
5796
5796
5796
5780
5799
5800
5810
5814
5816
5819
5817
5824
5202
5207
5215
5217
5218
5224
5227
5226
5229
5231
5239
5242
5242
5247
5260
5234
5254
5262
5267
5271
5275
5275
5275
5280
5306
5277
5279
5304
5308
5295
5306
5312
5314
5325
5326
5331
5332
5211
5271
5289
5307
5318
5338
5345
5351
5351
5353
5355
5379
5382
5386
5360
5363
5370
5408
5412
5418
5365
5370
5376
5410
5429
5432
5443
5447
5455
5466
5482
5491
5492
5493
5495
5516
5374
5382
5389
5455
5393
5401
5477
5484
5409
5493
5507
5421
5423
5472
5498
5507
5579
5427
5431
5455
5436
5522
5570
5597
5607
5638
5651
5686
5517
5523
5547
5549
5562
5562
5549
5555
5584
5598
5609
5612
5612
5625
5626
5632
5633
5634
5638
5657
5693
5699
5707
5707
5713
5713
5731
5746
5763
5768
5787
5790
5793
5798
5805
5807
5815
5818
5831
5831
5847
5860
5746
5752
5787
5868
5796
5802
5826
5834
5839
5839
5841
5841
5846
5859
5876
5878
5883
5895
5884
5885
5906
5916
5927
5932
5938
5923
5945
5951
5953
5953
5961
5919
5971
5981
5996
6032
6036
5806
5826
5861
5898
5909
5885
5937
5959
5962
6006
6014
6035
6045
6044
6047
6050
6059
6063
6088
6096
6096
6102
6108
6109
6110
6118
6118
6122
6132
6135
6145
5843
5855
5845
5849
5855
5855
5863
5866
5889
5867
5877
5901
5916
5953
5956
5967
6031
6047
6055
6066
6072
6082
6130
6160
6117
6124
6158
6170
6191
6197
6213
5930
5939
5990
6018
6032
6128
6156
6173
6057
6135
6150
6179
6162
6167
6181
6193
6195
6190
6190
6192
6193
6196
6196
6198
6214
6214
6201
6221
6202
6206
6209
6221
6224
6233
6234
5514
5524
5524
5530
5515
5521
5538
5549
5524
5537
5552
5548
5551
5563
5566
5569
5578
5579
5581
5583
5585
5600
5606
5608
5630
5635
5637
5642
5644
5676
5678
5593
5594
5625
5678
5685
5655
5667
5687
5699
5706
5715
5724
5732
5746
5734
5740
5781
5775
5784
5785
5798
5799
5816
5824
5829
5831
5832
5846
5856
5860
5883
5890
5894
5899
5617
5904
5912
5912
5937
5940
5976
6257
6345
6036
6083
6312
6379
6412
6071
6249
6160
6260
6167
6375
6374
6406
6488
6505
5928
5942
5953
5959
5985
5996
5947
5952
5952
5958
6054
6084
6117
6080
6123
6126
6140
6187
6165
6205
6209
6244
6006
6146
6232
6304
6338
6453
6462
6471
6506
6545
6589
6561
6576
6598
6602
6607
6626
6283
6300
6301
6307
6308
6319
6326
6371
6391
6394
6396
6397
6440
6444
6456
6465
6466
6500
6512
6524
6520
6525
6535
6549
6562
6659
6559
6599
6692
6736
6591
6657
6666
6666
6694
6710
6716
6768
6794
6798
6722
6726
6765
6791
6840
6841
6847
6864
6870
6873
6879
6731
6734
6752
6769
6808
6826
6811
6847
6862
6883
6009
6017
6038
6027
6028
6039
6043
6043
6046
6062
6064
6072
6109
6111
6203
6212
6236
6242
6246
6246
6090
6106
6112
6118
6237
6239
6244
6251
6180
6199
6217
6231
6255
6261
6267
6267
6268
6278
6272
6285
6290
6291
6293
6296
6296
6299
6314
6318
6325
6333
6335
6359
6372
6372
6433
6439
6474
6376
6393
6483
6496
6380
6384
6390
6390
6424
6453
6498
6503
6389
6391
6410
6447
6483
6510
6523
6538
6546
6529
6542
6550
6554
6363
6478
6534
6559
6561
6563
6577
6581
6585
6585
6603
6681
6683
6610
6630
6642
6666
6680
6701
6664
6665
6691
6691
6694
6697
6701
6711
6712
6720
6722
6727
6728
6729
6735
6735
6741
6744
6761
6772
6742
6746
6748
6766
6779
6781
6784
6805
6808
6812
6817
6819
6819
6823
6442
6465
6631
6636
6715
6757
6468
6540
6545
6731
6758
6762
6788
6637
6655
6657
6700
6715
6746
6805
6748
6823
6840
6851
6858
6862
6806
6833
6875
6884
6891
6990
6884
6885
6886
6891
6902
6911
6917
6923
6937
6953
6972
6935
7033
7057
7063
7065
7075
7079
7080
7085
7090
6837
6868
6887
6888
6888
6892
6894
6902
6904
6904
6990
6992
6915
6945
6949
6922
6959
6980
7008
7020
7021
7033
7036
7044
7068
7088
7091
7097
6896
6905
6911
6917
6934
6935
6950
6987
6977
6994
7006
6934
6934
6939
6967
7030
7068
6957
6963
6994
6995
7064
7000
7001
7070
7090
7094
7120
7133
7099
7113
7123
7124
7129
7139
6297
6297
6303
6304
6317
6322
6326
6301
6304
6306
6312
6313
6327
6335
6359
6314
6339
6341
6342
6343
6349
6353
6355
6371
6374
6357
6358
6360
6385
6386
6363
6366
6377
6378
6381
6383
6391
6405
6405
6337
6344
6360
6365
6414
6379
6394
6407
6412
6413
6414
6414
6414
6417
6423
6434
6435
6438
6448
6449
6450
6452
6454
6459
6459
6459
6470
6481
6486
6487
6489
6461
6466
6475
6478
6495
6495
6497
6475
6489
6498
6513
6520
6522
6500
6504
6505
6506
6509
6511
6530
6518
6530
6531
6537
6541
6541
6541
6572
6572
6617
6574
6577
6587
6597
6590
6603
6609
6641
6644
6615
6645
6506
6515
6515
6528
6551
6556
6557
6548
6561
6573
6573
6578
6596
6561
6568
6598
6607
6621
6639
6649
6651
6652
6652
6581
6586
6588
6592
6632
6654
6656
6662
6665
6661
6663
6666
6666
6669
6680
6681
6692
6693
6694
6707
6728
6757
6698
6707
6716
6718
6730
6712
6723
6739
6759
6759
6761
6766
6767
6768
6782
6786
6787
6790
6790
6790
6794
6796
6801
6802
6813
6821
6826
6826
6832
6834
6836
6843
6844
6851
6853
6855
6868
6870
6871
6873
6874
6877
6880
6881
6882
6884
6872
6887
6890
6890
6892
6893
6907
6905
6908
6794
6814
6820
6879
6892
6909
6913
6915
6915
6916
6916
6920
6922
6922
6925
6932
6927
6928
6931
6935
6936
6947
6958
6958
6965
6986
6969
6982
6993
6995
6980
6980
6982
6996
6999
7011
7015
7034
7037
7017
7022
7023
7039
7042
7051
7057
7061
7068
7081
7083
7084
7089
7093
7095
7095
6920
6937
6944
6981
7017
7022
7032
7111
7113
7127
7140
7141
7065
7082
7106
7138
7144
7145
7149
7150
7151
7007
7023
7135
7156
7165
7175
7199
7178
7185
7185
7197
7199
7199
7216
7216
7217
7220
7223
7229
7234
7153
7155
7159
7160
7164
7164
7165
7166
7167
7167
7168
7175
7180
7180
7184
7197
7191
7200
7207
7209
7211
7217
7220
7224
7234
7237
7235
7237
7239
7242
7248
7240
7250
7251
7257
7258
7262
7253
7265
7267
7270
7258
7260
7262
7269
7276
7277
7283
7268
7269
7272
7274
7275
7276
7277
7283
7286
7286
7280
7285
7292
7295
7299
7300
7302
7303
7304
7305
7307
7308
7315
7311
7313
7316
7317
7319
7320
7333
7334
7283
7285
7285
7293
7295
7298
7305
7314
7337
7339
7351
7374
7336
7343
7355
7359
7362
7364
7364
7375
7368
7371
7383
7384
7385
7386
7389
7391
7393
7395
7396
7397
7397
5877
5894
5894
5894
5908
5920
5943
5927
5955
5959
5962
5950
5959
5962
5964
5973
5988
6000
6007
6014
6019
6028
6047
6049
6057
6064
6023
6051
6062
6072
6080
6091
6092
6095
6096
6127
6134
6166
6195
6196
6219
6222
6143
6143
6151
6151
6172
6183
6183
6189
6200
6231
6265
6231
6269
6284
6285
6289
6292
6295
6309
6310
6321
6304
6330
6331
6348
6351
6325
6338
6341
6352
6353
6361
6368
6462
6375
6446
6474
6485
6303
6306
6322
6329
6355
6368
6420
6409
6460
6427
6430
6473
6478
6481
6502
6509
6513
6519
6523
6530
6533
6541
6541
6375
6379
6386
6387
6391
6376
6397
6398
6429
6545
6551
6552
6552
6564
6567
6567
6568
6589
6598
6430
6435
6466
6518
6542
6546
6555
6599
6604
6616
6618
6619
6605
6612
6624
6444
6452
6456
6457
6462
6470
6476
6503
6528
6486
6496
6526
6581
6613
6592
6599
6632
6638
6674
6533
6554
6568
6573
6601
6606
6637
6652
6655
6694
6710
6717
6743
6597
6617
6716
6750
6769
6772
6787
6838
6651
6658
6678
6679
6736
6783
6786
6819
6825
6849
6872
6888
6648
6648
6660
6665
6669
6671
6696
6673
6699
6699
6702
6684
6694
6709
6690
6713
6721
6736
6738
6698
6705
6715
6717
6723
6735
6735
6743
6747
6766
6768
6774
6775
6781
6783
6795
6797
6800
6800
6808
6810
6811
6816
6823
6823
6826
6839
6839
6850
6898
6848
6849
6849
6903
6873
6879
6904
6906
6934
6947
6948
6957
6972
6991
7036
7056
7117
7147
7191
7246
6955
6969
7151
7185
7196
7138
7176
7213
7216
7253
7261
7269
7280
6910
6911
6915
6914
6919
6923
6925
6929
6935
6986
6938
7003
7012
7020
7138
7177
7208
7000
7217
7289
7256
7278
7289
7340
7341
7343
7391
7363
7366
7384
7388
7391
7410
6951
6965
6983
7000
7000
7004
6974
7006
7038
7043
7046
6989
7214
7230
7234
7244
7310
7315
7320
7010
7015
7017
7018
7040
7028
7058
7019
7063
7071
7083
7149
7205
7029
7097
7261
7380
7421
7436
7437
7438
7447
7442
7457
7105
7137
7170
7209
7240
7249
7315
7280
7353
7280
7293
7304
7384
7411
7423
7447
7451
7462
7477
7479
7488
7518
7526
7532
7530
7534
7548
7532
7553
7553
7563
7571
7575
7603
7548
7562
7570
7591
7609
7614
7616
7670
7676
7598
7609
7620
7707
7715
7636
7643
7721
7722
7724
7727
7729
7752
7760
7771
7775
7105
7177
7111
7181
7186
7227
7331
7394
7562
7216
7244
7509
7257
7536
7578
7262
7269
7305
7310
7323
7323
7344
7356
7368
7395
7623
7369
7455
7677
7688
7397
7472
7487
7569
7598
7701
7755
7774
7831
7619
7690
7712
7714
7742
7772
7782
7830
7845
7850
7597
7648
7723
7815
7776
7811
7828
7831
7786
7819
7837
7841
7791
7805
7820
7848
7854
7868
7877
7887
7897
7900
7904
7911
7913
7918
7926
7927
7930
7939
7954
7958
7966
7970
7974
8017
8017
7977
7982
8026
8026
8028
8031
8039
8043
8051
8056
8060
7872
7877
7877
7890
7911
7929
7917
7922
7940
7966
7968
7986
7995
8000
8004
8013
8021
8023
8027
8024
8034
8057
8063
8065
8082
8083
8085
8092
8093
8065
8097
8102
8116
8120
8131
8138
8140
8146
8150
6820
6899
6900
7206
7411
7418
7419
7419
7419
6929
6955
7338
7403
7412
7417
7430
7434
7434
7452
7445
7445
7447
7447
7452
7474
7451
7465
7481
7479
7485
7497
7501
7505
7506
7509
7511
7514
7514
7526
7528
7535
7579
7529
7534
7545
7545
7580
7582
7580
7587
7590
7424
7436
7437
7439
7454
7440
7440
7447
7456
7472
7475
7449
7453
7461
7476
7482
7471
7472
7506
7508
7471
7479
7501
7512
7518
7526
7526
7536
7540
7549
7551
7558
7579
7583
7566
7589
7591
7595
7604
7611
7612
7616
7589
7601
7605
7607
7624
7624
7626
7627
7631
7601
7626
7633
7647
7649
7651
7653
7654
7654
7629
7636
7667
7694
7703
7778
7632
7791
7805
7829
7907
7134
7184
7192
7214
7398
7436
7447
7412
7449
7461
7500
7428
7429
7522
7484
7537
7539
7558
7571
7581
7593
7631
7636
7686
7801
7825
7825
7873
7933
7967
7981
7994
8029
8057
8065
8107
8156
8165
8168
8188
8226
7639
7703
7757
7778
7809
7832
7846
7917
7707
7730
7735
7953
7962
7984
7968
7978
7991
7982
8049
8134
8055
8062
8095
8158
8069
8077
8166
8184
8188
8147
8170
8191
8193
8195
8204
8214
8227
8229
8233
8250
8269
8299
8306
8266
8272
8280
8290
8309
8320
8320
8328
8370
8381
8216
8235
8237
8246
8250
8259
8265
8275
8285
8305
8325
8354
8366
8385
8371
8395
8400
8421
8401
8408
8412
8405
8413
8428
8434
7705
7729
7756
7798
7836
7841
7879
7893
7895
7916
7927
7948
7950
7954
8031
8172
8174
8070
8161
8190
8107
8151
8187
8191
7747
7858
7972
7979
8005
8025
8063
8207
8247
8177
8228
8231
8233
8244
8248
8252
8280
8329
8344
8290
8353
8300
8352
8362
8315
8375
8391
8393
8406
8414
8428
8430
8436
8459
8472
8491
8494
8530
8534
8542
8446
8448
8508
8558
8465
8486
8539
8540
8559
8575
8576
8582
8587
8589
8595
8604
8614
8616
8482
8485
8503
8508
8493
8519
8567
8529
8530
8531
8537
8537
8547
8549
8549
8560
8573
8582
8582
8584
8592
8597
8598
8602
8606
8617
8624
8635
8646
8647
8653
8666
8666
8667
8669
8681
8687
8667
8671
8687
8692
8692
8694
8697
8685
8701
8704
8704
8704
8708
8710
8710
8711
8716
8712
8724
8728
8719
8721
8722
8738
8738
8738
8742
8726
8746
8748
8749
8771
8749
8778
8769
8786
8792
8755
8795
8802
8804
8804
8813
8831
8815
8819
8842
8809
8813
8814
8815
8821
8823
8826
8826
8834
8834
8838
8845
8846
8848
8848
8858
8861
8867
8869
8868
8875
8878
7665
7665
7668
7674
7674
7680
7684
7680
7687
7688
7688
7689
7690
7691
7698
7708
7709
7716
7730
7731
7732
7733
7733
7733
7810
7691
7704
7725
7749
7741
7742
7759
7756
7809
7814
7814
7819
7826
7833
7845
7850
8035
8071
7861
7866
7878
7880
7885
7890
7903
7930
7943
7954
7956
7956
7956
7957
7998
8009
8021
8038
8063
7937
7976
8042
8071
8122
8156
8074
8102
8139
8192
8155
8188
8237
8254
7979
8000
8097
8098
8130
8136
8145
8151
8162
8171
8268
8270
8274
8225
8287
8312
8350
8367
8403
8347
8352
8378
8392
8404
8421
8427
8443
8444
8454
8456
8465
8466
8504
8566
8570
8591
8620
8678
8474
8475
8487
8490
8506
8506
8512
8509
8526
8536
8667
8689
8694
8721
8721
8731
8772
8795
8808
8564
8571
8639
8644
8647
8664
8699
8701
8778
8780
8720
8725
8731
8801
8802
8863
8763
8811
8822
8824
8839
8846
8865
8877
8878
8881
8890
8892
8893
8894
8210
8350
8363
8376
8380
8426
8808
8820
8435
8500
8555
8631
8719
8756
8865
8899
8901
8904
8905
8911
8915
8924
8913
8916
8918
8922
8926
8926
8933
8935
8936
8937
8939
8940
8942
8943
8952
8954
8975
8997
9003
9004
9008
9013
8943
8953
8954
8964
8972
8983
8991
9004
9013
9013
8980
9018
9021
9027
9036
9040
9043
9046
9051
9051
8963
8969
8976
8999
9009
9053
9054
9055
9063
9067
9069
9073
9076
9076
9078
9079
9089
9090
9097
9104
9105
9105
9112
9113
9109
9116
9121
9123
9133
9137
9143
9136
9139
9150
9157
9161
9150
9154
9157
9161
9161
9162
9167
9173
9157
9163
9171
9180
9180
9180
9180
9182
9197
9196
9197
9200
9205
9205
9206
9207
9213
9216
9218
9214
9221
9221
9224
9232
9238
9242
9242
7737
7738
7746
7747
7749
7774
7788
7795
7802
7805
7823
7828
7833
7834
7788
7792
7809
7809
7830
7832
7789
7815
7834
7839
7856
7839
7860
7860
7865
7805
7818
7869
7884
7886
7892
7899
7906
7907
7915
7922
7922
7928
7924
7939
7895
7899
7902
7931
7933
7936
7944
7956
7957
7958
7961
7963
7970
7940
7970
7971
7971
7995
8034
8112
8037
8118
8136
7977
7977
7991
8062
8088
8186
8252
8278
7981
7981
7997
8071
8126
8008
8060
8102
8169
8231
8278
8328
8410
8415
7984
7986
8010
8018
8022
8038
8066
8139
8147
8281
8050
8068
8072
8171
8280
8286
8095
8097
8100
8166
8183
8186
8413
8435
8031
8118
8165
8210
8141
8217
8331
8320
8347
8394
8503
8341
8426
8569
8584
8615
8645
8656
8777
8672
8781
8890
8483
8517
8546
8568
8589
8604
8694
8591
8596
8609
8637
8650
8652
8704
8706
8865
8868
8922
8936
8945
8961
8982
8999
9004
9015
9082
9090
9094
8715
8727
8743
8755
8812
8814
8838
8848
8859
8876
8876
8943
8977
8956
9049
9103
9154
9188
9258
9259
9156
9164
9171
9212
9273
9281
9257
9277
9279
9306
9282
9292
9325
9326
9332
8208
8210
8222
8251
8263
8267
8286
8287
8301
8304
8306
8313
8317
8337
8349
8375
8382
8385
8387
8368
8381
8392
8393
8399
8407
8410
8411
8430
8464
8499
8548
8549
8419
8511
8563
8573
8607
8485
8507
8520
8581
8615
8616
8640
8670
8670
8693
8696
8732
8735
8580
8590
8731
8736
8753
8753
8755
8761
8795
8857
8922
8980
8942
8965
8982
9034
9086
9099
9087
9228
9257
9263
9287
9291
9311
9018
9178
9100
9230
9268
9283
9295
9202
9293
9338
9315
9327
9346
9353
9355
9365
9366
8777
8778
8779
8784
8820
8836
8849
8882
8988
9000
8894
8924
8970
9075
9011
9094
9151
9075
9087
9110
9123
9252
9266
9273
9160
9200
9235
9244
9281
9251
9261
9289
9289
9295
9311
9318
9322
9331
8822
8860
8864
8880
8900
8897
8906
8950
8960
8963
9003
9031
9058
9061
9082
9064
9069
9106
9106
9106
9129
9130
9145
9165
9167
9176
9177
9197
9239
9188
9253
9282
9292
9302
9313
9262
9299
9326
9330
9330
9331
9246
9253
9282
9349
9354
9360
9365
9375
9375
9375
9384
9386
9338
9348
9358
9376
9379
9386
9399
9388
9403
9393
9393
9397
9403
9394
9396
9401
9406
9410
7045
7050
7053
7055
7059
7058
7062
7062
7063
7063
7066
7066
7066
7067
7072
7072
7077
7080
7083
7087
7084
7100
7109
7113
7119
7122
7124
7125
7140
7144
7144
7145
7159
7195
7148
7155
7160
7166
7174
7175
7175
7190
7197
7205
7206
7218
7220
7228
7229
7234
7236
7238
7246
7247
7182
7249
7265
7324
7265
7274
7278
7330
7289
7292
7318
7333
7334
7289
7313
7337
7339
7343
7346
7349
7074
7077
7088
7099
7104
7104
7133
7139
7149
7164
7178
7167
7170
7197
7216
7225
7227
7228
7232
7251
7256
7285
7286
7294
7325
7318
7337
7349
7352
7289
7351
7359
7366
7355
7356
7368
7371
7307
7353
7376
7378
7391
7396
7396
7406
7408
7409
7410
7417
7423
7423
7432
7433
7467
7481
7459
7461
7468
7490
7494
7497
7480
7501
7512
7464
7473
7486
7500
7515
7517
7527
7539
7541
7542
7531
7542
7552
7575
7579
7592
7602
7538
7547
7555
7564
7554
7574
7576
7578
7603
7604
7608
7610
7614
7588
7624
7628
7638
7731
7740
7740
7840
7843
7886
7924
8056
7997
8078
8133
7655
7684
7703
7716
7739
7746
7756
7839
7862
7916
7973
8124
7916
8169
8202
7918
8058
8071
8129
8171
8232
8233
8260
7695
7765
7852
7868
7907
8147
8098
8128
8183
8223
8273
8279
8282
8304
8307
8323
8347
8358
8354
8375
8386
8412
8417
8434
8397
8407
8408
8458
8462
8488
8522
8530
8543
8539
8541
8543
8543
7646
7654
7691
7648
7667
7698
7699
7675
7676
7684
7700
7700
7701
7705
7715
7728
7736
7722
7743
7747
7754
7737
7739
7755
7690
7690
7698
7772
7826
7871
7927
7704
7769
7772
7708
7787
7756
7790
7793
7802
7957
7978
7999
7834
7853
7907
7921
7999
8008
8039
8058
8114
8129
8143
8150
8150
8179
8450
8157
8275
8283
8367
8453
8476
8498
8209
8252
8301
8315
8328
8442
8504
8561
8200
8222
8232
8323
8571
8587
8592
8604
8618
8653
8414
8558
8624
8634
8635
8516
8585
8599
8632
8661
8697
8721
8646
8655
8733
8728
8739
8744
8764
8745
8753
8762
8772
8779
8793
8799
8810
8818
8822
8828
8851
7775
7777
7780
7783
7784
7789
7792
7810
7813
7818
7820
7836
7839
7845
7847
7852
7855
7861
7888
7900
7901
7902
7929
7934
7965
7973
7990
8006
8012
8027
8033
8040
8044
8008
8053
8072
8079
8089
8082
8088
8094
7849
7864
7872
7901
7928
7964
7977
7986
8072
8074
8087
8098
8100
8104
8101
8104
8113
8112
8120
8124
8145
8148
8153
8159
8206
8213
8227
8229
8231
8235
8251
8287
8291
8324
8368
8374
8355
8386
8416
8425
8430
8451
8468
8479
8485
8503
8526
8537
8549
8555
8573
8604
8636
8636
8639
8641
8669
8674
8687
8689
8771
8811
8737
8752
8796
8803
8807
8828
8766
8786
8804
8824
8835
8848
8858
8858
8858
8861
8866
8878
8883
8137
8158
8207
8176
8201
8208
8246
8209
8288
8301
8328
8211
8213
8230
8244
8271
8277
8370
8383
8387
8232
8270
8280
8283
8405
8418
8427
8429
8443
8454
8459
8462
8465
8460
8471
8485
8489
8508
8521
8576
8492
8577
8590
8686
8700
8544
8580
8599
8609
8703
8727
8648
8714
8748
8831
8906
8728
8781
8784
8784
8849
8879
8881
8881
8786
8820
8918
8929
8937
8811
8822
8846
8897
8897
8899
8900
8900
8903
8917
8924
8906
8927
8936
8938
8951
8968
8970
8978
8978
8980
8905
8953
8968
8975
8985
8919
8922
8938
8939
8966
8985
8993
8996
9007
9013
9015
9019
9017
9029
9033
9036
9036
9036
9041
9089
9117
9144
9047
9061
9066
9068
9072
9078
9080
9091
9091
9094
9095
9093
9095
9105
9110
9115
9122
9125
9126
9096
9106
9109
9116
9134
9137
9144
9164
9176
9193
9193
9208
9052
9063
9116
9233
9225
9236
9242
9062
9130
9270
9115
9281
9288
9306
9068
9096
9099
9131
9209
9276
9246
9257
9284
9318
9319
9321
9325
9148
9215
9216
9224
9230
9248
9254
9295
9318
9327
9249
9272
9280
9281
9310
9345
9347
9350
9357
9386
9389
9416
9363
9365
9374
9428
9430
9437
9446
9383
9418
9420
9431
9439
9426
9439
9441
9455
9289
9313
9321
9333
9333
9346
9373
9396
9415
9418
9421
9422
9426
9427
9433
9436
9440
9448
9456
9454
9458
9458
9459
9465
9466
9469
9471
9471
9477
9479
9479
9493
9494
9499
9500
9422
9423
9424
9425
9427
9429
9435
9439
9440
9448
9448
9453
9459
9460
9460
9470
9478
9478
9480
9500
9500
9502
9502
9503
9504
9504
9511
9485
9487
9488
9490
9491
9494
9495
9504
9507
9507
9508
9509
9511
9513
9513
9513
9518
9519
9519
9519
9521
9522
9523
9524
9526
9526
9526
9528
9529
9529
9530
9532
9533
9536
9534
9534
9535
9535
9537
9537
9537
9545
9547
9547
9555
9542
9552
9558
9558
9560
9539
9546
9552
9560
9548
9548
9563
9566
9571
9573
9569
9575
9579
9588
9592
9597
9618
9582
9587
9589
9600
9595
9603
9610
9618
9619
9619
9620
9549
9549
9551
9556
9555
9558
9560
9562
9563
9569
9569
9574
9580
9591
9580
9600
9611
9611
9580
9620
9623
9697
9625
9637
9637
9641
9643
9639
9645
9654
9645
9648
9651
9655
9656
9661
9666
9694
9697
9667
9669
9675
9701
9704
9707
9708
9623
9659
9627
9670
9673
9628
9687
9687
9689
9690
9697
9698
9705
9709
9711
9713
9715
9718
9719
9721
9717
9720
9727
9728
9728
9728
9734
9736
9738
9741
9565
9565
9570
9590
9582
9593
9593
9594
9600
9602
9604
9606
9605
9607
9610
9611
9611
9612
9615
9616
9618
9620
9623
9623
9627
9629
9675
9629
9629
9631
9629
9659
9664
9669
9679
9682
9641
9665
9679
9689
9689
9691
9691
9724
9693
9694
9698
9700
9709
9701
9708
9709
9711
9722
9713
9719
9723
9729
9735
9755
9759
9763
9741
9745
9745
9747
9749
9747
9754
9754
9758
9767
9761
9767
9768
9773
9770
9770
9771
9774
9778
9780
9780
9782
9784
9782
9784
9784
9785
9785
9789
9789
9792
9793
9795
9796
9801
9801
9802
9804
9805
9809
9815
9825
9826
9827
9842
9853
9854
9855
9855
9860
9807
9807
9811
9814
9815
9816
9817
9821
9829
9827
9828
9829
9870
9849
9864
9875
9876
9825
9826
9826
9827
9828
9844
9877
9829
9843
9888
9829
9876
9890
9832
9847
9867
9899
9905
9911
9845
9854
9851
9854
9859
9864
9866
9870
9871
9873
9873
9874
9876
9902
9890
9935
9940
9946
9919
9930
9950
9950
9976
9954
9964
9985
9985
9996
10003
10016
10025
10056
10057
10060
9729
9736
9737
9739
9741
9747
9749
9762
9778
9779
9789
9794
9791
9795
9800
9805
9810
9810
9816
9821
9822
9825
9825
9833
9837
9827
9833
9839
9849
9860
9870
9870
9893
9912
9857
9863
9867
9885
9913
9922
9940
9940
9948
9951
9967
9990
9996
10002
10035
10048
10056
10009
10061
10062
10079
10091
10124
10093
10103
10121
10124
10125
10144
10144
10145
10001
10018
10077
10077
10079
10090
10094
10096
10134
10136
10098
10107
10138
10139
10146
10149
10148
10162
10177
10189
10148
10158
10162
10176
10159
10162
10166
10169
10169
10188
10193
10195
10195
10197
10199
10202
10213
10225
10236
10236
10237
10238
10245
10252
10254
10259
10237
10245
10256
10260
10265
10267
10289
10305
9877
9877
9880
9880
9883
9884
9886
9893
9885
9894
9895
9892
9900
9902
9902
9927
9929
9906
9920
9931
9932
9934
9943
9945
9948
9956
9907
9918
9917
9935
9933
9944
9947
9951
9958
9958
9959
9961
9963
9964
9970
9973
9903
9904
9907
9913
9938
9951
9974
9983
9964
9974
9974
9974
9976
9983
9995
9996
9997
9949
9977
9982
9987
9991
9989
9991
9992
9994
9995
9999
10006
10007
10008
10009
10010
10011
10009
10012
10015
10017
10015
10019
10020
10021
10022
10022
10025
10029
10029
10029
10033
10040
10044
10044
10045
10046
10047
10047
10047
10047
10049
10049
10050
10050
10068
10074
10050
10051
10058
10059
10059
10062
10063
10068
10097
10064
10076
10093
10103
10085
10091
10101
10105
10105
10109
10115
10118
10131
10139
10081
10081
10083
10085
10083
10091
10099
10114
10117
10123
10125
10141
10128
10132
10134
10137
10147
10147
10053
10055
10074
10078
10079
10080
10059
10100
10060
10084
10087
10110
10065
10086
10090
10116
10117
10124
10130
10135
10140
10095
10099
10109
10148
10149
10150
10149
10155
10133
10147
10150
10155
10158
10158
10180
10184
10191
10196
10219
10222
10236
10283
10306
10335
10340
10342
10345
10353
10364
10164
10164
10165
10166
10167
10170
10174
10176
10176
10176
10178
10180
10182
10190
10192
10193
10194
10195
10196
10199
10196
10197
10200
10198
10201
10202
10202
10209
10210
10211
10214
10218
10222
10205
10206
10208
10217
10227
10227
10230
10259
10263
10263
10268
10270
10272
10273
10276
10280
10289
10290
10291
10293
10300
10302
10306
10308
10310
10314
10333
10334
10344
10364
10393
10403
10476
10486
10506
10547
10584
10588
10597
10615
10635
10637
10646
10650
10320
10337
10341
10341
10344
10346
10354
10370
10442
10661
10371
10580
10556
10656
10648
10666
10699
10686
10705
10714
10714
10389
10390
10404
10448
10452
10472
10473
10479
10486
10483
10523
10535
10604
10623
10544
10649
10691
10727
10732
10777
10732
10794
10736
10746
10749
10781
10803
10806
10763
10764
10765
10792
10804
10811
10823
10379
10380
10393
10395
10396
10399
10418
10431
10443
10499
10422
10433
10449
10450
10505
10552
10441
10443
10553
10570
10465
10526
10572
10559
10565
10577
10582
10627
10729
10632
10678
10700
10705
10695
10737
10775
10742
10752
10753
10795
10796
10826
10827
10827
10836
10844
10661
10729
10762
10812
10825
10827
10828
10831
10835
10836
10838
10840
10842
10842
10845
10850
10851
10852
10228
10231
10232
10234
10237
10242
10243
10243
10243
10244
10247
10250
10254
10259
10261
10270
10271
10276
10276
10283
10275
10285
10285
10285
10293
10293
10297
10299
10303
10300
10306
10307
10308
10308
10313
10314
10315
10318
10320
10327
10328
10331
10333
10333
10333
10333
10335
10336
10337
10342
10342
10346
10346
10347
10347
10348
10348
10352
10354
10358
10356
10358
10360
10363
10365
10367
10368
10373
10375
10377
10382
10385
10387
10362
10365
10372
10372
10372
10375
10378
10379
10383
10388
10392
10395
10399
10397
10457
10472
10492
10497
10501
10399
10508
10511
10511
10522
10440
10447
10489
10506
10523
10526
10532
10532
10534
10548
10548
10574
10574
10588
10591
10604
10623
10402
10408
10408
10409
10412
10425
10432
10433
10438
10434
10440
10453
10453
10417
10424
10426
10427
10434
10436
10452
10454
10460
10462
10468
10472
10476
10469
10472
10478
10479
10482
10491
10542
10504
10509
10545
10549
10558
10573
10596
10596
10527
10584
10605
10606
10603
10609
10617
10638
10640
10649
10480
10494
10486
10486
10492
10495
10496
10506
10510
10511
10515
10515
10520
10525
10526
10536
10536
10543
10547
10549
10547
10561
10568
10589
10592
10594
10612
10613
10617
10635
10633
10658
10660
10649
10651
10670
10678
10687
10654
10656
10670
10659
10698
10700
10701
10704
10709
10738
10713
10724
10735
10744
10747
10739
10754
10756
10740
10747
10750
10758
10773
10758
10759
10761
10764
10779
10562
10589
10610
10611
10569
10572
10583
10631
10637
10640
10643
10648
10648
10654
10655
10658
10665
10665
10667
10669
10674
10674
10681
10684
10686
10720
10687
10688
10701
10707
10707
10730
10737
10735
10737
10758
10688
10691
10689
10694
10691
10694
10694
10706
10706
10707
10711
10712
10717
10742
10751
10756
10762
10766
10768
10776
10780
10713
10716
10728
10740
10729
10759
10781
10783
10784
10787
10761
10761
10770
10778
10793
10795
10797
10797
10802
10803
10530
10604
10739
10807
10813
10815
10825
10827
10810
10819
10812
10822
10824
10831
10824
10832
10833
10835
10836
10839
10837
10842
10842
10840
10843
10843
10845
10846
10846
10846
10848
10848
10851
10852
10854
10855
10856
10856
10857
10858
10858
10859
10859
10869
10871
10875
10890
10898
10925
10925
10934
10957
10972
10934
10936
10939
10941
10943
10943
10953
10969
10975
10980
10989
10860
10861
10861
10862
10863
10864
10864
10867
10868
10872
10873
10874
10864
10868
10875
10876
10877
10877
10878
10882
10885
10886
10886
10900
10886
10890
10957
10991
10910
10916
10961
10966
10967
10993
10969
10971
10981
11005
11013
11009
11021
11021
11028
11031
11037
11051
11092
11054
11078
11088
11094
11094
11097
11106
11120
11131
11144
10913
10928
10945
10914
10933
10937
10954
10956
10971
10972
10992
10992
10994
10995
10995
10996
11004
11010
11014
11016
11018
11020
11018
11022
11025
11029
11037
11036
11040
11058
11060
11062
11069
11043
11071
11074
11079
11080
11090
11094
11097
11104
11110
11090
11118
11121
11121
11124
11125
11128
11129
11129
11133
11137
11138
11141
11148
11148
10888
10891
10891
10895
10896
10897
10905
10921
10921
10923
10926
10928
10928
10930
10932
10937
10898
10908
10919
10923
10930
10938
10940
10941
10943
10944
10945
10952
10959
10960
10961
10961
10965
10965
10975
10981
10981
10988
10987
10994
10997
11001
11002
11003
11010
11012
11012
11015
11039
11043
11014
11016
11025
11029
11032
11047
11052
11052
11055
11058
11061
11063
11068
11072
11075
11076
10945
10947
10949
10959
10963
10964
11000
10994
11049
10977
10989
10994
11042
11047
11052
11057
11064
11078
11078
11084
11088
11091
11095
11097
11097
11097
11097
11110
11110
11092
11109
11110
11133
11111
11113
11115
11121
11133
11148
11134
11138
11139
11139
11153
11155
11155
11155
11153
11158
11159
11160
11164
11160
11163
11166
11166
11166
11169
8162
8166
8170
8182
8185
8185
8188
8189
8196
8204
8221
8235
8267
8295
8256
8263
8299
8311
8315
8327
8348
8354
8399
8332
8397
8426
8457
8469
8473
8552
8435
8462
8485
8544
8573
8669
8661
8678
8821
8952
8996
9112
8779
8780
8810
8859
8862
8886
9335
9834
8894
8953
8982
9118
9900
10262
9149
9168
9173
9240
9355
9451
9550
9994
10081
10422
10468
10514
10756
10776
10840
11019
9280
9304
9373
9505
9457
9524
9678
9689
9772
10009
10038
10212
10216
10242
10281
10343
10432
10480
10517
10526
10531
10635
10671
10672
10673
10676
10800
10800
10899
10900
11056
11161
11170
11174
11176
11180
11181
8565
8593
8642
8811
8978
9071
9338
9343
9385
9539
8571
8628
8790
9012
9165
9248
9515
9605
8802
8911
9534
9581
9629
9911
10017
10068
8827
9084
9399
9603
9618
10136
10214
9316
9951
9959
10284
10359
10105
10316
10352
10489
10563
10605
10625
9134
9134
9190
9266
9318
9342
9372
9497
9608
9677
9786
9883
9979
10211
10233
10308
10381
10434
10520
10609
10631
10640
10712
10749
10779
10790
10823
10837
10870
10908
10917
10932
10980
10948
11080
11179
11182
11058
11069
11149
11177
11179
11188
11194
11175
11179
11181
11201
11184
11201
11212
11212
11201
11218
11219
11219
11221
11222
11223
11227
11233
11186
11196
11197
11201
11206
11234
11234
11235
11237
11236
11237
11237
11238
11238
11240
11241
11244
11244
11245
11248
11254
11256
11254
11255
11262
11263
11265
11269
11271
11277
11278
11278
11279
11283
11284
8264
8281
8314
8396
8425
8468
8470
8523
8596
8613
8616
8619
8697
8858
8954
8955
8984
8999
8488
8490
8504
8833
8862
8919
8949
8592
8613
8822
8991
9001
9021
9027
9053
9125
9130
9147
9171
9177
8618
8949
8966
8978
9210
9238
9267
9275
9264
9316
9334
9330
9335
9385
9441
9406
9463
9494
9461
9580
9666
9639
9723
9779
9846
9664
9665
9858
9730
9742
9841
9870
9912
9946
10053
9977
10058
10035
10062
10055
10199
10288
10233
10325
10354
10355
10368
10494
10429
10510
10561
10578
10591
10601
10670
10673
10678
10683
10734
10737
10819
10345
10366
10375
10455
10662
10732
10824
10879
10883
10851
10936
10973
11055
11161
11199
11204
11217
11244
11290
11295
11311
11314
10934
10938
10945
11034
11086
11009
11053
11062
11144
11173
11219
11255
11270
11285
11286
11288
11296
11293
11297
11297
11303
11309
11309
11317
11320
11347
11357
11318
11318
11335
11344
11347
11357
11358
11360
11365
11369
11369
11373
11374
11375
11377
11334
11339
11341
11343
11345
11351
11362
11351
11365
11376
11385
11379
11384
11388
11387
11388
11390
11390
11396
11402
11404
11407
11407
11408
11147
11151
11173
11174
11178
11185
11186
11190
11214
11215
11228
11234
11238
11239
11253
11258
11250
11257
11259
11262
11262
11272
11285
11290
11295
11345
11296
11300
11302
11307
11307
11311
11312
11316
11320
11328
11348
11412
11418
11424
11428
11435
11429
11434
11438
11439
11439
11442
11451
11457
11171
11171
11181
11186
11200
11201
11208
11213
11202
11210
11215
11235
11236
11245
11241
11249
11256
11262
11294
11301
11320
11331
11339
11351
11352
11230
11303
11362
11365
11365
11422
11426
11444
11458
11464
11464
11466
11459
11463
11478
11479
11479
11481
11481
11483
11485
11485
11487
11491
11493
11246
11250
11252
11271
11273
11276
11277
11287
11305
11340
11347
11362
11280
11284
11323
11324
11393
11352
11368
11417
11423
11427
11417
11440
11451
11454
11462
11306
11319
11326
11327
11338
11342
11357
11331
11340
11347
11356
11354
11368
11376
11392
11394
11408
11412
11419
11426
11457
11463
11463
11481
11490
11465
11468
11472
11473
11465
11502
11503
11478
11483
11486
11497
11506
11506
11507
11508
11511
11511
11512
11512
11512
11404
11409
11405
11419
11423
11424
11427
11428
11434
11443
11459
11474
11495
11513
11521
11471
11523
11486
11486
11522
11525
11525
11527
11514
11517
11519
11520
11523
11525
11529
11530
11532
11533
11533
11534
11535
11535
11538
11535
11544
11546
11546
11546
11549
11549
11550
11559
11573
11578
11550
11552
11563
11563
11564
11566
11567
11570
11573
11595
11602
11605
11610
11611
11617
11623
11627
11627
11628
11563
11570
11573
11597
11597
11602
11603
11613
11607
11630
11630
11631
11633
11577
11580
11583
11586
11588
11589
11591
11595
11595
11595
11598
11602
11606
11607
11611
11613
11614
11615
11622
11622
11625
11628
11629
11631
11618
11628
11640
11632
11632
11646
11646
11648
11649
11650
11651
11646
11651
11651
11652
11654
11657
11658
11659
11660
11659
11670
11356
11361
11362
11363
11368
11373
11382
11386
11387
11387
11390
11393
11406
11397
11410
11413
11417
11419
11421
11429
11432
11432
11434
11443
11437
11445
11443
11445
11450
11450
11459
11462
11477
11478
11485
11502
11482
11502
11530
11568
11535
11566
11610
11570
11577
11617
11651
11678
11680
11710
11715
11488
11494
11494
11496
11522
11555
11573
11586
11650
11652
11657
11660
11697
11714
11716
11732
11735
11751
11757
11772
11785
11785
11791
11793
11823
11852
11495
11508
11514
11523
11524
11534
11537
11541
11544
11573
11577
11583
11622
11639
11695
11763
11847
11618
11620
11633
11644
11647
11753
11785
11801
11827
11858
11914
12002
11992
12004
12019
12030
12052
12102
12124
11829
11840
11862
11867
11870
11886
11900
11906
11894
11909
11912
11920
11923
11925
11929
11971
11985
12021
12022
12022
12086
11959
12020
12032
12035
12051
12088
12110
12131
12132
12133
12133
12153
12166
12169
12200
12182
12224
12184
12282
12331
12391
12199
12222
12224
12233
12272
12277
12331
12333
12271
12300
12331
12362
12383
12412
12417
12385
12410
12432
12412
12438
12451
12456
12467
12468
12486
12471
12502
12527
12529
12536
12537
12025
12029
12040
12033
12046
12081
12088
12040
12060
12083
12090
12130
12166
12176
12086
12088
12108
12185
12187
12170
12234
12252
12258
12282
12291
12348
12393
12431
12443
12468
12474
12479
12523
12567
12297
12420
12463
12320
12423
12551
12496
12541
12546
12551
12572
12559
12565
12572
12582
11659
11661
11673
11683
11713
11682
11713
11713
11716
11665
11666
11702
11709
11719
11731
11731
11734
11734
11740
11667
11674
11687
11766
11767
11825
11831
11737
11743
11761
11772
11784
11801
11749
11777
11810
11814
11819
11750
11754
11756
11782
11844
11780
11786
11806
11807
11810
11832
11864
11838
11849
11869
11872
11873
11881
11882
11883
11884
11891
11892
11904
11905
11907
11920
11929
11911
11932
11939
11939
11953
11961
11995
12021
11944
11946
11949
11960
11982
11982
12000
12016
12017
12019
12023
12027
12028
12035
12043
12050
12113
12117
12088
12106
12126
12133
12155
12114
12115
12127
12180
12186
12214
12232
12234
12244
12305
12320
11994
11998
12013
12022
12031
12078
12082
12085
12088
12094
12107
12113
12023
12027
12029
12083
12033
12033
12170
12179
12191
12184
12193
12217
12323
12331
12334
12336
12355
12392
12393
12409
12413
12423
12120
12137
12158
12272
12286
12330
12416
12433
12441
12444
12450
12452
12177
12177
12321
12463
12501
12458
12521
12463
12467
12540
12545
12607
12654
12800
12841
12871
12470
12473
12479
12491
12505
12520
12691
12700
12728
12749
12535
12583
12892
12896
12929
12935
12963
12536
12575
12585
12588
12602
12652
12918
12970
12694
12743
12841
12848
12852
12881
12938
12887
12903
12902
13007
13015
12195
12202
12204
12207
12208
12209
12223
12229
12249
12265
12289
12292
12295
12289
12315
12317
12341
12342
12343
12353
12371
12390
12395
12397
12400
12412
12423
12407
12449
12477
12488
12531
12440
12443
12459
12506
12513
12523
12544
12577
12632
12635
12607
12619
12675
12680
12634
12676
12687
12722
12740
12754
12796
12802
12825
12833
12866
12873
12891
13019
13039
13048
13056
13065
13102
13117
13119
13213
13250
13072
13090
13076
13079
13095
13109
13110
13248
13267
13320
13441
13470
13526
13278
13486
13491
13527
13609
13502
13624
13625
12537
12540
12584
12611
12615
12615
12619
12618
12624
12632
12633
12646
12642
12643
12665
12690
12656
12697
12697
12726
12622
12636
12654
12675
12664
12686
12689
12702
12706
12714
12721
12734
12735
12625
12646
12649
12686
12692
12704
12665
12685
12699
12719
12746
12750
12758
12712
12737
12760
12769
12779
12780
12780
12792
12789
12791
12793
12794
12795
12802
12804
12807
12810
12823
12821
12829
12824
12827
12833
12858
12858
12875
12907
12921
12947
12955
12825
12827
12833
12834
12837
12839
12857
12847
12857
12873
12956
12922
12964
12934
12978
13011
12879
12880
12926
12910
12951
12890
12893
12983
13022
13025
13027
13036
13040
13052
13059
12954
12957
12985
12967
12988
13003
13025
13029
13051
13066
12863
12867
12875
12937
12957
12964
12969
12974
12992
13015
13024
12931
12941
12951
13012
13018
13027
13027
13047
13062
13067
12973
13001
13003
13097
13075
13089
13097
13106
13111
13027
13029
13036
13067
13077
13093
13095
13098
13114
13183
13235
13237
13301
13404
13515
13796
13816
13830
13110
13374
13552
13887
13997
14095
14034
14127
14137
13117
13147
13151
13174
13202
13207
13215
13219
13226
13228
13229
13245
13263
13320
13326
13332
13339
13238
13284
13289
13308
13324
13334
13353
13370
13384
13397
13449
13470
13486
13489
13498
13568
13586
13519
13593
13626
13658
13575
13676
13683
13710
13711
13738
13754
13759
13760
13347
13389
13391
13405
13417
13494
13508
13509
13514
13532
13631
13581
13594
13631
13645
13659
13708
13418
13459
13632
13712
13679
13719
13742
13755
13769
13773
13777
13947
13954
13976
13784
13785
13792
13840
13795
13808
13814
13838
13855
13886
13895
13965
14001
13900
13933
13962
13999
14008
13847
13854
13867
13875
13885
13899
14108
14138
14188
13971
14046
14082
14193
14303
14014
14020
14024
14028
14044
14058
14046
14073
14087
14113
14135
14142
14166
14182
14217
14226
14263
14258
14394
14436
14130
14146
14149
14207
14238
14241
14363
14405
14176
14186
14276
14286
14329
14419
14452
14271
14307
14309
14310
14314
14335
14337
14401
14338
14341
14351
14354
14374
14382
14407
14463
14548
14552
14559
14565
14359
14407
14411
14428
14462
14588
14518
14601
14418
14459
14583
14592
14449
14476
14478
14484
14602
14529
14535
14544
14607
14619
14626
14626
14633
14644
14645
13125
13126
13128
13128
13129
13144
13148
13154
13156
13164
13169
13173
13181
13204
13212
13224
13225
13243
13249
13254
13273
13277
13173
13181
13190
13190
13204
13205
13230
13237
13256
13275
13284
13291
13292
13291
13294
13294
13174
13181
13208
13217
13275
13238
13279
13281
13288
13308
13308
13311
13321
13335
13340
13330
13350
13351
13351
13311
13313
13341
13353
13354
13354
13354
13355
13359
13360
13361
13459
13489
13659
13363
13363
13368
13368
13367
13369
13374
13375
13378
13380
13384
13388
13394
13403
13439
13444
13467
13481
13487
13502
13504
13506
13528
13530
13531
13540
13544
13549
13567
13577
13583
13589
13449
13469
13483
13503
13512
13531
13540
13545
13553
13591
13609
13597
13628
13602
13629
13605
13621
13643
13648
13651
13666
13652
13656
13671
13673
13682
13698
13631
13645
13651
13656
13660
13662
13660
13660
13707
13720
13745
13750
13755
13758
13769
13691
13696
13713
13695
13734
13738
13712
13714
13720
13747
13756
13721
13721
13775
13734
13771
13803
13747
13764
13789
13807
13811
13813
13791
13801
13808
13823
13835
13833
13844
13848
13848
13874
13912
13928
13945
14022
13885
13892
13897
13885
13946
13949
13957
13959
13959
13984
13993
14002
14032
14044
14064
14070
14090
14104
14130
14035
14063
14046
14074
14078
14112
14114
14120
14131
14142
14144
14147
14156
14142
14165
14170
14194
14196
14240
14242
14254
14263
14273
14275
14276
14279
14277
14282
14284
14284
14292
14302
14317
14317
14319
14327
14345
14355
14365
14368
14378
14399
14379
14405
13835
13836
13839
13852
13846
13850
13861
13886
13869
13918
13924
13954
13955
13856
13882
13958
13983
13972
13985
13864
13914
13995
13996
14062
13867
13877
13894
14063
13961
13978
14160
14163
13989
13998
14000
14029
14042
14092
14152
14169
14196
14068
14205
14234
14085
14135
14194
14203
14240
14248
14328
14375
14403
14540
14519
14566
14575
14578
14287
14364
14326
14410
14432
14436
14442
14454
14511
14557
14568
14579
14591
13997
13998
14054
14098
14112
14139
14157
14377
14170
14347
14187
14373
14412
14415
14416
14467
14477
14487
14501
14520
14535
14538
14556
14568
14577
14530
14583
14585
14588
14611
14618
14627
14629
14641
14066
14076
14076
14085
14125
14128
14179
14189
14219
14251
14478
14480
14509
14527
14564
14576
14622
14622
14232
14274
14322
14332
14348
14389
14354
14388
14395
14428
14530
14543
14554
14568
14580
14594
14633
14641
14645
14645
14645
14646
14647
14647
14649
14651
14653
14656
14662
14663
14665
14666
14662
14666
14668
14670
14673
14677
14680
14686
14692
14697
14697
14717
14703
14705
14731
14728
14734
14746
14750
14751
14753
14766
14767
14784
14773
14787
14790
14806
14785
14793
14794
14796
14799
14814
14683
14683
14688
14698
14700
14709
14712
14715
14726
14745
14752
14716
14733
14759
14741
14755
14768
14768
14747
14782
14804
14811
14819
14783
14815
14820
14801
14820
14836
14824
14830
14840
14841
14842
14853
14859
14860
14865
14886
14889
14893
14872
14875
14888
14893
14894
14900
14900
14901
14902
14903
14905
14907
14907
14912
14934
14908
14913
14919
14920
14921
14929
14938
14940
14940
14941
14941
14941
14942
14947
14947
14948
15045
15057
15093
15113
15113
14948
14979
14950
15002
15009
15019
14975
14994
14996
15036
15097
14974
14980
14984
15001
15055
15065
15066
15073
15084
15088
15099
14981
14992
15069
15070
15089
15091
15094
15101
15123
15108
15112
15126
15117
15128
15129
15118
15137
15139
15143
15143
14945
14962
14965
15001
15003
15020
15029
15038
15102
15110
15120
15125
15125
15143
15135
15151
15057
15087
15091
15118
15151
15155
15156
15168
15171
15175
15186
15198
15199
15155
15156
15160
15162
15161
15166
15169
15176
15177
15177
15179
15180
15183
15183
15179
15203
15214
15215
15165
15171
15192
15216
15217
15220
15220
15221
15223
15225
15227
15227
15229
15229
15234
15250
15232
15237
15245
15247
15255
15262
15248
15258
15265
15251
15257
15269
15275
15275
15277
15277
15281
15282
15282
15286
11660
11662
11663
11665
11661
11665
11666
11668
11669
11669
11670
11671
11672
11674
11676
11677
11681
11682
11688
11689
11690
11690
11690
11693
11707
11691
11694
11697
11701
11703
11704
11709
11709
11710
11715
11717
11722
11725
11729
11732
11734
11737
11754
11767
11794
11832
11834
11735
11735
11748
11754
11759
11764
11793
11835
11835
11840
11736
11739
11740
11743
11753
11756
11756
11759
11766
11777
11779
11783
11793
11796
11825
11872
11813
11814
11821
11866
11869
11886
11894
11741
11743
11747
11748
11748
11754
11755
11757
11758
11760
11760
11762
11763
11764
11765
11771
11794
11807
11817
11825
11849
11856
11858
11831
11861
11869
11875
11888
11891
11896
11896
11898
11898
11900
11904
11908
11908
11911
11909
11909
11912
11913
11915
11926
11927
11927
11772
11772
11773
11777
11782
11801
11794
11820
11826
11827
11832
11833
11833
11840
11852
11854
11855
11870
11871
11947
11947
11950
11877
11913
11960
11970
11977
11866
11867
11869
11871
11878
11912
11927
11966
11973
11977
11978
11982
11870
11873
11888
11891
11892
11927
11931
11949
11911
11914
11921
11933
11940
11943
11949
11985
11985
11988
11993
11994
11999
12001
12001
12000
12001
12005
12008
12013
12017
12018
12021
12027
12028
12033
12034
12035
12040
11778
11830
11830
11854
11855
11873
11873
11877
11881
11903
11921
11936
11965
11988
11954
11971
11988
11999
11977
11977
12045
12020
12039
12040
12045
12076
12051
12051
12051
12052
12068
12105
12050
12053
12063
12064
12066
12066
12066
12070
12073
12074
12079
12080
12082
12103
12106
12119
12128
12134
12142
12141
12155
12155
12157
12083
12087
12094
12113
12117
12118
12128
12135
12086
12107
12108
12129
12133
12135
12141
12148
12149
12149
12151
12151
12163
12172
12154
12159
12175
12180
12160
12164
12164
12170
12174
12181
12103
12129
12156
12173
12174
12188
12188
12189
12142
12154
12185
12193
12195
12199
12209
12210
12220
12221
12252
12228
12235
12252
12258
12259
12262
12267
12271
12275
12276
12277
12293
12306
12310
12196
12197
12203
12206
12209
12218
12224
12214
12216
12226
12258
12312
12229
12233
12266
12269
12299
12299
12315
12325
12329
12330
12331
12213
12219
12226
12230
12224
12229
12247
12230
12239
12256
12256
12264
12285
12297
12303
12306
12312
12315
12337
12322
12336
12336
12341
12341
12344
11908
11946
11953
11973
11980
11985
11996
12000
12021
12055
12059
12067
12072
12082
12086
12163
12202
12254
12299
12116
12153
12186
12199
12243
12209
12275
12277
12322
12333
12347
12347
12346
12346
12350
12351
12348
12352
12352
12354
12359
12359
12364
12364
12367
12368
12368
12380
12372
12381
12395
12370
12371
12380
12383
12386
12402
12386
12390
12398
12399
12404
12448
12461
12411
12412
12423
12513
12546
12434
12455
12439
12466
12486
12492
12537
12553
12555
12543
12587
12609
12616
12641
12627
12633
12656
12665
12665
12694
12407
12408
12409
12410
12412
12415
12418
12418
12432
12435
12439
12447
12459
12463
12468
12476
12415
12424
12428
12439
12448
12452
12455
12456
12463
12482
12486
12495
12501
12473
12491
12501
12510
12511
12511
12513
12517
12511
12515
12518
12520
12522
12536
12539
12540
12559
12564
12564
12572
12572
12578
12582
12584
12589
12597
12600
12607
12615
12657
12645
12651
12662
12665
12666
12669
12694
12694
12696
12697
12700
12701
12703
12708
12708
12709
12616
12623
12632
12659
12670
12696
12711
12669
12711
12717
12719
12721
12721
12724
12724
12735
12731
12733
12734
12735
12736
12746
12746
12752
12753
12753
12482
12487
12490
12493
12494
12510
12536
12517
12540
12544
12548
12570
12575
12583
12593
12612
12589
12614
12614
12616
12618
12620
12622
12624
12629
12629
12646
12650
12655
12658
12659
12656
12662
12664
12667
12677
12679
12688
12694
12702
12696
12717
12739
12759
12768
12777
12708
12715
12729
12749
12787
12796
12800
12726
12766
12802
12823
12808
12810
12814
12832
12832
12703
12705
12705
12754
12756
12761
12762
12771
12762
12776
12778
12754
12755
12771
12780
12793
12811
12786
12791
12793
12799
12799
12814
12816
12819
12819
12831
12834
12836
12838
12841
12795
12813
12814
12817
12824
12824
12836
12824
12839
12844
12799
12802
12817
12827
12830
12832
12845
12847
12847
12850
12851
12854
12856
12859
12863
12914
12917
12934
12956
12842
12881
12960
12986
12992
12993
13009
13020
13121
13025
13083
13137
13141
13146
13100
13105
13134
13159
13165
13171
13210
13217
13255
13169
13172
13235
13239
13248
13284
13329
13332
13339
12854
12854
12856
12866
12866
12867
12868
12869
12881
12893
12895
12897
12871
12875
12876
12889
12894
12898
12899
12899
12901
12903
12904
12904
12908
12910
12910
12910
12958
13041
12911
12911
12918
12923
12924
12928
12933
12935
12941
12945
12957
12959
12967
12947
12953
12958
12961
12968
12964
12972
12979
13005
13009
13009
13038
13042
13024
13045
13034
13042
13045
13051
12899
12905
12925
12942
12946
12958
12977
13020
13022
13023
13027
13040
13041
13044
13045
13060
13061
13062
13071
13072
13072
13159
13198
13222
13067
13088
13101
13117
13120
13250
13265
13078
13079
13080
13085
13101
13115
13119
13120
13121
13128
13141
13151
13189
13201
13220
13235
13239
13257
13267
13275
13306
13294
13302
13308
13316
13160
13166
13161
13180
13184
13234
13244
13277
13311
13323
13323
13162
13190
13287
13324
13334
13351
13352
13359
13414
13419
13436
13208
13209
13211
13221
13231
13239
13301
13322
13329
13300
13340
13345
13358
13392
13400
13400
13440
13441
13446
13490
13501
13526
13544
13570
13553
13557
13574
13568
13579
13368
13368
13372
13374
13374
13377
13419
13376
13384
13410
13420
13429
13458
13401
13437
13445
13460
13462
13480
13486
13497
13462
13467
13486
13497
13516
13520
13530
13538
13538
13551
13569
13499
13508
13529
13535
13545
13548
13552
13557
13579
13586
13587
13606
13595
13595
13600
13604
13612
13642
13662
13627
13638
13665
13672
13705
13605
13610
13621
13652
13683
13688
13608
13613
13623
13697
13703
13713
13718
13727
13553
13597
13593
13619
13581
13605
13629
13629
13630
13633
13636
13662
13639
13644
13646
13651
13654
13659
13659
13693
13662
13672
13684
13686
13688
13691
13698
13705
13714
13719
13722
13730
13747
13752
13752
13763
13771
13781
13737
13786
13787
13792
13793
13800
13801
13944
13764
13765
13772
13789
13789
13790
13795
13962
13834
13903
14003
14136
14193
14241
14475
14486
13804
13809
13818
13828
13830
13831
13833
13838
13839
13811
13821
13840
13853
13821
13857
13882
13841
13846
13847
13895
13950
13987
13987
14030
14055
14075
14084
14092
14095
14125
14141
14154
14179
14242
14260
14262
14299
14305
14319
14365
14398
14373
14411
14418
14447
14494
14551
14416
14437
14567
14592
14637
14665
14686
14695
14812
14825
14827
14855
14867
14905
13863
13878
13889
13895
13902
13924
13957
13967
14005
14018
14040
14050
14051
14063
14065
14086
14091
14099
14107
14134
14135
14143
14202
14209
14220
14237
14249
14265
14332
14287
14308
14420
14312
14312
14351
14405
14422
14481
14441
14496
14972
14929
15009
15065
14464
14604
14634
14652
14830
14915
14920
14925
15081
15104
14313
14356
14379
14506
14703
14728
14761
14803
14865
14972
14981
15010
15032
15033
15044
15080
15109
15098
15129
15111
15146
15153
15154
15166
15171
14436
14448
14465
14467
14488
14495
14545
14624
14515
14525
14654
14669
14677
14701
14717
14718
14749
14751
14776
14832
14776
14847
14891
14923
14964
15053
15075
14777
14854
14887
14909
14929
15033
15047
15147
14859
14995
15171
15173
15194
15182
15198
15201
15260
15262
15268
15273
15277
15279
15282
15319
15326
15333
15208
15211
15217
15229
15244
15283
15293
15340
15343
15355
15369
15376
15377
15379
15384
15391
15393
15396
15404
15408
15428
15429
15433
15435
13860
13868
13874
13876
13914
13883
13888
13909
13918
13923
13931
13932
13937
13938
13960
13970
13987
13990
13936
13937
13940
13957
13967
13969
13970
13987
13995
13997
14008
14034
14075
14141
13999
14003
14031
14055
14081
14093
14113
14168
14181
14182
14189
14214
14019
14030
14077
14082
14086
14091
14109
14171
14210
14245
14252
14171
14197
14232
14239
14253
14260
14277
14280
14317
14333
14350
14351
14367
14367
14368
14375
14117
14122
14137
14140
14157
14231
14256
14321
14402
14335
14353
14398
14419
14459
14474
14520
14530
14580
14599
14642
14644
14367
14512
14514
14624
14649
14691
14662
14738
14789
14796
14871
14672
14713
14747
14802
14851
14913
14662
14726
14754
14784
14801
14855
14919
14880
14924
15042
15065
14795
14978
15002
15019
15020
15021
15122
15181
15188
15049
15068
15168
15168
15191
15203
15233
14111
14112
14128
14132
14149
14153
14327
14409
14487
14176
14185
14236
14271
14323
14346
14407
14565
14581
14586
14615
14632
14646
14723
14348
14373
14439
14602
14614
14724
14760
14762
14767
14768
14806
14855
14877
14921
14834
14860
14869
14903
14908
14908
14957
14987
15005
15006
14930
15062
15092
15098
15140
15198
15176
15224
15240
15244
15122
15164
15248
15294
15196
15247
15251
15298
15199
15233
15267
15317
15331
15350
15305
15330
15365
15402
15430
15437
15442
15345
15393
15405
15417
15497
15508
15415
15448
15513
15432
15434
15444
15462
15471
15503
15506
15514
15515
14887
14944
14951
14964
15000
15187
15206
15279
15289
15346
15304
15315
15351
15363
15377
15379
15390
15417
15424
15431
15453
15438
15447
15471
15454
15465
15473
15480
15488
15489
15494
15518
15488
15517
15519
15528
15547
15576
15520
15520
15529
15541
15555
15563
15577
15576
15577
15578
15585
15586
15031
15049
15158
15164
15305
15321
15293
15342
15359
15378
15379
15388
15433
15447
15453
15539
15588
15482
15517
15544
15574
15583
15594
15408
15427
15427
15444
15445
15456
15470
15481
15488
15509
15517
15532
15587
15538
15557
15562
15573
15590
15599
15601
15603
15604
15605
15608
15609
15609
15616
14925
14971
14940
15014
15035
15043
15083
15086
15101
15158
15184
15078
15283
15290
15320
15324
15326
15295
15342
15353
15359
15382
15392
15418
15493
15419
15516
15595
15600
15610
15628
15432
15435
15437
15438
15450
15444
15505
15520
15503
15526
15558
15467
15559
15611
15620
15628
15639
15530
15534
15546
15560
15589
15605
15630
15636
15636
15640
15641
15642
15648
15653
15655
15658
15664
15665
15666
15667
15659
15659
15662
15664
15665
15668
15678
15288
15289
15296
15307
15313
15333
15342
15348
15397
15404
15431
15365
15369
15430
15472
15482
15370
15445
15461
15477
15497
15379
15422
15503
15507
15504
15510
15542
15551
15558
15565
15367
15369
15371
15388
15399
15409
15400
15429
15430
15431
15438
15468
15472
15483
15496
15474
15483
15500
15505
15515
15516
15550
15578
15588
15594
15598
15602
15361
15389
15452
15457
15482
15612
15615
15624
15613
15628
15628
15629
15675
15688
15617
15623
15628
15633
15636
15653
15655
15662
15663
15657
15680
15681
15697
15706
15720
15728
15736
15754
15667
15668
15670
15682
15688
15690
15692
15690
15698
15700
15702
15703
15703
15705
15713
15715
15705
15706
15715
15724
15731
15747
15748
15753
15757
15760
15693
15693
15697
15699
15701
15701
15702
15710
15714
15720
15725
15725
15695
15698
15702
15713
15715
15726
15728
15734
15738
15739
15740
15744
15751
15758
15774
15783
15788
15793
15742
15755
15756
15757
15762
15765
15795
15798
15767
15783
15790
15793
15794
15795
15800
15802
15804
15764
15764
15771
15782
15804
15806
15806
15807
15785
15805
15807
15809
15766
15771
15778
15786
15788
15789
15794
15796
15796
15797
15799
15806
15810
15813
15814
12958
12961
12965
12972
12973
12974
12991
12994
13004
13009
13016
13017
13031
13031
13041
13044
13045
13046
13011
13014
13015
13032
13018
13022
13052
13078
13050
13105
13140
13186
13058
13078
13074
13079
13084
13086
13094
13091
13098
13111
13141
13113
13150
13151
13189
13283
13300
13291
13319
13320
13334
13344
13202
13202
13204
13204
13217
13219
13219
13222
13222
13256
13269
13221
13227
13232
13236
13260
13240
13282
13298
13319
13334
13338
13378
13382
13262
13294
13320
13333
13357
13393
13397
13387
13424
13403
13426
13428
13437
13404
13433
13439
13452
13459
13475
13479
13494
13494
13495
13503
13504
13507
13800
13834
13947
14101
13508
13516
13523
13524
13532
13533
13547
13560
13612
13613
13686
13615
13662
13657
13715
13741
13760
13766
13773
13788
13827
13882
13926
13986
14084
13771
13786
13796
13808
13809
13832
13852
13877
13893
13901
13928
13934
13957
13962
13971
13998
14017
14043
14103
14103
14113
14122
14152
14158
14159
14166
13547
13548
13564
13582
13582
13589
13609
13625
13682
13685
13705
13706
13710
13721
13875
13837
13879
13939
13552
13636
13640
13641
13727
13773
13835
13836
13897
13947
13989
13999
14023
14032
14057
14070
14140
13759
13819
13877
13882
13930
13944
13994
14016
14018
14033
14040
14110
14139
14142
14147
14153
14154
14175
14183
14184
14210
14211
13095
13095
13097
13098
13106
13108
13109
13116
13130
13145
13154
13156
13158
13162
13197
13205
13220
13235
13240
13248
13250
13254
13270
13287
13289
13105
13277
13298
13302
13307
13308
13427
13332
13344
13375
13414
13415
13434
13435
13459
13478
13481
13487
13500
13528
13532
13539
13554
13583
13354
13387
13420
13539
13564
13586
13594
13426
13592
13946
14063
14186
14215
14263
13437
13458
13560
13578
13484
14225
14363
14439
14450
13462
13478
13510
13514
13523
13557
13547
13643
13645
13647
13744
13787
13797
13858
13896
13918
14127
13923
13970
13982
13982
13991
14165
14226
14235
14293
14253
14262
14263
14271
14273
14281
14324
14382
14392
14414
14416
14435
14445
14550
14316
14319
14351
14613
14395
14523
14549
14683
14353
14477
14502
14503
14527
14557
14622
14684
14719
14301
14311
14317
14341
14314
14331
14342
14356
14388
14399
14400
14404
14406
14406
14414
14416
14421
14428
14441
14446
14448
14450
14459
14518
14553
14578
14579
14692
14693
14741
14798
14820
14828
14467
14469
14478
14514
14529
14549
14566
14568
14590
14719
14758
14799
14851
14669
14676
14709
14736
14762
14775
14777
14791
14791
14863
14866
14877
14891
14910
14912
14914
14920
14949
14955
14964
14965
14416
14457
14441
14462
14485
14496
14497
14519
14551
14563
14766
14794
14794
14598
14606
14701
14710
14807
14808
14510
14545
14658
14604
14623
14676
14681
14684
14696
14838
14873
14885
14904
14848
14926
14951
14960
15026
14788
14817
14789
14793
14821
14834
14883
15001
15028
15045
15068
15071
15104
15117
15199
15132
15157
15199
15206
15236
15250
15266
14965
14973
14981
14982
14982
14985
14996
15012
15016
15119
15020
15133
15073
15154
15182
15196
15201
15203
15211
15216
15229
15021
15025
15073
15121
15141
15169
15172
15199
15204
15248
15250
15259
15277
15028
15029
15041
15054
15089
15213
15237
15251
15253
15254
15281
15295
15304
15313
15315
15317
15320
15321
15321
15327
15344
15362
15364
15290
15311
15306
15343
15298
15304
15367
15302
15374
15393
15401
15402
15407
15414
15417
15423
15424
15440
13595
13603
13605
13629
13611
13615
13702
13611
13645
13703
13690
13726
13745
13756
13758
13803
13814
13888
13647
13715
13766
13770
13941
13958
13964
13971
13976
13990
13995
14006
13992
14007
14012
14013
13673
13678
13814
13825
13827
13880
13852
13862
13873
13936
13989
13998
14014
14014
14014
14021
14023
14044
14053
14055
14093
14132
14137
14156
14162
14212
14251
14253
14268
14275
14278
14057
14059
14082
14130
14139
14130
14147
14165
14178
14230
14277
14301
14306
14314
14319
14332
14368
14396
14435
14353
14377
14459
14475
14354
14387
14435
14402
14483
14504
14517
14537
14797
14824
14862
14880
15039
15186
15442
15505
15537
15545
14505
14523
14527
14553
14564
14565
14598
14618
14623
14636
14653
14669
14670
14676
14691
14692
14719
14762
14809
14836
14850
14862
14901
14912
14952
14992
15009
15036
14973
15054
15118
15081
15124
15154
15207
15213
15011
15117
15360
15467
15488
15223
15362
15404
15417
15489
15495
15522
15512
15537
15595
15578
15706
15543
15570
15571
15580
15605
15644
15666
15692
15599
15609
15614
15645
15680
15688
15701
15722
15723
15735
14675
14699
14703
14791
14875
14975
15200
14758
14910
14950
14961
15012
15042
15185
15262
15238
15256
15268
15292
15429
15433
15459
15459
15459
15483
15485
15490
15494
15502
15526
15528
15590
15591
15507
15564
15590
15610
15633
15635
15642
15649
15649
15654
15676
15678
15706
15728
15763
15772
15743
15759
15762
15765
15773
15778
15778
14355
14385
14398
14422
14427
14363
14378
14413
14450
14473
14565
14607
14612
14623
14637
14693
14762
14896
14768
14905
15159
15004
15172
15174
15307
15427
14731
14747
14785
14884
15307
15108
15465
15531
15706
14780
14826
15091
15276
15531
15450
15527
15612
15702
15702
15741
15785
15785
15797
15798
15809
15810
15811
15817
15818
15819
15820
15820
15821
15821
15822
15823
15824
15824
15826
15828
15832
15834
15835
14660
14662
14680
14736
14744
14746
15008
15084
15412
15523
15533
15664
15835
15718
15724
15737
15820
15837
14777
14981
15052
15111
15134
15232
15447
15339
15545
15803
15362
15509
15522
15837
15840
15841
15569
15733
15843
15844
14722
14766
14786
14888
14928
14935
15014
15147
15166
14741
14805
14828
14875
14956
15195
15223
15239
15002
15181
15250
15373
15478
15534
15555
15566
15613
15619
15684
15684
15700
15712
15739
15787
15751
15757
15818
15826
15835
15838
15845
15846
15846
15846
15892
15904
15944
15847
15849
15850
15850
15851
15852
15852
15852
15852
15853
15853
15853
15854
15854
15855
15860
15861
15869
15871
15872
15863
15865
15867
15868
15869
15869
15870
15873
15876
15876
15857
15866
15866
15867
15876
15870
15877
15867
15880
15882
15887
15883
15884
15887
15891
15885
15886
15893
15888
15892
15893
15893
15896
15854
15860
15864
15878
15898
15898
15902
15904
15909
15899
15915
15924
15900
15916
15924
15925
15907
15909
15920
15922
15925
15926
15927
15936
15937
15930
15943
15934
15949
15957
15957
15931
15939
15937
15949
15938
15944
15970
15974
15960
15962
15964
15965
15968
15971
15973
15976
15976
15979
15915
15917
15917
15920
15921
15923
15926
15932
15929
15930
15930
15932
15932
15932
15933
15936
15936
15945
15948
15948
15949
15950
15953
15956
15960
15960
15964
15964
15974
15975
15975
15981
15979
15983
15983
15983
15984
15984
15986
15988
15988
15989
15990
15991
15993
15989
15995
15995
15996
15996
15996
15997
15998
15998
16000
arquivo ordenado pelo algoritmo quicksort tempo da ordenao = 0 nanosegundos

