2
11
14
15
17
21
27
35
41
59
42
57
58
71
86
82
93
101
120
130
150
173
130
132
133
142
157
165
177
178
30
32
45
47
49
56
81
81
94
179
187
193
218
219
221
229
232
244
268
278
249
278
250
329
343
291
325
344
336
365
373
375
378
381
387
395
425
404
406
479
441
463
484
490
492
498
499
507
527
528
540
552
594
597
517
540
569
583
603
615
617
628
554
570
670
672
689
703
716
719
726
714
748
781
788
788
832
858
859
880
904
912
919
959
974
1013
1018
1063
929
934
1071
1078
1116
1116
1178
1016
1044
1057
1088
1186
1228
1231
1270
108
110
126
128
150
151
226
233
269
376
465
561
331
401
449
472
585
169
195
197
222
320
563
611
621
654
695
716
747
286
308
344
373
402
414
467
545
702
739
767
746
759
769
803
811
848
852
859
861
867
887
897
899
944
1038
1305
1464
1489
1289
1397
1413
1514
1437
1514
1507
1600
1609
952
1018
1040
1042
1165
1099
1336
1354
1452
1488
1356
1524
1553
1555
1570
1624
1704
1674
1675
1730
1722
1758
1783
1803
1806
115
139
191
218
223
258
293
274
346
534
349
357
364
398
421
457
531
554
621
627
631
720
734
745
764
788
775
792
797
940
952
999
999
1013
1187
1555
1154
1872
1891
1918
1931
1049
1068
1091
1151
1332
1349
1648
1955
1981
2115
2166
2166
1807
1810
1814
1844
1885
2086
1822
1865
2119
2167
1898
2099
2142
2171
2178
2183
2213
2222
1902
1905
1907
1961
1965
1987
1996
2196
2031
2240
2067
2068
2252
2097
2283
2289
2300
2289
2319
2342
2354
1069
1077
1113
1122
1302
1307
1331
1331
1359
1376
1459
1512
1688
1770
1778
2064
2366
1615
1710
1796
1955
1845
2192
1886
2205
2321
2333
2371
2376
2376
2377
2385
2407
2403
2430
2438
2442
2444
2444
2462
2485
2514
2565
2537
2578
2591
2539
2558
2565
2602
2575
2594
2609
2620
2620
2600
2643
2653
2673
2681
2743
2751
2751
2586
2592
2616
2633
2634
2662
2682
2867
3019
2675
2731
2742
2761
2746
2756
2879
2938
2965
3022
3047
3132
3227
3270
3345
3065
3233
3267
3348
3415
3380
3388
3417
3462
3508
3520
3562
3612
3616
3671
3680
3684
3695
3724
3756
3778
3802
3850
2766
2783
2787
2807
2863
2865
2897
2793
2807
2818
2837
2869
2894
2901
2916
2925
2929
2946
2954
2967
2993
3003
3019
3023
3052
3038
3063
3097
3112
3102
3111
3117
3117
3149
3181
3191
3218
3224
3249
3267
3279
3313
3333
3338
3357
3365
3394
3395
3035
3088
3175
3280
3292
3311
3333
3336
3376
3383
3394
3396
3402
3449
3449
3456
3472
3481
3486
3496
3499
3506
3546
3552
3554
3566
3298
3316
3327
3338
3346
3358
3361
3375
3389
3519
3545
3580
3585
3601
3603
3614
3606
3609
3632
3650
3664
3701
3702
3708
3708
3801
3732
3775
3839
3802
3836
3844
3870
3872
3893
3830
3863
3866
3873
3878
3878
3881
3908
3929
3903
3908
3908
3920
3923
3932
3957
3961
3962
3977
3970
3984
3982
3986
555
556
566
583
588
575
575
589
598
601
639
616
660
683
656
684
657
690
706
738
750
754
918
979
764
781
782
801
850
873
873
959
980
887
1237
999
1021
1076
1163
1177
1208
1219
1040
1098
1177
1256
1315
963
1008
1251
1261
1304
1400
1416
1426
1439
1450
1455
1475
1485
788
832
844
849
879
950
1052
946
970
1061
1066
936
1029
1049
1069
1089
1090
1119
1106
1147
1152
1162
1194
1222
1204
1204
1226
1350
1399
1458
1338
1495
1501
1505
1525
1531
1555
1565
1566
1700
1713
1883
1886
1941
1584
1595
1595
1600
1609
1614
1628
1617
1679
1707
1723
1756
1601
1659
1688
1718
1735
1759
1778
1796
1830
1883
1896
1698
1738
1742
1820
1897
1900
1902
1845
1975
1990
1996
1996
2007
2028
2036
2087
2123
2198
2260
2273
2278
2448
2545
2282
2388
2528
2581
2471
2606
2608
2647
1998
2021
2032
2044
2075
2078
2085
2089
2099
2108
2112
2118
2142
2179
2192
2143
2202
2209
2265
2275
2283
2350
2371
2379
2224
2235
2310
2320
2335
2371
2403
2427
2445
2452
2464
2482
2290
2401
2414
2446
2553
2476
2507
2630
2659
2503
2547
2549
2565
2599
2678
2574
2578
2683
2710
2700
2731
2751
2924
2936
2751
2757
2790
2791
2825
2775
2860
2785
2868
2883
2884
2900
2933
2938
2941
2954
3032
3106
3110
3143
3178
3186
3213
3217
3222
2959
2975
2977
3002
3043
3093
3141
3173
3215
3307
3240
3253
3346
3319
3362
3373
3398
3073
3100
3108
3118
3150
3219
3361
3408
3425
3455
3463
3487
3208
3213
3224
3233
3246
3269
3282
3303
3459
3497
3500
3534
3543
3563
3566
3304
3445
3410
3534
3591
3596
3598
3338
3339
3342
3372
3439
3458
3465
3508
3552
3609
3610
3613
3614
3622
3623
3638
3643
3633
3646
3741
3762
3820
3824
3652
3656
3663
3674
3684
3766
3668
3687
3787
3789
3839
3725
3858
4011
4056
3961
3970
3998
4373
4002
4221
4308
4392
4453
4460
4457
4472
3778
3820
3826
3841
3891
3917
3919
3927
3928
3944
3960
3991
3994
3839
3847
3867
3932
3944
3951
4000
4002
4014
4017
4032
4037
4042
4058
4062
4090
4263
3999
4051
4064
4087
4121
4121
4130
4159
4172
4197
4307
4255
4302
4313
4322
4347
4182
4347
4356
4372
4378
4379
4383
4400
4423
4435
4437
4455
4476
4481
4486
4489
4069
4071
4088
4084
4092
4094
4117
4138
4160
4162
4166
4182
4183
4199
4102
4104
4107
4122
4132
4160
4178
4189
4204
4219
4220
4224
4228
4275
4276
4321
4243
4249
4301
4320
4329
4362
4377
4309
4384
4384
4387
4441
4350
4360
4361
4404
4395
4410
4433
4441
4448
4482
4490
4496
4496
4498
4500
4504
4504
4505
4515
4525
4535
4535
4539
1187
1213
1344
1384
1440
1714
1768
1828
1832
1415
1525
1574
1612
1638
1660
1758
1845
1851
1920
1967
1995
2003
2078
2176
2182
2196
2229
2231
2263
2301
2243
2274
2337
2351
2545
2584
2752
2773
2805
2813
2825
1225
1227
1229
1246
1248
1272
1393
1489
1554
1568
1265
1334
1405
1531
1789
1810
1613
1813
1826
1845
2101
2129
2102
2156
2213
2257
2266
2382
2458
2480
2532
2559
1350
1702
2018
2351
2698
2831
2877
2878
2925
2926
2940
2979
2985
3059
2998
3067
3079
3112
3152
3155
3208
3253
3407
3422
3506
3269
3282
3300
3388
3491
3624
3711
3600
3639
3651
3688
3707
3722
3788
3794
3833
3885
3832
3840
3909
3926
3870
3910
3936
3947
3943
3956
3958
4000
4037
4069
4048
4090
4065
4075
4164
4185
3977
3986
4011
4020
4082
4096
4180
4197
4316
4201
4344
4339
4453
4506
4228
4326
4372
4411
4473
4487
4492
4522
4555
4557
4561
4570
4576
4577
4596
4607
4609
4689
4614
4618
4620
4625
4631
4631
4648
4658
4676
4680
4694
4728
4738
4761
4777
4779
4785
4797
4809
4633
4644
4646
4654
4657
4670
4701
4732
4737
4747
4757
4771
4813
4813
4815
4816
4845
4525
4540
4561
4631
4646
4651
4661
4570
4576
4588
4709
4725
4740
4754
4625
4633
4676
4805
4805
4824
4611
4649
4732
4753
4838
4860
4872
4883
4904
4839
4841
4843
4849
4864
4865
4867
4875
4886
4888
4889
4889
4897
4905
4909
4923
4929
4929
4932
4933
4933
4939
4941
4955
4956
4970
4990
5024
5060
5116
4960
5024
5032
5083
5090
5161
5196
5278
5295
5064
5085
5135
5188
5221
5302
5341
5344
5364
5428
5433
5433
5469
5479
5588
5595
5751
6322
5501
6720
7037
7146
7262
7474
5451
5497
5629
5675
5924
5946
6114
7166
5685
5705
6003
6310
6819
7612
7908
8063
8065
8073
8100
8157
5525
5534
5564
5593
5687
5734
5617
5677
5689
5750
5752
5862
6848
7128
6426
6694
6977
7182
7265
5695
5710
5802
5840
6417
7456
7467
7495
5958
5977
8478
7033
8060
8103
8181
8662
8295
8348
8541
8696
8885
9015
9044
9047
9097
9112
9151
9160
9168
9200
9222
9268
9330
4964
4975
4985
4990
4991
4995
5000
5015
5021
5028
5057
4987
4987
5032
5041
5071
5071
5088
5091
5015
5021
5027
5035
5071
5094
5117
5124
5134
5146
5160
5161
5184
5020
5061
5086
5157
5215
5223
5187
5193
5196
5201
5233
5253
5273
5253
5290
5297
5276
5300
5255
5264
5276
5315
5316
5325
5328
5333
5342
5342
5354
5368
5376
5380
5140
5142
5159
5170
5182
5201
5228
5240
5251
5439
5523
5525
5532
5602
5656
5661
5681
5783
5259
5376
5382
5424
5435
5459
5391
5477
5533
5541
5564
5574
5849
5545
5568
5929
5957
5579
5667
5961
5988
6011
6197
6666
7438
6713
6768
6734
7595
7595
5612
5627
5644
5671
5682
5695
5719
5760
5785
5806
5762
5814
5835
5839
5868
5999
6197
6257
5865
6356
6392
6782
6861
6964
7147
7164
8159
7249
7329
7357
7442
8075
8537
7436
7716
7773
8015
8036
8498
8617
8664
8759
9238
9392
9442
9501
8124
8497
8634
8691
8846
9039
9252
9384
9429
9480
9581
9625
5395
5398
5401
5411
5420
5425
5426
5496
5457
5497
5433
5473
5477
5493
5510
5527
5528
5529
5530
5542
5545
5544
5546
5567
5559
5574
5611
5620
5705
5786
5579
5627
5792
5793
5823
5854
5875
5902
5905
6076
6260
5685
6383
6535
6658
6659
6681
6666
6777
6832
7035
5644
5646
5649
5651
5660
5701
5716
5728
5729
5727
5734
5744
5759
5774
5780
6453
7006
5786
5807
5878
5892
6438
6346
6459
6516
6686
6426
6434
6514
7035
7038
7178
7222
7260
7142
7185
7417
7441
7611
8163
7388
7390
7710
7726
7876
7892
7973
8007
8020
8213
8258
8358
8392
8548
8551
8570
8678
8913
8926
8969
9076
8692
8713
8794
8990
8991
9218
9220
9285
9348
9197
9381
9403
9403
9443
9445
9535
10654
9552
9562
11522
11578
9630
9639
9651
9656
9690
9757
9861
9867
9964
9989
10024
10163
10212
10346
10635
11204
10800
11512
10577
10721
11131
11926
11930
10355
11495
11858
11868
11993
11994
11995
12245
12067
12136
12468
12565
10444
10487
10679
11112
11367
11420
11453
11806
11810
11833
11968
11981
12248
12430
12626
12797
12813
12817
12343
12410
12923
12963
13240
13297
13423
13579
13593
13638
13651
13687
13766
13850
13886
9904
9945
10163
10335
10382
10481
10513
10502
10742
10595
10761
10790
10850
10998
11001
11055
11075
11127
11168
11301
11111
11298
11328
11224
11383
11705
11362
11470
11509
11540
11797
11801
11817
11705
11774
11838
11911
12021
12058
12116
12266
12340
12351
12458
12063
12415
12669
12686
12687
12742
12826
12885
12895
12781
12807
13077
13091
13231
13257
13442
13680
13707
13776
13801
13821
13847
13863
13900
13919
13936
13939
13975
14000
14055
14094
14124
9672
9718
9736
9704
9825
9936
9964
9981
10017
10217
10175
10253
10258
10440
10725
10399
11177
11424
10388
10495
10541
10564
10632
10729
11103
11242
11582
11624
11727
11875
12198
12245
11010
11366
11931
12470
12462
12496
12581
12829
12582
12743
13158
12953
13165
13317
13816
14019
14125
11037
11105
11112
11464
11674
11752
11975
11226
11420
11650
12540
11696
12592
12791
12547
12843
12957
13187
13187
13300
13364
13837
13699
13857
14064
14152
14248
14344
14418
14465
14638
14714
14848
12261
12875
12944
12894
13346
13672
13854
14129
14177
14222
14147
14310
14321
14411
14486
14270
14390
14404
14486
14602
14447
14573
14616
14661
14668
14698
14712
14736
14769
14807
14827
14851
14902
14954
14983
5880
5891
5893
5894
5899
5908
5908
5919
5921
5932
5931
5942
5946
5954
5964
5969
5978
5972
5984
5989
5989
5990
5991
5999
6002
6006
6014
6016
6017
6028
6036
6040
6046
6050
6053
6058
6078
6084
6088
6094
6100
6112
6147
6113
6191
6135
6196
6223
6246
6259
6265
6268
6104
6109
6115
6137
6142
6153
6153
6160
6197
6213
6216
6235
6260
6274
6273
6330
6342
6297
6305
6305
6308
6328
6345
6349
6356
6357
6359
5974
5999
6163
6172
6173
6204
6257
6286
6311
6360
6365
6364
6365
6372
6373
6374
6378
6432
6383
6383
6386
6387
6390
6391
6391
6398
6413
6415
6448
6452
6460
6429
6439
6460
6461
6472
6489
6473
6477
6483
6512
6482
6515
6544
6545
6501
6555
6555
6563
6691
6526
6531
6541
6766
6585
6593
6625
6641
6648
6691
6688
6715
6728
6767
6640
6642
6708
6716
6717
6782
6748
6787
6801
6802
7087
7338
6773
6773
6794
6809
6915
6945
6952
6989
7009
6940
7092
7099
7135
7148
7382
7428
7464
7614
7636
7790
7818
7902
8044
8191
7190
7220
7262
7452
7485
7491
7609
7664
7665
7230
7704
7771
7722
7766
7850
7847
7905
7967
8010
8040
8043
8053
8173
8207
8243
8272
8277
8321
8348
8372
8400
8406
8456
8547
8417
8498
8523
8586
8586
8625
8648
8619
8699
8709
8754
8762
8773
8818
8868
8904
8920
9361
8921
8962
8974
8995
9014
9077
9220
9222
9249
9235
9261
9299
9310
8990
9019
9156
9134
9181
9204
9245
9323
9371
9432
9467
9496
9522
6809
6825
6851
6866
6868
6876
6877
6946
6996
6940
6972
6998
7028
7002
7027
7010
7039
7049
7059
7075
7078
7088
7092
7104
7117
7119
7134
7145
7197
7241
7385
7385
7428
7451
7517
7678
7685
7234
7312
7424
7444
7518
7707
8361
7840
8399
8849
8937
9299
7875
8076
8218
8626
7970
8068
8203
8345
8913
8649
8947
9376
9447
9447
7559
7570
7608
7690
7745
7762
7763
7865
7898
7912
8083
8138
8184
8339
8500
8605
8617
8665
8716
8742
8747
8850
8900
8937
8999
9095
9197
9260
8959
9313
9459
9534
9592
9554
9567
9683
9571
9615
9663
9699
9746
9771
9696
9760
9798
9829
9834
9868
9843
9846
9900
9864
9930
9990
9992
7819
7832
7859
7874
7965
8008
7866
7986
8261
8273
8986
8362
8473
8549
8557
8606
8687
9014
9155
9372
9744
9846
9916
8454
8528
8565
8618
9272
9645
9866
9996
10007
10093
10101
10148
10163
10224
10225
10330
8567
9042
9975
10014
10023
10032
10033
10051
10051
10209
10316
10342
10367
10062
10205
10206
10223
10332
10344
10370
10384
10388
10407
10449
10455
10109
10112
10125
10177
10268
10275
10293
10182
10296
10376
10208
10429
10471
10357
10476
10493
10494
7254
7287
7311
7282
7329
7408
7469
7506
7527
7338
7344
7483
7512
7520
7597
7599
7605
7647
7647
7670
7770
7781
7781
7857
7870
7877
7898
7911
7916
7940
7947
7978
7996
8016
8063
8068
8097
8112
8164
8181
7840
8243
8273
8316
8329
8396
8517
8549
8571
8612
8630
8721
8885
8945
8905
9190
9198
9245
9302
9314
9454
9488
9585
9653
8599
8606
8812
8890
9026
9139
9463
9657
9668
9769
9857
10290
10378
10401
10482
10625
9239
9251
9442
9490
9516
9672
9760
9260
9439
9497
9641
9855
9982
10026
9443
9507
9529
9611
9789
9871
10052
9822
9839
10109
10314
10478
10150
10168
10279
10283
10343
10467
10562
10600
10323
10503
10677
10712
10819
10829
10902
10955
11147
10544
10544
10580
10550
10551
10631
10666
10563
10566
10595
10601
10664
10665
10668
10650
10693
10699
10656
10672
10690
10698
10708
10716
10717
10738
10743
10771
10814
10780
10819
10821
10822
10833
10827
10871
10881
10944
11010
11045
11069
11070
11085
11157
11158
11119
11146
11147
11168
11185
11187
11190
11192
11199
6483
6511
6499
6537
6553
6556
6588
6591
6621
6626
6609
6610
6622
6658
6647
6686
6691
6697
6698
6718
6723
6744
6772
6776
6787
6828
6846
6871
6892
6802
6824
6904
6917
6976
6990
7012
7023
6829
6961
6837
7030
7069
7089
7089
7098
7108
7201
6987
7010
7082
7177
7178
7318
7335
7572
7597
7604
7656
7280
7294
7305
7374
7665
7701
7711
7823
8013
8618
8685
8914
7715
7731
7781
7867
8175
8295
8300
8360
8418
8446
7870
8130
8329
8583
7910
8033
8124
8133
8581
8736
8144
8172
9007
8553
8562
8664
8820
8899
9052
9094
9170
9203
9264
9297
9308
9348
9375
9429
7785
8041
8059
8495
8722
9118
9163
9241
8511
8772
8901
8937
9147
9359
9575
9580
9641
9661
8307
8897
9447
9449
9466
9493
9508
9485
9522
9544
9585
9648
9661
9769
9774
9653
9683
9802
9832
9850
7878
8007
8008
8194
8214
8233
8338
8342
8428
8442
8515
8734
8759
8936
9121
9210
9303
9453
8344
8498
8544
8556
8645
8765
8790
8805
8835
9201
9239
9371
9582
9611
9657
9822
8980
9151
9743
9845
9847
9915
9932
9999
9966
10000
10012
10042
10108
10148
10134
10217
10222
10238
10243
10271
10271
10297
10358
10588
10637
9994
9999
10093
10116
10019
10091
10121
10134
10184
10247
10269
10466
10532
10356
10568
10582
10638
10649
10668
10670
10685
10337
10340
10488
10603
10700
10800
10811
10818
10902
10774
10780
10784
10943
11162
10801
10810
10838
10845
11108
11418
10860
10866
10891
11367
11439
11454
11337
11587
11690
11505
11552
11556
11657
11720
11878
11914
11940
11958
7110
7122
7285
7216
7285
7344
7371
7464
7490
7481
7576
7605
7220
7254
7299
7372
7374
7412
7488
7571
7595
7659
7664
7687
7689
7873
7903
8042
8050
8095
8123
7707
7721
7756
7799
7898
8016
7879
7961
7962
8041
8051
8057
8188
8264
8368
8115
8122
8152
8169
8343
8379
8405
8181
8289
8321
8352
8433
8433
8188
8434
8474
8635
8497
8669
8758
8790
8831
8969
8901
8920
8990
8202
8288
8664
8373
8810
8820
8936
9007
9284
9051
9054
9056
9113
9215
9264
9402
9437
9504
9513
9026
9068
9130
9216
9242
9279
9345
9502
9530
9552
9579
9660
9686
9715
9739
9732
9769
9787
9739
9770
9804
9841
9860
9869
9882
9882
9902
9946
9979
10006
10066
10107
10011
10033
10170
10357
10220
10365
10250
10272
10291
10304
10316
10334
10361
10383
10388
10514
10534
10571
10766
10808
10628
10826
10840
10863
10707
10816
10863
11144
11176
11327
11219
11235
11244
11290
11296
11411
11328
11341
11380
11426
11433
11439
11440
11478
11507
11674
11725
11736
11560
11621
11738
11253
11286
11307
11333
11386
11254
11433
11442
11492
11309
11347
11368
11493
11495
11500
11372
11464
11473
11503
11517
11741
11744
11570
11583
11590
11610
11614
11666
11683
11686
11712
11731
11790
11811
11811
11824
11606
11631
11660
11780
11815
11823
11797
11841
11845
11846
11851
11862
11866
11870
11872
11877
11881
11896
11901
11926
11968
11969
11973
11978
11987
12022
12008
12012
12049
12050
11854
11912
11930
11986
12063
11990
12052
12062
12071
12096
12115
12122
12122
12128
12133
12138
12141
12145
12150
12162
12180
12198
12199
12201
12219
12224
12229
12234
12252
12257
12259
10868
10885
10961
10927
10971
10981
10984
10988
10989
10999
11012
11024
11094
11027
11028
11048
11087
11089
11119
11129
11168
11186
11202
11208
11232
11245
11257
11259
11281
11307
11332
11419
11425
11430
11434
11439
11500
11617
11484
11529
11550
11573
11704
11840
11502
11532
11568
11648
11634
11872
11901
11910
11565
11572
11574
11597
11629
11575
11648
11668
11711
11721
11732
11771
11816
11838
11842
11855
11888
11938
11952
11978
11978
11985
12025
12035
12369
12332
12447
12560
12002
12039
12117
12186
12210
12263
12274
12279
12277
12287
12314
12560
12655
12705
12715
12030
12036
12072
12076
12092
12102
12110
12111
12122
12174
12129
12136
12140
12244
12265
12890
12593
12717
12789
12792
12888
13137
13167
13195
13250
12362
12364
12375
12384
12387
12388
12398
12420
12455
12455
12481
12433
12477
12499
12500
12503
12521
12541
12575
12579
12590
12596
12600
12626
12601
12628
12661
12674
12681
12687
12703
12715
12727
12744
12724
12779
12779
12781
12786
12790
12793
12794
12799
12813
12834
12935
12877
12893
13041
13049
13083
12797
12902
12905
13005
13035
13096
13119
13122
13151
12783
12897
12998
13006
13019
13026
13082
13102
13156
13182
13207
13216
13229
13232
13251
13275
13275
13279
13317
13325
13334
13334
13338
13347
13353
13360
13383
13385
13385
13391
13440
13444
13459
13486
13525
13528
13464
13491
13497
13517
13525
13531
13537
13542
13543
13559
13559
13565
13566
13568
13582
13615
13617
13627
13656
13677
13693
13665
13689
13694
13700
13704
13737
13740
13763
13727
13760
13766
13802
13790
13804
13916
13953
13983
13893
13904
13985
13997
14100
13831
13860
13905
13920
14021
14057
14142
14213
14175
14190
14245
14191
14210
14232
14263
14279
14271
14282
13591
13594
13611
13625
13654
13651
13704
13705
13738
13766
13788
13803
13850
13890
13940
13874
13954
14001
14030
14064
14173
14191
14213
14272
14271
14291
14292
14302
14302
14304
14305
14308
14312
14321
14325
14329
14342
14370
14376
14376
14353
14380
14386
14391
14406
14416
12282
12327
12328
12343
12341
12351
12357
12360
12374
12376
12389
12396
12400
12402
12419
12445
12463
12466
12515
12519
12532
12536
12545
12555
12583
12431
12432
12436
12441
12446
12466
12495
12584
12627
12737
12751
12760
12799
12968
12964
12990
13216
12629
12644
12654
12695
12690
12716
12741
12718
12772
12793
12831
12736
12834
12843
12843
12870
12899
12929
12982
12986
12991
12993
12997
13010
13022
13062
13074
13109
13165
13165
13024
13083
13046
13146
13177
13273
13190
13192
13243
13276
13278
13289
13290
13292
13306
13326
13311
13313
13328
13346
13347
13395
13452
13455
13502
12611
12691
12799
12844
12930
12803
13055
13082
12831
12843
12963
13054
13085
13147
13178
13161
13213
13288
13433
13496
13479
13539
13693
13964
13989
13146
13396
13194
13520
13520
13237
13328
13340
13525
13580
13617
13620
13632
13637
13640
13675
13680
13688
13733
13717
13750
13766
13793
13720
13727
13997
14010
13757
13768
14019
14028
14046
13798
13808
13819
13851
13851
13937
13874
13907
13945
13963
14018
13913
14037
13914
13946
14062
14065
13627
13703
13735
13751
13781
13871
14001
14125
14083
14125
14126
14133
14155
14192
14093
14165
14172
14095
14095
14129
14129
14195
14161
14205
14208
14222
14224
14285
14161
14183
14191
14215
14244
14282
14300
14322
14306
14316
14342
14355
14361
14362
14355
14363
14376
14378
14382
14419
14420
14422
14426
14427
14429
14444
14452
14523
14535
14474
14474
14536
14485
14537
14638
14666
14695
14699
14442
14453
14454
14465
14452
14487
14490
14468
14487
14493
14583
14633
14618
14621
14640
14672
14688
14716
14727
14630
14631
14677
14713
14720
14736
14736
14737
14753
14769
14781
14756
14762
14790
14790
14797
14818
14837
14852
14882
14883
14886
14890
14904
14908
14925
14927
14934
14947
14515
14588
14581
14595
14602
14661
14701
14739
14747
14754
14652
14786
14786
14789
14790
14807
14845
15004
14935
15033
14810
14831
14855
14920
14921
14931
14935
14953
14954
14957
14980
15001
15007
15058
15059
15073
15077
15082
15124
15095
15145
15162
15163
15167
14790
14815
14826
14827
14874
14882
14884
14972
14917
15011
15018
15032
15033
15035
15037
15037
15038
15062
15081
15055
15086
15086
15090
15102
15135
15137
15194
15341
15226
15235
15241
15332
15316
15333
15337
15341
15106
15113
15123
15127
15143
15143
15161
15170
15360
15380
15201
15281
15396
15368
15396
15401
15402
15423
15428
15475
15482
15484
15516
15553
15535
15567
15611
15174
15205
15217
15237
15270
15282
15325
15325
15334
15335
15340
15342
15378
15428
15361
15441
15445
15365
15476
15477
15498
15502
15530
15563
15574
15612
15616
15623
15631
15648
15653
15663
15650
15656
15673
15676
15677
15691
15696
15697
15199
15212
15215
15217
15228
15251
15310
15234
15242
15264
15269
15313
15379
15469
15478
15338
15357
15407
15436
15455
15496
15572
15372
15398
15432
15436
15494
15499
15572
15575
15375
15485
15551
15605
15621
15629
15518
15607
15655
15728
15746
15774
15801
15809
15732
15766
15854
15860
15887
15901
15912
15902
15926
15930
15937
15944
15966
15516
15522
15617
15699
15687
15700
15704
15710
15708
15714
15718
15719
15723
15728
15752
15802
15733
15751
15758
15763
15773
15813
15825
15829
15796
15834
15840
15849
15855
15857
15861
15862
15865
15851
15851
15853
15869
15869
15874
15875
15884
15895
15912
15926
15904
15935
15936
15942
15955
15926
15930
15930
15955
15965
15966
15968
15968
15979
15987
15997
arquivo ordenado pelo algoritmo quicksort tempo da ordenação = 0 nanosegundos

