2
31
46
49
60
63
64
67
85
108
117
120
116
126
138
166
170
181
177
183
193
198
204
209
218
219
226
232
233
235
251
252
258
283
277
292
293
295
300
300
322
305
305
337
390
412
418
425
465
474
487
564
645
705
836
733
912
980
1043
1148
1241
1293
1426
1327
1732
1797
1797
1765
1767
1871
1943
1954
2008
306
315
316
321
324
354
356
345
365
367
394
394
448
469
488
510
361
369
370
397
421
413
434
533
603
525
545
601
606
633
619
640
708
709
739
785
802
845
752
822
1007
856
1151
1178
1236
1273
1295
549
574
659
638
729
759
1073
1118
1334
1349
1398
1479
1479
1495
1655
1584
1692
1618
1926
1699
1755
2000
2009
2005
2013
2015
2071
2078
2081
2083
831
853
897
1100
1038
1131
1200
1222
1166
1195
1222
1268
1576
1589
1601
1656
1666
1788
1766
1828
1966
2064
2037
2111
2124
991
1002
1049
1116
1154
1178
1197
1224
1226
1243
1653
1247
1433
1749
1754
1840
2045
1864
2047
2086
2127
2144
2162
2165
2184
2189
2204
2314
2186
2316
2321
2337
2220
2244
2340
2354
2362
2374
2407
2410
2437
2427
2448
2526
2590
2454
2625
2477
2532
2694
2535
2593
2712
2754
2643
2646
2678
2742
2746
2805
2818
2855
2889
2931
2938
2647
2740
2786
2793
2797
2810
2812
2908
2828
2890
2955
2960
777
777
802
829
846
847
871
901
908
908
928
986
1018
1058
1071
1082
1209
1020
1131
1192
1225
1245
1253
1279
1317
1327
1367
1379
1108
1381
1426
1465
1482
1569
1602
1821
1851
1907
1672
1931
1960
2020
1886
1906
2096
1956
2098
2020
2029
2142
2143
2148
2173
2179
2179
2210
2211
2226
2305
2317
2328
2379
2550
2695
2228
2249
2308
2332
2397
2405
2469
2523
2653
2582
2601
2649
2682
2732
2735
2787
2899
2861
2973
2980
2993
2994
2994
2997
2998
3107
3294
3574
914
944
1024
1048
1070
1113
1261
1280
1310
1469
1521
1634
1692
1740
1765
2121
2222
2167
2324
2372
2411
2433
1599
2094
2139
2143
2400
2534
2586
2636
2785
2819
2925
3074
3106
3288
3610
3053
3198
3303
3502
3525
3726
3844
3249
3720
3811
3323
3395
3416
3530
3955
3836
4068
4139
4213
2436
2807
2917
3260
4136
4153
2728
2896
4122
4230
4230
4238
4247
4267
4339
4599
4270
4311
4329
4334
4429
4560
4655
4686
4716
4773
4947
5020
4786
4992
5054
5132
2997
2998
2998
3000
3026
3045
3061
3087
3094
3102
3102
3112
3136
3137
3150
3168
3173
3235
3241
3262
3271
3289
3244
3261
3326
3305
3325
3335
3307
3315
3318
3338
3343
3368
3377
3383
3351
3366
3373
3434
3354
3389
3409
3395
3447
3455
3467
3474
3492
3505
3505
3550
3580
3630
3685
3696
3703
3732
3753
3706
3868
3835
3869
4062
3784
4002
4056
4162
4198
4198
3596
3634
3717
3852
3858
3946
3963
3979
4016
4146
4169
4180
4191
4199
4200
4205
4260
4213
4218
4294
4225
4323
4349
4236
4249
4249
4252
4307
4356
4362
3421
3426
3445
3479
3510
3729
3926
3534
3554
3708
3820
3890
3932
3942
3951
3527
3628
3672
3710
3714
3785
3793
3832
3869
4178
4210
3876
3998
4052
4115
4122
4219
4361
4394
4113
4159
4167
4182
4347
4389
4395
4396
4291
4323
4334
4414
4424
4448
4459
4426
5002
4686
5028
5149
4465
4474
4515
4485
4562
4498
4535
4571
4575
4581
4538
4551
4592
4596
4539
4548
4670
4683
4697
4707
4717
4714
4726
4742
4743
4789
4790
4886
4893
4907
4929
4990
5098
5142
4803
4806
4985
4998
5071
5079
5093
5099
5103
5188
5201
4976
5194
5202
5215
5239
5241
5245
5270
5271
5280
5334
5155
5366
5367
5368
5375
5394
5388
5403
5408
5411
5432
5445
5447
5464
5465
5470
5488
5497
5514
5555
5563
5584
5591
5591
5609
5610
5679
5691
4637
4643
4687
4741
4916
4858
4987
5158
4959
4991
4992
4993
5216
5277
5342
5367
5506
5620
5657
5121
5230
5323
5482
5599
5758
5795
5349
5516
5635
5587
5833
5858
5900
5939
5939
5671
5707
5728
5729
5719
5733
5744
5744
5755
5756
5768
5768
5812
5770
5828
5828
5844
5855
5803
5863
5879
5879
5882
5885
5912
6020
5925
5943
5960
5963
6025
6052
5944
5954
5968
5985
6032
6034
6035
6065
5908
5944
6073
6078
6099
6096
6102
6175
6190
6199
6205
6272
6283
6226
6245
6272
6283
6269
6269
6282
6288
6309
6316
6332
6336
6350
6377
6403
6405
6406
6423
6438
6457
6485
6487
6553
6653
6635
6662
6682
6705
6807
6892
6896
6591
6613
6614
6614
6620
6623
6628
6676
6790
6697
6740
6811
6818
6840
6855
6865
6900
6904
6949
7041
6990
7081
7082
7142
6907
6947
6955
6983
7024
6976
7004
7031
7060
7061
7132
7144
7015
7148
7162
7203
7221
7285
7171
7177
7196
7209
7244
7251
7196
7235
7260
7271
7304
7273
7316
7382
7416
7413
7607
8896
9098
9862
7317
7351
7385
8549
10228
10272
10994
12909
13142
6172
6205
6217
6232
6241
6242
6273
6249
6305
6337
6314
6348
6351
6352
6355
6362
6400
6402
6419
6452
6549
6589
6590
6752
6826
6625
6627
6765
6821
6852
6861
6873
6714
6722
6764
6784
6921
6922
6929
6945
6974
6975
6977
6977
6989
7011
7026
7044
7044
7058
7057
7062
8071
7140
7148
7212
7274
7278
7616
7707
7290
7776
7808
7840
7988
8101
7275
7304
7322
7341
7357
7694
8291
8424
8485
8652
8967
9038
9140
9254
9206
9473
9532
9639
9154
9740
9925
10149
10736
10316
10766
11323
11816
11166
11809
12049
12085
12122
12539
12767
12978
13056
13130
13616
13189
13345
13350
13265
13382
13389
13743
7426
7427
7435
7447
7467
7443
7484
7492
7516
7517
7524
7525
7540
7548
7553
7555
7587
7558
7571
7577
7586
7589
7602
7626
7674
7755
7676
7700
7752
7805
7829
7829
7841
7882
7956
7995
8109
8135
8128
8138
8313
8343
8372
8498
8540
9051
9058
9324
8254
8260
8714
8404
8560
8591
9168
9254
9436
9528
9630
9724
9947
10046
7724
7745
7758
7873
7959
8162
8165
8169
8188
8192
8218
8254
8546
8612
8941
8373
8379
8444
8560
9037
9092
9481
9666
9683
9704
9893
10059
10074
10077
10116
10227
10268
10271
10489
10501
10951
10328
10353
10473
10592
10726
10750
10776
10882
10900
10940
11025
11061
11102
8206
8255
8264
8374
8501
8428
8616
8642
8656
8715
8737
8662
8761
8783
8809
8899
8781
8899
9103
9470
8945
9049
9207
9231
9269
9277
9586
9285
9300
9365
9367
9428
9651
9786
9551
9776
9820
10075
10250
9893
10024
10183
10189
10237
10305
10457
9642
9655
9920
10083
10203
10385
10496
10548
10597
10507
10565
10661
10797
10941
10989
10999
11007
11007
11110
11130
11157
11158
11161
11202
11212
7604
7606
7622
7638
7668
7706
7659
7688
7703
7705
7831
7839
7841
7851
7882
7940
7942
7948
7865
7951
7963
7964
7991
8008
8076
8110
8117
8154
8193
8013
8275
8299
8311
8477
8609
8201
8212
8296
8380
8318
8353
8363
8483
8540
8559
8584
8696
8716
8749
8757
8763
8841
8858
8884
8893
8938
8985
9043
9050
9056
9132
9141
9250
10265
9143
9171
10032
9215
9215
9315
9355
9392
10381
11081
11243
8150
8181
8235
8251
8541
8559
8598
8808
8991
9009
9028
9020
9455
9544
9560
8868
9921
9941
10116
10196
10223
10630
10707
10851
10912
11150
11229
9021
9378
9562
11265
11278
11307
11409
11648
11342
11436
11448
11400
11543
11713
11353
11451
11531
11587
11719
11719
11769
11799
11807
11817
11850
7727
7753
7819
7819
7928
7969
8024
8038
8061
8145
8340
8260
8326
8357
8462
8365
8377
8434
8523
8612
8469
8493
8735
8780
8802
8866
8918
8946
9016
8508
8512
8591
8726
8550
8932
8949
9159
9187
9296
9328
9331
9343
9397
9544
9598
9566
9820
10196
10242
9146
9233
9547
10198
10385
10447
10494
10449
10502
10617
10777
11125
11254
11279
11773
11728
11852
11972
11975
11863
11944
11888
11896
12056
11956
11959
12040
12041
12074
12114
12065
12119
12171
12193
12195
12226
12244
12258
12015
12155
12207
12247
12322
12352
12366
12415
12467
12531
12558
12632
12704
12724
12753
12726
12781
12803
12803
12883
12854
12898
12954
12960
12984
13002
12989
12995
13013
13037
13088
13071
13086
13088
13108
13091
13114
13115
9443
9459
9492
9574
9586
9581
9613
9618
9652
9620
9647
9677
9691
9698
9763
9803
9803
9805
9859
9872
9814
9876
9881
9902
10103
9889
9897
9899
10000
10091
9948
9949
10012
10161
10161
10088
10179
10205
10248
10250
10219
10279
10288
9876
9884
9897
9902
9935
10080
10108
10271
10293
10332
10340
10349
10364
10391
10397
10406
10421
10506
10609
10697
11008
12768
13007
13116
13118
13227
13258
13292
10425
10441
10460
10461
10480
10488
10562
10584
10588
10625
10633
10635
10669
10704
10708
10713
10731
10734
10742
10769
10895
10897
10918
10928
10945
10967
10981
10992
10996
11030
11118
11124
11124
11283
11512
12033
12051
12054
11003
11053
11055
11091
11101
11165
11277
12178
11344
11463
11513
11843
12149
12233
12553
12563
12576
12810
11108
11176
11320
11324
11421
11679
11938
12503
12622
12166
12313
12655
12810
12886
12990
13126
13167
13270
13351
12623
12879
12896
12922
12940
12812
13081
13098
13205
13318
13093
13282
13366
13376
13397
13516
13403
13442
13471
13481
13494
13496
13505
13756
13527
13726
13744
13755
13774
13809
13815
13817
13868
13900
13528
13566
13612
13614
13762
13770
13841
13880
13883
13891
13904
13906
13913
13701
13722
13736
13761
13781
13807
13849
13836
13942
13839
13873
13951
13952
13972
14032
13913
13975
14046
14048
14064
14071
14076
13979
14000
14056
14078
14101
14161
14222
14169
14189
14241
14261
14266
14271
14309
14267
14283
14319
14335
14306
14324
14363
14373
14411
14170
14175
14194
14234
14263
14280
14306
14399
14405
14282
14458
14493
14412
14421
14459
14462
14520
14549
14471
14520
14536
14500
14616
14630
14641
14652
14683
14706
14716
14719
11209
11209
11232
11239
11260
11270
11345
11396
11622
11652
11701
11727
11300
11305
11312
11409
11480
11526
11596
11534
11637
11733
11745
11757
11770
11779
11864
11866
11928
11931
11990
12002
11960
12021
12085
12097
12113
12175
12179
11850
11864
11882
12048
12193
12232
11899
12007
12073
12125
12145
12283
12323
12370
12406
12433
12440
12462
12563
12591
12564
12610
12615
12634
12647
12708
12815
13078
13163
13169
13216
13355
13676
13720
12650
12654
12745
12721
12758
12761
12812
12816
12915
12941
12990
13000
13007
13049
13134
13141
13289
13295
13324
13332
13363
13539
13677
13718
13776
13858
13860
13871
13939
13941
13993
14014
14015
14021
14027
14038
14046
14095
13005
13027
13154
13288
13428
13492
13720
13071
13086
13115
13378
13559
13732
13837
13845
13886
13919
13919
13927
14017
14049
13934
14387
14460
14488
14043
14070
14221
14302
14361
14099
14110
14157
14423
14480
14128
14289
14345
14322
14503
14898
15035
14400
14422
14429
15121
15274
15361
15327
15369
15515
14512
14528
14545
14548
14557
14559
14723
14772
14587
14634
14923
14995
14805
14872
14996
15020
14747
14757
14796
14808
14855
14881
14986
15035
15044
15043
15061
15171
15175
14612
14680
14722
14799
14751
14763
14799
14804
14820
14823
14838
14852
14939
14961
15037
14843
14862
15071
15101
15119
15143
15151
15176
15182
15219
15225
15242
14899
14918
14930
15040
15060
15071
15103
15072
15164
15174
15242
15107
15156
15227
15234
15257
15261
15262
15278
15274
15287
15290
15290
15291
15292
15294
15321
15322
15325
15369
15380
15367
15408
15431
15443
15462
15341
15361
15467
15479
15366
15463
15475
15478
15492
15488
15500
15506
15514
15529
15522
15532
15488
15489
15504
15508
15539
15562
15526
15534
15547
15595
15602
15630
15596
15610
15676
15686
15652
15685
15686
15697
15698
15704
15584
15617
15677
15681
15693
15729
15733
15739
15765
15795
15809
15715
15722
15761
15813
15819
15759
15791
15796
15804
15827
15830
15831
15844
15844
15856
15870
15875
15887
15896
15922
15952
15936
15977
15990
arquivo ordenado pelo algoritmo quicksort tempo da ordenação = 15600 nanosegundos

