11
17
26
30
34
43
56
65
67
121
123
131
191
204
229
177
273
90
91
93
111
172
213
367
120
148
170
220
345
384
174
175
198
202
227
454
212
356
456
457
465
493
530
213
221
223
253
276
283
294
295
302
342
352
481
513
650
667
674
695
329
330
346
445
380
497
505
506
518
518
749
764
764
1045
534
587
628
692
554
559
578
608
718
735
741
777
803
930
1076
742
761
774
775
813
820
844
845
878
849
854
889
893
920
957
990
1000
1021
1132
1200
1070
1310
1361
1514
1944
1966
2000
2060
2162
909
994
1009
1071
1089
1161
1365
1454
1460
1516
1604
1646
1900
1955
2221
2369
2370
2381
2407
2433
1011
1018
1048
1133
1140
1188
1585
1194
1356
1221
1608
1725
1923
2099
2119
1991
2088
2201
2113
2267
2274
2250
2312
2372
2398
2466
2496
2523
2534
2534
2553
1024
1104
1250
1259
1275
1316
1330
1378
1389
1569
1397
1402
1404
1540
1545
1572
1585
1655
1660
1675
1709
1723
1781
1829
1831
1877
1933
2009
2068
2074
2152
2189
2239
2255
2264
2371
2398
2412
2440
2462
2463
2561
2564
2634
2556
2637
2649
2668
2673
2674
2681
2694
2707
2728
2759
2765
2766
2779
2808
2821
2843
2868
2880
2885
2887
2893
1453
1560
1571
1677
1845
1873
1898
1912
2123
2144
2317
2583
2760
2813
2873
2909
2916
2961
2983
3056
2928
2938
2954
2960
2972
2982
3123
3159
2989
3018
3043
3210
3008
3063
3084
3172
3233
3291
3210
3234
3306
3311
3241
3312
3409
3317
3331
3455
3439
3467
3478
3329
3331
3340
3371
3390
3408
3438
3428
3436
3468
3470
3495
3619
3625
3371
3402
3469
3584
3639
3658
3712
3762
3620
3726
3777
3783
3788
3498
3551
3612
3665
3678
3709
3760
3789
3806
3806
3820
3820
3822
3829
3841
3851
3863
3864
3866
3882
3895
3902
3903
3973
3889
3976
3978
3984
4021
4048
4192
4063
4116
4133
4152
4156
4168
4184
4236
4276
4138
4185
4244
4248
4277
4279
4294
4295
4305
4314
4321
4331
262
266
282
330
338
365
372
381
434
525
526
533
624
656
715
728
665
748
728
761
783
797
749
815
818
881
898
986
1001
988
1083
1102
1138
1143
1169
1200
1134
1302
1237
1322
1341
1318
1431
1458
1481
1507
813
1183
1333
1512
1530
1553
943
1236
1289
1371
1597
1702
1119
1624
1639
1253
1565
1653
1673
1701
1758
1852
1565
1746
1809
1723
1896
2085
1911
1924
1995
2134
2141
2221
2277
2492
2501
2958
2636
2900
2968
3015
3164
1853
1891
1929
2121
2240
2263
2340
2439
2488
2515
2768
2935
2941
3035
3056
3074
3134
3332
3351
3370
3373
2368
2461
2550
2922
2814
3372
3386
3494
3506
3530
3553
3571
3617
3629
3640
3671
3720
3723
3765
3646
3656
3774
3775
3777
3782
4135
4169
4239
4265
4294
4752
4687
4804
4839
4853
3837
3839
3948
4163
4185
4245
4258
4307
4342
4356
4370
4410
4513
4534
4715
4773
4837
4962
4973
4999
5026
3412
3868
3990
4372
4427
4384
4485
3469
3562
3638
3701
3973
4162
4382
4424
4439
4485
4487
4489
3619
3964
4140
4193
4214
4386
4398
4504
4521
4525
4536
4536
4536
4566
4577
4591
4334
4451
4510
4712
4813
4602
4774
4848
4923
4932
4937
4347
4526
4555
4837
4842
4997
4848
4980
4999
5053
5028
5065
5086
5146
5184
5186
5197
4606
4637
4628
4665
4684
4700
4719
4724
4689
4696
4744
4815
4782
4840
4857
4804
4826
4865
4786
4926
4874
4942
4898
4956
5011
5016
5024
5041
5047
5075
5058
5093
5094
5125
5097
5134
5135
5170
5170
5197
5200
5234
5251
5118
5122
5153
5173
5214
5252
5257
5261
5266
5189
5204
5330
5268
5382
5383
5388
5305
5345
5365
5392
5409
5416
5348
5357
5431
5499
5512
5519
5536
5548
5565
5590
5606
5636
5668
5682
5675
5695
5705
5717
5196
5353
5362
5291
5365
5514
5388
5417
5453
5493
5582
5730
5735
5744
5735
5769
5787
5790
5810
5818
5829
5843
5859
5862
5850
5864
5886
5898
5900
5968
5974
5976
5987
6009
6016
6027
6036
6062
5224
5231
5264
5281
5300
5357
5459
5459
5570
5644
5699
5751
5945
6050
5971
6074
6063
6081
5998
6076
6183
6216
5463
5685
6064
5602
5720
5986
6058
6099
6101
6149
6201
6230
6260
6262
6263
6325
6388
6396
6403
6466
6077
6084
6133
6169
6200
6218
6243
6440
6480
6489
6504
6538
6539
6574
6542
6571
6574
6580
6589
6616
6619
6621
6638
6645
6652
6699
6702
6059
6091
6124
6158
6182
6270
6283
6102
6232
6251
6342
6429
6382
6538
6586
6595
6394
6612
6623
6675
6360
6409
6442
6493
6517
6527
6539
6421
6502
6699
6721
6742
6754
6664
6700
6711
6727
6727
6733
6734
6744
6750
6751
6764
6746
6765
6768
6790
6841
6844
6897
6995
7092
6804
6813
6819
6825
6841
6846
6851
6864
6874
6916
6936
6948
6951
6952
6828
6854
6869
6944
6963
7043
7097
6875
7105
7127
7130
7141
7149
7171
7174
7192
7356
7402
7422
7188
7206
7371
7371
7451
7367
7693
7470
7806
7476
7481
7584
7837
7850
7212
7243
7324
7407
7572
7624
7782
7785
7853
7855
7858
7873
7898
7472
7479
7665
7847
7858
7571
7860
7871
7905
7907
7910
7994
8062
7917
7945
7973
7920
7924
8047
7982
8128
8158
8053
8054
8099
8161
8161
8173
8174
8198
8284
8297
8304
8445
8505
6982
6983
6992
7001
7030
7119
7072
7080
7121
7167
7129
7188
7157
7191
7191
7129
7130
7170
7205
7252
7259
7268
7268
7278
7263
7286
7334
7325
7361
7408
7430
7333
7337
7340
7458
7486
7486
7492
7338
7481
7497
7527
7515
7536
7553
7574
7590
7614
7659
7660
7613
7639
7675
7678
7758
7750
7759
7778
7805
7787
7811
7822
7835
7860
7869
7880
7894
7290
7450
7906
7906
7909
7946
7963
7966
7990
7968
7992
8020
8046
8088
8184
8115
8115
8117
8152
8124
8140
8166
8151
8189
8284
8164
8243
8259
8302
8328
8508
8008
8053
8061
8096
8271
8507
8106
8238
8508
8255
8508
8512
8526
8533
8535
8562
8581
8588
8603
8673
8621
8671
8724
8744
8642
8661
8762
8793
8802
8806
8816
8333
8343
8346
8346
8357
8390
8433
8445
8473
8476
8481
8513
8592
8631
8658
8661
8688
8735
8754
8771
8778
8783
8824
8841
8849
8853
8860
8864
8882
8866
8880
8890
8928
8929
8936
8931
8940
8958
8425
8480
8714
8837
8968
8975
8977
8989
9018
9006
9008
9019
9081
9001
9004
9023
9071
9077
9078
9080
9100
9104
9106
9110
9154
9115
9168
9206
9219
9169
9186
9194
9241
9244
9261
9276
9353
9301
9319
9424
9390
9418
9546
9573
9604
9621
9626
9644
9664
9679
9682
9686
9688
9695
9746
9775
9837
9689
9707
9814
9843
9850
9869
9713
9723
9745
9793
9924
9748
9748
9773
9888
9911
9926
9941
9121
9142
9149
9158
9232
9244
9255
9263
9281
9151
9294
9423
9649
9668
9971
9575
9714
10121
10124
10197
10274
10346
10359
10396
10485
10610
10613
10625
10638
10683
10808
10974
10993
10958
11024
11168
11193
9277
9323
9325
9384
9423
9350
9381
9402
9620
9706
9714
9740
9945
10081
10210
10228
10355
10515
10547
10675
10734
10887
11246
10912
11257
11334
11397
11696
11698
11704
11788
9451
9474
9478
9511
9609
9623
9640
9665
9703
9861
9968
10283
9976
9976
10069
10155
10188
10189
10240
10321
10372
10372
10375
10626
11345
10486
10509
10559
10571
10582
10648
10657
10794
10930
11012
11244
11310
11383
11627
11913
12047
12060
10980
10984
11162
11188
11838
12015
12061
12119
12142
12185
12237
12302
12314
12330
9426
9462
9555
9602
9627
9657
9722
9787
9761
10010
9952
10049
10044
10062
10071
10101
10141
10153
10161
10193
10448
10207
10285
10401
10425
10463
10472
10481
10616
10374
10405
10463
10475
10504
10550
10615
10634
10658
10692
10713
10762
10781
10811
10846
10959
11093
11324
10849
10986
11008
11134
11425
11465
11648
11794
10097
10745
10412
10526
10581
11021
10594
11817
11005
11861
11889
11889
11303
11401
11919
11953
12102
12165
12175
12264
12323
12331
12334
12335
12385
12547
12388
12509
12555
12657
12697
12820
12594
12610
12631
12641
12728
12761
12738
12744
12766
12804
12869
12817
12873
12892
12941
12958
12976
12991
9726
9731
9751
9753
9792
9801
9889
9942
9948
9986
9993
10019
10038
10008
10010
10023
10054
10059
10062
10052
10085
10097
10102
10130
10130
10164
10143
10259
10301
10155
10280
10329
10288
10303
10348
10386
10396
10406
10421
10462
10492
10514
10543
10568
10570
10571
10577
10611
10624
10637
10652
10657
10670
10675
10693
10715
10722
10850
10737
10781
10809
10901
10877
11006
11071
11371
11449
11456
11878
12001
12205
12253
11041
11041
11092
11186
11328
11375
12094
12327
12405
12759
11007
11113
11127
11148
11268
11568
11619
11657
11276
11294
11404
11425
11460
11483
11497
11676
11747
12304
12409
12503
12549
11652
12652
12673
12684
12813
12837
12863
12869
12910
12914
12914
12996
13007
13042
13066
13079
13085
13088
13108
13176
13092
13153
13155
13166
13237
13196
13215
13347
13356
13437
13464
13470
13525
13556
13589
13628
13658
13241
13253
13267
13296
13305
13342
13345
13430
13349
13402
13473
13551
13579
13671
13686
13687
13604
13613
13620
13628
13649
13743
13766
13811
13862
13747
13823
13881
13884
13773
13801
13814
13932
13937
13817
13940
13995
13998
11063
11096
11110
11118
11129
11146
11165
11178
11214
11214
11288
11289
11292
11327
11354
11358
11424
11443
11443
11479
11492
11499
11500
11537
11554
11571
11608
11504
11542
11582
11595
11600
11613
11601
11636
11669
11675
11717
11717
11719
11720
11740
11749
11759
11761
11763
11796
11803
11878
11895
11895
11905
11951
11987
12006
12013
12024
12051
12088
12104
12129
12135
12254
12272
12295
12451
12133
12142
12185
12247
12305
12348
12461
12554
12557
12426
12623
12662
12897
12927
12770
12966
13098
13143
12343
12346
12347
12353
12361
12399
12411
12460
12530
12357
12533
12638
12742
12868
12993
13145
12920
13150
13153
12558
12676
12684
12811
12993
12861
12865
13074
13162
13198
12369
12586
12442
12683
12751
12493
12882
13019
13035
13087
13095
13118
13387
13389
13444
13199
13293
13298
13315
13790
13397
13454
13910
13932
13399
13406
13415
13431
13448
13448
13568
13591
13593
13628
13660
13714
13724
13603
13735
13796
13822
13815
13824
13922
13934
13953
13978
14010
14019
14026
14039
14050
14051
14063
14061
14070
14075
14103
14122
14170
14181
14187
14199
14299
14381
14410
14202
14216
14220
14318
14373
14417
14437
14221
14231
14238
14290
14292
14337
14348
14354
14371
14375
14433
14449
14455
14223
14235
14297
14463
14251
14256
14366
14386
14466
14466
14434
14482
14483
14483
14582
14605
14755
14800
14651
14680
14782
14827
14841
14824
14858
14886
14862
14869
14894
14965
14978
14983
15004
15027
15038
15042
15061
15076
15074
15077
14469
14479
14470
14477
14487
14513
14514
14538
14498
14533
14553
14555
14569
14581
14610
14637
14653
14634
14640
14688
14718
14688
14724
14725
14744
14746
14752
14715
14765
14782
14783
14791
14791
14804
14816
14809
14932
14832
14848
14868
14879
14940
14960
14965
14962
14967
14991
15099
15117
15139
15102
15118
15182
15204
15248
15257
15238
15242
15275
15365
15367
15250
15350
15371
15403
15404
15430
15457
15461
15469
15469
15476
15492
15493
15004
15015
15113
15118
15160
15168
15174
15178
15122
15135
15140
15145
15199
15200
15201
15231
15233
15270
15283
15285
15286
15299
15301
15305
15306
15366
15420
15508
15514
15521
15559
15338
15354
15398
15461
15558
15567
15574
15608
15623
15358
15435
15486
15509
15532
15548
15588
15557
15628
15656
15672
15606
15632
15636
15668
15635
15676
15677
15687
15682
15691
15641
15645
15656
15661
15664
15702
15704
15707
15716
15732
15746
15749
15757
15770
15774
15781
15759
15797
15825
15758
15777
15779
15781
15829
15831
15840
15844
15859
15863
15871
15889
15906
15902
15921
15926
15933
15939
15945
15970
15977
15945
15950
15961
15998
15998
arquivo ordenado pelo algoritmo quicksort tempo da ordenação = 0 nanosegundos

