4
4
4
5
7
7
8
8
13
13
18
20
6
10
11
14
15
19
11
21
24
26
18
21
27
28
27
28
29
29
33
36
39
41
41
42
42
44
45
49
50
51
45
52
55
59
62
54
62
64
65
67
69
62
74
79
79
85
75
82
84
81
83
84
84
90
90
93
98
100
103
105
110
114
86
90
91
93
106
116
123
128
130
134
137
110
115
117
117
117
122
127
140
140
129
137
170
174
174
175
141
143
160
179
181
194
151
177
195
200
203
146
157
158
159
173
213
221
222
174
177
200
213
246
222
223
240
241
242
457
181
183
183
184
191
194
200
200
203
204
204
211
226
210
220
229
232
229
232
238
239
263
265
351
443
464
641
728
266
269
281
303
328
425
351
351
386
352
383
389
426
427
301
323
334
335
337
337
343
361
371
412
417
438
447
450
455
462
471
477
480
489
479
483
497
501
490
507
555
510
519
528
557
564
573
577
598
533
556
556
581
589
599
623
641
670
674
682
685
698
705
706
709
734
742
745
785
817
804
841
842
710
711
729
766
813
792
792
817
854
861
864
876
733
760
774
753
822
772
774
825
832
870
888
906
889
894
900
907
248
252
256
257
248
261
262
264
266
271
273
275
279
273
280
280
301
314
336
352
356
367
375
378
383
399
400
425
405
427
275
345
361
350
367
383
389
390
399
444
449
450
452
459
463
466
477
478
482
600
554
602
634
671
692
719
734
489
491
497
501
520
528
534
542
534
541
567
592
538
557
588
603
604
604
604
608
605
622
676
717
608
650
692
742
618
621
631
641
642
661
673
692
696
708
727
730
734
759
673
681
689
697
708
726
760
762
763
768
775
783
787
793
796
803
803
286
293
302
303
309
314
315
321
322
327
327
328
329
331
333
338
345
356
361
374
387
397
432
445
461
462
487
543
560
562
591
643
649
644
650
657
666
670
692
677
695
363
369
391
397
402
405
406
417
421
419
511
545
519
594
610
626
639
700
699
711
711
657
695
717
724
707
730
747
756
756
758
478
495
497
517
538
520
520
544
547
562
567
578
591
610
621
632
659
674
675
676
679
692
694
702
705
709
729
755
774
774
775
807
812
771
807
813
816
820
833
762
783
789
828
838
844
835
838
847
853
836
856
859
860
859
869
870
876
879
882
882
884
899
904
865
876
876
884
899
905
905
909
910
913
919
921
923
926
926
94
96
105
114
108
109
119
150
127
153
160
138
164
171
172
184
187
162
175
176
186
189
198
199
206
209
210
211
201
201
206
208
208
208
215
213
218
218
223
226
229
230
231
239
226
232
240
242
258
251
256
265
265
267
248
251
265
281
304
324
288
301
296
302
303
322
352
358
358
382
382
313
324
324
325
337
338
344
344
359
367
370
380
392
393
351
356
382
384
384
394
397
400
404
412
414
414
422
425
427
429
429
439
433
437
445
449
453
455
459
443
445
448
450
461
466
467
469
488
384
468
483
490
497
503
492
508
523
500
527
495
497
499
519
529
514
536
540
545
561
562
564
565
570
584
576
582
582
597
613
615
632
653
655
658
668
617
621
622
624
634
647
669
673
675
677
537
569
595
650
653
576
686
691
677
692
692
695
705
698
707
709
712
708
713
713
713
714
717
722
723
725
747
759
763
785
801
810
795
807
812
799
813
821
825
829
854
719
730
730
737
754
753
755
756
768
798
806
818
819
823
841
844
791
794
798
798
809
817
804
818
833
848
850
852
856
859
866
867
879
882
887
891
893
894
897
907
914
919
251
253
266
271
274
276
278
299
299
306
310
317
375
311
331
359
367
368
374
376
380
404
415
419
427
441
457
479
509
552
541
583
588
589
591
619
605
647
652
654
666
671
672
680
700
708
743
843
718
726
727
737
751
795
809
818
818
819
833
835
852
864
864
866
593
641
716
867
891
917
894
900
910
920
921
927
927
928
931
931
928
934
934
934
934
938
942
981
999
945
949
959
968
960
973
987
970
979
989
1000
981
993
997
1010
1001
1011
983
988
995
1001
1013
1015
1017
1020
1021
1022
1027
1029
940
940
942
944
945
944
947
949
950
951
954
958
962
966
969
979
990
992
997
976
990
1000
1009
1012
1012
950
951
951
963
965
975
966
966
970
971
978
984
986
991
967
988
996
996
1000
1000
1007
1008
1008
1010
1013
1017
1018
1017
1022
1022
1024
1025
1029
1031
1037
1032
1032
1033
1033
1033
1034
1035
1036
1036
1037
1034
1037
1038
1038
1042
1043
1045
1046
1049
1049
1045
1049
1053
1055
1056
1057
1057
1060
1060
1061
1062
1064
1071
1066
1066
1067
1070
1072
1079
1079
1079
1081
1084
1086
353
377
394
401
402
435
466
497
579
610
622
503
689
719
732
784
752
877
892
930
1011
914
1086
1096
1091
1093
1100
1096
1099
1115
1116
1117
923
1086
1095
1096
1104
1090
1105
1108
1119
1120
977
991
996
1037
1057
1073
1086
1091
1092
1096
1100
1104
1107
1120
1121
1123
1125
1125
1126
1087
1101
1091
1101
1103
1103
1105
1109
1110
1114
1115
1118
1118
1120
1121
1126
1130
1130
1133
1134
1127
1135
1136
1144
1144
1145
1150
1159
1148
1149
1155
1160
1166
1133
1136
1139
1141
1135
1143
1144
1144
1145
1168
1168
1171
1183
1198
1175
1176
1181
1182
1184
1183
1186
1187
1189
1201
1203
1207
1207
1210
1211
1149
1153
1155
1159
1162
1163
1165
1167
1169
1171
1171
1171
1172
1173
1176
1177
1177
1181
1184
1196
1187
1202
1205
1203
1207
1208
1213
1221
1221
1226
1208
1216
1218
1218
1225
1235
1282
1316
1336
1345
1185
1199
1211
1226
1198
1239
1244
1244
1189
1208
1217
1247
1247
1252
1268
1269
1270
1315
1284
1287
1324
1299
1303
1333
1349
1351
1363
1368
1370
1374
1388
1400
1403
1403
1404
1414
1417
1420
1424
1425
1427
1433
1434
1408
1414
1424
1431
1439
1442
1469
1482
1497
1488
1502
1534
1441
1446
1466
1467
1470
1478
1483
1483
1488
1533
1536
1478
1482
1496
1507
1508
1500
1509
1513
1537
1541
1546
1547
1553
1227
1227
1228
1256
1258
1245
1260
1272
1288
1230
1244
1252
1281
1304
1332
1362
1370
1395
1255
1280
1289
1290
1392
1309
1466
1402
1423
1426
1442
1452
1464
1467
1471
1472
1259
1263
1268
1297
1336
1272
1323
1350
1387
1393
1471
1411
1433
1446
1475
1477
1478
1487
1520
1412
1424
1476
1524
1525
1530
1530
1531
1530
1533
1550
1552
1266
1267
1277
1267
1279
1393
1320
1406
1408
1419
1421
1446
1305
1308
1316
1356
1378
1432
1454
1457
1463
1499
1501
1501
1290
1308
1321
1322
1330
1333
1337
1340
1357
1400
1404
1423
1439
1456
1482
1482
1469
1489
1498
1506
1504
1543
1546
1526
1532
1545
1546
1553
1554
1557
1557
1228
1246
1254
1257
1261
1261
1231
1237
1262
1233
1238
1241
1269
1269
1276
1279
1279
1292
1281
1291
1304
1323
1340
1393
1400
1403
1418
1435
1328
1337
1339
1386
1453
1457
1469
1341
1348
1390
1456
1460
1466
1471
1476
1480
1476
1481
1282
1288
1306
1291
1311
1315
1340
1377
1409
1289
1314
1321
1345
1352
1413
1417
1421
1347
1367
1433
1458
1459
1489
1489
1492
1498
1499
1308
1323
1329
1312
1364
1392
1361
1372
1423
1393
1437
1446
1437
1467
1472
1480
1484
1495
1503
1507
1512
1483
1512
1503
1515
1517
1519
1521
1527
1533
1521
1522
1528
1528
1533
1535
1537
1539
1545
1554
1555
1555
1559
1559
1560
1563
1563
1563
1564
1619
1885
1979
1564
1565
1565
1565
1567
1569
1566
1569
1572
1572
1572
1573
1573
1574
1576
1574
1574
1574
1578
1579
1588
1579
1580
1582
1586
1595
1600
1601
1590
1605
1612
1614
1614
1622
1580
1580
1584
1584
1603
1618
1626
1627
1636
1586
1589
1589
1596
1599
1604
1637
1638
1639
1640
1640
1645
1648
1648
1649
1656
1588
1589
1589
1589
1589
1593
1600
1604
1607
1618
1621
1627
1683
1740
1748
1748
1749
1789
1871
1872
1919
1969
1619
1619
1621
1639
1640
1660
1676
1707
1762
1771
1789
1684
1695
1755
1779
1785
1892
1781
1786
1894
1898
1947
1957
1980
1991
2007
1621
1622
1625
1646
1668
1736
1760
1794
1818
1781
1822
1854
1912
1970
1972
1980
1988
2011
2030
2031
2035
2048
2070
2071
2060
2073
2076
1626
1628
1634
1636
1656
1641
1642
1642
1666
1666
1673
1670
1676
1692
1677
1680
1699
1682
1706
1709
1710
1711
1717
1686
1689
1699
1723
1723
1725
1727
1731
1732
1734
1734
1742
1749
1750
1756
1760
1765
1774
1774
1808
1832
1849
1780
1787
1790
1794
1796
1812
1816
1818
1819
1833
1844
1822
1851
1857
1860
1861
1865
1848
1866
1866
1872
1872
1895
1901
1936
1954
1955
1978
2037
1873
1902
1905
1907
1912
1914
1941
1946
1948
1950
1951
1951
1957
1968
1988
1989
2004
2018
2082
2024
2051
2061
2063
2064
2073
2073
2080
2084
2087
2094
2087
2093
2094
2100
1651
1658
1659
1661
1659
1663
1663
1664
1666
1667
1667
1667
1668
1668
1668
1669
1671
1678
1679
1681
1684
1686
1687
1692
1693
1696
1697
1702
1691
1702
1709
1709
1711
1715
1705
1709
1723
1710
1711
1727
1729
1731
1706
1725
1729
1730
1784
1736
1740
1750
1765
1776
1781
1790
1792
1795
1805
1811
1813
1816
1819
1838
1844
1846
1848
1850
1854
1857
1727
1728
1738
1736
1741
1746
1752
1762
1770
1771
1795
1809
1814
1815
1822
1822
1828
1860
1866
1868
1869
1874
1871
1871
1878
1881
1883
1883
1884
1888
1894
1750
1764
1764
1766
1770
1775
1779
1781
1808
1814
1821
1833
1833
1834
1835
1837
1844
1843
1873
1881
1886
1856
1894
1895
1901
1903
1903
1904
1904
1905
1906
1744
1755
1760
1786
1789
1828
1830
1770
1875
1906
1873
1903
1908
1911
1911
1912
1913
1913
1919
1921
1914
1914
1921
1925
1933
1934
1936
1938
1932
1939
1944
1944
1946
1947
1947
1951
1953
1958
1960
1960
1961
1963
1966
1983
1973
1988
1993
2051
1990
1992
1995
2004
2011
2040
2019
2025
2045
2045
2051
2051
2052
1954
1960
1960
1962
1965
1975
1976
1990
1997
1965
1978
1981
1985
1992
1995
1993
1998
2003
2015
2017
1996
2004
2009
2023
2020
2023
2027
2029
2030
2033
2034
2035
2043
2050
2061
2061
2062
2064
2066
2067
2070
2072
2076
2071
2083
2089
2092
2099
2100
2106
2101
2107
2105
2107
2108
119
127
136
212
242
909
144
210
1338
758
880
1145
1342
300
353
367
677
894
985
1054
1083
1112
1293
1444
1523
1659
296
313
421
433
438
748
755
829
935
1319
960
965
1145
1318
1349
1371
1388
1109
1174
1402
1484
1663
1669
246
278
447
531
247
319
485
574
676
688
757
783
603
813
878
856
904
1161
1406
1544
1620
923
1094
1095
1206
1208
1214
1230
1248
1320
1334
1570
1606
1682
1692
1820
1881
1690
1731
1747
1923
1950
1969
1640
1843
1958
1977
1988
2040
2111
2140
2140
2155
2157
2049
2108
2115
2120
2143
2147
2188
2148
2185
2203
2196
2206
2207
2226
1961
1971
1971
2021
2038
2108
2109
2111
2113
2113
2116
2128
2117
2118
2120
2131
2132
2136
2138
2139
2147
2121
2123
2133
2134
2127
2148
2148
2137
2142
2149
2151
2153
2149
2157
2175
2179
2204
2251
2155
2157
2201
2297
2157
2157
2157
2157
2183
2298
2324
2207
2208
2219
2225
2241
2256
2263
2273
2289
2295
2297
2308
2309
2332
2333
2325
2344
2330
2346
2349
2349
2353
2362
2365
2158
2160
2164
2165
2165
2167
2173
2173
2174
2178
2179
2180
2205
2224
2173
2257
2269
2271
2275
2314
2336
2345
2365
2375
2395
2422
2433
2461
2278
2281
2308
2324
2326
2337
2339
2352
2369
2385
2417
2429
2429
2440
2441
2462
2292
2300
2326
2342
2369
2386
2395
2418
2460
2380
2383
2435
2466
2467
2467
2467
2471
2473
2473
2174
2174
2175
2177
2179
2190
2181
2186
2199
2221
2238
2242
2248
2250
2252
2280
2282
2276
2278
2301
2306
2286
2303
2311
2314
2316
2318
2341
2326
2350
2364
2390
2395
2365
2398
2411
2415
2420
2443
2450
2451
2470
2479
2479
2481
2501
2486
2504
2484
2505
2512
2517
2522
2523
2524
2185
2186
2191
2191
2191
2195
2195
2196
2203
2213
2221
2215
2222
2238
2248
2248
2249
2251
2261
2198
2199
2203
2208
2209
2212
2218
2212
2221
2224
2226
2233
2234
2236
2236
2237
2239
2241
2262
2262
2269
2246
2246
2249
2250
2259
2273
2275
2284
2292
2294
2304
2311
2317
2305
2313
2324
2326
2331
2333
2338
2343
2351
2353
2364
2366
2409
2339
2358
2366
2370
2372
2372
2377
2384
2384
2393
2394
2400
2400
2407
2409
2410
2265
2266
2270
2274
2282
2285
2310
2278
2284
2297
2312
2312
2314
2328
2318
2319
2328
2344
2355
2334
2347
2349
2356
2357
2365
2282
2290
2298
2344
2389
2395
2398
2414
2418
2431
2434
2331
2347
2369
2373
2383
2371
2372
2376
2390
2390
2390
2436
2405
2413
2416
2441
2445
2447
2455
2463
2463
2464
2471
2471
2473
2485
2485
2486
2495
2506
2392
2393
2410
2405
2413
2417
2405
2409
2423
2431
2433
2417
2440
2450
2455
2458
2459
2464
2469
2395
2415
2415
2419
2423
2427
2428
2436
2440
2429
2449
2467
2467
2473
2470
2470
2474
2475
2478
2476
2479
2482
2486
2493
2497
2498
2499
2507
2511
2512
2518
2518
2520
2521
2525
2525
2527
2528
2530
2530
2531
2533
2527
2528
2529
2529
2534
2534
2530
2534
2535
2535
2536
2536
2536
2537
2538
2544
2545
2546
2539
2542
2549
2549
2550
2550
2550
2550
2552
2553
2554
2554
2556
2557
2558
2559
2560
2560
2562
2562
2563
2564
2565
2569
2571
2571
2573
2574
2578
2579
2579
2579
2581
2583
2585
2585
2585
2590
2591
2593
2594
2596
2586
2587
2588
2590
2592
2596
2596
2597
2600
2601
2601
2620
2628
2606
2606
2606
2607
2608
2608
2612
2613
2610
2614
2615
2616
2608
2616
2620
2617
2620
2620
2619
2619
2622
2623
2625
2622
2623
2627
2644
2646
2649
2651
2653
2654
2624
2624
2629
2636
2636
2636
2639
2644
2648
2649
2654
2656
2656
2656
2657
2617
2618
2661
2658
2668
2668
2661
2671
2658
2664
2666
2671
2672
2672
2675
2676
2672
2673
2673
2674
2676
2676
2677
2679
2679
2680
2681
2683
2683
2684
2685
2684
2686
2687
2688
2688
2690
2744
2691
2695
2697
2698
2698
2698
2703
2703
2703
2704
2708
2699
2702
2704
2706
2706
2729
2708
2736
2739
2744
2750
2752
2707
2711
2712
2715
2714
2724
2732
2760
2746
2762
2773
2773
2750
2778
2780
2785
2786
2716
2717
2722
2723
2726
2733
2734
2737
2734
2738
2740
2741
2743
2745
2746
2756
2757
2772
2748
2748
2751
2751
2760
2762
2762
2777
2773
2778
2780
2774
2786
2788
2788
2789
2793
2793
2795
2796
2800
2753
2756
2804
2792
2809
2810
2764
2789
2801
2807
2813
2801
2814
2818
2819
2809
2816
2817
2821
2821
2832
2828
2834
2835
2835
2836
2836
2840
2840
2841
2842
2847
2847
2802
2822
2852
2853
2854
2855
2856
2810
2811
2838
2830
2847
2851
2853
2856
2857
2859
2859
2860
2860
2864
2867
2867
2869
2881
2868
2871
2874
2875
2877
2889
2891
2896
2879
2891
2896
2897
2897
2902
2905
2898
2898
2900
2907
2908
2902
2904
2909
2912
2912
2912
2914
2917
2918
2920
2923
2927
2930
2931
2932
2751
2755
2756
2770
2771
2773
2763
2765
2790
2775
2776
2795
2810
2815
2817
2827
2834
2844
2847
2864
2874
2838
2867
2874
2879
2898
2902
2907
2774
2777
2784
2790
2791
2793
2794
2804
2804
2799
2820
2857
2891
2914
2915
2849
2858
2859
2872
2880
2898
2900
2904
2915
2919
2922
2927
2930
2946
2946
2949
2950
2953
2964
2955
2955
2960
2963
2964
2964
2971
2983
2983
2990
2991
2993
2991
2995
3009
3009
3011
3012
3016
3020
3023
3026
3032
3035
3043
3050
3031
3036
3042
3056
3060
3034
3039
3047
3035
3048
3062
3050
3070
3074
3084
3084
3064
3079
3085
3085
3086
3088
3092
3093
3093
3094
2933
2939
2940
2941
2943
2934
2934
2939
2944
2944
2944
2944
2945
2961
2965
2968
2969
2984
2988
3011
3012
3018
2970
2970
2976
2996
2979
2999
3003
3014
3019
3019
3019
3019
2957
2962
2964
2968
2966
2973
2992
3003
2978
3004
3012
2971
3002
2974
3013
3026
3027
3032
3044
3046
3048
3014
3015
3015
3019
3024
3033
3038
3039
3040
3045
3049
3056
3016
3024
3041
3044
3051
3062
3063
3067
3067
3068
3068
3068
3070
3070
3095
3095
3070
3070
3099
3094
3115
3118
3119
3120
3129
3103
3104
3115
3124
3124
3130
3119
3132
3143
3157
3182
3188
3236
3176
3244
3258
3305
3327
3147
3148
3150
3151
3154
3155
3156
3159
3159
3168
3175
3178
3192
3165
3166
3169
3175
3177
3178
3180
3184
3201
3211
3216
3187
3191
3193
3198
3200
3217
3221
3228
3201
3202
3205
3205
3217
3217
3228
3236
3238
3241
3243
3219
3220
3224
3224
3246
3249
3250
3321
3251
3259
3269
3269
3276
3284
3270
3272
3273
3298
3311
3286
3308
3313
3313
3318
3321
3322
3326
3332
3333
3336
3337
3338
3339
3342
3342
3345
3345
3349
3350
3352
3359
3362
3362
3363
3370
3372
3373
3373
3387
3393
3419
3421
3375
3377
3408
3420
3427
3439
3391
3392
3394
3421
3423
3428
3441
3444
3444
3440
3445
3446
3448
3450
3452
3454
3458
3352
3357
3363
3372
3386
3391
3397
3400
3412
3419
3422
3425
3447
3436
3448
3450
3451
3461
3469
3464
3472
3472
3465
3480
3489
3500
3514
3547
3550
3474
3477
3484
3480
3485
3486
3490
3493
3494
3497
3498
3505
3505
3509
3513
3546
3550
3504
3510
3512
3521
3557
3561
3527
3562
3566
3568
3543
3544
3563
3568
3575
3584
3601
3585
3585
3585
3611
3631
3632
3633
3634
3586
3594
3594
3632
3638
3643
3644
3648
3672
3674
3591
3630
3665
3666
3684
3693
3694
3693
3697
3697
3720
3728
3728
3732
3736
3739
3740
3740
3667
3690
3739
3742
3761
3770
3745
3754
3760
3769
3770
3773
3781
3784
3789
3793
3802
3802
3806
3808
3837
3786
3800
3804
3818
3825
3839
3849
3855
3860
3520
3527
3523
3534
3531
3543
3549
3550
3551
3554
3555
3566
3569
3569
3576
3578
3580
3583
3585
3599
3601
3607
3611
3638
3621
3631
3633
3652
3654
3666
3674
3668
3676
3678
3680
3683
3687
3714
3716
3731
3722
3740
3752
3728
3733
3752
3755
3799
3742
3745
3750
3763
3806
3833
3841
3843
3844
3845
3874
3892
3895
3899
3752
3755
3762
3775
3778
3784
3794
3799
3865
3804
3866
3871
3876
3878
3878
3880
3883
3887
3895
3896
3898
3898
3899
3901
3902
3817
3844
3869
3873
3879
3879
3880
3904
3905
3916
3909
3915
3917
3921
3922
3927
3907
3910
3920
3931
3934
3934
3938
3957
3936
3936
3944
3961
3961
3944
3945
3948
3950
3951
3952
3958
3958
3970
3971
3972
3974
3976
3977
3982
3985
3985
3986
3987
3989
3992
3999
4007
3998
4007
4010
4012
3073
3074
3081
3087
3088
3090
3101
3091
3102
3103
3092
3094
3099
3103
3108
3110
3103
3106
3107
3112
3112
3113
3116
3116
3118
3119
3119
3128
3137
3141
3121
3127
3128
3145
3127
3128
3146
3149
3122
3125
3135
3139
3139
3147
3152
3152
3153
3157
3158
3158
3161
3119
3127
3129
3133
3154
3172
3165
3172
3173
3167
3170
3174
3174
3180
3180
3181
3183
3183
3197
3184
3201
3203
3203
3206
3214
3216
3190
3191
3193
3197
3202
3205
3206
3210
3217
3228
3218
3232
3241
3231
3232
3234
3245
3246
3242
3247
3242
3249
3248
3251
3253
3257
3257
3260
3260
3263
3262
3268
3270
3271
3277
3279
3283
3285
3287
3292
3292
3303
3265
3284
3278
3285
3292
3294
3297
3298
3302
3307
3312
3317
3319
3322
3320
3323
3323
3326
3326
3304
3327
3329
3337
3337
3338
3339
3342
3329
3332
3335
3339
3346
3351
3353
3388
3399
3402
3343
3343
3346
3351
3352
3386
3358
3360
3369
3386
3387
3405
3411
3416
3423
3430
3438
3438
3353
3355
3357
3360
3364
3369
3370
3375
3381
3388
3411
3411
3446
3460
3468
3470
3383
3398
3403
3442
3409
3444
3478
3444
3460
3472
3472
3478
3481
3481
3481
3376
3380
3401
3427
3391
3413
3419
3421
3439
3445
3450
3451
3451
3457
3466
3476
3477
3481
3481
3486
3486
3486
3488
3462
3469
3493
3471
3500
3500
3502
3489
3491
3492
3498
3503
3504
3545
3590
3507
3510
3519
3526
3509
3509
3510
3519
3522
3529
3524
3528
3533
3535
3535
3539
3542
3549
3572
3552
3568
3569
3590
3585
3590
3604
3616
3656
3668
3668
3635
3668
3674
3677
3555
3556
3578
3579
3586
3588
3588
3590
3560
3562
3563
3580
3581
3602
3583
3608
3611
3612
3614
3619
3626
3630
3632
3634
3640
3649
3650
3651
3653
3654
3655
3669
3701
3695
3707
3670
3678
3678
3686
3687
3689
3694
3694
3695
3695
3702
3714
3714
3635
3635
3643
3645
3653
3655
3656
3659
3662
3663
3671
3674
3676
3692
3697
3691
3692
3696
3704
3706
3702
3715
3721
3726
3718
3732
3732
3722
3723
3745
3726
3726
3745
3747
3749
3729
3736
3750
3774
3780
3796
3801
3751
3758
3759
3761
3773
3775
3766
3776
3793
3796
3800
3812
3819
3764
3770
3772
3773
3811
3789
3798
3813
3821
3828
3839
3839
3785
3793
3842
3842
3845
3851
3851
3849
3852
3789
3803
3806
3825
3835
3838
3899
3853
3857
3858
3867
3901
3896
3908
3925
3945
3810
3816
3818
3822
3883
3824
3871
3904
3952
3954
3955
3962
3964
3980
3860
3862
3865
3867
3868
3868
3883
3887
3889
3891
3880
3885
3893
3894
3900
3900
3901
3903
3904
3905
3905
3906
3908
3909
3912
3913
3916
3916
3918
3918
3918
3920
3925
3931
3925
3928
3929
3938
3938
3968
3968
3977
3939
3940
3943
3973
3974
3976
3978
3981
3984
3984
3988
3990
3993
3996
3999
3999
4003
4003
4003
4004
4006
4008
4011
4006
4010
4012
4014
4013
4015
4016
3861
4017
4019
4019
4021
4021
4022
4022
4023
4026
4028
4036
4040
4027
4028
4028
4028
4031
4033
4035
4037
4038
4038
4039
4039
4039
4040
4040
4040
4043
4040
4044
4045
4045
4046
4046
4047
4048
4049
4049
4049
4049
4054
4052
4056
4059
4059
4060
4063
4065
4065
4066
4065
4067
4089
4092
4103
4112
4119
4079
4087
4088
4091
4091
4095
4095
4100
4100
4101
4101
4103
4105
4107
4103
4108
4111
4115
4108
4118
4121
4122
4122
4123
4127
4130
4133
4133
4133
4143
4143
4150
4135
4152
4156
4161
4139
4139
4143
4147
4156
4163
4134
4155
4148
4162
4165
4173
4174
4181
4187
4188
4207
4239
4157
4161
4159
4172
4181
4183
4186
4186
4263
4265
4266
4269
4298
4314
4054
4063
4063
4067
4067
4067
4068
4072
4078
4078
4081
4089
4082
4090
4098
4117
4118
4167
4136
4148
4152
4168
4091
4098
4100
4110
4113
4118
4121
4133
4150
4155
4174
4166
4176
4182
4182
4187
4187
4198
4207
4202
4203
4207
4210
4212
4214
4216
4220
4222
4226
4228
4231
4238
4236
4247
4248
4249
4249
4286
4297
4253
4271
4273
4279
4283
4314
4325
4326
4350
4429
4435
4350
4365
4366
4368
4459
4377
4385
4391
4405
4465
4476
4479
4481
4488
4488
4402
4416
4426
4427
4432
4430
4434
4472
4495
4502
4508
4516
4521
4521
4285
4286
4301
4302
4307
4318
4329
4337
4339
4329
4349
4349
4360
4312
4336
4340
4349
4371
4391
4397
4377
4384
4392
4416
4429
4431
4350
4356
4377
4379
4402
4417
4418
4418
4428
4444
4424
4435
4448
4439
4441
4443
4456
4465
4445
4454
4466
4466
4468
4469
4474
4478
4483
4483
4487
4498
4501
4501
4505
4507
4508
4513
4520
4524
4528
4528
4529
4529
4529
4531
4532
4534
4537
4539
4536
4539
4544
4545
4546
4547
4552
4552
4553
4557
4559
4560
4560
4560
4553
4564
4563
4570
4570
4574
4575
4576
4577
4580
4585
4588
4191
4196
4197
4198
4200
4201
4203
4206
4206
4199
4200
4210
4216
4210
4214
4217
4202
4203
4205
4210
4220
4220
4218
4235
4237
4247
4248
4220
4225
4231
4234
4241
4253
4255
4271
4276
4278
4280
4282
4286
4293
4296
4296
4301
4303
4307
4312
4312
4314
4316
4316
4235
4243
4243
4247
4251
4254
4259
4268
4283
4287
4253
4291
4292
4294
4297
4319
4320
4322
4322
4324
4268
4268
4276
4280
4309
4311
4328
4328
4329
4329
4333
4244
4248
4278
4311
4259
4266
4267
4327
4328
4331
4337
4338
4340
4343
4345
4346
4346
4348
4351
4354
4354
4356
4357
4357
4359
4387
4362
4403
4366
4390
4393
4413
4414
4394
4405
4423
4429
4448
4463
4482
4489
4517
4513
4545
4353
4353
4405
4418
4423
4425
4431
4439
4461
4465
4499
4488
4512
4533
4531
4539
4553
4553
4560
4560
4565
4565
4567
4567
4576
4590
4563
4584
4590
4592
4595
4596
4609
4621
4611
4617
4629
4364
4366
4366
4369
4370
4376
4379
4380
4396
4396
4398
4401
4406
4407
4416
4416
4428
4431
4447
4451
4455
4462
4463
4418
4421
4422
4425
4437
4442
4443
4450
4457
4463
4467
4469
4470
4467
4473
4473
4474
4475
4479
4476
4481
4481
4487
4490
4495
4498
4502
4503
4503
4505
4511
4514
4516
4520
4521
4525
4531
4531
4532
4534
4534
4540
4550
4554
4555
4557
4561
4537
4542
4542
4544
4560
4565
4566
4566
4545
4570
4573
4576
4576
4580
4579
4582
4582
4582
4589
4623
4666
4589
4590
4592
4594
4598
4599
4599
4603
4603
4604
4605
4612
4614
4626
4612
4613
4628
4631
4632
4634
4636
4596
4604
4616
4620
4631
4634
4638
4640
4640
4641
4642
4645
4651
4651
4647
4648
4651
4653
4653
4656
4657
4637
4641
4641
4643
4643
4644
4646
4652
4653
4657
4657
4660
4654
4655
4766
4660
4666
4672
4778
4676
4683
4696
4727
4793
4690
4773
4811
4816
4818
4822
4836
4697
4705
4730
4766
4787
4791
4793
4796
4807
4814
4734
4740
4796
4823
4828
4836
4839
4843
4859
4664
4667
4668
4670
4670
4671
4673
4677
4684
4684
4686
4689
4675
4676
4685
4690
4691
4694
4695
4697
4699
4690
4695
4698
4702
4702
4702
4707
4702
4710
4704
4710
4711
4714
4714
4718
4722
4724
4729
4729
4733
4734
4747
4747
4754
4755
4757
4757
4761
4769
4777
4780
4782
4783
4783
4785
4785
4788
4789
4796
4798
4799
4801
4833
4838
4840
4812
4830
4846
4859
4861
4862
4815
4835
4865
4842
4849
4863
4868
4864
4871
4875
4876
4881
4828
4869
4874
4884
4885
4888
4890
4891
4892
4893
4894
4895
4725
4726
4728
4738
4745
4745
4727
4730
4744
4746
4748
4758
4734
4740
4753
4762
4777
4803
4807
4808
4809
4736
4765
4737
4744
4750
4752
4777
4783
4761
4794
4801
4811
4811
4813
4814
4755
4766
4799
4804
4821
4824
4822
4823
4823
4825
4826
4829
4830
4830
4832
4833
4839
4851
4859
4878
4895
4841
4845
4845
4862
4895
4902
4846
4847
4847
4853
4857
4858
4872
4876
4877
4887
4897
4892
4898
4896
4897
4900
4909
4901
4906
4910
4912
4898
4900
4902
4912
4913
4918
4919
4922
4925
4926
4930
4941
4950
4957
4963
4967
4976
4978
4979
4988
4984
5000
4928
4932
4936
4934
4939
4942
4944
4943
4943
4943
4944
4945
4947
4946
4956
4950
4957
4960
4965
4966
4970
4972
4973
4973
4974
4975
4977
4977
4980
4981
4986
4982
4990
4990
4991
4995
4997
4991
4992
4994
5001
5001
5001
5003
4763
4764
4774
4780
4784
4787
4814
4828
4835
4838
4858
4864
4882
4880
4881
4884
4970
4892
4903
5013
5022
4948
4963
5025
5015
5021
5024
5026
5028
4899
4948
4901
4910
4920
4958
4959
4991
5001
5007
5018
5019
5015
5015
5017
5020
5020
5022
5022
5025
5031
5034
5036
5037
5038
5025
5033
5041
5043
5044
5049
5054
5059
5067
5059
5062
5074
5081
5081
5087
5088
5096
5097
5098
5099
5103
5115
5115
5115
5119
5120
5124
5124
5126
5045
5049
5050
5051
5053
5054
5055
5056
5057
5060
5060
5060
5061
5060
5060
5062
5087
5063
5063
5064
5067
5064
5066
5068
5071
5071
5070
5071
5072
5079
5089
5098
5101
5114
5120
5074
5077
5092
5098
5126
5132
5133
5135
5135
5136
5138
5139
5140
5142
5144
5144
5147
5149
5150
5150
5151
5153
5156
5075
5078
5085
5089
5093
5092
5094
5102
5104
5105
5105
5110
5113
5127
5124
5133
5148
5156
5157
5158
5161
5160
5163
5092
5101
5109
5112
5123
5131
5131
5132
5132
5138
5147
5147
5153
5141
5141
5152
5152
5159
5164
5164
5164
5167
5178
5184
5165
5172
5170
5173
5174
5175
5177
5185
5176
5179
5188
5185
5186
5187
5190
5186
5190
5190
5190
5191
5191
5196
5191
5197
5199
5199
5200
5209
5202
5204
5204
5205
5208
5209
5211
5212
4867
4869
4882
4888
4903
4956
4989
4993
5014
5014
5020
5109
5116
5212
5121
5138
5153
5213
5212
5214
5217
5219
5226
5227
5228
5228
5230
5232
5232
5218
5219
5225
5226
5229
5230
5233
5236
5236
5239
5227
5235
5236
5241
5242
5244
5244
5245
5285
5298
5307
5318
5243
5245
5257
5262
5249
5275
5281
5299
5319
5330
5333
5341
5129
5176
5216
5225
5242
5252
5289
5343
5254
5275
5286
5292
5326
5333
5336
5344
5363
5363
5363
5383
5391
5370
5371
5371
5371
5383
5388
5394
5399
5399
5407
5410
5412
5427
5431
5457
5435
5436
5436
5484
5450
5489
5527
5532
5533
5458
5467
5549
5489
5560
5568
5573
5495
5500
5524
5507
5515
5536
5583
5246
5249
5250
5250
5250
5251
5252
5257
5257
5257
5258
5266
5275
5287
5312
5313
5262
5262
5263
5264
5267
5268
5267
5270
5279
5294
5276
5313
5333
5300
5301
5310
5314
5336
5336
5338
5340
5343
5352
5359
5359
5363
5367
5372
5369
5370
5374
5384
5387
5387
5387
5392
5401
5286
5404
5405
5408
5410
5426
5420
5425
5429
5433
5437
5443
5445
5457
5460
5472
5478
5478
5499
5518
5445
5490
5491
5532
5533
5566
5576
5619
5533
5557
5566
5619
5558
5585
5605
5618
5621
5627
5633
5633
5636
5643
5649
5650
5657
5662
5671
5677
5684
5686
5687
5455
5470
5489
5528
5577
5580
5581
5585
5516
5547
5606
5652
5658
5666
5681
5704
5705
5705
5711
5713
5718
5719
5721
5722
5740
5762
5781
5789
5804
5817
5820
5822
5723
5725
5754
5777
5816
5747
5751
5779
5824
5825
5825
5831
5840
5848
5856
5727
5733
5775
5781
5856
5808
5873
5860
5862
5869
5875
5878
5892
5894
5895
5892
5897
5902
5907
5911
5913
5913
5270
5274
5278
5281
5284
5286
5294
5296
5294
5298
5300
5306
5363
5313
5322
5330
5330
5334
5343
5345
5349
5361
5382
5364
5370
5382
5385
5275
5276
5276
5282
5292
5309
5322
5324
5325
5327
5329
5337
5345
5310
5316
5317
5338
5341
5345
5351
5349
5355
5375
5377
5383
5387
5377
5387
5389
5391
5424
5394
5400
5402
5405
5408
5410
5413
5421
5425
5429
5433
5438
5438
5441
5443
5449
5450
5454
5450
5452
5476
5471
5481
5482
5485
5405
5408
5414
5416
5416
5424
5424
5426
5430
5439
5449
5452
5456
5459
5462
5469
5478
5480
5490
5493
5495
5496
5463
5475
5488
5492
5493
5502
5503
5509
5511
5512
5528
6004
5514
5515
5518
5521
5530
5533
5519
5535
5539
5552
5591
5596
5630
5852
5720
5740
5857
5869
5525
5527
5534
5539
5539
5563
5607
5631
5701
5769
5770
5917
5965
5998
6020
5646
5693
5705
5722
5845
5859
5962
5791
6015
6056
6022
6032
6061
5893
6042
6095
6099
6111
6116
6139
5918
5924
5921
5928
5934
5996
6023
6024
5939
5951
5960
6011
6011
6067
6081
6100
6105
6108
6121
5962
5984
5972
6004
6011
6014
6115
6016
6027
6121
6138
6150
6165
6167
6179
5995
6032
6046
6041
6103
6153
6156
6182
6202
6203
6209
6211
6217
6231
6212
6243
6244
6259
6251
6253
6256
6268
6274
6278
6284
6291
6283
6284
6301
6301
6310
6313
6315
5546
5547
5568
5549
5558
5560
5567
5569
5573
5576
5576
5581
5560
5561
5571
5578
5589
5593
5593
5598
5600
5580
5581
5586
5593
5640
5591
5613
5654
5655
5675
5675
5680
5596
5601
5630
5752
5703
5726
5734
5755
5818
5825
5826
5730
5852
5856
5883
5884
5693
5705
5707
5712
5715
5717
5722
5722
5736
5770
5749
5759
5771
5778
5781
5801
5870
5872
5880
5897
5886
5899
5930
5915
5944
5946
5795
5803
5826
5828
5848
5875
5902
5914
6102
6180
5975
6084
6149
6183
5982
6029
6082
6234
6282
5887
5913
5951
5964
5996
6044
6083
6092
6100
6169
6189
6193
6195
6200
6258
6354
6397
6404
5929
5958
6089
6112
6041
6116
6124
6234
6333
6336
6153
6257
6263
6320
6355
6324
6331
6332
6358
6372
6382
6385
6384
6388
6388
6398
6401
6411
6393
6396
6407
6412
6413
6423
6425
6417
6422
6427
6430
6446
5570
5570
5570
5577
5579
5580
5581
5582
5588
5588
5589
5590
5594
5594
5596
5597
5599
5591
5594
5599
5602
5607
5608
5601
5611
5611
5619
5640
5652
5612
5625
5632
5638
5649
5656
5663
5617
5619
5637
5641
5642
5658
5675
5666
5667
5667
5667
5670
5672
5679
5681
5684
5680
5692
5692
5698
5725
5748
5682
5733
5751
5760
5771
5608
5613
5618
5629
5634
5647
5662
5684
5623
5674
5678
5746
5748
5765
5769
5777
5778
5781
5785
5785
5794
5824
5826
5829
5835
5838
5842
5855
5812
5840
5851
5860
5862
5861
5866
5866
5872
5797
5818
5858
5864
5887
5902
5906
5909
5919
5919
5924
5925
5931
5928
5935
5941
5947
5950
5951
5952
5964
5692
5699
5699
5700
5702
5715
5719
5730
5700
5709
5719
5731
5740
5741
5744
5745
5725
5733
5747
5754
5768
5755
5761
5769
5773
5775
5778
5780
5743
5778
5781
5808
5812
5822
5869
5891
5904
5995
5926
5948
5986
6042
5970
6019
6061
6166
6183
6211
6218
6235
5757
5797
5806
5827
5833
5861
5900
5903
5941
5882
5893
5905
5906
5942
5968
6009
6053
6066
5944
5948
5949
5973
5974
6001
6001
6021
6024
6031
6074
6117
6133
6141
6166
6188
6211
6225
6231
6244
6247
6249
6252
6256
6273
6276
5782
5790
5803
5806
5811
5812
5814
5800
5815
5817
5818
5855
5862
5814
5871
5821
5883
5880
5883
5885
5896
5888
5894
5912
5927
5936
5893
5921
5975
5980
5989
6038
6117
6121
6131
6145
5995
6025
6079
6109
6115
6119
6128
6164
6167
6211
6222
6233
6235
6254
6254
6256
6268
6280
6278
6283
6286
6289
6290
6302
6299
6309
6344
6365
6398
6406
6421
6432
6307
6323
6323
6343
6349
6390
6404
6433
6451
6453
6398
6416
6434
6437
6450
6450
6427
6433
6450
6454
6457
6459
5947
5967
5959
5989
6012
6020
6021
6023
6059
6059
6074
6088
6101
6080
6099
6139
6190
6110
6147
6147
6159
6188
6205
6214
6182
6220
6222
6232
6239
6241
6262
6266
6324
6329
6382
6414
6329
6334
6424
6460
6464
6464
6473
6474
6477
6477
6479
6480
6481
6484
6486
6488
6488
6496
6496
6496
6496
5964
5965
5975
5978
5981
5967
5978
5982
5984
5978
5987
5989
5989
5991
6001
6001
5992
5994
5997
6006
6015
6006
6020
6022
5999
6001
6012
6017
6017
6022
6023
6027
6034
6023
6040
6047
6063
6065
6084
6095
6100
6035
6036
6037
6041
6039
6042
6039
6048
6046
6052
6062
6064
6064
6079
6085
6087
6091
6098
6103
6112
6123
6134
6135
6142
6145
6167
6170
6102
6102
6126
6137
6140
6141
6170
6173
6176
6183
6190
6139
6159
6230
6274
6190
6206
6215
6275
6219
6256
6294
6304
6305
6281
6326
6300
6333
6335
6336
6376
6396
6476
6478
6490
6501
6184
6209
6201
6213
6244
6229
6249
6264
6303
6375
6213
6307
6415
6436
6448
6249
6355
6512
6512
6503
6503
6504
6508
6508
6524
6525
6526
6527
6509
6510
6521
6525
6527
6528
6528
6529
6530
6530
6054
6059
6067
6061
6070
6079
6089
6097
6087
6104
6110
6111
6129
6109
6135
6137
6145
6150
6156
6178
6181
6218
6182
6208
6228
6237
6241
6261
6265
6270
6280
6293
6301
6302
6317
6322
6389
6167
6173
6182
6204
6211
6262
6369
6417
6430
6233
6243
6337
6347
6393
6432
6453
6472
6273
6356
6451
6430
6496
6498
6499
6500
6501
6520
6506
6532
6533
6534
6534
6536
6538
6540
6544
6544
6545
6543
6547
6554
6554
6555
6557
6558
6561
6561
6567
6560
6568
6568
6562
6570
6571
6566
6572
6576
6595
6618
6628
6654
6675
6522
6538
6548
6574
6574
6614
6624
6641
6685
6728
6734
6590
6680
6682
6683
6707
6749
6755
6759
6996
7028
6996
7030
7033
7042
6769
6771
6799
6887
6792
6911
6917
6982
6820
6873
7155
7038
7111
7155
7161
7173
7180
7187
7193
7202
7238
7197
7278
7367
7236
7253
7255
7381
7258
7317
7415
7426
7467
7478
7495
7564
7586
7594
7604
7506
7510
7522
7540
7572
7614
7618
7670
7675
7682
7686
7727
7753
7794
7823
7874
7895
7926
7902
7930
7938
7952
7964
7967
8008
8026
8057
8087
8089
8052
8091
8099
8104
8190
8206
8215
8250
8264
8302
8360
8306
8308
8313
8457
8542
8351
8471
8555
8381
8400
8557
8567
8596
8169
8199
8264
8259
8393
8407
8525
8547
8594
8594
8613
8617
8624
8601
8635
8647
8672
8682
8682
8687
8693
8700
8726
8736
6281
6282
6283
6287
6289
6289
6291
6293
6295
6306
6306
6312
6318
6319
6321
6322
6324
6327
6348
6330
6331
6332
6343
6364
6365
6366
6384
6455
6457
6457
6466
6485
6495
6349
6356
6356
6359
6362
6369
6377
6381
6391
6400
6411
6403
6415
6419
6461
6461
6424
6429
6434
6463
6466
6480
6489
6494
6498
6498
6505
6506
6507
6517
6524
6526
6523
6532
6536
6542
6691
6584
6699
6544
6552
6553
6558
6560
6598
6623
6632
6654
6704
6724
6728
6580
6586
6601
6603
6620
6646
6610
6676
6686
6698
6716
6732
6738
6750
6863
6820
6846
6916
6918
6949
6958
6741
6749
6750
6754
6770
6795
6831
6876
7012
7033
7034
7053
7588
7599
6875
6963
7185
7520
7551
7589
7736
7751
7878
7053
7085
7092
7142
7153
7199
7201
7239
7285
7313
7353
7378
7408
7511
7634
7421
7450
7514
7530
7653
7662
7453
7466
7493
7538
7561
7586
7586
7718
7723
7807
7825
7830
7557
7568
7626
7640
7593
7626
7687
7773
7774
7843
7865
7891
7905
6807
6831
6865
6874
6900
6908
6922
6953
6981
6981
6982
6993
7016
7001
7018
7057
7065
7070
7082
7117
7120
7154
7150
7156
7191
7190
7194
7199
7235
7252
7254
7303
7277
7307
7298
7379
7569
7310
7340
7324
7437
7522
7547
7641
7658
7687
7725
7736
7747
7757
7764
7800
7819
7966
7982
7928
7933
7942
7972
7978
7979
7997
8000
8009
8013
8047
8065
8058
8080
8101
8124
8093
8130
8180
8168
8245
8559
8136
8163
8191
8440
8448
8550
8596
8671
8208
8214
8220
8219
8231
8281
8284
8310
8310
8345
8323
8349
8353
8366
8374
8376
8394
8443
8398
8445
8633
8665
8683
8447
8708
8721
8738
8379
8384
8427
8402
8429
8436
8453
8453
8467
8478
8500
8510
8497
8514
8552
8570
8593
8602
8649
8673
8674
8675
8765
8780
8913
8793
8797
8811
8870
8877
8896
8921
8928
8954
9030
9033
8973
8979
9035
9047
9062
9119
9154
9163
8987
8997
9042
9091
9113
9118
9143
9157
9194
9231
9239
9248
9315
9382
9383
9435
9459
8707
8728
8756
8715
8759
8767
8778
8783
8785
8739
8807
8821
8836
8864
8871
8883
8910
8928
8920
8930
8937
8973
8980
8983
8991
9022
9027
9110
9121
9170
8949
8966
8968
8971
9034
9075
9046
9081
9083
9174
9055
9101
9194
9202
9215
9118
9119
9203
9234
9270
9274
9280
9292
9311
9313
9313
9326
9354
9368
9449
9547
9553
9011
9025
9033
9039
9122
9135
9139
9148
9211
9221
9222
9236
9283
9286
9670
9299
9346
9377
9486
9553
9644
9807
9293
9311
9462
9557
9647
9576
9650
9600
9684
9704
9602
9781
9808
9823
9834
9659
9731
9741
9805
9837
9869
9895
9904
9959
9938
9958
10089
10099
10136
10168
9976
9991
10025
10058
10061
10074
10074
10074
10105
10142
10158
10159
10039
10068
10077
10081
10095
10105
10115
10116
10161
10174
10179
10185
10179
10197
10200
10212
10212
10228
10244
10256
10257
10260
10310
10317
10332
10353
10372
10378
10405
10440
10407
10422
10444
10274
10309
10332
10359
10408
10475
10495
10504
10507
10513
10514
10548
10554
10562
10570
9217
9226
9239
9304
9313
9320
9271
9281
9307
9329
9328
9343
9348
9483
9369
9477
9499
9501
9448
9458
9470
9479
9527
9511
9614
9652
9532
9732
9539
9561
9656
9751
9768
9825
9883
9886
9958
9991
10003
10042
10043
10086
10091
10102
10128
10128
10175
10207
10299
10325
10380
10385
9565
9571
9659
9696
9720
9772
9835
9867
9880
9900
9914
9953
9969
10000
10054
10144
9982
9997
10026
10101
10143
10161
10172
10187
10189
10216
10232
10251
10261
10318
10333
10352
10437
10370
10437
10441
10454
10466
10493
10493
10514
10548
10559
10572
10579
10571
10580
10594
10597
10595
10605
10623
10624
10625
10630
10630
10630
10632
10638
10640
10643
10646
10635
10636
10641
10647
10647
10651
10658
10850
10934
10946
11014
11161
11482
11530
10666
10682
10684
10694
10688
10695
10701
10712
10717
10726
10727
10769
10732
10741
10765
10804
10846
10789
10858
10868
10876
10733
10802
10835
10845
10851
10851
10868
10889
10899
10927
10932
10940
10961
11012
10744
10760
10779
10805
10819
10847
10855
10951
10960
10924
10973
11000
11028
11041
11046
11082
11085
11076
11085
11086
11090
11094
11094
11096
11101
11102
11108
11131
11153
11153
11157
11166
11167
11181
11184
11211
11216
11217
11208
11218
11224
11257
11261
11314
11434
11489
11504
11231
11244
11247
11259
11319
11348
11534
11547
11250
11254
11267
11582
11598
11262
11270
11306
11604
11624
11632
11640
11755
11393
11461
11586
11613
11627
11681
11737
11780
11787
11807
11979
11879
11950
12018
12020
12192
12230
11810
11811
11863
11876
11876
11823
11835
11843
11965
11846
11903
11965
12054
11978
12083
12119
12120
12133
12210
12255
12316
12250
12255
12364
12298
12421
12377
12438
12486
12556
12602
12608
12611
12141
12145
12182
12192
12144
12146
12155
12158
12232
12255
12267
12277
12290
12300
12339
12353
12621
12697
12726
12759
12777
12787
12940
12939
12984
13043
13059
13071
12355
12434
12426
12528
12495
12539
12573
12623
12626
12626
12709
12725
12777
12794
12794
12816
12844
12857
12894
12979
13002
13044
13073
13078
13057
13081
13111
13123
13127
13174
13108
13126
13127
13138
13156
13190
13191
13217
13221
13800
14016
14260
13236
13240
13245
13279
13307
13329
13353
13366
13372
13393
13394
13441
13492
13494
13527
13529
13580
13597
13608
13609
13505
13521
13539
13551
13579
13588
13642
13660
13656
13673
13697
13754
13805
13807
13807
14021
14434
14559
13810
13811
13823
13826
13863
13871
13904
13959
14001
14020
14091
14062
14204
14299
14365
14010
14020
14135
14276
14465
14489
14547
14597
14491
14632
14654
14660
14669
14670
14682
14692
14695
14736
14755
14773
14777
14825
14826
14829
14025
14054
14082
14144
14144
14220
14263
14313
14342
14424
14432
14488
14565
14580
14587
14600
14608
14664
14667
14672
14678
14789
14796
14816
14841
14862
14884
11262
11267
11275
11301
11303
11340
11354
11362
11508
11517
11523
11538
11542
11268
11275
11280
11281
11315
11354
11356
11387
11428
11431
11448
11467
11519
11548
11489
11560
11506
11562
11588
11599
11602
11613
11736
11575
11761
11909
11815
11883
11919
11924
11615
11646
11686
11807
11935
11945
11969
11663
11695
11771
11804
11825
11848
11873
11890
11894
11916
11945
11966
12054
12069
12085
12089
12103
12124
12194
12205
12207
12033
12065
12212
12209
12335
12455
12216
12247
12274
12296
12299
12310
12468
12478
12488
12522
12319
12323
12538
12564
12580
12382
12397
12392
12477
12482
12545
12588
12674
12590
12592
12683
11614
11700
11711
11826
11947
12075
12153
12426
12538
12597
12629
11854
11865
11931
11956
12025
12185
12208
12443
11872
12057
12420
12482
12618
12707
12726
12785
12798
12836
12931
12644
12951
12968
12997
13067
13043
13201
13154
13230
13240
13245
12730
12734
12772
12773
12801
12810
12815
12816
12828
12830
12845
12906
13071
13075
12927
12970
12978
12980
13027
13099
13137
13066
13210
13268
13309
13068
13323
13337
13294
13364
13368
13375
13396
13182
13183
13183
13228
13263
13285
13327
13331
13334
13378
13423
13431
13436
13446
13459
13468
13535
13746
13491
13689
13748
13831
14019
13505
13541
13567
13572
13839
14027
14053
13614
13658
13800
13845
13989
13929
14034
14055
14068
14103
14103
14116
14151
13504
13515
13585
13650
13764
13903
13596
13803
13851
13813
13881
14054
14093
14094
14137
14174
14211
13542
13656
13665
13670
13674
13723
13761
13735
13813
13826
13856
13875
13895
14005
14095
14096
14216
14249
14256
14258
14265
14294
14304
14307
14312
14316
14316
14319
14323
14325
14369
14373
14390
14404
14415
14416
14439
14536
14451
14473
14503
14529
14536
14539
14580
14605
14615
14646
14647
14654
14681
14691
14474
14504
14522
14546
14561
14593
14537
14619
14655
14702
14704
14707
14719
14719
14721
14728
14732
14734
14736
14744
14748
14774
14782
14800
14853
14865
14865
14824
14874
14888
14899
14905
14775
14781
14782
14805
14811
14834
14937
14953
14973
14980
15010
15029
15036
14870
14892
14899
14899
14907
14911
14902
14925
14932
14933
14937
14962
14967
14968
14972
15063
14947
14970
15012
15049
15071
15036
15083
15090
15128
15050
15056
15060
15067
15097
15105
15113
15127
15129
15129
15131
15135
15134
15152
15155
15162
6574
6574
6574
6576
6576
6580
6585
6587
6588
6578
6580
6584
6587
6587
6587
6589
6594
6597
6598
6599
6590
6592
6592
6601
6603
6598
6605
6606
6607
6609
6615
6618
6621
6622
6621
6635
6642
6607
6608
6611
6614
6619
6621
6621
6622
6630
6631
6631
6632
6635
6637
6637
6640
6640
6640
6642
6642
6645
6648
6651
6653
6653
6654
6655
6655
6655
6658
6662
6662
6662
6662
6664
6664
6668
6669
6676
6680
6680
6665
6671
6680
6681
6681
6683
6684
6684
6686
6687
6695
6697
6700
6701
6701
6705
6705
6707
6730
6728
6733
6736
6708
6711
6712
6716
6721
6724
6734
6737
6740
6741
6742
6746
6747
6748
6749
6655
6667
6685
6675
6688
6685
6685
6691
6703
6710
6715
6719
6722
6726
6733
6739
6747
6750
6757
6758
6759
6759
6760
6762
6763
6763
6763
6764
6768
6770
6775
6776
6777
6791
6798
6764
6781
6799
6801
6802
6805
6807
6809
6809
6810
6810
6815
6816
6818
6819
6820
6820
6823
6826
6827
6826
6828
6840
6847
6840
6857
6868
6823
6825
6828
6843
6845
6854
6871
6860
6876
6869
6884
6873
6877
6923
6876
6892
6900
6906
6931
6884
6890
6930
6908
6917
6937
6939
6939
6941
6947
6949
6952
6886
6911
6913
7027
7061
6965
6969
7022
6979
7025
7062
6957
6961
6958
6966
6968
6976
6973
6977
6977
6982
6990
6985
6999
7003
7005
7007
7016
7031
7032
7038
7041
7042
7048
7052
7053
6989
6993
7001
7016
7016
7055
7008
7025
7051
7061
7064
7066
7068
7069
7069
7070
7078
7078
7081
7084
7084
7088
7088
7090
7093
6675
6689
6700
6694
6701
6721
6749
6703
6709
6709
6722
6727
6741
6759
6781
6788
6789
6790
6793
6795
6802
6820
6853
6805
6806
6824
6826
6870
6892
6895
6898
6911
6912
6916
6932
6964
6966
6979
6989
7017
7011
7027
7040
7053
7055
7102
7136
7143
7155
7161
7166
7170
7178
7195
7234
7199
7224
7254
7250
7257
7305
7243
7251
7279
7341
7324
7341
7366
7370
7058
7073
7076
7092
7102
7104
7115
7096
7100
7108
7117
7118
7119
7123
7116
7136
7164
7125
7131
7132
7165
7138
7140
7151
7176
7178
7183
7182
7193
7215
7244
7237
7253
7254
7283
7287
7288
7291
7293
7120
7120
7141
7165
7170
7187
7192
7235
7245
7262
7279
7285
7302
7145
7167
7318
7323
7169
7300
7301
7314
7327
7345
7351
7352
7358
7373
7376
7381
7382
7384
7395
7388
7401
7413
7424
7188
7190
7190
7191
7198
7199
7205
7208
7213
7218
7248
7268
7278
7328
7340
7343
7377
7209
7215
7225
7267
7267
7277
7293
7356
7334
7373
7379
7383
7228
7252
7273
7302
7310
7337
7340
7410
7425
7437
7438
7438
7256
7276
7284
7316
7329
7330
7339
7340
7352
7353
7385
7391
7392
7339
7400
7410
7439
7441
7451
7465
7480
7497
7498
7401
7430
7436
7444
7444
7448
7458
7461
7462
7475
7495
7503
7508
7510
7518
7476
7480
7481
7479
7492
7501
7510
7515
7515
7520
7521
7527
7527
7528
7529
7530
7533
7530
7534
7538
7541
7543
7543
8025
7549
7549
7550
7550
7550
7551
7552
7553
7554
7561
7562
7564
7564
7556
7559
7566
7566
7567
7567
7567
7569
7573
7581
7598
7607
7611
7605
7613
7616
7620
7625
7625
7633
7626
7630
7641
7638
7643
7644
7652
7573
7573
7574
7581
7581
7583
7574
7584
7586
7602
7607
7618
7627
7629
7633
7636
7640
7676
7586
7595
7606
7613
7619
7654
7603
7643
7664
7665
7676
7627
7627
7639
7641
7651
7655
7665
7670
7678
7682
7691
7696
7711
7715
7718
7724
7730
7687
7695
7696
7697
7698
7698
7699
7712
7708
7720
7722
7723
7724
7733
7739
7741
7746
7747
7747
7755
7756
7748
7748
7755
7761
7762
7765
7763
7772
7773
7784
7788
7793
7778
7781
7784
7798
7838
7863
7788
7807
7871
7877
7903
7908
7910
7918
7802
7807
7814
7845
7882
7887
7904
7914
7822
7852
7853
7860
7860
7880
7890
7899
7917
7918
7920
7920
7942
7822
7822
7842
7843
7844
7854
7857
7855
7860
7864
7869
7872
7872
7874
7875
7875
7876
7878
7886
7888
7889
7912
7915
7920
7973
7974
7980
7985
8012
8067
8009
8074
8118
8028
8035
8044
8047
8058
8062
8062
8096
8112
8127
8128
8147
8159
8150
8174
8051
8121
8122
8147
8153
8180
8181
8183
8210
8210
8213
8216
8249
8250
7920
7923
7931
7941
7934
7938
7944
7945
7948
7948
7960
7972
7983
7988
7948
7950
7952
7953
7957
7958
7962
7962
7970
7972
7982
7983
7985
7989
7990
7993
7995
8003
8005
8005
8021
8008
8009
8025
8030
8032
8034
8036
8047
8061
8062
8063
8067
8068
8072
8072
8079
8087
8090
8101
8101
8102
8104
8112
8122
8127
8128
8132
8140
8143
8160
8163
8172
8104
8106
8109
8115
8131
8133
8143
8144
8152
8155
8166
8170
8173
8173
8177
8190
8192
8180
8193
8200
8183
8184
8232
8185
8224
8228
8238
8243
8260
8247
8275
8274
8288
8293
8296
8201
8207
8221
8229
8248
8250
8251
8251
8255
8259
8262
8268
8284
8291
8288
8291
8292
8294
8298
8302
8305
8306
8265
8266
8270
8277
8282
8300
8315
8301
8307
8310
8321
8339
8348
8351
8352
8359
8312
8318
8326
8327
8327
8340
8347
8360
8362
8365
8365
8366
8370
8372
8373
8005
8015
8047
8048
8084
8098
8384
8295
8387
8387
8390
8390
8396
8063
8075
8090
8240
8314
8327
8378
8398
8399
8401
8404
8180
8284
8311
8352
8374
8384
8407
8407
8423
8426
8428
8428
8440
8450
8453
8459
8462
8467
8468
8470
8472
8412
8418
8422
8424
8426
8426
8427
8428
8440
8447
8466
8470
8462
8476
8431
8443
8451
8451
8457
8461
8466
8473
8477
8474
8476
8480
8476
8484
8484
8487
8435
8451
8452
8464
8498
8471
8475
8489
8495
8496
8497
8499
8500
8501
8505
8507
8512
8524
8532
8508
8538
8545
8522
8547
8555
8558
8562
8562
8571
8583
8586
8591
8511
8511
8512
8515
8523
8529
8534
8535
8539
8539
8543
8545
8516
8537
8546
8550
8550
8552
8589
8593
8596
8597
8553
8565
8565
8565
8574
8577
8580
8580
8582
8586
8602
8603
8603
8605
8605
8606
8609
6658
6671
6691
6903
6959
6807
6818
6861
6877
6926
6928
6947
6980
6991
6995
7032
7036
7045
7122
7145
7167
7455
7822
7895
7182
7220
7339
7508
7268
7339
7559
7636
7684
7403
7576
7763
7830
7791
7863
7911
7911
7933
8107
8201
8271
8289
7203
7268
7311
7329
7375
7478
7322
7357
7441
7559
7328
7408
7617
7623
7264
7719
7869
7939
7950
7994
8033
8044
8102
8074
8189
8312
8327
8165
8171
8178
8331
8333
8376
8390
8407
8417
8437
8446
8447
8477
8495
8504
8508
8558
8564
8587
8596
8619
8626
8635
8639
8645
8659
8659
8626
8627
8635
8691
8692
8722
8736
8716
8750
8757
8704
8712
8719
8768
8769
8769
8730
8751
8735
8759
8765
8770
8779
8784
8804
8820
8828
8610
8628
8681
8630
8648
8649
8687
8618
8619
8630
8685
8689
8703
8634
8640
8641
8650
8709
8711
8711
8649
8666
8668
8675
8697
8722
8689
8734
8744
8746
8746
8748
8712
8715
8716
8716
8730
8735
8743
8754
8758
8769
8777
8783
8792
8793
8797
8826
8830
8807
8814
8824
8831
8837
8838
8841
8845
8852
8862
8873
8882
8887
8745
8754
8762
8762
8769
8773
8773
8773
8786
8796
8798
8798
8820
8847
8852
8889
8891
8893
8895
8799
8802
8811
8819
8850
8819
8882
8883
8882
8883
8885
8900
8905
8825
8831
8838
8841
8841
8841
8845
8846
8846
8846
8856
8871
8882
8883
8887
8889
8889
8891
8894
8895
8903
8907
8910
8914
8920
8927
8922
8928
8924
8927
8930
8931
8931
8937
8938
8939
8940
8942
8956
8966
8966
9046
9059
9084
9116
8986
9007
9011
9042
9047
9071
9082
9122
9138
9126
9147
9157
9159
9167
8939
8939
8940
8947
8948
8955
8957
8966
8987
9025
9073
9050
9051
9074
9084
9086
9116
9006
9008
9060
9102
9107
9185
9076
9160
9181
9170
9171
9184
9185
9188
9191
9213
9195
9243
9248
9252
9194
9198
9200
9203
9216
9217
9226
9228
9232
9246
9232
9254
9261
9261
9262
9268
8952
8959
8960
8964
9008
9009
9015
9022
9054
9073
9097
9100
9103
9113
9130
9026
9027
9033
9057
9060
9082
9115
9133
9135
9165
9168
9079
9081
9131
9143
9170
9224
9245
9264
9279
9196
9197
9202
9252
9280
9216
9242
9246
9289
9292
9294
9198
9275
9276
9287
9291
9296
9296
9314
9302
9302
9305
9314
9315
9327
9328
9338
9341
9278
9294
9314
9315
9321
9352
9342
9347
9370
9350
9351
9370
9370
9376
9379
9389
9392
9398
9401
9416
9381
9381
9387
9416
9422
9433
9433
9437
9441
9441
9442
9389
9442
9447
9451
9456
9458
9460
9470
9471
9480
9500
9500
9515
9516
9523
9530
9532
9536
9545
9563
9539
9548
9556
9568
9569
9569
9584
9596
9589
9614
9585
9604
9605
9610
9621
9629
9630
9639
9642
9644
9646
9646
9606
9609
9647
9648
9650
9653
9654
9669
9657
9670
9671
9675
9678
9680
9684
9690
9690
9696
9697
9699
9699
9724
9391
9400
9400
9442
9446
9450
9450
9459
9469
9471
9490
9490
9557
9580
9629
9639
9675
9681
9695
9753
9758
9472
9486
9522
9574
9492
9534
9566
9591
9600
9651
9728
9729
9729
9730
9731
9736
9742
9750
9755
9757
9759
9762
9765
9772
9773
9598
9777
9782
9789
9789
9813
9820
9821
9834
9859
9872
9880
9882
9891
9891
9893
9897
9893
9895
9911
9913
9790
9796
9807
9810
9810
9870
9882
9888
9892
9892
9803
9837
9869
9881
9890
9893
9893
9898
9903
9895
9913
9920
8942
8946
8979
8953
8957
8958
8980
8973
8976
8980
8981
9237
9237
9261
9276
9306
9320
9350
9397
9395
9430
9440
9468
8967
8971
8983
8986
8992
9009
9022
9026
9064
9066
9123
9149
9160
9179
9183
9212
9219
9223
9492
9244
9251
9298
9316
9251
9430
9570
9754
9867
9453
9469
9537
9541
9595
9650
9686
9707
9713
9714
9758
9540
9558
9596
9753
9760
9574
9577
9783
9809
9873
9597
9645
9648
9719
9858
9883
9900
9928
9940
9798
9823
9850
9890
9925
9934
9945
9948
9935
9941
9948
9952
9954
9959
9959
9974
9979
9981
9959
9971
9965
9977
9982
9983
9983
9984
9984
9986
9987
9991
9993
9994
9994
9998
9985
9999
9999
10000
10001
10007
10008
10011
10012
9012
9036
9044
9097
9099
9105
9199
9142
9156
9215
9065
9105
9217
9270
9276
9304
9340
9361
9375
9388
9414
9105
9134
9162
9222
9226
9243
9293
9299
9312
9332
9417
9124
9232
9261
9287
9290
9291
9359
9364
9428
9434
9434
9466
9490
9509
9524
9538
9539
9530
9546
9551
9556
9581
9395
9485
9508
9583
9593
9601
9606
9611
9618
9624
9632
9632
9636
9645
9654
9660
9670
9680
9681
9709
9744
9836
9681
9705
9829
9841
9871
9857
9896
9913
9700
9708
9703
9718
9783
9788
9796
9891
9908
9935
9987
9993
9817
9915
9923
9941
9958
9978
9989
9996
10015
10016
9145
9195
9242
9260
9306
9360
9290
9369
9374
9434
9589
9727
9470
9532
9584
9765
9908
9925
9946
10002
10019
10020
10021
10022
10021
10037
10025
10030
10036
10036
10034
10037
10042
10042
10051
10051
10058
10059
10060
10069
10073
10075
10082
10105
10158
10080
10091
10139
10182
10199
10083
10090
10100
10102
10106
10121
10149
10157
10111
10140
10158
10165
10172
10173
10174
10182
10208
10216
10217
10228
10236
10251
10253
10261
10274
10276
10277
10279
10284
10218
10234
10257
10265
10267
10282
10274
10286
10294
10285
10285
10295
10296
10296
10028
10032
10032
10034
10034
10034
10035
10035
10039
10040
10046
10046
10047
10059
10066
10073
10083
10070
10093
10099
10102
10106
10111
10113
10119
10123
10132
10140
10144
10149
10149
10182
10189
10162
10211
10223
10230
10232
10225
10237
10239
10255
10297
10247
10258
10261
10263
10265
10301
10308
10299
10312
10315
10286
10287
10315
10315
10316
10048
10054
10059
10049
10055
10056
10061
10083
10083
10086
10090
10090
10130
10152
10163
10169
10179
10181
10098
10102
10103
10146
10146
10110
10116
10125
10137
10160
10165
10171
10189
10193
10224
10226
10233
10237
10252
10253
10264
10258
10267
10269
10277
10279
10292
10281
10287
10295
10296
10298
10300
10302
10303
10321
10304
10307
10311
10313
10317
10317
10320
10308
10321
10322
10322
10323
10328
10332
6778
6782
6784
6783
6787
6791
6795
6795
6796
6796
6809
6818
6832
6824
6858
6863
6864
6875
6878
6878
6901
6912
6913
6917
6929
6935
6937
6948
6949
6985
6995
6819
6829
6830
6852
6904
6918
6930
6962
7002
6853
6862
6924
6926
6945
6970
6941
6955
6984
6998
7005
7011
7014
7016
7047
7047
6808
6824
6838
6856
6852
6874
6915
6958
7020
6932
6950
7080
7116
7063
7148
7165
7059
7060
7125
7183
7188
7234
7236
7065
7100
7135
7141
7183
7245
7245
7060
7061
7064
7102
7107
7169
7079
7107
7169
7170
7176
7193
7198
7198
7209
7212
7241
7246
7250
7253
7261
6971
6972
6976
6980
6991
7002
7006
7006
7013
7021
7042
7052
7166
7097
7099
7183
7199
7204
7093
7095
7103
7115
7147
7183
7168
7202
7204
7206
7218
7255
7267
7234
7256
7256
7268
7273
7272
7273
7275
7277
7283
7283
7284
7298
7299
7300
7201
7233
7306
7336
7339
7302
7323
7323
7347
7361
7364
7374
7380
7383
7392
7401
7410
7420
7424
7431
7432
7452
7453
7470
7478
7506
7526
7303
7305
7307
7311
7312
7338
7313
7342
7342
7348
7350
7363
7364
7367
7367
7395
7490
7360
7389
7425
7455
7484
7493
7510
7369
7378
7385
7399
7400
7409
7397
7439
7441
7444
7447
7448
7453
7453
7497
7457
7467
7478
7518
7474
7524
7527
7488
7500
7547
7549
7525
7543
7547
7563
7574
7581
7582
7598
7607
7634
7655
7658
7681
7687
7687
7618
7619
7654
7671
7689
7689
7694
7701
7704
7727
7764
7779
7797
7707
7715
7749
7766
7823
7843
7849
7847
7851
7854
7871
7871
7875
7881
7888
7909
7910
7920
7947
7971
7982
7920
7921
7925
7963
7963
7979
7980
8008
8032
8059
8072
8092
8094
8104
8115
8124
8125
8207
8218
8141
8159
8206
8212
8230
8242
8274
7551
7553
7568
7565
7568
7586
7588
7589
7574
7592
7605
7612
7612
7615
7630
7622
7638
7661
7709
7680
7681
7687
7693
7702
7704
7706
7725
7742
7776
7778
7797
7729
7733
7745
7757
7761
7763
7766
7768
7777
7830
7806
7844
7887
7947
7988
8003
7823
7823
7893
7995
8055
7894
7898
7989
8044
8065
8074
7794
7796
7800
7804
7829
7886
8076
7841
8091
8114
8124
8138
8156
8198
8225
7816
7833
7835
7841
7859
7928
7944
8043
8227
8284
8295
8313
8305
8320
7863
7909
8122
8168
7957
8244
8244
8032
8141
8250
8326
8264
8278
8298
8338
8340
8344
8350
8362
8362
8367
8368
8369
8378
8406
8412
8417
8423
7849
7872
7898
7906
7923
7924
7925
8001
8075
8115
8134
8199
8205
7873
7882
8034
8144
8215
8225
8360
8372
8379
8382
8398
8406
8408
8410
8418
8427
8442
8424
8445
8446
8455
8464
8457
8458
8460
8465
8467
8468
8470
8470
8474
8478
8479
8481
8482
8484
8485
8488
8488
8488
8492
7936
8074
8023
8134
8113
8149
8025
8035
8195
8202
8076
8217
8228
8287
8219
8302
8349
8359
8104
8106
8126
8258
8314
8306
8320
8362
8379
8385
8407
8381
8427
8481
8241
8242
8505
8495
8501
8512
8521
8554
8565
8560
8569
8503
8521
8522
8527
8554
8537
8568
8581
8587
8590
8591
8246
8433
8435
8494
8496
8510
8527
8540
8502
8541
8563
8581
8590
8591
8597
8599
8633
8633
8667
8750
8600
8602
8602
8604
8620
8629
8644
8645
8605
8633
8619
8650
8617
8621
8653
8666
8622
8628
8667
8680
8671
8697
8716
8707
8801
8719
8729
8732
8743
8743
8744
8745
8769
8775
8777
8778
8781
8784
8794
8802
8805
8783
8808
8809
8812
8822
8829
8841
8851
8854
8856
8654
8662
8664
8665
8667
8707
8731
8775
8776
8845
8692
8718
8726
8821
8847
8738
8756
8782
8786
8805
8819
8843
8855
8862
8862
8866
8867
8884
8871
8886
8887
8891
8894
8919
8932
8934
8888
8888
8890
8902
8923
8935
8889
8894
8914
8959
8907
8940
8964
8970
8975
8982
8945
8948
8949
8953
8958
8963
8972
8965
8973
8974
8984
8987
9004
9007
9024
9025
9027
9027
9028
9032
9033
9035
9041
9050
9050
9051
9053
9034
9040
9053
9055
9059
9064
9075
9076
9080
9093
9094
9103
9153
9110
9122
9125
9178
9187
9192
9194
9199
9200
9201
9212
9216
9232
9245
9251
9252
9064
9067
9069
9092
9070
9073
9078
9097
9099
9101
9111
9116
9119
9129
9165
9185
9217
9224
9260
9296
9256
9257
9272
9286
9289
9296
9310
9312
9324
9311
9340
9344
9364
9131
9135
9144
9146
9146
9148
9153
9169
9176
9187
9197
9221
9234
9239
9240
9254
9260
9270
9271
9308
9281
9296
9299
9308
9327
9333
9339
9364
9324
9362
9383
9379
9382
9384
9385
9395
9390
9398
9402
9409
9440
9412
9413
9417
9421
9423
9424
9426
9448
9459
9465
9465
9427
9432
9433
9434
9471
9472
9444
9447
9467
9474
9487
9509
9510
9450
9454
9514
9474
9476
9484
9486
9514
9516
9517
9521
9486
9495
9523
9527
9536
9544
9562
9530
9531
9532
9538
9540
9566
9539
9557
9565
9568
9569
9571
9575
9577
9580
9582
9588
9592
9593
9597
9612
9600
9613
9626
9605
9629
9630
9641
9650
9657
9664
9668
9672
9602
9609
9625
9630
9623
9629
9652
9625
9666
9677
9681
9684
9684
9689
9722
9689
9726
9729
9729
9732
9732
9741
9745
9770
9776
9792
9830
9843
9851
9868
9877
9882
9891
9921
9932
9932
9954
9980
9986
9988
9991
9997
9692
9699
9702
9703
9709
9710
9712
9721
9715
9719
9720
9723
9723
9726
9728
9740
9743
9746
9759
9772
9814
9731
9735
9745
9746
9758
9764
9776
9778
9786
9805
9812
9832
9832
9834
9861
9835
9864
9864
9923
9949
10013
9968
10017
10028
10030
9835
9838
9854
9855
9872
9872
9883
9926
9936
9938
9877
9888
9910
9895
9926
9948
9959
9950
9954
9969
9981
9983
9983
9986
9989
9993
9936
10000
10001
10010
10008
10018
10021
10025
10027
10028
10028
10029
10041
10042
10043
10042
10043
10044
10046
10057
10061
10061
10071
10071
10074
10015
10023
10042
10053
10061
10070
10081
10083
10082
10084
10085
10091
10112
10096
10119
10120
10120
10122
10124
10125
10131
10132
10142
10143
10142
10145
10147
10149
10148
10151
10157
10155
10157
10161
10169
10162
10166
10183
10203
10206
10297
10313
10165
10184
10209
10184
10213
10205
10223
10223
10275
10296
10272
10274
10298
10317
10318
10325
10331
10339
10365
10366
10375
10378
10385
10399
10401
10178
10180
10210
10218
10239
10253
10188
10261
10285
10296
10303
10372
10386
10406
10415
10411
10426
10430
10437
10443
10459
10462
10467
10469
10483
10431
10447
10448
10452
10497
10498
10505
10515
10513
10526
10535
10536
10550
10569
10589
10596
10574
10581
10585
10598
10599
10210
10225
10240
10238
10244
10250
10260
10243
10261
10262
10287
10301
10314
10318
10321
10327
10330
10336
10343
10435
10439
10460
10596
10601
10607
10619
10621
10639
10339
10347
10353
10362
10363
10400
10392
10455
10594
10391
10504
10515
10552
10617
10617
10624
10629
10437
10501
10522
10586
10592
10603
10609
10612
10614
10621
10630
10638
10646
10422
10461
10468
10479
10484
10540
10585
10541
10588
10630
10647
10647
10666
10670
10681
10681
10659
10669
10676
10678
10689
10688
10688
10692
10696
10697
10721
10700
10726
10728
10729
10730
10732
10734
10738
10738
10738
10739
10745
10752
10780
10748
10754
10763
10774
10779
10781
10786
10786
10787
10788
10792
10794
10796
10796
10798
10806
10818
10820
10821
10832
10798
10805
10807
10809
10810
10812
10813
10816
10840
10820
10837
10840
10845
10862
10851
10855
10864
10865
9663
9766
9797
9850
9882
10144
10183
10329
10356
10339
10345
10347
10348
10358
10360
10385
10385
10364
10368
10372
10373
10374
10374
10379
10380
10389
10404
10389
10401
10410
10410
10413
10424
10072
10102
10159
10338
10355
10407
10357
10425
10427
10428
10429
10431
10438
10438
10450
10441
10447
10461
10466
10466
10342
10343
10344
10345
10345
10346
10347
10353
10356
10366
10367
10369
10374
10371
10376
10386
10393
10393
10397
10435
10467
10472
10473
10481
10484
10508
10496
10514
10514
10515
10522
10523
10399
10400
10417
10424
10408
10435
10444
10445
10471
10472
10477
10491
10494
10492
10495
10508
10510
10521
10427
10436
10438
10453
10502
10468
10494
10504
10521
10527
10529
10529
10530
10532
10535
10535
10535
10540
10542
10550
10554
10544
10570
10549
10554
10569
10571
10556
10573
10575
10582
10582
10555
10565
10585
10587
10585
10589
10593
10595
10596
10598
10601
10603
10606
10606
10607
10608
10610
10611
10613
10615
10615
10617
10619
10622
10625
10629
10629
10631
10632
10634
10636
10636
10648
10654
10661
10666
10683
10718
10719
10719
10723
10738
10738
10744
10744
10756
10760
10642
10652
10652
10653
10675
10659
10683
10665
10688
10707
10662
10689
10694
10711
10714
10722
10731
10732
10687
10702
10719
10732
10739
10740
10743
10743
10744
10754
10760
10768
10746
10758
10772
10774
10775
10783
10784
10786
10766
10774
10795
10806
10818
10824
10787
10793
10799
10819
10823
10825
10828
10828
10813
10834
10822
10848
10850
10852
10856
10852
10857
10912
10914
10868
10871
10873
10874
10886
10891
10899
10899
10874
10889
10908
10921
10874
10906
10955
10960
10964
10977
10914
10924
10925
10931
10938
10939
10945
10970
10986
10985
10988
10957
10960
10985
10996
10996
10997
10998
10999
11001
11003
10643
10644
10645
10648
10657
10661
10661
10663
10667
10679
10686
10696
10706
10726
10671
10687
10706
10724
10708
10726
10731
10736
10737
10740
10740
10743
10751
10756
10759
10757
10762
10773
10779
10781
10789
10835
10839
10841
10849
10844
10858
10890
10872
10896
10927
10940
10902
10923
10925
10935
10939
10940
10965
10969
10736
10755
10775
10775
10788
10800
10824
10841
10851
10857
10868
10898
10902
10910
10915
10925
10946
10979
10955
10966
10982
11005
11021
10993
10995
11006
11007
11014
11016
11020
11023
11025
11025
11027
11030
11030
10788
10809
10797
10833
10845
10850
10866
10866
10862
10868
10883
10884
10901
10914
10921
10923
10923
10924
10934
10938
10961
10962
10963
10969
10971
10867
10869
10870
10897
10897
10899
10900
10913
10927
10934
10940
10899
10911
10923
10938
10952
10953
10975
10982
10985
10967
10969
10970
10980
10986
10992
10995
10997
11034
11034
11034
11035
10995
11006
11011
10997
11000
11022
11017
11033
11029
11038
11038
11043
11047
11047
11048
11053
11055
11039
11044
11045
11045
11051
11052
11052
11054
11056
11058
11059
11051
11052
11061
11062
11075
11130
11229
11062
11062
11402
11072
11221
11348
11421
11441
11494
11629
11667
11605
11643
11668
11868
12001
12052
12228
12274
12625
12629
12631
12695
12720
12765
12801
12945
13061
13328
13354
13331
13342
13381
13385
11066
11191
11068
11272
11423
11444
11496
11500
11550
11582
11607
11606
11675
11735
11877
11891
11945
12008
12093
12097
12105
12127
12153
12176
12430
12460
12571
12887
13164
13264
13417
13456
11063
11063
11063
11067
11070
11071
11072
11076
11076
11164
11370
11412
11474
11586
11893
11765
12162
12200
12237
12433
12546
12557
12784
12759
12882
13018
13102
12939
13042
13114
13126
13132
13168
11145
11206
11213
11281
11417
11587
11794
12129
12174
12433
11435
11616
11772
11998
12742
12760
12978
13181
12930
13266
13305
13330
13391
13404
13447
13455
13479
13500
13501
13503
13525
13582
11463
11668
11705
11705
11577
11626
12000
12033
12048
12072
12393
12759
12942
12998
13235
13315
13404
13411
13465
13481
13481
13596
13622
13635
13641
13646
13647
13661
13692
13694
13708
13728
13733
13736
13742
13762
13816
13853
13854
13741
13845
13866
13901
13883
13939
14020
14108
13876
13876
13881
13877
13963
13975
14001
14008
14008
14109
14145
14168
14176
14287
13899
13925
13932
13998
14024
14169
14227
14228
14297
14289
14388
14444
14304
14315
14343
14394
14400
14451
14502
14529
14612
14452
14474
14510
14519
14549
14635
14700
14701
14724
14740
14744
14748
14838
14764
14769
14783
14798
14832
14833
14844
14876
14887
14902
14944
14967
14972
14979
14993
14998
14999
11077
11078
11079
11085
11080
11080
11084
11089
11091
11092
11093
11094
11098
11087
11087
11089
11090
11094
11098
11098
11099
11100
11101
11103
11110
11112
11103
11105
11106
11110
11113
11115
11120
11124
11107
11109
11110
11125
11113
11118
11121
11123
11126
11133
11123
11124
11139
11155
11156
11129
11156
11160
11161
11164
11176
11177
11135
11137
11141
11155
11170
11177
11182
11182
11195
11199
11203
11128
11133
11133
11137
11141
11141
11143
11147
11150
11155
11156
11156
11160
11162
11165
11173
11199
11209
11211
11212
11225
11227
11168
11169
11171
11182
11210
11217
11220
11221
11233
11256
11264
11281
11289
11179
11207
11233
11260
11236
11244
11253
11258
11280
11286
11290
11291
11297
11303
11238
11273
11274
11279
11283
11298
11331
11313
11338
11340
11284
11308
11309
11316
11325
11328
11331
11340
11341
11349
11354
11356
11390
11400
11410
11425
11442
11445
11456
11486
11487
11490
11496
11503
11504
11508
11339
11340
11341
11343
11347
11347
11355
11358
11360
11361
11365
11378
11384
11363
11364
11391
11393
11403
11415
11423
11402
11431
11436
11440
11449
11441
11449
11456
11461
11465
11468
11405
11406
11411
11414
11431
11447
11406
11451
11484
11489
11489
11502
11595
11505
11511
11519
11521
11533
11568
11582
11518
11535
11547
11553
11591
11582
11585
11596
11617
11630
11631
11518
11540
11527
11544
11529
11573
11557
11602
11626
11638
11664
11682
11554
11579
11581
11587
11627
11633
11683
11592
11612
11619
11645
11655
11659
11674
11684
11684
11561
11567
11580
11588
11591
11573
11573
11592
11594
11597
11617
11620
11638
11647
11656
11668
11669
11690
11690
11704
11708
11730
11696
11698
11701
11712
11722
11724
11729
11769
11769
11778
11782
11789
11792
11712
11732
11739
11742
11745
11757
11768
11779
11786
11795
11796
11802
11709
11721
11737
11755
11765
11757
11764
11766
11773
11784
11804
11767
11808
11813
11809
11809
11813
11813
11817
11883
12011
12015
11816
11817
11817
11873
11984
11985
11901
12046
12047
12105
12147
12149
11968
12010
12151
12199
12207
12249
12283
12325
12372
12370
12415
12539
12491
12542
12587
12558
12625
12634
12678
12684
12802
12688
12841
12853
11822
11825
11828
11829
11827
11831
11832
11840
11844
11849
11850
11851
11853
11856
11867
11872
11877
11878
11882
11885
11888
11890
11891
11892
11893
11897
11900
11900
11903
11903
11907
11907
11910
11944
11980
11997
11997
12014
12033
12045
12080
12083
12086
12096
11912
11921
11929
11932
11981
11987
11927
11939
11947
11989
11995
11996
11996
12045
11998
12033
12024
12063
12099
12103
12105
12110
12113
12124
12176
12125
12136
12147
12180
12189
12126
12144
12150
12159
12160
12165
12190
12197
12151
12160
12164
12175
12177
12190
12202
12231
12279
12303
12323
12308
12335
12359
12371
12401
12401
12429
12447
12463
12471
12482
12489
12493
12523
12534
12210
12229
12231
12291
12281
12285
12296
12291
12297
12324
12335
12348
12238
12250
12260
12276
12373
12387
12415
12448
12486
12496
12497
12308
12324
12359
12371
12387
12502
12516
12525
12530
12537
12539
12546
12579
12563
12578
12591
12391
12393
12412
12429
12424
12474
12593
12596
12599
12601
12603
12502
12504
12508
12514
12534
12534
12550
12608
12537
12566
12606
12637
12639
12657
12610
12614
12625
12630
12648
12650
12650
12699
12654
12671
12678
12690
12667
12678
12687
12695
12696
12702
11937
11943
11949
11965
11983
12006
12006
12010
12013
12015
12019
12049
12088
12095
12120
12140
12151
12154
12052
12069
12074
12078
12090
12112
12133
12147
12153
12159
12194
12170
12176
12195
12212
12202
12210
12246
12018
12029
12081
12084
12085
12162
12176
12214
12231
12106
12125
12162
12189
12216
12233
12278
12281
12297
12303
12303
12315
12340
12344
12346
12346
12350
12350
12365
12372
12372
12390
12413
12422
12393
12397
12407
12422
12430
12464
12438
12467
12469
12472
12475
12482
12484
12493
12496
12508
12508
12534
12618
12633
12640
12645
12510
12516
12527
12544
12586
12591
12591
12602
12615
12603
12672
12675
12693
12711
12713
12720
12724
12544
12674
12712
12728
12720
12737
12728
12755
12552
12635
12706
12725
12725
12736
12748
12759
12760
12657
12678
12762
12765
12766
12766
12772
12784
12793
12800
12786
12801
12790
12807
12815
12815
12817
12818
12823
12844
12825
12834
12828
12835
12853
12841
12846
12862
12870
12862
12872
12873
12883
11182
11188
11191
11193
11194
11196
11197
11237
11237
11238
11198
11227
11244
11251
11252
11260
11195
11204
11205
11214
11209
11224
11251
11266
11268
11270
11203
11227
11248
11277
11280
11280
11288
11287
11290
11292
11228
11236
11282
11286
11293
11307
11326
11290
11292
11292
11293
11294
11295
11299
11300
11312
11320
11325
11351
11356
11321
11330
11339
11343
11345
11363
11382
11302
11311
11312
11320
11323
11370
11333
11337
11359
11359
11360
11383
11383
11391
11391
11395
11340
11345
11356
11371
11363
11366
11374
11391
11394
11396
11367
11400
11401
11399
11402
11402
11403
11406
11408
11428
11409
11409
11431
11432
11426
11434
11437
11442
11446
11447
11448
11444
11450
11453
11459
11462
11468
11468
11470
11473
11474
11474
11475
11488
11457
11460
11462
11463
11479
11492
11465
11474
11493
11495
11475
11481
11483
11486
11490
11497
11488
11499
11507
11507
11490
11529
11548
11559
11567
11608
11634
11640
11652
11659
11660
11684
11687
11697
11707
11713
11719
11719
11723
11507
11508
11508
11530
11537
11522
11528
11537
11539
11544
11557
11565
11545
11567
11567
11578
11593
11595
11588
11592
11596
11597
11645
11605
11609
11612
11614
11641
11654
11664
11665
11671
11677
11699
11705
11705
11707
11706
11708
11710
11710
11714
11726
11767
11729
11733
11739
11760
11734
11737
11762
11768
11773
11774
11780
11798
11800
11801
11806
11813
11816
11818
11828
11829
11830
11832
11842
11846
11846
11851
11853
11854
11856
11861
11861
11869
11869
11614
11634
11673
11675
11675
11677
11688
11689
11692
11714
11764
11811
11828
11858
11877
11697
11764
11798
11899
11847
11856
11874
11880
11894
11901
11900
11904
11907
11908
11919
11921
11922
11939
11943
11946
11905
11909
11919
11934
11943
11944
11948
11955
11948
11948
11959
11971
11962
11982
11989
12014
11950
11950
11957
11990
11998
12004
11964
11968
12013
12021
12021
12031
12000
12037
12039
12041
12034
12046
12048
12055
12053
12056
12203
12210
12060
12062
12062
12111
12115
12121
12129
12144
12154
12199
12209
12211
12218
12219
12223
12232
12232
12167
12194
12198
12211
12226
12228
12236
12238
12245
12252
12326
12261
12272
12293
12301
12303
12310
12313
12316
12323
12329
12336
12345
12063
12064
12093
12086
12099
12078
12112
12149
12199
12105
12127
12111
12154
12183
12197
12208
12111
12157
12170
12170
12216
12257
12260
12235
12295
12330
12347
12353
12354
12355
12357
12135
12142
12143
12150
12155
12177
12200
12208
12214
12200
12203
12215
12238
12241
12249
12250
12251
12263
12271
12290
12296
12337
12347
12347
12348
12360
12360
12363
12369
11488
11516
11533
11537
11545
11536
11567
11589
11629
11637
11651
11669
11705
11712
11730
11768
11776
11784
11794
11833
11837
11848
11890
11870
11891
11906
11911
11921
11970
12000
12008
12024
12025
12070
12089
12096
12135
12144
11743
11831
11896
11914
12145
11970
11998
12146
12225
12250
12155
12218
12296
12329
12208
12213
12237
12237
12244
12339
12341
12342
12379
12405
12411
12417
12452
12475
12470
12474
12478
12496
12497
12504
12516
12541
12029
12039
12062
12085
12077
12105
12121
12146
12168
12172
12178
12127
12236
12254
12283
12293
12393
12329
12418
12443
12457
12459
12468
12515
12532
12495
12506
12540
12548
12555
12548
12554
12561
12588
12594
12580
12584
12596
12596
12232
12379
12380
12370
12379
12382
12385
12387
12387
12393
12393
12401
12414
12422
12423
12428
12431
12432
12444
12459
12472
12479
12479
12534
12491
12581
12549
12560
12591
12500
12516
12527
12535
12537
12545
12548
12558
12584
12595
12599
12601
12541
12554
12554
12557
12588
12588
12591
12599
12601
12617
12602
12603
12608
12617
12619
12626
12622
12623
12635
12639
12640
12434
12447
12443
12453
12512
12459
12530
12590
12640
12649
12597
12603
12627
12651
12653
12656
12646
12649
12667
12672
12673
12683
12698
12706
12708
12713
12657
12659
12661
12672
12675
12679
12680
12681
12682
12687
12689
12692
12699
12699
12701
12699
12699
12701
12704
12709
12713
12715
12715
12717
12722
12724
12726
12730
12730
12731
12806
12815
12825
12732
12735
12735
12741
12751
12751
12751
12747
12748
12753
12776
12784
12789
12790
12800
12802
12822
12825
12832
12835
12842
12845
12846
12851
12853
12854
12856
12865
12812
12814
12816
12820
12834
12848
12859
12860
12886
12900
12886
12891
12892
12901
12902
12903
12908
12909
12910
12911
12912
12919
12921
12922
12922
12911
12922
12924
12930
12930
12930
12931
12933
12870
12873
12874
12883
12883
12884
12898
12901
12904
12891
12901
12906
12926
12910
12919
12929
12934
12935
12935
12938
12942
12943
12944
12945
12945
12949
12949
12951
12946
12954
12956
12957
12960
12961
12962
12966
12966
12966
12967
12968
12968
12969
12969
12975
12971
12971
12971
12974
12974
12975
12978
12980
12980
11867
11922
11963
11976
12325
12480
12081
12306
12419
12580
12716
11929
11985
12064
12122
12181
12208
12290
12325
12423
12465
12488
12544
12639
12804
12828
12874
12850
12892
12959
12967
12968
12982
12983
12983
12984
12985
12986
12986
12986
12987
12988
12989
12989
12994
12994
12994
12994
12995
12995
13024
12995
13000
13007
13011
13012
13016
12996
12999
13016
13017
13020
13025
13038
13044
13042
13045
13059
13066
13058
13075
13079
13092
13019
13022
13023
13066
13021
13023
13067
13097
13023
13093
13102
13104
13105
13027
13028
13029
13039
13041
13039
13041
13058
13069
13082
13064
13068
13074
13084
13117
13123
13124
13124
13126
13082
13089
13092
13112
13113
13130
13131
13132
13134
13141
13139
13143
13142
13157
13159
13102
13133
13133
13134
13148
13159
13123
13137
13145
13151
13164
13166
13168
13171
13173
13174
13178
13179
13182
13183
13172
13198
13173
13174
13195
13198
13200
13203
13205
13205
13205
13210
13207
13210
13211
13214
13214
13214
13216
13217
13218
13218
13219
13249
13219
13228
13229
13229
13236
13240
13246
13249
13257
13261
13261
13269
13254
13265
13263
13270
13270
13272
13273
13109
13120
13274
13276
13276
13278
13285
13290
13290
13291
13293
13294
13299
13302
13303
13307
13309
13311
13311
13311
13312
13312
13317
13319
13325
13326
13327
13327
13328
13332
13337
13339
13340
13344
13347
13349
13350
13363
13366
13371
13379
13379
13383
13347
13349
13388
13394
13420
13390
13391
13392
13403
13426
13428
13339
13340
13351
13345
13354
13358
13366
13376
13370
13384
13371
13414
13378
13391
13412
13411
13413
13388
13412
13428
13429
13390
13412
13428
13429
13432
13432
13433
13438
13438
13441
13442
13443
13448
13450
13451
13453
13456
13460
13469
13471
13473
13479
13482
13484
13486
13495
13496
13497
13498
13501
13515
13504
13520
13521
13531
13506
13508
13521
13524
13536
13538
13444
13444
13456
13457
13473
13482
13552
13558
13529
13538
13556
13558
13561
13563
13565
13569
13541
13546
13550
13558
13566
13570
13572
13571
13573
13455
13456
13467
13468
13472
13478
13484
13529
13486
13505
13531
13499
13532
13533
13535
13542
13481
13504
13567
13543
13545
13550
13567
13575
13574
13574
13579
13580
13581
13585
13587
13567
13570
13589
13592
13593
13593
13594
13599
13600
13601
13602
13005
13006
13012
13017
13038
13041
13014
13014
13014
13017
13018
13052
13055
13060
13061
13071
13078
13074
13085
13087
13074
13083
13101
13148
13120
13151
13152
13107
13112
13114
13144
13145
13161
13162
13169
13176
13187
13190
13192
13196
13195
13207
13211
13204
13205
13212
13221
13225
13127
13146
13130
13161
13171
13187
13198
13191
13199
13213
13226
13230
13233
13233
13236
13265
13277
13280
13282
13284
13291
13295
13298
13318
13239
13246
13247
13262
13276
13276
13285
13287
13309
13310
13314
13318
13318
13321
13322
13328
13332
13333
13338
13346
13350
13341
13344
13344
13344
13356
13399
13368
13414
13467
13468
13493
13505
13521
13357
13360
13371
13373
13380
13389
13445
13446
13487
13393
13394
13396
13447
13483
13505
13576
13576
13582
13380
13391
13394
13394
13461
13394
13404
13421
13444
13494
13544
13545
13555
13515
13580
13584
13594
13616
13640
13645
13657
13683
13685
13580
13641
13642
13667
13676
13680
13693
13695
13704
13710
13710
13712
13714
13716
13717
13724
13738
13739
13754
13762
13767
13769
13429
13432
13435
13492
13497
13523
13524
13543
13553
13571
13589
13606
13438
13441
13480
13489
13503
13505
13518
13547
13560
13564
13595
13606
13606
13608
13610
13611
13611
13613
13614
13614
13615
13615
13620
13621
13629
13638
13626
13628
13629
13630
13631
13633
13637
13640
13642
13642
13643
13643
13645
13647
13649
13648
13650
13651
13655
13657
13660
13662
13660
13663
13664
13665
13668
13668
13673
13673
13674
13676
13678
13679
13678
13679
13680
13681
13683
13688
13690
13699
13689
13689
13689
13700
13701
13702
13704
13707
13716
13720
13725
13725
13725
13726
13731
13733
13736
13738
13742
13747
13703
13705
13705
13706
13711
13714
13716
13718
13723
13735
13742
13708
13714
13715
13715
13721
13729
13736
13740
13744
13745
13748
13751
13752
13728
13730
13735
13748
13755
13756
13760
13771
13786
13786
13800
13804
13753
13757
13758
13757
13763
13777
13777
13779
13788
13783
13794
13799
13805
13805
13806
13807
13814
13817
13817
13820
13764
13768
13773
13774
13776
13781
13792
13800
13819
13823
13823
13824
13825
13830
13838
13834
13835
13835
13835
13836
13838
13843
13838
13838
13841
13841
13845
13846
13847
13300
13549
13734
13735
13814
13849
13850
13853
13861
13864
13864
13855
13857
13857
13859
13862
13865
13866
13867
13867
13871
13873
13873
13874
13875
13875
13875
13882
13884
13900
13909
13894
13899
13895
13907
13914
13916
13926
13927
13933
13938
13942
13955
13963
13971
13876
13877
13876
13878
13879
13882
13879
13884
13880
13884
13886
13886
13888
13889
13887
13889
13895
13896
13895
13899
13897
13905
13906
13907
13908
13909
13909
13914
13916
13917
13918
13920
13921
13930
13945
13950
13963
13968
13972
13932
13937
13958
13967
13969
13975
13978
13999
13979
14000
13983
13992
13993
14001
14003
14010
14010
14004
14010
14017
14013
14017
14020
14022
14024
14018
14019
14020
14020
14023
14029
14040
14040
13976
13982
14009
14016
14042
14043
14044
14044
14045
14045
14046
14046
14052
14041
14055
14057
14077
14061
14074
14075
14078
14060
14061
14072
14072
14073
14086
14086
14091
14078
14081
14085
14085
14087
14093
14093
14094
14096
14089
14090
14093
14098
14099
14102
14103
14103
14138
14148
14153
14153
14154
14159
14107
14108
14110
14111
14115
14116
14129
14129
14141
14146
14146
14148
14148
14152
14153
14159
14159
14160
14160
14161
14162
14164
14165
14191
14217
14225
14183
14186
14196
14200
14205
14206
14213
14218
14221
14224
14243
14247
14249
14256
14257
14161
14165
14165
14165
14167
14171
14172
14176
14178
14181
14183
14184
14184
14184
14186
14187
14188
14189
14190
14191
14191
14193
14197
14213
14213
14195
14222
14230
14239
14235
14251
14247
14252
14258
14206
14233
14243
14251
14261
14263
14272
14292
14282
14288
14292
14293
14295
14307
14324
14396
14484
14247
14250
14256
14261
14265
14265
14259
14277
14292
14316
14318
14319
14331
14373
14427
14442
14449
14482
14491
14491
14512
14454
14517
14519
14520
14281
14284
14324
14328
14354
14405
14412
14430
14442
14443
14342
14483
14457
14474
14493
14476
14480
14534
14537
14296
14371
14420
14438
14475
14462
14486
14501
14530
14356
14391
14373
14521
14528
14528
14540
14540
14552
14553
14554
14298
14299
14301
14305
14305
14306
14308
14314
14315
14321
14324
14324
14324
14336
14346
14352
14364
14413
14352
14452
14445
14540
14557
14559
14559
14567
14569
14591
14594
14595
14633
14637
14652
14652
14654
14657
14672
14683
14698
14702
14704
14705
14712
14712
14713
14714
14722
14723
14730
14731
14736
14745
14765
14777
14779
14790
14802
14840
14882
14831
14854
14864
14872
14884
14887
14892
14894
14898
14903
14906
14910
14917
14342
14367
14384
14360
14368
14369
14427
14523
14555
14574
14583
14627
14575
14588
14608
14648
14652
14653
14675
14667
14685
14680
14686
14691
14788
14805
14708
14749
14742
14784
14785
14796
14802
14807
14811
14878
14890
14913
14914
14972
14983
14984
14820
14830
14844
14874
14927
14927
14937
14939
14946
14959
14966
14983
14997
14967
15006
15007
15009
14374
14390
14392
14394
14394
14395
14396
14402
14405
14409
14409
14409
14411
14413
14424
14428
14443
14451
14514
14541
14571
14631
14436
14474
14479
14528
14554
14569
14603
14620
14694
14643
14698
14728
14748
14585
14615
14671
14755
14597
14755
14773
14781
14809
14811
14813
14826
14841
14862
14416
14421
14425
14442
14480
14480
14494
14520
14573
14605
14614
14638
14734
14752
14456
14493
14495
14587
14768
14839
14922
14965
14786
14821
14825
14850
14865
14874
14899
14882
14890
14966
14892
14913
14929
14987
14995
14998
15011
15011
15011
15012
15016
15018
15022
14497
14504
14506
14507
14511
14515
14515
14526
14533
14546
14549
14558
14571
14689
14725
14569
14590
14600
14606
14608
14629
14662
14664
14692
14693
14725
14618
14722
14746
14746
14749
14779
14756
14772
14774
14792
14737
14776
14777
14793
14796
14797
14808
14832
14841
14844
14846
14847
14868
14870
14912
14944
14781
14805
14809
14812
14818
14822
14827
14842
14855
14921
14922
14969
14991
14931
14934
14943
14950
14964
15008
15025
14971
15055
15077
15044
15098
15090
15104
14881
14885
14967
14965
14978
15029
15041
15045
15045
15022
15027
15029
15030
15033
15033
15051
15054
15035
15039
15041
15045
15048
15060
15061
15064
15065
15066
15068
15070
15070
15072
15073
15075
15075
15075
15075
15077
15078
15080
15081
15083
15086
15087
15088
15089
15090
15090
15093
15094
15095
15095
15097
15098
15106
15106
15112
15112
15114
15112
15117
15118
15108
15109
15111
15114
15115
15116
15116
15119
15119
15123
15125
15128
15124
15130
15130
15132
15131
15136
15136
15136
15137
15142
15140
15140
15141
15142
13930
13937
13947
13949
13954
13963
13976
14021
14063
13977
13984
13989
14045
14073
14097
14100
14100
14103
14097
14107
14109
14110
14111
14112
14115
14123
13959
13970
13978
14039
14012
14032
14033
14044
14051
14052
14059
14064
14053
14066
14070
14083
14085
14117
14121
14130
14156
14161
14118
14144
14168
14170
14151
14156
14158
14166
14168
14175
14177
14183
14213
14220
14184
14190
14195
14195
14265
14272
14280
14307
14308
14323
14326
14214
14230
14231
14235
14257
14260
14285
14334
14324
14340
14368
14374
14224
14234
14270
14276
14322
14311
14327
14352
14354
14359
14376
14376
14388
14393
14386
14395
14396
14415
14399
14432
14443
14444
14451
14218
14221
14225
14234
14236
14240
14240
14245
14254
14256
14269
14271
14453
14472
14300
14327
14331
14367
14409
14445
14450
14456
14476
14485
14305
14312
14323
14411
14504
14519
14531
14630
14664
14464
14491
14510
14639
14692
14712
14487
14491
14521
14539
14658
14698
14747
14748
14763
14767
14315
14350
14375
14394
14423
14436
14438
14466
14470
14483
14491
14497
14502
14503
14505
14521
14522
14668
14612
14614
14654
14675
14765
14773
14797
14800
14534
14535
14536
14537
14542
14543
14543
14544
14548
14549
14559
14561
14564
14570
14560
14586
14590
14643
14658
14736
14853
14882
14910
14950
14864
14891
14947
15001
15038
15117
15145
15159
15170
14668
14678
14728
14878
14879
14894
14898
14920
14943
14976
14683
14702
14932
14895
14985
14986
15159
15175
15181
15185
15015
15024
15039
15105
15125
15188
15188
15041
15111
15167
15189
15194
15198
15199
15135
15187
15188
15189
15198
15207
15216
15212
15214
15218
15220
15223
15224
15226
15227
15232
14612
14635
14655
14677
14715
14802
14815
14837
14978
14883
15011
15036
15097
15107
15108
15132
15145
15145
15176
15177
15177
15186
15188
15191
15193
14725
14755
14786
14839
14856
14868
14918
15037
15142
15156
15172
15195
15204
15212
14945
15045
15151
15172
15185
15195
15217
15239
15224
15225
15236
15247
15252
15260
15263
15265
15219
15230
15236
15261
15240
15267
15239
15244
15247
15248
15256
15257
15258
15263
15275
15277
15280
15259
15277
15277
15278
15279
15281
15283
14597
14634
14639
14644
14644
14651
14657
14659
14668
14669
14674
14680
14689
14691
14691
14692
14701
14705
14715
14739
14740
14750
14779
14766
14798
14755
14757
14803
14803
14807
14827
14712
14715
14793
14805
14813
14840
14880
14846
14858
14861
14935
14881
14891
14906
14908
14931
14970
15009
15010
15024
14972
14999
15016
15051
15032
15049
15059
15077
15126
15145
15146
15150
15159
15161
15162
15165
15038
15095
15075
15101
15124
15145
15147
15166
15170
15175
15175
15176
15178
15188
15195
15199
15183
15185
15185
15185
15187
15187
15188
15186
15188
15188
15189
15191
15192
15195
15197
15199
15200
15201
15209
15212
15215
15215
15217
15219
15219
15222
15223
15225
15226
15226
15235
15237
15224
15234
15235
15242
15247
15244
15244
15247
15281
15247
15252
15256
15262
15273
15248
15258
15266
15284
15260
15279
15286
15287
15262
15263
15267
15272
15275
15278
15278
15290
15291
15291
15297
15297
15294
15296
15298
15305
15306
15310
15313
15320
15283
15296
15298
15301
15316
15316
15317
15321
15284
15288
15293
15310
15321
15322
15295
15296
15297
15324
15325
15326
15298
15303
15305
15322
15329
15313
15320
15324
15327
15330
15330
15331
15331
15331
15332
15332
15333
15333
15333
15334
15334
15334
15335
15337
15336
15337
15337
15338
15338
15339
15340
15341
15342
15342
15345
15343
15343
15349
15351
15345
15347
15347
15352
15355
15358
15359
15362
15345
15350
15356
15362
15363
15364
15364
15365
15365
15366
15367
15367
15368
15369
15369
15369
15374
15374
15375
15375
15375
15377
15385
15383
15383
15385
15388
15391
15356
15364
15368
15372
15372
15390
15380
15382
15391
15384
15389
15393
15393
15393
15393
15393
15396
15396
15398
15399
15400
15401
15401
15401
15402
15403
15407
15408
15402
15405
15411
15412
15413
15413
15412
15416
15415
15416
15416
15417
15418
15418
15426
15420
15420
15426
15424
15430
15432
15433
15434
15435
15436
15420
15430
15437
15438
15438
15438
15442
15439
15443
15443
15444
15444
15445
15445
15445
15445
15446
15450
15450
15450
15454
15453
15453
15455
15458
15458
15459
15460
15460
15465
15465
15465
15465
15466
15466
15467
15468
15472
15472
15477
15487
15488
15489
15496
15497
15501
15509
15514
15468
15469
15470
15470
15471
15471
15473
15472
15473
15475
15479
15487
15480
15480
15483
15485
15487
15488
15489
15489
15490
15492
15492
15492
15492
15494
15496
15497
15499
15498
15498
15504
15499
15505
15507
15509
15510
15510
15511
15511
15512
15514
15515
15517
15523
15526
15523
15525
15527
15523
15528
15529
15529
15530
15531
15531
15531
15532
15533
15535
15537
15538
15539
15539
15540
15541
15541
15542
15543
15543
15543
15543
15544
15545
15506
15512
15524
15527
15545
15546
15546
15546
15548
15550
15550
15550
15552
15555
15556
15554
15554
15559
15563
15567
15568
15571
15573
15575
15564
15567
15569
15570
15589
15605
15609
15621
15624
15633
15574
15583
15585
15586
15598
15621
15601
15624
15633
15633
15633
15636
15639
15639
15640
15588
15591
15593
15595
15596
15616
15620
15624
15620
15626
15628
15632
15638
15640
15641
15555
15556
15559
15560
15561
15561
15561
15562
15563
15564
15566
15568
15568
15586
15587
15595
15570
15570
15576
15584
15588
15595
15588
15596
15609
15638
15640
15623
15630
15631
15634
15642
15646
15646
15648
15649
15649
15609
15615
15636
15641
15615
15632
15646
15646
15656
15665
15664
15668
15673
15673
15653
15654
15660
15661
15664
15675
15664
15676
15667
15667
15668
15676
15681
15683
15687
15638
15641
15643
15647
15650
15654
15656
15661
15665
15666
15670
15675
15679
15679
15679
15680
15684
15686
15688
15690
15691
15692
15698
15695
15703
15718
15719
15703
15709
15714
15717
15722
15731
15734
15742
15742
15744
15751
15746
15753
15757
15764
15775
15780
15781
15765
15766
15769
15773
15773
15773
15776
15783
15784
15787
15786
15788
15790
15794
15794
15797
15801
15811
15822
15812
15819
15821
15823
15831
15848
15855
15822
15841
15842
15857
15857
15857
15791
15791
15805
15858
15862
15864
15871
15864
15867
15871
15876
15879
15888
15892
15888
15893
15896
15897
15898
15899
15924
15901
15901
15907
15909
15930
15937
15941
15942
15906
15908
15936
15941
15944
15944
15949
15964
15950
15959
15963
15965
15966
15967
15971
15696
15696
15696
15700
15700
15702
15704
15721
15725
15709
15722
15726
15726
15727
15727
15731
15735
15728
15728
15738
15743
15749
15754
15761
15766
15766
15775
15776
15769
15782
15782
15790
15796
15796
15800
15803
15804
15806
15821
15815
15819
15825
15827
15828
15827
15836
15837
15859
15921
15837
15844
15848
15857
15870
15878
15880
15881
15881
15885
15886
15894
15894
15895
15906
15913
15919
15923
15925
15920
15923
15936
15922
15930
15938
15940
15944
15945
15949
15951
15951
15958
15965
15975
15977
15954
15973
15975
15962
15966
15966
15976
15978
15952
15958
15958
15972
15972
15975
15977
15979
15980
15981
15981
15981
15984
15985
15986
15987
15705
15705
15707
15711
15712
15717
15726
15718
15719
15733
15713
15718
15723
15735
15735
15735
15763
15763
15763
15772
15780
15783
15783
15783
15796
15804
15801
15809
15811
15816
15823
15825
15875
15878
15893
15896
15787
15792
15805
15818
15793
15795
15827
15827
15852
15859
15869
15879
15853
15881
15881
15883
15896
15898
15901
15906
15910
15797
15826
15843
15846
15894
15915
15916
15918
15919
15915
15923
15932
15946
15939
15942
15953
15958
15965
15954
15956
15957
15957
15958
15965
15958
15959
15965
15972
15972
15974
15977
15988
15989
15990
15990
15991
15991
15995
15998
15992
15997
15998
15997
16000
arquivo ordenado pelo algoritmo quicksort tempo da ordenao = 0 nanosegundos

