2
4
5
9
10
20
26
37
59
66
32
35
53
54
56
62
68
73
74
76
78
78
85
85
86
88
88
90
92
99
99
106
115
119
105
117
122
123
123
124
125
128
132
135
128
326
365
368
372
377
392
149
155
157
157
167
186
168
169
182
191
194
196
197
199
209
234
256
258
270
278
285
300
307
343
343
347
354
364
377
381
202
225
250
276
318
356
380
393
393
393
396
407
429
430
207
233
319
364
383
440
465
431
482
451
470
489
501
438
480
521
535
537
543
560
563
783
816
566
573
579
590
613
623
635
640
641
645
649
654
662
668
671
671
673
726
740
776
824
837
879
906
906
929
938
950
990
1001
685
697
822
883
756
776
780
810
811
812
860
898
906
906
909
971
941
978
999
901
1010
1014
1015
1022
1026
1030
1036
1037
395
407
409
446
422
503
529
529
588
627
671
429
430
439
440
551
668
675
696
759
766
446
532
606
772
830
892
903
478
811
813
945
848
866
872
888
956
970
633
1003
1005
1005
1022
1024
1050
1057
1070
1075
668
719
722
750
758
821
855
856
886
900
967
968
974
1068
989
1024
1038
1063
1083
1026
1076
1098
1151
1086
1089
1095
1144
1153
1161
1168
1093
1106
1113
1123
1149
1151
1162
1163
1170
1175
1180
1182
1184
1191
1193
1195
1200
1200
1232
1240
1201
1207
1252
1214
1237
1251
1254
1257
991
1074
1082
1101
1116
1177
1192
1224
1263
1291
1321
1285
1308
1308
1341
1164
1177
1183
1183
1273
1258
1275
1323
1334
1341
1289
1317
1336
1323
1342
1343
1347
1326
1347
1361
1348
1361
1361
1362
1349
1371
1371
1376
1388
1391
1396
1361
1392
1397
1407
1404
1444
1464
1464
1424
1430
1439
1445
1449
1471
1492
1456
1464
1465
1481
1492
1495
1497
1519
1436
1460
1486
1461
1486
1493
1493
1524
1508
1519
1527
1531
1546
1616
1845
1881
1951
1546
1551
1554
1557
1561
1576
1619
2025
1557
1574
1680
1766
1934
1982
1988
2023
2041
2047
1563
1563
1575
1577
1584
1599
1601
1589
1593
1590
1600
1601
1611
1617
1626
1629
1638
1643
1649
1661
1665
1667
1669
1669
1657
1658
1690
1696
1703
1734
1687
1703
1709
1778
1802
1843
1782
1789
1800
1852
1879
1802
1893
1904
1931
1933
1945
1975
1981
2009
1727
1730
1734
1742
1743
1756
1762
1772
1792
1763
1765
1779
1796
1794
1812
1812
1774
1849
1853
1898
1908
1940
1828
1830
1856
1886
1940
1960
1957
1993
2016
2017
2021
2051
2036
2053
1893
1914
1917
1949
2008
2028
2035
2057
2065
2068
2085
2093
2094
2096
2097
2112
2099
2130
2247
2304
2311
2174
2236
2378
2132
2136
2138
2168
2169
2169
2214
2161
2164
2168
2171
2172
2201
2206
2221
2223
2235
2266
2280
2284
2305
2305
2308
2312
2236
2237
2314
2314
2317
2319
2325
2333
2333
2320
2326
2330
2346
2351
2352
2366
2376
2483
2479
2508
2590
2704
2403
2424
2436
2447
2459
2498
2472
2487
2555
2511
2557
2544
2607
2702
2730
2744
2779
2807
2818
2595
2647
2669
2720
2743
2828
2852
2901
2915
2931
2782
2784
2791
2796
2816
2847
2865
2889
2998
2894
2905
2952
2990
3001
3010
3042
3049
3055
3071
3080
3085
3109
3124
3157
3164
3195
2353
2360
2364
2369
2418
2417
2418
2418
2480
2482
2476
2487
2499
2509
2535
2546
2559
2609
2613
2429
2471
2502
2564
2569
2618
2615
2622
2642
2648
2666
2673
2682
2695
2721
2724
2747
2749
2818
2880
2897
2849
2951
2970
2975
2977
2995
3023
3124
2995
3151
3156
3162
3164
3174
3184
3206
3215
3218
3315
3218
3252
3326
3259
3272
3322
3330
3336
2701
2710
2750
2781
2835
2718
2748
2754
2754
2801
2864
2875
2801
2802
2812
2889
2883
2899
2900
2935
2945
2973
2974
2987
2913
2915
2966
2988
3073
3091
3108
3134
3153
3169
3184
3211
3217
3270
3346
3346
3352
3352
3363
3375
3365
3377
3377
3407
3429
3440
3466
3484
3502
3515
3577
3611
3749
3786
3782
3835
3381
3385
3413
3425
3425
3421
3457
3498
3511
3527
3545
3432
3463
3492
3474
3511
3801
3949
4005
4034
4035
4051
4252
3590
3764
3792
3831
3877
3895
3896
4045
4171
4409
4410
4467
4458
4564
4589
4592
4596
4606
3532
3537
3538
3540
3562
3541
3545
3585
3597
3601
3571
3590
3602
3603
3604
3604
3604
3604
3618
3621
3621
3627
3628
3634
3639
3640
3649
3658
3662
3667
3681
3690
3701
3705
3706
3708
3721
3740
3757
3832
3859
3884
3902
3836
3885
3893
3900
3908
3903
3913
3995
4018
4085
4174
4096
4104
4157
4168
4170
4198
4208
3725
3728
3767
3847
3924
3959
3977
3967
4146
4000
4036
4099
4146
4163
4172
4228
4030
4225
4235
4248
4248
4285
4270
4292
4304
4309
4335
4397
4410
4379
4401
4420
4424
4447
4465
4471
4530
4561
4564
4509
4565
4514
4624
4630
4632
4654
4654
4657
4658
4679
4696
4670
4697
4701
4728
4732
4740
4742
4756
4796
4852
4885
4959
4963
4990
5010
5015
5113
5137
5148
5149
5161
5171
4777
4782
4784
4785
4789
4814
4818
4852
4857
4866
4932
5019
5024
5035
5055
5084
5092
5090
5119
5119
5139
4824
4836
4901
4975
5023
5112
5161
5173
5176
5177
5189
5193
5205
5209
5223
5258
5265
5286
5291
3744
3761
3775
3777
3780
3798
3874
3802
3811
3902
3939
3950
3963
3830
3894
3961
3967
3895
3971
4022
4053
3976
3976
4121
4163
4049
4064
4111
4173
4186
4042
4082
4108
4201
4209
4233
4259
4272
4373
4219
4224
4290
4362
4465
4396
4461
4473
4484
4142
4163
4203
4239
4237
4267
4272
4358
4472
4531
4550
4585
4604
4606
4334
4503
4549
4554
4611
4620
4579
4655
4712
4720
4586
4615
4681
4799
4816
4947
4622
4650
4667
4722
4728
4749
4649
4689
4706
4714
4753
4758
4739
4763
4787
4799
4800
4814
4825
4848
4969
4869
4886
4909
4949
4980
4991
4992
5006
5026
5037
5037
5042
5044
5061
5094
5115
5130
5145
5166
5180
5191
5203
5213
5270
5298
5304
5319
5321
5323
5336
5344
1673
1722
1723
1743
1749
1812
1851
1855
1866
1870
1876
1940
1805
1811
1976
1985
2042
2052
2075
2088
2156
2164
1759
1773
1799
1828
1850
1893
1897
2193
2252
2308
2541
2546
1967
2327
2442
2080
2169
2281
2344
2478
2503
2541
2554
2575
2590
2604
2014
2033
2064
2065
2109
2125
2621
2218
2616
2343
2446
2796
2871
2877
2890
2929
2159
2289
2326
2452
2479
2532
2540
2670
2714
2789
2530
2602
2702
2737
2947
2953
2912
2923
2961
3054
2939
3026
3082
2970
3006
3027
3030
3096
3099
3117
3152
3039
3111
3178
3201
3203
3207
2988
3086
3096
3200
3211
3213
3213
3245
3239
3267
3294
3323
3342
3480
3384
3388
3392
3403
3411
3420
3421
3422
3441
3446
3448
3472
3455
3456
3477
3477
3504
3509
3511
3540
3553
3560
3606
3617
3625
3629
3647
3652
3669
3675
3675
3680
3779
3788
3861
3863
3685
3686
3723
3771
3822
3937
3943
3907
4075
4077
4114
4143
4256
4338
4389
4402
4413
4528
4542
4652
3946
3948
3983
3996
4009
4043
4070
4220
4070
4243
4348
4153
4361
4391
4154
4201
4238
4184
4191
4339
4417
4409
4447
4513
4504
4558
4560
4566
4601
4603
4642
4630
4652
4698
4700
4703
4738
4923
4748
4934
4949
4679
4681
4736
4744
4744
4757
4769
4779
4796
4796
4819
4838
4956
4862
4989
4893
4992
4992
4934
5009
5013
5035
2434
3331
4144
4466
5040
5054
5061
5059
5063
5068
5073
5088
5090
5107
5110
5121
5144
5147
5156
5160
5208
5243
5209
5209
5239
5222
5267
5217
5234
5244
5277
5290
5304
5318
5330
5130
5146
5178
5216
5261
5223
5365
5270
5376
5383
5398
5298
5435
5330
5342
5439
5344
5356
5359
5373
5391
5364
5404
5422
5441
5458
5530
5551
5878
5985
5464
5467
5474
5475
5491
5495
5498
5503
5525
5535
5538
5481
5487
5528
5569
5546
5578
5569
5581
5585
5554
5571
5582
5591
5599
5616
5604
5606
5627
5656
5671
5679
5680
5681
5684
5687
5723
5729
5742
5775
5787
5807
5821
5972
5878
5951
6001
6057
6104
6080
6098
6150
6185
6195
6209
6213
6215
6237
6243
6268
6281
6282
6306
6309
6331
6340
5369
5369
5380
5394
5396
5409
5415
5411
5417
5436
5447
5476
5520
5424
5426
5516
5520
5474
5550
5581
5580
5633
5649
5495
5541
5565
5577
5504
5613
5651
5656
5657
5658
5660
5669
5673
5680
5700
5741
5765
5806
5816
5820
5847
5880
5928
5988
6085
6106
5903
6095
5986
6039
6149
6282
6289
6313
6320
6322
6333
6420
6336
6342
6349
6353
6393
6403
6406
6422
6423
6432
6436
6440
6450
6450
6450
6454
6473
6474
6512
6514
6521
6528
6528
6740
6749
6875
6884
7186
6482
6484
6521
6529
6717
7140
6527
7183
7274
7285
7305
5711
5714
5718
5718
5724
5729
5739
5742
5761
5766
5779
5801
5807
5808
5820
5840
5850
5871
5888
5901
5945
5951
5955
5987
5994
6008
6035
6119
6051
6055
6112
6127
6112
6125
6143
6173
6129
6138
6169
6192
6209
6219
5765
5769
5770
5783
5784
5796
5838
5856
5856
5886
5909
5941
5952
5955
5969
5997
6018
6022
6039
6056
6113
6141
6172
6205
6224
6225
6226
6234
6087
6235
6255
6265
6267
6327
6319
6334
6334
6343
6349
6422
6282
6428
6457
6476
6499
6512
6577
6869
6739
7231
7310
6359
6374
6384
6436
6440
6446
6463
6477
6391
6480
6486
6494
6507
6523
6710
7033
7192
7332
7706
6496
6498
6504
6507
7131
7191
7283
7534
7676
6512
6526
6725
6884
7353
7429
7552
7722
7762
7737
7776
8010
6511
6799
6845
6943
7110
7239
7316
7427
7488
7627
7385
7386
8163
8166
8434
8546
8640
8038
8044
8386
8096
8453
8523
8528
8552
8696
8716
8723
8728
7469
7549
7593
7597
7713
7735
7858
7884
8100
8071
8126
8146
8155
8218
8288
8365
8466
8243
8533
8557
8564
8579
8584
8701
8733
8749
8758
8778
8828
8873
9001
7770
9014
9074
8086
8200
9030
9158
9189
9297
9084
9160
9279
9452
9464
9484
9594
9623
9731
9738
9809
9906
9848
10012
10072
10076
9731
9905
9952
9953
9971
9972
10087
10096
10263
10091
10133
10181
10193
10219
10314
10315
10215
10319
10326
10354
10354
10488
10498
10524
10557
10591
11397
11519
12297
12866
10605
10605
10623
10644
10649
10650
10651
10659
10784
10808
10816
10866
11057
11081
11137
11867
12028
11872
12075
12734
12826
12901
12908
10877
10886
10955
10995
11121
11086
11163
11176
11197
11263
11280
11318
11371
11417
11695
11638
11672
11677
11747
11771
11780
11781
12001
12071
12127
12189
11215
11242
11291
11321
11719
11562
11793
12242
12245
12252
12264
12316
12272
12453
12511
12643
12646
12733
12342
12449
12467
12498
12577
12694
12763
12772
12841
12927
12931
12942
12948
12978
13151
13177
13178
13248
13321
13281
13338
12974
13036
13000
13036
13055
13063
13101
13116
13179
13399
13523
13165
13239
13345
13514
13525
13221
13423
13496
13499
13562
13621
13634
13599
13635
13715
13722
13763
13809
13611
13762
13788
13824
13827
13845
13856
13892
13894
6531
6537
6540
6550
6536
6541
6555
6560
6578
6579
6582
6586
6592
6595
6596
6597
6603
6615
6620
6621
6628
6636
6612
6637
6642
6644
6644
6645
6667
6651
6654
6656
6660
6665
6668
6678
6689
6701
6701
6683
6704
6710
6717
6724
6726
6729
6736
6662
6667
6673
6674
6689
6765
6776
6777
6678
6688
6775
6777
6779
6800
6801
6819
6820
6822
6751
6824
6824
6826
6840
6848
6856
6885
6900
6938
6941
6970
7020
7036
7044
6826
6827
6932
6832
6832
6899
6940
7002
7044
7049
7074
7107
7118
7148
6848
6856
6857
6875
6892
6957
6933
6935
6978
7007
7034
7051
7065
7074
7088
7003
7029
7042
7098
7108
7117
7188
7149
7204
7205
7218
7185
7199
7211
7224
7243
7119
7131
7140
7143
7150
7158
7159
7159
7164
7168
7181
7223
7250
7247
7280
7309
7323
7348
7406
7442
7416
7442
7446
7459
7670
7469
7698
7698
7718
7772
7785
8000
7868
7928
7976
8058
8094
8096
8101
8251
8261
8299
8309
8397
7187
7192
7212
7314
7260
7275
7343
7343
7405
7374
7444
7472
7594
7633
7748
7498
7628
7659
7755
7765
7795
7803
8043
8579
7822
7841
7913
8130
8151
8147
8161
8216
8292
8424
8197
8199
8292
8351
8390
8569
8401
8591
8624
8641
8443
8594
8604
8661
8674
8675
8677
8683
7230
7326
7338
7363
7384
7436
7519
7551
7573
7690
7691
7719
7264
7277
7281
7293
7326
7390
7414
7665
7736
7806
7841
7842
7980
8040
7560
7793
7797
7808
7845
7857
7906
7924
7932
8063
7858
7955
8068
8087
8122
8198
8212
8218
8231
8258
8378
8381
8391
8396
8411
8458
8459
8494
8494
8544
8566
8593
8591
8652
8672
8676
8450
8567
8656
8689
8690
8720
8707
8715
8722
8739
8748
8767
8773
8778
8781
8789
8798
8798
8813
8851
6781
6846
6865
7000
7085
7224
7250
7292
7296
7471
6890
6906
7763
6999
7048
7838
7918
7090
7198
7199
7600
7903
8012
7256
7933
7941
8086
8211
8220
8087
8450
8090
8484
8186
8356
8601
8602
8610
8621
8625
8733
8777
8802
8805
8807
8884
8861
8890
8898
8891
8900
8900
8920
8921
8935
8958
8958
8963
7011
7084
7284
7356
7398
7368
7464
7489
7451
7499
7511
7520
7526
7594
7722
7801
7553
7641
7726
7831
8061
8119
8144
8399
8585
8522
8524
8599
8629
8643
8760
8856
8865
8905
8964
8642
8672
8699
8654
8966
8966
8964
8972
8970
8972
8992
9011
8994
9008
9015
9024
9040
9053
9054
9079
9089
9119
9122
9125
9149
9061
9064
9064
9142
9079
9132
9149
9152
9162
9172
9173
9174
9176
9188
9197
9199
9202
9205
9218
9251
9234
9254
9259
9268
9289
9206
9214
9221
9242
9254
9290
9397
9260
9388
9391
9427
9432
9304
9308
9351
9375
9381
9418
9452
9474
9486
9426
9430
9480
9493
9503
9545
9565
9595
9617
9405
9406
9461
9450
9451
9459
9477
9479
9485
9502
9503
9532
9560
9574
9651
9651
9655
9675
9762
9678
9726
9738
9775
9765
9819
9781
9836
9841
9864
9906
9956
10004
9900
9925
9935
9950
10008
10046
9696
9708
9723
9751
9771
9776
9791
9797
9803
9859
9861
9870
9881
9907
9911
9936
9939
9944
10009
10059
9974
9983
10018
10063
10064
10084
10095
10109
10072
10075
10091
10100
10145
10146
10146
10132
10156
10162
10211
10178
10178
10203
10216
10224
10224
10182
10197
10227
10244
10247
10258
10291
10232
10290
10319
10322
10323
10323
10325
10340
10364
10384
10429
10366
10435
10427
10446
10452
10466
10470
10473
10476
10477
10477
10482
10488
10492
10494
7459
7480
7521
7532
7494
7502
7533
7547
7574
7606
7615
7619
7666
7675
7676
7676
7733
7746
7770
7681
7693
7822
8530
8378
8544
7559
7718
7841
7738
7830
7873
7879
7911
7949
7984
8008
8557
8179
8213
8253
8261
8311
8321
8272
8461
8497
8563
8606
8656
8680
8657
8693
8727
8834
8843
8857
9078
8786
8963
9011
9091
9103
9123
9150
9182
9279
9507
9031
9190
9305
9332
9548
9563
9620
7801
7812
7832
7829
7848
7887
7893
7906
7932
7945
7946
7951
7991
8007
8016
8060
8040
8065
8091
8151
8162
8341
8599
8841
9080
9658
9782
8286
8331
8521
8617
8287
8684
8816
9115
9190
9663
9899
10034
9924
9978
10137
10142
10402
10477
9219
9655
9704
9762
9793
10372
10377
10524
10424
10503
10510
10513
10526
10533
10549
10554
10591
9332
9340
9459
9574
9643
9708
9885
10002
10044
10099
10525
9802
9847
10053
10069
10206
10216
10404
10494
10503
10537
10528
10564
10593
8173
8177
8223
8297
8308
8311
8354
8376
8392
8411
8419
8486
8557
8587
8631
8634
8687
8745
8805
8812
9460
9504
8829
8954
9109
9348
9370
9654
9786
9824
8367
8453
8601
8670
8709
8750
8805
9064
9131
9180
9277
8466
8469
8550
8828
9230
9653
9892
9938
9962
9997
10060
9070
9095
9129
9152
9196
9230
9258
9289
9354
9768
9777
9998
10243
10131
10277
10171
10268
10513
10530
10184
10186
10245
10366
10405
10416
10515
10525
10528
10549
10491
10561
10579
10585
10586
10588
10597
10605
10607
10609
9331
9338
9338
9360
9748
9749
9793
9875
10620
10646
9534
9656
9939
9796
9877
10655
10678
9460
9575
9641
9744
9895
9999
10024
10603
10091
10342
10615
10629
10640
10680
10692
10667
10670
10673
10686
10709
10702
10703
10705
10722
10727
10730
10746
10752
10759
10764
10769
10770
10772
10777
10778
10780
10780
10781
10782
10782
10785
10792
10793
10794
10796
10803
10803
10808
10813
10815
10823
10825
10827
10828
10830
10845
10852
10860
10928
10856
10935
11049
11083
11090
10862
10863
11018
11055
11091
11093
11103
11143
10862
10863
10886
10920
10957
10958
10976
10866
10874
10880
10896
10920
10978
10913
10915
10925
10995
11014
11030
11072
11124
11128
10927
10965
10996
11000
11042
11058
11101
11119
11134
10929
10930
10941
11015
10957
11006
11018
11041
11068
11101
11119
11137
11137
11137
11141
11153
11153
11159
11159
11196
11282
11284
11293
11304
11307
11847
12195
12357
12368
12588
12912
13079
13137
11171
11201
11228
11259
11286
11310
11334
11288
11329
11392
13009
13313
13604
13607
11234
11239
11242
11244
11252
11259
11292
11276
11322
11281
11294
11442
11920
12172
11636
11761
12809
13503
13581
13699
13783
13839
11334
11337
11344
11347
11356
11360
11361
11363
11366
11367
11369
11375
11375
11377
11377
11378
11388
11395
11409
11396
11401
11420
11425
11425
11457
11465
11469
11413
11440
11443
11449
11455
11458
11472
11474
11463
11479
11503
11518
11512
11512
11525
11545
11560
11551
11559
11586
11637
11727
11748
11760
11777
11778
11841
11860
11869
11892
11923
11954
11975
11988
12001
11570
11580
11583
11583
11588
11591
11597
11638
11645
11648
11653
11685
11727
11707
11770
11664
11759
11854
11953
11974
12070
11897
11971
11907
12009
12038
12078
12088
11757
11765
11770
11827
11847
11924
12222
11949
12005
12089
12240
12180
12217
12284
12297
12331
12341
12347
12359
12468
12526
12562
12584
12589
12683
12697
12389
12408
12463
12568
12592
12640
12727
12737
11851
11886
11918
11939
11971
12027
12037
12053
12060
12133
12151
12179
12195
12007
12159
12242
12162
12205
12244
12249
12259
12292
12356
12175
12233
12365
12387
12402
12414
12464
12403
12494
12502
12626
12696
12745
12725
12747
12749
12764
12803
12818
12537
12540
12555
12611
12543
12546
12566
12692
12708
12716
12731
12818
12578
12676
12678
12713
12803
12854
12857
12895
12895
12821
12824
12849
12861
12881
12906
12909
12890
12896
12903
12903
12947
12950
12946
12953
12959
12961
12967
12992
13010
13050
13051
13061
13064
13069
13073
13080
13082
13089
13092
13103
13110
13123
13195
13130
13215
13211
13225
13278
13417
13426
13512
13231
13239
13241
13246
13300
13395
13250
13367
13400
13412
13427
13524
13726
13758
13892
13783
13842
14169
14282
14295
13530
13575
13674
13606
13677
13758
13684
13763
13824
13847
14008
14045
14078
14139
14224
14181
14332
14463
14467
14555
14569
14042
14131
14182
14275
14378
14591
13827
13848
13906
13911
13939
14086
14141
14320
14351
14188
14248
14352
14408
14446
14460
14461
14518
14545
14574
14604
14611
14579
14636
14660
14672
14695
14673
14705
14755
14790
13257
13317
13331
13374
13376
13342
13359
13362
13398
13414
13446
13451
13471
13494
13513
13522
13533
13537
13692
13623
13829
13895
13564
13606
13793
13885
14020
14101
14194
13625
13644
13715
13657
13765
13771
13790
13795
13796
13816
13840
13858
13926
13962
13884
13936
13949
13957
14028
14080
14091
14093
14098
14126
14185
14204
14208
14218
14221
14240
14255
14280
14281
13292
14281
14306
14324
14334
14343
14368
14382
14385
14394
14423
14436
14441
14458
14466
14475
14518
14526
14529
14545
14561
14581
14601
14612
14612
14620
14632
14892
14908
14633
14654
14693
14699
14699
14735
14814
14859
14881
14750
14903
14926
14963
14889
14965
14969
14974
14702
14720
14800
14914
14939
14978
14991
15002
15043
15050
15064
15061
15089
15091
15096
14761
14785
14834
14859
14880
14886
14916
14922
14959
14968
15014
15021
15074
15091
15101
15129
15180
15224
15259
15113
15115
15140
15178
15189
15149
15193
15217
15237
15150
15190
15183
15209
15250
15224
15274
15286
15311
15311
15322
15320
15335
15369
15378
15384
11528
11559
11590
11574
11596
11605
11613
11617
11619
11624
11651
11634
11656
11622
11628
11629
11675
11678
11681
11696
11696
11703
11705
11708
11714
11762
11684
11729
11747
11764
11766
11767
11769
11771
11782
11780
11785
11789
11794
11798
11825
11832
11833
11813
11866
11873
11873
11844
11888
11953
11827
11870
11943
11957
11984
12055
12111
12222
12262
12378
12588
12616
12622
11887
11910
11922
11927
11979
12015
12030
12042
12147
12148
12156
12157
12189
12231
12259
12288
12311
12378
12417
12467
12514
12538
12573
12630
12635
12639
12639
12012
12106
12114
12135
12050
12146
12206
12206
12207
12263
12358
12360
12372
12439
12316
12322
12415
12432
12516
12531
12539
12470
12542
12558
12611
12614
12622
12622
12643
12645
12652
12658
12682
12690
12735
12008
12749
12762
12765
12789
12799
12824
12836
12844
12851
12870
12875
12902
12905
12927
12901
12907
12921
12965
12985
13003
12921
12973
12975
12983
13015
13020
13027
13038
13051
13081
13088
13089
13091
13113
13115
13119
13151
13164
13192
13210
13247
13298
13384
13411
13458
13481
13481
13483
13525
13605
13653
13768
13707
13769
13774
13793
13797
13803
13490
13580
13620
13711
13763
13838
13842
13696
13813
13813
13892
13913
13926
14011
13922
14014
14022
14046
13091
13092
13202
13254
13163
13176
13391
13228
13422
13431
13444
13464
13681
13906
13710
13883
13911
13924
13617
13668
13934
14025
14026
14089
14146
14089
14101
14112
14150
14112
14155
14165
14161
14194
14190
14201
14217
14225
14270
14300
14340
14340
14343
13114
13167
13225
13255
13300
13589
13316
13521
13434
13617
13537
13608
13651
13641
13656
13672
13676
13687
13712
13758
13761
13771
13787
13788
13809
13823
13844
13846
13857
13900
13915
13917
13931
13934
13961
13967
13978
13935
13955
13998
14008
14024
14025
14033
14037
14062
14097
14109
14143
14124
14267
14305
14338
14349
14373
14379
14394
14156
14365
14500
14331
14346
14508
14526
14535
14353
14385
14358
14376
14448
14480
14527
14532
14536
14557
14558
14568
14396
14483
14433
14497
14463
14481
14543
14558
14499
14559
14559
14573
14578
14585
14589
14574
14594
14609
14629
14655
14732
14741
14784
14796
14806
14714
14732
14767
14777
14822
14832
14846
14868
14896
14903
14965
15015
14973
15028
14869
14884
14887
14906
15028
15109
15165
15187
15031
15062
15075
15090
15105
15115
15130
15149
15236
15162
15236
15274
15339
15383
15384
15402
14616
14633
14641
14655
14685
14701
14718
14794
14728
14943
14728
14731
14786
14805
14814
14845
14910
14928
14937
15046
15007
15018
15053
15065
15203
15290
15348
15417
15437
15437
15218
15348
15429
15403
15428
15441
15444
15446
15447
15449
15456
15470
15475
15475
15485
15468
15472
15480
15480
15488
15492
15501
15504
15514
15519
15535
15547
15549
15563
15571
15574
15576
15585
15586
15617
15637
15658
15659
15663
15665
15670
15678
15073
15118
15120
15125
15135
15146
15144
15167
15212
15215
15218
15242
15249
15260
15263
15270
15270
15287
15435
15302
15437
15463
15581
15589
15595
15276
15278
15279
15323
15327
15357
15361
15371
15424
15529
15555
15604
15636
15780
15464
15503
15510
15537
15552
15587
15599
15622
15655
15659
15675
15727
15717
15731
15739
15793
15812
15825
15594
15640
15693
15699
15706
15711
15756
15730
15770
15792
15808
15824
15841
15795
15798
15825
15843
15813
15830
15843
15848
15862
15851
15870
15874
15886
15898
15902
15725
15738
15761
15783
15841
15798
15810
15820
15842
15737
15746
15768
15776
15780
15796
15806
15826
15884
15886
15894
15899
15903
15911
15912
15916
15898
15929
15942
15954
15943
15945
15953
15961
15968
15970
15976
15987
15987
15993
15991
15994
15994
15988
15993
15995
arquivo ordenado pelo algoritmo quicksort tempo da ordenação = 0 nanosegundos

