3
6
12
22
36
65
14
18
19
29
50
66
77
79
81
93
99
104
105
106
132
112
132
134
30
56
64
66
66
95
111
129
137
145
148
154
158
165
185
193
202
204
210
217
220
224
77
105
133
143
153
169
184
201
216
229
229
236
236
237
257
257
242
244
269
271
290
249
276
277
294
325
262
317
338
392
320
367
404
418
423
431
474
486
540
629
769
342
419
498
645
535
563
663
674
733
738
790
817
858
870
874
875
886
906
1007
1015
1061
1077
1092
1105
581
602
648
675
700
750
757
816
828
844
857
884
897
939
944
959
998
1041
1198
1261
1044
1107
1112
1115
1119
1174
1265
1239
1354
1395
1129
1164
1253
1300
1264
1280
1338
1361
1413
1424
1451
1487
1493
1500
1506
1508
353
362
363
388
390
401
404
427
472
485
505
530
548
639
656
676
745
792
837
846
886
893
904
901
903
905
917
922
1146
364
433
460
624
658
693
703
947
1022
1040
1106
1048
1105
1237
1265
1276
1292
1310
1350
1394
1424
1507
1610
1621
1730
1925
1938
2096
2228
926
965
974
1000
1036
1074
1168
1168
1228
1262
1281
1303
1354
1421
1500
1546
1567
1571
1576
1588
1541
1594
1601
1604
1608
1614
1615
1631
1648
1710
1641
1642
1649
1736
1776
1793
1801
1897
1955
1969
2012
2041
2049
2090
2111
2142
2213
2218
2382
2407
2118
2137
2179
2254
2406
2153
2417
2516
2553
2294
2300
2307
2347
2376
2399
2451
2501
2644
2650
2683
2716
2721
1666
1678
1700
1711
1716
1809
1675
1717
1724
1732
1819
1732
1758
1785
1813
1821
1822
1860
1898
1927
1937
1940
1960
1978
2082
2151
2232
2537
2545
2496
2556
2670
2742
1904
1951
2010
2049
2066
2080
2188
2093
2111
2164
2229
2229
2264
2267
2283
2287
2288
2336
2506
2528
2622
2656
2679
2461
2583
2619
2707
2775
2835
2752
2827
2795
2846
2847
2882
2888
2889
2894
2915
2923
2935
2918
2928
2938
2941
2960
2972
2979
2984
2981
2997
3008
3023
1845
1881
1907
1942
2006
2023
2150
2265
2283
2065
2092
2311
2334
2396
2511
2528
2584
2647
2725
2836
2881
3123
3185
2400
2591
3042
3062
3090
2474
2868
2964
2994
3080
3092
3198
3208
3210
3103
3125
3129
3149
3232
3247
3256
3287
3291
3171
3193
3259
3334
3343
3396
3400
3411
3444
3356
3358
3367
3409
3372
3410
3427
3433
3711
3563
3744
3792
3794
3836
4046
4073
4075
4159
4386
4459
4482
4637
4652
2075
2082
2589
2689
2693
2732
2786
2750
2837
2904
2938
2947
2985
3089
3163
3257
2838
2862
2883
2958
3267
3280
3306
3311
3453
3590
3600
4123
4071
4443
3653
3657
3658
3709
3742
3780
3851
3982
4018
3875
3882
3903
3960
3999
4014
4023
4243
4284
4679
4718
4818
4836
4857
4321
4908
4922
5058
5230
5247
5291
5307
5308
4008
4058
4332
4452
4651
4338
4506
4659
4486
4662
4670
4675
4781
4898
4917
4955
5272
5396
5040
5095
5174
5463
5532
5551
5329
5484
5617
5698
5703
5718
5737
5748
5799
4690
4708
4823
4841
4871
4987
5053
5095
5140
5220
5322
5418
5473
5535
5593
5612
5670
5787
5661
5670
5684
5789
5828
5833
5872
5915
5923
5996
6081
6102
6996
7105
7610
6980
7869
8046
8091
8147
5876
5900
6196
6488
6539
6913
7149
6742
7242
7340
7433
7496
7519
8049
8224
8318
5960
5972
5986
6090
6116
6131
6161
6064
6134
6226
6226
6244
6362
6362
6429
6474
6498
6804
6514
6628
6731
6851
6890
6707
6986
6941
7034
7148
6391
6427
6539
6543
6759
6898
7237
7256
7360
7355
7393
7418
7609
6690
6713
6835
6977
7002
7068
7315
7402
7434
7484
7385
7603
7647
7726
7680
7834
7844
7881
7977
8046
8081
8159
8200
7933
8102
8120
8223
8256
8289
8320
8354
8365
8369
8410
3462
3484
3502
3516
3530
3538
3553
3557
3557
3633
3761
3608
3739
3757
3820
3795
3931
4023
3943
4001
4014
4050
3872
3887
3925
3938
4059
4117
4121
4196
4209
3558
3593
3599
3709
3745
3780
3799
4069
4156
4157
4170
4220
3850
4052
4257
4280
4301
4411
4419
3899
3988
4245
4348
4491
4499
3969
4011
4024
4015
4217
4216
4464
4522
4582
4604
4637
4234
4245
4255
4278
4326
4398
4435
4646
4306
4455
4466
4472
4572
4649
4431
4514
4668
4673
4675
4685
4545
4682
4687
4693
4694
4710
4725
4728
4751
5014
5026
4798
4809
4810
4828
4847
4862
4863
4884
4897
4859
4904
4925
4910
4915
4924
4927
5035
5146
5159
5182
5220
5225
5242
4901
4926
5095
5010
5147
5397
5081
5397
5403
5408
5146
5336
5390
5417
5428
5468
5531
6178
4921
4966
5049
5141
5205
5216
5316
5387
5365
5434
6226
6274
6501
5249
5421
5428
5447
5690
5444
5652
6319
6344
6457
6467
6506
6561
6664
5491
5492
5499
5513
5540
5551
5749
5750
5547
5573
5580
5596
5598
5615
5692
5820
5826
5882
5892
5611
5618
5638
5651
5907
5855
5908
5953
5979
5981
5989
5998
6035
6047
6050
6083
6092
6098
6105
6114
6119
6132
6145
6168
6181
6322
6480
6185
6193
6194
6218
6312
6254
6370
6197
6220
6227
6251
6281
6388
6673
6779
6898
7109
6527
6576
6582
6715
6837
7048
7113
7186
7372
7133
7227
7238
7244
7261
7291
7335
7373
7384
7554
7442
7452
7468
7541
7554
7560
7605
6367
6376
6523
6544
6601
6630
6672
6736
6742
7003
7108
7113
7369
7541
7597
7646
7696
6586
6814
7182
7403
7236
7390
7510
7708
7720
7735
7760
7792
7813
7823
6445
6472
6546
6701
6729
6838
6755
6881
6982
7272
7293
7495
7591
7003
7006
7086
7104
7131
7303
7554
7613
7010
7030
7095
7038
7141
7435
7493
7671
7862
7595
7645
7653
7687
7712
7856
7870
7870
7894
7897
7966
7931
7932
7950
7972
7979
8003
8003
8029
8032
7128
7145
7372
7393
7697
8041
8068
8075
8080
8084
8180
8183
8206
8255
8391
8414
8417
8466
8127
8134
8141
8190
8232
8167
8297
8302
8309
8250
8380
8445
8468
8241
8284
8284
8346
8400
8422
8470
8422
8490
8491
8534
8611
8622
8631
8633
8672
8712
8436
8498
8457
8537
8600
8619
8628
8644
8539
8553
8647
8659
8685
8692
8709
8713
8720
8724
8725
8747
8767
8773
8736
8771
8820
8830
8772
8790
8791
8825
8828
8832
8837
256
270
295
297
305
311
320
327
345
347
340
351
358
360
390
410
411
413
415
417
422
422
424
439
453
474
489
497
508
508
520
520
539
557
583
588
609
649
651
594
653
660
685
694
709
712
737
743
769
775
749
787
792
812
815
825
828
836
834
843
453
457
478
485
624
582
649
776
785
789
799
841
860
492
496
534
543
597
680
753
732
757
810
734
849
853
858
859
883
905
909
922
937
964
970
1034
1014
1070
1164
1217
1231
1267
1043
1084
1092
1140
1162
1219
1233
1277
1291
1323
1464
1619
1750
1622
1850
1864
1920
1955
1957
1964
1342
1344
1399
1444
1482
1542
1551
1613
1621
1653
1746
1717
1854
1845
1965
1973
1977
2064
1971
1972
2087
2065
2228
2285
2114
2218
2268
2288
2309
2315
2321
1728
1780
2034
2049
2124
2178
2211
2284
2310
2324
2339
2346
2361
2367
2386
2442
2470
2531
2486
2491
2589
2621
2663
2668
2670
2675
2710
2749
2756
2770
2777
2776
2831
2846
2870
2936
3188
3736
2973
2982
3003
3056
3121
3148
3021
3141
3241
3268
3385
3433
3022
3073
3321
3379
3498
3525
3995
4105
4185
4255
4326
3517
3638
3700
3703
3723
3790
3921
4000
4177
4220
4328
4397
3399
3462
3521
3523
3603
3637
3669
3767
3775
3847
3861
3977
3897
4003
4059
4059
4237
4107
4242
4139
4143
4152
4355
4259
4459
4464
4719
4728
4916
4253
4299
4301
4314
4326
4383
4416
4420
4426
4428
4530
4589
4667
4836
4862
4440
4441
4459
4616
4789
4822
4937
5007
4565
4584
4590
4721
4976
4988
5001
5009
5021
984
1025
1027
1054
1082
1124
1138
1182
1197
1209
1171
1173
1220
1235
1244
1247
1288
1298
1306
1312
1338
1380
1385
1453
1455
1495
1524
1543
1604
1615
1656
1330
1559
1768
1781
1835
2111
1876
1919
2044
2076
2155
2160
2228
2311
2162
2184
2224
2226
2262
2481
2486
2286
2510
2605
2302
2444
2615
2707
2635
2658
2813
2851
3070
2973
3059
3084
3097
3151
3235
2651
2696
2700
2760
2867
2974
3026
3053
2989
3345
3070
3504
5252
3113
3205
3212
3280
3291
3322
3332
4236
3348
3708
4333
5039
5084
5372
5423
3392
3394
3446
3509
3539
3728
3771
3858
3880
4069
4129
4144
3555
3909
3979
4182
4331
4839
4846
4924
4226
4287
4444
4504
4621
4674
4690
4706
4740
4813
4923
5073
5078
5190
5273
5312
5354
5424
5105
5108
5184
5244
5279
5114
5116
5358
5417
5418
5329
5470
5492
5481
5561
5522
5701
5500
5512
5521
5544
5571
5580
5618
5606
5629
5651
5653
5676
5689
5706
5712
5727
5732
5733
5744
5540
5541
5726
5617
5763
5769
5596
5750
5772
5778
5823
5766
5824
5825
5768
5845
5869
5872
5885
5898
5926
6016
6128
6161
5863
5935
5938
5982
5991
6017
6046
6164
6215
6234
6236
6293
6018
6027
6091
6114
6153
6163
6259
6293
6307
6307
6320
6330
1393
1395
1448
1451
1484
1509
1510
1542
1650
1558
1587
1659
1668
1735
1758
1679
1754
1807
2047
1760
1761
1790
1926
1881
2033
2121
2266
2377
2401
2474
2624
1950
1997
2016
2207
2371
2609
2767
2927
2034
2087
2133
2140
2161
2917
3095
3210
3227
3365
3537
3577
2180
2209
2620
2690
2705
2727
2763
2207
2307
2352
2468
2683
2891
3356
2616
3595
3618
3749
3776
3792
3880
3976
3995
4174
2268
2353
2397
2455
2486
2734
3863
4156
4159
2608
3855
4175
3095
3877
4022
4204
4256
4328
4495
4868
5369
5546
5571
5743
5750
4358
4418
4696
4962
5217
4733
4901
5104
5224
5156
5468
5502
5214
5542
5627
5647
5710
5783
5785
5797
5879
5940
6061
2786
2797
2807
2857
2880
3099
3147
3334
3374
3405
3431
3461
3488
3504
3571
3572
3627
3704
3784
4063
3693
4128
4277
4497
4520
3748
3812
3990
4003
4479
4532
4664
4878
4543
4555
4615
5101
5532
5604
6027
6047
6075
6082
3821
3821
3892
3923
3960
4090
4127
3961
4237
4269
4370
4343
4494
4564
4580
4591
4819
4534
4613
4771
4567
4921
4607
4776
5089
5138
5186
5257
5449
5726
5378
5514
5547
5662
5878
6000
5413
5421
5460
5480
5504
5520
5563
5570
5634
5659
5664
5805
5887
5969
6006
6042
6140
6173
6235
6389
6166
6206
6219
6229
6368
6236
6369
6385
6425
6376
6386
6405
6408
6438
6423
6426
6429
6430
6454
6457
6470
6472
3188
3199
3248
3273
3318
3320
3345
3362
3429
3448
3536
3667
3697
3733
3761
3776
4218
4518
4580
4686
4879
3933
5027
5258
5271
5739
5809
5998
6188
6220
3954
4310
4889
4978
5145
5243
5575
6293
5742
5967
6068
6342
6475
6502
6516
6552
6556
6588
6482
6504
6518
6528
6517
6550
6595
6554
6570
6583
6584
6587
6602
6603
6605
6611
6636
6639
6645
6650
6652
6617
6618
6670
6679
6854
7033
7101
7168
7307
6686
6707
6709
6727
6739
6780
6724
6728
6735
6778
6788
6792
6796
6802
6818
6825
6845
6845
6860
6917
6926
6938
7002
6863
6883
6884
6890
6894
6918
6941
7002
7040
6920
6977
7068
7073
7150
7222
7293
7331
7409
6983
6988
7042
7243
7309
7314
7414
7440
7481
7491
7502
7508
7010
7038
7039
7056
7060
7061
7083
7068
7112
7118
7119
7125
7139
7161
7205
7232
7247
7280
7356
7430
7477
7511
7529
7536
7546
7561
7611
7613
7618
7656
7625
7666
7678
7679
7688
7698
7743
7729
7750
7713
7759
7761
7778
7743
7761
7767
7780
7820
7842
7863
7882
7893
7895
7280
7280
7295
7329
7338
7337
7397
7431
7466
7495
7517
7658
7621
7671
7692
7747
7784
7331
7332
7389
7392
7439
7488
7501
7484
7530
7631
7794
7513
7520
7563
7643
7816
7551
7677
7824
7829
7842
7844
7879
7895
7896
7899
7900
7929
7935
7939
7929
8114
7943
7945
7966
8028
8039
8040
8066
7986
7995
8033
8031
8072
8073
8082
8082
8098
8112
8145
8115
8202
8123
8161
8203
8126
8175
8185
8248
8263
8274
8284
8161
8339
8395
8413
8429
8438
8619
8699
8413
8476
8500
8577
8727
8754
8885
8545
8585
8615
8630
8651
8663
8789
9063
8965
9029
9072
9088
8714
8755
8811
8851
8859
8904
8922
9005
9015
8731
8873
8922
8990
9080
9102
9151
9159
9004
9081
9164
9179
9170
9178
9182
9180
9182
9280
9296
9233
9256
9261
9275
9297
9299
9307
9333
9389
9403
8144
8151
8172
8229
8235
8246
8260
8261
8280
8309
8340
8359
8161
8175
8183
8178
8183
8212
8214
8215
8236
8267
8301
8307
8328
8347
8370
8377
8429
8462
8345
8408
8436
8471
8486
8487
8506
8511
8513
8513
8525
8540
8581
8741
8638
8798
8754
8806
8818
8843
8887
8914
8973
8974
8536
8653
8680
8762
8868
8884
8918
8931
8975
9000
9002
9017
9017
9020
8278
8336
8353
8372
8398
8548
8570
8592
8622
8632
8797
8801
8835
8838
8839
8862
8879
8885
8899
8916
8919
8939
9043
9082
9184
9338
9023
9023
9051
9059
9077
9115
9139
9141
9122
9149
9231
9236
9247
9150
9194
9158
9256
9281
9291
9304
9321
9348
9366
9360
9374
9382
9383
9386
8524
8553
8604
8700
8774
8776
8820
8833
8847
8855
9047
8954
9357
9430
9433
9438
9452
9463
8880
8910
8914
8979
9188
9219
9238
9303
9361
9450
9455
9471
8963
9029
9394
9364
9469
9476
9476
9478
9079
9201
9315
9423
9493
9358
9440
9366
9398
9489
9493
9481
9482
9498
9498
9500
9501
9506
9515
9525
10317
10731
9626
10960
10983
11057
11148
11247
11265
9511
9524
9532
9538
9916
10002
9534
9691
10277
10653
11177
9909
10158
10736
10752
10974
11361
11406
11429
11481
10772
11414
11493
11641
11648
11772
11954
12068
12074
12100
9065
9083
9084
9087
9098
9099
9111
9103
9112
9188
9124
9139
9160
9172
9215
9225
9232
9243
9244
9256
9310
9303
9474
9483
9504
9531
9275
9275
9278
9279
9280
9286
9282
9302
9340
9364
9433
9368
9428
9447
9461
9504
9625
9636
9683
9852
10048
10180
10252
10356
10309
10798
10384
11004
10799
11264
11415
11461
11644
11824
11840
11929
11931
11440
11584
11616
11761
12025
12125
11790
11833
11900
11952
11993
12290
12076
12104
12193
12304
12368
12371
12374
12378
12475
12484
12485
12712
12834
12881
12897
12938
12981
12850
12950
13017
13248
13020
13084
13531
13603
13737
13184
13304
13827
13848
14067
14299
12986
12989
13813
13942
14061
13131
13813
14123
14245
14309
14296
14313
14362
14325
14389
14331
14407
14419
14573
14608
14740
14787
14806
14869
14837
14910
14939
9539
9541
9542
9553
9564
9574
9578
9584
9595
9602
9636
9618
9622
9643
9650
9655
9655
9656
9675
9676
9677
9543
9563
9567
9581
9591
9591
9592
9593
9609
9626
9626
9636
9658
9662
9701
9610
9616
9623
9677
9656
9669
9686
9706
9696
9702
9704
9707
9710
9721
9746
9750
9775
9726
9734
9737
9744
9757
9765
9747
9757
9770
9775
9777
9780
9781
9784
9789
9790
9791
9818
9820
9858
9861
9864
9913
9792
9793
9801
9803
9819
9820
9845
9859
9878
9823
9829
9829
9829
9840
9847
9848
9849
9851
9860
9878
9887
9910
9890
9924
9929
9842
9859
9864
9910
9913
9926
9932
9936
9938
9947
9950
9962
9963
9967
9968
9978
9966
9971
9987
9989
9990
9991
10028
10035
9968
9987
10016
10024
10039
10055
10034
10041
10053
10082
10042
10045
10053
10072
10093
10098
10105
10132
10025
10113
10133
10136
10146
10145
10147
10148
10151
10156
10165
10169
10171
10176
10179
10186
10187
10189
10193
10195
10181
10199
10206
10236
10247
10214
10227
10235
10241
10249
10249
10250
10259
10274
10276
10293
10339
10360
10266
10270
10377
10398
10404
10420
10423
10433
10440
10284
10343
10349
10366
10368
10369
10381
10393
10423
10459
10470
10493
10474
10491
10494
10496
10502
10272
10279
10280
10305
10347
10281
10309
10367
10415
10431
10414
10422
10441
10463
10468
10485
10288
10348
10383
10410
10422
10430
10432
10443
10444
10497
10506
10509
10540
10541
10512
10521
10525
10565
10553
10568
10563
10563
10574
10581
10623
10631
10665
10682
10691
10737
10738
10882
10894
10905
10751
10757
10789
10878
10915
10951
10957
10752
10778
10805
10814
10983
10945
10985
10990
10579
10580
10582
10583
10585
10594
10615
10629
10635
10635
10650
10673
10702
10706
10707
10740
10748
10793
10817
10657
10689
10749
10801
10834
10849
10853
10818
10820
10849
10901
10908
10917
10956
10968
10973
10979
10984
11003
11012
11013
11020
11030
11032
11034
10775
10843
10847
10877
10871
10880
10900
10903
10924
10926
10929
10964
10850
10904
10950
11016
11045
11047
11072
11061
11076
11083
11084
10584
10594
10640
10651
10678
10701
10701
10765
10800
10914
10844
10854
10925
10942
10953
10968
10619
10781
10923
10975
11006
10637
10639
10650
10724
10728
10764
10804
10892
11031
11038
11075
10910
10956
10975
11096
10921
10972
11086
11087
11091
11095
11099
11108
11130
11135
11110
11115
11117
11120
11166
11124
11132
11171
11131
11219
11265
11386
11469
11720
11785
11832
11144
11147
11184
11156
11192
11194
11167
11168
11195
11189
11189
11201
11202
11204
11216
11220
11220
11234
11243
11244
11244
11248
11254
11256
11263
11265
11255
11268
11272
11282
11288
11289
11290
11295
11301
11308
11414
11372
11417
11313
11316
11320
11384
11477
11310
11311
11414
11557
11489
11566
11566
11575
11586
11609
11611
11620
11671
11677
11721
11834
12178
12194
11624
11656
12217
11641
11725
12235
12349
12360
11687
11708
11730
11811
11843
11851
11859
11876
11876
11885
11888
11897
11902
11905
11913
11934
11936
11965
11969
11978
11986
11986
11998
12004
12032
12060
12066
12081
12133
12145
12150
12170
12196
12239
12250
12255
12294
12316
12324
12324
12343
12356
12391
12378
12407
12441
12389
12401
12442
12438
12456
12465
12482
12659
12491
12505
12512
12519
12549
12653
12699
12661
12699
12713
12749
12886
12888
12908
12772
12891
12918
12942
12962
12982
12986
12997
13001
13057
13062
13065
13071
13090
13085
13113
13135
13142
13151
13156
13160
13165
13196
13210
13214
13241
13255
13256
13270
13275
13325
13329
13333
13345
13381
13386
13389
13402
13360
13365
13391
13480
13508
13539
13573
13618
13671
13677
13711
13758
13448
13460
13480
13513
13559
13639
13744
13583
13640
13646
13670
13711
13747
13749
13768
13770
13772
13786
13791
13808
13833
13917
13812
13836
13887
13903
13922
13922
13943
13944
13967
13970
13977
13987
13918
13924
13925
13963
13998
14011
14041
14091
14094
14147
14239
14044
14046
14066
14091
14094
14099
14107
14159
14176
14222
14111
14127
14136
14136
14250
14234
14263
14334
14324
14337
14373
11321
11321
11325
11334
11339
11346
11359
11384
11418
11349
11374
11392
11380
11425
11426
11430
11444
11463
11381
11383
11397
11406
11411
11423
11413
11441
11464
11490
11494
11494
11505
11454
11462
11479
11481
11512
11488
11518
11534
11541
11544
11547
11555
11569
11717
11488
11493
11497
11498
11563
11568
11580
11593
11692
11723
11762
11853
11927
12100
12115
12134
12164
12253
12233
12364
12415
11585
11587
11621
11665
11682
11723
11786
11849
11866
12018
12303
12317
12463
12518
12520
12536
12542
11873
11946
12243
12391
12526
11961
12078
12460
12487
12516
12540
12570
12585
12618
12690
12578
12588
12605
12611
12688
12732
12834
12987
13009
13083
13103
13117
12718
13126
13194
13260
13355
13385
13415
13421
13467
13522
13536
13579
12888
12956
13012
13051
13123
13137
13162
13199
13380
13584
13211
13444
13639
13648
13299
13336
13692
13698
13713
11570
11679
11750
11576
11642
11699
11743
11759
11770
11748
11798
11815
11823
11827
11832
11838
11840
11848
11903
11914
11914
11926
11931
11940
11947
11956
11956
11959
11973
11973
11991
11993
12015
11975
11980
11982
12085
12062
12075
12087
12102
12105
12142
12124
12160
11761
11786
11837
11842
11859
11863
11913
11921
11961
11960
12018
12020
12267
12164
12166
12225
12303
12331
12331
12341
12385
12390
12169
12177
12196
12207
12211
12251
12268
12272
12277
12291
12314
12345
12361
12384
12385
12387
12394
12408
12417
12425
12433
12441
12456
12462
12480
12524
12528
12559
12561
12477
12483
12496
12505
12536
12555
12582
12605
12665
12618
12692
12722
12828
12832
12883
13051
13090
12906
12932
13014
13062
13073
13102
13117
13162
13215
13425
13511
13150
13259
13298
13355
13474
13580
13697
13731
13750
13753
13769
13779
13373
13434
13561
13599
13665
13668
13784
13786
13801
13805
13807
13821
13825
13832
13838
13839
12617
12618
12664
12688
12713
12834
12837
12730
12751
12766
12796
12852
12883
12986
12996
13005
13025
13027
12654
12696
12689
12731
12764
12767
12776
12784
12800
12837
12864
12883
12888
12909
12954
12976
13000
13006
13027
13134
13030
13042
13044
13068
13101
13108
13113
13133
13134
13140
13170
13272
13277
13298
13308
13312
13318
13335
13349
13396
13410
13413
13442
13488
13505
13557
13413
13445
13454
13488
13565
13586
13595
13625
13638
13697
13717
13733
13764
13780
13794
13809
13833
13844
13872
13935
13942
13968
14022
13815
13851
13872
13894
13896
13903
13898
13913
13913
13914
13933
13929
13937
13952
13957
13989
14024
14039
14059
14064
14065
13943
13965
13973
13978
13981
13982
14010
14013
14064
14064
14074
12656
12794
14076
14079
14081
14089
14101
14104
14105
14113
14136
14129
14133
14136
14144
14146
14147
14161
14166
14175
14182
14188
14198
14193
14206
14229
14255
14261
14306
14378
14389
14262
14264
14266
14275
14277
14309
14390
14292
14348
14349
14383
14387
14398
14400
14406
14414
14422
14421
14426
14433
14452
14455
14456
14456
14457
14466
14475
14438
14490
14493
14505
14530
14545
14553
14553
14575
14563
14586
14600
14606
14612
14621
14624
14632
14654
14663
14665
14665
14687
14701
14709
14808
14715
14743
14745
14759
14747
14749
14762
14772
14821
14829
14718
14726
14805
14860
14789
14850
14887
14884
14890
14892
14923
14953
15007
15039
15071
15083
14898
14904
14927
14899
14928
14933
14937
14966
14990
15008
15016
14939
14944
14979
14983
14991
15099
15122
14992
15009
15044
15047
15066
15125
15131
15141
15178
15179
15379
15180
15205
15206
15227
15181
15222
15268
15236
15275
15314
15294
15316
15383
15393
15419
15446
15487
15389
15390
15473
15490
15508
15513
15465
15532
15553
15561
15562
15562
15563
15563
14463
14507
14480
14510
14538
14547
14549
14592
14561
14575
14592
14598
14599
14600
14610
14579
14603
14607
14611
14647
14657
14674
14761
14659
14666
14669
14682
14725
14688
14730
14744
14682
14715
14726
14736
14755
14760
14765
14793
14719
14744
14768
14796
14810
14827
14839
14840
14850
14860
14873
14880
14882
14896
14884
14895
14914
14944
14951
14927
14965
14977
14989
15059
15060
15061
15097
15196
14944
14953
14959
14988
15009
15062
15089
15125
15236
15247
15290
15251
15356
15358
15385
15387
15398
15495
15508
15512
15409
15470
15550
15631
15569
15577
15598
15622
15669
15672
15675
15685
15689
15695
15627
15645
15714
15664
15723
15723
15647
15699
15754
15706
15712
15734
15757
15765
15765
15075
15082
15101
15109
15110
15113
15119
15121
15131
15158
15180
15216
15231
15234
15184
15204
15207
15210
15242
15251
15211
15220
15220
15259
15261
15271
15284
15285
15324
15326
15342
15351
15376
15382
15384
15406
15435
15445
15485
15546
15441
15445
15484
15486
15532
15552
15558
15566
15631
15632
15637
15646
15647
15650
15657
15664
15666
15669
15674
15695
15701
15658
15740
15747
15747
15754
15755
15755
15771
15773
15492
15538
15761
15784
15796
15825
15826
15827
15830
15830
15832
15833
15835
15841
15850
15853
15854
15857
15859
15863
15872
15874
15875
15878
15878
15881
15893
15885
15894
15896
15898
15901
15907
15911
15916
15925
15925
15925
15927
15934
15943
15945
15954
15967
15976
15978
15958
15971
15977
15984
15964
15967
15984
15996
arquivo ordenado pelo algoritmo quicksort tempo da ordenação = 0 nanosegundos

