2
25
37
4
16
30
44
52
72
92
62
62
91
92
124
93
155
162
170
202
225
169
205
232
243
78
88
100
103
104
105
112
113
132
170
194
251
279
257
259
280
115
118
123
129
139
141
143
155
218
186
212
277
299
220
242
256
256
272
290
300
300
306
329
389
427
443
466
306
309
314
322
325
327
341
347
349
353
360
362
378
386
382
382
386
398
410
421
421
421
425
522
556
559
476
513
522
618
651
511
517
519
566
620
635
765
676
772
689
778
697
813
826
849
854
908
933
973
995
1063
1085
425
431
436
449
452
486
467
476
486
486
490
490
499
586
494
505
521
524
562
611
631
496
564
510
548
600
603
647
652
696
704
713
713
723
728
730
749
758
768
771
780
827
836
862
883
893
946
1015
1074
1204
1099
1209
1275
1326
1127
1326
1360
950
978
989
1064
1130
1036
1112
1148
1176
1186
957
969
975
961
1070
1090
1035
1123
1149
1214
1237
1281
1287
1420
1451
1205
1305
1315
1347
1368
1386
1344
1372
1405
1406
1410
1413
1429
1436
1460
1475
1485
1480
1488
1499
1517
1534
1543
1519
1533
1555
1562
531
537
539
557
559
585
594
566
576
578
601
603
621
603
631
657
659
660
670
729
692
701
744
774
787
706
741
743
772
797
848
857
882
774
780
845
876
812
832
886
906
953
958
966
614
749
817
982
984
1068
983
999
1011
1014
1095
1032
1098
1044
1057
1096
1099
1110
1111
1122
1129
1156
1227
1008
1069
1093
1116
1116
1134
1218
1237
1520
1281
1303
1367
1387
1388
1388
1441
1540
1549
1551
1559
1134
1153
1174
1161
1184
1196
1211
1216
1226
1228
1249
1263
1197
1249
1277
1291
1299
1332
1344
1352
1364
1356
1366
1398
1402
1404
1415
1417
1419
1564
1582
1613
1635
1240
1347
1394
1461
1538
1561
1587
1600
1623
1627
1642
1647
1676
1667
1673
1688
1690
1741
1779
1781
1788
1789
1799
1806
1810
1814
1834
1834
1847
1873
1815
1820
1823
1869
1874
1879
1881
2118
1895
1945
1975
1981
2053
2131
2300
2695
2700
2727
2845
2938
2947
1878
1889
1911
1967
2102
2033
2109
2167
2168
2195
2285
2403
2409
2471
2580
2831
2848
2852
2896
2953
2954
2959
3009
3044
3044
3110
3127
1901
1919
1945
1970
2010
2014
2034
2035
2080
2014
2025
2094
2095
2102
2138
2139
2155
2155
2164
2200
2207
2240
2269
2325
2172
2204
2230
2534
2601
2654
2696
2134
2186
2223
2405
2488
2610
2635
2699
2721
2930
2746
2766
2891
2908
3042
3059
3082
3128
3106
3142
3109
3155
3156
3163
3171
2341
2345
2360
2365
2397
2400
2562
2641
2646
2647
2752
2396
2448
2684
2737
2779
2816
2870
2890
3093
3120
3147
3237
2894
2929
3039
2974
3001
3035
3051
3150
3086
3170
3176
3184
3186
3189
3189
3198
3204
3248
3255
3272
3277
3286
3296
3311
3320
3334
3279
3293
3298
3326
3338
3372
3373
3406
3351
3361
3406
3376
3379
3418
3403
3422
3427
3429
3430
3440
3489
3498
3470
3474
3502
1420
1422
1435
1455
1455
1510
1514
1515
1517
1533
1538
1584
1631
1657
1658
1801
1980
2084
1851
1942
1972
1987
2063
2182
1529
1537
1649
1672
1756
1768
1561
1568
1637
1754
1580
1652
1598
1950
2039
1694
1805
1819
1897
2220
2242
2280
2303
2362
1751
1891
2575
2585
2670
2694
2685
2705
2706
2709
2767
2784
2604
2669
2713
2717
2807
2840
2852
2873
2898
2921
2944
2960
2961
2988
3016
3097
3130
3200
3219
3310
3470
3276
3398
3402
3435
3500
3511
3577
3581
3477
3532
3560
3612
3626
1587
1591
1604
1606
1672
1673
1701
1714
1646
1716
1763
1773
1782
1783
1848
1786
1803
1841
1863
1895
1896
1905
1915
1953
2525
2541
1749
1750
1802
1810
1860
1878
1888
1893
1921
1895
1946
1955
1976
1980
1981
2352
2397
2454
2507
2511
2540
2817
2621
2723
2815
2994
3094
3146
1880
2229
1886
3076
1903
1906
2502
3084
3192
3243
3256
3314
3514
3518
3536
3537
3284
3319
3350
3452
3510
3551
3539
3540
3551
3556
3557
3542
3565
3569
3576
3579
3583
3596
3602
3614
3636
3637
3587
3609
3645
3652
3652
3652
3661
3666
3666
3667
3673
2046
2052
2060
2083
2089
2091
2102
2111
2095
2116
2111
2199
2191
2220
2226
2229
2239
2253
2277
2287
2278
2295
2307
2311
2328
2332
2313
2324
2336
2350
2370
2371
2380
2380
2383
2384
2395
2399
2404
2424
2451
2487
2490
2506
2517
2523
2524
2534
2536
2548
2549
2550
2563
2572
2582
2599
2599
2632
2644
2657
2665
2677
2583
2626
2627
2691
2704
3339
3495
2598
2599
2769
2800
2715
3188
3194
2790
2903
3287
3326
3003
3348
3382
3384
3425
3527
3538
3571
3587
3601
3608
3610
3686
3732
2709
2785
2831
2869
2890
2878
2899
2942
3072
3126
2823
2879
3008
3082
3087
3114
3132
3158
3180
3117
3364
3183
3231
3281
3410
3360
3390
3448
3458
3465
3473
3658
3519
3540
3682
3630
3647
3692
2971
2984
3070
3102
3107
3224
3253
3254
3316
3324
3360
3365
3517
3518
3574
3534
3620
3611
3708
3693
3703
3704
3707
3712
3713
3719
3719
3722
3723
3737
3739
3740
3745
3062
3103
3161
3364
3366
3304
3341
3650
3695
3750
3751
3783
3798
3807
3803
3816
3818
3819
3832
3849
3854
3754
3763
3772
3773
3794
3801
3803
3816
3816
3821
3834
3840
3841
3864
3939
3849
3865
3872
3888
3877
3882
3900
3902
3877
3895
3909
3913
3930
3932
3943
3956
3881
3887
3897
3903
3920
3958
3963
3971
3979
3981
4021
4037
3987
3990
3996
4000
4003
4005
4046
4047
4023
4039
4035
4043
4054
4056
4062
4102
4223
4234
4358
4534
4575
4592
5083
5106
4411
4415
4470
4577
4608
4800
4810
4984
5052
5095
5142
4900
5088
5283
5392
5312
5515
5462
5714
5815
5742
5828
5921
6150
6163
6370
6017
6084
6160
6267
6488
7086
4063
4066
4076
4076
4076
4081
4084
4076
4083
4086
4122
4127
4088
4115
4120
4131
4135
4158
4215
4224
4227
4259
4260
4263
4265
4300
4366
4386
4386
4386
4403
4527
4551
4571
4576
4160
4171
4190
4256
4266
4277
4287
4194
4198
4215
4267
4270
4315
4319
4388
4564
4336
4355
4356
4373
4406
4421
4426
4443
4505
4382
4398
4441
4529
4530
4536
4574
4582
4583
4587
4606
4613
4664
4700
4747
4811
4627
4681
4656
4777
4897
4621
4627
4650
4662
4636
4663
4679
4680
4681
4856
4912
4769
4795
4808
4854
4918
4959
4960
4965
4978
4991
4996
4998
4768
4769
4789
4847
4848
4850
4879
4921
4987
4911
4916
4959
4998
5018
5022
5026
5035
5049
5062
5082
5100
5104
5112
5142
5147
5156
5160
5218
5294
5158
5179
5185
5192
5204
5217
5196
5211
5243
5261
5277
5287
5309
4087
4101
4102
4135
4159
4179
4199
4216
4184
4195
4200
4213
4243
4222
4225
4223
4239
4246
4242
4255
4261
4263
4268
4270
4274
4110
4117
4137
4142
4147
4168
4177
4196
4214
4256
4289
4205
4246
4283
4290
4317
4293
4337
4372
4392
4406
4407
4415
4517
4522
4556
4327
4346
4328
4351
4382
4385
4390
4390
4449
4478
4465
4485
4488
4493
4508
4516
4519
4499
4501
4522
4530
4542
4543
4558
4564
4559
4571
4577
4595
4604
4610
4623
4623
4645
4670
4551
4558
4570
4606
4641
4691
4700
4703
4719
4725
4732
4742
4753
4776
4730
4746
4749
4767
4777
4777
4796
4799
4819
4767
4777
4799
4844
4854
4862
4862
4864
4910
4872
4925
4929
4941
4954
4955
4964
4991
4991
5001
5007
5028
5074
5075
5009
5078
5080
5123
5124
5171
5172
5222
5005
5211
5264
5277
5302
5307
5347
5335
5442
5449
5471
5478
5508
5016
5017
5086
5120
5138
5227
5177
5246
5262
5289
5310
5343
5353
5347
5356
5429
5513
5476
5496
5515
5555
5353
5529
5536
5574
5576
5577
5581
5581
5588
5364
5367
5377
5419
5426
5476
5509
5637
5593
5622
5638
5483
5511
5540
5618
5591
5592
5625
5607
5627
5631
5644
5648
5661
5640
5666
5651
5673
5693
5665
5729
5729
5729
5683
5685
5692
5692
5708
5708
5732
5738
5739
5749
5714
5738
5740
5747
5763
5768
5772
5778
5778
5795
5787
5808
5793
5800
5809
5812
5076
5079
5088
5115
5131
5169
5170
5188
5495
5705
5822
5828
5128
5150
5639
5751
5830
5839
5847
5837
5843
5847
5849
5852
5234
5239
5271
5285
5308
5336
5411
5411
5478
5550
5469
5476
5499
5583
5520
5577
5611
5613
5613
5617
5748
5772
5823
5830
5864
5862
5868
5874
5882
5882
5883
5884
5903
5906
5909
5990
5962
5984
5993
6003
6005
6008
6021
6016
6104
6040
6118
6167
6023
6054
6100
6031
6075
6079
6123
6134
6139
6147
6148
6151
6152
6196
6209
6220
6226
6231
6253
6255
6266
6296
6302
6321
6321
6341
6349
6349
6353
6357
6362
6383
6387
6397
6398
6405
5911
5914
5931
5934
5954
6011
5942
5942
5950
5972
6041
5946
5986
6044
6044
6049
6053
6053
6060
6061
6099
6116
6117
6119
6129
6131
6133
6139
6157
6159
6168
6181
6236
6257
6259
6280
6207
6220
6243
6283
6304
6009
6021
6036
6084
6124
6183
6230
6095
6250
6273
6321
6322
6353
6328
6387
6389
6390
6393
6413
6415
6420
6393
6423
6424
6446
6480
6484
6480
6486
6508
6509
6516
6518
6535
6521
6522
6535
6537
6540
6559
6560
6286
6300
6318
6325
6354
6363
6415
6321
6378
6397
6434
6444
6447
6449
6453
6476
6477
6479
6480
6484
6487
6494
6536
6555
6563
6590
6601
6601
6618
6622
6620
6628
6679
6577
6579
6582
6583
6586
6615
6620
6658
6666
6659
6673
6685
6686
6687
6691
6694
6698
6701
6700
6706
6714
6715
6738
6763
6835
6845
6724
6745
6746
6753
6753
6766
6770
6771
6783
6726
6741
6742
6743
6746
6755
6785
6790
6751
6776
6801
6814
6824
6888
6908
6915
6793
6793
6807
6824
6932
6825
6895
6976
6907
6940
6985
7008
7044
6968
6974
6979
7072
6802
6810
6817
6820
6830
6850
6921
6949
6956
6962
6962
6843
6845
6955
6965
6969
6975
7029
7065
7074
7076
6846
6849
6853
6871
6877
6886
6933
6960
7004
7020
6882
6897
6898
6921
6952
6953
6958
6974
6995
7024
7032
7039
7057
7072
7078
7078
7083
7092
7094
7103
7117
7119
7128
7129
7100
7131
7138
7140
7141
7146
7142
7149
7053
7153
7155
7149
7153
7155
7156
7159
7168
7173
7193
7194
7245
7157
7170
7177
7178
7179
7185
7209
7224
7190
7250
7199
7236
7250
7256
7257
7260
7259
7267
7270
7276
7277
7235
7237
7250
7259
7288
7313
7239
7316
7329
7340
7343
7378
7278
7280
7283
7294
7287
7295
7308
7325
7331
7336
7350
7362
7391
7396
7402
7344
7359
7367
7377
7377
7405
7406
7406
7409
7411
7418
7410
7422
7473
7582
7667
7833
7997
8009
7423
7424
7428
7431
7433
7438
7439
7440
7444
7445
7446
7432
7446
7454
7456
7477
7477
7479
7483
7489
7497
7488
7497
7509
7510
7526
7530
7530
7542
7547
7548
7553
7568
7589
7636
7556
7563
7565
7584
7588
7594
7609
7625
7633
7644
7677
7599
7600
7606
7608
7610
7612
7634
7678
7693
7721
7682
7701
7769
7740
7796
7537
7564
7581
7596
7604
7608
7642
7742
7623
7649
7713
7803
7828
7869
7731
7798
7822
7836
7876
7880
7885
7896
7909
7915
7920
7951
7951
8024
7971
8007
7993
8018
8025
8032
8037
8063
8067
8077
8085
7655
7660
7677
7680
7841
7706
7717
7757
7779
7815
7839
7860
7868
7915
7973
7994
8014
8016
8034
8054
8043
8055
8088
8099
8101
7671
7690
7693
7696
7703
7720
7720
7725
7726
7754
7763
7763
7770
7810
7816
7842
7863
7874
7943
7951
7952
7873
7996
8007
8051
8103
8107
8014
8112
8113
8115
8116
8117
8118
8121
8127
7774
7777
7927
8112
8130
8137
8140
8172
8143
8195
8208
8211
8236
8211
8246
8252
8266
8279
8281
8305
8338
8346
8346
8469
8397
8407
8483
8455
8484
8539
8542
8602
8604
8610
8616
8633
8689
8693
8720
8739
8726
8783
8761
8817
8823
8734
8784
8784
8840
8859
8864
8870
8876
8894
8924
8928
8960
8979
8984
8147
8149
8155
8162
8163
8164
8165
8189
8219
8375
8168
8213
8318
8375
8421
8172
8175
8177
8180
8192
8196
8181
8222
8227
8259
8259
8373
8385
8429
8389
8389
8432
8463
8490
8519
8524
8531
8556
8561
8621
8627
8198
8230
8258
8337
8341
8492
8278
8434
8486
8547
8442
8539
8551
8276
8406
8411
8492
8637
8646
8663
8663
8679
8679
8692
8701
8701
8751
8702
8730
8766
8779
8787
8791
8236
8241
8257
8280
8288
8315
8366
8374
8378
8389
8396
8415
8437
8416
8419
8428
8456
8463
8465
8471
8476
8482
8485
8534
8565
8539
8588
8588
8633
8634
8644
8711
8645
8655
8748
8758
8796
8780
8792
8813
8814
8814
8816
8816
8833
8840
8846
8851
8853
8856
8856
8869
8581
8701
8795
8698
8814
8824
8837
8849
8892
8873
8875
8880
8887
8897
8897
8899
8920
8908
8923
8927
8935
8946
9010
9029
9150
9215
9284
9472
9480
9694
9714
9721
9765
9934
8929
8929
8944
8947
8964
8978
8981
8996
8999
9019
9088
9143
9462
9595
8988
9000
9008
9020
9131
9931
10012
10121
10166
10344
9296
9397
9420
9545
9460
9494
9682
9760
10133
10335
10152
10239
10361
10390
10426
10450
10459
10491
10505
10554
10558
10562
10607
10662
10687
10695
10742
10775
10753
10906
10964
10986
10988
11009
11074
11122
11080
11155
11206
11455
11265
11460
11468
11495
9033
9042
9048
9051
9052
9057
9057
9061
9067
9067
9077
9086
9095
9092
9099
9100
9105
9109
9118
9111
9136
9085
9133
9138
9138
9154
9175
9175
9184
9185
9190
9192
9203
9205
9221
9221
9222
9225
9228
9237
9240
9240
9268
9270
9272
9274
9276
9288
9291
9273
9276
9299
9311
9330
9311
9335
9337
9337
9338
9337
9339
9340
9344
9367
9370
9383
9389
9393
9411
9417
9419
9427
9433
9451
9459
9469
9477
9480
9483
9490
9518
9521
9525
9529
9533
9469
9484
9501
9535
9537
9544
9585
9598
9555
9573
9578
9584
9603
9633
9642
9650
9666
9663
9696
9675
9708
9709
9741
9742
9753
9783
9770
9776
9784
9787
9791
9557
9558
9559
9562
9566
9577
9591
9595
9574
9584
9615
9624
9639
9648
9597
9667
9674
9770
9815
9695
9711
9772
9840
9857
9868
9869
9873
9886
9895
9924
9872
9926
9929
9931
9948
9949
9957
9983
9998
10000
10002
10022
10034
10036
10155
10158
10061
10071
10180
10182
10208
10210
10105
10164
10165
10188
10222
10239
10259
10271
10296
10304
10058
10071
10086
10128
10136
10143
10223
10307
10270
10331
10382
10408
10408
10336
10363
10369
10404
10429
10454
10467
10185
10216
10285
10221
10290
10336
10343
10471
10340
10393
10400
10561
10605
10672
10728
10476
10476
10478
10494
10496
10496
10563
10508
10515
10570
10540
10554
10692
10743
10782
10928
10853
10874
10980
10586
10624
10625
10625
10629
10650
10664
10668
10672
10672
10695
10690
10705
10750
10770
10811
10920
10939
10955
10982
11038
10695
10706
10765
10835
10869
10851
10867
10882
10890
11046
11049
11054
11056
10915
10926
10955
10957
10971
10980
11006
11023
11050
11061
11062
11069
11087
11092
11092
11069
11089
11117
11141
11217
11270
11274
11360
11411
11365
11385
11506
11093
11095
11153
11160
11306
11379
11420
11405
11429
11456
11483
11515
11564
11574
11160
11207
11214
11213
11261
11283
11303
11585
11593
11509
11607
11617
11631
11657
11671
11642
11649
11675
11679
11685
11693
11678
11700
11618
11863
11717
12028
12143
11733
11884
11900
12008
12147
11968
12012
12017
12187
12190
12305
12177
12180
12308
12319
12332
12383
12333
12386
12415
12427
12442
11725
11732
11739
11761
11793
11779
11781
11783
11795
11859
11899
12027
11802
11923
12032
12072
12087
12091
12104
12273
12131
12299
12301
12165
12195
12370
12370
12064
12096
12172
12504
12522
12527
12572
12155
12224
12190
12727
12613
12615
12775
12291
12432
12461
12546
12696
12712
12486
12640
12757
12759
12851
13121
13159
12783
12800
12895
12896
12942
13165
12907
13201
13453
12951
13002
13095
13138
13177
13208
13241
13252
13280
13501
13546
12387
12394
12400
12417
12403
12418
12425
12445
12489
12502
12515
12545
12613
12616
12703
12752
12759
12796
12577
12587
12676
12593
12701
12718
12719
12725
12805
12850
12767
12842
12870
12889
12816
12840
12844
12936
12953
12968
12876
12912
12983
13015
13016
13021
13045
13052
13056
13056
13101
13103
13108
13118
13119
13121
13136
13153
13164
13202
13235
13366
13367
13362
13547
13449
13563
13521
13581
13544
13548
13611
13632
13653
13664
13676
13684
13712
13712
13304
13499
13549
13566
13596
13366
13380
13602
13618
13624
13628
13634
13636
13635
13676
13739
13740
13744
13748
13756
13757
13763
13778
9633
9634
9637
9639
9648
9662
9663
9645
9665
9706
9719
9686
9692
9721
9725
9728
9743
9743
9747
9757
9775
9768
9771
9774
9820
9781
9789
9832
9851
9925
9954
9952
9966
9998
9821
9822
9831
9845
9847
9893
9899
9904
9922
9931
9988
9991
10032
10038
10057
9920
9926
9926
9960
10023
10031
10052
9956
10065
10089
10095
10104
10295
10127
10131
10162
10162
10170
10262
10278
10153
10241
10257
10257
10292
10310
10318
10554
10406
10425
10428
10483
10526
10480
10513
10519
10516
10541
10550
10566
10577
10579
10610
10639
10683
10683
10722
10752
10847
10906
10942
10526
10983
11029
11118
11125
11269
10998
11060
11118
11405
11443
11496
12449
12665
12683
12756
11472
11929
12009
12924
13184
13186
11033
11063
11063
11154
11160
11167
11173
11183
11211
11217
11226
11526
11570
11638
11595
11657
11672
11734
11749
11798
11808
11810
11831
12155
12256
12490
12547
11836
12610
12626
12701
12713
12754
12774
12866
12954
12960
13086
13125
12962
13033
13154
13353
13390
13421
13437
10163
10195
10445
10501
10233
10497
10509
10514
10543
10590
10618
10758
10298
10745
10537
10785
10448
10869
10883
10323
10541
10573
10795
10877
10898
10925
11139
10904
10946
10933
10950
11034
11075
11128
11151
11374
10202
10344
10357
10363
10396
10413
10436
10452
10454
10542
10565
10584
10600
10613
10701
10742
10828
10841
10850
10862
11043
11054
11076
11092
11123
11412
11630
11637
11780
11825
11947
12069
12234
11567
11661
11955
11775
11976
12293
12299
12543
12604
12644
12667
12821
13275
12697
12796
13470
13191
13525
13194
13260
13474
13479
13544
13557
13560
13562
13595
13601
10447
10508
10615
10971
11004
11190
13477
13684
11168
13627
13774
13639
13763
13772
13787
13782
13787
13788
13794
13798
13800
13806
13864
13879
13923
13923
13934
13802
13847
13880
13851
13885
13888
13891
13899
13906
13921
13929
13909
13915
13922
13932
13950
13965
13975
13976
13982
13998
14017
14020
14027
13993
14004
14016
14027
14038
14053
14057
13996
14016
14065
14067
14073
14074
14075
14075
14078
14088
14115
14146
14172
14215
14215
14225
14241
14248
14260
14262
14439
14452
14266
14411
14437
14491
14535
14104
14109
14125
14142
14145
14157
14161
14197
14211
14269
14269
14166
14183
14185
14206
14207
14282
14301
14264
14265
14266
14273
14285
14292
14313
14327
14350
14406
14297
14311
14328
14335
14411
14413
14416
14422
14423
14426
14453
14458
14465
14491
14499
14508
14524
14149
14185
14542
14545
14546
14550
14577
14593
14599
14613
14619
14586
14593
14599
14627
14637
14648
14672
14680
14652
14657
14665
14679
14680
14697
14708
14731
14739
14749
14740
14759
14762
14766
14776
14776
14784
14792
14800
14800
14801
14821
14807
14823
14847
14849
14849
14850
14851
14852
14853
14879
14887
14889
14872
14892
14924
14934
14935
14938
14957
14961
14975
14990
15008
15004
15014
15034
15046
15048
15044
15067
15066
15074
15075
15100
15123
15130
15146
15163
15174
15227
15157
15158
15161
15169
15184
15191
15264
15314
15324
15186
15202
15270
15321
15336
15341
15329
15343
15377
15354
15430
15380
15414
15393
15429
15432
15432
15434
15238
15241
15257
15327
15264
15289
15301
15350
15391
15394
15427
15432
15422
15433
15436
15444
15448
15449
15450
15453
15473
15476
15477
11176
11210
11211
11218
11315
11229
11244
11248
11257
11320
11366
11333
11357
11369
11371
11375
11382
11392
11419
11432
11475
11599
11433
11443
11495
11628
11654
11737
11749
11436
11457
11465
11480
11522
11538
11566
11609
11653
11699
11738
11759
11857
11877
11960
11979
12005
12017
12019
12022
12033
12041
12079
12148
12162
12188
12274
12037
12046
12059
12179
12274
12457
12663
12932
12952
13109
13305
13515
13682
12300
12302
12328
12363
12376
12436
12367
12515
12535
12565
12574
12733
12738
12852
12962
12985
12587
12674
12692
12679
12933
12881
13022
13003
13072
13124
13155
13107
13238
13240
13250
13272
12797
13136
13283
13297
13312
13333
13338
13464
13449
13474
13505
13510
13712
13494
13652
13736
13619
13723
13730
13736
13773
13773
13785
13794
13822
13863
13865
13884
13884
13944
13949
13992
13888
13986
14010
14061
14173
14194
14220
14247
14233
14252
14254
14266
14268
11402
11406
11426
11427
11453
11432
11446
11534
11581
11467
11510
11512
11529
11580
11619
11625
11726
11763
11772
11828
11761
11762
11957
12018
12094
12103
11814
11821
11834
11840
11882
11900
11932
11980
12030
12119
12121
12165
12046
12111
12190
12211
12198
12205
12234
12351
12239
12341
12390
12398
12424
12546
12232
12290
12392
13492
13875
12368
12370
12395
12425
12502
12866
12599
12897
13063
13101
13117
13125
13194
13212
13341
12523
12828
13386
13451
13529
13591
13692
13900
13959
13998
14015
14091
14231
12430
12437
12563
12685
12731
12960
12609
12796
12822
13084
13231
12470
12782
12903
12806
12942
13295
12851
13311
13484
13678
12823
13008
13157
13252
13260
13569
13573
13590
13658
13705
13745
13748
13974
13900
14082
14125
14139
14151
12769
12872
12968
13089
13183
13372
13671
13779
13603
13840
13854
13918
13927
13948
13977
14018
14212
14030
14224
14146
14156
14236
14236
14199
14253
14267
14274
14296
14308
14322
14335
14343
14390
14405
14302
14308
14336
14342
14347
14439
14410
14420
14432
14455
14430
14471
14484
14485
14491
14496
14501
14510
11455
11557
11782
11991
12057
12240
12386
12495
12564
12779
13080
13197
13526
13538
14099
11701
11853
12257
12870
13499
13508
13620
14212
14297
14361
14384
14620
14646
14873
12266
12478
12618
12622
13792
12702
12983
13964
14017
12620
13276
14853
14875
14886
14893
14942
14953
14962
13127
13269
13515
14515
14521
14521
14626
14582
14586
14616
14632
14647
14657
14668
14670
14759
14789
14800
14806
14807
14824
14825
14828
14834
14836
14849
14858
14862
14900
14906
14942
15001
15016
14916
14926
14963
15049
15061
15077
15099
15123
14944
15001
15002
15019
15061
15068
15124
15131
15143
15148
15163
15170
15175
15189
15192
15206
15219
15271
15276
15279
14531
14538
14547
14577
14602
14615
14639
14662
14930
15047
14617
14619
14633
14655
14664
14670
14816
14832
15062
14729
15303
15347
15355
15038
15095
15127
15353
15308
15357
15358
15369
15371
15386
15435
15489
15512
15518
15533
15560
15561
15564
15626
15629
15676
15686
14777
14790
14875
14951
14969
15032
15056
15075
15087
15159
15285
15377
15383
15385
15386
15390
15409
15463
15469
15484
15072
15125
15241
15243
15320
15488
15516
15533
15651
15670
15681
15695
15709
15390
15391
15511
15516
15529
15539
15481
15486
15545
15550
15558
15425
15532
15520
15631
15667
15682
15707
15736
15763
15790
15479
15551
15667
15702
15707
15714
15738
15778
15554
15599
15784
15807
15807
15807
15830
15836
15869
15878
15886
15565
15572
15579
15575
15598
15607
15630
15580
15589
15628
15631
15640
15656
15661
15662
15666
15668
15700
15671
15704
15709
15686
15719
15781
15714
15754
15773
15795
15826
15840
15852
15888
15900
15904
15925
15934
15937
15959
15962
15963
15968
15980
15715
15719
15737
15747
15736
15754
15771
15803
15744
15798
15809
15824
15832
15837
15893
15899
15846
15878
15906
15910
15915
15920
15932
15837
15898
15932
15935
15941
15959
15946
15949
15949
15951
15956
15956
15969
15976
15981
15982
15988
15991
15994
15997
arquivo ordenado pelo algoritmo quicksort tempo da ordenação = 0 nanosegundos

