3
12
19
23
26
33
40
40
42
43
50
78
72
78
81
90
90
99
109
73
77
100
110
110
111
112
120
125
127
129
133
147
152
159
167
167
169
168
174
180
185
197
207
224
228
260
387
534
586
246
255
261
262
311
382
329
373
373
400
407
295
323
337
370
373
344
393
406
411
418
419
438
442
452
453
458
468
486
504
518
541
590
592
444
446
512
548
571
545
574
583
594
598
600
604
610
612
612
622
121
121
127
156
213
227
239
269
285
379
404
136
167
167
175
186
196
208
294
415
483
544
552
211
272
348
577
601
659
660
661
662
669
678
673
688
714
670
700
744
722
757
730
770
782
801
803
815
822
856
862
869
884
887
887
896
899
900
918
930
934
946
966
982
985
1011
1018
1025
1046
1058
1059
1097
1120
1121
1135
1140
1073
1097
1117
1124
1151
1163
1177
1187
1192
1206
1209
1210
1211
1235
1243
1245
1245
1261
1263
1264
1268
1269
1273
1280
1306
1324
1334
1340
1357
1367
1358
1371
1374
1374
1374
1384
1388
1395
1399
1404
1414
1421
1423
1424
320
362
367
437
379
432
441
483
486
630
504
541
506
581
607
627
636
636
653
659
680
687
723
693
698
701
704
715
726
735
803
921
1010
1032
1044
1047
963
987
1085
1090
1091
1156
736
738
747
748
770
769
772
785
787
857
983
992
1048
1057
1068
1095
1107
1139
786
888
939
961
971
966
975
991
1013
1012
1026
1092
1029
1071
1122
1143
1171
1204
1184
1221
1230
1294
1294
1299
1329
1402
1425
1405
1434
1456
1430
1449
1459
1476
1482
1482
1482
1483
1490
1496
1516
1517
1526
1530
1704
1803
1538
1552
1560
1566
1591
1596
1605
1656
1670
1671
1684
1723
1761
1808
1821
1597
1599
1636
1655
1778
1819
1831
1843
1636
1638
1646
1655
1659
1702
1758
1766
1735
1779
1899
1925
1965
1981
1988
1983
2109
2165
2196
1796
1809
1810
1853
1984
2202
1823
1969
1890
1975
2087
2219
2237
2276
2281
2338
1546
1546
1548
1550
1563
1608
1631
1636
1646
1671
1610
1638
1631
1657
1660
1680
1692
1714
1732
1738
1753
1732
1733
1810
1814
1822
1888
1891
1894
1899
1909
1922
1932
1943
1946
1956
1956
1959
1959
1975
1962
1964
1978
1986
2024
2066
2124
2181
2213
2238
2286
2355
2395
2405
2437
2446
3100
2455
2456
2485
2503
2535
2558
2610
2623
2692
2702
2632
2654
2754
2768
2778
2798
2801
2822
2856
2899
2805
2853
2968
3044
2952
2958
3040
3063
3134
3157
3187
3585
3195
3276
3346
3651
3662
2786
2827
3053
3065
3080
3469
3575
3829
3892
3940
3762
3766
3891
4048
3769
3819
3836
3980
4051
4070
4072
4082
4114
4250
4278
4312
4315
4394
4498
4580
4602
4611
4624
4724
3180
3187
3229
3325
3381
3430
3442
3471
3562
3392
3609
3642
3667
3693
3745
3947
3960
3989
4054
4088
4130
4428
4497
4519
4677
4680
4628
4677
4941
4691
4761
4833
4907
4973
4843
4844
4882
4944
5038
4850
4914
4917
5045
5061
5102
213
216
216
223
224
244
297
300
301
326
341
397
397
450
453
456
489
504
506
793
703
834
848
986
996
999
1085
1155
1255
1303
1346
1403
587
595
667
675
599
673
673
683
686
697
698
720
740
897
976
1216
1297
1035
1446
1460
1142
1288
1476
1433
1493
1521
1717
1729
1760
1785
1589
1709
1910
1969
2012
2045
2067
2142
2143
2149
686
779
838
850
855
970
1011
1086
914
1030
1227
1793
1817
1915
1966
1970
2225
2229
2251
2281
2387
2283
2316
2381
2458
2593
2666
2688
2804
2506
2592
2944
2944
2963
3050
3090
3241
3307
1263
1367
1369
1462
1471
1461
1494
1526
1546
1568
1569
1614
1630
1634
1859
1870
1883
2095
1898
1972
2382
2464
2832
2026
2446
2658
2255
3062
3103
3211
3291
3343
3360
3364
3388
3388
3392
3439
3446
3470
3519
3568
1655
1657
1702
1715
1759
1816
1841
1856
1873
1896
2031
2077
2072
2087
2098
2113
2118
2149
2174
2191
2330
2419
2459
2214
2479
3018
3616
2216
2401
2484
2566
2620
2667
2677
2731
2815
2676
3003
2832
3240
2993
3001
3366
3444
2764
2770
2848
3013
3081
3495
3512
3543
3581
3594
3650
3623
3650
3651
3656
3691
3699
3700
3701
3727
3731
3766
3659
3682
3686
3722
3736
3804
3804
3812
3729
3775
3836
3854
3884
3919
3929
3982
3932
3950
3964
3967
3972
4021
4067
4121
4122
4124
4177
4192
4320
4445
4073
4120
4175
4254
4319
4405
4446
4452
4459
4489
4493
4495
4519
4620
4281
4457
4583
4649
4624
4669
4726
4856
4927
4709
4781
5023
5069
4869
4905
5143
5147
5151
5556
5492
6032
6647
6006
6415
6430
6670
6757
6785
6803
4479
4578
4607
4675
4729
4619
4730
4787
4790
4877
4957
4973
5089
5019
5253
5791
5831
6597
6697
6765
6869
6870
6928
6713
7151
7251
7508
7517
7259
7355
7725
7734
7766
7849
7855
7894
7949
7903
7905
8009
8176
4479
4480
4522
4569
4704
4823
4628
4657
4941
5036
5132
5138
5158
5165
5186
5242
5245
5254
5315
5266
5300
5316
5378
5699
5880
6196
6372
5406
5411
5447
5621
5737
5843
5642
5939
5712
6128
6338
6686
6750
6751
6757
6787
6827
6945
6979
7056
7177
7185
5445
5589
5601
5650
5911
5890
6131
6186
6216
6238
6290
6338
6379
6392
6396
6586
6606
6643
6691
6778
6835
7139
7143
7190
7249
7282
7302
7362
7432
7298
7365
7686
6880
6989
7102
7107
7182
7232
7678
7696
7800
8285
8807
8931
9052
9260
10003
9354
9748
10013
10150
10152
10236
7567
7578
7585
7875
7935
8149
8209
8320
8332
8341
8566
7598
7696
7775
7895
7916
8158
8229
8424
8611
8244
8302
8613
8755
8874
8468
8542
8628
8644
8679
8762
8812
9025
9067
7813
8132
8511
8512
8575
8697
8861
8919
8943
8971
9150
9259
9422
8917
9126
9155
9315
9190
9344
9330
9562
9577
9631
9700
9774
9931
9826
9900
9908
10024
10043
9176
9411
9943
9719
10077
9235
9661
9744
9840
10114
10040
10205
10255
10605
10614
10497
10528
10745
10098
10116
10146
10320
10369
10428
10445
10472
10735
10766
10768
10453
10453
10796
10798
10804
10831
10856
10921
10947
5158
5168
5275
5276
5292
5336
5316
5335
5340
5349
5431
5462
5467
5533
5617
5626
5632
5636
5365
5374
5404
5408
5411
5420
5422
5437
5450
5457
5459
5491
5522
5532
5545
5584
5607
5613
5648
5662
5665
5686
5690
6028
5701
5711
5764
5817
5869
5837
5889
5901
5960
6002
6016
6124
6124
5930
5935
5950
6128
6031
6140
6163
6170
5934
6011
5995
6155
6187
6189
6223
6228
6235
6236
6253
6288
6333
6170
6193
6209
6310
6331
6364
6315
6460
6420
6427
6478
6449
6555
6568
6528
6591
6563
6608
6637
6647
6690
6657
6678
6695
6703
6658
6668
6719
6722
6740
6750
6774
6806
6963
6797
6876
6897
6919
6870
6888
6927
6947
6954
6971
7061
6959
6966
7019
7076
7095
7095
7101
7105
7207
7108
7236
7251
7274
7147
7155
7217
7303
7416
6833
6839
7435
7121
7602
7632
7640
7655
7656
7699
7721
7926
8013
8525
8673
8697
8802
7738
8040
7767
8347
8756
8858
7796
7811
8025
8286
8290
8332
8063
8076
8359
8422
8434
8454
8555
8587
8751
8871
8915
8919
8956
7251
7269
7271
7276
7331
7405
7599
7706
8017
8069
8282
7348
7378
7421
7552
7554
7589
7656
7786
7789
7796
8068
8134
8377
7820
7838
7867
8235
8502
7876
8649
8564
8641
8671
8763
8906
8934
8971
8998
8999
9026
8155
8346
8448
8793
8882
9038
9154
9477
9492
8854
8952
9039
9381
9533
9610
9629
9109
9247
9282
9305
9442
9486
9511
9624
9674
7431
7572
7584
7611
7634
7818
7835
7845
7855
8004
8175
8287
8367
8542
8552
8556
8577
8596
8917
8927
8956
9211
9444
9702
9726
9010
9401
9686
9721
9727
9771
9783
9787
9806
9819
9850
9883
9893
9921
9948
9955
9972
9977
10012
10014
10032
10060
10103
10106
10117
10132
10136
10168
10169
10181
10233
10239
10242
10250
10260
10280
10339
10343
10349
9400
9446
9506
9615
9975
9978
10377
10397
10402
10412
10416
10009
10358
10418
10438
10448
10468
10481
10496
10516
10526
10537
10549
10562
10569
10571
10576
10591
10598
10618
10621
10643
10643
10690
10753
10673
10725
10736
10748
10775
10788
10803
10837
10867
10639
10643
10681
10694
10769
10733
10845
10846
10862
10910
10937
10943
10952
11017
11021
11015
11023
11046
10954
10982
11007
11065
11069
11183
11185
11197
11218
11238
11066
11071
11113
11078
11115
11129
11168
11223
11264
11344
11293
11349
11368
11350
11377
11379
11420
11456
11092
11112
11148
11151
11188
11219
11245
11282
11297
11347
11349
11350
11373
11376
11385
11424
11475
11526
11530
11534
11431
11467
11576
11487
11538
11539
11542
11560
11567
11582
11587
11594
2000
2003
2007
2015
2025
2039
2036
2044
2064
2072
2004
2051
2154
2224
2287
2338
2349
2395
2413
2082
2119
2123
2139
2266
2295
2321
2327
2355
2432
2446
2459
2674
2716
3097
3099
3409
2057
2101
2148
2106
2154
2223
2409
2490
2535
2563
2709
2749
2672
2734
2735
2743
2880
2749
2830
2855
2885
2893
2918
2985
3037
3130
3068
3252
3242
3515
3552
3462
3578
3579
3624
2478
2503
2507
2516
2605
2641
2673
2696
2728
2732
2774
2786
2797
2806
2893
2853
2864
2865
2881
2905
2974
2947
3066
2922
2965
3033
3102
3100
3110
3126
3131
3157
3266
3402
3524
3528
3532
3626
3631
3663
3720
3734
3117
3118
3145
3160
3242
3254
3259
3286
3321
3372
3375
3420
3454
3474
3478
3510
3513
3545
3572
3608
3634
3647
3648
3646
3682
3705
3651
3671
3731
3751
3754
3761
3763
3785
3812
3792
3808
3822
3859
3860
3874
3885
3892
3895
3908
3928
2083
2092
2103
2126
2135
2135
2149
2198
2238
2244
2262
2266
2278
2287
2299
2284
2306
2310
2325
2326
2370
2394
2401
2415
2420
2426
2544
2477
2581
2597
2499
2524
2565
2567
2578
2605
2616
2622
2624
2624
2664
2675
2695
2695
2710
2718
2723
2728
2728
2729
2754
2764
2824
2849
2751
2759
2770
2785
2850
2854
2909
2953
2956
2962
2967
2973
2971
3235
3235
3359
3444
3499
3551
3719
3746
3761
3768
3777
3803
3963
3931
3966
3978
4008
2975
3032
3039
3103
3177
3239
3047
3083
3088
3140
3368
3402
3407
3447
3450
3479
3119
3139
3182
3193
3209
3254
3210
3302
3367
3439
3491
3542
3265
3315
3437
3701
3326
3448
3495
3553
3591
3636
3734
3749
3761
3773
3945
3980
3982
3990
4181
4296
4586
4213
4870
3999
4036
4091
4098
4151
4201
4315
4458
4459
4776
4867
4872
4889
4910
4922
4989
5065
5077
3960
3969
4038
4038
4039
4051
4058
4088
4108
4122
4137
4153
4161
4169
4170
4218
4225
4234
4250
4258
4316
4259
4275
4299
4316
4321
4336
4366
4370
4406
4412
4413
4503
4734
4422
4475
4629
4825
4917
4413
4490
4418
4435
4507
4540
4454
4496
4543
4549
4926
4941
4965
4978
5006
5016
5022
5026
5093
5099
5101
5111
4560
4698
4712
4719
4721
4756
4764
4725
4895
4910
5006
4789
4956
5011
5083
5100
5112
5112
5112
5114
5123
5481
5556
5591
5570
5645
3559
3571
3586
3619
3629
3667
3716
3869
3629
3720
3815
3834
3871
3894
3902
3926
3993
3982
3993
4000
4070
4120
3850
4010
4063
4108
4173
4206
4206
4283
4359
4488
4577
4607
4614
4735
5116
5143
5324
4157
4172
4248
4356
4252
4368
4467
4516
4756
4777
4567
4791
5345
5409
5494
5552
4539
4565
5867
4843
5112
5550
5596
5929
6147
6160
6183
5745
5920
5939
5928
6044
6094
6190
6268
6283
6392
6410
6444
6484
6515
6519
6548
6598
6605
6609
6648
6661
6674
6767
6817
6747
6748
6865
6919
7149
7260
4245
4272
4312
4338
4365
4419
4472
4526
4539
4563
4657
4822
4708
4840
5216
4977
5155
5176
5291
4930
4940
4984
5028
5042
5044
5050
5073
5315
5328
5151
5270
5420
5328
5454
5471
5484
5534
5525
5525
5546
5647
5841
5940
5540
5553
5561
5728
6089
6103
6152
6164
5693
5715
5763
5765
5771
5847
5847
5945
6006
6034
6050
6060
6187
6068
6078
6122
6091
6294
6202
6315
6397
6491
6509
6762
6522
6554
6933
7110
6633
6664
6712
6779
6886
7170
7201
7282
7289
7075
7333
7445
7462
6656
6669
6748
6763
6925
6999
6810
7160
7204
7226
7104
7314
7466
7474
7499
7520
7535
7597
7626
7640
7680
7702
7705
7721
7722
7724
7725
7725
7744
7814
7839
7849
7825
7856
7857
7884
7895
7899
8010
8026
8027
8041
8041
8067
8083
8092
8168
8123
8147
8212
8219
8225
8230
8232
8427
8249
8387
8437
8438
8454
8430
8462
8499
8518
8528
8574
8595
8615
8584
8585
8652
8638
8652
8707
8734
8741
8749
8772
8772
8787
8790
8871
8950
8999
9084
9149
8828
8847
8907
8986
9018
9173
9179
9193
9255
9279
9284
9285
9296
9326
9328
9385
9479
9494
9494
9349
9366
9366
9506
9527
9573
9533
9586
9588
9597
9601
9618
9685
9714
9732
9736
9881
9782
9951
9868
9919
9938
9966
9972
10031
10045
10165
10168
10280
10280
10398
10409
10406
10548
10598
10625
10660
10754
10778
10830
10970
10847
10899
10973
10961
10993
11046
11073
11057
11082
11126
11134
11135
8897
8924
8994
9058
9125
9190
9217
9333
9403
9418
9485
9506
9541
9529
9646
9728
9663
9751
9770
9788
9927
10101
10180
9836
10288
10306
10500
10556
10587
10591
11150
10629
10634
11073
11139
11175
11254
10654
10726
11047
11097
11161
11327
11391
11397
11374
11416
11419
11429
11601
11449
11484
11498
11567
11611
11661
11693
11378
11451
11514
11554
11568
11596
11663
11667
11729
11739
11379
11384
11477
11613
11751
11754
11785
11798
11803
11808
11814
11877
11898
11920
11824
11827
11873
11933
11826
11833
11911
11912
11941
11959
11962
12040
11966
11968
12001
12050
12064
12083
12100
12102
12046
12052
12069
12110
12110
12114
12136
12136
12139
12161
12163
5126
5142
5154
5162
5167
5171
5237
5239
5245
5263
5270
5294
5297
5335
5345
5394
5453
5456
5463
5476
5269
5370
5475
5524
5539
5557
5567
5580
5598
5683
5695
5788
5549
5574
5596
5637
5806
5830
5864
5691
5707
5725
5761
5811
5871
5871
5887
5888
5901
5945
5907
5946
5976
6895
5208
5291
5429
5439
5515
5548
5558
5679
5680
5762
5771
5877
5807
5899
5910
6382
6391
5895
6396
6429
6497
6552
6716
6600
6696
6767
6786
6886
6941
7300
7300
7357
7361
7444
6924
7195
7269
7294
7332
7344
7490
7498
7507
7509
7608
7650
7715
7827
7863
7566
7579
7773
7882
7921
5295
5310
5334
5368
5622
5701
5762
6112
6183
6444
5610
6187
6227
6477
6438
6772
6777
6907
6896
7074
7229
7412
7479
7484
7589
8076
7987
8047
8073
8091
8182
8194
8221
8385
8518
8565
8142
8182
8340
8345
8421
8459
8190
8260
8594
8623
8694
8792
8804
8886
8919
8764
8882
10373
12359
13097
13431
8799
8805
8815
9320
9609
11142
11749
11798
10855
12152
12403
12888
12931
12536
13075
13140
13256
13356
13642
13648
13743
12180
12218
12920
13124
12785
13224
13116
13303
13592
13597
12330
12392
12610
13083
13569
13660
13725
13744
13749
13602
13682
13775
13798
13851
13922
8968
8982
9005
9034
9038
9039
9045
9152
9126
9152
9170
9281
9306
9638
9909
10171
9166
9207
9309
9288
9370
9495
9553
9573
9623
9811
9836
9652
10235
10345
10357
10372
10526
10732
10917
10940
11053
11103
11209
11391
11473
11474
11508
11618
12172
10374
10924
11633
11690
12198
11898
12291
12412
12562
12688
12333
12750
12770
12336
12367
12376
12554
12485
12737
12879
12882
9514
10519
10949
10770
10957
11042
11348
11378
11621
11713
11736
11778
11778
11832
12476
12565
12208
12628
12722
12971
13021
11668
11704
12193
12275
12357
12463
13043
13047
13103
13324
12466
12757
12973
13013
13048
13124
13220
13257
13294
13328
13345
13348
13287
13374
13396
13426
13512
13528
13555
13580
13609
13641
13517
13655
13692
13754
13863
13871
13879
13894
13909
9404
9623
9728
9740
9795
9940
9957
10407
10439
10943
11175
11440
11762
12041
12663
10417
10804
11203
11670
11744
12429
12588
12701
12847
11240
11375
11513
11642
12318
12575
12889
13041
11550
12249
12359
12427
12582
13134
13166
13177
13214
13367
13552
13767
13774
13781
13903
14134
14303
14457
12657
12781
13089
13929
13933
13963
13985
13989
13994
14007
14011
14121
14280
14347
14057
14142
14157
14369
14385
14167
14208
14212
14232
14339
14354
14423
14398
14432
14456
14491
14529
14058
14071
14180
14203
14290
14463
14477
14233
14351
14557
14269
14369
14554
14564
14581
14585
14588
14613
14614
14618
14626
14647
14665
14670
11833
11849
11867
11897
11946
12104
12124
12172
12173
12201
12258
12250
12386
12307
12441
12483
12057
12228
12264
12435
12458
12673
12123
12619
12725
12171
12528
12596
12784
12632
12793
13008
12820
12835
12848
12848
12914
12935
12995
12996
13002
13198
13269
13142
13159
13172
13350
13370
13434
13487
13502
13510
13701
13693
13873
13854
13977
13086
13113
13147
13154
13247
13388
13400
13405
13457
13574
13685
13733
13943
14059
14212
14221
12485
12503
12563
12504
12596
12664
12722
12741
12925
13043
12520
12999
13164
12686
13286
12842
12842
13404
13413
13612
12934
13116
13209
13481
13395
13432
14030
14113
13731
13816
14016
14178
14193
14219
13010
13173
13474
14287
13462
13936
14131
14506
14230
14265
14436
14608
14691
14550
14565
14560
14648
14700
14702
14702
14705
14717
14718
14721
14724
14744
14743
14756
14766
14767
14771
14790
14795
14822
14826
14826
14829
14828
14839
14841
14848
14848
14849
13535
13598
13692
13698
13729
13730
13832
13893
14008
13765
13781
13785
13863
13954
14038
14055
14130
14170
14186
14195
14466
14220
14240
14254
14259
14313
14381
14402
14422
14584
14606
14342
14349
14492
14607
14667
14891
14959
15007
15008
15008
15042
15104
15087
15134
15211
14607
14627
14665
14867
14874
14877
14886
14914
14641
14819
14853
14871
14882
14885
14927
14925
14927
14927
14941
14904
14907
14942
14978
14991
15014
15032
14992
15035
15084
15161
15162
15015
15108
15167
15172
15182
15206
15216
15230
15263
15270
15219
15220
15229
15274
15276
15279
15227
15300
15302
15305
15312
15314
15328
15349
14945
14949
15009
15034
15055
15053
15064
15041
15071
15097
15110
15130
15133
15134
15178
15221
15327
15363
15365
15366
15435
15378
15386
15388
15403
15411
15442
15443
15446
15448
15450
15451
15453
15456
15460
15466
15478
15480
15525
15389
15402
15492
15536
15536
15552
15591
15538
15574
15582
15649
15539
15553
15656
15721
15583
15606
15645
15653
15699
15755
15760
15803
15818
15603
15611
15612
15614
15643
15766
15795
15801
15687
15688
15695
15727
15732
15763
15846
15846
15792
15848
15812
15858
15846
15864
15871
15878
15882
5985
5987
5999
6015
6044
6031
6040
6060
6082
6091
6126
6138
6144
6333
6360
6428
6459
6478
6519
6537
6612
6627
6822
6876
6921
6692
6723
6802
6818
6873
6891
6928
7012
7073
7085
6120
6137
6134
6182
6385
6421
6470
6181
6541
6554
6610
6710
7101
7143
6872
6899
6973
6974
6985
7060
7126
7134
7171
7192
7203
7262
7270
7308
7340
7390
7351
7400
7407
7407
7422
7437
7506
7509
7570
7594
7599
7604
7768
7801
7802
7828
7552
7594
7656
7677
8112
8766
9052
9123
9329
9581
7419
7442
7477
7506
7525
7560
7565
7583
7652
7657
7675
7679
9738
9779
7622
7749
7786
7853
7869
7920
7927
8054
8131
8260
8146
8268
8331
8395
8415
9805
10008
8421
10144
8475
8525
8623
8652
8672
8702
8943
8984
9024
9080
9297
9326
9411
9618
9123
9261
9392
9576
9713
9781
9838
9849
9882
9978
10089
10159
10454
10677
9984
10260
10492
10136
10164
10589
10683
10731
10851
10870
7850
7857
7871
7877
7884
7941
8023
7914
7931
7941
8025
7944
7945
7970
7986
8100
8119
8263
8353
8416
8364
8413
8496
8509
8515
8539
8544
8550
8619
8595
8659
8665
8719
8714
8727
8839
9551
9603
8800
8915
9142
9298
9575
9757
9818
9889
9203
9246
9258
9312
9798
9830
10069
10186
10273
8741
8747
8848
9092
8918
8962
9103
9134
8993
9468
10280
9883
10370
10432
10527
10871
10911
9061
9082
9182
9367
9682
9722
10051
10123
10217
10330
10362
11007
11047
11098
9267
9301
9397
9653
9841
10126
10187
10275
11124
9731
10003
10804
10974
10035
10151
10340
10435
11136
11198
9409
9428
9443
9467
9599
9608
9952
9987
10028
10078
10514
9882
10019
10039
10654
10666
10988
10689
11038
11047
11216
11216
10375
10464
10774
10781
10809
10845
10913
10918
11054
11152
11127
11219
11236
11201
11242
11254
11261
11281
11286
11314
11320
11329
11341
11356
11407
11420
11424
11432
11469
11537
11455
11460
11473
11548
11581
11609
11612
11616
11629
11631
11633
11640
11643
11665
11744
12154
11816
12025
12318
12335
12526
12540
12952
12574
12748
13093
13049
13167
13676
11650
11663
11673
11662
11667
11687
11691
11693
11695
11760
11701
11704
11713
11721
11767
11748
11751
11777
11789
11790
11783
11800
11836
11839
11863
11864
11872
11875
11891
11993
11943
11947
11996
12002
12031
11998
12044
12055
12059
12060
12075
12101
12062
12083
12127
12135
12115
12136
12198
12274
12160
12160
12245
12276
12294
12321
12340
12369
12375
12385
12416
12484
12535
12548
12623
12631
12676
12737
12803
12988
12988
12706
12771
12806
12845
12875
12912
12916
12984
13064
13093
13132
13172
13208
13233
13398
13406
12218
12243
12274
12288
12338
12359
12360
12372
12403
12407
12475
12502
12542
12422
12444
12466
12484
12546
12554
12578
12608
12705
12796
12622
12863
12866
12883
12949
12999
12699
12713
12744
12775
12784
12805
12865
12897
13008
12427
12779
12897
12874
13013
13141
13160
12943
13033
13175
13091
13190
13195
13197
13221
13279
13408
13415
13285
13420
13390
13421
13425
13430
13446
13472
13496
13533
13529
13573
13585
13599
13662
13668
13260
13268
13280
13306
13366
13463
13497
13534
13760
13800
13322
13365
13478
13671
13720
13723
13735
13736
13767
13770
13830
13771
13807
13824
13828
13828
13840
13842
13861
12648
12704
12739
12767
12784
12911
12975
12796
13065
12997
13017
13068
13078
12800
12925
13109
13114
13226
13306
13407
13687
13690
13862
13863
13875
13083
13119
13168
13168
13192
13222
13248
13268
13288
13293
13328
13358
13416
13429
13431
13447
13465
13476
13478
13624
13770
13797
13866
13886
13890
13901
13903
13907
13919
13928
14025
14029
14004
14010
14046
14047
14061
14066
14083
14093
14105
14123
14128
14147
14170
14173
14173
13588
13820
14029
14018
14214
14234
14181
14181
14254
14262
14312
14318
14485
14472
14548
14558
14577
14612
14695
14826
14909
15133
15182
14369
14386
14390
14407
14414
14468
14518
14687
14770
14898
14652
14926
14929
15227
15206
15212
15233
15235
14739
14766
14786
15076
15230
15270
15371
15281
15383
15410
15416
15440
14236
14283
14288
14311
14347
14352
14376
14426
14462
14346
14351
14441
14456
14511
14476
14514
14513
14592
14713
14738
14767
14537
14556
14566
14630
14572
14598
14624
14634
14651
14776
14883
14917
14962
14713
14732
14736
14761
14793
14822
14828
14839
14839
14861
14894
14899
14969
14975
14879
14904
14921
14951
14995
14997
15016
15017
15027
15089
15103
15216
14921
14954
15016
15019
15036
15052
14964
15075
15176
15226
15231
15235
15313
15319
15368
15269
15544
15278
15551
15608
15645
15398
15401
15413
15418
15429
15434
15434
15451
15462
15472
15662
15678
15524
15532
15628
15596
15690
15650
15734
15783
15790
15791
15805
15823
15825
15833
15835
15838
15913
15531
15535
15577
15667
15711
15565
15574
15580
15680
15691
15735
15748
15816
15607
15637
15687
15774
15778
15808
15828
15833
15840
15848
15860
15874
15886
15908
15909
15913
15914
15917
15919
15942
15952
15957
15925
15927
15928
15930
15931
15941
15944
15946
15946
15948
15953
15959
15966
15977
15952
15957
15963
15965
15968
15970
15970
15971
15978
15978
15985
15986
15990
15996
arquivo ordenado pelo algoritmo quicksort tempo da ordenação = 0 nanosegundos

