2
4
7
15
3
4
40
46
49
50
53
11
18
38
67
73
76
81
97
84
114
12
13
26
16
23
31
48
66
80
88
120
123
18
23
24
24
26
31
42
50
54
81
56
65
74
87
63
88
130
94
102
124
130
135
136
68
70
79
73
79
83
97
106
119
122
126
134
150
184
214
214
139
139
140
146
147
170
175
169
172
178
183
188
224
225
181
229
229
238
239
102
102
104
109
110
111
121
127
132
132
133
134
139
145
145
156
151
160
172
175
157
161
195
195
211
213
216
216
233
234
238
235
235
237
240
243
248
248
249
251
258
260
254
259
262
265
270
258
270
271
262
266
272
274
274
274
276
277
280
284
285
300
309
389
310
332
373
399
430
467
496
509
533
546
286
287
290
292
303
309
310
355
357
444
509
556
292
299
304
426
432
500
558
562
564
306
343
438
327
438
500
501
505
545
577
590
595
614
620
631
640
312
314
318
321
323
325
327
346
355
361
368
375
429
442
466
484
500
374
510
511
517
526
391
424
545
555
429
432
434
448
483
558
450
470
480
496
516
538
584
590
604
618
632
326
328
328
330
335
338
343
345
344
374
388
379
398
395
404
395
411
346
348
356
389
367
395
412
414
415
420
426
427
413
421
427
428
430
440
440
444
445
446
478
485
497
497
499
505
507
523
531
534
575
584
593
611
619
632
654
675
681
694
712
725
741
633
634
641
646
647
651
666
655
704
777
671
672
684
702
747
758
768
800
806
816
823
687
707
709
711
716
717
728
722
761
775
723
765
767
773
776
789
824
836
838
446
455
471
478
479
482
487
488
490
490
490
494
524
512
536
538
548
526
546
555
576
570
595
616
619
583
633
648
697
702
708
598
601
601
645
656
665
722
750
688
728
750
729
733
731
734
758
767
768
769
770
770
684
690
736
792
808
814
814
820
848
858
818
823
871
839
840
841
851
854
854
843
857
860
864
864
875
879
885
889
884
890
890
891
892
895
894
895
897
899
900
922
901
901
907
911
915
917
919
919
926
926
930
930
931
939
951
952
952
935
936
955
956
962
968
971
972
984
993
1001
1009
957
972
986
1020
1024
1007
1025
1026
1026
1055
1028
1034
1036
1062
1064
1067
1068
1074
1079
1092
1107
953
953
962
969
970
975
1000
1004
974
978
1014
1016
999
1016
1020
1031
1035
1040
1042
1043
1052
1057
1070
1078
1079
1107
1120
1123
1127
1108
1124
1139
1140
1147
1130
1133
1149
1150
1151
1151
1153
1155
1161
1161
1161
1163
1006
1090
1176
1179
1169
1169
1171
1187
1190
1233
1176
1198
1211
1252
1265
1289
1176
1177
1180
1186
1191
1194
1198
1202
1202
1218
1225
1233
1342
1358
1202
1218
1225
1216
1228
1232
1328
1334
1364
1370
1374
1405
1418
1420
1427
1430
1235
1242
1246
1266
1261
1263
1290
1292
1306
1269
1278
1287
1298
1312
1337
1282
1288
1298
1303
1321
1331
1329
1339
1353
1367
1368
1373
1374
1379
1380
1391
1384
1389
1394
1402
1410
1417
1423
1424
1427
1440
1440
1447
1448
1305
1313
1329
1335
1335
1345
1349
1359
1368
1388
1436
1438
1449
1454
1455
1381
1386
1397
1410
1454
1455
1480
1443
1450
1456
1474
1452
1456
1466
1468
1483
1487
1489
1490
1501
1501
1504
1508
1509
1510
1515
1518
1515
1520
1521
1530
1530
1540
1537
1544
1541
1548
1548
1548
1549
1548
1550
1556
1559
1560
1560
1561
1569
1569
1569
1574
1576
1577
1585
1588
1589
1592
1593
1602
1610
1621
1589
1599
1625
1625
1629
1629
1630
1637
1638
1642
1649
1637
1653
1659
1651
1652
1661
1664
1562
1576
1616
1623
1630
1661
1666
1674
1678
1675
1685
1693
1698
1697
1700
1700
1707
1717
1718
1719
1724
1722
1723
1725
1730
1725
1762
1781
1795
1809
1835
1862
1836
1892
1951
1815
1815
1823
1827
1829
1824
1827
1829
1836
1839
1844
1848
1853
1856
1862
1872
1873
1875
1883
1901
1928
1885
1940
1944
1954
1971
2010
1966
1966
1967
1975
1970
1996
2001
1999
2002
2020
2003
2008
2016
2021
2022
2027
2032
2050
2054
2055
2044
2072
2080
2139
2124
2141
2181
2194
2212
2246
2284
2542
1731
1751
1753
1774
1754
1780
1784
1759
1786
1794
1801
1809
1799
1815
1825
1828
1830
1838
1840
1840
1843
1853
1877
1898
1875
1900
1905
1909
1965
1966
1979
1988
1991
1995
2009
2014
2028
2026
2052
2057
2106
2107
2127
2131
2163
2166
2178
2189
2267
2217
2239
2241
2253
2314
2340
2399
2452
2530
2470
2491
2496
2527
2531
2626
2701
2721
2785
2795
2871
2885
2908
2977
3005
2942
2960
3063
2545
2599
2631
2652
2662
2662
2676
2725
2761
2823
2828
2903
2934
2958
3018
3068
3076
3076
3083
3104
3127
3135
3140
683
687
690
697
703
705
705
707
709
731
737
738
745
750
753
762
763
815
816
821
825
830
839
823
840
841
844
876
1000
875
1051
878
915
938
1051
1074
1125
1123
1234
1314
1341
1052
1061
1337
1440
1456
1461
1528
1539
1586
1594
988
1013
1078
1173
1238
1452
1211
1533
1538
1561
1253
1266
1655
1667
1686
1284
1286
1313
1414
1439
1451
1475
1516
1554
1591
1615
1646
1662
1720
1730
1818
1832
1833
1851
1867
1868
1885
1900
1902
755
756
764
779
820
830
848
898
901
902
923
940
958
964
988
992
1003
1051
1028
1052
1097
1105
1148
1213
1443
1242
1588
1397
1600
1710
1003
1016
1073
1078
1152
1167
1221
1229
1236
1256
1247
1265
1351
1538
1643
1645
1725
1729
1739
1780
1365
1434
1481
1487
1510
1803
1854
1850
1859
1861
1888
1920
1873
1907
1929
1893
1903
1931
1939
1939
1940
1941
1945
1948
1950
1957
1965
1970
1975
1984
935
981
983
1024
1083
1098
1135
1376
1593
2015
1702
1853
1881
1939
1941
1941
1991
2032
2032
2044
2008
2077
2107
2156
2174
2176
2257
2308
1184
1202
1366
1381
1395
1443
1397
1425
1438
1522
1545
1557
1972
1975
1989
1999
2018
2094
2294
1596
1749
1783
1807
1926
1927
1955
2020
2029
1774
1786
2312
2323
2378
2386
2467
1840
1854
1906
2395
2469
2470
2471
2479
2546
2548
2597
2599
2674
2678
2689
2709
2729
2743
2776
2778
2826
2852
2875
2708
2880
2894
2905
2943
2961
2983
2997
2990
3048
3059
3062
3071
3151
3134
3143
3255
3304
3332
3347
3429
3436
3454
3382
3400
3424
3459
3535
3622
3676
3521
3698
3522
3551
3679
3721
3732
3617
3637
3705
3758
3776
3812
3784
3802
3827
3837
3811
3822
3830
3852
3835
3862
3863
3910
3959
3972
3984
3991
4052
4053
2037
2058
2068
2084
2088
2104
2136
2193
2118
2140
2148
2168
2202
2215
2219
2230
2246
2254
2260
2277
2283
2284
2287
2296
2315
2351
2296
2304
2325
2326
2335
2383
2431
2486
2359
2375
2387
2487
2502
2504
2612
2508
2629
2683
2900
3112
2781
2805
3057
3183
3257
2567
2581
2591
2612
2629
2630
2643
2674
2714
2715
2770
2736
2752
2757
2759
2772
2810
2818
2868
2881
2898
2819
2911
3011
3143
3152
3233
3275
2968
2977
3014
3018
3022
3082
3105
3111
3136
3331
3242
3337
3372
3468
3446
3475
3527
3546
3562
3569
3584
3548
3605
3614
3644
3649
3555
3661
3664
3671
3689
3711
3712
3746
3751
3770
3786
3796
3818
3778
3839
3853
3860
3865
3989
3879
3912
4125
3916
4118
4151
4306
3800
3819
3828
3876
3890
3910
3983
4030
4072
4122
4130
4363
4412
4242
4322
4338
4440
4450
4458
4460
4059
4060
4148
4161
4219
4359
4468
4291
4313
4478
4486
4509
4524
4535
4535
4086
4087
4304
4379
4215
4321
4327
4458
4467
4493
4545
4584
4647
4657
2913
2932
2947
2955
3148
3166
3000
3025
3044
3142
3148
3149
3174
3179
3190
3196
3201
3221
3225
3248
3249
3255
3262
3266
3268
3383
3453
3457
3493
3278
3301
3309
3310
3340
3345
3371
3373
3484
3519
3552
3523
3565
3569
3588
3347
3377
3384
3458
3466
3473
3480
3512
3557
3595
3625
3603
3653
3669
3675
3679
3715
3721
3730
3759
3747
3765
3748
3774
3784
3916
3800
3803
3804
3836
3817
3845
3862
3869
3891
3912
3933
3971
4014
3980
4032
4056
4035
4106
4171
4173
4180
4183
3857
3876
3877
3877
3901
3902
3903
3907
3947
3937
3987
4002
4034
4060
4064
4078
4139
4147
4148
4184
4187
4201
3962
4052
4122
4176
4185
4203
4218
4106
4230
4311
4322
4347
4354
4400
4426
4228
4231
4244
4258
4268
4271
4274
4280
4283
4285
4312
4328
4398
4420
4434
4435
4206
4252
4286
4297
4325
4348
4372
4442
4446
4448
4465
4468
4470
4472
4501
4518
4519
4521
4542
4580
4585
4586
4587
4586
4596
4603
4628
4629
4489
4494
4506
4507
4509
4640
4667
4544
4690
4715
4718
4722
4736
4561
4621
4659
4681
4669
4674
4682
4688
4700
4696
4699
4712
4721
4739
4721
4722
4723
4726
4737
4756
4758
4760
4763
4765
4768
4772
4777
4778
4784
2059
2059
2065
2068
2069
2074
2075
2075
2085
2087
2089
2102
2089
2091
2092
2098
2104
2106
2125
2107
2118
2119
2129
2141
2157
2203
2225
2234
2108
2112
2132
2135
2139
2142
2161
2195
2196
2129
2136
2140
2151
2167
2177
2184
2160
2193
2196
2198
2201
2230
2235
2238
2244
2246
2257
2260
2261
2261
2208
2217
2250
2344
2266
2293
2311
2382
2387
2269
2280
2274
2284
2285
2286
2287
2292
2301
2332
2314
2360
2394
2399
2400
2400
2301
2309
2317
2338
2341
2342
2351
2363
2367
2348
2379
2384
2389
2400
2401
2408
2405
2408
2406
2406
2414
2408
2408
2601
2419
2442
2451
2451
2420
2433
2470
2485
2426
2448
2511
2446
2451
2496
2534
2544
2549
2565
2627
2642
2454
2460
2474
2485
2518
2545
2631
2544
2635
2648
2658
2663
2452
2460
2466
2470
2470
2502
2481
2491
2545
2529
2534
2564
2602
2608
2616
2650
2653
2658
2670
2727
2619
2664
2675
2678
2699
2703
2718
2726
2731
2609
2674
2712
2732
2736
2742
2747
2770
2750
2751
2769
2755
2756
2760
2783
2784
2785
2786
2787
2790
2775
2779
2797
2804
2783
2791
2801
2807
2811
2817
2823
2829
2817
2834
2855
2858
2831
2831
2832
2831
2847
2858
2860
2861
2862
2864
2868
2883
2883
2888
2889
2893
2897
2897
2571
2727
2860
2877
2920
2925
2938
2943
2945
2968
2971
2575
2874
2901
2901
2816
2904
2937
2958
2959
2977
2978
2986
3007
3012
3032
3048
3060
3081
2902
2916
2921
2929
2945
2954
3001
3024
2938
2975
2986
2991
3023
3036
3069
3085
2928
2976
2977
2993
3056
3094
3098
3112
3122
3123
3149
3150
3010
3056
3094
3101
3111
3216
3172
3191
3221
3230
3236
3237
3238
3248
3251
3165
3165
3187
3182
3183
3199
3202
3231
3185
3188
3241
3194
3199
3242
3255
3256
3263
3011
3058
3037
3083
3174
3108
3186
3252
3272
3277
3281
3152
3236
3259
3284
3286
3288
3288
3293
3300
3301
3305
3339
3353
3360
3367
3298
3315
3318
3325
3327
3329
3330
3334
3338
3345
3351
3363
3364
3379
3382
3383
3399
3401
3404
3414
3419
3425
3428
3432
3434
3443
3435
3437
3463
3440
3441
3449
3463
3470
3470
3473
3474
3522
3537
3544
3548
3551
3565
3598
3576
3593
3607
3615
3617
3617
3620
3634
3636
3635
3698
3491
3492
3493
3521
3537
3539
3556
3557
3558
3569
3581
3602
3626
3636
3643
3656
3662
3670
3678
3682
3688
3701
3704
3701
3706
3706
3706
3724
3736
3738
3742
3753
3757
3764
3769
3771
3780
3790
3804
3780
3786
3798
3802
3814
3803
3816
3829
3817
3821
3824
3830
3842
3851
3841
3850
3865
3865
3868
3870
3885
3890
3895
3870
3899
3909
3924
3927
3930
3918
3920
3937
3958
3949
3953
3953
3958
3959
3959
3968
3968
3974
3975
3976
3978
3980
3986
3988
3992
3992
4012
3994
3998
4006
4033
4044
4143
4034
4035
4035
4037
4038
4040
4043
4051
4062
4045
4057
4068
4050
4062
4068
4073
4078
4090
4091
4092
4093
4113
4114
4128
4117
4134
4135
4144
4146
4152
4169
4175
4178
4269
4504
4548
4155
4162
4176
4361
4176
4178
4799
4817
4819
4827
4830
4832
4850
4857
4874
4873
4879
4939
4882
4883
4892
4914
4954
4960
4966
4968
4970
4981
4959
4986
5000
5007
5022
5043
5056
5094
5016
5028
5079
5080
5089
5099
5155
5127
5154
5174
5202
5203
5229
5281
5209
5233
5247
5258
5269
5284
5287
5381
5398
5409
5410
5412
5421
5447
5237
5241
5282
5291
5309
5313
5322
5366
5347
5400
5452
5358
5505
5507
5486
5522
5540
5565
5565
5566
5567
5576
5045
5048
5082
5083
5091
5102
5115
5141
5155
5158
5175
5188
5215
5222
5253
5284
5308
5327
5329
5389
5425
5432
5434
5506
5526
5284
5296
5305
5307
5350
5356
5475
5477
5392
5427
5530
5592
5571
5579
5587
5596
5612
5614
5622
5630
5632
5639
5661
5649
5655
5663
5667
5679
4842
4876
4897
4983
4842
5004
5156
5064
5123
5156
5175
5186
5195
5202
5204
5209
5273
5302
5364
5399
5433
5685
5698
5349
5423
5474
5516
5586
5358
5546
5697
5700
5702
5708
5716
5725
5727
5731
5732
5760
5743
5823
5858
5859
5901
5942
5964
5990
6000
6001
6007
6024
6028
5774
5787
5787
5790
5792
5798
5815
5820
5828
5829
5830
5837
5847
5936
6004
6023
6027
5950
5975
6039
6051
6100
6063
6074
6111
6079
6086
6114
6118
6146
6136
6148
6161
6183
6183
6185
6202
6205
6211
6215
6229
6239
6228
6240
6256
6264
6307
6309
6312
6326
6333
6356
6359
6363
6386
6388
6397
6398
6407
6409
6416
6416
6417
6418
6421
6439
6443
6453
6481
6483
6492
5831
5841
5887
5913
5871
5901
5917
5981
5918
5994
5998
6026
6014
6173
6196
6234
6257
6385
6432
6454
6285
6351
6391
6497
6503
6507
6514
6520
6522
6524
6534
6547
6548
6561
6538
6544
6571
6572
6579
6600
6601
6613
6576
6577
6579
6594
6613
6619
6595
6603
6608
6621
6625
6635
6638
6644
6677
6682
6648
6663
6665
6724
6775
6874
6879
6969
6943
7005
7014
6686
6690
6697
6709
6716
6720
6740
6724
6736
6743
6754
6756
6760
6761
6762
6770
6784
6787
6788
6793
6796
6798
6783
6801
6803
6819
6812
6820
6853
6855
6869
6869
6885
6934
6901
6902
6904
6948
6965
6951
6962
7006
7008
7017
7022
7109
7213
7228
7241
7279
7299
7313
7320
7412
7437
7446
7500
7534
7547
7602
7523
7558
7609
7744
7794
7831
7852
7858
7021
7036
7054
7089
7147
7240
7157
7226
7257
7281
7290
7346
7374
7331
7378
7380
7402
7431
7643
7405
7417
7518
7565
7779
7866
7683
7879
8027
8112
8126
8297
8630
8684
8733
8908
7441
7473
7651
7683
7530
7547
7607
7714
7769
7800
7812
7877
7887
7904
7929
8116
8164
8224
8251
8283
8485
8523
8547
8638
8671
8680
8698
8706
8750
8777
8927
8967
8711
8852
8983
8993
9019
7937
7945
7963
7980
7993
8000
8022
8109
8126
8009
8070
8139
8238
8245
8251
8258
8259
8279
8299
8304
8439
8331
8341
8342
8354
8357
8376
8397
8415
8410
8434
8470
8490
8566
8573
8574
8644
8591
8665
8714
8731
8732
8789
8820
8724
8750
8756
8784
8807
8829
8833
8836
8843
8873
8878
8899
8914
8946
8950
8990
8997
9019
9021
8995
9002
9008
9021
9062
9133
9187
9427
9474
9469
9567
9623
9750
9606
9648
9731
9835
9843
9878
9888
9929
9954
9960
9973
9974
10079
10126
10279
10336
10602
10612
9075
9080
9099
9106
9158
9164
9171
9244
9285
9181
9218
9296
9314
9332
9297
9338
9339
9340
9362
9356
9364
9365
9372
9477
9377
9384
9407
9426
9427
9466
9501
9418
9421
9479
9512
9514
9520
9522
9525
9544
9627
9666
9811
9591
9648
9896
10094
10193
10294
10215
10267
10492
10506
9526
9570
9570
9599
9622
9625
9719
9724
9646
9947
9976
9725
9993
10008
9786
9799
10065
10084
10163
10165
10266
10328
10557
10602
10616
10199
10304
10263
10307
10266
10345
10350
10350
10400
10449
10453
10536
10553
10686
10621
10628
10732
10632
10692
10693
10710
10741
10771
10716
10747
10784
10796
10836
10844
10860
10628
10705
10772
10846
10882
10885
10927
10947
10963
10994
10872
10881
11158
10937
11043
11052
11293
11192
11331
11443
11435
11512
11500
11550
11602
11666
11623
11640
11672
11677
11691
11781
11058
11063
11072
11138
11157
11169
11180
11185
11242
11279
11343
11312
11348
11370
11211
11379
11381
11563
11684
11389
11437
11634
11701
11757
11770
11282
11319
11641
11680
11737
11774
11789
11797
11798
11803
11807
11808
11836
11840
11877
11900
11902
11931
11941
11946
11947
11978
11980
11982
11416
11596
11630
11643
11751
11810
11831
11983
11984
12016
12020
12026
12042
12049
12049
12041
12058
12061
12061
12068
12071
12083
12088
12100
12102
12107
12111
12131
12134
12135
12137
12182
12229
12120
12267
12291
12306
12331
12335
12343
12348
12141
12174
12216
12248
12253
12332
12337
12344
12387
12390
12397
12427
12435
12487
12490
12503
12536
12539
6845
6846
6879
6859
6866
6886
6883
6913
6924
6958
6925
6946
6969
6970
6978
6999
6999
6982
7006
7031
7047
7067
7095
7149
7157
7203
7208
7241
7300
7496
7501
7429
7665
7770
7793
7845
7943
8016
8060
8116
8144
7210
7280
7293
7296
7296
7297
7371
7424
7428
7467
7487
7497
7507
7533
7547
7560
7572
7602
7616
7606
7692
7742
7780
7789
7791
7839
7877
7917
7922
7970
8026
8075
8086
7878
7923
7991
7993
8116
8008
8257
8023
8088
8234
8304
8373
8374
8338
8354
8380
8412
8387
8460
8463
7023
7043
7078
7110
7082
7197
7419
7215
7316
7333
7446
7518
7528
7532
7551
7607
7642
7644
7679
7769
7741
7916
7943
7646
7964
8074
8132
8024
8056
8181
8197
8254
8228
8240
8268
8366
8282
8417
8470
8484
8492
8503
8519
8522
8544
8563
8815
8842
8706
9001
8892
8902
8911
9037
9056
9057
9092
9119
8970
8990
9032
9126
9228
9323
9160
9401
9404
9468
9477
9484
9498
9509
9576
9588
9600
9619
9637
9691
9703
9715
9753
8548
8565
8624
8626
8649
8664
8666
8667
8668
8691
8711
8726
8746
8794
8674
8681
8701
8731
8782
8832
8886
8974
9137
9151
9208
9270
9334
9354
9480
9348
9531
9620
9572
9590
9718
9822
9828
9831
9660
9778
9816
9916
9957
9958
9970
9978
10040
10045
9992
10029
10067
10068
10084
10092
10120
10188
10154
10201
10286
10298
10444
10463
10513
10556
10624
10709
10373
10525
10529
10596
10668
10727
10729
10342
10491
10533
10561
10564
10703
10741
10817
10820
10825
10836
10846
10852
10926
10964
10981
11023
11025
11038
11059
11103
11168
11197
11281
11323
11419
11072
11199
11105
11132
11175
11240
11258
11266
11183
11282
11360
11400
11453
11469
11486
11508
11472
11507
11582
11559
11579
11605
11668
11696
11699
11699
11838
11861
11865
11893
11924
11927
11931
11997
11942
11998
12070
12073
12036
12129
12166
12216
8844
8867
8915
8997
9011
8966
8987
9021
9150
9158
9172
9172
9267
9285
9021
9495
9435
9646
9652
9838
9878
9880
10017
10069
10091
10395
10314
10341
10454
10651
10665
10693
10695
10713
10763
9438
9469
9579
9600
9689
9711
10093
9797
9839
9938
9975
10139
10005
10165
10198
10238
10291
10404
10508
10339
10649
10414
10704
10739
10750
10753
10807
10815
10835
11115
11060
11336
11354
11407
10913
10971
10944
11199
11354
11412
11415
11053
11080
11431
11460
11472
11529
11675
11676
9307
9348
9732
9769
9784
9817
9901
9939
10123
10164
10220
10305
10186
10346
10374
10555
10565
10633
10652
10740
10789
10866
10909
10925
10948
11086
10924
10968
10992
11139
11241
11302
11318
11336
11340
11614
11634
11714
11788
11938
12015
12091
11731
11756
11785
11767
11790
11845
11914
11937
11990
12031
12082
12126
12165
12220
12222
12227
12225
12236
12252
12277
12245
12252
12253
12270
12357
12382
12269
12275
12281
12366
12398
12425
12432
12347
12456
12484
12522
12534
12543
12545
12579
12571
12575
12583
12593
12599
12607
12451
12480
12503
12536
12574
12578
12589
12570
12594
12618
12628
12643
12682
12692
12697
12720
12724
12731
12742
12752
12737
12746
12756
12763
12766
12770
12779
12784
12504
12515
12591
12646
12695
12718
12764
12782
12782
12788
12789
12794
12802
12803
12807
12811
12812
12820
12820
12824
12828
12834
12836
12836
12845
12851
12855
3034
3082
3084
3085
3089
3108
3124
3131
3203
3205
3145
3167
3217
3252
3254
3257
3264
3276
3281
3290
3292
3294
3299
3303
3309
3341
3320
3327
3371
3371
3665
4281
3378
3379
3390
3392
3392
3403
3403
3413
3413
3432
3454
3623
3672
4034
4072
4226
3503
3670
3818
3613
3684
4144
4242
3474
3582
3585
3626
3632
4040
4179
4532
4689
4752
4817
3502
3528
3662
3686
3728
3733
3689
3983
4152
4161
4305
4171
4295
4901
5083
3655
3786
4541
4744
4833
4837
4913
4940
4980
5000
5020
5033
5041
5059
5079
5091
5088
5104
5119
5121
3698
3701
3756
3759
3784
3804
3813
3844
3936
3851
3926
4143
4151
4166
4203
4243
4247
4257
4162
4266
4386
4521
4549
4588
4596
4636
4651
4695
4705
4747
4786
4863
4896
5020
4873
5061
4798
4813
4938
4851
5030
4874
4896
5033
5090
5043
5127
5128
5134
5222
5231
5143
5213
5222
5229
5238
5239
5249
5254
3990
4054
3997
4087
4259
4727
4298
4738
4741
4744
4829
4878
4923
4942
4966
4989
5017
5079
5131
5125
5140
5225
5228
5265
5451
5310
5313
5326
5351
5371
5377
5388
5394
5404
5405
5407
5408
5419
5423
5431
5431
5446
5454
5457
5460
5463
5471
5474
5482
5533
5540
5488
5491
5493
5502
5505
5529
5530
5572
5537
5614
5645
5657
5540
5617
5623
5644
5653
5660
5727
5819
5911
5691
5761
5785
5820
5832
5775
5783
5938
5868
5918
5948
5557
5605
5611
5628
5668
5635
5663
5717
5691
5736
5740
5763
5803
5816
5845
5962
5974
5992
5884
5894
5941
5953
5977
5985
6004
6087
6096
6244
6291
6254
6385
6310
6422
6424
6541
6671
6727
6831
6841
6013
6035
6054
6075
6084
6090
6092
6123
6132
6141
6157
6165
6173
6178
6181
6200
6227
6213
6248
6296
6257
6306
6274
6328
6636
6333
6651
6739
6260
6326
6370
6403
6490
6515
6548
6557
6747
6767
6923
6965
6975
6851
6860
6932
6957
7011
7029
7042
7045
6320
6322
6324
6336
6355
6360
6373
6671
6392
6398
6419
6432
6472
6707
6555
6768
6861
6753
6793
6875
6859
6935
6864
6942
6989
7016
7201
6366
6415
6460
6659
6575
6598
6683
6741
6650
6723
6714
6742
6760
6816
6762
6863
6926
6981
7041
7087
7089
7110
7200
7229
7196
7243
7263
7279
6429
6610
6930
6756
7139
7242
7345
7382
6716
6833
6964
7193
7319
7396
7406
7311
7331
7361
7429
7488
7439
7514
7542
7547
7551
7597
7663
7791
7849
7934
8199
7952
8212
7560
7582
7586
7659
7986
7992
7590
7591
7638
7675
7758
7776
8262
8126
8369
8372
8442
8455
8518
8516
8552
8564
8582
7610
7691
7755
7648
7729
7756
7797
7849
7860
7866
7921
7928
7996
8006
8112
8314
8387
8459
8476
8671
8461
8467
8570
8672
8734
8824
8684
8736
8768
8698
8755
8788
8813
8885
8906
8923
8989
8999
9010
7065
7080
7090
7153
7261
7278
7287
7144
7164
7171
7208
7329
7385
7269
7299
7384
7434
7388
7438
7459
7459
7517
7531
7573
7576
8313
8534
8613
7595
7953
7889
8248
8822
8377
8440
8766
8890
7452
7603
7708
7776
7609
7617
7820
7832
7918
8170
8254
8294
8410
8490
8637
8899
9063
9233
9458
8406
8622
8594
9059
9061
9092
8865
8879
9129
9180
9222
9227
9236
9434
9437
9439
9699
9469
9679
9727
9528
9641
9661
9664
9740
9497
9548
9617
9708
9715
9788
9892
9928
9929
9937
9958
10072
10077
9790
9802
9873
9953
9909
10042
10063
9958
10077
10085
10111
10117
9838
9964
10144
10144
10205
10229
10240
10249
10288
10308
10363
10111
10176
10160
10272
10213
10295
10340
10344
10369
10373
10436
10451
10452
10454
7773
7778
7784
7809
7820
7822
7881
7891
7907
7882
7885
7968
7973
8010
8017
8023
8040
8093
8098
8162
8171
8195
8231
8352
8404
8148
8370
8411
8430
8462
8421
8554
8570
8433
8473
8480
8581
8484
8605
8622
8558
8608
8728
8736
8828
8847
8938
8649
8666
8668
8722
8756
8797
8800
8801
8871
8964
8996
9033
9034
9046
9128
9180
9201
9203
9241
9378
9539
9569
9039
9088
9056
9177
9313
9529
9581
9649
9676
9181
9358
9237
9402
9263
9521
9597
9629
9642
9690
9709
9721
9757
9952
10067
9771
9844
9867
10014
9871
9875
9878
9901
9902
10021
9904
10025
10012
10056
10072
10103
10136
10181
9939
9953
9962
10009
10059
10062
10121
10223
10347
10629
10245
10349
10404
10468
10500
10572
10602
10603
10607
10609
10630
10707
10417
10473
10491
10538
10546
10555
10572
10637
10638
10656
10672
10684
10693
10715
10716
10720
10720
10721
10741
10754
10757
10765
10801
10888
10767
10839
10772
10832
10846
10862
10864
10933
10936
10949
10883
10982
10965
10984
10994
11000
11022
11042
11107
11148
11224
11501
11506
11526
12095
11465
11511
11586
11698
11748
11953
12087
12131
11043
11076
11118
11184
11191
11220
11273
11276
11286
11293
11297
11321
11347
11397
11419
11450
11598
11606
11687
11744
11763
11764
11985
12046
12067
11433
11471
11470
11545
11579
11654
11670
12000
11650
12050
12137
12142
12170
12205
12185
12339
12262
12382
12386
12387
11327
11523
11601
11751
11882
11929
11960
12136
12420
12460
12475
12517
11730
11796
12227
12251
12296
12452
12598
12615
12620
12717
12748
12555
12591
12597
12610
12634
12681
12681
12693
12695
12700
12749
12779
12788
12798
12802
12804
12843
12883
11814
11825
11841
11876
11967
11979
11991
12240
12013
12146
12217
12028
12253
12396
12492
12605
12662
12718
12175
12727
12733
12754
12885
12894
12927
12943
12973
12986
12999
13005
13011
12980
13036
13044
13067
13091
13110
13129
13156
13145
13169
13181
13210
13227
13171
13171
13226
13249
13259
13261
13268
13268
13269
13272
13273
13287
13313
11198
11359
11632
11787
12071
12087
12425
12520
12523
12593
12639
12717
12743
12861
12869
12868
12953
12998
13013
13321
13321
13362
13371
13402
13416
13419
13327
13376
13434
13445
13468
13544
13419
13491
13494
13547
13530
13532
13534
13535
13607
13665
13699
13702
13719
13766
13788
13841
13847
13855
13884
13921
13961
13897
13973
14029
14062
14084
14143
14266
14136
14175
14187
14162
14198
14202
14209
14219
14230
14235
14247
14260
14270
14299
14387
14396
14419
14429
14464
14478
13509
13536
13616
13738
13758
13649
13720
13768
13692
13741
13775
13780
13800
13834
13878
13888
13895
13913
13957
14000
14020
14039
14059
14086
14094
14111
14167
14206
14267
14273
13660
13709
13973
14041
14056
14165
14195
14207
14262
14296
14303
14338
14369
14372
14373
14386
14391
14438
14439
14501
14509
14531
14532
14558
14564
14569
14582
14582
14598
14607
8677
8823
8862
8910
9038
8929
9058
9096
9101
9257
9313
9411
9575
9614
9794
10312
10341
9737
9853
9937
10132
10220
10265
10312
10319
10527
10722
10744
10441
10654
10911
10923
10987
11085
11163
11196
11252
11303
11342
11365
11365
11314
11467
11481
11504
11575
11515
11607
11762
11794
11851
12067
12078
12130
12180
12143
12201
12202
12265
12414
12638
12784
12902
12927
13045
13160
13083
13185
13319
13324
12210
12272
12309
12568
12716
12981
13221
12793
12858
12936
12956
12962
13074
13102
13124
13141
13226
13252
13296
13336
13366
13422
13426
13449
13470
13472
13503
13537
13554
13561
13652
13673
13684
13713
13567
13753
12204
12409
12583
12857
12864
12892
12899
12903
12931
12941
12969
12922
12945
12947
12953
12955
12964
12971
12975
12975
12983
13002
13004
13011
13022
13025
13035
13048
13053
13103
13110
13130
13109
13120
13154
13163
13192
13205
13215
13226
12876
12883
12948
12963
12980
12984
13017
12926
12943
13121
13138
13167
12959
13067
13103
13104
13233
13239
13239
13246
13253
13264
13279
13268
13281
13288
13301
13315
13330
13335
13338
13346
13348
13369
13379
13408
13377
13416
13420
13314
13321
13324
13426
13427
13429
13437
13576
13462
13580
13603
13605
13612
13559
13574
13590
13716
13747
13440
13440
13451
13464
13468
13478
13529
13537
13627
13653
13734
13789
13789
13791
13794
13798
13886
13933
14006
14281
14311
14396
14486
14585
14647
14180
14548
14319
14752
14791
14812
14831
14804
14830
14862
14863
14885
14896
14898
14902
14905
14909
14960
14981
13802
13804
13811
13813
13827
13924
14074
14076
14144
13834
13866
13878
13885
13891
13900
13906
13909
13912
13913
13940
13949
14078
14159
14161
14200
14205
14208
14236
13959
14034
14088
14095
14117
14157
14184
14190
14260
14297
14251
14276
14303
14304
14321
14470
14638
14710
14344
14361
14398
14417
14430
14442
14479
14493
14498
14505
14521
14570
14583
14611
14402
14463
14489
14506
14513
14636
14656
14669
14676
14691
14717
14718
14751
14534
14680
14745
14762
14767
14781
14786
14786
14788
14801
14844
14792
14813
14820
14800
14834
14863
14869
14893
14916
14919
14920
14935
14954
14970
14568
14610
14617
14628
14665
14677
14682
14708
14718
14731
14751
14781
14791
14807
14816
14741
14749
14761
14797
14818
14823
14831
14833
14860
14900
14911
14873
14902
14914
14923
14925
14927
14930
14932
14913
14920
14946
14950
14953
14964
14977
14997
14998
15006
13467
13468
13469
13506
13473
13513
13514
13523
13526
13535
13583
13585
13589
13612
13614
13636
13643
13659
13675
13686
13693
13709
13739
13741
13751
13760
13772
13766
13807
13811
13869
13824
13835
13846
13871
13786
13791
13813
13885
13887
13888
13922
13931
14244
14399
14432
13940
14006
14017
14052
14080
14102
14121
14123
14194
14243
14264
14256
14285
14358
14539
14627
14656
14299
14331
14449
14472
14651
14683
13971
13983
14028
14015
14035
14061
13989
14078
14064
14086
14091
14224
14246
14145
14171
14192
14193
14267
14314
14399
14406
14218
14455
14472
14474
14693
14706
14743
14357
14430
14463
14470
14520
14523
14602
14654
14839
14911
14995
15183
15196
15209
15231
15276
15303
15349
14723
14728
14963
15037
15091
15254
15318
15321
15330
14752
14994
14789
15007
15154
15195
15238
15235
15260
15349
15353
14583
14622
14645
14643
14652
14717
14718
14740
14768
14813
14823
14878
14883
14990
15026
14763
14768
14787
15031
15036
15042
15039
15049
15063
15064
15073
15076
15014
15025
15048
15079
15080
15083
15085
15087
15097
15115
15122
15137
15122
15123
15125
15125
15135
15147
15158
15161
15127
15148
15172
15191
15176
15177
15186
15216
15225
15159
15179
15185
15197
15221
15221
15221
15233
15241
15271
15224
15225
15231
15232
15238
15250
15265
15264
15266
15271
15272
15276
15279
15284
15065
15119
15138
15139
15290
15292
15301
15309
15310
15316
15316
15319
15319
15320
15324
15324
15334
15335
15301
15326
15315
15328
15336
15340
15348
15348
15355
15360
15405
15413
15414
15444
15447
15364
15380
15387
15401
15367
15368
15376
15390
15404
15405
15410
15414
15423
15409
15410
15421
15422
15436
15436
15440
15432
15437
15440
15454
15455
15458
15459
15462
15469
15469
15469
15475
15481
15481
15482
15483
15483
15484
15492
15486
15496
15501
15501
15505
15506
4180
4193
4193
4199
4211
4218
4230
4240
4254
4242
4268
4275
4293
4296
4306
4307
4310
4244
4257
4274
4261
4265
4280
4357
4367
4371
4373
4373
4377
4430
4396
4438
4423
4434
4437
4467
4473
4481
4493
4501
4513
4319
4324
4348
4355
4359
4370
4371
4375
4378
4395
4399
4406
4444
4421
4445
4446
4451
4503
4470
4485
4510
4512
4514
4516
4521
4522
4522
4534
4326
4375
4421
4488
4537
4541
4564
4568
4576
4584
4592
4596
4597
4600
4602
4611
4626
4628
4634
4658
4664
4656
4673
4649
4667
4686
4694
4694
4552
4554
4558
4567
4584
4591
4631
4642
4662
4705
4706
4708
4709
4717
4724
4725
4726
4740
4758
4764
4767
4779
4781
4804
4813
4818
4813
4821
4769
4772
4788
4789
4805
4809
4910
5004
5026
4829
4836
4837
4841
4851
4856
4875
4882
4883
4891
4927
4930
4933
4864
4901
4913
4918
4933
4936
4941
4948
4953
4959
4971
4974
4978
4981
4987
4987
4998
4999
5008
5013
5014
5016
5025
5026
5027
5052
5057
5067
5089
5104
5106
5108
5109
5114
5132
5144
5150
5164
5185
5189
5227
5284
5355
5260
5292
5302
5306
5366
5384
5388
5490
5413
5426
5442
5447
5448
5483
5535
5554
5569
5029
5029
5031
5034
5048
5069
5076
5102
5094
5120
5153
5249
5163
5249
5264
5289
5077
5077
5083
5097
5120
5126
5126
5129
5136
5140
5148
5149
5153
5159
5203
5206
5242
5257
5263
5303
5324
5341
5359
5369
5373
5377
5401
5404
5412
5155
5194
5228
5238
5422
5429
5433
5449
5485
5530
5549
5562
5248
5254
5254
5269
5296
5335
5350
5368
5339
5409
5461
5508
5511
5518
5575
5580
5580
5581
5583
5586
5599
5602
5606
5609
5271
5283
5383
5426
5433
5438
5461
5465
5497
5519
5559
5592
5574
5586
5606
5612
5614
5628
5638
5656
5656
5662
5663
5667
5672
5674
5691
5729
5730
5731
5753
5763
5788
5806
5916
5920
5920
5790
5810
5813
5864
5922
5817
5917
5938
5861
5907
5923
6041
6218
5946
5952
5974
5980
5995
6008
6015
6086
6098
6107
6122
6151
6189
6210
6006
6008
6011
6061
6071
6089
6145
6164
6186
6222
6226
6273
6261
6353
6382
6234
6319
6243
6293
6355
6361
6390
6390
6401
6411
6414
6476
6419
6485
6488
6491
6505
6561
6571
6572
6670
6686
6702
6708
6764
6811
5694
5702
5720
5727
5723
5754
5787
5760
5787
5794
5798
5814
5816
5830
5860
5865
5872
5880
5879
5880
5886
5896
5926
5929
5957
5715
5732
5757
5764
5780
5799
5817
5836
5844
5895
5904
5963
5969
5977
5996
6039
6093
6193
6287
6203
6297
6216
6217
6269
6360
6025
6063
6095
6147
6148
6185
6198
6256
6286
6297
6322
6351
6207
6367
6373
6379
6391
6400
6404
6420
6428
6509
6523
6604
6065
6082
6093
6145
6165
6195
6212
6236
6240
6251
6096
6262
6286
6292
6300
6328
6346
6375
6393
6375
6410
6417
6476
6620
6662
6674
6674
6687
6701
6706
6992
7206
7515
6714
6723
6718
6763
6780
6787
6826
6796
6823
6831
6829
6869
6869
6985
6993
7042
7085
6873
6877
6884
6895
6939
6984
7136
7138
6897
6915
6988
6922
6973
7062
7064
7107
7168
7173
7149
7149
7160
7166
7192
7194
7202
7209
7229
7239
7241
7264
7341
7392
7400
7402
7250
7299
7321
7396
7485
7424
7435
7522
7541
7568
7583
7441
7466
7493
7597
7598
7620
7636
7660
7525
7737
7738
7764
7799
7757
7766
7781
7822
7826
7861
7917
7919
7924
7934
7924
7940
7544
7545
7552
7568
7571
7577
7594
7676
7676
7707
7712
7722
7739
7799
7803
7830
7869
7940
7944
7953
7948
7956
7972
7982
7992
8041
7999
8034
8036
8037
8042
6423
6425
6433
6442
6447
6449
6458
6458
6462
6466
6482
6488
6501
6502
6504
6504
6508
6506
6530
6506
6517
6563
6595
6648
6633
6640
6643
6667
6742
6650
6754
6791
6846
6851
6925
6674
6714
6743
6743
6745
6759
6775
6784
6795
6816
6834
6863
6902
6913
6914
6982
6983
7007
7021
7036
7048
7165
7180
7216
7276
7314
7319
7328
7247
7338
7515
7616
7755
7970
7971
8714
8734
8921
7087
7104
7146
7213
7244
7427
8029
8044
8937
7374
7388
7465
7516
7857
8776
7511
8941
8997
9007
9016
9061
9071
6519
6525
6527
6563
6571
6588
6611
6629
6665
6699
6653
6677
6840
6919
6766
6925
6981
7031
7058
7059
7089
7182
7387
7420
7437
7519
7576
6705
6717
6729
6859
6891
6965
7319
7455
7022
7258
7607
7026
7098
7324
7572
7781
7976
6895
6983
7029
7052
7080
7100
7112
7122
7142
7144
7162
7358
7319
7336
7988
7417
8039
7470
7763
7841
8400
8056
8070
8089
8418
8685
8947
9037
9068
9090
9094
9136
9189
9200
7580
7644
7673
7736
7742
7758
7760
7773
7801
7749
7853
7861
7931
8007
7653
7668
7734
7766
7854
7891
7818
7975
8026
8059
8067
8139
7888
8045
8051
8061
8090
8092
8123
8118
8152
8160
8211
8280
8337
8453
8491
8501
8651
8657
8744
8722
8734
8737
8822
8941
8974
9070
9082
9123
9140
9206
9332
9253
9315
9353
9355
9360
9390
9413
8196
8210
8219
8219
8220
8228
8331
8350
8355
8421
8265
8266
8291
8381
8419
8440
8457
8304
8356
8495
8559
8515
8566
8650
8689
8696
8714
8750
9061
8854
9129
8846
8859
9192
9243
9370
9377
9388
8552
8575
8594
8603
8611
8612
8751
8861
8866
8959
9008
8937
9056
9087
9163
9184
9414
9431
9434
8613
8631
8646
8736
8681
8737
8762
8753
8784
8889
8929
8935
8956
8974
9106
9200
9213
9302
9440
9440
9445
9449
9450
7623
7633
7676
7704
7697
7750
7781
7796
7814
7848
7988
7991
8107
8154
8036
8037
8175
8047
8054
8177
8198
8154
8165
8232
8312
8329
8421
8423
8539
8557
8223
8234
8244
8256
8464
8267
8276
8312
8336
8397
8565
8601
8319
8326
8503
8577
8623
8680
8680
8626
8717
8751
8698
8698
8703
8762
8770
8775
8826
8847
8778
8790
8794
8795
8801
8843
8855
8880
8896
8903
8905
8935
7933
7982
7997
8174
8215
8012
8013
8051
8077
8103
8223
8074
8142
8230
8255
8174
8187
8202
8264
8267
8301
8405
8841
8320
8600
8629
8841
8848
8496
8699
8592
8638
8738
8752
8872
8914
8279
8336
8347
8397
8419
8483
8495
8507
8512
8535
8596
8633
8713
8776
8945
8835
8922
8928
8985
8997
8676
8688
8732
8849
8888
8952
8995
9029
8769
8942
8957
8979
8985
8988
9000
9046
9105
9113
9373
9528
9606
9716
9829
9869
10080
10286
10311
9057
9068
9082
9129
9095
9134
9134
9151
9157
9093
9120
9137
9153
9158
9194
9201
9231
9275
9202
9212
9225
9232
9301
9332
9333
9352
9359
9360
9361
9376
9383
9404
9462
9468
9490
9484
9557
9563
9357
9377
9447
9464
9481
9496
9652
9652
9678
9694
9501
9621
9626
9846
9675
9718
9750
9813
9850
9884
9936
9938
9960
9970
10086
10017
10187
10021
10225
10122
10285
10343
10353
10432
10441
10054
10120
10153
10305
10307
10408
10506
10582
10099
10289
10347
10355
10421
10596
10363
10387
10395
10516
10581
10612
10693
10693
10733
10744
10770
10773
9469
9474
9476
9510
9582
9620
9700
9746
9888
9490
9511
9571
9988
9991
10119
10352
10407
9635
10026
10136
10159
10253
9811
10132
10272
10312
10403
10501
10509
10767
10788
10861
9995
10174
10325
10325
10348
10379
10499
10430
10534
10705
10502
10557
10723
10729
10754
10786
10824
10832
10840
10847
10852
10852
10885
10892
10892
10892
10952
10896
10956
10958
10986
11003
11045
11049
11060
11067
11109
9526
9530
9541
9531
9541
9547
9583
9610
9618
9620
9656
9656
9703
9555
9557
9559
9566
9569
9613
9617
9621
9706
9724
9623
9673
9712
9731
9678
9722
9724
9725
9737
9737
9739
9741
9745
9745
9755
9767
9770
9773
9775
9800
9802
9774
9786
9804
9805
9809
9812
9843
9863
9826
9862
9918
9930
9944
9823
9826
9855
9931
9871
9946
9951
9959
9953
9979
9992
10004
10027
10046
10073
9868
9916
9940
10033
10073
10077
10087
10096
10097
10134
10142
10167
10160
10176
10178
10296
10331
10187
10189
10195
10260
10273
10273
10277
10284
10333
10344
10364
10381
10410
10416
10437
10453
10506
10510
10516
10517
10537
10544
10317
10332
10336
10341
10349
10354
10380
10414
10435
10473
10480
10520
10556
10756
10846
11145
11215
11261
10986
11075
11194
11225
11306
11642
11767
11827
11836
10000
10060
10086
10149
10180
10182
10190
10202
10222
10385
10476
10572
10402
10404
10444
10579
10645
10698
10456
10576
10626
10691
10717
10263
10350
10353
10431
10672
10705
10723
10853
10732
10877
10910
11104
10819
10834
11114
10862
10905
11031
11138
11145
11160
10087
10232
10242
10357
10757
10781
11148
11160
11337
11352
11362
11187
11263
11327
11354
11383
11277
11289
11291
11303
11307
11309
11311
11323
11344
11366
11388
11412
11444
11459
11485
11541
11595
11632
11650
11676
11709
11873
11931
11933
11953
11955
11970
11974
11396
11406
11416
11419
11441
11445
11544
11568
11572
11445
11453
11479
11485
11489
11579
11579
11597
11654
11616
11671
11488
11604
11659
11666
11682
11680
11684
11714
11761
11716
11764
11799
11876
11804
11826
11848
11877
11898
11910
11931
11936
11941
11604
11696
11712
11718
11769
11806
11732
11814
11926
11951
11955
11967
11983
11989
12031
12046
12063
12095
11997
12012
12016
12092
12001
12015
12032
12099
12112
12109
12116
12118
12120
12138
12147
12147
12173
12207
10545
10573
10581
10581
10598
10617
10622
10548
10553
10612
10626
10635
10639
10640
10644
10662
10682
10685
10700
10719
10767
10778
10783
10812
10797
10815
10860
10868
10893
10901
10835
10917
10927
10935
10936
10959
10969
10982
10982
10993
10996
11002
11018
11032
11050
11096
11054
11091
11102
11102
11125
11187
11193
11225
11301
11301
11325
11353
11709
11879
12052
12140
11348
11473
11477
11586
11699
11718
11943
12252
12017
12243
12244
12337
12353
12371
12412
12424
12559
12460
12571
12490
12617
12590
12631
12665
12668
12681
12732
12819
12876
12900
12226
12241
12446
12568
12274
12602
12641
12663
12664
12720
12729
12960
12760
13010
13029
13037
13048
13049
13157
13049
13109
13275
13287
13288
13356
13125
13171
13306
13350
13410
13523
13556
13557
12761
12769
12800
12830
12831
12868
12899
12887
12981
13028
13041
13144
13186
13265
13270
13299
13318
13576
13824
13385
13532
13647
13890
13922
13421
13567
13568
13573
13584
13615
13618
13634
13643
13651
13712
13822
13664
13698
13786
13843
13860
13678
13696
13856
13865
13913
13931
13941
13964
13966
13863
13913
13968
11498
11543
11664
11782
11785
11920
12157
12222
12158
12252
12263
12275
12279
12284
12289
12297
12312
12326
12330
12388
12398
12421
12433
12474
12526
12639
12693
12703
12924
12781
12889
12908
13012
13239
13245
12920
12948
13088
13330
13486
13371
13491
11847
12273
12341
12368
12984
12624
12816
12841
13098
12970
13176
13425
13553
12912
13046
13070
13594
13494
13716
13838
13235
13554
13617
13652
13728
13821
13782
13867
13872
13932
13938
13959
13976
14009
14036
14037
12438
12447
12455
12506
12495
12511
12517
12524
12534
12589
12642
12668
12684
12758
12774
12831
12850
12882
12811
12900
12927
12889
12945
12927
12939
12949
13004
12967
13036
13066
13090
13215
13195
13198
13258
13434
13532
12993
13044
13051
13158
13320
13409
13805
13815
14049
13679
13889
13965
14057
14062
14067
14078
14152
14166
14195
14220
14223
14246
14264
14369
14413
14453
13281
13357
13407
13427
13439
13487
13584
13589
13712
13717
13724
13791
13646
13649
13807
13833
14103
14104
14125
13696
13799
13811
13890
13913
13977
13947
14069
14169
14175
14177
14141
14159
14187
14142
14193
14232
14242
14247
14248
14249
14254
14259
14269
14292
14415
14416
14430
14469
14283
14336
14340
14339
14358
14364
14382
14389
14391
14402
14450
14459
14405
14468
14418
14445
14470
14478
14486
11118
11125
11136
11153
11149
11175
11161
11194
11205
11210
11211
11227
11254
11265
11280
11316
11357
11359
11361
11404
11469
11478
11384
11394
11427
11436
11465
11507
11510
11511
11557
11566
11516
11536
11550
11607
11606
11617
11645
11651
11688
11694
11537
11775
11778
11790
11907
12102
12110
12175
12191
12226
12288
12262
12321
12593
12604
12629
12754
12682
12682
12780
12780
12981
13017
13148
13363
13441
11256
11308
11324
11630
11917
12067
11319
11475
11731
12113
12754
11513
11612
11634
12008
12882
13032
12126
12178
12352
12357
13132
13136
13159
13227
13338
13354
12127
12305
12698
12708
12947
12394
12870
13077
13094
12304
12494
12800
12373
13160
13312
13337
13384
13453
13158
13173
13293
13689
13692
13708
13582
13585
13682
13713
13830
14089
14169
14090
14142
14211
14212
14235
14245
13362
13440
13631
13690
13502
13687
13975
14053
14178
14179
14059
14195
14260
14290
14396
14562
13874
14516
14525
14545
14570
14590
14591
14625
14646
14683
14686
14709
14460
14483
14492
14516
14524
14529
14531
14538
14539
14573
14549
14605
14613
14590
14617
14620
14639
14643
14644
14537
14538
14564
14662
14671
14683
14689
14714
14736
14706
14728
14721
14737
14738
14745
14752
14759
14764
14764
11709
11723
11727
11754
11914
11787
12007
12022
12043
12163
12334
11779
12053
12138
12231
12283
11847
11851
12014
12324
12379
12383
12301
12329
12378
12446
12495
12601
12782
12846
12944
12861
12905
12924
12924
12950
13111
13176
13262
13418
14478
13491
13597
13635
13692
13739
13782
13788
13960
13993
14009
14070
14124
14215
14279
14290
14381
14409
14528
14622
12478
12499
12549
12588
12719
12740
12807
12815
12868
12959
13002
13020
13085
13118
13127
13138
13156
13283
13288
13306
13362
13207
13234
13370
13213
13473
13487
13487
13783
13848
13522
13567
13944
13889
13920
13947
13951
13960
13962
14094
13963
13979
13986
14007
14099
14134
14165
14188
14384
14433
14446
14466
14521
14532
14492
14544
14565
14613
14639
14668
14562
14585
14602
14738
14768
14769
14771
14780
14625
14716
14753
14782
14787
14797
14805
14807
14672
14750
14773
14777
14766
14774
14802
14809
14810
14808
14811
14816
14816
14818
14823
14825
14829
14827
14835
14840
14827
14829
14836
14855
14858
14863
14866
14873
14879
14890
14898
14848
14863
14877
14880
14900
14901
14906
14908
14908
14916
13877
14064
14187
14766
14454
14820
14858
14938
14918
14919
14933
14930
14936
14945
14947
14944
14953
14955
14955
14965
14962
14978
14986
14991
15008
15010
15010
15041
15091
15123
15022
15022
15025
15027
15028
15032
15038
15041
15045
15048
15051
15052
15068
15072
15074
15053
15092
15103
15103
15061
15078
15116
15131
15132
15133
15149
15151
15136
15152
15152
15158
15160
15179
15188
15087
15088
15153
15124
15180
15183
15148
15222
15225
15191
15193
15195
15195
15197
15201
15205
15208
15225
15228
15232
15243
15245
15269
15270
15279
15303
15358
15470
15511
15531
15543
15287
15296
15297
15300
15303
15613
15305
15579
15623
15624
15672
15678
15810
15844
15935
15964
15327
15328
15341
15344
15349
15353
15366
15381
15386
15393
15397
15401
15415
15416
15422
15424
15431
15437
15430
15441
15456
15468
15492
15502
15457
15519
15520
15526
15535
15535
15443
15444
15444
15445
15450
15453
15457
15461
15462
15491
15500
15501
15505
15538
15507
15515
15517
15537
15539
15541
15543
15507
15509
15520
15545
15559
15589
15594
15594
15597
15608
15622
15624
15628
15610
15615
15621
15625
15629
15633
15660
15507
15507
15512
15517
15527
15539
15544
15565
15578
15635
15659
15669
15670
15672
15680
15688
15691
15696
15697
15697
15703
15705
15715
15704
15707
15722
15560
15563
15568
15572
15574
15594
15595
15601
15610
15577
15585
15586
15586
15586
15609
15610
15615
15697
15616
15714
15625
15635
15628
15646
15648
15659
15666
15629
15630
15636
15652
15723
15732
15586
15588
15615
15640
15704
15711
15730
15738
15739
15741
15741
15747
15749
15751
15753
15755
15762
15768
15768
15768
15774
15778
15778
15779
15780
15788
15792
15712
15737
15743
15747
15761
15775
15791
15824
15745
15798
15826
15826
15828
15762
15797
15801
15801
15818
15837
15819
15822
15830
15848
15851
15854
15830
15835
15855
15860
15863
15865
15838
15840
15865
15869
15871
15875
15875
15876
15876
15881
15882
15891
15891
15898
15900
15904
15908
15909
15912
15914
15916
15916
15918
15656
15658
15659
15663
15674
15677
15681
15686
15688
15689
15691
15694
15704
15715
15717
15722
15738
15745
15756
15760
15764
15767
15777
15778
15817
15837
15787
15801
15816
15823
15830
15833
15839
15839
15856
15840
15851
15853
15857
15861
15861
15867
15921
15921
15873
15875
15888
15897
15911
15923
15927
15940
15957
15970
15980
15929
15931
15931
15932
15946
15949
15949
15954
15956
15966
15965
15973
15977
15979
15980
15982
15982
15982
15985
15989
15991
15993
15994
15996
15997
15998
15998
arquivo ordenado pelo algoritmo quicksort tempo da ordenação = 0 nanosegundos

