81
90
99
234
205
282
269
348
379
124
172
209
226
292
335
350
492
503
506
528
566
657
590
819
829
743
787
818
819
872
882
949
967
1000
1002
1041
1052
1000
1082
1093
522
552
569
813
919
919
946
1059
1095
1123
1157
1152
1168
1199
1153
1210
1255
1278
1291
1308
1373
1383
1363
1385
1412
1438
1452
1457
1486
1114
1147
1236
1487
1499
1500
1518
1550
1560
1584
1648
1753
1805
1618
1633
1661
1744
1772
1791
1818
1895
1682
1691
1763
1764
1771
1788
1782
2000
2010
2097
2189
2195
2224
2245
2254
1795
2012
2130
2227
2272
2347
2377
2427
2491
2492
2573
2573
2586
2593
2596
2814
2601
2619
2653
2701
2710
2924
2927
2984
3081
3087
3321
3368
3398
3426
3434
3555
3677
3074
3334
3528
3797
3805
3848
4030
4094
3856
3858
3898
4117
4121
4122
4226
4235
4286
1860
1886
1890
1940
2081
2139
2197
2228
1947
2025
2062
2022
2082
2098
2116
2259
2325
2336
2338
2362
2422
2500
2506
2537
2600
2607
2613
2627
2945
2969
2563
2996
3080
3128
3181
3217
2537
3284
3382
3569
3590
3708
3526
3669
3917
4036
3568
3605
3862
3776
3999
4049
4127
4139
4290
4336
4444
4464
4542
4551
4355
4376
4399
4431
4566
4685
4595
4606
4715
4794
4822
4982
4720
4728
4756
4925
4993
5211
5237
5258
5516
5313
5589
4757
4840
4892
4924
4963
5034
5369
5610
5685
5084
5086
5204
5299
5435
5703
2552
2640
2657
2690
2699
2726
2815
2839
2862
2886
2900
3043
2976
3199
3506
3621
2888
3033
3107
3155
3190
3376
3386
3528
3556
3667
3722
3793
3811
3668
4008
4027
4127
4285
4289
4346
4661
4723
4899
4916
4930
5525
5894
4996
5202
5529
5578
5714
5955
5988
6030
4538
4649
4713
4865
4965
4555
4610
5039
5063
5149
5195
5222
5073
5196
5273
5451
5396
5485
5488
5567
5723
5729
5732
5776
5786
5796
5911
6143
5797
5810
5839
5849
5857
5859
5962
5888
5993
5996
6021
6031
6042
6047
6050
6067
6087
6090
6097
6154
6179
6181
6184
6403
6197
6206
6219
6232
6754
6808
6868
6964
7177
6990
7255
7303
7436
7625
7672
7686
7898
7921
7994
8190
8298
8460
7301
7579
8036
8500
7367
7542
8172
8339
8504
8524
8681
8784
8794
8926
6297
6315
6305
6309
6445
6355
6364
6428
6505
6440
6443
6586
6606
6618
6639
6611
6652
6651
6677
6699
6713
6783
6857
6873
6954
6776
6955
7021
7536
7626
7759
7818
7190
7343
7218
7355
7231
7407
7465
7491
7499
7637
7521
7574
7899
7950
7631
7928
8933
8183
8234
8805
8812
8857
8918
8959
9081
9117
7828
7847
8274
8292
8358
8574
8518
8626
8682
8856
9074
9188
9275
9303
9333
9404
9416
9417
9462
9483
9505
9512
9541
9614
9624
9644
9647
9697
9713
9730
9732
9740
9773
9801
9850
9917
6747
6950
6954
6846
6898
7006
7131
7170
7171
7296
7309
7338
7682
7720
7788
7021
7223
7428
7805
7982
7990
8043
8091
8154
8266
8297
8308
8327
8370
8059
8229
8378
8412
8433
8532
8539
8570
8690
8754
8641
8735
8776
8825
8931
8997
9017
9053
9171
9172
9281
9367
9368
9368
9403
9421
9490
9525
9539
9563
9672
9750
9873
9892
9926
9933
9961
9970
10004
10027
10032
10057
10071
10109
10127
10134
10163
10249
10285
10304
10340
10324
10368
10404
10390
10613
10722
10360
10395
10418
10428
10456
10478
10490
10504
10535
10583
10593
10603
10708
10736
10761
10748
10774
10808
11127
11493
11298
11388
11618
11939
10887
10907
10994
10904
10996
10996
11021
11084
11205
11269
11324
11372
11470
11507
11115
11178
11305
11325
11390
11422
11476
11516
11559
11593
11743
11746
11920
11105
11136
11291
11299
11379
11368
11434
11468
11479
11582
11587
11336
11379
11629
11659
11692
11739
11746
11756
11936
11875
11904
11972
11932
11981
12002
12023
12067
12028
12029
12042
12049
12084
12157
12159
12176
12202
12133
12231
12231
12237
12260
12261
12289
12421
12363
12429
12458
12443
12466
12483
12497
12524
12540
12777
12545
12581
12599
12620
12622
12711
12777
12658
12795
12804
12850
7232
7283
7335
7560
7643
7708
7764
7868
7943
8040
8228
8235
8280
8324
8346
8350
8353
8379
8379
8393
8567
8709
8729
8987
9522
9936
8577
8789
8928
9097
9159
9393
9441
9467
9685
9856
9865
9888
9958
10072
10126
10167
10225
10328
10481
10570
10571
9120
9122
9126
9503
9929
10019
10071
10270
10270
10340
10342
10532
10604
10675
10846
10904
10262
10582
10337
10498
10543
10621
10762
11017
11036
11058
11090
11189
11228
11497
11783
11796
11827
11981
12142
11640
11802
12278
12310
12365
12836
12398
12429
12437
12528
12624
12683
12850
12851
12853
12858
12860
12871
12873
12878
12890
12902
12902
12914
12921
12925
12954
12973
13100
12970
13144
13179
12910
12915
13084
13150
13173
13217
12952
13054
13057
13193
13211
13224
13238
13244
13250
13312
13314
13320
13375
13386
13414
13433
13445
13459
13474
13486
13630
13793
13975
13984
13614
13622
13743
13841
14030
14046
14081
14248
13681
13721
13826
14157
14179
14253
14253
14270
13884
13904
14338
14382
14460
14471
14538
14567
14590
14580
14688
14717
14725
13908
14009
14018
14124
14189
14215
14283
14294
14312
14335
14342
14358
14367
14412
14417
14647
14639
14660
14732
14769
14829
14892
12977
12980
13016
13069
13109
13269
13276
13314
13378
13404
13494
13528
13530
13729
13784
13813
13830
14059
14149
14413
14415
14551
13989
14587
14651
14715
14763
14862
14944
14930
14949
14977
14987
13218
13301
13317
13676
13683
13360
13365
13959
14042
13689
14698
14806
14842
14951
14991
15011
15051
15057
15060
15100
15125
15134
15205
15233
15262
15131
15151
15181
15198
15214
15266
15281
15292
15011
15055
15088
15135
15137
15211
15340
15340
15343
15348
15425
15432
15207
15311
15306
15321
15326
15350
15415
15426
15437
15444
15483
15529
15529
15641
15684
15710
15567
15637
15705
15729
15770
15736
15754
15775
15770
15776
15763
15768
15814
15820
15821
15857
15881
15932
15934
15955
15956
15971
arquivo ordenado pelo algoritmo quicksort tempo da ordenação = 0 nanosegundos

