0
0
1
4
5
8
11
13
14
16
17
3
4
18
19
20
6
12
13
20
20
21
21
21
24
24
25
26
27
29
35
32
32
33
35
36
37
38
33
34
36
36
37
39
40
43
44
44
45
46
48
49
50
53
44
45
51
52
55
57
58
60
60
61
64
66
58
63
66
67
69
70
71
71
70
71
75
75
76
77
78
80
80
80
79
79
79
80
82
83
87
87
88
88
89
89
92
93
94
94
95
97
98
101
97
102
104
104
105
106
108
108
109
110
110
138
147
159
165
201
218
111
149
130
192
210
230
112
112
113
117
117
117
120
117
121
122
122
124
125
126
125
128
129
129
130
132
137
134
152
177
135
170
179
182
184
189
138
140
142
144
158
167
174
189
150
172
191
199
200
202
206
220
146
147
151
149
157
158
169
188
189
191
205
218
220
220
223
223
224
225
227
227
228
228
235
241
243
243
243
244
247
191
196
200
205
207
211
213
223
235
236
241
245
248
249
250
253
253
254
254
255
257
267
260
261
266
269
273
273
275
276
262
276
277
278
279
281
281
282
279
283
287
287
373
405
407
423
425
458
460
471
491
504
505
507
512
510
517
520
535
551
568
568
600
527
560
595
611
612
627
635
649
652
657
659
659
664
666
689
696
683
695
697
735
739
711
738
760
770
748
771
785
786
795
801
289
290
291
313
317
319
320
330
300
312
347
349
351
354
357
383
387
389
389
394
394
401
402
402
405
406
417
423
423
430
435
437
439
440
479
448
454
490
492
509
519
523
526
540
574
585
548
584
591
605
605
612
622
633
645
666
675
501
527
538
574
613
681
704
718
725
721
724
740
747
759
760
782
765
765
771
773
786
291
294
301
310
311
320
324
328
329
332
334
338
346
363
367
377
385
389
396
399
421
446
462
473
412
420
430
437
433
444
446
468
518
533
544
587
609
610
496
497
532
564
582
596
601
614
617
638
650
598
654
686
718
729
749
761
761
796
792
794
793
800
807
807
803
815
818
808
813
814
817
822
827
840
841
845
846
849
438
443
444
451
453
461
469
474
483
484
479
488
493
557
565
505
512
571
575
586
513
593
619
622
631
682
575
598
612
622
631
639
704
708
724
780
816
826
728
786
816
847
849
859
600
620
628
629
663
663
687
711
733
717
729
746
771
840
805
864
865
870
871
879
889
896
662
695
697
823
826
763
779
835
839
870
870
883
898
899
851
859
864
871
880
879
880
882
884
884
889
891
891
909
911
912
899
901
906
912
913
328
329
333
335
340
364
342
345
353
370
375
387
395
388
395
396
392
414
415
417
418
429
434
444
445
448
449
471
491
501
503
504
491
511
511
533
534
542
536
543
546
552
558
564
567
573
575
576
577
584
610
610
619
610
632
627
631
648
664
647
684
694
651
652
654
662
663
675
680
686
709
695
700
706
715
358
475
486
562
580
614
647
669
724
732
738
730
734
745
765
781
827
828
799
811
830
841
842
843
847
861
863
872
850
867
858
872
866
912
905
931
887
900
906
926
929
934
937
952
959
960
984
968
987
999
1005
1010
1020
1026
1026
1027
1032
1034
1034
1035
1039
1050
1051
1052
1053
1053
1059
1060
1064
1073
1074
1074
1077
1097
1099
427
439
470
485
486
559
567
616
658
720
845
934
950
932
952
961
979
993
996
663
732
713
737
806
917
926
930
931
956
968
969
972
997
999
1003
1003
1006
1006
1008
1011
1011
807
916
940
952
957
980
995
922
933
936
986
997
1002
1007
1013
1013
1014
1016
1023
1026
1028
1032
1031
1032
1040
1046
1052
1057
1059
1059
929
977
1004
1019
1020
1021
1059
1061
1069
1077
1078
1083
1082
1090
1083
1083
1094
1094
1083
1084
1085
1096
1097
1098
1099
1106
1106
1107
1110
1111
1112
1116
1130
1138
1140
1143
1150
1154
1154
1154
1029
1031
1030
1033
1035
1073
1076
1049
1067
1092
1068
1073
1096
1098
1079
1091
1114
1115
1117
1119
1101
1108
1120
1123
1132
1141
1156
1134
1159
1140
1165
1204
1272
1308
1157
1158
1162
1221
1240
1227
1251
1254
1283
1287
1291
1314
1388
1340
1354
1361
1402
1287
1297
1308
1310
1339
1339
1361
1364
1368
1372
1429
1432
1435
1458
1140
1143
1149
1151
1458
1155
1159
1240
1351
1384
1455
1472
1184
1186
1217
1262
1292
1380
1293
1393
1474
1411
1428
1465
1485
1495
1512
1516
1528
1531
1533
1540
1544
1547
1552
1563
1595
1598
1605
1617
1619
1620
1621
1621
1626
1656
1663
1707
1744
1751
1771
1774
1624
1638
1654
1661
1694
1764
1778
1779
1786
1759
1764
1767
1797
1674
1696
1708
1789
1799
1801
1851
1815
1830
1852
1856
1856
118
122
122
123
128
129
134
139
146
166
166
133
133
135
142
149
155
167
169
172
174
178
181
176
183
184
194
203
204
204
213
213
220
220
221
227
229
230
237
230
238
240
247
253
255
262
266
273
255
260
277
278
279
225
270
275
277
284
343
311
320
351
358
384
390
395
403
416
417
425
430
442
443
280
281
307
308
325
328
329
407
337
419
429
438
454
454
468
352
367
371
375
383
379
401
424
444
458
458
379
460
472
473
474
477
477
479
479
480
203
231
238
289
294
392
481
482
494
488
493
509
510
486
492
498
502
509
513
518
520
525
578
596
593
607
523
524
540
541
568
592
593
534
537
551
580
590
592
594
595
588
592
610
611
611
614
622
627
635
639
639
641
641
541
555
607
650
641
650
651
651
655
657
662
664
664
689
790
809
706
747
758
785
787
830
858
668
682
682
698
673
682
713
733
730
782
735
821
890
699
725
742
756
757
764
799
812
814
893
899
820
853
929
890
916
945
857
865
906
968
977
971
973
986
988
995
999
1017
1019
1023
1028
1046
940
950
964
942
957
959
977
988
1008
1025
1032
1036
1039
1052
1114
1151
1052
1052
1056
1105
1157
1187
1269
1294
1195
1210
1210
1235
1271
1298
1062
1063
1088
1093
1100
1108
1111
1126
1113
1129
1140
1143
1162
1190
1217
1298
1324
1302
1304
1338
1367
1389
1221
1266
1295
1372
1325
1381
1401
1435
1392
1418
1436
1441
1419
1439
1454
1462
1471
1493
1523
1493
1527
1562
1564
1567
1348
1364
1412
1498
1546
1618
1659
1586
1600
1641
1653
1674
1686
1678
1689
1691
1700
1703
1706
1712
1717
1739
1757
1759
1717
1763
1766
1768
1780
1781
1790
1795
1798
1808
1824
1836
1850
1853
1854
1858
1861
1862
1863
1869
1872
1890
1891
1898
1899
1904
1899
1902
1907
1909
1911
1913
1915
1922
1924
1928
1929
1936
1938
1938
1940
720
723
728
740
745
752
753
754
756
771
785
801
809
814
819
827
812
831
839
842
845
849
818
860
888
891
899
902
922
923
924
933
945
950
960
965
968
969
990
954
961
1007
1012
1019
1028
1030
1036
1040
1041
768
768
768
786
820
943
957
840
862
896
973
945
984
997
1003
1026
1032
973
1061
1072
1095
1125
1220
1145
1158
1165
1215
1234
1245
1333
1340
1355
1061
1074
1086
1088
1110
1113
1129
1176
1253
1392
1418
1422
1437
1061
1070
1074
1078
1082
1092
1098
1122
1079
1105
1111
1136
1168
1169
1200
1312
1084
1249
1165
1392
1155
1430
1442
1126
1140
1185
1214
1228
1327
1371
1475
1516
1518
1551
1556
1557
1580
1592
1614
1666
1670
1731
1770
1738
1816
1820
1822
1836
1857
1858
1860
1513
1601
1675
1682
1684
1697
1750
1752
1773
1885
1898
1902
1905
1926
1941
1947
1951
1962
1967
1992
1998
2015
1965
1978
1984
2035
1989
1995
1998
1999
2002
2004
2006
2028
2031
2035
2042
2047
2049
2052
2061
2068
2069
2068
2072
2070
2077
2078
2091
2093
2095
2099
2100
2104
2104
2111
2115
2128
2132
2150
2153
2154
2158
2122
2146
2146
2159
2166
2171
2171
2179
2158
2162
2177
2180
2183
2185
2187
2188
1226
1258
1273
1273
1274
1277
1290
1290
1294
1311
1298
1324
1340
1307
1308
1348
1353
1376
1393
1380
1417
1438
1453
1453
1461
1421
1463
1465
1465
1477
1501
1520
1504
1519
1520
1531
1533
1537
1539
1550
1559
1561
1581
1568
1587
1593
1595
1584
1682
1715
1580
1586
1720
1788
1793
1872
1602
1631
1648
1684
1685
1651
1665
1686
1686
1689
1651
1668
1670
1682
1692
1694
1717
1720
1728
1730
1775
1837
1738
1776
1810
1841
1849
1886
1890
1909
1909
1917
1918
1976
2011
1988
1991
1999
2047
2052
2059
2087
2101
2114
2121
2067
2076
2086
2136
2150
2075
2118
2135
2156
2124
2141
2157
2158
2164
2191
2156
2168
2197
2207
2209
2213
2223
2254
1924
1975
1983
1998
2007
1940
1945
2159
2192
2192
2193
2198
2215
2196
2199
2221
2231
2243
2209
2218
2251
2254
2223
2227
2228
2250
2255
2257
2273
2259
2260
2269
2272
2277
2278
2280
2281
2284
2261
2271
2274
2276
2291
2263
2265
2267
2268
2268
2292
2292
2307
2307
2310
2310
2312
2314
2314
2316
2322
2324
2326
2327
2351
2338
2354
2356
2346
2349
2354
2360
2361
2390
2395
2414
2419
2346
2355
2359
2377
2382
2382
2386
2407
2425
2258
2283
2318
2315
2368
2427
2320
2344
2364
2365
2438
2437
2446
2447
2449
2455
2380
2437
2424
2441
2449
2455
2459
2461
2462
2463
2475
2477
2486
2514
2676
2463
2467
2471
2474
2486
2512
2699
2859
3113
3148
3197
3278
3271
3320
3568
2689
2719
2850
2892
3160
3575
3731
3743
3760
4075
3031
3042
3140
3212
3241
3461
3467
3607
3621
3473
3528
3666
3712
3864
3912
3984
4002
4071
4141
4222
4224
4319
4345
4353
2488
2493
2497
2497
2499
2501
2503
2502
2504
2506
2510
2517
2519
2520
2526
2531
2527
2530
2536
2537
2539
2540
2542
2545
2551
2554
2558
2568
2579
2600
2584
2591
2600
2603
2606
2522
2524
2528
2533
2537
2539
2550
2603
2615
2629
2576
2577
2603
2605
2605
2615
2621
2629
2629
2638
2639
2540
2543
2555
2558
2573
2580
2581
2584
2588
2591
2598
2600
2612
2601
2621
2642
2657
2663
2667
2679
2622
2628
2631
2640
2659
2659
2661
2663
2664
2666
2669
2680
2682
2672
2680
2691
2692
2777
2941
2952
2970
3002
3024
2683
2687
2691
2693
2698
2700
2705
2705
2710
2712
2714
2714
2716
2716
2721
2725
2769
2737
2756
2787
2794
2727
2734
2734
2736
2741
2747
2748
2759
2751
2761
2762
2774
2775
2781
2785
2785
2792
2797
2817
2818
2828
2834
2798
2812
2846
2895
2914
2953
2992
2856
2874
2886
2934
2900
2926
2940
2959
2988
3008
3009
2866
2872
2899
2936
2940
2892
2962
2978
3010
3016
3021
3045
3107
3024
3065
3069
3084
3108
3130
3139
3094
3125
3163
3164
3177
3179
3045
3053
3057
3057
3106
3127
3067
3107
3128
3145
3171
3180
3185
3186
3189
3194
3217
3219
3225
2800
2801
2801
2815
2823
2829
2831
2832
2835
2836
2839
2841
2843
2843
2846
2847
2855
2853
2858
2859
2865
2868
2899
2873
2875
2880
2880
2894
2884
2885
2900
2891
2916
2924
2926
2927
2931
2931
2932
2938
2948
2950
2960
2961
2961
2962
2968
2969
2903
2911
2959
2977
2982
2983
2984
2984
2991
2995
2997
2998
2999
3002
3002
3006
3004
3017
3030
3093
3144
3007
3009
3019
3026
3031
3032
3038
3040
3057
3103
3127
3137
3212
3189
3228
3239
3274
3299
3300
3304
3042
3047
3056
3060
3062
3074
3074
3091
3074
3085
3085
3092
3096
3099
3105
3110
3118
3135
3120
3121
3126
3135
3144
3156
3165
3168
3174
3186
3197
3204
3206
3210
3233
3238
3240
3253
3253
3266
3223
3235
3252
3265
3270
3272
3274
3275
3284
3297
3299
3300
3300
3303
3310
3304
3316
3324
3332
3084
3207
3222
3148
3237
3103
3242
3265
3334
3336
3268
3336
3341
3342
3344
3351
3352
3344
3397
3407
3412
3426
3434
3449
3413
3451
3358
3362
3363
3364
3366
3368
3378
3371
3389
3434
3443
3443
3447
3451
3395
3413
3418
3419
3419
3430
3432
3442
3454
3455
3456
3458
3462
3463
3475
3479
3481
3267
3267
3273
3330
3316
3330
3346
3349
3361
3378
3474
3489
3571
3290
3352
3372
3401
3423
3441
3506
3521
3550
3589
3593
3426
3451
3494
3507
3554
3584
3609
3615
3669
3669
3676
3373
3493
3486
3501
3494
3501
3502
3405
3437
3451
3484
3487
3491
3503
3507
3508
3526
3526
3529
3544
3545
3520
3520
3526
3527
3535
3546
3549
3533
3537
3537
3548
3566
3578
3555
3560
3576
3698
3716
3562
3568
3568
3723
3747
3757
3578
3615
3690
3716
3750
3755
3761
3772
3578
3595
3601
3623
3629
3632
3643
3657
3666
3677
3704
3715
3727
3742
3743
3748
3750
3775
3814
3819
3838
3841
3862
3869
3911
3912
3761
3768
3778
3819
3820
3828
3856
3872
3918
3934
3950
3960
3925
3931
3987
3937
3955
3979
3992
3994
4003
4004
4005
4036
4074
4075
4087
4111
4130
4136
4133
4134
4145
4146
4163
4176
4180
4202
4218
4249
4323
4333
4374
4392
4408
4202
4218
4234
4270
4334
4414
4477
4588
4507
4509
4539
4559
4591
4627
4630
4680
4264
4267
4303
4325
4400
4405
4421
4452
4488
4490
4496
4537
4572
4586
4587
4601
4538
4562
4611
4614
4627
4621
4677
4651
4694
4714
4714
4715
4715
4752
4773
4872
3781
3781
3837
3877
3868
3899
3900
3914
3915
3928
3928
3937
3959
3973
3997
4017
4019
4020
4038
3977
4011
4050
4040
4063
4069
4073
4267
4285
4320
4518
4616
4648
4075
4080
4082
4091
4126
4133
4157
4171
4196
4595
4608
4305
4403
4488
4514
4771
4655
4685
4877
4878
4704
4894
4910
4176
4185
4218
4234
4263
4298
4422
4500
4843
4905
4409
4579
4907
4916
4938
4939
4944
4306
4322
4335
4350
4376
4380
4382
4397
4416
4418
4420
4479
4521
4565
4437
4500
4550
4542
4582
4587
4565
4658
4884
4908
4932
4949
4951
4951
4953
4955
4617
4793
4778
4799
4800
4878
4948
4958
4961
4962
4964
4965
5051
4970
5058
5075
5093
5103
5132
5159
5163
5190
4971
4974
5004
5014
5017
5017
5043
5050
5074
5081
5077
5096
5108
5118
5127
5142
5163
5152
5171
5199
5207
5185
5234
5237
5212
5224
5242
5242
5269
5270
5275
3579
3579
3581
3592
3592
3596
3599
3600
3608
3613
3616
3618
3621
3622
3634
3646
3650
3634
3640
3654
3657
3666
3668
3671
3671
3671
3674
3673
3678
3680
3689
3689
3692
3694
3730
3777
3821
3840
3695
3697
3720
3720
3696
3717
3730
3703
3735
3773
3789
3697
3699
3701
3773
3726
3747
3752
3776
3785
3791
3703
3750
3754
3759
3773
3802
3877
3928
3785
3800
3824
3842
3932
3805
3812
3833
3834
3881
3946
3810
3812
3818
3849
3864
3872
3827
3838
3865
3889
3893
3902
3852
3902
3930
3962
3968
3973
3978
3991
4008
4017
4019
3895
3901
3907
3917
3921
3941
3942
4069
4108
4118
4150
3939
3963
3985
4084
4086
4101
4053
4083
4190
4196
4256
4279
4156
4171
4201
4179
4217
4243
4245
4252
4284
4364
4391
4358
4386
4437
4541
4623
4628
4469
4576
4507
4582
4593
4642
4653
4718
4757
4773
4785
4929
5045
5065
5149
5089
5270
5283
5337
5348
5375
5388
5435
5437
5474
4817
4878
4886
4902
4909
4958
4971
5017
5068
4916
4978
5010
5012
5079
5090
5090
5097
5134
5176
5184
5201
5292
5302
5265
5287
5321
5429
5322
5337
5377
5397
5397
5402
5402
5412
5415
5417
5419
5428
5455
5249
5283
5457
5467
5467
5478
5480
5515
5557
5595
5602
5504
5511
5511
5568
5603
5614
5649
5659
5537
5614
5653
5610
5659
5663
5663
5669
5686
5695
5701
5701
5712
4025
4045
4076
4054
4067
4069
4090
4108
4112
4115
4143
4172
4081
4150
4383
4281
4294
4303
4340
4411
4078
4092
4094
4141
4282
4360
4155
4393
4414
4442
4471
4497
4174
4193
4206
4221
4238
4252
4256
4275
4340
4466
4475
4519
4527
4571
4596
4600
4606
4628
4639
4648
4668
4669
4198
4258
4372
4399
4412
4443
4532
4425
4600
4606
4437
4456
4593
4653
4715
4717
4745
4840
4882
4552
4582
4660
4672
4690
4695
4777
4807
4895
4920
4935
5056
5090
4697
4748
4768
4780
4905
4988
5174
5338
5134
5136
5159
5191
5388
5437
5467
5516
5265
5266
5281
5310
5388
5298
5308
5484
5521
5592
5607
5280
5324
5327
5367
5391
5488
5534
5538
5596
5610
5619
5614
5633
5675
5695
5704
5716
5658
5721
5737
5770
5834
5809
5846
5876
5888
5739
5740
5745
5757
5760
5770
5764
5792
5827
5792
5900
5925
5833
5834
5837
5841
5864
5882
5910
5982
5990
6003
5918
5970
5971
5986
6008
6015
6016
6031
6053
6059
4700
4701
4708
4727
4777
4772
4801
4801
4828
4841
4845
4926
4951
4859
4955
5144
4959
4959
5043
5073
5143
5148
5160
4975
5037
5042
5078
5118
5119
5164
5184
5234
5254
5221
5255
5248
5254
5257
5296
5297
5298
5330
5336
5384
5408
5430
5462
5490
5499
5512
5710
5838
5857
5529
5542
5543
5643
5666
5671
5709
5712
5716
5756
5699
5721
5732
5758
5786
5789
5795
5807
5820
5823
5861
5881
5887
5891
5912
5912
5920
5950
5968
5975
6023
6027
6034
6039
6058
6065
6069
6073
6077
6082
6110
6138
6143
6143
6058
6103
6144
6182
6189
6233
6199
6223
6248
6249
6255
6255
5328
5368
5373
5385
5390
5404
5437
5387
5467
5472
5518
5530
5404
5467
5497
5538
5544
5544
5546
5553
5556
5616
5577
5644
5646
5661
5662
5663
5667
5696
5703
5719
5740
5742
5750
5973
5776
5787
5818
5823
5824
5849
5841
5842
5855
5872
5876
5881
5887
5888
5889
5893
5943
6122
5964
5987
5993
6002
6032
6044
6049
6051
6052
6059
6077
6094
6108
6110
6117
6078
6133
6140
6146
6148
5976
6055
6069
6156
6076
6163
6165
6078
6110
6167
6157
6162
6168
6168
6169
6176
6186
6186
6200
6199
6201
6208
6211
6221
6215
6221
6234
6241
6253
6236
6256
6256
6259
6260
6271
6273
4016
4025
4029
4052
4059
4083
4129
4133
4142
4149
4149
4069
4094
4094
4138
4166
4171
4200
4217
4219
4104
4106
4143
4145
4156
4145
4149
4168
4218
4229
4229
4236
4301
4219
4228
4232
4246
4265
4267
4300
4310
4324
4330
4338
4349
4341
4367
4369
4070
4121
4127
4148
4165
4251
4390
4418
4301
4308
4431
4440
4453
4465
4401
4402
4562
4622
4627
4655
4661
4675
4688
4779
4814
4480
4526
4508
4527
4566
4578
4641
4659
4541
4545
4553
4633
4681
4683
4698
4707
4740
4749
4728
4796
4798
4801
4825
4849
4865
4873
4878
4891
4902
4922
4904
4913
4932
4948
4988
4995
4998
4999
5000
5005
5026
5043
5050
5078
5097
5013
5025
5031
5091
5110
5110
5114
4590
4599
4691
4742
4753
4967
5058
5108
5125
5144
5157
5009
5015
5088
5139
5188
5130
5143
5185
5197
5215
5271
5282
5294
5333
5362
5417
5425
5436
5491
5499
5533
5540
5562
5575
5237
5239
5310
5323
5368
5240
5262
5310
5374
5473
5493
5550
5590
5595
5603
5609
5618
5375
5383
5463
5468
5468
5483
5538
5556
5557
5570
5571
5603
5605
5620
5623
5631
5636
5638
5653
5655
5657
5659
4205
4275
4426
4467
4594
4650
4806
4846
4989
5041
5079
4228
4380
4723
4844
4934
5145
5485
5527
5508
5555
5283
5286
5341
5399
5527
5534
5593
5641
5660
5662
5669
5764
5799
5673
5681
5706
5746
5836
5823
5852
5853
5854
5855
5897
5933
5673
5689
5674
5677
5706
5685
5695
5717
5718
5718
5744
5749
5760
5783
5859
5920
5961
5808
5825
5822
5850
5852
5884
5884
5896
5931
5958
5947
6135
5978
5987
5994
6020
6058
6060
6065
6081
6084
6085
6132
6143
6148
6172
6184
6192
6165
6203
6212
5721
5828
5957
6077
5958
6076
6142
6219
6226
5850
5908
5929
6000
6223
6235
6238
6244
6243
6251
6255
6269
6259
6281
6284
6280
6285
6284
6286
6293
6299
6300
6304
6307
6308
6312
6314
6303
6304
6314
6315
6320
6323
6329
6338
6340
6347
6347
6348
6349
6349
6354
6370
6379
6383
6398
6389
6396
6401
6403
6413
6414
6416
6418
6424
6349
6351
6354
6411
6355
6407
6412
6417
6358
6399
6393
6417
6421
6424
6435
6425
6426
6434
6437
6359
6359
6361
6429
6460
6440
6446
6449
6450
6455
6459
6464
6465
6468
6476
6476
6477
6482
6483
6460
6463
6465
6474
6484
6486
6487
6494
6503
6477
6513
6547
6568
6574
6575
6588
6602
6456
6512
6543
6603
6608
6612
6706
6613
6754
6617
6775
7191
7465
7494
7638
7872
7646
7942
8035
8120
8160
8265
9718
9757
8618
8933
9028
9518
9632
9665
9988
10056
10533
10585
10769
6487
6491
6491
6491
6507
6512
6519
6538
6541
6513
6514
6517
6521
6524
6527
6532
6532
6544
6553
6553
6524
6556
6556
6558
6558
6563
6563
6569
6593
7205
6564
6569
6581
6593
6597
6635
10048
10474
6595
6595
6601
6603
6603
6613
7484
7790
8048
6596
6599
6609
6875
7042
7772
7970
8262
8348
8734
8824
8962
9032
9076
9130
9202
9623
9639
9859
10752
10819
9828
10097
10212
11027
11101
11314
11335
11435
11446
11681
10170
10329
11301
11828
11843
11866
11947
11962
12052
12055
12232
12353
12382
12575
13211
12490
12539
12949
13011
13254
13360
13491
13316
13535
13556
6618
6619
6621
6629
6630
6636
6638
6646
6629
6630
6631
6640
6648
6648
6684
6639
6678
6643
6695
6724
6730
6734
6762
6762
6772
6786
6803
6805
6641
6676
6692
6689
6722
6726
6765
6766
6768
6776
6815
6817
6819
6819
6813
6820
6821
6822
6831
6837
6840
6840
6845
6853
6854
6859
6860
6869
6883
6885
6896
6914
6887
6892
6894
6908
6917
6920
6934
6936
6938
6941
6950
6943
6954
6962
6963
6971
6974
6987
6990
7014
7044
6958
6968
6990
7022
7046
7055
7055
7065
7109
7109
7118
7128
6972
6976
6983
7000
7002
7011
7013
7051
7016
7063
7067
7116
7123
7129
7146
7148
6651
6651
6652
6654
6671
6655
6662
6670
6675
6680
6682
6688
6691
6699
6722
6719
6737
6726
6738
6739
6753
6757
6763
6774
6758
6768
6763
6775
6776
6787
6793
6799
6800
6802
6809
6812
6818
6819
6819
6821
6827
6838
6851
6873
6879
6886
6913
6847
6861
6863
6914
6923
6927
6931
6934
6934
6935
6935
6870
6898
6908
6914
6939
6956
6957
6960
6946
6959
6971
6972
6972
6973
6976
6981
6992
7002
7007
7019
6981
6990
6993
7008
7015
7020
7017
7022
7027
7029
7031
7039
7103
7106
7109
7110
7178
7047
7055
7055
7067
7076
7092
7102
7124
7131
7138
7148
7151
7166
7178
7201
7202
7152
7166
7172
7178
7182
7185
7195
7195
7202
7208
7213
7214
7163
7175
7213
7221
7224
7225
7226
7226
7235
7238
7247
7242
7243
7246
7251
7252
7255
7192
7216
7252
7257
7257
7260
7276
7262
7262
7270
7271
7279
7283
7275
7286
7287
7291
7294
7295
7302
7296
7296
7301
7303
7305
7306
7304
7310
7314
7314
7315
7315
7318
7321
7321
7344
7346
7348
7348
7349
7358
7362
7362
7373
7314
7318
7321
7374
7376
7335
7339
7360
7379
7365
7388
7391
7395
7395
7396
7409
7413
7415
7417
7420
7423
7424
7430
7440
7431
7432
7453
7454
7460
7461
7464
7476
6674
6763
6682
6785
6799
6723
6801
6815
6822
6842
6900
6913
7426
7058
7128
7250
7332
7082
7398
7479
7482
7483
7489
7489
7511
7511
7541
7483
7489
7489
7494
7527
7535
7538
7603
7548
7556
7563
7570
7571
7575
7586
7593
7606
7610
7611
7617
7618
7586
7592
7621
7630
7649
7671
7682
7702
7710
7669
7688
7700
7711
7718
7734
7713
7719
7747
7749
7773
7817
7730
7734
7759
7764
7772
7765
7772
7778
7798
7803
7827
7834
7855
7859
7859
6906
6955
6958
7116
7169
7174
7181
7186
7221
7231
7306
7344
7348
7352
7393
7482
7483
7487
7492
7509
7510
7525
7534
7537
7550
7553
7560
7573
7649
7651
7545
7578
7603
7655
7658
7672
7689
7718
7724
7742
7761
7769
7811
7799
7806
7815
7817
7845
7826
7831
7855
7856
7857
7703
7707
7711
7723
7765
7765
7857
7861
7863
7865
7872
7872
7873
7900
7933
7873
7880
7915
7953
7954
7990
7995
9729
8024
8042
8045
8089
8107
8135
8166
8166
8201
8336
8521
8344
8369
8512
8954
9197
8621
8751
8843
8855
9147
9177
9181
9333
8325
8363
8367
8419
8611
8880
9411
8938
9137
9215
9244
9309
9644
9474
9659
9758
9759
9763
9908
9959
10036
10116
10162
10236
8455
8471
8494
8544
8604
8827
8892
8963
9098
9228
9234
9324
9396
9426
9512
9035
9084
9247
9717
9750
9990
10008
10028
10039
10053
10133
10179
10184
10198
10223
10265
10273
10290
10291
10307
10318
10324
10419
10423
10464
10553
10570
10630
10637
10643
10658
10681
10687
10737
10885
10942
10770
11039
11072
11079
10864
10865
11121
11133
11215
11251
11335
11461
11577
11593
11087
11136
11185
11547
11551
11209
11496
11512
11646
11604
11675
11729
11788
11844
11903
11952
11979
11871
11879
12263
12388
11973
12062
12221
12294
12373
12403
12447
12453
12631
12078
12094
12115
12179
12258
12419
12504
12521
12210
12222
12388
12542
12575
12640
12402
12520
12623
12729
12742
7350
7352
7354
7360
7361
7375
7380
7391
7396
7404
7416
7415
7463
7470
7484
7385
7390
7397
7403
7405
7417
7454
7462
7420
7433
7479
7476
7528
7535
7541
7567
7547
7551
7596
7596
7597
7601
7457
7478
7513
7524
7527
7614
7624
7626
7630
7669
7627
7628
7631
7640
7645
7674
7672
7734
7738
7652
7674
7799
7851
7847
7871
7928
7971
7685
7703
7809
7700
7887
7901
7996
7998
7743
7754
7763
7764
7780
7830
7835
7894
7841
7939
7942
7987
7762
7866
7867
7892
7950
8014
8016
8048
8063
8069
8080
7773
7779
7839
7996
8007
8015
8048
8095
8157
8252
8283
8264
8316
8542
8408
8642
8353
8397
8650
8688
8489
8748
8793
8339
8376
8407
8427
8485
8523
8610
8637
8695
8724
8744
8826
8827
8828
8830
8846
8871
8877
8908
8912
8951
8076
8076
8081
8086
8109
8084
8100
8115
8146
8156
8133
8165
8180
8262
8293
8329
8328
8355
8358
8154
8266
8374
8415
8494
8610
8641
8438
8635
8660
8707
8727
8770
8825
8866
8894
8407
8421
8456
8474
8488
8501
8605
8629
8554
8597
8663
8676
8684
8697
8754
8765
8786
8803
8820
8850
8868
8797
8869
8882
8940
8874
8916
8916
8916
8961
8967
8974
8983
8998
8999
9000
9001
9006
9020
9001
9011
9025
9035
9037
7575
7580
7678
7956
7736
7957
7974
8009
8043
7844
7930
8142
8076
8137
8141
8203
8366
8396
8457
8460
8491
8533
8545
8594
8623
8691
8704
8917
8970
8972
9082
9123
9186
9281
9314
8834
8951
9038
9051
9156
9485
9583
9887
9057
9057
9061
9066
9077
9077
9091
9096
9105
9107
9110
9103
9123
9132
9133
9143
9148
9183
9194
9147
9156
9198
9205
9206
9209
9229
9285
9929
9944
10316
9233
9238
9241
9256
9266
9273
9283
9298
9300
9316
9317
9443
9501
9314
9351
9523
9569
9661
9691
9703
9737
9755
9759
9804
9818
10200
9806
10081
11060
11108
11668
11189
11472
11737
11921
11945
11960
9882
9900
9959
9991
10013
10045
10068
10082
10106
11244
11284
10026
10029
10049
10081
10096
10256
10273
10378
10451
10580
10902
10980
11455
10346
10669
10880
11172
11689
11481
11877
11638
11903
11986
12101
10411
10427
10472
10550
10667
10717
10731
10749
11045
10876
11178
11283
11301
11342
11445
11513
11531
11577
11616
11720
11733
11805
11808
11822
11828
11977
11961
12068
11990
12014
12126
12139
12117
12152
12160
12201
12307
12361
11858
11969
12319
12399
12426
12470
12480
12489
12706
12706
12718
12471
12524
12550
12738
12564
12633
12634
12775
12675
12734
12783
12768
12815
12834
12860
12877
12787
12856
12889
12899
12900
12922
9331
9375
9354
9356
9378
9382
9384
9382
9386
9392
9398
9417
9430
9442
9446
9459
9483
9491
9502
9504
9542
9579
9603
9607
9621
9526
9528
9529
9552
9556
9581
9563
9588
9592
9602
9633
9638
9661
9667
9698
9646
9650
9652
9657
9660
9661
9662
9666
9710
9741
9749
9750
9775
9720
9762
9774
9786
9946
10056
9848
9850
9851
9854
9880
9891
9892
9901
9927
9930
9932
9953
10084
10029
10069
10126
9935
9975
10091
10122
10128
10153
10194
10199
10267
10323
10139
10146
10208
10268
10398
10272
10275
10419
10419
10376
10390
10436
10448
10452
9941
9999
10056
10058
10168
10406
10478
10505
10459
10518
10533
10567
10549
10584
10596
10630
10585
10639
10644
10651
10647
10658
10659
10687
10752
10761
10798
10801
10814
10833
10841
10851
10220
10280
10338
10343
10354
10378
10445
10414
10420
10450
10738
10499
10563
10739
10742
10503
10534
10619
10856
10861
10857
10870
10873
10947
10990
11251
11258
11093
11137
11264
11277
11292
11372
11403
10878
10919
10929
10982
10985
11059
11147
11099
11209
11209
11365
11239
11301
11322
11420
11451
10865
10906
10950
10977
11039
11067
10884
10904
10907
10979
11160
11183
11158
11182
11274
11185
11275
11286
11302
11316
11319
11357
11364
11383
11399
11417
11537
11403
11494
11499
11516
11517
11556
11561
11529
11536
11540
11545
11551
11557
11584
11705
11640
11651
11674
11743
11759
11766
11782
11793
11794
11816
11603
11666
11668
11674
11687
11687
11705
11729
11757
11846
11762
11797
11825
11856
11866
9785
9797
9804
9820
9833
9869
9942
9958
9967
9984
10022
10071
10082
10092
10103
10110
10121
10156
10188
10224
10247
10269
10277
10299
10368
10398
10415
10516
10587
10609
10730
10638
10753
10754
10746
10755
10760
10786
10869
10841
10953
11045
11092
11193
11197
11239
11236
11281
11290
11346
11416
11418
11453
11465
11700
11855
12176
11479
11596
11626
11582
11628
11713
11862
11867
11870
11889
12079
12088
11789
11919
11926
11948
12005
12007
12080
12097
12101
11897
11901
11919
11934
11975
12049
12081
12026
12026
12106
11997
12099
12128
12177
12223
12107
12150
12154
12177
12224
12258
12258
12260
12289
12307
12334
12266
12298
12339
12342
12356
12286
12301
12324
12361
12377
12380
12391
12407
12410
12411
12414
12414
12420
12421
12422
12429
12453
12457
12461
12478
12485
12492
12522
12525
12536
12561
12563
12569
12577
12581
12583
12584
12597
12598
12601
12604
12619
12634
12653
12711
12705
12724
12730
12732
12733
12751
12771
12782
12854
12783
12784
12900
12790
12794
12934
12938
12952
12953
12981
12791
12829
12855
12902
12971
13010
12841
12944
12959
12846
12876
13015
12913
12930
12933
13041
13016
13016
13040
13046
13032
13041
13054
13058
13058
13062
13076
13095
13109
13067
13070
13083
13085
13088
13093
13107
13108
13116
13122
13138
13142
13143
13144
13154
13158
13163
13175
7875
7879
7886
7886
7890
7919
7934
7886
7887
7949
7953
7955
7956
7975
7978
7995
8000
8002
8004
8004
8007
8039
8045
8068
8074
8075
8095
8096
8097
8098
8104
8107
8110
8112
8120
8131
7935
7944
7982
7996
7991
8027
8028
8072
8121
8131
8134
8151
8156
8176
8187
7959
7978
8019
8031
7983
8041
8081
8095
8152
8103
8135
8157
8161
8168
8197
8202
8203
8208
8210
8211
8222
8224
8229
8237
8296
8214
8214
8277
8309
8342
8215
8218
8222
8269
8312
8386
8230
8238
8243
8251
8267
8284
8285
8288
8289
8293
8294
8318
8343
8352
8365
8375
8379
8388
8388
8400
8400
8416
8419
8420
8427
8432
8460
8468
8468
8468
8478
8480
8484
8486
8489
8493
8497
8510
8524
8526
8531
8572
8573
8539
8549
8591
8604
8611
8636
8619
8668
8673
8690
8712
8717
8717
8783
8677
8679
8680
8723
8747
8803
8828
8847
8698
8711
8724
8728
8736
8740
8759
8731
8748
8790
8799
8803
8804
8818
8835
8844
8858
8864
8874
8879
8882
8896
8905
8910
8963
8976
8930
8935
8943
8939
8947
8976
8988
8875
8882
8955
8968
9014
9016
9019
8990
8991
8998
9029
9031
8995
9013
9021
9024
9107
9120
9036
9052
9054
9056
9079
9190
9192
9039
9057
9065
9072
9086
9091
9132
9151
9189
9197
9198
9207
9211
9144
9148
9204
9240
9254
9265
9265
9268
9342
9353
9392
9460
9474
9493
9602
9270
9275
9280
9289
9290
9312
9327
9293
9305
9321
9328
9341
9341
9342
9366
9367
9372
9385
9394
9426
9387
9392
9406
9440
9452
9463
9564
9451
9549
9592
9595
9601
9638
9615
9653
9628
9658
9405
9482
9551
9563
9607
9607
9593
9604
9625
9630
9733
9679
9683
9697
9712
9727
9762
9768
9772
9786
9802
9782
9804
9810
8138
8169
8178
8218
8175
8179
8222
8263
8239
8254
8278
8292
8299
8312
8310
8322
8325
8345
8406
8364
8457
8469
8484
8551
8349
8416
8455
8493
8533
8546
8552
8558
8187
8231
8368
8402
8404
8480
8334
8342
8389
8416
8427
8520
8529
8560
8561
8580
8590
8618
8642
8685
8701
8577
8807
8657
8813
8800
8825
8836
8823
8831
8834
8839
8853
8856
8899
8903
8905
8936
8939
8948
8968
8746
8867
8869
9481
9702
10005
8874
8985
8997
8982
9016
9037
9139
9505
10122
10177
10229
9055
9106
9112
9143
9145
9149
9151
9161
9628
10271
8891
8960
8969
9073
9040
9079
8986
9225
9308
9504
9651
9832
9113
9132
9353
9404
9144
9194
9371
9475
9783
9833
9845
9905
9953
10004
10237
9957
10185
10198
10274
10289
9173
9177
9186
9195
9205
9210
9212
9214
9214
9220
9263
9268
9273
9276
9281
9292
9296
9319
9327
9397
9424
9427
9516
9596
9604
9290
9347
9615
9654
9617
9626
9765
9776
9769
9814
9398
9503
9624
9546
9710
9720
9748
9775
9822
9823
9846
9852
9859
9868
9917
9917
9863
9889
9916
9927
9943
9948
9949
9358
9388
9482
9483
9569
9647
9805
9687
9819
9857
9899
9951
9965
9978
10028
9967
10047
9969
10057
9972
9973
9986
10037
9979
10016
10035
10060
10063
9999
10061
10076
10079
10081
10084
10084
10089
10086
10091
10091
10096
10099
10111
10098
10116
10117
10118
10118
10128
10146
10159
10122
10147
10147
10148
10155
10160
10169
10177
10238
10173
10175
10185
10188
10189
10209
10212
10220
10226
10231
10239
10247
10274
10284
10290
10294
9223
9258
9278
9280
9290
9428
9435
9438
9290
9330
9432
9449
9451
9582
9455
9507
9586
9619
9747
9861
9949
9962
10029
10030
10049
10070
10095
9455
9493
9532
9583
9631
9737
9745
10165
9810
10060
10123
10205
10229
10012
10134
10305
10151
10311
10321
9510
9661
9756
9798
9910
9810
9930
10100
10111
10144
10326
10328
10335
10345
10355
10356
10356
10360
10376
10134
10147
10163
10147
10226
10230
10292
10302
10307
10311
10377
10381
9609
9766
10201
10328
10398
10399
9808
9814
10103
10392
10408
10410
10455
10184
10394
10466
10419
10421
10461
10471
10473
10475
10478
10478
10478
10485
10428
10433
10461
10486
10487
10489
10491
10494
10500
10500
10499
10502
10504
10506
10510
10511
10512
10515
10527
10533
10534
10531
10532
10541
10544
10545
10547
10551
10553
10555
10570
10570
10581
10594
10600
10602
10609
10611
10615
10615
10625
10600
10625
10643
10681
10612
10648
10687
10721
10726
10633
10637
10637
10643
10660
10686
10653
10673
10701
10707
10765
10731
10760
10777
10665
10668
10674
10689
10704
10704
10720
10737
10751
10754
10758
10768
10772
10780
10781
10787
10790
10810
10811
10827
10838
10839
10846
10850
10860
10863
10867
10867
10936
10962
10973
10877
10992
11055
11058
10899
10902
10952
11004
11078
11101
11137
11142
10871
10891
10927
10934
10940
11024
11025
11028
11052
11062
11087
11135
11177
11184
11243
11201
11244
11249
11258
10748
10768
10771
10846
10896
10903
10777
10783
10901
10805
10921
10900
10938
10957
11006
11020
11023
11042
11055
11083
11042
11091
11093
11143
11191
11214
11253
11307
11325
11360
11379
11324
11404
11148
11197
11234
11255
11263
11287
11288
11288
11292
11297
11297
11304
11366
11411
11299
11301
11302
11306
11312
11315
11332
11334
11355
11359
11367
11406
11368
11412
11436
11369
11371
11426
11457
11472
11472
11474
10937
10950
10942
10975
10944
10958
10980
10981
11004
11011
11018
11064
11071
11092
11128
11182
11228
11234
11248
11268
11284
11078
11090
11116
11142
11158
11211
11227
11250
11255
11261
11273
11302
11307
11308
11325
11351
11385
11389
11394
11401
11411
11414
11423
11443
11457
11461
11463
11469
11476
11476
11489
11011
11036
11069
11071
11162
11269
11273
11317
11343
11350
11415
11417
11428
11445
11488
11491
11495
11509
11559
11602
11597
11617
11619
11654
11679
11713
11715
11731
11735
11747
11816
11798
11828
11867
11846
11868
11873
12032
11906
11918
11969
12040
12077
12224
12425
12602
12629
12060
12095
12112
12112
12115
12118
12153
12207
12323
12167
12180
12235
12245
12358
12378
12383
12228
12329
12384
12395
12463
12463
12482
12496
12498
12518
12522
12561
12601
12611
12632
12682
11504
11506
11514
11515
11517
11532
11548
11521
11533
11533
11542
11551
11579
11587
11596
11600
11608
11612
11615
11615
11619
11557
11581
11602
11652
11604
11606
11608
11635
11669
11640
11672
11640
11644
11658
11674
11674
11679
11686
11705
11721
11728
11694
11761
11763
11773
11785
11795
11825
11834
11886
11882
11895
11957
11855
11882
11886
12002
12007
12007
12015
11683
11687
11713
11717
11719
11726
11729
11824
11728
11770
11773
11790
11844
11849
11849
11856
11875
11996
12025
11731
11750
11772
11733
11782
11748
11795
11816
11790
11827
11834
11840
11848
11854
11863
11885
11889
11886
11892
11895
11916
11929
11937
11954
11991
12036
12053
12081
11958
11991
12010
12028
12116
12019
12040
12119
12035
12123
12067
12116
12125
12145
12158
12179
12202
12220
12220
12174
12176
12212
12257
12260
12286
12356
12363
12487
12633
12649
12673
12704
12267
12901
12956
13098
13116
13121
13126
13189
13195
13212
13282
12183
12201
12239
12239
12259
12301
12318
12387
12460
12483
12377
12497
12575
12722
12755
12509
12532
12550
12670
12671
12788
12792
12526
12529
12656
12701
12773
12775
12797
12802
12814
12815
12822
12831
12838
12859
12888
12907
12984
13031
13032
13077
13089
13102
12911
12928
12991
13112
13136
13213
13215
13221
13228
13289
13314
13372
13387
13390
13348
13375
13397
13608
13446
13538
13632
13385
13411
13413
13434
13471
13493
13570
13592
13633
13639
13244
13298
13330
13355
13453
13470
13578
13590
13612
13642
13669
13669
13673
13684
13687
13707
13709
12279
12281
12300
12302
12317
12331
12363
12373
12384
12387
12479
12479
12491
12504
12511
12574
12564
12578
12557
12582
12599
12644
12707
12722
12726
12745
12813
12821
12833
12863
12874
12959
13165
13156
13172
12620
12661
12738
12762
12842
12812
12825
12875
12881
12887
12891
12979
12909
12911
12921
12943
12957
12987
12997
13112
13177
13181
13185
13197
13199
13213
13004
13005
13023
13031
13093
13210
13289
13402
13402
13227
13244
13257
13342
13393
13386
13399
13409
13410
13445
13446
13492
13493
12404
12481
12486
12500
12514
12610
12888
12711
12906
12948
12987
13059
13210
12860
13210
13235
13211
13273
13382
13466
13588
13594
13577
13598
13528
13536
13538
13558
13572
13575
13577
13599
13599
13600
13609
13610
13612
13613
13639
13613
13618
13643
13665
13641
13658
13692
13693
13697
13711
13713
13719
13720
13723
13723
13724
13726
13737
13740
13740
13726
13727
13743
13743
13744
13762
13765
13736
13740
13748
13764
13769
13772
13774
13782
13786
13788
13795
13797
13799
12886
12893
12904
12964
12967
13010
13063
13069
13085
13109
13133
13264
13333
13365
13377
13390
13458
13467
13488
13575
13586
13635
13641
13681
13756
13777
13783
13796
13796
13819
13819
13846
13866
13822
13836
13837
13841
13862
13853
13872
13873
13896
13895
13899
13918
13925
13931
13959
13963
13972
13976
14014
14015
14018
14037
14046
14047
14060
14089
14093
14101
14138
14127
14140
14163
14163
14163
14164
14171
14181
14207
14232
14238
14240
14262
13888
13893
13899
13901
13911
13914
13914
13915
13922
13933
13975
13979
13985
13994
13998
14090
14027
14087
14091
14129
14141
14145
13911
13919
13919
13920
13922
13990
13992
14004
14089
14166
14149
14156
14213
14199
14220
14237
14239
14260
14261
14013
14018
14018
14075
14131
14179
14057
14120
14181
14224
14225
14240
14245
14265
14266
14272
14275
14275
14277
14281
14284
14285
14040
14049
14051
14083
14087
14096
14109
14165
14128
14227
14239
14271
14259
14325
14326
14326
14328
14342
14378
14346
14355
14383
14107
14136
14285
14300
14306
14310
14312
14334
14346
14343
14348
14368
14337
14375
14381
14388
14391
14393
14401
14403
14409
14417
14418
14419
14433
14434
14437
14441
14448
14451
14456
14460
14465
14474
14480
14485
14492
14489
14505
14520
14502
14525
14531
14465
14478
14487
14508
14517
14524
14537
14535
14535
14542
14554
14558
14562
14564
14567
14421
14431
14435
14497
14568
14518
14522
14605
14613
14614
14585
14635
14598
14599
14602
14661
14609
14609
14610
14617
14657
14661
14670
14714
14724
14735
14746
14628
14630
14632
14639
14644
14663
14680
14668
14682
14691
14701
14715
14708
14719
14730
14751
14756
14740
14757
14758
14763
14764
14765
14772
14775
14780
14792
14794
14797
14805
14808
14817
14769
14769
14785
14790
14793
14805
14818
14821
14822
14825
12053
12141
12192
12222
12243
12265
12064
12117
12150
12178
12156
12198
12265
12292
12294
12312
12313
12322
12338
12341
12346
12402
12417
12262
12304
12323
12361
12377
12427
12472
12490
12501
12513
12517
12531
12532
12614
12628
12662
12433
12455
12464
12533
12476
12586
12613
12616
12654
12702
12709
12729
12704
12742
12751
12765
12784
12789
12803
12842
12873
12812
12817
12855
12925
12996
13053
13121
13137
12823
12834
12953
13229
13307
13312
13684
12856
12894
12924
12980
13056
13061
13109
13183
13303
13305
13569
13605
13796
13804
13807
12947
12970
13034
13086
13107
13211
13270
13327
13418
13436
13479
13632
13481
13527
13597
13612
13659
13701
13839
13747
13861
13870
13871
13881
13891
13898
13911
13912
13943
13956
13989
13949
14000
13140
13150
13159
13186
13202
13187
13188
13197
13237
13220
13239
13250
13268
13274
13280
13286
13323
13281
13299
13313
13296
13316
13317
13325
13331
13334
13348
13353
13354
13374
13387
13390
13408
13406
13409
13410
13413
13407
13440
13451
13477
13423
13441
13451
13470
13487
13502
13516
13431
13462
13537
13543
13544
13559
13575
13546
13558
13559
13574
13575
13577
13577
13584
13595
13602
13606
13619
13608
13614
13622
13624
13634
13638
13639
13640
13640
13644
13652
13661
13692
13650
13690
13653
13715
13722
13724
13725
13670
13706
13731
13756
13783
13792
13804
13822
13880
13733
13747
13763
13798
13795
13802
13806
13859
13877
13883
13884
13913
13914
13856
13874
13886
13937
13976
13929
13977
13979
13975
13982
13984
13988
14006
14032
14037
14040
14038
14047
14049
13862
13878
13887
13896
13897
13913
13950
13954
14029
13957
13959
13988
14030
14065
14077
14048
14053
14054
14058
14083
14086
14089
14113
14101
14126
14127
14131
14132
14139
14148
14169
14208
14215
14273
14187
14197
14197
14200
14204
14225
14232
14294
14321
14328
14328
14236
14246
14255
14247
14265
14274
14279
14308
14341
14437
14440
14300
14300
14300
14323
14347
14356
14464
14320
14369
14393
14426
14443
14456
14469
14471
14476
14477
14486
14479
14505
14517
14523
14540
14548
14555
14539
14543
14559
14560
14567
14345
14346
14350
14350
14353
14404
14419
14425
14445
14470
14486
14531
14548
14550
14567
14570
14582
14584
14585
14589
14591
14594
14600
14614
14614
14615
14619
14622
14627
14632
14634
14635
14637
14643
14644
14076
14098
14106
14135
14158
14170
14196
14226
14226
14252
14257
14273
14304
14308
14310
14419
14573
14636
14646
14687
14328
14354
14400
14411
14436
14508
14514
14644
14696
14373
14412
14491
14536
14582
14657
14661
14663
14697
14698
14711
14726
14503
14515
14570
14582
14597
14652
14653
14674
14661
14663
14671
14684
14711
14762
14767
14784
14728
14732
14760
14791
14792
14793
14803
14813
14826
14674
14675
14686
14687
14794
14695
14698
14710
14773
14812
14879
14881
14893
14898
14899
14900
14913
14917
14926
14957
14692
14703
14745
14752
14847
14872
14886
14894
14951
14958
14982
14987
15002
15009
15026
15029
14835
14838
14838
14847
14857
14855
14861
14869
14870
14882
14848
14852
14850
14858
14853
14863
14866
14873
14881
14887
14887
14887
14890
14890
14891
14892
14893
14897
14897
14901
14938
14944
14966
15089
14988
15016
15016
15076
15137
14906
14932
14934
14959
14997
15010
14964
15009
15061
14979
15016
15080
15038
15085
15106
15118
15122
15136
15141
15141
15147
14999
15043
15040
15064
15059
15077
15061
15074
15090
15100
15081
15087
15099
15101
15103
15106
15110
15115
15126
15133
15145
15154
15155
15159
15165
14903
14912
14947
14974
14961
14990
14998
15000
14927
14940
14965
14999
15000
15069
15090
15110
15010
15013
15030
15037
15040
15047
15087
15090
15115
14979
14995
15002
15002
15025
15032
15084
15101
15104
15123
15123
15136
15145
15140
15151
15151
15156
15163
15173
15175
1163
1165
1172
1175
1178
1181
1183
1186
1187
1186
1187
1187
1187
1190
1192
1192
1192
1193
1194
1196
1197
1200
1200
1204
1205
1207
1212
1216
1217
1219
1205
1205
1215
1225
1226
1218
1220
1220
1223
1227
1237
1227
1230
1230
1235
1238
1242
1244
1232
1232
1248
1257
1258
1271
1272
1285
1289
1273
1277
1291
1292
1293
1298
1296
1296
1297
1303
1304
1308
1312
1312
1312
1313
1317
1318
1330
1341
1348
1381
1330
1344
1360
1383
1390
1391
1223
1223
1232
1243
1254
1257
1258
1261
1270
1304
1315
1320
1226
1240
1244
1265
1272
1276
1285
1341
1382
1395
1418
1425
1430
1463
1466
1554
1478
1524
1585
1277
1294
1294
1308
1309
1347
1350
1458
1363
1371
1592
1596
1623
1643
1367
1403
1423
1431
1537
1625
1669
1545
1566
1569
1581
1589
1614
1629
1668
1671
1676
1684
1700
1430
1433
1440
1447
1453
1459
1463
1475
1476
1522
1557
1578
1599
1639
1667
1676
1691
1711
1764
1769
1828
1838
1856
1488
1521
1568
1570
1592
1625
1628
1633
1711
1722
1740
1747
1784
1796
1810
1817
1830
1861
1864
1873
1891
1900
1598
1608
1665
1781
1911
1935
1936
1943
1958
1952
1969
1962
2013
2015
2025
2026
2053
2061
2072
2035
2075
2083
2139
2156
2203
2085
2103
2108
2152
2194
2204
2217
2226
1642
1655
1673
1689
1692
1705
1711
1716
1714
1719
1743
1719
1745
1748
1750
1757
1766
1766
1767
1802
1843
1858
1790
1806
1836
1864
1866
1865
1869
1875
1878
1877
1892
1897
1920
1925
1931
1934
1936
1938
1944
1951
1962
1965
1971
2004
1986
1997
2033
2036
1999
2067
2018
2094
2099
2100
2114
2125
2044
2121
2145
2158
2163
2186
2170
2177
2199
2222
2223
2224
2265
2275
2306
2293
2304
2310
2336
2191
2200
2253
2293
2328
2332
2341
2341
2229
2241
2246
2259
2271
2266
2274
2288
2289
2294
2305
2350
2373
2403
2416
2429
2334
2340
2347
2364
2365
2380
2381
2383
2386
2392
2392
2396
2404
2411
2424
2425
2426
2432
1900
2227
2251
2259
2264
2434
2436
2439
2440
2435
2443
2445
2447
2456
2471
2485
2486
2489
2483
2487
2493
2504
2516
2525
2527
2530
2531
2539
2712
2541
2561
2565
2574
2589
2613
2638
2648
2658
2693
2709
2713
2761
2773
2913
3022
3072
2730
2764
2798
2816
2838
2919
2931
2935
2948
2972
2970
3006
3054
3094
3096
3109
3073
3104
3111
3117
3146
3192
3274
3283
2533
2535
2537
2575
2540
2543
2551
2552
2582
2607
2650
2730
2730
2873
2896
2583
2672
2732
2757
2793
2762
2779
2787
2953
2917
2925
2959
2597
2616
2688
2714
2728
2764
2806
2839
2893
2900
2918
2984
2993
3015
3028
3081
3086
3086
3095
3098
3115
3119
3122
3122
2823
3057
3058
3084
3144
3147
3152
3164
3239
3292
3209
3222
3310
3259
3263
3297
3299
3339
3360
3369
3370
3332
3368
3410
3417
3438
3439
3347
3357
3369
3378
3381
3409
3411
3424
3442
3415
3446
3457
3451
3458
3460
3465
3468
2545
2559
2561
2620
2625
2633
2643
2659
2655
2666
2668
2670
2702
2730
2738
2754
2776
2802
2822
2848
2866
2910
2942
3032
2914
3032
3038
3065
3104
3251
3253
3330
3232
3392
3394
3407
3417
2674
2690
2699
2718
2772
2823
2837
2940
3013
3066
3090
3166
3288
3070
3286
3318
3324
3324
3324
3329
3359
3291
3397
3426
3432
3460
3484
3509
3516
3532
3532
3539
2781
2793
2801
2828
2842
2861
2871
2957
3035
3045
3091
3181
3248
3318
3423
3456
3202
3253
3273
3347
3383
3344
3392
3469
3512
3501
3526
3534
3545
3555
3556
3471
3475
3497
3509
3520
3526
3530
3535
3536
3538
3541
3550
3562
3570
3563
3587
3610
3579
3606
3632
3642
3586
3632
3642
3664
3664
3670
3680
3643
3651
3667
3690
3681
3690
3693
3598
3601
3607
3608
3622
3642
3649
3667
3685
3687
3691
3694
3695
3697
2358
2402
2501
2904
3020
3026
3057
3173
3288
3354
3451
3386
3700
3703
3743
3760
2896
3132
3350
3526
3726
3468
3788
3763
3814
3767
3782
3874
3789
3936
4077
3824
3824
3883
3935
3935
3957
3842
3974
4045
4061
4092
4145
4162
4310
4470
4271
4468
4489
4523
4558
4565
4627
4645
4674
3919
3972
4001
4063
4106
4231
4241
4256
4050
4148
4149
4554
4636
4673
4734
4758
4779
4795
4802
4819
4836
4293
4313
4345
4363
4516
4788
4580
4846
4874
4880
4918
4928
4941
3771
3794
4389
4435
4599
4909
4950
4961
4988
5021
5022
5029
5037
5044
5047
5058
5161
5105
5216
5399
5424
5462
5464
5666
5524
5632
5690
5702
5823
6129
6255
5843
5858
6027
6147
6049
6243
6364
6424
5058
5071
5071
5102
5351
5450
5487
5465
5513
5526
5556
5577
5586
5599
5607
5717
5796
5839
5905
5959
5980
5980
6044
6106
6150
6213
6257
6337
6358
6447
6668
6378
6470
6484
6582
6670
6491
6578
6774
6787
6794
6808
6862
6593
6816
6836
6866
6876
6882
3714
3728
3772
3783
3871
3784
3787
3788
3810
3844
3983
4049
4061
4069
4225
4452
4069
4077
4199
4258
4359
4535
4708
4720
4749
4869
4869
4871
4878
4914
3793
3801
3802
3820
3839
3894
4040
3874
3891
4055
4230
4847
4034
4056
4135
4313
4336
4379
4853
3944
3946
4923
4957
5202
5435
5457
5544
5826
5573
5802
5910
5997
5660
6168
5773
6015
6092
6188
4165
4193
4237
4302
4621
4675
4678
5008
5091
4796
5785
5901
5969
5989
6255
6137
6484
6537
6623
6550
6575
6636
6658
6689
6726
6729
6730
6746
6746
4426
4511
4573
4575
4690
4818
4829
4900
4912
4941
5034
5009
5132
5463
5163
5238
5602
5794
5858
5753
5854
5855
5893
5934
6030
6228
6454
6477
6592
6717
6768
6772
6772
6819
6996
7070
7089
6872
6930
7125
7155
7364
7376
6916
7039
7040
7062
7109
7122
7219
7399
6882
6886
6905
6914
6916
6922
6925
6988
7006
7027
7038
7038
7133
7138
7178
7289
7168
7197
7299
7361
7310
7322
7325
7427
7438
7372
7387
7402
7454
4237
4241
4275
4290
4296
4366
4516
4518
4363
4373
4495
4498
4467
4492
4502
4523
4543
4289
4384
4389
4439
4548
4560
4614
4690
4713
4751
4781
4785
4833
4840
4858
4876
4880
4553
4567
4586
4647
4683
4740
4863
4797
4895
4914
4916
4920
4878
4926
4936
4942
4956
4960
4999
4992
5008
5019
5086
5104
5121
5140
5162
5171
5210
5221
5338
5317
5353
5363
5234
5386
5397
5415
5446
5456
5466
5468
5473
5479
5483
5513
5514
5522
5550
5595
5613
5486
5496
5624
5641
5670
5683
5514
5617
5620
5663
5689
5697
5705
5706
5710
5719
5723
5759
5772
5799
5810
5813
5827
5828
5832
5805
5833
5858
5886
5906
5917
5919
5920
5938
5958
5969
5981
5993
5997
6075
6082
6098
6115
4575
4601
4913
5010
4706
5071
5131
5275
5302
5315
5340
5365
5445
5494
5562
5379
5556
5566
5631
5708
5769
5824
5947
6117
6137
6167
6188
6278
6295
6200
6215
6242
6283
6358
6259
6277
6340
6381
6416
6453
6472
6421
6426
6485
6530
6537
6263
6381
6575
6595
6597
6600
6605
6617
6636
6615
6640
6643
6667
6672
6682
6699
6715
6739
6751
6790
6799
6804
6809
6836
6850
6881
6985
7005
7035
7046
6818
6827
7162
7047
7209
7357
7105
7137
7363
7153
7264
7423
7473
7474
7475
7491
6871
6907
6969
7011
7041
7041
7043
7185
7222
7320
7335
7351
7089
7363
7406
7449
7486
7497
7528
7555
7563
7659
7662
7471
7474
7477
7478
7497
7499
7663
7678
7683
7714
7502
7510
7520
7530
7543
7544
7553
7555
7562
7572
7588
7591
7622
7626
7633
7636
7641
7655
7656
7660
7664
7665
7689
7695
7729
7711
7729
7729
7732
7745
3825
3830
3833
3866
3867
3883
3922
3947
3983
4032
4038
4073
3877
3886
3897
3907
3922
3989
4003
4027
4147
4158
4178
4211
4243
4275
4254
4304
4311
4357
4411
4412
4432
4441
4460
4475
4535
4554
4584
4615
4638
4644
4808
4849
4629
4707
4742
4782
4821
4841
4897
3965
3976
3994
4007
4014
4017
4045
4240
4276
4288
4008
4205
4285
4399
4477
4745
4779
5090
5127
5131
4298
4388
4418
4489
4588
4589
4591
4607
4918
4956
5048
4599
4715
4745
4768
4771
4834
4884
4927
4931
4942
5033
5164
5508
5153
5209
5411
5469
5621
5680
5730
6020
6189
6271
6429
5553
5617
5686
5825
5921
6003
6099
5984
6113
6215
6053
6209
6237
6409
6430
6449
6465
6413
6479
6525
6526
6590
4957
5003
4989
5004
5000
5032
5064
5159
5183
5299
5375
5351
5467
5508
5540
5551
5565
5927
5630
5684
5746
5846
5942
5943
5943
5951
6211
6264
6352
6271
6386
6428
6447
6452
6545
6575
6611
6667
6627
6740
6725
6744
6755
6738
6740
6767
6786
6813
7003
7152
6778
6789
6842
6973
6990
7102
7167
7210
6896
6953
6957
7029
7178
7282
7291
7391
7394
7072
7141
7243
7286
7421
7494
7497
7517
7524
7540
5107
5262
5286
5286
5297
5355
5303
5357
5357
5372
5365
5377
5559
5573
5592
5403
5481
5606
5619
5648
5792
5851
5861
5684
5845
5966
5985
5711
6127
6157
6215
6252
6296
6431
6485
6497
6564
6672
6692
6745
6801
6872
7194
7324
7408
6856
6948
7067
6983
7063
7316
7565
5931
6077
6185
6323
6350
6434
6446
6533
6639
6725
6745
6767
6773
6869
7072
7076
7125
7154
7154
7161
7266
7279
7295
7329
7332
7503
7595
7605
7667
7757
7818
7630
7650
7725
7727
7742
7748
7760
7812
7826
7893
7910
7935
7356
7359
7361
7528
7530
7562
7649
7680
7736
7683
7694
7698
7742
7850
7747
7835
7851
7912
7963
7830
7976
7986
7997
8047
7994
7996
8011
8031
8056
4835
5139
5392
5027
5439
5750
5830
5980
6075
6407
6145
6471
6984
7229
6850
7302
7613
7761
7761
7764
7776
7767
7782
7794
7803
7823
7827
7801
7804
7810
7814
7814
7823
7831
7833
7833
7834
7850
7835
7839
7866
7872
7879
7895
7905
7914
7955
7949
7960
7985
7988
7841
7882
7927
7952
7905
7916
7951
7931
7962
7962
7990
7991
7996
8015
8025
8033
8043
8045
8062
8065
8082
8090
8091
8099
8101
8103
8107
8116
8116
8125
8233
8422
8489
8128
8131
8135
8140
8153
8154
8185
8204
8209
8215
8216
8220
8223
8231
8240
8246
8243
8247
8248
8253
8268
8290
8300
8301
8145
8194
8194
8261
8181
8317
8346
8196
8197
8240
8242
8253
8305
8317
8369
8341
8364
8365
8396
8397
8404
8434
8441
8446
8458
8464
8450
8457
8461
8475
8477
8479
8500
8514
8515
8519
8575
8580
8519
8578
8593
8594
8620
8629
8633
8662
8686
8688
8680
8689
8719
8725
8735
8708
8730
8744
8766
8780
8776
8779
8781
8786
8789
8817
8234
8494
8673
8813
8823
8830
8852
8720
8747
8824
8878
8884
8823
8829
8891
8894
8909
8914
8928
8948
8956
8958
8996
9063
9071
8959
8964
8982
8988
8996
9012
9083
9069
9096
9146
9163
9165
9167
9182
9199
9201
9026
9029
9038
9060
9076
9098
9113
9090
9127
9108
9184
9204
9227
9227
9239
9248
9254
9264
9271
9277
9281
9277
9293
9298
9299
9317
9320
9324
9333
9360
9427
9428
9479
9464
9507
9520
9523
9740
9982
9539
9548
9551
9554
9592
9549
9581
9594
9603
9605
9619
9620
9635
9739
9863
9875
9916
9938
10017
10124
9633
9708
9714
9739
9745
9949
9749
9812
9952
9967
9975
9999
10010
10052
10038
10056
10096
10100
10119
10150
10164
10202
10207
10216
10267
10236
10240
10260
10268
10277
10309
10359
10501
10422
10510
10244
10322
10336
10353
10532
10550
10560
10578
10564
10576
10572
10577
10598
10369
10378
10420
10436
10457
10624
10661
10645
10696
10652
10744
10683
10749
10725
10759
10774
8316
8322
8329
8342
8407
8516
8521
8564
8641
8528
8563
8672
8685
8758
8793
8824
8872
8355
8391
8391
8458
8418
8454
8482
8553
8557
8561
8613
8631
8646
8668
8700
8678
8689
8704
8705
8780
8838
8896
8883
8912
8919
8932
8941
8944
8955
8976
8988
9007
9027
9034
9107
8713
8778
8886
8926
8976
9049
9109
9127
8734
8762
8781
8797
8848
8851
8915
8980
9031
9036
9040
9044
9056
9080
9137
9151
9158
9181
9189
9203
9268
9297
9321
9396
9563
9284
9289
9293
9295
9299
9480
9649
9712
9822
9865
9986
10049
9333
9377
9416
9433
9522
9546
9556
9591
9611
9692
9722
9723
9772
9823
9404
9414
9566
9424
9461
9477
9683
9625
9698
9702
9801
9852
9856
9874
9776
9904
9934
9994
10111
10177
10205
10292
10364
10537
10579
10610
10001
10078
10158
10237
10396
10471
10565
10509
10623
10650
10650
10663
10666
10709
10719
10692
10731
10761
10740
10840
10876
10927
10822
10902
10983
9924
9935
10028
10128
10179
10242
9932
10245
10274
10364
10462
9964
10038
10282
10231
10455
10488
10514
10489
10526
10532
10561
10285
10301
10534
10559
10602
10611
10614
10648
10697
10727
10728
10748
10641
10713
10767
10774
10777
10778
10788
10793
10815
10828
10864
10817
10818
10881
10884
10904
10970
10824
10851
10897
10939
11027
10862
10908
10928
10864
10943
10986
11007
11025
11030
11047
9340
9341
9342
9398
9404
9421
9412
9417
9438
9446
9454
9465
9470
9459
9477
9514
9514
9476
9512
9519
9536
9561
9569
9582
9583
9613
9663
9668
9696
9786
9943
9593
9635
9694
9715
9726
9752
9791
9771
9772
9800
9830
9841
9816
9858
9861
9883
9902
9947
10104
10173
10229
10237
9909
9936
10040
10166
10236
10256
10259
10270
10301
10331
10334
10345
10352
10370
10406
10410
10436
10513
10543
10457
10494
10578
10817
10868
11083
11096
11157
11217
11258
11316
10627
10700
10751
10774
10789
10806
10864
10907
10907
10912
10937
10959
11000
11002
11034
11048
11054
11087
11108
11146
11152
11188
11127
11211
11213
11231
11150
11222
11264
11267
11323
11332
11352
11362
11364
11380
11422
11433
11464
11370
11423
11425
11442
11462
11478
11499
10677
10988
10995
11055
11318
11320
11337
11460
11472
11497
11524
11536
11559
11570
11619
11667
11601
11616
11645
11659
11631
11645
11685
11692
11710
11714
11732
11748
11748
11750
11768
11787
11788
11768
11773
11778
11793
11796
11818
11772
11778
11822
11830
11834
11862
11884
9730
9747
9777
9739
9778
9782
9855
9858
10118
10126
10129
10298
10322
10379
9860
9865
9884
10091
10260
10329
10354
10469
10172
10176
10196
10260
10270
10325
10547
10802
10648
10732
10759
10882
10309
10356
10350
10358
10365
10366
10388
10423
10694
10735
10763
10771
11062
10428
10563
10589
10665
10839
10974
11017
11082
11083
11109
11116
11105
11113
11119
11139
11142
11143
11160
11174
11233
11286
11301
11572
11649
11720
11727
11153
11165
11213
11578
11175
11185
11269
11646
11654
11768
11778
11829
11305
11394
11453
11494
11553
11553
11611
11599
11626
11774
11782
11775
11832
11855
11888
10837
10869
10953
11052
11075
10896
10904
11090
11093
10917
11085
11106
11122
11068
11068
11071
11073
11132
11136
11103
11105
11125
11148
11156
11190
11206
11221
11222
11227
11241
11247
11259
11280
11307
11311
11323
11335
11337
11533
11541
11354
11368
11401
11428
11444
11486
11488
11528
11472
11529
11510
11529
11543
11569
11622
11627
11679
11552
11555
11565
11604
11617
11630
11631
11633
11634
11669
11678
11678
11662
11701
11727
11762
11764
11757
11767
11769
11786
11787
11810
11830
11833
11848
11856
11935
11870
11895
11896
11945
11897
11922
11971
11912
11977
11971
11977
12048
11987
12051
12069
12090
12096
12126
11849
11906
11945
12064
11916
11919
11922
12113
12123
12128
12140
12164
12169
12174
12182
12196
12198
12210
12216
12216
12233
12234
12238
12252
12276
12277
12287
11952
11967
11954
11973
11994
12003
12052
12127
12132
12151
12171
12016
12022
12023
12050
12084
12107
12134
12052
12102
12124
12136
12175
12093
12127
12179
12179
12180
12185
12187
12200
12210
12279
12317
12179
12294
12303
12303
12337
12341
12342
12204
12288
12303
12322
12335
12352
12217
12240
12271
12320
12349
12358
12359
12372
12383
12394
12407
12368
12373
12374
12376
12379
12398
12388
12404
12406
12415
12417
12419
12436
12444
12444
12450
12458
12509
12674
12480
12484
12485
12493
12527
12518
12557
12562
12562
12579
12587
12597
12593
12603
12608
12639
12655
12651
12696
12696
12705
12719
12731
12746
12461
12473
12477
12537
12539
12589
12618
12654
12672
12680
12714
12724
12540
12571
12606
12617
12639
12641
12731
12733
12769
12799
12769
12804
12616
12657
12661
12663
12705
12726
12728
12731
12743
12752
12822
12757
12821
12845
12864
12892
12899
12917
12948
12522
12531
12552
12560
12570
12591
12590
12605
12607
12613
12624
12638
12633
12650
12675
12674
12700
12704
12637
12729
12747
12749
12757
12778
12780
12785
12635
12701
12714
12766
12769
12669
12677
12790
12801
12803
12804
12839
12882
12891
12905
12920
12930
12971
12972
13004
13014
13016
13031
13036
12805
12808
12816
12821
12846
12817
12837
12873
12925
12838
12854
12884
12928
12966
12862
12870
12873
12928
12957
12978
12994
13001
12877
12884
12886
12891
12922
12932
12951
12954
12955
12958
12985
13013
13040
13049
13051
13052
1336
1336
1336
1346
1348
1348
1357
1388
1391
1398
1406
1420
1414
1417
1421
1364
1369
1374
1381
1390
1390
1433
1437
1447
1453
1466
1470
1470
1496
1503
1515
1521
1530
1534
1535
1541
1543
1406
1415
1416
1417
1437
1452
1491
1439
1440
1440
1445
1506
1510
1447
1535
1544
1545
1549
1460
1463
1478
1505
1526
1534
1552
1550
1552
1555
1565
1571
1561
1563
1577
1578
1579
1582
1586
1594
1594
1595
1597
1597
1599
1599
1612
1612
1622
1625
1626
1628
1636
1640
1640
1646
1646
1650
1663
1665
1673
1686
1688
1720
1692
1779
1813
1838
1840
1857
1890
1892
1892
1860
1899
1903
1906
1703
1705
1725
1713
1767
1771
1774
1778
1769
1784
1787
1826
1855
1878
1902
1908
1870
1914
1928
1933
1944
1950
1995
2006
1979
1998
2003
2008
2009
2017
2020
2025
2033
2047
2053
2062
2094
2109
2124
2134
2138
2146
2063
2100
2102
2106
2121
2125
2075
2118
2120
2135
2144
2080
2139
2156
2171
2171
2174
2185
2197
2221
2174
2200
2203
2217
2223
2245
2275
2232
2236
2259
2282
2283
2295
2301
2309
2307
2310
2340
2353
2400
2513
2422
2444
2526
2609
2316
2325
2336
2371
2389
2456
2492
2539
2565
2632
2708
2655
2679
2680
2683
2686
2711
2734
2734
2344
2370
2390
2371
2413
2423
2447
2465
2482
2501
2546
2557
2562
2587
2608
2670
2705
2712
2790
2802
2817
2842
2895
2903
2945
2846
2928
2935
2952
2956
2960
2959
2967
2975
3001
3003
3027
3037
3045
3046
2509
2534
2535
2578
2580
2580
2610
2615
2623
2582
2665
2677
2742
2751
2752
2626
2664
2701
2726
2754
2761
2769
2795
2796
2806
2830
2814
2855
2892
2906
2923
2953
3072
2942
2982
3004
3340
3396
2996
3050
3071
3077
3103
3475
3842
3072
3077
3078
3083
3080
3083
3123
3090
3112
3135
3269
3417
3167
3428
3504
3802
3879
4067
4179
4227
3138
3155
3226
3682
3718
3752
3815
3894
3920
3945
4091
3976
4188
4229
4276
3221
3251
3309
3347
3370
3483
3384
3494
3501
3641
3803
3842
3982
4205
4210
4343
4024
4279
4287
4313
4339
4346
4366
4367
4369
4445
4460
3158
3267
3372
3457
3484
3986
4388
4432
4476
4503
4550
4578
4637
4732
4640
4764
4803
4840
4874
4880
4881
4974
4977
4980
5026
5097
5143
5254
5255
5270
5217
5355
5532
5266
5435
5448
5616
5702
5702
5710
5816
5915
5979
6041
5998
6058
6133
6242
6332
6427
6096
6131
6169
6319
6339
6411
6182
6345
6436
6555
6580
6681
4518
4568
4599
4585
4634
4676
4728
4741
4743
4747
4755
4770
4827
4850
4904
4931
4854
4967
4970
5123
5211
5219
5247
5253
4596
4915
5414
5422
5462
5496
5507
5520
5613
5839
5539
5580
5581
5618
5675
6239
6358
6361
6408
6731
6796
6843
5892
5901
5902
6044
6181
6254
6394
6424
6561
6611
6643
6673
6770
6845
6868
7009
6078
6104
6175
6261
6653
6740
6675
6789
7017
7035
6345
6479
6552
6769
6948
6951
6956
7063
7070
7093
7114
7128
7129
7129
7134
7148
1676
1688
1707
1710
1739
1685
1767
1782
1789
1789
1797
1808
1853
1827
1838
1889
1911
1889
1920
1679
1712
1713
1733
1747
1789
1797
1840
1847
1916
1918
1937
1941
1951
1968
1970
1956
1963
1988
1984
2018
2031
2043
2089
2077
2079
2093
2247
2271
2338
2321
2371
2417
2706
3066
3102
3237
3385
3075
3430
3790
3798
3850
3998
4132
4133
4139
2038
2091
2133
2605
2685
2904
2712
3529
2866
3044
3629
3724
3866
2091
2160
2409
2787
2800
3628
3798
3899
3908
4061
4147
4367
2280
2302
2371
2507
2816
2446
2617
2841
2456
2894
3014
3145
3177
3178
3250
3767
2647
2692
2737
2926
3079
3173
3327
3373
3866
4278
4290
3213
3443
3592
3533
3692
3487
3849
4048
4148
4320
4321
4368
4409
4450
4545
4579
4646
4656
4657
2664
2810
3048
3104
2882
2886
3021
3235
3256
3020
3609
3709
4227
4287
4295
4619
4700
4725
4739
4839
4841
4739
4903
4810
4921
5034
4982
5064
5091
5161
5201
5230
5321
5393
4788
4884
4887
5017
4919
4938
5097
5280
5286
5321
5369
5397
5408
5410
5444
4896
4926
5122
5181
5250
5377
5491
5505
5553
5583
5600
6154
5603
5701
5706
5735
5740
5760
5901
5989
5772
5788
5930
6068
5836
5853
5876
6013
6101
6054
6070
6073
6092
6111
6137
6150
6183
6286
6294
6296
1886
1902
1947
1971
1985
1905
1935
1935
1972
1976
1991
1992
2026
2042
2133
2213
2344
2303
2383
2429
2070
2083
2673
2473
2478
2675
2488
2520
2567
2712
2149
2189
2211
2308
2330
2490
2332
2372
2416
2603
2607
2634
2637
2647
2647
2718
2718
2735
2811
2740
2750
2871
2899
2923
2972
2788
2983
3050
3106
3107
3151
3277
3284
3302
3418
3437
3437
3471
3475
3555
3675
3686
3816
3854
3875
3201
3464
3740
3887
3894
3885
3900
3914
3918
3935
3937
3961
3979
4135
4198
4268
4225
4295
4323
4371
4526
4893
5067
4975
5098
4377
4479
4685
4707
4709
4724
4967
5074
4536
4575
5092
4582
4589
4658
4846
5124
5162
5182
5203
5523
5577
4723
4952
4964
5029
5338
5381
5470
5576
5667
5688
5705
5986
6014
6022
6044
6052
5289
5290
5337
5604
5562
5591
5617
5683
6320
6007
6271
6331
6380
6464
6484
6533
6618
6632
5888
5990
6032
6100
6660
6688
6701
6754
6744
6849
6766
6865
6877
6333
6361
6371
6461
6510
6344
6406
6478
6598
6730
6398
6525
6510
6579
6716
6897
6910
6948
6822
6836
7000
7102
7145
6653
6715
6680
6719
6836
6723
6781
6783
6818
6847
6864
6918
6918
6931
6994
7007
7051
7063
7109
7156
7159
7168
7171
7174
2153
2154
2163
2220
2225
2248
2299
2333
2338
2405
2448
2497
2752
2777
2461
2520
2524
2475
2669
2799
2764
2791
2869
2915
2984
3010
3015
3073
3043
3122
3129
3050
3140
3175
3155
3220
3219
3260
3430
3477
3697
3705
3790
3807
3849
3858
3907
2247
2297
2309
2334
2369
2385
2396
2412
2450
3921
3922
3967
4112
4133
4138
4151
4171
4373
4461
4478
4580
2744
2935
3209
3220
3917
4040
4109
4391
4038
4169
4419
4538
4539
4270
4307
4521
4336
4546
4600
4605
4644
4708
4773
4806
4872
4886
4931
4952
4962
5014
5253
5283
4958
5031
5078
5085
5095
5097
5107
5140
5155
5183
5203
5257
5271
5190
5315
5351
5432
5511
5275
5420
5324
5574
5656
5665
5695
5718
5782
5818
5833
5856
2430
2453
2497
2527
2571
2739
2806
2904
2976
3097
2550
2582
2885
3151
3064
3232
2977
3237
3254
3177
3325
3356
3519
3642
3705
3828
4023
3673
4128
5008
5023
5281
5326
5669
4577
5094
5674
5771
5803
5945
3597
4266
4658
5367
5948
4456
6215
5302
5982
6017
6322
6025
6117
6346
6172
6346
6202
6399
6419
6424
6450
6491
6500
6665
6763
6573
6765
6827
6831
6935
6968
7000
7093
7127
7176
7248
7254
7375
7387
3426
3444
3564
3596
3673
3997
4168
4197
4421
4668
4522
5151
5524
5625
5714
5852
6013
6093
6116
6347
6682
3550
3576
3741
3877
4176
4375
4069
4119
4555
4844
4905
5345
6479
6901
6952
6968
7052
7207
7230
7282
7347
3934
4024
4066
4088
4097
4198
4527
4595
4652
5074
4814
5258
5697
5818
5917
6019
6064
6098
6139
6173
6264
6319
5675
6288
6441
6460
6852
7066
6543
6736
6875
6935
6978
7148
7176
7204
7220
7371
7421
7423
7444
5355
5766
5805
5595
5809
5825
5841
5858
5920
5927
5928
5973
6369
5986
6190
7175
6208
6767
7205
7262
6404
7109
7155
7182
7188
7199
7204
7256
7272
7274
7277
7220
7301
7268
7278
7307
7283
7307
7312
7317
7352
7318
7321
7334
7334
7339
7375
7383
7384
7392
7395
7399
7409
7419
7445
7467
7479
7480
7483
7490
7496
7497
7498
7510
7518
7532
7540
7537
7542
7550
7566
7569
7589
7590
7594
7596
7603
7606
7606
7611
7684
7774
7827
7828
7936
8017
8019
7745
7867
8040
8070
8202
8290
7754
7804
7822
7965
8005
8104
8068
8230
8251
8301
8361
8363
7633
7637
7646
7649
7649
7672
7672
7695
7698
7701
7716
7814
7817
7724
7739
7789
7791
7819
7819
7824
7831
7848
7847
7852
7860
7863
7869
7873
7880
7887
7890
7905
7907
7911
7912
7931
7939
7942
7948
7956
8060
8073
8099
8122
8126
8157
8159
8216
8451
8378
8457
8064
8089
8108
8111
8242
8138
8143
8150
8349
8228
8365
8485
8502
8366
8369
8384
8538
8627
8394
8416
8462
8552
8568
8632
8633
8177
8191
8258
8293
8268
8337
8306
8323
8358
8359
8367
8375
8430
8482
8443
8504
8508
8209
8266
8311
8324
8375
8488
8497
8520
8269
8313
8522
8528
8534
8558
8578
8652
8660
8668
8680
8681
8690
8729
8730
8528
8583
8613
8617
8635
8675
8540
8738
8739
8722
8741
8747
8580
8609
8639
8688
8802
8797
8825
8835
8862
8922
8750
8754
8755
8754
8773
8777
8779
8798
8840
8808
8827
8844
8926
8939
8960
8961
8961
8895
8899
8903
8906
8961
8964
8966
8906
8956
8983
8984
9008
8966
8971
8986
9008
9019
9023
9039
9047
9049
7364
7389
7399
7424
7444
7394
7396
7459
7460
7492
7545
7460
7540
7571
7604
7645
7672
7655
7700
7717
7769
7972
8323
7739
7752
7805
7832
7933
7940
7986
8019
8031
7823
8114
8132
8176
8193
8183
8194
8234
8252
8305
8372
8382
8387
8431
8462
8406
8415
8449
8521
8487
8517
8539
8558
8562
8569
7840
7877
7890
7914
7927
7987
8002
8074
8120
8123
8139
8170
8261
8272
8303
8384
8331
8353
8430
8436
8493
8582
8590
8528
8552
8633
8687
8693
8669
8717
8729
8601
8604
8624
8666
8681
8695
8722
8768
8769
8786
8823
8849
8876
8785
8854
8861
8859
8880
8881
8893
8952
8897
8961
8986
9003
9051
9059
9061
9049
9069
8890
8958
8961
8985
9067
9080
9083
9091
9092
9099
9109
9132
9136
9145
9152
9154
9158
9162
9204
9164
9176
9182
9189
9193
9211
9213
9216
9131
9142
9230
9231
9231
9235
9248
9284
9299
9315
9323
9329
9349
9238
9261
9262
9282
9287
9263
9299
9314
9315
9321
9354
9361
9378
9385
9390
9396
9399
9399
9402
9403
9410
9412
9425
9439
9442
9446
9449
9466
9480
9488
9506
9576
9523
9528
9583
9595
9407
9409
9414
9414
9431
9488
9514
9546
9563
9604
9416
9418
9450
9466
9547
9621
9632
9676
9419
9420
9463
9467
9623
9638
9694
9707
9733
9491
9550
9554
9558
9572
9599
9608
9616
9626
9639
9661
9663
9672
9673
9676
9680
9692
9715
9756
9702
9729
9737
9738
9759
9747
9763
9763
9766
9777
9791
9805
9809
9767
9779
9769
9775
9779
9810
9810
9815
9826
9813
9813
9829
9834
9821
9869
9874
3115
3131
3151
3152
3172
3194
3201
3204
3208
3205
3257
3340
3167
3196
3237
3297
3334
3278
3295
3350
3350
3395
3417
3438
3439
3553
3562
3570
3578
3599
3657
3660
3670
3653
3656
3660
3700
3737
3862
3993
3757
3766
3787
3864
4006
4012
4038
4038
4064
3719
3739
3818
3889
3858
3916
3927
3929
3937
3999
4031
4074
4132
4134
4144
4159
4162
4210
4225
3220
3327
3236
3262
3356
3369
3379
3387
3426
3453
3460
3462
3512
3529
3611
3626
3634
3658
3700
3662
3675
3680
3691
3729
3754
3760
3794
3813
3826
3884
3962
3994
4143
4171
4211
3833
4000
4069
4084
4214
4250
4295
4354
4220
4230
4231
4248
4256
4263
4294
4306
4344
4376
3406
3491
3430
3685
3686
3688
3695
3745
3808
3859
3896
3921
3935
4000
4010
4114
4175
4183
4201
4277
4308
4320
4362
4389
4394
4399
4399
4401
4411
4161
4423
4428
4435
4436
4440
4444
4455
4468
4516
4566
4573
4621
4622
4629
4521
4526
4580
4580
4596
4631
4666
4667
4682
4639
4648
4648
4682
4684
4531
4542
4544
4579
4588
4655
4550
4657
4660
4676
4692
4601
4628
4642
4679
4693
4703
4716
4721
4665
4712
4724
4729
4739
4746
4758
4692
4740
4765
4768
4742
4779
4780
4793
4796
4831
4831
4832
4858
4864
4868
4874
4876
4891
4910
4914
4924
4933
4936
4939
4948
4994
4997
5005
4914
4937
4955
4998
5010
5010
5018
5019
5021
5038
5044
5054
5056
5069
5080
5114
5079
5082
5103
5116
5146
5165
5167
5182
5117
5135
5162
5181
5192
5211
5245
5694
5811
5813
5831
5854
5904
5937
6238
6249
6382
6344
6384
6492
6638
6719
6761
6949
7469
7596
7666
7067
7275
7967
8039
8113
8158
5206
5221
5431
5225
5226
5348
5367
5583
5702
6093
6377
6394
6535
6614
5420
5425
5441
5521
6732
6913
6955
6981
5597
5840
5932
5938
6002
6104
6306
6492
6692
6989
7000
7072
7083
7098
5925
6077
6384
6497
6645
6677
7509
7668
7108
7393
7534
7916
7142
7346
7413
7592
7717
7933
8045
8065
8152
8218
8287
8298
8384
8386
5269
5272
5295
5312
5319
5334
5341
5369
5390
5431
5343
5379
5388
5387
5403
5434
5454
5465
5472
5476
5488
5592
5747
5517
5522
5526
5538
5549
5557
5573
5593
5606
5628
5640
5645
5670
5674
5686
5736
5694
5722
5750
5749
5772
5772
5786
5811
5814
5818
5838
5821
5877
5884
5880
5895
6022
5885
5927
6027
6027
6028
6037
6081
6118
6126
6156
6169
5960
6032
6135
6137
6210
6217
6234
6181
6188
6217
6199
6200
6231
6375
6380
6404
6264
6273
6365
6469
6492
6405
6452
6511
6518
6599
5389
5450
5738
5825
5868
6031
6062
6177
6148
6194
6223
5473
5516
5695
5794
5839
5979
6010
6023
6311
6320
6327
5626
5649
5867
6174
6388
6390
6405
6450
6566
6604
6605
6639
6632
6654
6665
6686
6690
6712
6718
6722
6704
6764
6766
6766
6778
6774
6776
6847
6863
6813
6850
6851
6859
6866
6872
6918
6934
6947
6949
6955
6966
6961
6992
6998
7027
7041
7058
7093
7098
7114
7192
7210
7227
7048
7115
7170
7185
7221
7252
7279
7314
7316
6967
7026
7084
7126
7140
7170
7089
7167
7283
7187
7277
7329
7317
7318
7370
7393
7418
7478
7487
7511
7525
7541
7568
7584
7658
7335
7338
7358
7388
7411
7433
7469
7489
7742
7717
7802
7718
7774
7815
7851
7954
7494
7547
7590
7593
7641
7642
7672
7781
7818
7869
7896
7930
7943
7990
7756
7776
7798
7867
7899
7974
7975
8010
8026
8012
8048
8048
8036
8073
7219
7259
7359
7491
7569
7815
7272
7390
7491
7607
7631
7646
7782
7771
7846
7945
7952
7967
8228
7865
8135
8264
8381
8350
8387
8549
8436
8534
8552
8073
8081
8083
8086
8153
8155
8332
8465
8598
8089
8114
8601
8616
8158
8221
8326
8559
8577
8617
8219
8282
8335
8516
8537
8609
8620
8635
8646
8677
8666
8691
8687
8723
8726
8737
8167
8184
8212
8454
8638
8330
8505
8472
8575
8738
8746
8753
8764
8786
8792
8816
8824
8767
8800
8827
8805
8807
8847
8849
8849
8851
8862
8880
8896
8905
8918
8921
8931
8964
8965
8980
8995
8998
9010
9022
9043
9001
9011
9012
9020
9049
9053
9053
9077
9104
9050
9067
9139
9153
9158
9163
9164
9175
9179
9183
9221
9254
9287
9289
9315
9375
9378
9171
9186
9196
9258
9270
9377
9207
9248
9283
9308
9411
9439
9387
9423
9453
9456
9313
9347
9352
9380
9384
9391
9422
9438
9478
9481
9517
9553
9557
9576
9582
9585
9610
9647
9588
9589
9597
9607
9616
9619
9634
9646
9653
9656
9667
7599
7672
7721
7797
7975
8186
8270
8644
8709
8780
9063
9132
8973
8991
9193
9461
9483
9011
9177
9205
9477
9565
9649
9257
9383
9683
9685
9725
9708
9759
9766
9769
9776
9802
9841
9841
9878
9888
9889
9891
9896
9907
9909
9800
9831
9846
9855
9878
9884
9904
9909
9907
9910
9912
9925
9931
9927
9935
9938
9943
9944
9944
9945
9946
9960
9963
9964
9977
9977
9978
9978
9983
9908
9985
9986
9990
9992
9995
10030
10041
9996
9997
10008
10013
10044
10061
10068
10026
10030
10094
10104
10107
10107
10130
10158
10166
10171
10184
10208
10175
10211
10216
10222
10265
10223
10232
10251
10252
10260
10262
10263
10284
10302
10327
10389
10296
10404
10429
10510
10306
10314
10331
10338
10313
10323
10345
10346
10352
10457
10466
10467
10469
10521
10523
10348
10388
10423
10447
10458
10475
10508
10524
10530
10544
10544
10555
10562
10571
10579
10637
10736
10863
10689
10807
10865
10877
10882
10581
10597
10584
10650
10665
10614
10688
10689
10696
10699
10777
10907
10922
10716
10750
10781
10870
10889
10899
10939
10969
10982
10986
11010
10903
10908
10912
10945
10951
10964
10964
10977
11009
11072
11073
11083
11017
11021
11109
11146
11175
11177
11186
11272
11219
11269
11274
11276
11014
11295
11301
11312
11316
11372
11374
11400
11495
11402
11453
11504
11411
11518
11519
11595
11545
11597
11633
11641
11675
11676
11707
11140
11151
11213
11342
11182
11185
11251
11270
11376
11389
11396
11476
11529
11625
11643
11722
11422
11477
11677
11748
11771
11796
11822
11840
11478
11636
11607
11667
11717
11736
11855
11941
11975
12039
12075
12080
11742
11745
11757
11762
11769
11756
11769
11772
11809
11775
11829
11848
11792
11871
11802
11855
11864
11909
11864
11918
11937
12068
12087
12166
12005
12120
12364
12415
12179
12450
12452
12190
12274
12327
12369
12471
12510
12529
12543
12588
12551
12693
12756
12797
12671
12811
12877
12961
12620
12647
12697
12719
12745
12837
12916
12655
12897
13094
13103
13104
12992
13107
13109
13116
13124
12979
12987
13089
13096
13111
13118
13112
13126
13127
13135
13153
12038
12066
12130
12154
12186
12211
12245
12246
12247
12268
12309
12360
12310
12570
12664
12609
12859
12686
12862
12885
12915
13070
13095
13148
13072
13072
13073
13088
13093
13104
13111
13115
13123
13133
13198
13147
13165
13210
13213
13216
13223
13173
13176
13188
13193
13198
13202
13223
13224
12330
12338
12354
12528
12547
12646
12746
12756
12897
12954
12351
12351
12431
12728
12790
12902
12358
12387
12389
12979
12992
13065
13104
13086
13090
13120
13124
13133
13167
13167
13190
13193
13172
13189
13194
13273
13307
13385
13231
13232
13263
13372
13385
13421
13521
13546
13233
13234
13238
13243
13246
13386
13242
13269
13547
13556
13648
13650
13248
13255
13266
13268
13287
13256
13284
13289
13277
13284
13292
13301
13302
13305
13312
13314
13317
13318
13322
13324
13330
13341
13331
13332
13363
13345
13354
13355
13362
13357
13363
13363
13367
13368
13372
13380
13383
13388
13388
13392
13374
13392
13401
13407
13408
13417
13393
13403
13411
13451
13450
13464
13467
13414
13420
13459
13460
13464
13473
13520
13469
13469
13472
13661
13476
13486
13502
13532
13535
13596
13617
13512
13615
13620
13630
13521
13634
13637
13651
13656
13657
13658
13663
13667
13669
13672
13696
13718
13728
13732
13735
13754
13763
13764
13767
13787
13790
13794
13705
13713
13722
13746
13749
13770
13796
13796
13799
13803
13828
13799
13829
13833
13845
13840
13851
13856
13859
13844
13858
13871
13879
13894
13895
13902
13907
13911
13913
13926
13927
13932
13939
13945
13954
13958
13960
13478
13506
13517
13526
13536
13547
13559
13530
13532
13544
13541
13576
13605
13636
13664
13688
13702
13707
13720
13584
13603
13610
13622
13689
13725
13652
13732
13744
13746
13778
13785
13801
13740
13769
13752
13775
13787
13804
13804
13809
13810
13815
13817
13820
13825
13834
13840
13847
13855
13856
13869
13873
13890
13890
13896
13898
13910
13912
13917
13921
13946
13949
13960
13963
13971
13971
13972
13975
13975
13980
13989
13989
10068
10071
10076
10076
10080
10090
10093
10122
10118
10120
10123
10128
10146
10166
10232
10259
10260
10266
10303
10353
10328
10330
10345
10352
10354
10359
10366
10380
10246
10269
10325
10342
10385
10417
10429
10450
10507
10550
10559
10616
10529
10534
10542
10640
10641
10675
10682
10741
10742
10742
10763
10811
10874
10882
10905
10953
11003
11097
10956
11082
11139
11171
11229
11305
11405
10547
10585
10586
10610
10645
10725
10861
10906
10978
11024
11087
11425
11109
11111
11191
11344
11169
11282
11431
11497
11239
11397
11506
11519
11534
11537
11605
11626
11659
11678
11702
11711
11758
11795
11867
11923
10637
10750
10766
10788
10827
10910
10953
10957
10958
10969
11036
11139
10830
10973
11254
11303
11206
11376
11467
11403
11407
11673
10980
11022
11032
11269
11393
11151
11243
11244
11324
11431
11449
11541
11583
11717
11893
11924
11947
11967
11740
11774
11823
11842
11847
11904
11938
11948
11968
11991
11995
12010
10149
10172
10183
10270
10294
10327
10429
10347
10459
10556
10348
10372
10470
10484
10530
10557
10569
10557
10601
10626
10570
10723
10770
10819
10857
10648
10758
10855
10908
10934
10734
10815
11055
11079
11067
11115
11120
11184
11205
11242
11334
11402
11413
11299
11337
11373
11412
11458
11390
11415
11468
11478
11481
11508
11539
11541
11550
11577
11588
11606
11620
11656
11677
11726
11778
11989
12073
12076
12083
12099
12155
12096
12159
12163
12174
11678
12013
11932
12077
12081
12187
12017
12072
12175
12175
12205
12191
12207
12176
12179
12238
12238
12261
12264
12365
12395
12398
12266
12401
12412
12429
12443
12451
12471
12491
12407
12493
12498
12497
12542
12552
12599
12606
12644
12660
12671
12700
12264
12267
12267
12271
12273
12274
12294
12349
12355
12357
12365
12377
12384
12385
12388
12392
12396
12415
12444
12450
12451
12457
12467
12494
12507
12539
12560
12565
12629
12632
12635
12714
12728
12737
12739
10127
10131
10134
10143
10146
10158
10158
10167
10250
10184
10265
10323
10328
10342
10348
10371
10163
10178
10183
10221
10227
10247
10292
10371
10250
10361
10386
10388
10390
10397
10402
10430
10474
10444
10463
10476
10478
10484
10493
10514
10527
10533
10544
10546
10549
10573
10541
10549
10584
10606
10608
10678
10715
10555
10563
10570
10611
10604
10610
10612
10649
10659
10671
10687
10677
10691
10695
10677
10682
10703
10711
10738
10738
10744
10816
10830
10749
10775
10784
10813
10819
10823
10841
10844
10859
10845
10900
10939
10969
11026
11029
11083
11135
11153
11165
10865
10905
11039
11062
11085
11175
11088
11106
11280
11123
11224
11250
11283
11359
11181
11308
11212
11342
11390
11293
11398
11402
11405
11427
11442
11450
11463
11503
11515
11526
11565
11584
11517
11522
11590
11593
11622
11662
11680
11737
11765
11816
11705
11768
11792
11858
11875
11882
11923
11931
11936
11951
11966
11975
11979
11982
11997
12030
12041
12004
12030
12063
12068
12095
12091
12092
12105
10959
11008
11043
11049
11211
11100
11106
11226
11315
11426
11450
11515
11662
11666
11671
11898
11984
11910
12007
12099
12250
12263
12420
12427
12444
11280
11378
11383
11415
11424
11430
11711
11743
11812
11890
11916
11929
11954
11982
12009
12132
12150
12212
12301
12392
12402
12485
11412
12156
12228
12233
11640
11999
12108
12249
12001
12492
12693
12511
12558
12703
12714
12330
12351
12417
12427
12465
12475
12479
12494
12527
12618
12650
12697
12734
12742
12762
12745
12828
12770
12781
12797
12849
12266
12321
12311
12438
12293
12439
12560
12268
12349
12361
12562
12568
12583
12642
12582
12586
12614
12635
12738
12629
12757
12771
12791
12795
12680
12786
12815
12823
12829
12840
12852
12852
12865
12869
12870
10895
10982
10990
11026
11033
11057
11066
11071
11190
11391
11451
11614
11454
11677
11715
11876
12230
12312
12453
12661
12689
12877
12880
12887
12889
12890
12890
12896
12956
12963
12965
12983
11857
11898
11957
12315
12341
12350
12912
12942
12946
12950
13001
13013
13017
13024
13042
13056
13021
13026
13048
13065
13075
12897
12957
12927
12971
12989
13006
12938
12969
12944
13007
13039
12962
12964
12997
13025
13055
13057
13076
13076
13082
13093
13096
13100
13102
13106
13129
13130
13140
13165
13267
13181
13187
13190
13208
13212
13234
13249
13287
13320
13386
13392
13419
13475
13481
13520
13522
13539
13570
13593
13602
13654
13675
13723
13735
13764
13768
13770
13779
13836
13127
13138
13144
13145
13155
13159
13173
13178
13177
13186
13191
13193
13209
13213
13248
13251
13266
13214
13225
13232
13264
13314
13328
13340
13349
13411
13423
13430
13445
13456
13467
13225
13241
13247
13302
13351
13372
13395
13396
13413
13463
13501
13520
13533
13546
13556
13558
13563
13565
13565
13418
13482
13527
13531
13601
13522
13541
13609
13610
13645
13691
13578
13579
13611
13713
13593
13628
13653
13662
13717
13614
13653
13637
13719
13744
13748
13748
13761
13540
13544
13572
13696
13729
13763
13768
13770
13776
13782
13839
13855
13887
13786
13809
13816
13840
13850
13852
13854
13891
13895
13899
13904
13914
13871
13895
13896
13897
13900
13904
13929
13931
13958
13963
13967
13968
13900
13949
13977
14082
14004
14105
14023
14035
14059
14060
14063
14064
14080
14099
14117
14122
14136
14137
14100
14116
14125
14141
14153
14153
14154
14162
14167
14171
14183
13401
13406
13566
13599
13657
13659
13785
13948
13615
13627
13720
13754
13822
13842
13995
13999
14000
14001
14010
14013
14015
14016
14018
14018
14019
14025
14022
14027
14031
14032
14037
14030
14037
14047
14068
14044
14069
14074
14093
14072
14088
14097
14100
14104
14106
14118
14110
14112
14116
14136
14132
14136
14164
14109
14110
14120
14147
14121
14149
14154
14179
14184
14186
14190
14197
14207
14231
14245
14187
14193
14198
14199
14197
14205
14210
14210
14215
14216
14221
14239
14251
14258
14267
14211
14218
14220
14222
14222
14227
14236
14244
14248
14256
14244
14257
14265
14266
14267
14270
14275
14001
14002
14003
14013
14027
14127
14018
14033
14058
14083
14089
14100
14115
14128
14131
14087
14100
14109
14120
14139
14201
14202
14210
14238
14256
14155
14189
14189
14191
14195
14228
14248
14259
14201
14210
14211
14226
14217
14229
14263
14277
14295
14319
14241
14270
14289
14292
14310
14243
14253
14285
14276
14276
14289
14328
14297
14306
14319
14344
14352
14323
14332
14339
14339
14345
14352
14355
14356
14360
14360
14369
14373
14398
14417
14424
14503
14342
14355
14363
14420
14367
14376
14506
14558
14478
14516
14544
14595
14601
14608
14632
14649
14653
14673
14365
14365
14367
14369
14375
14380
14391
14392
14394
14397
14399
14400
14402
14403
14409
14410
14410
14410
14418
14410
14411
14412
14420
14425
14426
14427
14428
14432
14432
14446
14475
14475
14447
14471
14477
14489
14491
14499
14500
14508
14517
14538
14539
14551
14553
14447
14448
14457
14461
14485
14487
14492
14502
14521
14531
14533
14536
14554
14515
14555
14555
14559
14567
14567
14570
14565
14573
14576
14573
14581
14582
14572
14587
14595
14605
14610
14626
14646
14647
14648
14649
14657
14660
14584
14586
14586
14594
14588
14597
14604
14587
14599
14599
14617
14640
14679
14684
14609
14630
14650
14664
14681
14681
14682
14677
14678
14679
14690
14694
14694
14707
14706
14719
14726
14439
14549
14558
14560
14639
14682
14600
14683
14692
14730
14730
14733
14739
14762
14747
14764
14770
14788
14790
14742
14745
14746
14751
14753
14766
14768
14771
14776
14780
14782
14787
14790
14793
14793
14796
14798
14798
14800
14805
14805
14806
14808
14809
14811
14812
14815
14819
14824
14825
14818
14826
14828
14828
14828
14839
14850
14851
14776
14787
14787
14791
14869
14870
14885
14888
14812
14854
14889
14900
14851
14856
14857
14863
14867
14902
14869
14877
14885
14884
14896
14897
14894
14896
14906
14913
14922
14900
14903
14927
14929
14932
14933
14938
14945
14945
14970
14937
14944
14948
14950
14954
14956
14968
14961
14967
14974
14976
14981
14981
14983
14983
14854
14899
14937
14944
14985
14988
14990
14999
14988
14989
15000
15000
15002
15007
15000
15012
15012
15015
15023
15024
15043
15040
15045
15052
15053
15057
15074
15074
15077
15082
15082
15086
15107
15109
15140
15090
15151
15146
15154
15159
15161
15093
15128
15144
15108
15168
15177
15177
15175
15180
15182
15184
15008
15017
15019
15024
15034
15021
15028
15039
15039
15074
15022
15031
15033
15063
15064
15067
15070
15091
15100
15101
15105
15106
15129
15139
15145
15110
15140
15158
15155
15162
15179
15179
15179
15180
15180
15182
15186
15188
15189
15188
15190
15193
15194
15200
15195
15197
15200
15209
15190
15196
15199
15199
15205
15208
15211
15211
15212
15212
15212
15215
15215
15224
15218
15231
15229
15233
15214
15221
15221
15221
15222
15228
15228
15218
15227
15228
15230
15235
15236
15238
15238
15238
15241
15241
15242
15242
15243
15243
15244
15244
15244
15248
15248
15249
15249
15249
15250
15251
15251
15253
15254
15256
15257
15260
15260
15261
15261
15263
15268
15276
15277
15278
15262
15262
15264
15264
15265
15267
15268
15268
15268
15269
15272
15274
15276
15275
15276
15280
15280
15289
15267
15284
15289
15296
15293
15296
15297
15291
15291
15299
15303
15305
15307
15293
15294
15300
15307
15312
15311
15313
15317
15315
15315
15318
15320
15321
15323
15327
15333
15334
15338
15339
15339
15340
15341
15342
15343
15346
15353
15354
15355
15360
15360
15365
15323
15323
15325
15344
15328
15337
15345
15345
15328
15335
15339
15339
15345
15348
15349
15349
15350
15357
15363
15364
15366
15366
15366
15367
15379
15376
15382
15383
15383
15384
15385
15323
15325
15351
15356
15385
15387
15388
15390
15388
15391
15391
15393
15394
15396
15397
15398
15398
15399
15400
15401
15408
15412
15415
15417
15418
15420
15423
15399
15401
15406
15409
15416
15409
15419
15423
15402
15408
15411
15409
15417
15419
15421
15421
15426
15429
15430
15431
15431
15431
15434
15443
15435
15439
15439
15441
15443
15447
15453
15454
15454
15454
15456
15456
15456
15457
15464
15472
15463
15465
15466
15469
15471
15473
15476
15477
15447
15447
15457
15454
15455
15456
15460
15469
15471
15471
15476
15478
15478
15482
15482
15482
15482
15485
15485
15486
15486
15486
15487
15489
15489
14286
14297
14316
14321
14327
14329
14354
14331
14369
14376
14378
14378
14380
14404
14405
14409
14420
14423
14427
14432
14461
14466
14472
14480
14483
14453
14520
14531
14549
14509
14526
14512
14518
14582
14541
14581
14611
14578
14581
14616
14619
14792
14623
14624
14660
14718
14718
14725
14755
14759
14759
14767
14776
14926
14929
15015
15159
15238
15307
15502
15526
14801
14817
14821
14872
14925
14956
15175
15334
15505
15540
15543
14838
15001
15138
15494
15543
14845
14870
14890
15456
15476
15547
15552
14874
14874
14921
14935
14968
14987
14957
14965
14990
15004
15047
14996
15007
15035
15131
15087
15146
15114
15141
15148
15209
15293
15299
15398
15474
15478
14909
14926
14937
14952
14964
14999
15067
15082
15104
15105
15133
15144
15154
15236
15221
15224
15229
15242
15248
15261
15297
15343
15350
15356
15358
15362
15384
15424
15451
15492
15515
15525
15527
15530
15575
15592
15535
15542
15557
15582
15590
15598
15432
15467
15468
15488
15501
15502
15528
15557
15532
15566
15589
15589
15600
15606
15608
15615
15616
15635
15646
15653
15617
15625
15646
15627
15636
15644
15656
15662
15663
14433
14448
14597
14696
14514
14777
14892
14480
14741
14759
14959
14760
14762
14809
15019
15030
15067
14687
14793
14846
14938
15014
15019
15020
15119
15134
15145
15414
15315
15416
15533
15542
15550
15147
15202
15213
15223
15240
15245
15288
15247
15260
15290
15403
15443
15474
15479
15490
15492
15519
15519
15537
15554
15561
15562
15565
15567
15491
15493
15495
15496
15498
15498
15510
15511
15528
15538
15568
15569
15572
15500
15500
15500
15505
15512
15514
15514
15514
15527
15528
15541
15525
15544
15556
15567
15567
15572
15501
15506
15509
15515
15516
15516
15524
15525
15532
15537
15537
15540
15545
15545
15553
15562
15554
15564
15565
15571
15576
15578
15579
15585
15586
15588
15572
15572
15581
15583
15586
15581
15591
15591
15592
15593
15594
15594
15594
15594
15595
15596
15597
15597
15602
15603
15599
15605
15608
15600
15601
15602
15608
15609
15610
15611
15611
15612
15614
15619
15619
15622
15627
15629
15621
15621
15621
15631
15632
15634
15634
15637
15639
15642
15644
15645
15646
15652
15657
15661
15646
15646
15648
15649
15649
15649
15650
15655
15657
15662
15659
15662
15664
15664
15665
15666
15666
15634
15646
15663
15667
15667
15668
15669
15669
15669
15669
15672
15673
15673
15674
15675
15675
15678
15679
15681
15675
15676
15677
15681
15678
15682
15684
15685
15686
15687
15688
15688
15688
15688
15690
15690
15690
15691
15699
15700
15704
15705
15707
15709
15711
15711
15712
15712
15712
15721
15722
15724
15728
15729
15735
15736
15745
15752
15779
15781
15731
15734
15736
15743
15743
15761
15768
15781
15782
15783
15784
15757
15785
15789
15796
15798
15798
15802
15797
15797
15797
15803
15801
15803
15804
15805
15820
15823
15805
15813
15826
15827
15833
15838
15839
15848
15850
15856
15858
15829
15832
15836
15838
15842
15850
15859
15868
15871
15872
15874
15875
15878
15852
15865
15866
15867
15872
15880
15889
15892
15893
15877
15883
15883
15886
15887
15887
15889
15888
15891
15894
15895
15899
15901
15693
15696
15699
15704
15705
15705
15706
15707
15707
15707
15711
15714
15714
15719
15716
15720
15721
15723
15723
15723
15726
15727
15729
15732
15733
15734
15734
15738
15739
15741
15741
15742
15753
15756
15757
15745
15746
15751
15751
15758
15759
15760
15760
15765
15767
15763
15768
15769
15773
15774
15776
15777
15778
15792
15775
15775
15780
15795
15803
15811
15813
15781
15782
15785
15787
15792
15810
15820
15817
15817
15828
15796
15815
15805
15820
15828
15830
15831
15831
15831
15832
15838
15840
15839
15840
15842
15843
15843
15856
15877
15896
15913
15915
15925
15930
15944
15945
15957
15844
15845
15845
15846
15852
15849
15856
15857
15861
15866
15866
15867
15868
15869
15875
15877
15880
15870
15870
15879
15883
15886
15891
15896
15895
15898
15898
15899
15902
15903
15905
15905
15905
15906
15906
15906
15931
15906
15936
15944
15907
15940
15941
15953
15966
15911
15912
15913
15913
15914
15914
15915
15916
15917
15917
15927
15930
15914
15922
15932
15945
15947
15952
15960
15961
15962
15967
15967
15925
15934
15935
15936
15936
15937
15940
15939
15940
15940
15941
15941
15944
15945
15953
15955
15955
15961
15966
15968
15969
15970
15975
15977
15977
15977
15978
15979
15981
15983
15983
15990
15984
15986
15988
15987
15992
15992
15996
15997
15996
15998
15998
16000
arquivo ordenado pelo algoritmo quicksort tempo da ordenao = 0 nanosegundos

