4
8
11
18
30
35
76
38
61
96
100
100
108
100
118
96
105
133
143
161
147
180
184
186
205
223
350
238
357
230
395
409
340
446
446
465
482
483
537
184
186
187
207
210
233
241
243
244
257
273
302
378
285
291
292
294
303
346
389
394
414
416
331
386
455
484
485
486
490
494
496
530
530
538
542
544
546
570
546
565
579
515
553
567
584
589
642
617
619
642
686
593
615
671
706
662
693
708
710
768
771
779
781
813
670
682
682
685
708
709
709
728
748
768
802
813
831
852
885
854
928
941
916
942
1019
966
975
1022
1023
1003
1027
1047
1053
1076
1080
1090
1092
1094
986
1095
1103
1115
1124
1126
1136
1158
1162
1176
1186
1199
1212
1214
1240
1223
1225
1263
1266
1267
1271
1290
1293
1315
1318
1371
1337
1383
1409
1485
1506
1518
1539
1545
1583
1588
1298
1333
1334
1349
1374
1388
1400
1414
1431
1413
1422
1456
1458
1569
1575
1590
1547
1551
1597
1500
1506
1561
1588
1589
1599
1605
1611
1622
1622
1622
1641
1651
1656
1658
1194
1232
1278
1385
1404
1473
1628
1663
1687
1690
1780
1821
2059
2209
1644
1673
1695
1695
1744
1751
1770
1828
1927
2143
2041
2162
2174
2254
2320
2377
2461
2492
2527
1709
1729
1749
1740
1741
1758
1808
1808
1812
1883
1795
1815
1840
1908
1911
1938
2165
2040
2285
2335
2350
2354
2486
2516
2565
2583
2684
2688
2716
2740
2743
2806
1970
2000
2020
2030
2038
2055
2039
2116
2047
2131
2150
2151
2158
2117
2140
2144
2149
2165
2166
2183
2212
2227
2264
2300
2308
2319
2195
2224
2251
2283
2257
2285
2319
2330
2339
2349
2349
2356
2389
2406
2420
2428
2458
2486
2406
2426
2537
2592
2599
2494
2520
2548
2589
2601
2632
2495
2543
2567
2647
2648
2594
2661
2677
2702
2708
2717
2755
2444
2454
2516
2525
2550
2551
2613
2613
2558
2568
2630
2694
2780
2785
2795
2841
2854
2876
2671
2693
2734
2781
2789
2871
2881
2891
2948
2961
2987
2997
3022
3037
2953
2958
2973
3046
3350
2679
2702
2735
2743
2766
2793
2900
2961
2962
3031
3006
3056
3084
3405
3630
3811
3857
4054
3061
3085
3101
3118
3168
3225
3306
3310
3343
3434
3474
4270
3226
3444
3707
4003
4053
4254
4277
4299
4428
3265
3321
3369
3418
3434
3370
3557
3586
4064
4102
4234
4440
4585
4460
4560
4573
4739
4779
4950
3068
3080
3089
3118
3134
3135
3147
3152
3189
3210
3298
3307
3354
3390
3399
3421
3399
3447
3461
3669
3671
3733
3743
3766
3217
3283
3454
4084
4230
4154
4213
4218
4375
4392
4500
4506
4607
4697
4731
4791
4890
4895
4998
5010
5035
5040
3408
3408
3477
3569
4135
4646
4817
4901
5062
3480
3597
3637
3725
3885
4773
4797
4811
5063
5103
5118
5121
5136
5147
5156
5165
5171
5175
5190
5246
5268
5283
5300
5431
5384
5481
5542
5547
5249
5257
5350
5375
5420
5508
5544
5613
5287
5397
5440
5618
5635
5636
5657
5697
5767
5799
5913
6070
6104
6200
6205
6212
6295
5805
5808
5829
5922
5928
5975
5981
5990
6030
6115
6125
6201
6212
6222
6310
6331
6346
6350
3463
3474
3475
3478
3480
3482
3630
3676
3751
3777
3803
3884
3829
3864
3997
4232
4373
4386
4078
4430
4670
4735
4737
4785
4814
4824
4909
4949
4950
4953
5277
5044
5065
5331
5433
5439
5669
5720
5927
6108
6139
6165
6238
6251
6474
6277
6510
6425
6466
6537
6570
6712
6720
6724
6738
6750
6792
6808
6818
6855
6855
6947
7222
7301
6904
6978
6994
7082
7022
7089
7119
7144
7194
7281
7195
7249
7283
7330
7320
7361
7392
7435
7469
7493
7494
7582
7590
3957
4137
4521
4659
5152
5577
5093
5502
5508
5646
5664
5802
4854
4935
5177
5195
5362
5565
5630
5860
6222
6280
6409
6462
6469
6484
6632
6654
6710
6726
6924
6956
6495
6513
6643
6687
6558
6563
6783
6915
7291
6982
7017
7564
7140
7615
7202
7413
7704
7800
7893
7830
7841
7965
7950
7970
8067
7982
8001
8038
8071
8118
8129
8183
8188
8196
8241
8246
8256
8277
8464
8570
8581
8287
8411
8586
8760
8803
8315
8447
8633
8385
8763
8862
7299
7358
7433
7433
7438
7495
7500
7539
7550
7554
7622
7530
7562
7623
7623
7670
7714
7732
7761
7771
7947
7783
7836
7870
7934
7951
7982
7982
8001
8022
8637
8818
8142
8151
8172
8264
8282
8256
8360
8402
8442
8537
8643
8525
8553
8581
8686
8817
8846
8907
9067
9162
8925
8935
8975
9163
9165
9196
9254
9262
9404
9411
9407
9436
9458
9484
8666
8702
8727
8785
8786
8802
8842
8844
8847
8984
8860
8861
8865
8876
8975
9081
9141
9151
9162
9256
9187
9287
9349
9398
9451
9484
9739
9851
9773
9892
9923
9931
9609
9616
9636
9662
9679
9707
9710
9714
9907
9948
9732
9733
9958
10034
10066
10070
10071
9923
9957
9992
10080
10097
10112
9767
9855
9890
10112
10034
10118
10127
10133
10133
10141
10157
10169
10210
10246
10246
10256
10269
10282
10304
10299
10315
10317
8167
8312
8420
8555
8928
8525
8563
8992
9115
9005
9160
9282
9303
9417
9500
9641
10425
10416
10436
10444
10487
10564
10567
10686
10754
10839
10943
11028
9990
10192
10324
10470
10524
10524
10567
10340
10353
10586
10355
10601
10461
10622
10488
10605
10612
10651
10717
10618
10765
10834
10906
10874
10918
10928
10929
10941
10950
11011
11078
11083
11085
10678
10679
10687
10704
10727
10739
10765
10840
10841
10880
10888
11022
11086
11427
11454
11510
11633
11799
11854
11899
11395
11574
11678
11683
11769
11952
11959
12003
12014
11724
11810
11821
11822
11931
12037
12264
12035
12042
12251
12260
12361
12059
12169
12428
12318
12438
12464
11108
11112
11134
11136
11162
11164
11166
11171
11187
11250
11265
11287
11291
11396
11441
11457
11505
11588
11691
11719
11799
11880
11888
12094
12135
12188
11950
12045
12094
12307
12068
12079
12094
12225
12320
11223
11239
11341
11406
11453
11492
11586
11677
11586
11734
11786
11808
11849
11872
12085
12156
12206
11878
11890
12077
12111
12123
12143
12254
12304
12339
12386
11889
12247
12273
12371
12413
12433
13112
12368
12384
12766
12800
13234
13281
12437
12482
12488
12495
12527
12565
12642
12697
12732
12949
12609
12695
12712
12795
12825
12968
12725
12729
12751
12766
12808
12810
13082
13122
13163
13166
13259
12812
12840
12937
12856
12898
12973
12973
13054
13206
13075
13235
13310
13053
13159
13186
13235
13352
13399
13455
13493
13631
13500
13615
13650
13666
13526
13567
13594
13693
13702
13709
13724
13733
13734
13739
13755
13819
13264
13295
13397
13398
13437
13513
13407
13500
13525
13579
13660
13671
13688
13618
13658
13662
13667
13714
13771
13737
13767
13774
13836
13849
13885
13890
13894
13916
3501
3513
3505
3515
3506
3557
3573
3575
3678
3682
3729
3694
3694
3800
3810
3813
3951
3981
3841
3995
4005
4018
4041
4182
4188
4211
4218
4303
4372
4333
4434
4476
4891
4598
4646
4848
4849
4665
4728
4866
5109
5117
5306
5322
5374
5472
5624
5642
5737
5837
5843
5917
6081
5950
6033
6083
6142
6168
6617
6656
6484
6694
6954
6965
7406
6112
6274
6347
6404
6611
6658
6764
6767
7337
7476
7549
6859
7023
7134
7263
7337
7393
7399
7438
7623
7680
7915
7969
8004
8136
8176
6294
6335
6364
6531
6568
6596
6894
7421
7223
7341
7617
7684
7687
7861
7892
7989
7876
8075
8169
8210
8379
8301
8391
8403
8453
8478
8500
8538
8570
8640
8653
8666
8774
8767
8828
8831
8837
8905
8917
8918
8952
8999
9152
9158
9413
9477
9499
9510
9759
9835
9966
10154
9172
9199
9605
9876
9419
9948
10275
10320
10403
9617
9886
9958
10019
9946
9981
10208
10260
10502
10458
10496
10592
10706
10707
10723
10814
10823
10839
10861
10925
11063
11069
11077
11157
11233
11399
11189
11300
11410
11421
11427
11446
10891
10911
11081
11186
11448
11483
11531
11533
11547
11565
11575
11594
11709
11686
11720
11760
11899
11776
11832
11867
11955
11980
11982
11993
12045
12085
12207
12292
12348
12378
12395
12431
12589
12615
12495
12519
12871
12921
12925
11600
11885
12083
12194
12616
12750
12910
12933
12934
12964
13067
13119
13144
13205
13225
13326
13403
13614
13682
13708
13728
13858
13880
13882
13889
13915
13930
13932
14083
14102
13935
13962
13979
13991
14133
14107
14137
14196
14199
13990
14029
14135
14183
14128
14147
14198
14212
14227
14234
3619
3640
3814
3830
3842
3865
3887
3923
3975
4003
4055
4142
4148
4157
4169
4379
4437
4467
4486
4289
4303
4472
4548
4554
4561
4579
4622
4662
4710
4711
4877
5081
5124
5200
5286
5324
5353
5376
4941
5420
5689
5905
5579
5831
5894
5997
6015
6074
6290
6419
6461
6562
6759
4754
4773
4779
5395
5233
5421
5800
4970
5210
5916
6078
6102
6281
6254
6334
6897
6898
6916
6954
6966
7100
7095
7179
7230
7256
7305
7493
7532
4794
4848
4995
5198
5311
5366
5709
6029
5387
6093
6213
6241
6342
6401
6490
4866
5137
5191
5377
5716
6508
6662
6921
7067
7120
7274
7461
7549
7600
7602
7659
5032
5603
5356
5754
6144
6346
7070
7357
7501
6619
7309
7588
7621
7661
7739
7630
7772
7773
7786
4534
7825
7790
7797
7833
7835
7840
7912
7927
8069
8084
8155
8158
8227
8251
8288
8294
8326
8349
8394
8606
8156
8164
8226
8241
8250
8363
8370
8395
8477
8500
8610
8431
8439
8450
8473
8644
8709
8700
8701
8714
8734
8751
8811
8816
8856
8901
8906
8916
8938
8981
8987
8994
9041
9161
9117
9228
9241
9032
9324
9686
9823
11146
13806
9268
9298
9352
9358
9408
9598
9428
9565
10201
10212
10255
10282
10800
11200
11827
11892
10425
10535
11543
11896
12059
12070
12107
12387
12423
12648
10772
11308
11659
12058
12466
12795
12774
12883
12970
13132
11423
12065
12933
13139
13399
13670
13535
14137
14242
14408
14418
14292
14651
14682
13610
13820
13874
14054
14168
14193
14230
14251
14348
14509
14644
14703
14262
14319
14488
14703
14806
9449
9521
9539
9560
9639
9752
9790
9795
9495
9769
9950
9957
9963
10104
10120
10164
10169
10177
10205
10384
10720
10826
10524
10543
11973
11997
10672
10677
12265
12387
11121
11470
11519
12429
12055
12243
12568
12592
10460
10518
10672
10704
10782
11064
11097
11232
10718
11070
12079
11233
11427
12157
12028
12055
12267
12354
12461
12279
12305
12747
12752
12416
12466
12686
12495
12778
12856
12904
14035
14322
14335
14359
14369
14411
14441
14640
14640
12917
12986
13042
13298
13425
13340
14436
13452
13460
14596
14663
13686
13924
13998
14327
14366
14473
14524
14544
14594
14619
14665
14692
12994
13170
13661
13103
13693
13734
14266
13885
14246
14276
14283
14313
14346
14367
14380
14431
14452
14461
14505
14545
14558
14575
14608
14623
14656
14670
14696
14827
14772
15039
15041
14701
14703
14776
14784
14740
14778
14788
14810
14820
14831
14842
14843
14845
14850
14959
14963
14971
14983
14999
14981
15033
14981
15042
15023
15047
15057
15059
15061
15066
15074
15081
15092
15104
10677
10983
11010
11025
11086
11203
11880
12052
13192
13385
13534
13596
14335
14360
14586
14327
14573
14597
14633
14660
14367
14458
14388
14492
14743
14759
14807
14854
14957
14963
14993
15096
15115
15135
15136
15141
15193
15226
15240
11694
11976
12279
12507
12088
12985
13203
13505
13607
14293
14841
14533
14627
15027
15044
15143
15204
15223
15249
15257
15260
15260
15262
15265
15271
15279
15314
15286
15310
15362
15552
15610
15619
15633
15287
15294
15299
15322
15367
15320
15330
15372
15341
15360
15375
15387
15394
15398
15401
15406
15423
15443
15479
15540
15570
15618
15651
15734
15737
15789
15835
15418
15430
15434
15451
15455
15458
15480
15480
15483
15526
15532
15536
15546
15566
15561
15582
15592
15593
15614
15673
15680
15689
15695
15698
15699
15700
15712
15719
15739
15845
15847
15850
15851
15856
15858
15859
15878
15894
15915
15947
15850
15858
15862
15869
15871
15892
15885
15919
15942
15961
15970
15975
arquivo ordenado pelo algoritmo quicksort tempo da ordenação = 0 nanosegundos

