1
18
18
9
17
21
22
23
30
32
37
70
84
95
80
119
174
179
180
234
265
294
303
320
85
178
231
269
315
332
132
147
137
172
208
224
329
334
337
344
348
183
191
204
224
255
256
298
313
395
456
504
512
515
527
359
385
405
406
409
452
682
719
478
480
520
483
486
521
546
556
611
655
761
775
790
824
852
858
717
741
795
820
862
894
918
936
417
431
468
441
484
519
713
520
588
918
535
603
830
897
934
939
963
1000
1017
1020
535
535
545
554
623
641
679
706
729
757
774
799
804
805
849
868
877
1014
1039
1048
1053
1058
1066
1069
1076
1077
1082
1094
1095
1103
1121
1122
910
911
1111
1155
1158
1197
1201
1212
1276
1195
1199
1214
1258
1292
1296
1208
1233
1239
1266
1306
1341
1343
1369
1347
1369
1373
1172
1201
1271
1278
1316
1200
1216
1245
1310
1318
1371
1376
1382
1394
1396
1398
1414
1422
1431
1429
1433
1439
1443
1470
1536
1563
1471
1473
1483
1552
1559
1500
1553
1572
1579
1567
1583
1587
1612
1630
1636
1638
1640
1650
1659
1672
1677
1627
1697
1698
1703
1741
1699
1722
1724
1734
1758
1769
1790
1797
1801
1811
1815
1822
1830
1831
1839
1850
1776
1792
1829
1835
1848
1859
1861
1895
1923
1931
1981
1928
2073
1930
1940
1992
2042
2082
2137
2141
1853
1855
1862
1896
1897
1906
1948
1974
1994
2097
1948
1979
2106
1990
2113
2033
2103
2142
2164
2170
2171
2176
2217
2148
2151
2168
2218
2227
2263
2270
2285
2176
2185
2186
2231
2236
2285
2293
54
61
72
75
94
99
102
116
118
120
123
133
142
205
153
226
135
144
174
177
270
194
207
214
294
324
335
391
566
578
247
277
316
318
469
499
608
720
722
727
553
618
710
800
876
980
1008
1029
860
1070
1166
1221
1262
763
782
877
944
1053
1187
1211
792
871
896
919
1043
1047
1170
1294
625
778
821
867
882
946
970
986
1141
1312
1109
1302
1317
1336
1337
1362
1352
1492
1531
1332
1353
1412
1423
1471
1483
1536
1537
1564
1566
1576
1605
1617
1625
1703
1646
1684
1729
1788
1793
1835
1839
184
212
214
193
224
248
261
275
279
280
309
332
685
850
337
350
352
375
484
643
577
686
975
1056
613
991
622
684
934
1074
413
419
486
498
589
425
452
679
769
770
824
858
895
1105
818
825
851
1107
1149
1251
1323
1355
1578
1600
1683
1040
1074
1219
1083
1588
1776
1786
1831
1846
1861
1124
1177
1252
1281
1307
1313
1494
1589
1846
1986
1993
2003
2016
2022
2026
2027
2052
2075
1353
1415
1858
1933
2015
1436
1447
1913
2112
1548
1753
1823
2000
2109
2125
2114
2127
2136
2137
2153
2165
2173
2202
2212
2251
2258
2251
2269
2392
2436
2439
2459
2473
2035
2038
2044
2054
2058
2070
2087
2131
2108
2140
2230
2190
2233
2234
2235
2373
2250
2425
2433
2445
2470
2475
2478
2494
2494
2496
2508
2520
2295
2316
2321
2302
2322
2341
2314
2350
2351
2352
2370
2373
2382
2402
2404
2409
2414
2434
2441
2428
2445
2448
2474
2479
2492
2493
2524
2525
2530
2545
2548
2552
2549
2555
2562
2567
124
130
213
270
292
336
368
383
434
434
489
599
623
795
492
556
568
772
1077
1309
731
760
1119
2026
1135
1492
1508
2095
2157
1745
2180
2264
2376
1170
1248
1312
1315
1342
1369
1417
1523
1643
2121
2169
2170
1411
1501
1657
1645
1682
1803
2058
2248
2319
2578
2491
2572
2579
2623
2154
2204
2264
2562
2671
2684
2569
2578
2647
2639
2669
2679
2745
2757
2584
2587
2587
2591
2598
2604
2605
2609
2620
2617
2639
2647
2663
2670
2649
2682
2690
2653
2680
2684
2701
2711
2717
2724
2727
2728
2732
2742
2763
2736
2742
2743
2755
2766
2774
2804
2816
2818
2819
2837
2827
2860
2861
2890
2893
2847
2850
2852
2870
2885
2898
2927
2930
2941
2948
2958
3001
3027
2904
2935
2941
2945
2955
2963
2964
2967
2978
2983
2997
3040
3048
3080
3111
3059
3059
3095
3096
3120
3121
3124
3132
3140
3141
3185
3189
3176
3228
3259
3270
3297
3009
3077
3081
3136
3047
3124
3200
3214
3040
3186
3255
3215
3255
3256
3316
3322
3127
3144
3236
3306
3309
3331
3339
3340
3342
3348
3351
3374
3376
3391
3273
3395
3416
3421
3421
3422
3425
3442
3440
3440
3464
3442
3467
3468
3462
3474
3483
3490
3493
3508
3518
3519
3519
3526
3526
3534
3545
2765
2806
2810
2775
2812
2824
2829
2883
2884
2890
2927
2886
2937
2938
2956
2969
3020
3032
3143
2947
2949
3001
3006
3072
3103
3098
3144
3161
3177
3181
3182
3217
3219
3224
3249
3256
3257
3261
3262
3264
3289
2989
3016
3121
3193
3211
3295
3303
3320
3320
3344
3352
3396
3403
3373
3398
3376
3405
3407
3449
3462
3464
3551
3552
3562
3587
3567
3574
3592
3606
3616
3618
3629
3700
3719
3745
3753
3754
3761
3769
3842
3848
3881
3410
3416
3569
3579
3593
3617
3423
3493
3564
3653
3659
3659
3505
3557
3559
3762
3799
3604
3873
3881
3900
3918
3982
3934
3941
3996
4161
4174
3682
3693
3695
3701
3712
3718
3722
3734
3741
3760
3768
3772
3787
3808
3816
3871
3810
3925
3935
3961
3967
4000
3793
3849
3854
3895
3937
3968
4023
3947
4171
4226
4235
4238
4247
4271
4273
4031
4032
4063
4050
4085
4133
4157
4163
4222
4259
4275
4320
4321
4332
4355
4358
4383
4390
4410
4445
4490
4496
4514
4613
4625
4655
4669
4715
4780
4884
4911
4957
4918
4918
5004
5035
5041
3613
3634
3641
3644
3663
3669
3675
3615
3629
3692
3669
3670
3675
3727
3682
3695
3728
3729
3731
3733
3734
3740
3740
3759
3790
3804
3811
3746
3756
3794
3799
3805
3815
3823
3773
3815
3819
3820
3835
3838
3846
3860
3866
3872
3887
3902
3911
3915
3915
3937
3943
3944
3971
4008
3974
3986
4002
4012
4014
4057
4175
4184
4185
4219
4246
4248
4264
4266
4284
4023
4064
4076
4455
5412
5507
4172
4452
4931
4954
5046
5247
5896
5876
5963
5965
6085
6250
6500
6526
6546
6691
6817
4915
5074
5273
5455
5480
5583
5623
5651
5379
5389
5392
5403
5420
5478
5706
5712
5760
5850
6139
5554
6079
6343
6362
6401
6429
5726
5780
5858
6454
6503
6532
6542
5781
5789
6172
6372
6400
6458
6487
6579
6581
6635
6636
6782
6782
6789
6854
6814
6859
7104
6866
6891
6894
6993
7193
7225
7274
7348
7578
7048
7134
7139
7304
7562
7664
7708
7710
7816
7264
7378
7432
7469
7584
7614
7638
7803
7817
7844
4313
4315
4355
4360
4368
4376
4412
4417
4442
4470
4497
4500
4521
4526
4625
4458
4465
4518
4651
4578
4669
4685
4722
4745
4761
4792
4812
4834
4864
4867
4857
4859
4883
4895
4897
5051
4469
5083
5134
5161
5230
5242
5252
5315
5461
5277
5295
5335
5409
5462
5718
5900
6086
6108
6119
6300
5464
5523
5556
5558
5599
5703
5719
5731
5762
5797
5739
5847
5879
6174
6279
6388
6460
6395
6463
6488
6338
6515
6522
6591
6667
6682
6602
6683
6350
6483
6769
6867
6872
6923
6947
6947
6990
7039
7187
7192
7200
7471
7930
7333
7339
7436
7467
7550
7675
7688
7713
7742
7833
7846
7896
7959
8023
8073
7903
8092
8156
8199
8200
8257
8346
8396
8205
8253
8404
8456
8475
8287
8289
8436
8292
8433
8518
8328
8530
8539
8551
8699
8702
8703
8765
8782
8784
8831
8785
8896
8893
8898
8986
9011
9023
4926
4942
5108
5136
4953
5315
4972
5317
5601
5755
4982
4984
5127
5162
5740
5797
5871
5222
5266
5680
5740
5754
5883
5940
6003
6154
6097
6248
6620
6649
6688
6302
6307
6317
6329
6405
6700
6742
6745
6747
6791
6948
6482
6552
6965
6495
6770
6873
7014
7166
7170
7425
7511
7535
7561
7580
7633
7638
7900
7977
8054
7201
7594
7643
7957
7974
7475
8116
8183
8194
8206
8358
8442
8475
8509
8547
8266
8341
8274
8400
8888
9084
9099
8438
9104
9133
9136
9251
9395
6564
7507
8652
6687
7463
8874
9138
9430
9579
9641
7580
9057
9444
9481
9496
9645
9665
9686
9730
9744
9873
9948
10142
10376
10594
10761
10831
9990
10678
10864
10896
10900
11051
10071
10608
10127
10725
11011
11080
11116
11174
9766
9847
9870
9885
9985
10143
10275
10373
10452
10475
10590
10923
11076
11174
11221
11226
11282
11367
11449
11600
11512
11669
11684
11785
11788
11829
11836
11963
12012
12079
8594
8646
8678
8686
8712
8875
8914
8936
8940
8995
9061
8968
9074
9100
9164
9260
9261
9286
9456
9510
9105
9111
9239
9228
9271
9557
9567
9633
9206
9207
9227
9264
9289
9325
9404
9495
9554
9634
9692
9416
9645
9617
9693
9724
9752
9778
9795
9819
9823
9832
9849
9851
8729
8754
8787
8835
8844
9049
9184
9321
9397
9776
9339
9377
9660
9917
9796
9808
9919
9927
9966
10006
10006
10016
10070
10081
10098
9931
9963
10030
10020
10092
10140
10150
10180
10182
10182
10174
10183
10195
10208
10423
10557
10561
10705
10779
10864
11029
11040
11500
11917
10218
10222
10325
10332
10270
10334
10388
10398
10219
10224
10252
10347
10387
10401
10429
10453
10601
10613
10649
10678
10679
10690
10793
10842
10918
10919
11027
11042
11081
10469
10527
10665
10768
10779
10839
10978
10998
10850
11027
11061
11160
11199
11207
11225
11249
11374
11495
11601
10765
11058
11088
11117
11343
11432
11551
11617
11813
11701
11728
11850
11935
12023
12069
12085
12089
12090
12101
10565
10751
10960
11053
11424
12178
12201
12224
12237
12238
12242
12262
12278
12279
12398
12580
12296
12338
12349
12376
12384
12431
12438
12475
12501
12510
12506
12547
12591
12619
12621
12668
12678
12694
12754
12796
12853
12883
11277
11318
11322
11712
11373
11475
11495
11909
11890
11938
11330
11385
11413
11532
11661
11758
11818
11543
11627
11919
11942
11632
11898
11918
11650
11968
12075
11707
11750
12108
12116
12252
12226
12306
12461
12580
12266
12281
12298
12403
12467
12486
12289
12383
12510
12533
12613
12626
12638
12638
12665
12665
12734
12809
12823
12828
12817
12922
12923
12662
12980
13001
13016
13017
13089
13107
13150
13151
13171
13171
13219
13284
13197
13482
13640
13713
13370
13515
13555
13659
13752
13763
13756
13805
13868
13871
13907
13997
14074
14109
14147
14255
14344
14479
14549
14556
12738
12901
12892
12902
12913
12926
12949
12991
13057
12951
12975
13022
13035
13043
13053
13083
13112
13160
13219
13233
13235
13239
13220
13261
13261
13321
13265
13288
13332
13339
13276
13327
13332
13369
13385
13394
13395
13417
13578
13460
13501
13641
13516
13676
13818
13788
13824
13880
13982
13424
13487
13550
13620
13692
13771
13830
13856
13924
13935
13952
14030
14032
14038
14081
14096
14121
13655
13727
13916
14173
14135
14169
14171
14175
14184
14215
14231
14248
14264
14267
14276
14283
14306
14311
14352
14383
14394
14395
14448
14475
14469
14490
14507
14513
14557
14505
14569
14575
4026
4028
4032
4033
4039
4058
4058
4059
4067
4068
4088
4102
4104
4116
4121
4135
4112
4159
4165
4171
4172
4176
4189
4208
4209
4214
4222
4232
4238
4280
4315
4379
4251
4264
4305
4315
4315
4357
4318
4339
4358
4333
4361
4370
4323
4374
4397
4398
4397
4399
4066
4083
4088
4089
4113
4116
4119
4132
4128
4134
4148
4176
4198
4217
4328
4339
4353
4380
4397
4401
4404
4410
4414
4429
4457
4467
4482
4458
4460
4462
4484
4484
4529
4593
4604
4608
4503
4536
4602
4609
4612
4614
4617
4619
4646
4692
4720
4707
4739
4748
4764
4769
4803
4805
4826
4873
4878
4883
4884
4903
4911
4984
4989
4898
4901
4911
4933
4938
4967
4982
5002
5098
5009
5054
5111
5134
5149
4409
4410
4417
4418
4433
4455
4472
4434
4439
4445
4465
4473
4509
4488
4501
4512
4540
4550
4551
4552
4611
4643
4704
4554
4555
4611
4655
4720
4752
4767
4597
4773
4784
4844
4840
4916
4937
4845
4852
5070
5086
4884
4942
5092
5162
5181
5193
5196
4977
5012
5022
5078
5081
5134
5158
5189
5200
5218
5212
5226
5240
5255
5266
5316
5249
5269
5321
5303
5309
5327
5334
4479
4490
4508
4533
4604
4655
4806
4897
5102
5111
5113
5111
5140
5148
4606
4647
4656
4658
4728
4776
4687
4689
4900
4927
4973
5041
5083
5098
5124
5150
5151
5156
5174
5190
5190
5192
5212
5221
5228
5271
4584
4841
5118
5151
5260
5269
5298
5304
5314
5319
5333
5350
5392
5403
5431
5439
5446
5338
5350
5343
5344
5350
5358
5361
5367
5368
5384
5390
5420
5441
5452
5529
5541
5607
5503
5544
5532
5539
5646
5663
5468
5471
5476
5496
5484
5503
5508
5534
5543
5555
5557
5587
5595
5599
5640
5634
5644
5648
5639
5639
5651
5679
5682
5691
5701
5717
5726
5755
5771
5763
5774
5785
5778
5795
5801
5843
5823
5843
5864
5906
6020
6140
5894
5962
6008
6031
6049
6120
6172
6189
6195
6196
6305
5874
5958
5962
5968
5990
5991
6031
6035
6044
6046
6096
6091
6108
6116
6168
6169
6173
6174
6205
6239
6312
6326
6279
6304
6306
6336
6376
6351
6367
6391
6413
6414
6424
6446
6467
6473
6495
6501
6505
6511
6513
6536
6554
6653
6742
6744
6525
6533
6624
6653
6711
6718
6753
6768
6507
6519
6520
6533
6598
6608
6626
6547
6632
6635
6728
6757
6794
6802
6846
6850
5519
5668
5603
5675
5695
5711
5758
5816
5823
5832
5845
5854
5925
6105
6243
5901
6029
6298
6495
6559
5927
5984
6038
6462
6718
6764
5989
6048
6167
6211
6218
6226
6345
6392
6399
6405
6758
7001
7018
7058
6435
6584
6657
6834
7057
7192
6347
6407
6414
6421
6602
7032
6606
6965
7012
7247
7262
7319
7327
6907
6964
6988
6991
6991
7002
7008
7011
7223
7182
7329
7337
7345
7121
7137
7143
7158
7234
7348
7357
7360
7368
7387
7389
7427
7433
7495
7617
7622
7248
7274
7311
7333
7381
7384
7411
7455
7396
7402
7467
7472
7536
7538
7544
7672
7638
7657
7699
7710
7716
7712
7730
7741
7752
7756
7772
7777
7782
7804
7816
7820
7824
6662
6688
6771
6828
6922
7015
6891
7003
7026
7031
7047
7105
6789
6993
7055
7062
7118
6827
7080
7180
7186
7196
6857
6892
6921
6989
6997
6998
7124
7163
7168
7225
7227
7260
7337
7293
7307
7342
7343
7346
7350
7358
7377
7378
7379
7439
7440
7504
7509
7518
7521
7547
7552
7369
7439
7388
7443
7519
7544
7550
7559
7634
7598
7669
7781
7798
7583
7605
7653
7700
7775
7797
7808
7828
7846
7863
7874
7885
7890
7929
7929
7937
5796
5808
5862
5889
5912
5912
5934
5943
5998
6019
6053
6072
6041
6114
6050
6058
6121
6171
6311
6341
6357
6421
6439
6452
6496
6753
6777
6805
6934
7039
6573
6599
6646
6733
6945
6965
7051
7138
7251
7399
6602
6662
6700
6745
7011
7174
6816
6951
6817
6878
7297
7417
7424
7287
7496
7605
7669
7588
7712
7770
7606
7817
7820
7875
7886
7894
7956
7963
7947
8000
7948
7975
8015
8026
8036
7993
7994
7998
8039
8042
8059
6312
6378
6411
6912
7272
7295
7736
6448
6636
6956
8001
6838
7961
8060
8062
7442
7983
8064
8077
8095
7642
8080
8099
8118
8132
8141
8145
8146
8147
8156
8302
8188
8189
8280
8603
8505
8696
8159
8163
8172
8176
8202
8167
8191
8237
8238
8243
8262
8639
8730
8219
8243
8246
8273
8274
8277
8309
8359
8766
8282
8493
8505
8779
8800
8826
8867
8528
8575
8647
8717
8718
8815
9028
9050
9059
8363
8368
8377
8380
8385
8396
8409
8413
8415
8417
8419
8444
8451
8452
8453
8452
8458
8468
8489
8549
8591
8617
8676
8800
8702
8832
8892
8932
9134
9170
9175
9184
9205
9211
9240
8767
8818
8827
8873
8874
8904
8974
8991
9147
9226
9037
9052
9156
9159
9280
9289
9200
9276
9297
9314
9352
9366
9386
8827
8932
8990
8951
9011
9038
8987
9134
9138
9143
9170
9203
9208
9299
9360
9549
9554
9675
9701
9224
9392
9400
9402
9406
9420
9456
9463
9501
9520
9536
9599
9618
9619
9621
9624
9627
9637
9652
9671
9722
8471
8497
8523
8526
8530
8633
8655
8684
8745
8759
8795
8557
8603
8775
8864
8880
8883
8920
9005
9068
9112
9178
9208
8917
9024
9033
9069
9247
9306
9334
9358
9380
9425
9482
9487
8944
8980
9271
9601
9617
8981
9558
9617
9621
9022
9179
9202
9287
9665
9727
9750
8505
8512
8518
8518
8523
8525
8554
8579
8604
8608
8618
8611
8675
8680
8762
9035
8692
8705
8714
8880
8881
8922
9021
9054
9069
9143
9159
9168
9278
8810
8880
8911
9064
9162
9196
9199
9281
9284
9285
9311
9357
9358
9444
9452
9475
9496
9579
9603
9605
9605
9710
9751
9714
9715
9715
9735
9750
9733
9742
9752
9752
9761
9764
9784
9767
9775
9806
9815
9860
9879
9892
9896
9901
9918
9945
9948
9930
9955
9964
9975
9825
9826
9835
9828
9840
9839
9867
9884
9896
9931
9906
9909
9921
9937
9931
9946
9958
9967
9967
9945
9978
9978
9991
9978
9998
9998
10001
10007
10007
10011
10013
10016
10017
10024
10017
10026
10030
10037
10040
10040
10045
10047
10048
10058
10067
10099
10101
10130
10086
10091
10114
10116
10133
10144
10144
10145
10056
10099
10112
10083
10094
10113
10114
10140
10147
10157
10164
10164
10175
10179
10179
10180
10180
10198
10182
10201
10202
10227
10314
10232
10250
10260
10292
10288
10311
10322
10368
10373
10312
10352
10356
10377
10311
10348
10387
10387
10385
10392
10397
10403
10412
10435
10442
10421
10427
10428
10444
7897
8089
8314
8382
8609
8628
8903
10359
10393
9246
9830
9883
10149
10163
10447
10452
10487
10533
10540
10494
10506
10508
10513
10518
10529
10541
10555
10531
10552
10553
10566
10569
10594
10567
10578
10604
10587
10588
10606
10627
10597
10603
10610
10642
10648
10658
10659
10659
10660
10660
10667
10662
10664
10690
10699
10675
10694
10687
10688
10702
10705
10707
10719
10756
10771
10961
10739
10774
10839
11052
10907
11013
11056
10758
10815
10790
10826
10848
10863
10856
10870
10891
10892
10911
10924
10849
10859
10997
11004
10976
11006
10991
11032
11042
11064
11066
11076
11057
11081
11107
11085
11109
11110
11115
11116
11118
11128
11130
11143
11128
11136
11148
11210
11221
11256
11300
11303
11333
11344
11155
11178
11180
11202
11200
11242
11244
11245
11255
11255
11265
11287
11357
11306
11319
11348
11361
11362
11379
11385
11396
11399
11438
11444
11423
11452
11466
11467
11380
11401
11407
11439
11445
11473
11477
11478
11497
11521
11568
11819
11844
11854
11474
11476
11478
11507
11558
11702
11874
11717
12017
12040
12119
12137
12168
12184
12200
12271
11578
11589
11677
11696
11716
11728
11754
11765
11949
11832
11989
11997
12011
11802
11837
11890
11896
11982
12014
12018
12026
12036
12062
12090
12198
12319
12095
12131
12133
12156
12354
12360
12361
12397
12522
11953
11962
12168
12071
12269
12275
12370
12108
12345
12394
12112
12189
12274
12435
12523
12472
12487
12590
12686
12555
12673
12686
12606
12623
12692
12695
12737
12752
12753
12757
12767
12862
12774
12786
12883
12891
12944
12925
12978
13003
13010
12366
12404
12449
12461
12485
12497
12538
12606
12634
12651
12726
13015
12987
13011
13014
13017
13030
13035
13037
13146
13153
13206
13221
13231
13264
13267
13298
13308
13330
13073
13074
13084
13131
13134
13245
13293
13633
13721
14044
13259
13296
13544
13553
13947
13365
13439
13485
13658
13976
13996
14062
13333
13334
13367
13377
13395
13396
13397
13398
13417
13425
13438
13472
13487
13493
13587
13611
13623
13706
13748
13807
13893
13886
13912
13927
13950
13974
14100
14100
13904
14035
14269
14156
14276
14301
14303
14342
14345
14352
14370
13589
13607
13607
13623
13652
13657
13668
13675
13676
13772
13681
13792
13750
13869
13925
13942
14175
14339
14369
14385
14394
14400
13866
13883
13940
13941
13975
14066
14102
14104
14343
14354
14385
14404
14434
14436
14530
14440
14492
14522
14551
14574
14581
14612
14108
14124
14140
14148
14220
14234
14239
14256
14399
14405
14422
14455
14480
14455
14500
14507
14536
14623
14646
14581
14597
14624
14625
14637
14646
14660
14671
14671
14697
14711
14732
14740
14715
14741
14747
14749
14766
14777
14790
14793
14800
14809
14847
14858
14892
14868
14885
14889
14909
14899
14945
14919
14954
15007
15019
14955
15019
15030
15065
15073
15075
15075
15095
15135
11517
11556
11542
11575
11595
11649
11590
11620
11629
11662
11662
11672
11657
11686
11723
11743
11748
11842
11753
11781
11849
11854
11840
11842
11912
11927
11858
11861
11866
11951
11957
11958
11984
12068
11964
11984
12080
12082
12089
12100
12108
12128
12180
12196
12204
12222
12258
12263
12269
12282
12312
12340
12385
12400
12467
12317
12334
12404
12411
12479
12489
12563
12564
12571
12592
12597
12643
12659
12691
12760
12810
12657
12829
12472
12496
12647
12659
12974
13068
13108
12727
12872
13213
13289
12892
12892
12922
13431
13511
11994
11995
11999
12027
12006
12036
12043
12053
12129
12132
12150
12163
12170
12181
12218
12256
12330
12557
12530
12543
12563
12654
12571
12673
13023
12707
12893
12997
13118
13310
13061
13214
13452
13619
13287
13621
13687
13714
13851
13908
13948
13977
14012
13978
14144
14176
12906
12995
13045
13463
13863
14135
14170
14177
14181
14221
14278
14287
14443
14361
14480
14489
14502
14515
14542
14612
12711
12851
12858
12865
12946
12990
13149
13168
13112
13185
13362
13197
13285
13326
13341
13379
13460
13523
13531
13535
13616
13903
13645
13663
13692
13813
13756
14058
14075
14159
13925
14066
14130
14277
14298
14403
14426
13037
13571
13755
13759
14427
14457
14432
14492
14626
14550
14635
14651
14674
14710
14719
14724
14748
14806
14860
14899
14922
14869
15020
15111
15222
14763
14808
14900
14920
15033
15146
15224
15270
15321
15328
14891
14991
15026
15154
15220
15353
15354
15426
15474
15539
15497
15502
15549
15063
15179
15232
15312
15136
15139
15209
15239
15323
15188
15205
15342
15412
15481
15490
15496
15514
15523
15588
15597
15631
15714
15626
15641
15659
15646
15646
15653
15731
15660
15684
15733
12939
12959
12976
12980
13076
13082
13224
13357
13406
13460
13513
13761
13823
13827
13131
13178
13208
13163
13243
13244
13329
13663
13336
13761
13849
13683
14044
13605
13608
14062
14095
14163
14190
14200
14272
14277
14342
14403
14451
14545
14302
14576
14577
14737
14767
14775
14777
14824
14651
14673
14801
14834
14853
14877
14694
14794
14882
14883
14924
14924
14948
15018
14999
15002
15051
15016
15057
15060
15086
15113
15115
15164
15117
15159
15194
15199
15206
15209
15219
15061
15168
15237
15218
15239
15245
15309
15358
15382
15431
15443
15484
15510
15534
15543
15600
15571
15583
15591
15610
15622
15657
15664
15247
15261
15265
15343
15343
15375
15438
15486
15591
15595
15700
15725
15677
15751
15751
15490
15527
15553
15699
15727
15756
15757
15760
15761
15764
15785
15802
15806
15809
15809
15809
15825
15853
15854
15855
15878
15897
15901
15846
15889
15898
15902
15915
15927
15938
15944
15950
15967
15970
13883
13896
13909
13968
14061
14382
14518
14110
14127
14600
14369
14624
14737
14746
14763
14802
14780
14814
14835
14836
14903
14925
14966
15024
15054
15090
15116
15118
15127
15149
15189
15195
15212
15229
15241
15282
15289
15324
15354
15370
15484
15491
15363
15413
15523
15549
14687
14707
14757
14776
14857
14864
14866
14887
14893
14931
15095
15154
15156
15207
15210
15231
15239
15306
15314
15319
15398
15307
15557
15557
15577
15584
15604
15383
15605
15618
15644
15720
15636
15689
15738
15752
15782
13917
13920
14031
14331
14383
14463
14488
14520
14581
14622
14688
14629
14660
14746
14823
14580
14717
14950
15000
15024
15113
15165
15223
15253
15287
15655
15354
15764
15325
15329
15347
15406
15465
15613
15750
15764
15465
15590
15592
15774
15780
15796
15798
15564
15632
15645
15743
15806
15808
15816
15821
15833
15835
15847
15848
15854
15867
15910
15870
15870
15911
15921
15921
15926
15930
15936
15938
15938
15941
15962
15951
15977
15979
15980
15984
15985
15994
15995
15995
15995
15998
arquivo ordenado pelo algoritmo quicksort tempo da ordenação = 0 nanosegundos

