2
4
5
4
8
6
10
10
12
19
24
26
27
26
29
32
33
33
34
36
37
48
49
38
39
57
40
43
59
62
70
54
55
61
65
65
66
68
69
70
70
72
76
78
78
79
79
17
17
30
30
31
35
36
45
45
36
37
45
61
72
73
45
52
70
74
84
81
81
83
83
83
82
86
95
99
105
84
89
97
100
101
105
106
110
117
120
123
125
132
133
136
138
139
141
142
147
129
143
150
150
159
163
173
176
150
154
159
155
158
159
160
161
161
162
162
166
170
176
180
181
183
185
186
188
188
126
190
156
157
190
190
192
193
195
142
182
191
191
194
194
196
208
187
196
203
206
212
216
226
226
226
229
229
230
197
197
208
218
226
227
228
233
235
256
237
237
237
250
252
253
257
258
264
259
272
280
281
282
284
287
198
198
199
226
218
220
255
250
255
257
257
261
262
263
266
269
281
288
288
289
289
291
291
293
286
297
298
300
300
302
303
309
305
306
306
308
309
312
313
314
304
309
315
315
316
316
317
318
319
323
320
320
325
334
326
331
338
339
352
332
344
347
353
357
366
366
366
368
373
376
334
335
339
347
348
358
359
361
370
360
362
366
370
373
374
386
376
384
384
389
391
392
393
393
398
399
403
400
401
401
406
406
409
412
412
417
423
420
433
444
436
438
443
453
415
418
422
424
432
432
437
442
444
454
457
437
442
478
486
447
465
469
492
439
439
445
453
471
473
457
459
492
482
482
492
503
509
510
526
506
510
528
529
538
543
542
547
549
453
458
459
466
478
497
468
473
486
492
501
519
487
501
527
467
485
530
531
534
538
558
558
558
561
566
567
562
564
566
567
569
569
570
580
582
583
584
587
588
588
590
592
569
577
580
571
576
582
593
593
600
600
600
600
606
607
607
608
609
612
630
643
653
609
610
611
614
618
630
644
639
649
655
640
656
667
630
639
670
672
673
676
676
684
694
707
721
751
754
761
780
764
798
820
842
846
842
857
873
899
904
859
862
866
871
874
896
904
894
913
925
930
933
941
980
986
988
992
1000
908
951
1007
1008
1013
1016
1032
1042
1043
1053
1055
1057
1057
1071
1079
1086
1088
1078
1097
1098
1118
1125
1160
617
618
618
620
620
621
623
629
627
629
630
636
640
642
648
650
651
654
656
657
666
667
668
678
686
654
660
703
828
1021
1145
957
991
1050
1057
1096
1151
716
735
764
772
784
829
845
868
869
901
949
954
960
1007
1060
1064
1068
1106
1125
1161
1165
1168
1180
1194
1183
1222
1184
1195
1224
1230
1236
1237
1255
1259
1264
1267
1268
1270
681
683
683
683
685
686
698
701
694
697
702
706
711
719
724
725
730
740
748
752
753
759
771
786
798
794
802
815
826
806
807
809
814
827
830
831
729
747
748
750
752
774
775
790
802
825
835
836
846
852
754
765
771
756
774
763
778
779
783
787
794
795
795
795
797
846
850
852
858
858
858
866
868
870
871
872
874
879
879
804
805
815
818
810
850
855
864
867
877
878
883
884
890
891
885
887
888
889
891
898
898
906
909
912
914
918
912
924
924
921
927
928
929
930
932
933
934
933
935
936
939
946
941
949
980
981
988
949
952
954
956
960
960
978
983
983
990
994
1000
1007
976
980
991
1002
1003
1014
1035
1036
1040
1044
1051
1054
1089
991
1016
1022
1022
1039
1056
1064
1072
1091
1091
1114
967
970
977
979
972
980
986
987
994
994
1022
977
984
1007
985
987
1021
1043
1046
1052
984
1038
1064
1088
1091
1073
1101
1104
1098
1176
1159
1191
1106
1209
1243
1265
1220
1262
1270
997
1001
1009
1009
1020
1018
1021
1026
1038
1026
1054
1065
1078
1086
1111
1123
1129
1155
1162
1164
1173
1175
1186
1193
1194
1197
1201
1117
1214
1214
1221
1120
1209
1225
1226
1231
1240
1244
1253
1256
1271
1272
1273
1277
1281
1284
1284
1290
1291
1291
1292
1295
1297
1298
1295
1295
1295
1300
1300
1300
1300
1303
1311
1324
1319
1356
1366
1305
1307
1314
1306
1307
1307
1309
1323
1324
1324
1331
1332
1365
1370
1372
1373
1374
1378
1379
1379
1384
1385
1388
1397
1388
1404
1400
1405
1405
1113
1116
1116
1148
1153
1166
1183
1192
1195
1195
1208
1209
1215
1220
1233
1232
1236
1260
1269
1275
1233
1248
1249
1283
1302
1255
1255
1295
1303
1311
1346
1348
1316
1347
1386
1395
1317
1325
1326
1317
1328
1329
1341
1342
1356
1351
1367
1367
1373
1378
1384
1390
1398
1402
1404
1407
1407
1405
1414
1407
1409
1427
1440
1458
1409
1415
1416
1422
1432
1417
1422
1423
1422
1475
1496
1500
1423
1425
1426
1427
1432
1434
1433
1434
1435
1437
1440
1441
1443
1444
1445
1445
1448
1449
1450
1456
1453
1460
1458
1462
1467
1474
1479
1491
1495
1476
1478
1500
1503
1504
1529
1507
1534
1540
1504
1520
1523
1507
1509
1512
1525
1526
1526
1529
1530
1533
1534
1536
1538
1547
1548
1548
1550
1551
1551
1553
1551
1551
1556
1560
1560
1567
1567
1568
1570
1578
1578
1580
1592
1597
1597
1597
1603
1614
1618
1619
1619
1625
1630
1638
1639
1640
1647
1649
1656
1660
1558
1563
1563
1565
1566
1570
1570
1577
1580
1593
1598
1604
1590
1605
1569
1576
1604
1592
1605
1623
1608
1625
1611
1629
1629
1632
1633
1611
1623
1648
1649
1649
1661
1670
1675
1682
1703
1644
1716
1740
1745
1753
1764
1787
1826
1841
1650
1653
1657
1666
1668
1671
1676
1677
1677
1677
1678
1679
1685
1685
1687
1688
1690
1689
1703
1713
1715
1721
1734
1728
1739
1746
1752
1764
1773
1784
1759
1766
1771
1783
1797
1799
1806
1808
1812
1829
1832
1844
1844
1855
1852
1868
1871
1879
1882
1888
1893
1896
1910
1914
1917
1694
1698
1700
1701
1701
1704
1708
1710
1710
1711
1716
1717
1713
1718
1719
1723
1727
1731
1735
1737
1741
1747
1749
1752
1753
1758
1760
1761
1762
1762
1762
1764
1768
1768
1768
1770
1777
1785
1787
1790
1793
1783
1790
1795
1785
1785
1787
1792
1796
1793
1795
1796
1802
1803
1805
1812
1817
1843
1817
1820
1822
1823
1824
1838
1842
1852
1823
1836
1852
1852
1853
1856
1865
1867
1861
1869
1869
1873
1879
1886
1898
1899
1901
1903
1913
1915
1791
1794
1795
1799
1809
1816
1842
1846
1831
1855
1862
1887
1857
1857
1871
1877
1880
1882
1886
1919
1930
1935
1939
1945
1884
1915
1949
1952
1952
1917
1919
1921
1921
1927
1934
1923
1933
1935
1931
1936
1942
1942
1941
1941
1942
1943
1944
1942
1953
1954
1955
1956
1956
1946
2034
1953
2008
2040
2108
2162
1957
1957
1957
1957
1959
1958
1959
1961
1963
1963
1963
1964
1965
1966
1970
1971
1973
1973
1995
1973
1976
1976
1981
1983
1983
1992
1978
1981
1995
2000
2001
2029
2029
1988
2028
2030
2031
2032
2034
2034
1978
1981
1982
1991
1997
1998
2002
2021
2024
2026
2028
2033
2035
2035
2038
2041
2044
2047
2045
2047
2048
2000
2018
2027
2033
2024
2025
2040
2034
2041
2044
2053
2055
2057
2057
2058
2060
2064
2069
2065
2068
2072
2072
2072
2074
2087
2063
2071
2107
2073
2074
2132
2087
2145
2149
2154
2164
2136
2156
2195
2234
2243
2293
2322
2325
2352
2381
2211
2274
2327
2336
2337
2341
2349
2393
2412
2420
2437
2436
2466
2467
2488
2487
2512
2534
2553
2605
2611
2617
2626
2634
2638
2669
2680
2673
2691
2694
2515
2515
2532
2531
2575
2651
2653
2671
2672
2698
2705
2718
84
88
89
90
92
96
96
97
99
99
100
106
141
110
113
116
125
142
145
146
173
159
178
179
197
201
202
218
218
246
261
237
277
289
264
293
319
352
355
410
463
495
547
547
311
317
409
383
399
401
417
498
556
402
447
481
539
566
558
570
583
589
117
121
138
143
145
148
182
202
248
250
200
212
230
234
251
259
285
315
354
365
369
376
383
415
440
467
489
496
506
527
536
536
552
559
608
579
621
638
607
632
647
660
667
158
186
216
231
236
239
184
250
188
230
252
261
264
265
269
280
281
286
318
321
322
329
332
353
354
397
406
429
435
373
386
430
480
489
361
429
490
502
515
525
535
611
647
661
665
376
422
499
586
500
620
635
667
679
681
684
686
687
691
567
570
695
701
706
714
715
722
725
734
751
708
709
732
742
757
757
766
763
769
774
767
772
774
779
781
787
788
268
298
303
301
323
315
324
403
410
294
315
324
455
471
491
507
515
516
524
540
559
385
434
481
493
516
569
512
592
598
608
609
648
681
669
821
694
851
671
874
884
885
975
664
701
713
816
776
790
796
811
817
839
877
890
982
994
999
808
842
844
884
908
927
951
1006
566
573
647
573
612
656
712
807
827
684
796
802
805
814
833
850
860
864
887
904
962
964
1011
1033
1014
1026
1048
1144
1172
1050
1056
1073
1089
1127
1148
1181
1186
1187
1192
1193
1208
1235
1238
896
897
939
986
987
1039
988
1011
1002
1049
1076
1056
1080
1109
1110
1171
1216
1221
1252
1266
1266
1272
1284
1316
1309
1312
1314
1316
1326
1329
1328
1352
1352
1360
1368
1376
1378
1387
1388
1392
1397
1412
1413
1420
907
921
922
908
930
914
923
932
933
933
975
993
1013
1019
1007
1020
1021
1033
939
949
961
963
964
979
992
995
1007
1008
1029
1012
1048
1052
997
1046
1062
1074
1097
1086
1097
1132
1141
1146
1153
1155
1169
1039
1065
1069
1091
1099
1103
1108
1113
1135
1140
1157
1165
1172
1175
1179
1199
1204
1204
1207
1214
1219
1314
1349
1417
1591
1622
1469
1523
1559
1567
1667
1223
1235
1236
1238
1278
1311
1379
1495
1238
1240
1300
1303
1492
1498
1501
1347
1353
1536
1568
1576
1583
1584
1585
1592
1241
1269
1281
1292
1359
1371
1491
1529
1574
1544
1554
1597
1598
1613
1599
1608
1617
1624
1643
1249
1252
1280
1287
1326
1330
1400
1298
1309
1339
1349
1407
1425
1448
1484
1432
1476
1487
1513
1559
1570
1581
1646
1655
1665
1669
1652
1664
1670
1692
1693
1669
1678
1702
1707
1720
1723
1388
1395
1411
1414
1410
1428
1428
1437
1417
1438
1476
1480
1492
1524
1525
1543
1659
1663
1670
1699
1733
1727
1750
1751
1757
1746
1753
1758
1760
1770
1808
1827
1857
1861
1932
1948
1440
1440
1443
1482
1493
1495
1496
1515
1528
1543
1551
1564
1593
1575
1597
1613
1613
1631
1631
1506
1540
1546
1575
1586
1621
1637
1681
1640
1644
1730
1747
1763
1765
1864
1916
1938
1956
1977
1984
2001
2002
2008
2011
2047
2089
2143
2158
2191
2230
2225
2243
2303
2005
2016
2058
2012
2082
2113
2121
2139
2162
2054
2210
2210
2212
2219
2307
2321
2322
1647
1667
1667
1697
1700
1721
1821
1887
1982
2048
2064
2053
2065
1700
1730
1733
1885
1968
1813
1895
2090
2135
2141
2222
1764
1777
1858
1919
1942
2085
2343
1949
1991
2347
2228
2244
2351
2357
2359
2361
2364
2391
2409
2366
2384
2407
2419
2466
2469
2472
2493
2499
2514
2514
2366
2401
2476
2501
2514
2519
2527
2528
2542
2545
2563
2565
2565
2571
2573
2580
2590
2574
2602
2611
2613
2620
2632
2615
2621
2638
2649
2651
2667
2669
2669
2719
2724
2691
2697
2714
2726
2750
1776
1778
1788
1797
1804
1809
1808
1825
1825
1834
1835
1838
1863
1868
1880
1882
1887
1891
1895
1902
1905
1915
1920
1925
1983
1984
1941
1950
1968
1987
1966
1985
1989
1992
1996
2009
1802
2067
2077
1860
1900
1926
1963
2026
2081
2090
2099
2108
2137
2218
2220
2278
2287
2289
2369
2373
2402
2442
2341
2391
2443
2529
2506
2508
2531
2607
2647
2673
2012
2034
2045
2057
2065
2066
2082
2096
2117
2145
2145
2151
2163
2166
2239
2244
2254
2281
2341
2432
2493
2547
2570
2738
2743
2387
2388
2469
2527
2529
2569
2570
2601
2616
2642
2675
2683
2756
2753
2757
2760
2700
2739
2742
2769
2770
2775
2792
2801
2811
2821
2846
2813
2820
2822
2824
2848
2850
2880
2891
2907
2970
2975
2982
3000
3026
3030
3037
3088
2837
2853
2885
2892
2896
2855
2879
2901
2906
2907
2913
2938
2944
2946
2987
2967
2999
3038
3053
3055
3079
3083
3085
3090
3094
3117
3127
3129
3130
3139
3152
3152
3161
3182
3192
3219
3220
3236
3241
2906
2913
2946
2954
2958
2976
2981
2976
2982
3000
3026
3036
3041
3044
3075
3093
3119
3121
3208
3016
3087
3246
3035
3097
3266
3074
3269
3274
3280
3320
3398
3302
3339
3336
3349
3350
3360
3379
3390
3396
3405
3458
3465
3490
3498
3121
3135
3144
3187
3339
3206
3250
3315
3320
3354
3413
3347
3505
3467
3510
3520
3554
3533
3536
3568
3574
3579
3580
3136
3145
3160
3163
3164
3192
3160
3258
3302
3336
3338
3349
3261
3366
3453
3394
3479
3423
3435
3489
3498
3166
3225
3239
3282
3293
3316
3319
3320
3375
3378
3516
3458
3537
3553
3566
3598
3588
3590
3601
3614
3625
3626
3627
2022
2023
2046
2053
2056
2067
2068
2074
2081
2095
2105
2091
2119
2137
2164
2164
2126
2129
2155
2163
2212
2240
2249
2314
2319
2331
2336
2345
2365
2368
2391
2393
2403
2170
2184
2223
2239
2251
2254
2266
2270
2389
2406
2311
2325
2326
2351
2406
2414
2417
2444
2457
2482
2428
2483
2483
2498
2513
2508
2520
2509
2523
2566
2419
2529
2615
2689
2716
2727
2756
2838
2842
2894
2914
2924
2926
3009
2531
2846
3065
3080
3097
3143
3206
3222
3275
3299
3316
3317
3356
3378
2520
2523
2528
2531
2540
2558
2562
2586
2627
2628
2665
2670
2586
2671
2688
2694
2695
2697
2702
2712
2714
2716
2716
2774
2820
2848
2903
2930
2940
3086
2956
2980
2981
3145
3210
3028
3225
3230
3012
3183
3286
3259
3326
3379
3385
3391
3313
3343
3356
3457
3465
3475
3604
3652
3748
3486
3488
3495
3499
3509
3520
3527
3547
3552
3633
3651
3694
3695
3722
3713
3718
3721
3753
3792
2717
2721
2721
2747
2748
2754
2755
2763
2768
2771
2774
2792
2827
2841
2841
2857
2864
2876
2949
2889
2927
2950
2950
2953
2960
2976
3004
2998
3043
3073
3095
3163
3004
3063
3091
3110
3119
3119
3170
3213
3219
3184
3229
3240
3289
3221
3227
3282
3308
3312
3324
3334
3364
3408
3457
3434
3484
3489
3494
3533
3540
3342
3363
3383
3404
3410
3422
3664
3570
3672
3677
3689
3708
3716
3462
3531
3592
3613
3730
3747
3755
3616
3638
3653
3661
3668
3677
3689
3695
3706
3751
3756
3759
2778
2805
2810
2880
2780
2791
2958
2980
2887
2890
2937
2984
2993
2994
3037
3058
3060
3069
3084
3064
3088
3104
3111
3116
3131
3141
3141
3146
3153
3176
3242
3243
3270
3362
3289
3430
3478
3179
3194
3205
3207
3209
3263
3264
3432
3437
3670
3695
3343
3421
3489
3495
3732
3755
3774
3806
3524
3568
3674
3811
3325
3389
3428
3497
3531
3562
3703
3760
3772
3774
3776
3777
3798
3789
3806
3806
3810
3813
3815
3819
3822
3823
3824
3825
3828
3594
3607
3610
3628
3638
3647
3652
3612
3643
3664
3665
3687
3690
3702
3726
3727
3735
3808
3742
3760
3787
3798
3817
3823
3824
3827
3836
3839
3855
3777
3830
3830
3831
3831
3832
3837
3839
3840
3844
3845
3850
3851
3859
3860
3865
3866
2075
2081
2079
2079
2082
2083
2086
2086
2089
2091
2091
2092
2086
2101
2111
2119
2120
2121
2126
2128
2146
2187
2129
2130
2136
2147
2202
2158
2183
2174
2211
2239
2243
2245
2245
2252
2264
2138
2138
2162
2178
2197
2228
2255
2258
2249
2256
2270
2272
2288
2298
2274
2289
2299
2311
2290
2302
2304
2310
2313
2317
2318
2095
2096
2103
2106
2106
2110
2111
2127
2138
2141
2142
2143
2143
2144
2188
2145
2151
2188
2193
2197
2201
2202
2206
2210
2211
2213
2213
2216
2253
2256
2224
2232
2232
2257
2258
2260
2266
2272
2273
2153
2165
2185
2204
2232
2238
2249
2262
2277
2285
2287
2295
2288
2295
2298
2295
2300
2310
2316
2320
2312
2315
2320
2321
2327
2324
2326
2328
2334
2335
2338
2339
2336
2341
2341
2341
2097
2113
2146
2151
2115
2134
2238
2288
2125
2127
2226
2260
2295
2155
2285
2298
2316
2318
2323
2342
2374
2380
2408
2414
2337
2340
2346
2350
2397
2397
2401
2385
2414
2415
2419
2427
2437
2342
2348
2349
2367
2376
2417
2420
2382
2387
2399
2434
2434
2447
2453
2458
2470
2351
2352
2359
2378
2366
2386
2394
2400
2400
2403
2411
2400
2417
2384
2397
2400
2403
2417
2418
2419
2422
2429
2441
2471
2475
2423
2429
2437
2438
2439
2475
2481
2496
2478
2479
2481
2494
2505
2505
2509
2514
2517
2520
2526
2527
2536
2537
2540
2542
2468
2473
2475
2478
2479
2484
2494
2495
2515
2519
2492
2522
2526
2484
2506
2520
2526
2530
2544
2546
2546
2554
2597
2548
2632
2705
2551
2551
2553
2553
2554
2555
2558
2558
2563
2569
2565
2573
2574
2575
2576
2580
2580
2581
2583
2584
2590
2590
2592
2592
2593
2597
2599
2607
2607
2609
2615
2616
2619
2630
2650
2619
2624
2632
2634
2639
2659
2662
2664
2670
2670
2675
2677
2678
2642
2662
2682
2685
2687
2691
2695
2696
2699
2702
2706
2711
2712
2712
2613
2615
2616
2632
2673
2616
2620
2633
2669
2683
2689
2699
2639
2650
2702
2711
2712
2716
2716
2719
2722
2729
2737
2715
2717
2719
2720
2723
2730
2732
2733
2761
2744
2779
2783
2751
2753
2777
2787
2787
2728
2756
2771
2778
2790
2790
2791
2793
2796
2803
2807
2807
2807
2809
2809
2814
2821
2823
2824
2825
2827
2827
2828
2829
2830
2842
2847
2849
2851
2854
2864
2834
2837
2841
2839
2855
2855
2858
2874
2877
2874
2885
2860
2863
2869
2870
2889
2873
2876
2881
2885
2894
2895
2898
2887
2887
2900
2902
2906
2908
2910
2913
2915
2916
2924
2924
2932
2942
2951
2929
2931
2934
2938
2941
2943
2945
2945
2947
2948
2950
2952
2953
2754
2771
2756
2775
2783
2771
2796
2807
2808
2810
2823
2833
2843
2844
3368
2877
2882
2894
3783
3901
3928
4072
4074
4127
2916
3117
2923
3123
3133
3138
3217
3620
3641
3694
4094
3869
3888
3898
4007
4154
4169
4185
4186
4219
4254
4275
4278
4281
4294
4343
4369
4337
4376
4413
4446
2859
2885
2903
2921
2925
2930
3995
3272
3284
3903
3954
4070
4165
4190
3915
4167
4209
4509
4586
4686
4468
4530
4763
4553
4553
4787
4820
4559
4640
4885
4887
4723
4727
4735
4843
4920
4760
4785
4930
4965
4967
5037
2330
2333
2370
2376
2417
2441
2509
2576
2586
2383
2393
2397
2429
2457
2467
2490
2530
2555
2564
2566
2595
2596
2635
2621
2630
2637
2638
2652
2690
2654
2659
2698
2713
2715
2735
2735
2745
2765
2774
2782
2833
2924
2940
3068
2796
2819
2826
2829
2834
2901
2904
2918
2928
2972
2974
2977
2983
2989
3001
3061
3057
3059
3083
3098
3099
3144
3091
3114
3154
3173
3174
3174
3179
3188
3188
3202
3256
3342
3198
3235
3247
3252
3263
3270
3288
3290
3335
3345
3216
3255
3281
3332
3362
3375
3382
3391
3392
3409
3410
3441
3451
3458
3470
3481
3481
3477
3507
3711
3485
3617
3743
3817
3522
3539
3734
3748
3789
3868
3518
3543
3566
3633
3774
3777
3827
3873
3877
3877
3914
3957
4072
4122
4362
3925
3988
4069
3934
4197
3952
3955
3965
4379
4110
4228
4236
4400
4403
4445
4452
3591
3597
3599
3606
3608
3623
3707
3724
3763
3929
3939
4137
3779
3877
3874
3951
4055
4069
4163
4203
4385
4425
4450
4475
4489
4506
3881
3883
3883
3893
3894
3896
3905
3907
3904
3910
3923
3914
3918
3922
3924
3909
3927
3927
3931
3932
4006
4030
4054
4080
4081
4091
4105
4138
3933
3943
3964
4104
3940
4008
4116
4033
4092
4118
4150
4158
3996
4049
4055
4077
4081
4095
4127
4163
4114
4190
4195
4197
4198
4202
4204
4096
4135
4192
4200
4213
4215
4216
4219
4220
3930
3931
3935
3937
3940
3942
3944
3945
3957
3964
3973
3977
3992
4018
4018
4033
4034
4047
4049
3946
3953
3958
3961
3962
3971
4000
4026
4037
4055
4076
3960
3970
3996
4029
4081
4082
4089
4094
4096
4099
4101
4109
4140
4115
4121
4132
4135
4141
4167
4173
4185
4196
4144
4166
4201
4205
4211
4223
4245
4140
4146
4169
4253
4253
4262
4255
4317
4278
4321
4340
4288
4306
4343
4364
4417
4432
4450
4460
4523
4528
4554
4523
4553
4560
4568
4570
4573
4574
4574
4575
4576
4583
4584
4597
4623
4628
4642
4647
3972
3974
4106
4120
4328
4648
4660
4669
4678
4680
4749
4752
4733
4757
4772
4782
4783
4817
4863
4877
4905
4786
4809
4819
4828
4832
4834
4828
4833
4836
4850
4861
4862
4874
4892
4904
4905
4908
4919
4920
4950
4952
4932
4984
5030
4882
4911
4917
4974
4999
4977
5001
5006
5026
5035
5043
5048
5052
5056
5056
5060
5071
5092
5093
5112
5159
5115
5136
5156
5201
5206
5245
5270
5330
5103
5104
5104
5112
5107
5113
5115
5118
5121
5135
5118
5140
5121
5131
5161
5192
5194
5133
5153
5154
5175
5176
5200
5202
5207
5211
5226
5226
5258
5262
5266
5287
5291
5292
5316
5356
5291
5298
5302
5308
5316
5322
5345
5347
5329
5333
5374
5335
5400
5412
5423
5384
5388
5424
5424
5400
5416
5426
5503
5506
5517
5431
5441
5464
5488
5483
5535
5550
5564
5577
5602
5605
5439
5445
5455
5458
5469
5543
5614
5468
5472
5511
5514
5550
5582
5615
5626
5628
4229
4231
4238
4238
4239
4240
4242
4248
4249
4251
4252
4253
4266
4269
4271
4279
4290
4296
4302
4312
4314
4324
4338
4365
4318
4326
4346
4363
4368
4274
4275
4289
4291
4320
4335
4347
4314
4351
4363
4363
4369
4377
4378
4378
4380
4405
4406
4307
4329
4386
4411
4419
4440
4331
4335
4351
4408
4413
4415
4446
4436
4450
4446
4481
4478
4481
4500
4503
4497
4498
4523
4485
4494
4501
4528
4530
4530
4531
4542
4544
4560
4545
4548
4555
4565
4567
4572
4571
4574
4595
4593
4626
4381
4390
4536
4538
4392
4542
4558
4605
4605
4620
4634
4692
4713
4570
4592
4621
4719
4726
4737
4787
4788
4763
4770
4798
4819
4836
4839
4844
4857
4895
4622
4631
4634
4647
4658
4662
4733
4774
4793
4698
4707
4784
4812
4822
4746
4751
4778
4778
4780
4830
4902
4907
4991
4997
4809
4833
4849
4859
4868
4895
4924
4933
4938
4957
4969
5026
5035
4948
4974
5003
5087
5084
5095
5004
5011
5041
5071
5072
5072
5098
5110
5112
4587
4592
4592
4611
4640
4600
4634
4606
4637
4643
4648
4652
4657
4660
4705
4714
4697
4703
4704
4724
4733
4745
4749
4814
4955
4988
5138
5114
5142
5171
5175
5198
5001
5217
5232
5248
5258
5265
5271
5285
4761
4834
4879
4899
4981
5096
5102
5153
5164
5191
5252
5342
5387
5388
5397
5426
5457
5301
5310
5353
5418
5467
5472
5478
5500
5534
5554
5340
5367
5441
5451
5455
5459
5492
5498
5507
5508
5548
5562
5568
4739
4741
4774
4762
4777
4793
4802
4901
5011
5098
4986
5102
5173
4809
4853
4894
4951
5068
5086
5115
5146
5167
5184
5201
5244
5248
5285
5300
5301
4877
4881
4895
4914
4936
4965
4967
4971
4977
4979
4996
5003
5020
4913
4922
5002
5082
5133
5190
5215
5245
5363
5375
5023
5038
5077
5099
5122
5152
5151
5164
5162
5364
5368
5162
5173
5192
5208
5404
5406
5418
5413
5437
5444
5458
5449
5462
5487
5518
5521
5547
5571
5582
5585
5263
5273
5273
5276
5289
5314
5329
5281
5306
5316
5330
5332
5336
5343
5359
5368
5369
5464
5513
5344
5376
5390
5469
5497
5541
5559
5464
5572
5469
5589
5591
5592
5593
5525
5554
5562
5574
5557
5577
5594
5595
5599
5600
5602
5603
5611
5617
5625
5612
5618
5626
5626
5626
5629
5629
5630
5633
5635
5635
4616
4651
4863
4942
5202
5227
5351
5454
5370
5576
5620
5636
4688
4700
4966
4950
5008
5117
5354
5550
5200
5256
5282
5362
5636
5646
5650
5654
5673
5652
5655
5659
5659
5661
5662
5666
5668
5673
5673
5675
5676
5677
5677
5678
5685
5679
5682
5688
5698
5690
5697
5697
5702
5702
5682
5685
5685
5688
5696
5700
5704
5705
5705
5722
5724
5706
5716
5718
5725
5727
5731
5732
5732
5734
5735
5735
5736
5740
5741
5749
5749
5751
5751
5754
5759
5755
5756
5758
5758
5760
5762
5763
5765
5766
5769
5769
5769
5772
5774
5778
5783
5785
5787
5787
5787
5798
5806
5801
5810
5812
5788
5788
5792
5798
5817
5820
5827
5812
5820
5831
5817
5832
5845
5835
5836
5837
5846
5856
5871
5875
5878
5881
5901
5904
5907
5913
5917
5885
5888
5892
5919
5894
5919
5924
5927
5932
5938
5938
5827
5832
5836
5836
5850
5853
5856
5869
5860
5865
5867
5874
5875
5870
5879
5881
5889
5904
5919
5933
5935
5935
5947
5957
5964
5965
5970
5973
6410
5912
5948
5952
5952
5953
5954
5954
5966
7120
7199
7309
7322
7696
7995
8097
8098
8114
8739
5957
5961
5968
6025
6212
6311
7187
6395
6409
6482
6802
7214
7235
7472
7442
8051
7569
8272
8673
8781
8826
8874
8930
8955
8984
9257
5974
5974
5974
5976
5979
5985
5987
5989
5989
5989
5990
5992
5996
5998
6008
6002
6023
6022
6025
6027
6010
6012
6014
6018
6018
6020
6024
6025
6028
6030
6031
6029
6035
6039
6040
6046
6046
6080
6120
6053
6069
6137
6147
6052
6066
6072
6086
6082
6098
6105
6140
6087
6108
6127
6150
6151
6154
6092
6169
6170
6170
6186
6211
6172
6193
6213
6218
6175
6230
6230
6180
6233
6236
6243
6263
6111
6119
6136
6151
6157
6127
6212
6215
6250
6257
6132
6149
6246
6176
6199
6267
6269
6248
6255
6260
6257
6268
6283
6337
6378
6396
6274
6435
6443
6452
6469
6514
6547
6552
6282
6319
6394
6566
6572
6596
6619
6274
6280
6282
6296
6291
6296
6297
6302
6302
6304
6305
6307
6328
6336
6337
6314
6319
6333
6335
6343
6356
6357
6357
6366
6366
6368
6375
6379
6384
6384
6394
6394
6396
6399
6403
6416
6423
6431
6431
6433
6548
6443
6457
6468
6476
6484
6521
6522
6451
6475
6500
6460
6470
6526
6558
6573
6381
6389
6382
6408
6382
6414
6491
6408
6471
6483
6505
6492
6513
6542
6552
6530
6533
6541
6541
6549
6573
6575
6583
6605
6605
6630
6623
6633
6635
6639
6645
6651
6655
6581
6629
6658
6678
6680
6676
6690
6703
6697
6719
6726
6728
6756
6757
6768
6762
6769
6775
6861
6872
6788
6804
6808
6816
6818
6844
6882
6883
6884
6884
6890
6892
6894
6729
6835
6872
6930
6897
6897
6906
6932
6936
6940
6953
6954
6924
6929
6949
6950
6957
6985
6990
7002
7012
7047
7004
7005
7012
7013
7060
7065
7058
7071
7082
7083
7092
6511
6527
6550
6519
6574
6548
6609
6633
6635
6642
6709
6721
6725
6869
6951
6968
6801
6914
7103
7144
7154
7090
7161
7161
7289
7044
7109
7127
7126
7178
7217
7218
7185
7224
7293
6590
6594
6639
6673
6675
6691
6723
6747
6795
6785
6831
6844
6963
7132
7185
7288
6907
6967
7099
7101
7111
7112
7126
7229
7063
7088
7100
7129
7310
7319
7345
7421
7451
7122
7129
7156
7158
7184
7225
7229
7255
7260
7302
7325
7326
7490
7627
7636
7638
7670
7671
7722
7180
7206
7253
7291
7311
7313
7404
7751
7779
7623
7652
7659
7685
7878
7720
7759
7773
7904
7871
7915
7927
7963
7975
7328
7330
7330
7333
7350
7381
7396
7426
7448
7471
7541
7555
7572
7580
7595
7606
7634
7765
7957
8036
7638
7663
7842
7967
7978
8070
7691
7757
7847
7857
7877
7900
8115
8139
8200
8237
8271
7771
7872
7892
7920
7981
7982
7984
7999
8016
8030
8054
8058
8059
8102
8121
8129
8130
8144
8154
8163
8192
8198
8201
8215
8289
8337
8208
8222
8249
8316
8351
8354
8269
8284
8303
8329
8398
8419
8422
8427
6042
6050
6053
6056
6061
6063
6065
6078
6083
6087
6102
6136
6168
6184
6086
6091
6246
6248
6266
6348
6115
6326
6127
6194
6425
6289
6344
6442
6203
6208
6209
6218
6224
6231
6233
6259
6335
6363
6390
6410
6458
6462
6481
6481
6494
6497
6238
6256
6271
6278
6314
6341
6390
6419
6443
6362
6390
6431
6397
6433
6469
6469
6500
6508
6511
6556
6559
6566
6566
6080
6097
6098
6130
6144
6149
6155
6169
6181
6184
6225
6241
6247
6248
6271
6234
6277
6295
6298
6319
6326
6383
6380
6390
6429
6641
6581
6838
6872
6919
6991
6603
6632
6876
7062
6839
6946
7079
7090
7112
7132
7198
7312
6546
6569
6609
6655
6681
6691
6732
6767
6573
6592
6605
6629
6634
6636
6745
6787
6924
6976
7088
7249
7268
6661
6925
7033
7119
7204
7260
7283
7315
7347
7697
7765
7334
7423
7496
7748
7795
7924
6582
6658
6696
6720
6720
6730
6727
6781
6782
6806
6833
6902
6856
6946
6984
6813
6821
6836
6874
6925
6934
6948
6954
6975
7022
6983
7009
7067
7033
7080
7082
7097
7102
7131
7136
7164
7200
7212
7230
7277
7279
7282
7311
7311
7315
7337
7403
7413
7494
7516
7552
7605
7609
7644
7747
7386
7459
7635
7704
7740
7856
7389
7675
7780
7798
7897
7899
7930
6341
6342
6354
6368
6416
6420
6426
6461
6466
6489
6586
6595
6639
6423
6442
6491
6694
6788
6798
6504
6603
6621
6756
6805
6856
6776
6867
6887
6899
6920
6359
6375
6387
6411
6416
6419
6419
6508
6443
6503
6570
6807
6463
6464
6501
6509
6663
6684
6694
6721
6766
6805
6877
6920
6935
6910
6923
6954
6968
6969
7054
6832
6842
6851
6872
6928
7054
6941
7112
7163
7182
7195
7217
7228
7279
7305
7313
7328
7350
7361
7400
7257
7324
7406
7392
7627
7645
7736
7815
7884
7929
7740
7878
8022
8211
8215
8045
8090
8191
8231
8140
8277
8338
6982
6998
7027
7057
7179
7214
7310
7020
7070
7165
7322
7366
7547
7055
7075
7118
7261
7283
7427
7550
7775
7840
7948
7984
8006
8031
7554
7743
8012
8065
8149
8180
8208
7655
7941
7982
8023
8060
7953
7975
8079
8088
8120
8130
7976
8227
8261
8273
8277
8280
8287
8310
8351
8313
8339
8352
8353
8387
8446
8446
8450
8453
8457
8476
8480
8385
8415
8434
8453
8456
8474
8485
8492
8494
8501
8517
8526
8526
8533
8535
8536
8540
8545
8553
8556
8556
8561
8568
8633
8657
8661
8573
8629
8590
8615
8635
8607
8628
8640
8645
8665
8591
8630
8632
8645
8647
8667
8670
8675
8677
8682
8682
8685
8687
8700
8703
6646
6686
6699
6731
6758
6785
6755
6778
6815
6839
6850
6759
6839
6881
6912
6919
6856
6903
7006
7045
7051
7057
7071
7112
7138
6919
6948
6977
6982
6984
7015
7016
7029
7037
7096
7111
7147
7189
7100
7122
7166
7293
7312
7342
8616
8649
7175
7256
7291
7295
8242
8710
7276
7849
7298
7984
8717
8720
8735
8747
7348
8148
7809
8189
7355
7827
7837
8286
8707
8717
8717
8728
8760
8765
8786
8750
8750
8755
8763
8775
8786
8793
8806
8808
8814
8818
8821
8823
8830
8833
8834
8839
8847
8863
8867
8871
8876
8886
8909
8908
8927
8929
8948
8951
8961
8965
8978
8970
8990
8707
8714
8741
8766
8780
8787
8790
8842
8852
8860
8865
8872
8877
8890
8918
8875
8876
8919
8927
8936
8944
8963
8995
9004
9005
9010
9013
9029
9048
9056
9080
9079
9082
9091
9117
9132
9141
9008
9013
9061
9061
9062
9074
9096
9102
9104
9106
9143
9117
9141
9151
9148
9151
9153
9155
9169
9181
9161
9165
9171
9176
9177
9178
9182
9190
9191
9192
9193
9194
9196
9199
9200
9209
9212
9212
9213
9216
9227
9235
9236
9237
9240
9240
9317
9241
9244
9264
9320
9271
9284
9290
9358
9359
9304
9326
9338
9399
9378
9379
9383
9430
9431
9431
9442
9452
9457
9466
9472
9466
9475
9496
9514
9545
9255
9273
9259
9264
9303
9277
9294
9310
9314
9319
9320
9323
9339
9423
9344
9353
9360
9364
9373
9381
9386
9402
9413
9426
9485
9429
9454
9499
9549
9553
9561
9412
9431
9435
9450
9548
9463
9566
9491
9567
9568
9573
9586
9593
9602
9602
9609
9615
9609
9625
9634
9638
9659
9667
9668
9669
9685
9694
9669
9699
9700
9711
9605
9607
9614
9625
9626
9683
9710
9616
9621
9639
9673
9711
9718
9726
9726
9732
9486
9506
9523
9524
9527
9579
9596
9607
9610
9646
9700
9735
9780
9972
10062
10108
10144
10398
10476
10537
9618
9664
9722
9750
10004
10088
10199
10318
9736
10341
10349
10393
10535
10779
10781
10797
9547
9745
9756
9638
9656
9711
9846
9929
9999
10393
10010
10016
10048
10186
10364
10406
10434
10450
10487
10509
10522
10566
10646
10666
10613
10782
10803
10673
10805
10816
10817
11080
10822
11017
10830
10861
11073
11074
11075
11080
11090
11108
11116
9729
9730
9734
9735
9740
9750
9792
9800
9816
9837
9840
9758
9779
9802
9820
9812
9822
9841
9847
9865
9866
9869
9905
9906
9911
9919
9922
9937
9938
9838
9860
9900
9908
9868
9927
9953
9950
9953
9960
9978
9982
10002
10013
10010
10017
10022
10026
10029
10037
10079
10110
10132
10147
10046
10065
10048
10113
10133
10153
10169
10170
10179
10186
10191
10204
10209
10211
9963
9987
10010
10061
10063
10128
10211
10149
10209
10217
10219
10222
10225
10232
10250
10227
10235
10235
10266
10292
10294
10302
10307
10308
10284
10284
10298
10309
10316
10319
10325
10325
10335
10339
10341
10350
10418
10454
10484
10493
10359
10569
10684
10726
10791
10362
10371
10377
10387
10400
10418
10422
10407
10431
10436
10456
10489
10524
10519
10524
10533
10542
10574
10488
10551
10575
10590
10591
10605
10610
10621
10706
10738
10758
10810
10857
10900
10943
10964
10513
10526
10537
10742
10915
10954
10980
10609
10687
10727
10776
10628
10874
10942
10983
11001
10395
10426
10439
10444
10488
10524
10489
10494
10512
10525
10536
10528
10543
10555
10563
10594
10598
10603
10660
10732
10678
10743
10747
10737
10767
10870
10975
10623
10644
10691
10693
10743
10765
10866
10987
11004
11022
11032
11018
11036
11040
11044
11058
11059
11095
11121
10767
10784
10813
10830
10845
10884
10958
10965
10873
10904
10910
10944
10949
10972
10982
11021
11025
11042
11064
11066
11068
11098
11077
11102
11117
11123
11126
11124
11137
11140
11145
11146
11150
11162
10996
11165
11165
11165
11170
11176
11178
11194
11194
11207
11212
11216
11183
11194
11217
11218
11219
11224
11228
11233
11246
11251
11258
11273
11263
11269
11275
11278
11306
11308
11318
11328
11342
11351
11277
11325
11305
11326
11311
11330
11344
11344
11350
11364
11369
11351
11369
11373
11375
11382
11384
11385
11386
11387
11398
11403
11404
11406
11406
11440
11415
11419
11419
11423
11423
11435
11442
11442
11458
11497
11500
11522
11556
11567
11571
11574
11579
11585
11604
11618
11624
11631
11459
11459
11462
11462
11471
11490
11478
11516
11520
11537
11551
11552
11556
11472
11472
11487
11529
11551
11496
11528
11546
11554
11562
11572
11580
11580
11582
11596
11590
11590
11601
11606
11624
11629
11658
11632
11673
11677
11685
11605
11605
11617
11652
11628
11655
11659
11673
11668
11675
11691
11691
11677
11718
11720
11733
11734
11783
11805
11884
11735
11736
11752
11759
11776
11783
11756
11790
11792
11800
11806
11807
11809
11812
11825
11831
11848
11912
11925
11926
11830
11869
11884
11932
11935
11949
11956
11960
11964
11835
11843
11860
11872
11885
11930
11943
11968
11908
11971
11975
11976
11980
11981
11986
11979
11986
11994
11995
11998
12002
12006
12015
12021
12029
12035
12037
12038
12039
12041
12054
12056
12057
12059
12065
12069
12072
7374
7376
7379
7386
7387
7395
7395
7405
7413
7414
7407
7420
7422
7415
7424
7440
7425
7441
7445
7455
7448
7451
7456
7457
7458
7459
7469
7470
7473
7474
7480
7480
7481
7496
7497
7503
7515
7520
7528
7533
7534
7535
7553
7564
7572
7485
7491
7516
7537
7575
7585
7487
7490
7510
7551
7580
7587
7595
7600
7601
7602
7605
7595
7610
7607
7613
7621
7623
7628
7633
7636
7652
7639
7654
7657
7685
7774
7820
7667
7670
7671
7675
7677
7689
7693
7697
7701
7708
7709
7709
7730
7744
7749
7769
7774
7779
7808
7810
7810
7853
7878
7885
7917
7964
7970
7716
7725
7749
7719
7774
7838
7870
7883
7947
8110
8155
8167
8223
8234
8421
8446
8465
8467
8489
8493
8537
7720
7733
7828
7741
7797
7848
7775
7789
7800
7810
7851
8082
8018
8099
8129
8136
8207
8167
8264
8038
8206
8351
8355
8438
8513
8534
8579
8582
8607
8609
8652
8661
8614
8617
8652
8670
8699
8723
7483
7488
7497
7514
7529
7542
7567
7571
7575
7610
7637
7682
7682
7849
7867
8004
8080
7708
7735
7777
7968
8036
8097
8150
8152
7793
7876
8096
8174
8176
8181
8188
8256
7856
7960
7992
8067
8165
8243
8266
8097
8158
8288
8314
8342
8340
8384
8404
8423
8441
8451
8475
8488
8473
8527
8624
8678
8728
8746
8533
8568
8585
8642
8722
8758
8820
8825
8729
8736
8747
8765
8774
8826
8836
8856
8861
8861
8028
8374
8603
8651
8871
8889
8898
8903
8909
8924
8952
8957
9052
8925
8940
8940
8958
9006
9064
9019
9090
9092
9074
9098
9140
9102
9158
9189
9185
9195
8979
8990
9001
9096
9009
9146
9099
9149
9175
9229
9204
9208
9240
9238
9243
9259
9113
9179
9210
9243
9254
9263
9296
9298
9350
9310
9324
9325
9329
9430
9450
9497
9338
9340
9344
9356
9358
9402
9407
9499
9501
9508
9521
9526
7828
7845
7833
7841
7845
7846
7847
7853
7946
7952
8032
8088
8124
8140
8164
8172
8194
8210
8222
8238
8316
8276
8286
8306
8346
8382
8385
8390
8403
8394
8441
8454
8457
7990
8070
8141
8171
8187
8203
8254
8472
8472
8481
8484
8508
8515
8521
8531
8536
8553
8555
8560
8575
8599
8673
8614
8689
8706
8644
8705
8709
8718
8732
8733
7863
7873
7883
7954
7979
8025
7965
7976
8005
8009
8057
8059
8074
8059
8078
8085
7902
7920
7957
8035
8061
8066
8063
8100
8100
8110
8113
8118
8134
8110
8136
8137
8137
8145
8156
8167
8182
8202
8251
8257
8268
8277
8282
8289
8301
8368
8375
8513
8620
8700
8738
8742
8768
8758
8771
8774
8792
8296
8307
8372
8378
8384
8399
8400
8409
8422
8425
8429
8444
8445
8435
8444
8469
8471
8472
8495
8510
8549
8555
8559
8560
8566
8576
8577
8589
8617
8618
8664
8628
8709
8715
8718
8722
8751
8767
8783
8786
8793
8799
8793
8855
8883
8805
8887
8895
8825
8825
8843
8838
8845
8963
9478
8864
8875
8886
8915
9092
9293
9122
9202
9489
9527
9529
8896
8903
8904
8916
8925
8949
8967
8968
9006
9015
9016
9025
9055
9065
9070
9071
9073
9079
9087
9088
9092
9092
9102
9131
9163
9163
9168
9180
9185
9193
9277
9293
9321
9324
9343
9363
9369
9369
9388
9462
9479
9496
9526
9370
9371
9371
9384
9385
9431
9474
9536
9561
9580
9580
9581
9592
9597
9602
9604
9625
9115
9140
9214
9215
9253
9258
9282
9352
9116
9184
9187
9370
9376
9358
9437
9445
9466
9494
9450
9489
9495
9530
9536
9552
9557
9561
9295
9434
9436
9553
9575
9574
9576
9581
9585
9604
9645
9602
9602
9630
9639
9642
9654
9663
9554
9576
9580
9585
9613
9675
9675
9676
9691
9692
9723
9620
9704
9722
9723
9735
9641
9673
9740
9748
9751
9751
9754
9717
9721
9752
9756
9762
9766
9768
9801
11118
10266
10636
11138
11188
9771
9772
9773
9774
9789
9792
9785
9794
9796
9845
10058
10065
10104
10735
10098
10187
10199
10606
10310
10609
10401
10462
10706
11075
11126
11226
11289
11296
11353
10322
10331
10388
10825
10894
11276
11479
11417
11419
11539
11543
11543
11566
11787
11857
11866
11904
11983
12002
12009
12095
9802
9806
9817
9832
9817
9822
9837
9838
9831
9840
9840
9842
9808
9818
9827
9847
9858
9861
9863
9864
9874
9864
9870
9881
9882
9882
9882
9883
9896
9905
9910
9916
9949
9950
9952
9961
10054
9993
10094
10015
10082
10097
10116
10124
10124
10130
10140
10145
10287
10337
10354
10169
10196
10387
10402
10413
10419
10248
10423
10438
10498
10514
10032
10046
10075
10078
10102
10150
10186
10197
10137
10219
10236
10250
10257
10287
10435
10438
10448
10512
10522
10526
10548
10478
10562
10572
10575
10598
10629
9926
9937
9940
9941
9957
9957
9945
9965
9966
9973
9976
9967
9970
9976
9981
9988
9992
9993
10013
10067
10076
10130
10147
10154
10174
10181
10182
10194
10197
9996
10000
10023
10026
10205
10206
10213
10223
10279
10331
10335
10346
10090
10090
10098
10138
10221
10307
10144
10167
10232
10216
10283
10318
10325
10350
10359
10365
10375
10436
10451
10500
10514
10450
10504
10510
10535
10582
10596
10604
10649
10663
10667
10702
10703
10709
10711
9995
10083
10104
10159
10178
10243
10000
10076
10257
10300
10749
10355
10361
10392
10465
10465
10530
10536
10592
10716
10763
10766
10912
10935
10958
11026
11028
11033
10801
10826
10876
10891
10916
10917
10927
11019
11021
11043
11085
11092
11101
11136
11162
10933
10989
11071
11087
11010
11056
11065
11111
11137
11151
11162
11182
11107
11146
11173
11184
11188
11198
11201
11202
11208
11210
11224
11227
10354
10412
10460
10470
10517
10526
10385
10402
10585
10587
10387
10414
10443
10448
10548
10588
10602
10615
10616
10617
10642
10642
10685
10752
10756
10759
10771
10776
10834
10843
10886
10996
11002
10811
10820
10843
10846
10905
10929
11014
11056
11080
11092
11093
11097
10853
10859
10874
10888
10899
10935
10974
10988
11016
11031
11038
11256
11352
11444
11053
11084
11108
11202
11291
11314
11317
11331
11404
11471
11506
11570
11601
11634
11124
11136
11203
11211
11245
11252
11259
11260
11266
11269
11275
11275
11301
11303
11306
11310
11313
11324
11324
11328
11330
11330
11332
11334
11351
11423
11437
11353
11392
11405
11406
11436
11459
11502
11540
11564
11581
11590
11608
11609
11614
11619
11383
11387
11404
11407
11538
11644
11388
11398
11525
11638
11641
11647
11649
11658
11680
11691
11694
11698
11706
11419
11476
11495
11495
11477
11487
11487
11554
11564
11574
11599
11604
11668
11672
11684
11701
11714
11733
11757
11761
11763
11765
10383
10385
10389
10406
10419
10451
10483
10487
10504
10518
10531
10558
10579
10601
10659
10720
10740
10401
10401
10420
10532
10563
10605
10626
10633
10701
10753
10779
10791
10731
10747
10823
10845
10870
10948
10986
10987
10917
10939
10942
10949
10972
11015
11051
10989
10992
11016
11066
11104
11195
11043
11063
11080
11176
11204
11213
11213
11136
11180
11223
11226
11242
11254
11339
11341
11357
11264
11327
11343
11406
11602
11715
11767
11805
11411
11419
11419
11427
11527
11552
11577
11594
11634
11654
11656
11703
11710
11711
11759
11766
11772
11774
11801
11810
11811
11813
11828
11834
11846
11820
11853
11855
11856
11856
11857
11892
11861
11870
11891
11891
11894
11899
11908
11912
11180
11246
11255
11330
11378
11478
11487
11501
11534
11591
11598
11724
11794
11923
11925
11986
11941
11993
12044
11942
11948
11974
11991
11991
11992
11994
11996
11996
12000
12046
12047
12048
12052
12002
12011
12024
12027
12033
12047
12048
12029
12046
12051
12052
12053
12068
12072
12072
12036
12073
12074
12080
12082
12084
12085
12083
12095
12095
12095
12095
12096
12098
12098
12098
12102
12107
12111
12117
12122
12113
12121
12131
12117
12132
12133
12099
12107
12109
12117
12104
12109
12116
12120
12121
12130
12138
12141
12118
12121
12123
12142
12145
12147
12150
12141
12143
12151
12151
12155
12157
12166
12170
12145
12157
12158
12159
12159
12160
12160
12161
12161
12173
12180
12186
12181
12197
12199
12201
12204
12209
12170
12184
12175
12184
12185
12188
12193
12194
12195
12196
12195
12199
12209
12209
12210
12210
12211
12212
12213
12213
12214
12217
12220
12220
12222
12217
12223
12226
12227
12227
12228
12230
12231
12232
12235
12237
12239
12242
12244
12248
12272
12273
12286
12292
12265
12265
12280
12284
12290
12298
12301
12232
12248
12251
12256
12258
12261
12267
12272
12273
12275
12285
12295
12306
12306
12315
12315
12316
12316
12317
12317
12318
12321
12323
12323
12325
12323
12329
12331
2954
2955
2965
2959
2971
2957
2961
2964
2972
2984
2970
2974
2986
2986
2987
2989
2973
2979
2981
2990
2992
2995
2996
2998
3000
3003
3004
3004
3004
3007
3009
3017
3023
3010
3012
3016
3019
3025
3027
3006
3010
3011
3011
3013
3019
3028
3030
3030
3030
3015
3015
3022
3033
3035
3057
3023
3039
3061
3071
3074
3075
3090
3091
3093
3093
3103
3095
3109
3101
3117
3124
3115
3119
3121
3125
3136
3157
3158
3172
3031
3034
3036
3037
3038
3046
3060
3064
3073
3074
3052
3059
3069
3075
3077
3081
3085
3087
3092
3087
3099
3132
3100
3121
3160
3167
3107
3109
3119
3124
3130
3132
3135
3142
3155
3155
3173
3176
3176
3180
3186
3191
3159
3161
3175
3178
3185
3178
3186
3187
3189
3193
3193
3210
3224
3230
3194
3201
3200
3204
3215
3216
3229
3256
3223
3226
3231
3234
3249
3260
3232
3261
3264
3265
3269
3266
3271
3274
3276
3289
3293
3279
3285
3299
3284
3289
3295
3300
3302
3319
3331
3304
3316
3327
3339
3348
3349
3306
3320
3320
3328
3333
3333
3333
3360
3364
3378
3391
3378
3391
3395
3396
3398
3402
3339
3340
3363
3364
3383
3383
3422
3401
3407
3412
3416
3418
3420
3422
3422
3425
3427
3435
3454
3439
3444
3447
3448
3458
3461
3462
3462
3471
3471
3473
3474
3211
3214
3228
3230
3236
3259
3262
3264
3265
3265
3265
3301
3305
3330
3340
3363
3343
3406
3410
3418
3434
3461
3476
3482
3484
3484
3487
3473
3476
3481
3483
3490
3484
3488
3491
3495
3498
3501
3493
3493
3503
3506
3507
3509
3513
3515
3517
3519
3526
3550
3523
3527
3535
3538
3538
3551
3554
3556
3556
3559
3560
3563
3570
3572
3581
3517
3523
3532
3537
3556
3568
3583
3584
3591
3596
3596
3599
3599
3610
3611
3612
3617
3619
3622
3622
3623
3568
3577
3583
3584
3589
3610
3596
3601
3614
3614
3616
3618
3619
3623
3626
3628
3630
3638
3641
3631
3638
3635
3635
3647
3472
3490
3573
3617
3625
3659
3659
3659
3648
3660
3664
3667
3676
3668
3669
3669
3678
3678
3683
3684
3685
3688
3693
3724
3726
3695
3700
3703
3707
3708
3729
3735
3762
3776
3721
3767
3780
3792
3732
3779
3789
3793
3797
3806
3810
3824
3826
3853
3875
3892
3832
3841
3853
3861
3861
3872
3881
3894
3905
3915
3962
3965
3903
3912
3913
3927
3935
3940
3950
3963
3974
3976
3976
3954
3957
3963
3970
3978
3979
3981
3982
3983
3985
3986
3988
3990
3991
3986
3990
3994
3996
4006
4010
4014
4020
4023
3697
3700
3703
3705
3705
3706
3719
3720
3725
3726
3730
3732
3739
3740
3744
3752
3753
3765
3775
3778
3789
3791
3809
3797
3815
3823
3836
3848
3850
3780
3781
3827
3828
3843
3878
3888
3893
3932
3943
3946
3954
3960
3969
3971
3971
3993
4001
4008
4029
4031
4032
4037
4047
4098
4108
3817
3818
3820
3834
3839
3845
3846
3858
3863
3868
3874
3896
4094
3921
3957
3961
4109
3988
4127
4128
4137
4185
3870
3872
3879
3883
3888
3894
3909
3912
3939
3939
3950
3952
3938
3953
3965
3975
4021
4023
4073
4121
4206
3987
4000
4030
4034
4040
4042
4045
4086
4100
4136
4047
4095
4202
4160
4161
4237
4238
4055
4101
4237
4245
4250
4256
4261
4265
4274
4287
4295
4308
4311
3967
3995
4063
4072
4075
4112
4299
4353
4386
4319
4388
4386
4412
4450
4502
4502
4560
4650
4696
4716
4761
4421
4433
4463
4507
4508
4509
4535
4538
4548
4549
4566
4588
4636
4636
4640
4643
4666
4690
4726
4732
4770
4783
4786
4794
4798
4826
4853
4854
4304
4392
4407
4431
4438
4440
4472
4527
4533
4539
4588
4514
4609
4728
4773
4806
4616
4660
4681
4695
4809
4859
4861
4544
4584
4709
4878
4887
4890
4891
4911
4930
4945
4948
4955
4957
4974
4982
4983
4994
4054
4058
4066
4067
4067
4069
4069
4071
4071
4073
4070
4071
4073
4077
4096
4102
4117
4090
4131
4252
4221
4233
4237
4260
4263
4267
4286
4287
4289
4104
4157
4171
4192
4246
4264
4274
4107
4312
4319
4330
4340
4340
4181
4185
4194
4212
4230
4213
4249
4304
4348
4355
4232
4240
4299
4257
4304
4320
4263
4276
4315
4342
4366
4370
4379
4386
4076
4079
4084
4086
4102
4104
4107
4108
4114
4119
4121
4139
4154
4161
4130
4131
4134
4154
4171
4173
4174
4190
4178
4180
4180
4194
4131
4168
4151
4179
4180
4153
4181
4212
4239
4250
4254
4271
4325
4327
4336
4356
4371
4211
4251
4270
4279
4354
4364
4377
4376
4382
4382
4386
4393
4294
4346
4349
4382
4394
4394
4394
4395
4395
4395
4397
4402
4404
4407
4416
4407
4412
4414
4417
4419
4419
4422
4434
4440
4441
4461
4463
4467
4481
4477
4478
4502
4509
4528
4541
4559
4607
4492
4498
4514
4537
4545
4582
4609
4611
4612
4509
4510
4548
4578
4645
4614
4615
4623
4627
4639
4629
4650
4659
4661
4669
4671
4679
4679
4686
4696
4686
4716
4731
4731
4770
4778
4790
4791
4791
4796
4804
4818
4822
4826
4827
4833
4849
4835
4846
4876
4879
4854
4865
4866
4886
4888
4892
4893
4900
4915
4896
4897
4912
4920
4914
4917
4935
4959
4964
4937
4937
4944
4944
4954
4954
4954
4959
4960
4962
4986
4987
4995
4996
5002
5002
5011
5011
5017
5024
5021
5027
5030
5032
4423
4428
4431
4436
4525
4431
4433
4456
4456
4451
4457
4472
4438
4476
4478
4481
4485
4491
4541
4543
4550
4558
4561
4566
4574
4585
4602
4576
4605
4622
4671
4747
4610
4613
4615
4616
4620
4637
4621
4639
4639
4683
4838
4838
4857
4887
4902
4859
4868
4903
4912
4927
5028
4934
4936
5035
4964
4966
5030
5041
5052
4652
4655
4662
4668
4695
4709
4715
4774
4809
4814
4898
5003
5006
5038
5053
5054
5064
5065
5065
4788
4800
4890
4894
4907
4942
4947
5032
5042
5050
5053
5073
5074
5074
5075
5076
5078
5087
5092
5094
5101
5096
5101
5105
5106
5108
5110
5102
5109
5120
4492
4496
4507
4509
4554
4558
4558
4562
4571
4591
4657
4666
4584
4641
4685
4687
4692
4711
4717
4719
4742
4747
4797
4798
4799
4864
4868
4927
4947
4953
4978
4982
4949
5011
5012
4918
4988
5004
5014
5098
5099
5027
5039
5085
5037
5088
5091
5101
4524
4577
4745
4783
4720
4753
4821
4914
4929
4991
5048
5051
5075
5103
5118
5119
5136
5145
5122
5123
5130
5131
5132
5136
5150
5163
5164
5134
5135
5142
5151
5153
5169
5136
5144
5164
5167
5170
5173
5168
5172
5181
5182
5185
5187
5113
5114
5120
5123
5141
5178
5189
5196
5143
5146
5151
5163
5178
5203
5208
5209
5211
5191
5199
5201
5213
5215
5219
5220
5220
5192
5192
5201
5215
5201
5213
5224
5228
5230
5232
5232
5236
5237
5242
5239
5246
5246
5247
5250
5251
5251
5257
5263
5311
5312
5314
5317
5337
5328
5343
5334
5352
5251
5254
5259
5265
5268
5268
5256
5260
5265
5266
5270
5273
5275
5288
5289
5307
5276
5278
5307
5309
5310
5279
5279
5289
5293
5299
5300
5325
5312
5315
5319
5321
5321
5325
5328
5329
5319
5331
5333
5353
5334
5347
5354
5351
5354
5355
5355
5357
5357
5359
5359
5360
5404
5387
5421
5449
5390
5410
5491
5503
5553
5372
5374
5374
5375
5381
5391
5386
5391
5398
5405
5407
5409
5410
5420
5420
5421
5425
5425
5429
5450
5455
5463
5474
5482
5483
5491
5498
5505
5430
5443
5455
5444
5453
5471
5475
5480
5483
5498
5506
5509
5509
5534
5514
5516
5519
5524
5547
5547
5556
5557
5567
5608
5627
5653
5625
5649
5656
5662
5663
5666
5672
5686
5695
5701
5701
5702
5710
5710
5712
5716
5724
5740
5722
5725
5749
5776
5737
5764
5749
5785
5745
5799
5808
5751
5824
5826
5813
5828
5819
5833
5848
5859
5854
5872
5864
5907
5910
5917
5919
5923
5939
5943
5955
5766
5806
5824
5841
5957
5960
5963
5986
5825
5933
5937
5956
5956
5993
5996
5998
6009
6019
5998
6007
6024
6024
6036
6039
6049
6008
6016
6031
6058
6079
6084
6093
6065
6090
6103
6111
6113
6067
6077
6086
6091
6104
6123
6135
6136
6145
6152
6157
6170
6182
6188
5540
5540
5557
5564
5566
5569
5604
5677
5834
6075
5594
5627
5651
5683
5957
5998
6000
6022
6088
5569
5580
5581
5600
5617
5641
5650
5668
5672
5706
5708
5672
5695
5711
5725
5737
5743
5863
6099
5835
6170
6195
6202
6200
6215
6221
6222
6231
6254
6261
6263
6008
6117
6191
6219
6245
6194
6206
6209
6218
6236
6243
6245
6265
6272
6275
6277
6285
6296
6280
6301
6301
6308
6316
6320
6320
5606
5644
5650
5681
5702
5710
5720
5722
5742
5757
5803
5764
5766
5778
5809
5821
5823
5836
5862
5873
5888
5946
5969
5899
5899
5918
5903
5928
5938
5975
5997
5999
6021
5989
5998
6004
6015
6041
6072
6082
6090
6090
6105
6126
6132
6190
6205
6219
6237
6242
6248
6258
6307
6314
6326
6326
6326
6328
6332
6336
6338
6338
6349
6352
6359
6361
6349
6350
6357
6365
6371
5732
5737
5740
5751
5768
5773
5778
5786
5812
5820
5861
5865
5867
5869
5917
5927
5930
5941
5969
5790
5900
5926
5929
5906
5974
5982
5985
5988
5988
5990
6006
5797
5806
5814
5822
5837
5919
6002
6057
6058
6028
6058
6062
6064
6092
6095
6108
6115
6116
6137
6147
6141
6206
6223
6279
6284
6150
6152
6168
6175
6199
6233
6244
6281
6295
6304
6366
6160
6167
6290
6298
6324
6209
6238
6266
6362
6379
6383
6385
6392
6392
6404
6395
6400
6417
6427
6429
6430
6406
6415
6418
6440
6442
6434
6442
6446
6446
6449
6446
6458
6468
6491
6492
6451
6452
6454
6462
6463
6467
6467
6498
6459
6473
6499
6500
6502
6510
6511
6513
6373
6382
6395
6423
6475
6482
6491
6497
6520
6526
6528
6533
6533
6533
6539
6524
6544
6547
6549
6557
6528
6528
6540
6542
6595
6566
6596
6592
6599
6615
6619
6637
6640
6642
6550
6563
6574
6565
6567
6580
6581
6583
6590
6600
6603
6603
6603
6608
6612
6615
6619
6620
6624
6625
6632
6642
6644
6631
6637
6649
6651
6658
6651
6652
6652
6654
6657
6666
6666
6666
6671
6673
6673
6675
6676
6681
6679
6682
6693
6684
6690
6696
6699
6700
6705
6707
6708
6712
6715
6729
6729
6731
6736
6716
6716
6735
6737
6739
6744
6746
6746
6749
6750
6752
6753
6753
6762
6773
6802
6804
6804
6820
6868
6871
6879
6900
6901
6764
6770
6776
6777
6815
6778
6784
6816
6821
6828
6801
6821
6830
6835
6850
6790
6792
6803
6808
6809
6810
6821
6827
6841
6880
6883
6893
6822
6873
6876
6911
6890
6904
6915
6914
6922
6921
6925
6944
6944
6944
6947
6948
6955
6958
6958
7157
6970
6975
6981
6982
6998
7009
7019
7026
6984
6995
6997
7013
7014
7027
7033
7039
7041
7044
7048
7052
7059
7053
7054
7062
7064
7077
7084
7093
7071
7074
7083
7090
7096
7103
7104
7122
7122
7127
7145
7160
7143
7144
7167
7181
7173
7174
7180
7186
7197
6848
6893
6897
6922
6988
6930
7028
7058
7032
7062
7095
7158
7173
7181
6956
6987
6988
7066
7095
7135
7296
6990
7305
7314
7032
7043
7045
7281
7381
7084
7223
7242
7225
7251
7258
7273
7211
7228
7234
7278
7297
7307
7308
7326
7324
7345
7330
7368
7372
7438
7373
7380
7381
7388
7406
7412
7431
7438
7456
7466
7395
7451
7399
7458
7474
7496
7474
7490
7495
7500
7501
7505
7098
7102
7121
7123
7221
7124
7126
7132
7195
7246
7316
7137
7139
7211
7308
7317
7319
7170
7183
7199
7211
7277
7230
7268
7286
7251
7337
7350
7361
7275
7279
7360
7363
7366
7381
7434
7390
7405
7417
7466
7406
7460
7473
7479
7493
7505
7510
7507
7510
7516
7530
7535
7536
7543
7537
7539
7540
7548
7548
7550
7551
7551
7289
7294
7300
7348
7354
7357
7358
7385
7400
7519
7557
7405
7449
7475
7504
7513
7594
7548
7569
7581
7580
7599
7618
7627
7601
7629
7629
7560
7603
7616
7645
7632
7642
7692
7700
7706
7598
7674
7678
7722
7738
7742
7749
7761
7771
7633
7633
7635
7635
7638
7640
7644
7649
7649
7655
7657
7655
7688
7697
7669
7678
7702
7725
7737
7741
7772
7782
7786
7749
7786
7793
7795
7796
7800
7815
7673
7677
7681
7683
7686
7701
7713
7705
7716
7728
7708
7729
7730
7751
7732
7735
7739
7763
7813
7745
7752
7755
7764
7768
7775
7778
7787
7803
7804
7807
7821
7821
7823
7826
7828
7839
7842
7851
7857
7860
7862
7791
7798
7798
7805
7807
7809
7811
7816
7821
7825
7828
7830
7859
7861
7827
7827
7832
7835
7842
7846
7857
7858
7866
7870
7873
7876
7882
7892
7893
7895
7900
7911
7913
7914
7914
7916
7923
7838
7859
7879
7888
7906
7914
7932
7935
7941
7944
7950
7951
7952
7957
7961
7962
7893
7924
7906
7916
7935
7937
7937
7947
7957
7962
7976
7979
7988
8001
8003
8005
7982
7984
8017
8017
8023
8033
8028
8037
8040
8041
8045
8048
8005
8006
8006
8010
8036
8040
8013
8045
8013
8049
8044
8050
8054
8056
8060
8068
8067
8083
8078
8109
8110
8072
8090
8073
8093
8098
8087
8119
8154
8167
8175
8089
8107
8117
8140
8183
8195
8196
8124
8127
8127
8128
8130
8140
8162
8173
8183
8138
8146
8152
8187
8151
8175
8175
8182
8189
8195
8211
8216
8216
8221
8223
8224
8224
8226
8228
8230
8237
8238
8245
8246
8247
8251
8251
5361
5372
5367
5376
5373
5377
5377
5383
5397
5404
5417
5420
5422
5432
5422
5442
5440
5458
5582
5494
5545
5587
5605
5623
5464
5509
5525
5591
5611
5473
5485
5485
5593
5612
5636
5511
5574
5576
5512
5617
5625
5630
5667
5538
5554
5563
5582
5584
5612
5599
5626
5631
5668
5672
5677
5682
5683
5692
5693
5694
5664
5733
5734
5736
5756
5784
5786
5791
5811
5812
5828
5830
5834
5861
5861
5832
5835
5849
5850
5856
5863
5864
5860
5863
5872
5880
5887
5891
5887
5909
5918
5926
5953
5957
6017
6031
6043
6047
6055
6064
6105
6107
6124
6154
6164
6175
6178
6218
6242
6243
6247
6248
6260
6306
6319
6337
6354
6357
6380
6412
6479
6126
6145
6216
6264
6388
6421
6441
6454
6495
6588
6627
6629
6643
6689
6704
6764
6784
6807
6822
6842
6853
6930
6892
6951
6945
6966
6978
6385
6404
6534
6396
6623
6628
6723
6437
6636
6777
6808
6835
6905
6946
6541
6613
6796
6822
6954
6956
6672
6982
7045
7046
6718
6974
7058
6994
7004
7016
7020
7060
7051
7078
7080
7115
7145
7152
7246
7269
7296
7305
7329
7386
7427
7452
7496
7521
7574
7183
7199
7256
7279
7618
7619
7741
7819
7857
7404
7405
7468
7492
7520
7522
7537
7761
7889
7919
7930
8006
7571
7619
7584
7631
7633
7658
7674
7660
7699
7739
7752
8262
7758
8004
8024
8175
8257
8268
8280
8286
8295
8307
8307
8286
8294
8308
7778
7897
8015
8266
8028
8029
8264
8281
8284
8293
8322
8331
8334
8341
7804
7828
7818
7869
7876
7916
7936
7938
7967
7985
7987
8017
8022
8080
8160
8205
8239
8252
8271
7934
8008
8014
8076
8081
8081
8274
8275
8287
8284
8289
8309
8312
8320
8321
8343
8346
8383
8400
8082
8183
8272
8286
8311
8332
8352
8421
8446
8522
8560
8564
8586
8635
8287
8401
8306
8417
8422
8431
8550
8307
8317
8327
8350
8607
8639
8639
8662
8680
8698
8703
8713
8727
8730
9088
8753
8772
8802
8857
8867
8876
8811
8841
8922
8885
8891
8898
8928
8950
8965
8971
8979
8998
9036
9062
9066
9075
9093
9095
9096
9103
9105
9136
9130
9295
9310
9319
9156
9184
9185
9198
9221
9387
5889
5891
5933
5996
6052
5894
5929
5943
6036
6062
6084
6089
6089
6138
6181
6095
6110
6123
6139
6332
6338
6183
6207
6316
6386
6398
6455
6475
6487
6097
6099
6175
6202
6356
6221
6466
6583
6547
6617
6469
6563
6651
6674
6503
6533
6696
6696
6732
6759
6765
6816
6845
6363
6495
6767
6847
6873
6881
6930
6936
6988
7002
6906
6912
6953
7047
7112
7072
7219
7222
7044
7058
7115
7119
7127
7142
7279
7365
7372
7394
7470
7480
7781
7632
7838
7825
7849
7889
7437
7459
7500
7522
7530
7625
7644
7657
7680
8012
7750
7876
7884
7919
8049
8051
8077
8113
8158
8160
8163
7279
7288
7334
7303
7345
7458
7446
7462
7499
7485
7522
7596
7833
7919
7962
7982
8013
8089
8188
8208
8245
8267
8218
8221
8296
7386
7388
7419
7498
7521
7666
7666
7690
7702
7711
7720
7756
7812
8032
8048
8054
8070
8168
8222
8111
8128
8286
8329
8411
8355
8377
8391
8435
8455
8481
8486
7772
7941
7990
8219
8234
8239
8255
8288
8307
8327
8353
8504
8510
8512
8525
8515
8529
8537
8545
8549
8566
8556
8628
8564
8572
8636
8645
8681
8694
8784
8813
8563
8590
8569
8637
8640
8696
8675
8745
8730
8767
8829
8793
8868
8880
8803
8832
8900
8901
8903
8917
8939
8985
8990
8993
9024
9029
9038
9049
9071
9090
9100
9170
9043
9058
9114
9182
9205
9209
9228
9231
9244
9402
9250
9281
9257
9282
9294
9294
9294
9334
9340
9343
9360
9375
9387
9431
9447
9397
9420
9421
9430
9441
9450
9463
9498
9500
9503
9545
9558
9575
9627
9640
9644
9461
9490
9499
9535
9546
9552
9585
9651
9489
9489
9495
9498
9584
9653
9533
9655
9665
9666
9687
9688
8352
8355
8357
8360
8365
8365
8363
8364
8367
8377
8369
8377
8371
8372
8374
8381
8385
8385
8399
8400
8401
8394
8394
8407
8407
8408
8410
8412
8415
8420
8426
8429
8416
8417
8418
8441
8436
8448
8449
8449
8454
8444
8450
8461
8455
8468
8469
8473
8479
8481
8481
8482
8487
8488
8494
8485
8508
8514
8497
8498
8500
8502
8504
8511
8514
8520
8538
8563
8533
8562
8575
8582
8587
8629
8659
8662
8698
8702
8714
8783
8834
8837
8840
8859
8870
8885
8642
8647
8647
8667
8677
8678
8681
8682
8699
8768
8832
8850
8854
8701
8724
8724
8754
8777
8786
8807
8836
8846
8868
8870
8802
8872
8873
8900
8913
8930
8930
8935
8952
8953
8519
8521
8523
8536
8547
8540
8558
8573
8576
8581
8586
8588
8594
8596
8597
8597
8597
8609
8612
8612
8613
8567
8571
8579
8600
8603
8616
8617
8620
8640
8648
8653
8657
8660
8642
8661
8666
8667
8667
8679
8679
8682
8688
8683
8689
8703
8708
8709
8709
8712
8738
8712
8721
8732
8745
8753
8755
8758
8761
8772
8787
8788
8796
8797
8799
8801
8810
8824
8838
8844
8848
8869
8904
8910
8911
8912
8929
8771
8792
8818
8821
8861
8862
8868
8881
8897
8929
8930
8942
8932
8943
8958
8961
8970
8960
8963
8983
8991
8993
8966
8970
8978
8979
8994
8994
9001
9001
9003
9013
9017
9005
9010
9022
9031
9033
9037
9040
8931
8977
8948
8954
9036
8979
9041
9045
9051
9055
9055
9070
8955
9007
9054
9055
9065
9067
9071
9079
9081
9082
9058
9060
9077
9088
9094
9100
9106
9107
9071
9081
9100
9103
9113
9114
9115
9122
9164
9172
9219
9177
9194
9223
9224
9239
9286
9301
9227
9307
9316
9246
9324
9337
9360
9385
9388
9120
9121
9131
9135
9140
9142
9146
9148
9147
9149
9165
9171
9197
9203
9200
9212
9220
9239
9253
9259
9261
9272
9274
9284
9150
9150
9153
9154
9158
9163
9167
9174
9175
9178
9181
9212
9264
9265
9291
9317
9183
9196
9273
9276
9298
9302
9302
9311
9334
9335
9339
9348
9382
9394
9421
9428
9390
9415
9427
9432
9441
9205
9215
9216
9223
9219
9236
9249
9260
9237
9243
9267
9269
9290
9292
9292
9292
9294
9299
9299
9311
9311
9315
9326
9301
9317
9332
9340
9352
9348
9355
9374
9383
9401
9404
9379
9415
9416
9430
9431
9440
9448
9456
9474
9477
9494
9497
9498
9501
9525
9540
9563
9454
9466
9500
9504
9509
9514
9520
9532
9516
9534
9544
9554
9560
9574
9465
9469
9470
9474
9479
9491
9493
9496
9507
9511
9528
9541
9558
9561
9581
9581
9583
9584
9585
9590
9593
9597
9591
9598
9600
9614
9610
9615
9616
9616
9618
9620
9625
9703
9706
9709
9712
9720
9623
9624
9628
9630
9636
9683
9687
9703
9626
9636
9666
9667
9676
9680
9702
9724
9724
9727
9739
9743
9636
9641
9650
9654
9674
9681
9683
9683
9689
9688
9701
9702
9705
9706
9713
9717
9733
9735
9743
9746
9714
9718
9718
9719
9721
9721
9723
9743
9758
9761
9774
9774
9780
9802
9830
9832
9793
9836
9836
9841
9845
9851
9852
9728
9728
9728
9734
9753
9765
9733
9740
9746
9748
9764
9767
9767
9771
9775
9775
9786
9800
9825
9848
9855
9862
9870
9750
9753
9769
9753
9790
9871
9872
9872
9875
9881
9882
9885
9890
9893
9893
9896
9899
9903
9754
9766
9767
9796
9810
9814
9816
9817
9819
9837
9839
9864
9818
9869
9882
9898
9909
9916
9891
9906
9912
9912
9928
9932
9954
9954
9825
9828
9834
9837
9847
9867
9902
9907
9914
9920
9968
9968
9971
10046
10118
10140
10179
10188
10373
10300
10402
10423
10432
10448
9918
9919
9924
9925
9925
9926
9926
9933
9938
9938
9942
9944
9947
9947
9955
9956
9956
10000
10416
10728
10801
9973
9977
10379
10488
10735
10096
10587
10632
10696
10729
10907
10888
10946
11006
11030
11270
11316
11324
11354
11112
11147
11174
11176
11231
11274
11359
11376
11369
11424
11483
9927
9940
9944
9952
9953
9957
9956
9961
9961
9964
9975
10009
10049
10125
10136
10155
10205
10372
10530
10711
10378
10432
10480
10699
10726
10728
10828
10486
10686
10944
10984
11008
11040
11066
11099
11115
11116
11145
11147
11152
11214
11325
11367
11430
11469
11532
11552
11573
9970
9973
9977
10060
10027
10113
10114
10126
10149
10149
10160
10213
10239
10245
10227
10308
10310
10341
10391
10398
10485
10492
10537
10317
10323
10363
10405
10407
10415
10433
10459
10500
10580
10584
10605
10639
10641
10641
10643
10521
10530
10579
10602
10664
10694
10705
10713
10785
10846
10848
10879
10890
10910
10927
10927
10942
10948
10951
10931
10957
10970
10978
10997
11005
11032
11128
11207
11320
11593
11719
11807
11871
11912
11129
11157
11180
11181
11190
11235
11282
11195
11229
11246
11289
11361
11402
11417
11578
11656
11681
11685
11773
11807
11842
11844
11918
11939
11959
11995
12030
12173
12187
12188
11273
11275
11298
11303
11448
11481
11525
11321
11578
11643
11722
11418
11589
11764
11773
11804
11817
11831
11710
11757
11774
11844
11922
12000
12035
12095
12164
12178
12199
12239
12274
12316
12322
12318
12362
11585
11651
11682
11683
11694
11776
11805
11955
11992
12014
12074
12319
12266
12378
12384
12413
12442
12451
12466
12498
12501
12532
12542
12561
12574
12586
12659
12753
12596
12601
12615
12649
12671
12655
12761
12783
12786
12813
12822
12843
12875
11705
11712
11791
12025
11917
12022
12043
12141
11797
11842
12002
12066
12210
12217
11920
11937
11958
11966
12037
12140
12219
12247
12335
12313
12344
12344
12352
12360
12405
12498
12374
12474
12524
12539
12629
12664
12692
12720
12759
12774
12822
12824
12722
12761
12847
12847
12865
12889
12893
12894
12899
12918
12931
12936
12960
12963
12965
12967
12991
12992
13012
9980
9981
9986
9982
9989
9990
9996
9998
9999
10001
10002
10002
9997
10005
10005
10014
10015
10016
10030
10041
10050
10083
10015
10031
10033
10056
10083
10036
10043
10048
10051
10057
10071
10077
10088
10091
10111
10111
10128
10053
10055
10094
10098
10104
10133
10152
10155
10175
9999
10028
10017
10038
10038
10040
10048
10062
10050
10064
10074
10110
10075
10107
10236
10378
10293
10310
10412
10351
10509
10177
10179
10206
10219
10185
10204
10230
10205
10356
10363
10492
10500
10242
10420
10495
10504
10526
10534
10535
10541
10553
10557
10115
10122
10131
10135
10148
10155
10157
10176
10194
10202
10203
10160
10242
10272
10279
10291
10292
10294
10346
10348
10359
10519
10370
10386
10430
10434
10462
10519
10539
10574
10399
10400
10462
10485
10487
10525
10561
10582
10601
10602
10608
10608
10621
10634
10624
10630
10637
10641
10643
10162
10170
10171
10184
10185
10186
10188
10206
10211
10217
10217
10232
10241
10232
10252
10268
10270
10301
10401
10243
10246
10288
10306
10356
10393
10420
10434
10461
10480
10477
10484
10654
10527
10564
10573
10686
10346
10385
10367
10406
10454
10490
10397
10525
10527
10401
10426
10524
10554
10591
10632
10635
10645
10651
10673
10677
10694
10697
10712
10734
10735
10758
10834
10753
10851
10938
11178
10686
10689
10693
10696
10697
10705
10688
10715
10749
11325
11365
10722
10728
10748
10798
10749
10813
10866
10876
10903
10909
10927
10928
10951
10996
11078
10725
11122
11141
11151
11188
11203
11206
11213
11219
11275
11311
11328
11375
11424
10103
10108
10113
10144
10147
10189
10194
10207
10217
10183
10185
10201
10214
10233
10220
10237
10239
10280
10257
10311
10314
10315
10326
10341
10343
10350
10356
10368
10382
10385
10434
10390
10402
10472
10495
10512
10526
10542
10552
10576
10636
10649
10768
10798
10879
10937
11010
11122
11264
11120
11186
11210
11295
10419
10424
10463
10477
10468
10505
10530
10425
10428
10458
10468
10470
10454
10484
10501
10552
10570
10518
10694
10701
10751
10755
10762
10776
10813
10512
10632
10665
10710
10720
10764
10863
10894
10905
10989
11104
11231
11255
11260
11318
11318
11327
11345
11356
11431
11441
11463
11686
11703
11451
11523
11538
11540
11550
11561
11756
11774
11783
10534
10538
10552
10568
10670
10553
10582
10584
10667
10683
10702
10752
10563
10563
10577
10578
10582
10617
10660
10710
10786
10717
10804
10830
10716
10841
10894
10935
10947
11106
10936
11277
11280
11292
11295
11327
11346
11363
11397
11395
11417
10601
10640
11057
11084
10720
11121
11138
11283
11377
11499
11503
11576
11511
11550
11591
11609
11621
11635
11645
11685
11701
11716
11744
11790
11862
11914
11938
11953
12003
11806
11828
11856
11885
11898
11912
11950
11817
11818
11823
11937
11940
11977
11835
11921
11958
11972
11982
12020
12047
12048
12056
12059
12066
10722
10725
10736
10731
10743
10748
10787
10793
10843
10870
10871
10874
10908
10945
10956
11079
11082
11208
11222
11254
11320
11402
11472
10915
10950
10989
11027
11177
11076
11176
11291
11139
11456
11463
11476
11479
11490
11506
11503
11555
11613
11527
11544
11588
11596
11722
11765
11881
11996
11676
11855
11684
11877
11885
11941
12004
12038
12026
12067
12067
12069
12152
12158
12159
12253
12340
12384
12509
12295
12304
12345
12393
12446
12589
12609
12234
12238
12297
12312
12325
12364
12391
12424
12425
12454
12465
12529
12513
12529
12531
12529
12548
12552
12570
12623
12654
12703
12697
12779
12801
12582
12582
12595
12601
12627
12638
12658
12676
12661
12715
12724
12728
12744
12723
12748
12748
12755
12756
12750
12777
12790
12807
12805
12813
12819
12841
11357
12110
12119
12134
12072
12127
12146
12151
12189
12130
12163
12169
12204
12253
12334
12367
12327
12354
12371
12396
12197
12240
12260
12413
12435
12403
12433
12440
12409
12411
12419
12439
12450
12269
12271
12300
12327
12340
12346
12356
12360
12398
12411
12418
12421
12425
12433
12452
12458
12462
12464
12466
12493
12472
12507
12479
12482
12495
12502
12511
12516
12518
12513
12519
12525
12530
12534
12563
12575
12576
12576
12583
12447
12459
12470
12565
12593
12594
12588
12595
12598
12607
12609
12614
12628
12635
12645
12672
12708
12612
12613
12618
12630
12634
12638
12638
12643
12709
12651
12685
12719
12648
12654
12709
12721
12721
12732
12738
12701
12742
12746
12748
12751
12752
12761
12777
12778
12783
12752
12762
12767
12778
12783
12805
12805
12810
12822
12853
12849
12853
12854
12862
12867
12873
12875
12884
12887
12890
12783
12800
12798
12804
12813
12815
12874
12890
12898
12900
12900
12903
12798
12843
12850
12904
12905
12909
12909
12910
12913
12916
12918
12915
12920
12930
12934
12945
12951
12961
12963
12966
12950
12967
12967
12967
12968
12970
12974
12977
12990
12985
12995
12995
13035
13048
12995
13008
13011
13011
13013
13019
13024
13026
13029
13032
13029
13035
13037
13039
13046
12999
13001
13017
13033
13039
13049
13050
13055
13055
13065
13067
13067
13083
13087
13001
13010
13023
13025
13047
13075
13076
13082
13010
13035
13036
13036
13091
13053
13092
13094
13095
13095
13105
10763
10777
10779
10780
10783
10799
10812
10817
10859
10895
10895
10818
10835
10846
10858
10863
10864
10867
10867
10887
10893
10896
10897
10914
10915
10954
10955
10898
10900
10907
10909
10930
10963
10972
10976
10947
10956
10983
10989
10990
10994
10994
11000
11001
11001
11003
10830
11010
11014
10839
11007
11018
11024
11025
11025
11030
11026
11042
11038
11040
11047
11045
11056
11072
11072
11075
11078
11082
11084
11097
11083
11090
11103
11106
11115
11115
11118
11118
11118
11119
11145
11128
11146
11149
11162
11187
11194
11207
11208
11218
11219
11223
11235
11256
11257
11264
11265
11266
11280
11341
11393
11368
11393
11451
11489
11272
11285
11326
11338
11365
11462
11466
11617
11644
11653
11682
11685
11694
11772
11852
11909
11847
11961
12012
12086
11499
11709
11566
11614
11725
11729
11737
11742
11771
11789
11926
11955
12127
11946
12110
12151
12165
11972
12010
12064
12073
12046
12080
12125
12126
12140
12237
12282
12357
12379
12299
12303
12341
12344
12365
12371
12391
12240
12307
12361
12369
12371
12401
12432
12411
12430
12454
11148
11164
11175
11183
11207
11230
11238
11246
11267
11280
11326
11345
11347
11375
11397
11421
11474
11601
11535
11593
11626
11628
11194
11200
11230
11280
11416
11312
11342
11441
11487
11497
11563
11587
11587
11610
11623
11682
11688
11295
11524
11547
11582
11615
11640
11697
11697
11703
11708
11709
11711
11741
11791
11792
11806
11816
11857
11872
11855
11878
11881
11888
11893
11883
11996
11897
12105
12126
11922
11948
12004
12067
12090
12107
12111
12117
12137
12162
12164
12173
12196
12247
12250
12254
12251
12272
12277
12282
12317
12332
12352
12381
12436
12362
12403
12437
12396
12402
12452
12473
12480
12481
12485
12338
12363
12422
12434
12465
12453
12479
12489
12493
12498
12506
12506
12515
12515
12521
12521
12522
12536
12546
12545
12551
12551
12553
12553
12578
12565
12568
12577
12587
12591
12591
12618
12619
12630
12593
12603
12605
12606
12613
12636
12646
12673
12701
12771
12948
12959
12716
12741
12754
12795
12813
12889
12903
12904
12928
12971
12994
13019
13027
12620
12629
12642
12649
12633
12641
12656
12674
12680
12681
12684
12684
12690
12696
12739
12708
12742
12746
12757
12743
12749
12759
12769
12784
12788
12750
12754
12783
12789
12757
12806
12809
12877
12817
12829
12831
12821
12834
12870
12876
12878
12848
12858
12862
12897
12899
12902
12915
12879
12882
12914
12916
12996
12895
12900
12902
12936
12956
13006
13031
13040
13052
13061
13076
13104
13122
13123
12906
12913
12940
12943
12950
12974
13061
13004
13066
13067
13092
12926
13072
13104
13105
13106
13106
12937
13113
13120
13126
13114
13131
13132
12944
12956
13002
13044
13101
13108
13114
13142
13143
13143
13152
13155
13157
13160
13163
13115
13116
13128
13128
13134
13136
13138
13138
13139
13147
13150
13151
13152
13155
13160
13163
13178
13184
13185
13188
13164
13164
13165
13167
13167
13169
13170
13177
13171
13176
13180
13180
13194
13184
13195
13207
13197
13204
13210
13211
13220
13222
13226
13181
13187
13202
13223
13226
13225
13232
13234
13237
13237
13238
13241
13242
13243
13244
11350
11360
11367
11376
11365
11382
11387
11390
11403
11403
11422
11443
11461
11461
11477
11482
11488
11490
11497
11590
11622
11486
11536
11540
11604
11623
11640
11644
11648
11654
11648
11654
11656
11670
11676
11683
11685
11820
11691
11693
11820
11779
11830
11725
11774
11795
11809
11811
11853
11710
11759
11779
11828
11870
11887
11924
11952
11966
11887
11915
11933
11950
11974
11998
11937
11960
11983
12007
11970
11976
12000
12013
12016
12021
12029
12038
12051
12065
12066
11387
11459
11845
11941
12013
12016
12151
11405
11493
11635
11773
12007
12172
12213
11500
11524
11842
11936
11570
11675
12211
12039
12174
12213
12240
12250
11538
11673
11712
11776
11968
11971
12098
11825
12106
12137
12194
12203
12165
12221
12251
12292
12314
12331
12336
12337
12343
12344
12349
12350
12358
12370
12385
12405
12364
12372
12378
12410
12407
12422
12429
12434
12442
12443
12446
12447
12453
12456
12458
12469
12460
12464
12471
12471
12472
12476
12476
12490
12490
12087
12087
12172
12174
12108
12165
12206
12212
12286
12208
12295
12323
12333
12327
12341
12345
12348
12370
12363
12500
12394
12400
12492
12537
12548
12516
12555
12559
12387
12403
12412
12423
12460
12514
12525
12543
12547
12547
12550
12560
12563
12570
12572
12483
12494
12501
12523
12523
12533
12527
12538
12540
12541
12549
12580
12584
12596
12555
12559
12564
12575
12580
12591
12593
12594
12594
12598
12606
12630
12603
12623
12629
12608
12626
12632
12636
12641
12645
12646
12651
12652
12653
12655
12655
12660
12671
12676
12679
12684
12665
12673
12688
12694
12695
12678
12683
12686
12690
12695
12697
12699
12703
12706
12707
12708
12709
12710
12714
12717
12718
12738
12738
12744
12754
12755
12729
12732
12745
12758
12761
12763
12763
12764
12767
12772
12781
12782
12786
12793
12799
12801
12795
12806
12813
12818
12819
12820
12827
12588
12606
12634
12748
12754
12771
12790
12813
12841
12846
12849
12854
12855
12841
12850
12852
12857
12858
12860
12867
12865
12895
12903
12871
12871
12884
12901
12905
12914
12859
12885
12887
12924
12928
12931
12932
12901
12912
12954
12920
12936
12947
12954
12957
12964
12988
13001
13001
13016
13034
13049
13055
13066
13069
13085
13095
13108
13112
12875
12878
12893
12893
12906
12915
12896
12897
12902
12910
12914
12915
12920
12933
12936
12938
12939
12941
12943
12944
12945
12952
12956
12968
12960
12962
12965
12971
12979
12980
12990
12991
12992
12995
12996
12998
13005
13009
13017
13020
13022
13026
13031
13035
13040
13043
13045
13066
13048
13052
13053
13054
13062
13064
13067
13113
13072
13084
13093
13116
13121
13128
13132
13135
13135
13056
13058
13062
13066
13086
13094
13107
13123
13124
13095
13132
13132
13136
13142
13118
13139
13153
13161
13166
13181
13170
13172
13182
13183
13185
13188
13195
13176
13202
13207
13212
13223
13223
13237
13213
13228
13230
13239
13258
13259
13260
13142
13150
13161
13163
13167
13169
13172
13172
13189
13174
13183
13200
13203
13186
13213
13229
13236
13244
13247
13247
13249
13251
13253
13263
13259
13263
13263
13263
13265
13268
13268
13268
13270
13273
13268
13274
13280
13276
13282
13282
13282
13283
13283
13284
13286
13288
13288
13297
13297
13294
13295
13297
13299
13297
13299
13301
13302
13302
13305
13309
13310
13311
13312
13312
13283
13292
13298
13299
13305
13306
13316
13316
13316
13318
13318
13319
13320
13321
13321
13325
13324
13329
13330
13331
13333
13333
13337
13335
13337
13340
13333
13341
13343
13343
13344
13345
13345
13345
13345
13345
13349
13351
13352
13352
13353
13354
13355
13265
13267
13271
13283
13308
13315
13318
13318
13327
13345
13352
13357
13343
13359
13361
13361
13361
13364
13367
13368
13370
13371
13371
13375
13380
13383
13385
13387
13388
13392
13362
13362
13380
13362
13374
13388
13389
13396
13397
13398
13391
13394
13399
13400
13403
13404
13406
13408
13409
13410
13410
13412
13414
13415
13418
13422
13423
13424
13426
13364
13368
13368
13371
13373
13375
13383
13386
13391
13399
13404
13405
13376
13382
13384
13385
13401
13411
13413
13416
13413
13416
13427
13429
13403
13426
13429
13429
13430
13431
13432
13447
13458
13434
13435
13435
13437
13437
13438
13439
13443
13444
13444
13445
13446
13447
13447
13449
13450
13451
13458
13460
13460
13464
13464
13464
13467
13465
13465
13473
13448
13454
13451
13454
13458
13459
13460
13458
13460
13464
13466
13468
13465
13469
13475
13476
13476
13476
13479
13477
13477
13480
13480
13470
13480
13481
13482
13483
13483
13484
13484
13486
13489
13489
13489
13489
13493
13494
13496
13496
13496
13498
13498
13499
13500
13502
13503
13506
13506
13507
13502
13504
13504
13509
13509
13505
13505
13506
13509
13510
13507
13510
13511
13512
13513
13518
13523
13525
13514
13521
13521
13523
13525
13526
13518
13523
13526
13527
13527
13528
13530
13535
13548
13556
13531
13531
13532
13532
13535
13544
13536
13537
13548
13556
13559
13548
13550
13551
13561
13565
13574
13581
13537
13537
13537
13552
13554
13562
13572
13573
13570
13574
13574
13574
13579
13582
13551
13558
13566
13582
13584
13584
13586
13588
13589
13589
13589
13546
13555
13560
13556
13557
13560
13562
13561
13563
13564
13570
13572
13574
13578
13578
13582
13583
13586
13589
13589
13591
13601
13607
13634
13631
13641
13650
13587
13602
13603
13603
13606
13635
13656
13656
13590
13590
13597
13598
13598
13598
13601
13606
13603
13607
13610
13611
13617
13634
13639
13645
13652
13653
13617
13639
13639
13639
13648
13652
13660
13661
13627
13629
13640
13657
13667
13668
13638
13647
13658
13666
13669
13658
13671
13676
13615
13616
13618
13619
13624
13627
13627
13630
13638
13638
13638
13639
13643
13644
13648
13649
13652
13654
13659
13661
13662
13662
13666
13641
13648
13653
13670
13658
13660
13667
13668
13682
13671
13677
13677
13681
13681
13684
13685
13688
13690
13690
13691
13691
13693
13693
13695
13695
13695
13700
13701
13701
13708
13702
13706
13708
13710
13713
13714
13714
13718
13719
13722
13719
13723
13723
13723
13724
13725
13725
13725
13726
13726
13727
13728
13729
13734
13735
13728
13730
13731
13732
13733
13733
13734
13736
13736
13739
13739
13744
13745
10658
10772
11068
11083
11422
11762
11914
11252
12068
12356
12478
12510
12530
11299
11397
11405
11742
12276
12410
12521
12527
12579
12688
12732
12798
12836
12891
12938
13029
13087
13058
13188
13204
13236
13238
13288
13332
13355
13395
13483
13564
13577
13541
13635
13713
13745
13745
13745
13747
13748
13749
13749
13750
13750
13751
13751
13752
13755
13756
13747
13756
13757
13758
13764
13764
13764
13766
13767
13768
13768
13770
13770
13772
13777
13778
13771
13773
13774
13774
13776
13777
13780
13780
13781
13782
13783
13786
13783
13785
13794
13794
13797
13800
13800
13800
13786
13787
13788
13791
13791
13800
13800
13801
13801
13804
13791
13793
13797
13798
13800
13800
13812
13812
13813
13803
13803
13805
13806
13807
13808
13809
13810
13811
13813
13814
13816
13817
13818
13818
13820
13820
13825
13837
13839
13839
13819
13823
13824
13825
13841
13844
13852
13826
13827
13827
13829
13829
13830
13830
13835
13838
13838
13839
13827
13828
13840
13843
13846
13848
13854
13854
13840
13847
13854
13855
13855
13856
13856
13859
13859
13860
13862
13866
13867
13868
13870
13880
13893
13830
13866
13849
13869
13884
13871
13904
13910
13911
13919
13922
13926
13930
13934
13936
13941
13943
13944
13957
13959
13973
13977
13990
13995
14008
14018
13952
13956
13983
14005
14011
14017
14023
14027
14036
13869
13870
13871
13873
13873
13886
13888
13889
13889
13875
13875
13884
13890
13890
13909
13911
13912
13915
13923
13928
13937
13878
13881
13881
13890
13899
13902
13907
13915
13948
13882
13885
13886
13887
13889
13900
13919
13899
13907
13918
13932
13951
13901
13907
13932
13957
13958
13965
13965
13966
13911
13957
13966
13970
13972
13973
13978
13978
13984
13986
13987
13998
14003
14004
14007
14014
14018
14019
14025
14032
14035
14037
14043
14043
14046
14048
14052
14053
14065
14066
14048
14053
14056
14058
14062
14064
14066
14068
14068
14071
13933
13937
13945
13954
13938
13940
13940
13951
13960
13950
13951
13961
13962
13962
13973
13962
13968
13977
13963
13978
13979
13979
13983
13986
13981
13982
13989
13983
13991
13991
13991
13994
13994
13996
13998
13998
13998
13998
14004
14014
14022
14024
14012
14017
14018
14032
14040
14056
14021
14030
14041
14044
14031
14101
14124
14046
14128
14273
14471
14365
14459
14468
14497
14507
14548
14003
14003
14004
14009
14009
14041
14061
14015
14050
14016
14052
14069
14107
14021
14026
14028
14035
14037
14046
14058
14061
14097
14061
14103
14115
14115
14120
14131
14189
14219
14256
14166
14203
14251
14280
14307
14366
14369
14246
14254
14281
14300
14408
14411
14365
14376
14419
14437
14445
14449
14457
14012
14016
14019
14028
14044
14022
14038
14060
14119
14083
14092
14124
14126
14133
14160
14149
14152
14253
14160
14172
14177
14191
14255
14258
14271
14311
14372
14434
14438
14394
14413
14443
14460
14462
14476
14492
14495
14480
14482
14490
14497
14498
14503
14517
14533
14540
14551
14554
14066
14071
14075
14083
14117
14128
14088
14107
14131
14139
14269
14115
14124
14128
14136
14275
14333
14382
14434
14137
14140
14143
14196
14351
14465
14546
14230
14240
14356
14402
14474
14377
14403
14463
14540
14543
14549
14555
14564
14566
14549
14557
14568
14577
14586
14618
14590
14622
14626
14649
14629
14647
14652
14666
14671
14688
14689
14694
14704
14729
14712
14721
14730
14731
14738
14754
14758
14767
14773
14775
14776
14781
14153
14176
14185
14187
14195
14195
14212
14219
14223
14219
14288
14197
14232
14290
14299
14296
14311
14361
14372
14385
14388
14326
14344
14351
14366
14400
14369
14371
14401
14402
14407
14219
14232
14238
14274
14275
14285
14331
14314
14316
14318
14359
14365
14365
14366
14390
14397
14407
14410
14415
14431
14452
14453
14518
14473
14476
14491
14535
14559
14576
14593
14603
14604
14617
14416
14426
14442
14454
14466
14427
14457
14466
14488
14471
14498
14480
14498
14500
14505
14482
14489
14507
14509
14530
14531
14535
14607
14618
14618
14539
14557
14584
14620
14582
14594
14620
14623
14609
14618
14640
14628
14651
14664
14722
14671
14709
14730
14740
14761
14766
14803
14812
14638
14640
14648
14650
14658
14652
14656
14660
14663
14670
14684
14692
14663
14696
14702
14710
14721
14729
14774
14693
14715
14721
14735
14813
14813
14832
14834
14837
14838
14833
14836
14839
14873
14840
14841
14867
14869
14883
14886
14892
14895
14896
14896
14903
14908
14918
14922
14928
14944
14944
14945
14950
14953
14954
14747
14797
14799
14782
14801
14805
14806
14808
14813
14816
14828
14828
14839
14844
14890
14893
14904
14907
14924
14932
14942
14955
14970
14970
14976
14981
14982
14854
14902
14856
14962
14891
14926
14948
14973
14886
14900
14908
14914
14964
14967
14974
14987
14987
14995
15010
15013
15017
15032
14988
14990
15018
15025
15026
15047
15052
15052
15025
15055
15066
15092
15083
15086
15102
15106
15112
15089
15100
15114
15120
15122
15130
15130
15126
15138
15141
15138
15141
15146
15152
15166
15166
15190
15199
14991
14993
14998
15006
15012
15015
15022
15025
15039
15052
15059
15073
15093
15098
15103
15016
15036
15046
15082
15109
15135
15161
15114
15131
15136
15141
15145
15150
15160
15164
15185
15048
15058
15065
15100
15127
15147
15159
15189
15194
15205
15235
15240
15254
15260
15191
15208
15214
15195
15198
15200
15222
15229
15216
15217
15232
15222
15239
15241
15242
15259
15262
15265
15276
15255
15272
15273
15276
15279
15279
15286
15289
15291
15294
15295
15297
15298
15306
15281
15308
15308
15308
15314
15331
15337
15313
15322
15335
15320
15339
15323
15339
15340
15344
15343
15347
15348
15348
15350
15350
15351
15351
15354
15359
15367
15379
15360
15385
15387
14072
14074
14074
14084
14097
14075
14076
14083
14084
14089
14090
14097
14099
14108
14100
14107
14116
14124
14125
14144
14149
14111
14113
14122
14133
14154
14166
14168
14168
14122
14137
14138
14146
14147
14163
14158
14165
14169
14176
14177
14180
14122
14128
14130
14139
14140
14183
14186
14192
14191
14195
14196
14204
14205
14214
14217
14218
14222
14223
14220
14220
14237
14237
14238
14239
14245
14246
14247
14251
14253
14165
14191
14220
14192
14230
14200
14239
14269
14238
14241
14273
14257
14262
14266
14267
14267
14272
14275
14278
14285
14293
14301
14303
14305
14317
14306
14311
14335
14310
14315
14315
14322
14331
14337
14339
14340
14344
14349
14355
14358
14361
14362
14362
14370
14371
14372
14398
14407
14453
14399
14404
14434
14446
14455
14486
14459
14462
14474
14478
14492
14496
14379
14379
14385
14401
14391
14419
14393
14400
14422
14411
14423
14432
14433
14435
14440
14442
14448
14452
14444
14447
14452
14457
14462
14465
14474
14476
14477
14483
14489
14499
14503
14513
14529
14553
14538
14539
14555
14556
14559
14562
14564
14501
14503
14519
14519
14522
14524
14528
14538
14546
14547
14548
14548
14549
14552
14549
14582
14554
14567
14577
14579
14594
14572
14588
14575
14587
14596
14603
14626
14627
14585
14590
14596
14609
14630
14640
14644
14649
14658
14653
14661
14663
14596
14631
14656
14605
14638
14663
14664
14665
14627
14640
14664
14664
14666
14666
14667
14673
14674
14739
14749
14845
14879
14908
14936
15009
15010
15039
14691
14870
14708
14885
14896
14898
14997
15047
15072
15074
15147
15204
15260
15282
15292
15306
15310
15310
15382
15416
15361
15388
15396
15398
15424
15435
15397
15414
15433
15437
15442
15448
15468
14670
14678
14677
14693
14694
14698
14716
14726
14730
14746
14750
14758
14765
14776
14786
14779
14802
14808
14817
14840
14851
14857
14831
14848
14850
14873
14899
14918
14922
14928
14976
14982
14965
14969
14986
15005
14980
15014
15025
15139
15042
15046
15105
15071
15175
15201
15205
15272
15319
15383
15033
15036
15036
15116
15144
15177
15201
15209
15271
15136
15153
15160
15217
15287
15289
15303
15318
15320
15320
15331
15353
15389
15393
15494
15441
15477
15496
15508
15379
15401
15412
15442
15460
15510
15462
15473
15473
15476
15483
15496
15511
15478
15485
15488
15518
15518
15534
15479
15483
15484
15486
15498
15509
15513
15515
15525
15528
15528
15535
15536
15542
15544
14679
14686
14697
14702
14706
14707
14709
14711
14711
14717
14722
14731
14732
14737
14743
14744
14744
14754
14755
14763
14768
14774
14779
14780
14787
14790
14821
14828
14848
14881
14930
14950
14950
14957
14967
14801
14839
14845
14852
14877
14923
14934
14947
14973
14980
15015
14982
15023
15032
15088
15093
15097
15099
15108
15122
15127
15135
15169
15199
15224
15238
15315
15392
15397
15228
15240
15264
15269
15270
15277
15277
15296
15313
15391
15381
15397
15402
15404
15417
15315
15368
15411
15419
15424
15426
15436
15458
15169
15227
15254
15280
15340
15404
15461
15196
15373
15405
15429
15476
15529
15536
15282
15477
15478
15473
15486
15497
15500
15521
15502
15521
15538
15531
15541
15546
15550
15540
15553
15554
15561
15563
15568
15581
15586
15591
15575
15575
15576
15583
15589
15593
15601
15601
15607
14781
14794
14797
14810
14833
14842
14881
14885
14889
14907
14916
14957
15068
15149
15279
15292
15020
15114
15128
15265
15157
15285
15356
15148
15220
15334
15348
15201
15246
15219
15363
15364
15404
15408
15416
15420
15455
15459
15426
15468
15514
15525
15479
15513
15514
15527
15530
15531
15543
14815
14827
14852
14933
14936
14938
14970
15036
15239
14958
14989
15004
15019
15082
15107
15018
15120
15148
15271
15322
15159
15241
15287
15385
15372
15403
15450
15252
15304
15309
15370
15384
15428
15428
15453
15464
15484
15418
15448
15451
15452
15458
15508
15514
15522
15547
15549
14871
15091
15151
15132
15391
15436
15486
15497
15561
15565
15348
15358
15499
15565
15567
15382
15422
15556
15562
15566
15567
15568
15576
15582
15582
15584
15584
15585
15589
15589
15594
15595
15595
15602
15604
15606
15609
15612
15612
15613
15613
15615
15617
15616
15618
15623
15623
15623
15624
15588
15594
15598
15608
15608
15619
15622
15624
15624
15624
15628
15628
15629
15629
15630
15631
15630
15643
15645
15653
15654
15658
15660
15660
15638
15641
15642
15644
15649
15653
15658
15652
15652
15655
15659
15661
15662
15668
15671
15672
15673
15674
14174
14178
14179
14183
14187
14195
14200
14201
14204
14206
14208
14265
14279
14316
14223
14224
14232
14237
14242
14253
14275
14279
14288
14289
14293
14296
14291
14319
14324
14332
14204
14232
14239
14240
14272
14282
14298
14319
14319
14335
14336
14357
14366
14369
14371
14375
14387
14392
14380
14390
14410
14416
14452
14500
14518
14505
14526
14526
14392
14401
14416
14432
14433
14433
14434
14437
14439
14445
14447
14451
14457
14465
14502
14503
14509
14528
14530
14536
14538
14551
14446
14447
14500
14551
14554
14562
14571
14562
14588
14604
14605
14588
14602
14602
14603
14604
14604
14623
14639
14612
14619
14648
14654
14670
14657
14658
14662
14662
14689
14683
14694
14702
14702
14707
14716
14736
14740
14750
14752
14757
14764
14764
14815
14768
14804
14835
14845
14847
14849
14862
14766
14793
14825
14842
14843
14803
14813
14814
14816
14821
14870
14871
14852
14859
14887
14892
14906
14910
14932
14891
14911
14911
14916
14929
14929
14938
14939
14671
14678
14688
14691
14702
14698
14715
14720
14720
14731
14746
14757
14772
14839
14861
14831
14875
14900
14902
14906
14926
14950
14994
15001
15017
15060
15072
15095
15095
14939
14940
14957
14964
14979
14991
14992
14999
15002
15006
15013
15022
15027
15028
15022
15023
15029
15035
15030
15037
15041
15046
15047
15052
15068
15072
15060
15061
15082
15102
15111
15113
15127
15129
15131
15136
15140
15142
15144
15149
15152
15155
15171
15190
15173
15173
15200
15205
15205
15210
15213
15221
15220
15236
15217
15228
15240
15254
15257
15261
15272
15344
15380
15234
15240
15260
15311
15363
15485
15251
15330
15351
15438
15445
15458
15489
15507
15528
15536
15272
15274
15280
15282
15297
15301
15295
15300
15330
15337
15324
15347
15347
15359
15349
15355
15461
15516
15517
15538
15599
15664
15414
15417
15452
15460
15464
15508
15521
15630
15630
15658
15669
15538
15553
15556
15577
15581
15672
15677
15712
15748
15737
15744
15766
15767
15767
15775
15791
15810
15817
15281
15292
15319
15366
15395
15297
15363
15419
15299
15340
15425
15348
15363
15379
15423
15426
15451
15464
15501
15527
15538
15550
15551
15557
15565
15582
15625
15629
15674
15708
15722
15826
15836
15868
15838
15875
15890
15446
15455
15462
15462
15462
15472
15487
15498
15530
15485
15486
15549
15570
15631
15636
15637
15694
15697
15757
15758
15759
15762
15769
15773
15799
15800
15809
15822
15831
15842
15860
15849
15868
15875
15884
15897
15886
15899
15902
15903
15906
15907
15917
15912
15919
15924
15926
15935
15483
15495
15515
15518
15525
15548
15588
15592
15610
15637
15678
15679
15680
15681
15682
15685
15686
15676
15677
15681
15689
15694
15699
15702
15711
15714
15716
15729
15677
15681
15705
15730
15748
15750
15750
15752
15754
15761
15765
15690
15690
15691
15692
15693
15695
15695
15702
15703
15706
15706
15708
15709
15712
15714
15715
15717
15722
15723
15725
15725
15726
15726
15728
15732
15742
15739
15739
15747
15748
15748
15750
15751
15753
15755
15755
15757
15762
15764
15767
15757
15757
15760
15761
15763
15774
15775
15780
15770
15770
15774
15775
15780
15781
15784
15785
15788
15792
15793
15793
15798
15801
15788
15790
15791
15792
15802
15803
15807
15808
15822
15823
15827
15828
15831
15808
15809
15815
15818
15826
15828
15832
15855
15815
15817
15827
15838
15856
15858
15858
15838
15838
15840
15869
15871
15874
15875
15843
15850
15861
15878
15853
15854
15856
15869
15879
15879
15880
15863
15870
15882
15882
15889
15889
15890
15890
15893
15896
15899
15901
15903
15830
15832
15837
15847
15868
15866
15888
15847
15853
15888
15891
15849
15854
15868
15914
15876
15878
15912
15917
15922
15903
15905
15905
15917
15912
15915
15916
15920
15922
15926
15927
15907
15908
15908
15916
15920
15909
15920
15928
15930
15932
15917
15920
15926
15936
15936
15938
15939
15921
15927
15940
15940
15941
15942
15943
15943
15945
15950
15955
15958
15958
15961
15961
15963
15964
15965
15966
15967
15968
15968
15969
15944
15946
15951
15952
15956
15947
15956
15956
15960
15961
15963
15962
15962
15963
15968
15970
15970
15976
15975
15977
15978
15982
15987
15980
15981
15982
15983
15986
15988
15989
15990
15992
15985
15990
15990
15991
15993
15993
15994
15998
15999
16000
arquivo ordenado pelo algoritmo quicksort tempo da ordenao = 15600 nanosegundos

