2
3
4
5
10
16
6
7
17
19
23
24
38
26
39
40
47
47
50
50
52
27
35
35
35
52
52
52
54
55
57
58
58
62
66
69
72
80
70
81
81
76
80
81
84
85
87
90
91
92
96
96
101
102
106
110
112
118
138
139
144
118
143
169
173
187
195
214
241
255
119
123
128
128
128
129
148
152
159
147
151
156
171
190
195
180
204
212
128
159
161
178
165
213
225
237
245
251
254
271
273
281
282
285
294
129
134
137
145
148
149
195
154
167
189
167
193
194
204
204
205
217
259
214
216
219
267
271
286
277
288
290
292
302
223
223
229
251
267
287
288
294
294
296
297
301
302
305
306
309
309
318
318
319
326
341
348
324
327
339
349
343
351
353
356
357
358
363
366
369
370
371
372
387
394
401
409
420
413
421
435
419
428
448
453
373
374
378
381
382
394
403
405
411
417
421
429
434
462
464
468
473
474
383
416
395
414
441
449
451
475
477
478
479
483
485
486
490
512
516
527
421
427
435
428
441
448
466
481
493
504
523
488
495
496
510
527
515
531
544
548
567
571
572
457
460
470
597
601
461
510
538
569
580
608
608
618
640
648
671
671
629
674
728
735
796
851
890
910
939
951
964
976
630
658
660
671
697
708
798
689
772
799
693
732
837
848
869
872
888
888
919
932
937
950
958
962
977
979
992
993
1013
1014
1013
1016
1025
1043
1059
1028
1032
1041
1053
1056
1061
1075
1083
1084
1098
1102
1104
521
528
530
531
532
544
549
526
533
554
558
559
569
574
536
549
561
564
567
585
591
553
554
555
566
570
571
571
601
603
613
606
625
583
606
628
629
637
638
671
675
732
740
741
676
730
737
753
765
772
808
821
766
777
791
811
848
852
867
886
894
894
903
944
969
920
1046
1052
1068
1072
1112
945
1146
1151
1159
987
1005
1123
1137
1159
1168
1179
1182
1188
1198
1211
1220
1221
1244
609
612
615
621
622
630
631
637
624
631
632
653
653
648
662
670
695
750
670
675
694
712
753
777
658
671
677
684
696
716
729
729
745
747
750
759
760
768
754
771
779
786
808
816
836
781
785
840
855
869
869
881
882
860
890
896
898
906
919
925
931
935
941
948
950
961
1018
994
999
1017
1036
1034
1103
1123
1123
1143
1067
1125
1159
1132
1177
1145
1182
1191
1183
1183
1198
1208
1220
1226
1230
1231
1248
1250
1263
1279
1287
1303
1365
1394
1457
1430
1513
1284
1284
1289
1293
1296
1310
1310
1311
1328
1354
1357
1344
1367
1379
1380
1386
1397
1411
1419
1419
1421
1348
1353
1357
1358
1361
1381
1420
1431
1443
1369
1379
1379
1405
1418
1423
1427
1436
1441
1444
1549
1446
1458
1527
1556
1590
1615
1724
1459
1468
1475
1479
1483
1485
1501
1502
1516
1491
1501
1504
1510
1518
1526
1531
1533
1600
1675
1683
1527
1540
1605
1606
1645
1656
1619
1700
1706
1742
1749
1773
1540
1542
1560
1581
1598
1600
1604
1620
1632
1648
1758
1630
1651
1640
1684
1688
1689
1697
1705
1723
1772
1701
1725
1761
1772
1780
1786
1763
1788
1794
1797
1799
1800
1803
700
714
755
767
770
815
819
757
757
767
785
849
862
813
843
846
886
904
920
927
946
980
982
991
1002
1013
1017
1031
1062
1076
1162
1166
1168
1178
1188
1059
1072
1088
1111
1112
1135
1116
1202
1221
1224
1225
1228
1231
1252
1288
1396
1399
1139
1206
1216
1257
1271
1288
1292
1330
1384
1418
1402
1404
1461
1413
1466
1479
1425
1478
1592
1672
1705
1516
1562
1563
1565
1566
1577
1580
1619
1661
1676
1678
1704
1710
1721
1770
1778
1788
1810
1584
1585
1652
1717
1837
1857
1882
1875
1895
1906
716
748
756
786
848
806
884
907
913
953
978
1412
1661
1678
1784
1805
989
1078
1226
1317
1466
1533
1545
1551
1767
1783
1807
1811
1811
1821
1822
1827
1827
1831
1832
1835
1836
1854
1891
1924
1930
1944
1951
1959
1967
2005
2023
1838
1843
1846
1856
1857
1862
1889
1900
1912
1936
1944
1963
2093
2143
2147
2152
2180
1982
2051
2062
2074
2114
2125
2149
2151
2156
2177
2177
2182
2204
2285
2337
2342
2219
2227
2245
2268
2273
2338
2353
2354
2375
2365
2367
2370
2379
2381
2389
2391
2408
2442
2448
1858
1861
1866
1877
1891
1907
1922
2034
1923
1963
2085
2147
1981
2169
2211
2218
2224
2227
2263
2281
2374
2381
2385
2387
1894
1896
1900
1901
1906
1910
1919
1947
2020
2162
2132
2273
2168
2402
2408
1958
1965
2404
1959
1967
2196
2431
2436
2452
2021
2248
2382
2454
2458
2467
2468
1005
1021
1041
1073
1076
1152
1161
1162
1163
1181
1185
1192
1249
1261
1305
1326
1347
1482
1493
1519
1542
1550
1650
1677
1805
1805
1245
1296
1346
1363
1381
1480
1544
1549
1668
1710
1764
1764
1766
1800
1819
1843
1888
1902
1386
1606
1623
1694
1717
1734
1734
1734
1776
1844
1960
1986
2017
2024
2115
2148
2197
2209
2228
2228
2243
2263
2261
2278
2300
2301
2469
2478
2479
2487
1105
1115
1128
1141
1149
1153
1124
1155
1170
1183
1249
1328
1562
1572
1581
1752
1648
1820
1844
1697
1969
2007
2034
1162
1437
1620
1679
1680
1708
1838
2061
2071
2159
2160
2189
2190
2301
2366
2459
2225
2279
2377
2380
2494
2494
1268
1319
1325
1352
1415
1470
1652
1571
1632
1671
1671
1683
1713
1726
1785
1788
1748
1748
1799
1900
1936
1861
2016
2118
2177
2198
2209
2238
2245
2312
2322
2338
2343
2446
2360
2420
2460
2496
2502
2508
2513
2517
2519
2524
2527
2535
2536
2541
2542
2552
2555
2559
2578
2563
2571
2573
2575
2581
2583
2583
2682
2583
2592
2614
2632
2654
2602
2619
2681
2697
2704
2715
2717
2722
2732
2733
2736
2747
2757
2760
2760
2831
2847
2851
2860
2883
2622
2623
2672
2680
2710
2759
2769
2778
2786
2783
2791
2827
2840
2845
2864
2875
2864
2880
2902
2925
2953
2908
2909
2953
2954
2958
2631
2649
2657
2680
2686
2695
2704
2817
2798
2848
2857
2975
2869
2881
2911
2925
2921
2928
2959
2970
2983
3000
3001
3001
3014
3022
3027
3001
3007
3010
3013
3022
3030
3042
3041
3045
3061
3071
3076
3087
3067
3111
3113
3070
3076
3092
3115
3118
3128
3132
3138
3141
3084
3096
3129
3124
3145
3154
3156
3157
3161
3163
3174
3176
3177
3181
3183
3190
3192
3198
3205
3226
3238
3222
3246
3248
3254
3259
3262
3271
3273
3259
3264
3267
3268
3269
3272
3276
3279
3284
3291
3337
3516
3535
3548
3823
3858
3872
3928
3547
3612
3650
3825
3896
3908
3995
3997
4025
4173
4194
4211
4116
4249
4384
4391
3294
3294
3298
3308
3310
3310
3315
3317
3333
3335
3345
3346
3369
3322
3338
3343
3344
3363
3379
3362
3375
3380
3399
3402
3411
3414
3420
3424
3427
3386
3386
3418
3457
3507
3437
3491
3521
3523
3524
3526
3524
3554
3561
3579
3452
3457
3463
3464
3486
3523
3531
3553
3559
3561
3582
3587
3601
3475
3486
3509
3514
3591
3605
3522
3531
3540
3543
3558
3531
3573
3590
3606
3636
3596
3604
3616
3618
3637
3641
3639
3710
3739
3785
3644
3650
3651
3652
3655
3666
3667
3667
3681
3686
3696
3707
3709
3720
3721
3661
3669
3687
3702
3703
3728
3732
3737
3743
3744
3762
3766
3773
3780
3811
3815
3833
3836
3856
3873
3896
3937
3968
3975
4039
4059
4189
4259
3979
4002
4232
4328
4377
4390
3768
3785
3791
3774
3791
3795
3797
3806
3794
3816
3816
3833
3851
3862
3818
3915
3929
3947
3954
4046
4202
4337
3862
3878
3880
3866
3896
3926
3992
4112
3935
3993
4055
4246
4248
4266
4409
4411
4414
4001
4028
4166
4232
4409
4411
4467
4480
4501
4522
4530
3900
3964
3902
3935
3970
3970
4003
4022
4121
4129
4276
4194
4372
4375
4392
4392
3923
3951
3961
3985
3993
3991
4025
4134
4216
4345
4444
4467
4503
4536
4538
4028
4031
4039
4108
4060
4119
4120
4122
4233
4452
4598
4589
4635
4639
4154
4155
4162
4194
4421
4540
4589
4599
4607
4614
4637
4641
4662
4668
4156
4167
4189
4206
4207
4272
4331
4334
4345
4351
4379
4480
4568
4369
4379
4532
4532
4540
4625
4576
4603
4667
4668
4682
4690
4700
4709
4369
4383
4396
4405
4416
4429
4435
4452
4459
4465
4470
4518
4546
4669
4763
4621
4653
4705
4715
4730
4741
4716
4742
4773
4746
4754
4777
4769
4792
4825
4818
4822
4856
4882
4752
4763
4774
4775
4793
4820
4832
4876
4905
4804
4836
4907
4914
4915
4938
4939
4947
4879
4894
4903
4953
4946
4949
4966
4968
4970
4973
4973
4974
4974
4978
1971
1971
2022
2037
2053
2061
2097
2109
2114
2115
2128
2152
2154
2162
2164
2173
2169
2236
2241
2245
2253
2267
2193
2207
2208
2232
2273
2283
2288
2292
2304
1983
1986
2023
2047
2083
2223
2073
2077
2090
2225
2325
2510
2548
2104
2322
2549
2555
2656
2261
2328
2358
2670
2653
2665
2709
2807
2888
2960
2008
2032
2049
2060
2078
2084
2115
2118
2126
2129
2172
2407
2700
2720
2144
2192
2416
2167
2443
2517
2873
2289
2369
2377
2490
2751
2297
2536
2776
2780
2782
2896
2928
2974
2984
2989
3028
3126
3011
3039
3041
3096
3136
3190
3100
3133
3138
3142
3212
3214
3218
3218
3282
3290
3297
2132
2137
2145
2149
2207
2212
2215
2218
2243
2296
2342
2453
2492
2509
2533
2571
2592
2472
2632
2634
2657
2688
2696
2873
2704
2867
2946
2992
2999
2297
2307
2339
2456
2461
2518
2519
2520
2535
2561
2605
2617
2641
2659
2720
2896
3017
3028
3030
3036
2902
2944
2927
2964
3011
3012
3037
3053
3057
3067
3190
3050
3154
3185
3207
3232
3239
3241
3244
3070
3104
3111
3133
3180
3196
3220
3264
3267
3284
3305
3316
3332
3350
3353
3362
3394
3395
3404
3407
3419
3437
3449
3449
2325
2342
2342
2346
2355
2363
2363
2366
2387
2436
2442
2468
2465
2502
2534
2537
2542
2565
2577
2582
2589
2578
2607
2609
2615
2616
2682
2725
2730
2756
2771
2561
2598
2655
2704
2724
2748
2785
2790
2800
2833
2839
2839
2884
2885
2889
2914
2901
2925
2934
2949
2977
2998
2976
3017
3032
3063
3080
3092
3109
3112
3143
3163
3136
3169
3171
3175
3179
3197
3199
3205
3255
3258
3302
3330
3395
3415
3458
3461
3465
3479
3491
3491
3494
3302
3347
3390
3379
3458
3470
3497
3502
3510
3511
3515
3515
3517
3523
3201
3242
3248
3293
3318
3203
3489
3510
3537
3540
3555
3564
3566
3568
3585
3211
3294
3323
3357
3467
3489
3497
3574
3587
3602
3604
3681
3717
3728
3606
3608
3615
3620
3634
3641
3647
3681
3713
3716
3717
3724
3726
3734
3740
3761
3741
3742
3763
3778
3744
3777
3886
3754
3756
3832
3841
3897
3918
3935
3756
3772
3787
3788
3794
3804
3786
3797
3813
3813
3816
3819
3832
3837
3840
3847
3853
3853
3855
3873
3875
3825
3840
3886
3888
3890
3940
3995
3891
3955
3999
4015
4062
4076
4098
4163
4204
3909
3913
3916
3920
3927
3928
3930
3939
3938
3956
3943
3973
3958
3962
3963
3966
3978
3967
3990
3992
3993
4005
4010
4034
4081
4082
4203
4296
4057
4089
4198
4300
4438
4218
4324
4342
4435
4442
4461
4475
4024
4050
4051
4345
4419
4449
4487
4215
4247
4291
4401
4425
4452
4496
4530
4628
4123
4170
4184
4265
4339
4534
4613
4351
4356
4593
4661
4710
4754
4755
4768
4773
4848
4763
4834
4879
4896
4923
4934
4958
4935
4974
4986
5022
4869
4918
4950
4972
4979
5022
5022
5051
5061
5067
5071
5075
5086
5088
5093
4936
4980
4988
4989
4999
5009
5010
5025
5033
5040
5032
5039
5063
5080
5131
5094
5098
5147
5152
5153
5156
5154
5171
5172
5177
5178
5021
5023
5026
5043
5116
5156
5068
5180
5181
5029
5131
5176
5139
5166
5180
5181
5186
5028
5032
5038
5046
5046
5046
5058
5176
5181
5191
5062
5113
5163
5203
5205
5207
5208
5209
5218
5211
5234
5234
5217
5220
5222
5224
5233
5240
5246
5246
5246
5248
5258
5260
5267
5266
5268
5269
5270
5273
5275
5295
5296
5298
5305
5324
5328
5329
5336
5345
5283
5311
5313
5331
5340
5345
5346
5350
5368
5372
5351
5361
5422
5447
5452
5404
5438
5440
5442
5456
5459
5498
5527
5617
5592
5629
5650
5654
5676
5463
5481
5499
5520
5530
5578
5595
5684
5687
5725
5728
5731
5354
5356
5363
5364
5367
5374
5381
5398
5420
5447
5517
5647
5411
5461
5442
5516
5468
5603
5621
5690
5532
5580
5581
5648
5696
5707
5715
5760
5760
5766
5412
5417
5418
5418
5423
5443
5450
5450
5454
5472
5482
5524
5559
5555
5564
5480
5537
5571
5579
5583
5587
5587
5591
5602
5603
5619
5449
5654
5660
5683
5683
5694
5694
5696
5714
5715
5728
5739
5732
5767
5781
5795
5800
5801
5772
5774
5776
5777
5787
5789
5802
4091
4095
4103
4105
4094
4102
4135
4160
4171
4119
4127
4135
4147
4155
4158
4165
4168
4177
4180
4189
4194
4197
4197
4208
4209
4217
4230
4234
4242
4281
4281
4281
4287
4299
4291
4310
4300
4319
4230
4246
4249
4275
4283
4311
4312
4325
4337
4349
4346
4354
4355
4374
4376
4375
4378
4380
4405
4405
4459
4459
4498
4518
4525
4549
4557
4583
4684
4614
4652
4679
4679
4687
4694
4710
4733
4587
4591
4634
4688
4692
4713
4724
4747
4775
4787
4813
4838
4787
4801
4815
4842
4878
4891
4892
4897
4905
4914
4921
4961
4886
4891
4915
5000
5012
5020
5026
5075
4944
4979
5014
5041
5072
5075
5082
5108
5143
5166
5175
5207
5241
5214
5238
5250
5251
4327
4331
4344
4355
4361
4415
4420
4423
4437
4367
4371
4371
4403
4439
4441
4533
4536
4550
4553
4567
4589
4606
4620
4655
4675
4680
4684
4702
4714
4717
4734
4771
4684
4690
4695
4773
4773
4743
4766
4808
4850
4912
4941
4784
4804
4806
4809
4813
4815
4817
4817
4835
4839
4943
4867
4897
4945
4951
4998
5005
5012
5031
5038
5070
5083
5122
5219
5271
5278
5290
5291
5295
5320
5342
5342
5354
5363
5463
5355
5381
5399
5404
5524
5413
5430
5448
5492
5492
5524
5552
5555
5046
5063
5063
5065
5152
5174
5268
5077
5104
5124
5191
5229
5252
5146
5294
5310
5328
5330
5346
5200
5258
5300
5354
5385
5407
5412
5412
5420
5466
5359
5385
5508
5526
5587
5593
5616
5533
5556
5557
5565
5561
5577
5584
5633
5580
5603
5607
5609
5644
5647
5658
5662
5691
4304
4327
4407
4428
4442
4454
4483
4638
4649
4657
4759
4768
4817
4931
4935
5021
4985
5094
5110
5181
5230
5290
5429
5560
5605
5631
5696
5699
5707
5715
5707
5717
5717
5155
5276
5279
5284
5780
5807
5303
5698
5820
5827
5705
5733
5757
5763
5853
5718
5719
5734
5744
5747
5750
5751
5801
5851
5741
5815
5855
5862
5870
5874
5883
5886
5886
5768
5771
5780
5817
5821
5845
5896
5898
5899
5824
5845
5848
5888
5906
5912
5907
5916
5919
5931
5935
5944
5940
5943
5950
5952
5957
5957
5957
5960
4502
4612
4689
4934
4518
4675
5117
5216
5041
5372
5510
5475
5604
5689
5723
5725
5734
5763
5805
5806
5811
5811
5819
5829
5825
5830
5831
5833
5839
5842
5842
5852
5855
5855
5864
5835
5839
5849
5852
5858
5871
5859
5875
5876
5887
5895
5910
5911
5915
5921
5921
5926
5924
5925
5926
5927
5938
5933
5946
5947
5950
5950
5954
5965
5978
5997
6038
5961
5982
5985
6003
6031
6056
5984
6004
6016
6041
6044
6057
6057
5984
5990
6004
6013
6023
6023
6032
6044
6043
6053
6057
6015
6024
6036
6043
6058
6064
6066
6066
6084
6086
6154
6067
6067
6070
6073
6075
6076
6094
6079
6080
6101
6107
6082
6099
6110
6144
6083
6139
6153
6166
6171
6174
6175
6179
5888
5901
5983
6004
6022
5911
5944
6028
5989
5997
6051
6052
6189
6192
6209
6237
6060
6062
6098
6124
6151
6162
6125
6180
6183
6185
6198
6201
6202
6251
6188
6207
6240
6260
6270
6271
6279
6332
6356
6371
6377
6402
6408
6408
6442
6211
6214
6252
6290
6313
6320
6335
6336
6346
6361
6397
6458
6464
6465
6474
6333
6476
6506
6507
6523
6533
6569
6549
6571
6578
6624
6529
6574
6579
6634
6591
6635
6640
6533
6590
6635
6642
6671
6722
6793
6652
6658
6672
6706
6712
6718
6721
6722
6726
6726
6738
6748
6752
6763
6773
6813
6816
6817
6838
6911
6934
6818
6881
6884
6889
6908
6945
6956
6217
6217
6218
6222
6226
6248
6250
6262
6267
6274
6279
6281
6286
6306
6335
6339
6345
6296
6298
6299
6308
6311
6328
6350
6378
6396
6403
6417
6432
6350
6407
6410
6419
6434
6478
6486
6521
6552
6616
6647
6658
6451
6464
6539
6544
6547
6597
6560
6570
6650
6615
6654
6673
6685
6690
6412
6417
6472
6477
6489
6504
6504
6509
6519
6525
6532
6585
6594
6612
6614
6615
6624
6546
6547
6626
6641
6644
6662
6716
6663
6674
6710
6701
6720
6715
6721
6723
6737
6474
6537
6645
6709
6746
6751
6780
6749
6760
6761
6766
6801
6808
6811
6810
6830
6815
6850
6853
6855
6861
6878
6894
6907
6911
6963
6967
6916
7007
6922
7008
7032
7042
6986
7050
7061
7084
7092
7112
7115
7115
7137
6839
6853
6874
6940
6890
6905
6965
6974
6982
6990
7003
7006
7009
7019
7028
7037
7041
6914
6956
6963
6918
6969
6984
6987
7012
7020
7039
7046
7077
7112
7026
7034
7037
7072
7075
7089
7081
7113
7116
7120
7129
7132
7134
7139
6101
6102
6103
6120
6115
6121
6128
6144
6152
6167
6173
6185
6190
6186
6188
6205
6231
6233
6172
6175
6209
6244
6253
6300
6307
6315
6249
6255
6278
6289
6328
6331
6334
6343
6345
6356
6360
6364
6396
6406
6406
6429
6454
6496
6647
6654
6807
6464
6470
6524
6485
6524
6646
6740
6745
6760
6846
6553
6573
6575
6630
6672
6680
6692
6701
6776
6840
6874
6885
6913
6928
6290
6305
6337
6427
6345
6361
6384
6391
6429
6313
6323
6325
6334
6353
6430
6491
6507
6552
6568
6435
6447
6480
6574
6593
6609
6721
6449
6497
6500
6500
6540
6626
6698
6718
6726
6734
6743
6830
6653
6719
6821
6845
6853
6943
6862
6873
6883
6892
6940
6949
6958
6968
6969
6980
7010
7017
7015
7039
7044
7046
7063
7070
7092
7108
7116
6465
6466
6475
6502
6531
6558
6590
6652
6748
6649
6724
6729
6745
6781
6640
6642
6745
6770
6704
6790
6834
6847
6836
6876
6854
6884
6885
6908
6915
6961
6968
6976
6988
7051
6980
7069
7073
7088
6498
6527
6534
6602
6651
6677
6850
6945
6995
7051
7082
7109
7137
7140
7122
7146
7152
7131
7133
7135
7136
7153
7139
7141
7141
7158
7159
7160
7177
7180
7143
7147
7147
7152
7157
7166
7163
7166
7169
7176
7186
7359
7377
7391
7416
7461
7469
7477
7479
7180
7182
7182
7183
7186
7187
7190
7194
7197
7200
7203
7205
7209
7215
7218
7223
7231
7239
7239
7222
7225
7225
7225
7225
7232
7242
7247
7248
7252
7256
7261
7268
7272
7283
7288
7284
7297
7299
7307
7310
7323
7325
7329
7269
7276
7276
7278
7279
7282
7282
7295
7295
7307
7331
7332
7333
7342
7344
7359
7364
7284
7286
7293
7340
7345
7291
7334
7372
7374
7303
7336
7380
7381
7381
7383
7387
7392
7389
7398
7401
7410
7408
7413
7415
7415
7348
7353
7356
7363
7369
7378
7388
7391
7422
7425
7429
7448
7357
7389
7391
7396
7410
7359
7364
7389
7398
7411
7413
7416
7433
7443
7449
7451
7454
7458
7459
7619
7460
7460
7460
7464
7464
7465
7461
7467
7468
7470
7471
7479
7482
7492
7492
7494
7497
7498
7502
7505
7507
7511
7512
7540
7521
7527
7529
7529
7532
7535
7537
7540
7542
7546
7550
7555
7546
7575
7584
7585
7604
7605
7556
7568
7579
7579
7586
7600
7604
7607
7612
7610
7616
7620
7622
7606
7606
7607
7610
7623
7629
7630
7637
7637
7642
7643
7660
7666
7640
7660
7643
7669
7665
7672
7679
7685
7694
7710
7710
7711
7720
7722
7726
7752
7753
7777
7627
7633
7637
7635
7675
7689
7707
7644
7646
7687
7713
7641
7666
7643
7644
7666
7699
7712
7719
7720
7754
7734
7772
7778
7779
7787
7789
7795
7796
7800
7812
7821
7824
7726
7735
7772
7780
7809
7816
7828
7840
7841
7740
7773
7788
7797
7842
7845
7842
7864
7846
7846
7850
7854
7856
7856
7867
7860
7860
7862
7862
7869
7871
7877
7879
7881
7884
7887
7206
7233
7314
7401
7402
7267
7404
7432
7442
7451
7291
7477
7488
7544
7551
7601
7613
7626
7630
7678
7696
7704
7710
7749
7757
7798
7885
7806
7893
7894
7895
7895
7901
7901
7946
7965
7974
8002
7897
7902
7903
7905
7907
7913
7916
7920
7925
7925
7929
7930
7952
7955
7945
7976
7990
7991
7994
8001
8003
8006
8010
8025
7908
7910
7916
7930
7992
7928
7973
8000
8000
8009
8013
8017
8028
8036
8039
8046
8051
8058
8064
8060
8067
8070
7907
7934
7953
7964
7965
7965
7971
7973
7975
7988
7997
8019
8021
8026
8032
8032
8037
8041
8044
8049
8064
8073
8059
8066
8070
8072
8075
8105
8121
8105
8127
8129
8142
8146
8077
8082
8082
8097
8099
8106
8109
8158
8163
8167
8113
8123
8135
8142
8153
8172
8172
8172
8173
8172
8176
8179
8179
8180
8181
8182
8183
8185
8192
8193
8194
8199
8206
8207
8213
8216
8218
8221
8225
8228
8231
8241
8242
8245
8246
8246
8252
8255
8256
8260
8261
8270
8276
8277
8281
8285
8286
8271
8276
8290
8301
8383
8310
8360
8401
8419
8466
8484
8484
8518
8522
8525
8554
8536
8565
8565
8580
8598
8618
8630
8657
8287
8287
8303
8330
8303
8359
8447
8364
8456
8486
8386
8498
8501
8537
8574
8576
8634
8364
8536
8577
8590
8677
8686
8686
8706
8726
8765
8768
8779
8293
8293
8327
8341
8322
8348
8350
8294
8302
8334
8362
8370
8370
8386
8415
8421
8446
8478
8518
8595
8694
8784
8817
8616
8665
8674
8669
8717
8738
8789
8792
8860
8806
8832
8938
8953
8974
8978
8987
8833
8843
8851
8855
8896
8896
8912
8960
8988
8375
8388
8410
8453
8482
8571
8457
8480
8485
8495
8497
8516
8577
8602
8484
8584
8648
8653
8661
8670
8670
8704
8799
8816
8833
8825
8841
8852
8854
8860
8903
8948
8911
8928
8935
8952
8953
8897
8913
8977
8978
8987
8997
9004
9006
9016
9025
9021
9027
8294
8304
8304
8317
8321
8324
8326
8348
8336
8351
8353
8354
8370
8373
8384
8387
8391
8406
8414
8430
8430
8400
8405
8436
8437
8438
8431
8444
8455
8470
8483
8471
8508
8520
8523
8490
8525
8534
8493
8498
8502
8507
8512
8539
8541
8536
8565
8591
8607
8542
8550
8600
8623
8636
8636
8645
8620
8654
8660
8682
8688
8692
8547
8553
8554
8548
8706
8603
8698
8712
8737
8742
8558
8597
8722
8732
8750
8762
8611
8637
8664
8675
8689
8729
8747
8763
8429
8504
8512
8430
8539
8554
8574
8598
8659
8599
8766
8632
8772
8775
8776
8798
8808
8811
8811
8817
8816
8818
8820
8823
8840
8845
8839
8847
8848
8848
8861
8863
8882
8889
8891
8894
8912
8916
8854
8855
8863
8866
8858
8867
8869
8881
8914
8927
8933
8870
8873
8904
8931
8938
8939
8957
8965
8966
8970
8971
8971
8974
8976
8983
8984
8995
8967
8992
8997
8998
9007
9011
9021
9011
9022
9034
9035
9048
9052
9054
789
798
806
838
859
872
895
896
930
933
956
960
939
946
954
966
991
996
1012
1063
1252
1394
1714
1718
1958
2130
2830
3097
2190
2853
2878
3023
3413
3285
3531
3701
3786
4286
3785
4012
4296
4362
1018
1021
1024
1141
1044
1389
1560
1961
2126
2158
2250
2741
2670
3544
4482
3998
4008
4391
4416
4435
4692
4992
1489
1599
1628
2017
2040
2058
2177
2324
2330
2430
2459
3251
3267
3286
3308
3759
4396
5048
3856
4031
4058
4114
5051
4277
4900
4947
5098
5113
5170
5285
5290
5318
5332
5368
5376
5414
5423
1034
1034
1228
1035
1158
1273
1298
1379
1395
1656
1735
1888
1427
1652
1749
1753
1950
1804
2033
2047
2049
2104
2158
2338
2415
2481
2498
2603
2606
2738
2765
2779
2781
2835
2917
2922
2927
2972
3048
3193
3388
3413
3299
3433
3376
3439
3755
3891
3546
3655
3681
4022
4028
4106
4205
4350
4386
4510
4701
4299
4488
4517
4811
4883
4998
4999
1423
1442
1568
1709
1783
1933
1991
2154
2159
2308
2617
2916
3096
3240
3447
3452
3953
4133
4313
4347
4409
4826
4832
5091
5170
5030
5085
5215
5238
5240
5248
5255
5352
5376
5393
5454
5462
5463
5467
5469
5487
5503
5535
5554
5591
5603
5625
5626
5627
5668
5727
5660
5698
5758
5769
5800
5829
5892
5926
5939
5993
5993
5995
6004
1840
2257
1908
2034
2194
2594
2269
2425
2595
2621
2817
3056
2920
3112
3246
3783
3787
3418
3425
3474
3662
3669
3716
3784
3900
3939
4287
3837
3926
4306
3994
4097
4385
4402
4460
4526
4002
4043
4235
4246
4452
4724
4926
5001
5143
5390
4939
5070
4997
5503
5521
5550
5709
5729
6016
6047
6051
6067
6036
6077
6099
6112
6122
6170
6181
6198
6253
6257
6289
6305
6275
6285
6428
6432
6432
6449
6458
6459
6506
6515
6521
6545
6593
6619
6719
6723
6722
6738
6804
6809
6826
6849
6863
6889
6970
7021
7094
7098
7330
7379
7467
7538
7665
7684
7715
7809
7844
7162
7357
7478
7752
7877
7883
7898
7900
7919
7980
7993
7229
7432
7623
7788
7990
8041
8067
8098
8119
8124
8138
8143
7068
7076
7077
7141
7307
7328
7375
7392
7448
7544
8039
7561
7794
8116
7678
8148
8173
8186
7505
7636
7951
7994
7546
7593
7676
8009
8067
8095
8100
8165
8166
8227
8253
8324
8274
8296
8323
8344
8373
8678
8358
8556
8722
8952
8975
8825
9085
9087
9103
9115
9168
9215
9336
9518
9521
9411
9422
9439
9443
9464
9500
9516
9588
9517
9564
9627
8490
8594
8610
8627
8846
8848
9088
9151
9165
9184
9253
9289
9299
9404
9304
9310
9314
9358
9417
9177
9321
9233
9483
9492
9519
9531
9558
9570
9600
9625
9652
9670
9680
9681
8408
8420
8451
8496
8463
8523
8558
8592
8593
8594
8594
8616
8643
8658
8747
8883
8934
8953
8981
9058
9059
8676
8709
8761
8773
8792
9072
8798
8929
9094
9109
9234
9043
9059
9073
9091
9117
9133
9133
9154
9163
9199
9250
9270
9182
9205
9207
9212
9222
9241
9236
9247
9261
9288
9293
9263
9300
9303
9346
9345
9347
9356
9358
9377
9369
9406
9406
9420
9442
9448
9379
9403
9407
9412
9436
9449
9454
9473
9477
9490
9507
9510
9495
9530
9497
9542
9597
9624
9611
9614
9658
9668
9669
9676
9704
9718
9686
9705
9738
9743
9778
9075
9080
9083
9087
9105
9122
9131
9198
9199
9201
9145
9172
9201
9215
9221
9249
9216
9230
9292
9307
9436
9095
9108
9111
9124
9144
9153
9179
9219
9395
9439
9458
9501
9612
9614
9793
9810
9819
9830
9835
9543
9577
9613
9666
9742
9771
9784
9799
9917
9926
9931
9848
9857
9870
9873
9887
9896
9909
9936
9940
9637
9676
9761
9826
9761
9817
9843
9885
9961
9973
9990
9886
9914
9944
9952
9949
9961
9972
9952
9993
9995
10000
10001
10049
9267
9267
9268
9293
9300
9306
9307
9275
9348
9348
9352
9417
9437
9461
9463
9499
9477
9496
9520
9525
9547
9589
9602
9609
9619
9633
9704
9658
9683
9733
9660
9735
9664
9681
9749
9744
9776
9784
9787
9788
9799
9800
9823
9842
9844
9847
9851
9854
9855
9883
9888
9887
9895
9909
9893
9915
9912
9958
9954
10015
10039
10046
10053
9916
9922
9923
9936
9942
9960
9959
9966
9972
9970
9972
10004
10021
10023
10028
10030
10032
10042
10051
10053
10058
10061
10065
10065
10076
10080
10083
10086
10086
10089
10097
8137
9058
9065
9065
9065
9065
9077
9068
9078
9085
9087
9105
9106
9112
9121
9126
9133
9135
9136
9141
9144
9147
9150
9152
8140
8458
8549
8643
8766
8785
8878
8919
8927
9043
9056
9059
9079
9089
9102
9111
9119
9140
9144
9154
9155
9161
9155
9165
9174
9178
9179
9189
9190
9192
9196
9205
9213
9108
9124
9125
9128
9164
9175
9181
9206
9226
9227
9243
9264
9246
9284
9268
9272
9288
9299
9302
9221
9243
9282
9282
9283
9297
9339
9359
9369
9360
9362
9372
9398
9420
9432
9411
9432
9448
9457
9469
9456
9481
9481
9485
9490
9495
9514
9518
9526
9530
9535
9560
9552
9557
9574
9565
9581
9604
9627
9562
9612
9667
9577
9619
9665
9634
9693
9725
9735
9579
9623
9648
9656
9661
9653
9714
9723
9748
9724
9751
9795
9804
9827
9764
9783
9832
9868
9874
9884
9886
9919
9930
9935
9942
9957
9971
9785
9837
9849
9850
9858
9869
9883
9883
9918
9958
9980
9981
9862
9922
9890
9927
9981
9986
9997
9998
10010
10012
10017
10022
10024
10025
10029
10034
10036
10040
10048
10059
10060
10067
10068
10076
10122
10125
10138
10144
10148
10170
10164
10172
9288
9303
9305
9308
9323
9330
9337
9343
9343
9361
9435
9443
9451
9452
9472
9479
9484
9490
9491
9493
9505
9515
9532
9668
9753
9789
9928
9955
9992
10004
10099
10135
10119
10127
10140
10061
10100
10117
10142
10162
10167
10171
10181
10190
10192
10209
9598
9609
9610
9667
9836
9852
9878
9930
9889
10068
9902
10114
10124
10176
10185
10185
10189
10195
10202
10202
10289
10310
10336
10360
10361
10384
10271
10288
10311
10299
10313
10337
10343
10380
10394
9515
9527
9573
9573
9577
9588
9596
9625
9636
9682
9684
9733
9738
9741
9837
9883
9921
9967
9993
9999
10010
10041
10099
10125
10362
10382
10095
10115
10115
10128
10136
10208
10220
10399
10160
10205
10280
10328
10409
10418
10171
10178
10422
10436
10447
10458
10460
10471
10483
10484
10487
10491
10491
9598
9601
9679
9732
9791
9806
10004
9792
9847
9989
10099
10008
10012
10109
10102
10142
10163
10165
10189
10195
10197
10197
10206
10225
10277
10331
10372
10442
10504
10515
10538
10552
10635
10506
10519
10532
10523
10533
10559
10698
10717
10758
10717
10750
10770
10813
10886
10930
10934
11091
11234
10564
10564
10565
10575
10589
10614
10624
10628
10635
10628
10638
10643
10645
10651
10658
10669
10672
10654
10658
10665
10672
10693
10704
10718
10734
10740
10744
10744
10759
10785
10812
10816
10781
10792
10800
10820
10742
10759
10772
10760
10779
10810
10867
10824
10831
10835
10898
11020
10849
10877
11035
11101
10850
10868
10891
10969
11047
10870
10932
10889
11077
11093
11107
10907
10922
10927
10928
10929
10931
10946
10933
10961
10966
11007
10934
10940
10992
11019
11063
11065
11102
11163
11123
11172
11204
11214
11220
11228
11282
11285
11321
11146
11204
11158
11193
11210
11248
11265
11315
11366
11295
11361
11369
11397
11410
11438
11443
10989
10991
11021
11077
11132
11134
11140
11171
11174
11176
11254
11320
11114
11126
11143
11265
11298
11156
11161
11306
11317
11351
11358
11362
11418
11439
11447
11449
11465
11470
11480
11513
11473
11491
11505
11514
11475
11484
11512
11528
11515
11530
11549
11555
11558
11565
11567
11577
11192
11241
11321
11332
11220
11269
11357
11431
11206
11253
11447
11222
11222
11444
11479
11480
11483
11504
11506
11529
11554
11578
11593
11599
11600
11612
11613
11615
11623
11624
11627
11630
11640
11653
10211
10212
10214
10213
10214
10215
10215
10217
10239
10229
10232
10239
10239
10240
10242
10247
10249
10252
10253
10255
10256
10264
10267
10267
10269
10274
10278
10304
10305
10314
10317
10327
10332
10333
10342
10351
10354
10285
10286
10287
10292
10299
10325
10331
10335
10341
10342
10347
10357
10375
10381
10383
10393
10393
10409
10433
10450
10459
10488
10505
10419
10455
10534
10508
10514
10522
10537
10547
10287
10288
10309
10319
10325
10328
10452
10453
10453
10463
10469
10469
10473
10485
10482
10497
10499
10531
10350
10400
10409
10418
10423
10427
10503
10507
10540
10556
10558
10328
10361
10402
10413
10424
10433
10434
10434
10439
10445
10473
10474
10482
10474
10483
10489
10491
10499
10510
10514
10423
10426
10481
10481
10493
10522
10527
10528
10537
10538
10559
10569
10575
10576
10561
10563
10594
10567
10568
10605
10572
10579
10607
10608
10613
10617
10618
10624
10636
10636
10637
10663
10676
10684
10620
10622
10626
10630
10631
10632
10637
10637
10638
10646
10650
10667
10671
10671
10680
10680
10678
10682
10682
10684
10689
10690
10697
10702
10702
10704
10711
10716
10722
10723
10729
10731
10732
10733
10733
10734
10737
10738
10739
10741
10747
10738
10743
10786
10754
10792
10784
10814
10830
10834
10838
10840
10852
10873
10882
10888
10889
10919
10902
10917
11002
11007
11016
11049
11059
11055
11065
11072
10751
10775
10780
10781
10783
10783
10762
10765
10775
10802
10840
10842
10769
10775
10790
10825
10834
10826
10846
10872
10885
10942
10804
10805
10817
10820
10858
10821
10875
10826
10861
10886
10887
10911
10822
10830
10902
10917
10912
10949
10951
10979
10927
10959
10966
10983
11001
11005
11007
11010
11014
11015
11016
11030
11049
10928
10952
11051
11074
11077
11078
11078
11081
11085
11090
11097
11100
11094
11101
11105
11105
10598
10622
10622
10639
10649
10649
10671
10674
10692
10706
10746
10748
10750
10755
10761
10828
10794
10825
10844
10889
10891
10911
10950
10997
11023
11057
11025
11058
11068
11078
10844
10917
10966
11036
10847
10967
11114
11115
11116
11094
11122
11129
11131
11104
11132
11154
11168
11205
11211
11205
11214
11220
11107
11109
11111
11114
11117
11139
11121
11148
11149
11110
11123
11124
11140
11150
11150
11179
11153
11178
11190
11161
11163
11192
11199
11201
11245
11255
11201
11210
11220
11251
11258
11330
11347
11329
11349
11155
11157
11171
11186
11189
11198
11206
11206
11210
11231
11237
11197
11205
11248
11265
11266
11269
11272
11274
11278
11289
11290
11293
11293
11294
11321
11295
11311
11326
11299
11318
11319
11321
11334
11356
11358
11358
11360
11369
11361
11368
11371
11375
11377
11377
11414
11405
11424
11434
11423
11427
11428
11436
11439
11513
11449
11486
11509
11534
11523
11541
11551
11554
11554
11522
11560
11569
11571
11573
11584
11602
11610
11583
11604
11611
11627
11655
11657
11658
11660
11676
11386
11450
11460
11500
11419
11473
11506
11512
11428
11442
11457
11461
11522
11569
11518
11524
11530
11563
11565
11570
11579
11570
11601
11612
11614
11615
11622
11630
11631
11640
11651
11660
11665
11665
11672
11617
11674
11677
11679
11685
11687
11681
11692
11694
11695
11696
11688
11696
11696
11698
11700
11702
11706
11707
11708
11710
11711
11719
11720
11721
11724
11726
11728
11728
11731
11734
11732
11735
10962
11118
11272
11483
11554
11313
11626
11631
11710
11334
11378
11650
11653
11736
11413
11620
11737
11737
11739
11740
11741
11742
11744
11744
11748
11745
11749
11749
11749
11750
11750
11750
11753
11755
11759
11761
11761
11764
11764
11765
11784
11768
11773
11784
11786
11789
11781
11781
11783
11791
11794
11802
11813
11808
11815
11817
11818
11819
11835
11845
11888
11919
11833
11849
11852
11854
11869
11908
11928
11930
11865
11874
11898
11901
11903
11904
11913
11930
11936
11941
11943
11950
11954
11937
11955
11959
11966
11794
11799
11799
11803
11817
11826
11829
11830
11830
11832
11847
11899
11832
11832
11843
11854
11905
11917
11929
11856
11857
11941
11943
11947
11949
11958
11877
11961
11959
11967
11971
11973
11974
11975
11976
11800
11806
11814
11819
11825
11849
11831
11853
11855
11860
11855
11857
11861
11874
11880
11880
11935
11945
11965
11976
11887
11894
11911
11934
11940
11959
11978
11979
11979
11980
11982
12000
12021
12002
12003
12028
12041
12046
12048
11965
11990
12007
12045
12051
12055
12067
12069
12094
12108
12129
12135
12137
12169
12217
12242
12272
12287
12054
12085
12245
12091
12129
12297
12542
12315
12323
12353
12380
12441
12512
12513
12545
12453
12511
12615
12638
12640
12670
11984
11987
11989
11989
11993
11989
11993
11993
11994
11995
11998
11999
12000
12001
12008
12008
12013
12036
12036
12010
12015
12017
12021
12026
12028
12040
12043
12047
12050
12073
12041
12055
12093
12108
12116
12168
12177
12220
12221
12230
12234
12569
12349
12389
12622
12636
12673
12708
12846
12117
12135
12167
12198
12213
12214
12219
12240
12297
12298
12321
12333
12342
12351
12382
12400
12469
12364
12393
12433
12445
12471
12494
12503
12577
12626
12693
12713
12508
12519
12593
12617
12623
12693
12719
12736
12796
12747
12754
12800
12788
12814
12850
12887
12920
12867
12931
12935
12938
12962
12984
12984
13002
12944
13075
13158
13166
13211
13259
13275
12044
12057
12064
12069
12076
12078
12079
12081
12105
12141
12184
12192
12224
12231
12247
12261
12344
12361
12406
12454
12520
12491
12537
12636
12567
12647
12677
12722
12754
12722
12763
12770
12772
12787
12833
12845
12863
12842
12891
12905
12959
12964
12085
12094
12131
12136
12172
12181
12265
12295
12345
12371
12303
12352
12390
12761
12383
12501
12584
12487
12610
12391
12511
12560
12658
12660
12759
12792
12858
12885
12930
12964
12974
12983
12993
13000
13025
13034
13059
13064
13066
13137
13145
13148
13051
13141
13156
13163
13171
13182
13230
13238
13180
13193
13254
13275
13293
13300
13309
13314
13341
13342
13366
13357
13370
13195
13211
13232
13289
13244
13362
13399
13426
13480
13493
13506
13304
13324
13333
13393
13413
13422
13424
13436
13440
13450
13470
13501
13503
13520
13521
13522
13528
13537
13545
13554
13553
13558
13569
13572
13581
13592
13597
13611
13616
13644
13644
13654
13655
13660
13583
13588
13601
13624
13639
13643
13645
13667
13668
12111
12112
12113
12119
12120
12121
12132
12136
12141
12154
12159
12164
12165
12165
12166
12168
12172
12178
12180
12181
12184
12189
12189
12205
12193
12194
12195
12201
12204
12204
12205
12209
12215
12229
12247
12249
12218
12218
12220
12221
12225
12229
12234
12235
12246
12248
12250
12253
12254
12255
12268
12272
12272
12275
12278
12290
12247
12274
12293
12296
12298
12302
12305
12320
12321
12322
12308
12315
12316
12322
12318
12329
12320
12338
12338
12342
12347
12382
12356
12360
12386
12369
12398
12413
12267
12281
12282
12298
12307
12320
12334
12437
12385
12386
12417
12426
12462
12388
12397
12398
12431
12435
12472
12481
12481
12444
12458
12466
12482
12483
12490
12510
12537
12516
12519
12547
12552
12558
12565
12571
12571
12427
12464
12478
12484
12506
12515
12524
12526
12566
12572
12618
12622
12583
12632
12639
12573
12579
12589
12594
12608
12623
12634
12636
12643
12590
12597
12599
12613
12617
12628
12662
12679
12681
12284
12294
12298
12314
12303
12371
12376
12432
12451
12495
12375
12400
12400
12452
12463
12466
12507
12508
12535
12525
12592
12598
12599
12698
12729
12538
12539
12542
12554
12574
12619
12642
12687
12697
12737
12758
12758
12761
12761
12600
12612
12635
12647
12656
12677
12762
12794
12815
12850
12911
12915
12921
12938
12958
13003
13008
13033
12770
12776
12799
12811
12817
12894
12806
12807
12835
12854
12922
12932
12941
12949
12961
13001
13053
13061
13088
13112
13131
13141
13143
13148
13154
13173
13178
12789
12842
12887
12931
12982
12992
13008
13131
13181
13194
13198
13210
13213
13200
13205
13236
13701
13817
13829
13206
13237
13477
13686
13392
13510
13691
13700
13846
13855
13808
13811
13856
13877
13963
13970
13989
13995
13999
14001
14006
13221
13222
13228
13239
13238
13262
13268
13270
13272
13274
13365
13368
13384
13383
13398
13423
13427
13434
13436
13419
13428
13458
13458
13516
13503
13509
13515
13523
13525
13556
13567
13580
13585
13664
13591
13654
13654
13674
13678
13689
13711
13624
13648
13693
13716
13725
13706
13857
13861
13985
13339
13370
13391
13401
13414
13437
13576
13669
13792
13825
13836
13882
13961
13979
14094
13803
13806
13807
13831
13851
13872
13886
13910
13914
13964
13969
14001
14001
14002
14062
14121
14152
14155
14204
14207
14010
14016
14030
14111
14020
14049
14064
14183
14211
14212
13717
13718
13719
13727
13732
13740
13745
13775
13788
13793
13821
13827
13829
13838
13870
13834
13871
13897
13988
13922
13945
13964
14018
14039
14026
14057
14097
14101
14103
14121
14128
14219
14223
14274
14255
14272
14277
14296
13755
13769
13789
13758
13784
13807
13810
13828
13840
13861
13865
13877
13891
13897
13869
13891
13921
13924
13938
14091
13954
14097
14100
14110
14118
14204
13925
13927
13937
13955
13956
14003
14007
14014
14035
14078
14105
13967
14062
14185
14234
14258
14304
14319
13980
13996
14070
14097
14308
14328
14328
14345
14343
14347
14350
14350
14358
14361
14081
14082
14094
14095
14096
14099
14103
14113
14143
14378
14397
14410
14442
14364
14366
14371
14453
14393
14448
14429
14442
14461
14460
14477
14479
14501
14576
14579
14597
14514
14522
14593
14607
14575
14659
14661
14655
14726
14489
14505
14506
14522
14563
14588
14590
14596
14615
14602
14617
14641
14643
14659
14673
14710
14718
14736
14110
14134
14138
14209
14146
14184
14186
14207
14219
14249
14281
14259
14277
14286
14290
14302
14305
14310
14310
14342
14350
14356
14356
14364
14374
14374
14390
14390
14391
14384
14402
14414
14418
14431
14440
14431
14453
14464
14466
14478
14469
14498
14521
14543
14550
14551
14576
14627
14479
14507
14521
14628
14527
14614
14632
14635
14853
14865
14690
14701
14727
14732
14801
14802
14808
14816
14722
14779
14793
14821
14842
14846
14911
14936
14692
14741
14748
14759
14765
14781
14783
14803
14805
14814
14817
14820
14829
14847
14839
14845
14855
14859
14881
14947
14972
14992
14997
14998
14867
14879
14879
14882
14888
14897
14898
14942
14948
14950
14963
14967
14980
14998
15006
15012
15035
15035
12663
12663
12692
12693
12700
12705
12701
12710
12719
12723
12727
12709
12721
12723
12731
12737
12745
12750
12747
12751
12788
12794
12798
12801
12881
12939
12994
12766
12790
12823
12796
12815
12816
12819
12824
12828
12869
12864
12905
12929
12932
12953
12861
12906
12869
12923
12964
12974
12957
12964
12964
12977
12978
12992
13001
12672
12707
12725
12742
12786
12819
12828
12901
13007
13012
13014
12866
12894
12922
12932
12951
12987
12974
12980
13023
13034
13037
13046
13052
13068
13069
13075
13070
13077
13079
13088
13100
13100
13102
13119
13137
13139
13044
13051
13065
13105
13141
13152
13148
13156
13208
13230
13189
13208
13238
13165
13196
13206
13212
13216
13222
13227
13233
13241
13167
13190
13193
13201
13222
13247
13284
13207
13299
13219
13219
13228
13328
13257
13353
13359
13367
13389
13403
13405
13410
13470
13492
13504
13505
13510
13519
13572
13574
13614
13631
13666
13699
13746
13789
13802
13841
13885
13892
13897
13900
13910
14061
14076
14079
14107
14138
14124
14191
14198
14259
14277
14326
14361
14400
14463
14488
14468
14506
14584
14635
14649
14662
14650
14728
14788
14790
14799
14810
14816
13274
13274
13281
13294
13295
13296
13296
13335
13329
13339
13339
13354
13354
13366
13367
13374
13386
13392
13395
13396
13412
13431
13448
13479
13559
13576
13397
13405
13426
13418
13476
13478
13487
13500
13537
13675
13713
14013
14170
13635
13708
13714
14046
14189
13674
13773
14497
13748
14250
14379
14417
14500
14426
14444
14521
14571
14457
14602
14717
14727
13757
13876
13923
13929
13959
14082
14100
14100
14184
14090
14279
14458
14678
14791
14791
14792
14447
14661
14799
14800
14835
14809
14818
14841
14865
14842
14872
14895
14883
14897
14897
14900
14912
14923
14942
13327
13331
13342
13383
13393
13421
13462
13519
13583
13431
13445
13592
14142
14173
13602
13781
13785
13882
13897
13923
14017
14090
14031
14070
14099
14099
14099
14210
14224
14308
14415
14658
14272
14320
14320
14331
14337
14471
14595
14670
14819
14868
14877
14890
14748
14900
14918
14935
14938
14950
14968
14968
14968
15002
15011
15026
15037
15038
15038
15039
15041
15043
15045
15046
15048
15048
15058
15060
15064
15065
15067
15075
15079
15074
15081
15085
15089
15090
15092
15094
15095
15097
15113
15100
15106
15116
15121
15155
15127
15127
15128
15128
15155
15129
15131
15135
15147
15159
15161
15162
15170
15171
15171
15187
15194
15202
15207
15210
15213
15150
15150
15186
15214
15225
15227
15231
15232
15232
15234
15235
15243
15248
15252
15252
15253
15254
15256
15258
15262
13497
13498
13507
13542
13545
13561
13586
13569
13575
13576
13582
13588
13591
13605
13594
13603
13615
13607
13621
13684
13690
13725
13748
13814
13923
13945
14000
14070
14114
13624
13625
13635
13697
13684
13729
13732
13644
13700
13701
13733
13734
13739
13742
13737
13792
13799
13822
13875
13885
13896
13911
13967
14126
14179
14179
13947
14111
14147
14148
14008
14078
14258
14168
14232
14263
13759
13782
13847
13851
14114
14260
14269
14274
14298
14302
14308
14317
14352
14385
14322
14397
14412
14420
14440
14446
14462
14494
14462
14503
14522
14492
14499
14532
14500
14508
14538
14564
14583
14586
14602
13756
13758
13763
13787
13800
13807
13764
13797
13811
13827
13829
13835
13866
13884
13909
13869
13907
14136
13884
13941
13995
14117
14126
14210
14489
14593
14594
14696
14318
14542
14662
14399
14640
14727
14732
14603
14627
14634
14650
14675
14690
14693
14703
14719
14746
14766
14768
14810
14829
14832
14851
13918
13938
14118
14143
13964
14084
14210
14141
14219
13990
14011
14060
14220
14235
14236
14261
14296
14303
14027
14032
14121
14125
14189
14287
14301
14351
14355
14394
14428
14451
14456
14458
14460
14478
14494
14494
14541
14555
14615
14620
14671
14701
14716
14742
14756
14757
14813
14821
14822
14830
14848
14852
14853
14872
14888
14905
14905
14916
14928
14494
14563
14620
14711
14594
14595
14796
14836
14836
14865
14600
14610
15049
15085
14708
14713
14737
14941
15087
15095
15163
14846
14929
15035
15150
15169
15282
14855
14861
14974
14997
14953
14967
14979
15006
15011
15285
15299
15068
15185
15273
15292
15164
15339
15349
15359
14993
15007
15018
15140
15166
15186
15225
15235
15235
15296
15392
15411
15426
15434
15447
15448
15453
15027
15036
15040
15069
15054
15086
15107
15073
15073
15118
15118
15120
15128
15154
15156
15154
15195
15197
15234
15247
15269
15272
15278
15281
15288
15321
15313
15322
15334
15344
15349
15361
15272
15272
15297
15289
15293
15302
15308
15311
15316
15318
15319
15326
15331
15332
15340
15352
15355
15355
15364
15368
15370
15373
15374
15330
15360
15364
15366
15371
15375
15382
15386
15387
15392
15396
15394
15396
15399
15401
15404
15407
15408
15410
15438
15422
15446
15447
15447
15449
15457
15462
15480
15451
15453
15457
15467
15482
15511
15531
15553
15555
15560
15576
15591
15478
15489
15501
15513
15514
15521
15550
15554
15554
15556
15594
15595
15584
15602
15624
15632
15606
15627
15632
15641
15654
15665
15680
15686
15699
15707
15714
15720
15758
15759
15762
15769
15781
15783
15786
15792
15800
15802
15798
15807
15810
15815
15817
15820
15824
15827
15834
15836
15844
15847
15857
15861
15871
15883
15880
15887
15901
15916
15915
15917
15931
15408
15412
15413
15412
15414
15436
15430
15445
15466
15486
15462
15463
15466
15468
15470
15472
15481
15513
15514
15522
15526
15568
15597
15600
15622
15635
15642
15739
15747
15768
15669
15703
15822
15828
15842
15873
15887
15870
15906
15907
15924
15932
15937
15951
15539
15543
15549
15556
15559
15562
15599
15642
15549
15658
15672
15677
15701
15703
15717
15810
15728
15808
15818
15835
15888
15932
15939
15846
15862
15892
15902
15910
15915
15935
15939
15943
15952
15879
15888
15915
15933
15939
15940
15952
15953
15953
15959
15964
15967
15969
15970
15970
15973
15975
15417
15433
15455
15458
15469
15498
15473
15476
15483
15501
15504
15519
15522
15537
15545
15545
15553
15565
15565
15569
15591
15591
15614
15624
15625
15627
15645
15646
15647
15650
15657
15667
15674
15682
15724
15730
15738
15745
15746
15754
15770
15793
15810
15763
15777
15805
15813
15842
15854
15855
15863
15866
15870
15844
15885
15892
15902
15860
15881
15897
15906
15907
15912
15914
15913
15920
15920
15926
15937
15938
15903
15917
15933
15947
15956
15960
15964
15975
15978
15983
15984
15985
15987
15987
15989
15989
15989
15991
15999
15999
arquivo ordenado pelo algoritmo quicksort tempo da ordenação = 15600 nanosegundos

