3
5
6
14
15
21
28
29
29
22
28
32
39
39
40
43
45
49
50
64
73
90
91
106
50
61
68
70
70
84
91
91
104
112
113
115
115
117
117
124
131
146
37
41
67
75
105
44
62
65
67
112
80
114
122
125
129
132
111
151
153
158
160
168
174
178
234
237
241
241
257
262
267
85
89
95
120
138
142
166
172
192
202
225
235
247
152
169
170
171
173
184
205
214
248
253
253
275
298
299
303
328
359
178
233
233
314
365
378
390
392
399
408
430
438
448
453
468
468
492
510
521
535
541
542
257
271
277
284
291
293
300
309
310
322
383
388
396
400
422
426
427
294
310
314
318
430
431
435
435
440
449
460
462
469
340
344
427
483
483
500
518
522
526
548
566
619
572
626
573
604
605
627
585
595
604
611
623
630
633
654
655
676
642
660
682
529
535
542
544
565
583
599
609
609
617
619
621
635
645
648
663
667
697
718
745
760
678
692
698
706
711
733
703
707
707
709
708
724
730
757
742
755
761
765
769
769
770
770
769
772
774
775
777
779
782
794
142
152
157
161
163
163
174
190
227
236
229
229
240
249
264
231
242
265
262
267
277
283
286
292
303
304
171
172
176
181
213
217
228
263
284
300
319
310
330
331
331
173
176
186
197
202
312
371
202
202
210
273
368
361
372
367
382
382
400
407
414
419
430
431
439
441
269
283
327
289
329
369
332
433
405
443
443
448
452
455
461
464
465
334
356
365
425
508
516
475
518
518
525
688
532
693
706
712
722
772
807
820
869
839
876
889
894
797
813
821
815
829
849
891
852
853
908
909
834
869
918
920
925
926
927
934
934
934
938
939
962
1004
946
988
1026
1072
1053
1078
1128
472
490
530
527
587
803
483
499
770
819
845
844
940
982
1003
1052
1231
1125
1161
1189
1226
1228
1257
1283
1289
630
649
705
718
811
835
846
969
1100
1146
1166
1298
1300
1325
894
973
990
1246
1095
1311
1332
1348
1058
1159
1261
1285
1317
1334
1335
1376
1393
979
980
991
999
1002
1016
1032
1037
1000
1003
1003
1030
1043
1048
1056
1057
1058
1063
1069
1071
1071
1075
1080
1090
1094
1143
1090
1102
1112
1116
1126
1127
1127
1158
1204
1211
1138
1150
1165
1171
1196
1216
1220
1166
1204
1213
1221
1226
1179
1186
1186
1212
1220
1233
1239
1281
1288
1290
1308
1308
1302
1330
1331
1338
1344
1353
1374
1388
1397
1034
1054
1056
1079
1081
1094
1043
1096
1140
1194
1089
1095
1135
1195
1200
1216
1222
1248
1166
1177
1207
1220
1244
1293
1295
1295
1298
1305
1313
1313
1319
1386
1252
1343
1401
1422
1405
1413
1414
1427
1427
1427
1429
1431
1438
1438
1448
1465
1434
1436
1444
1450
1451
1467
1456
1457
1461
1469
1479
1488
1491
537
543
545
565
569
583
588
591
608
611
615
619
620
625
627
629
632
627
635
636
643
656
659
667
674
727
794
800
875
905
933
943
952
953
755
782
848
972
927
1005
1057
1060
1079
1143
1149
649
655
657
663
663
663
680
713
735
694
733
739
846
853
864
949
982
1020
1030
1045
1154
1159
1160
1167
1174
1177
1180
1191
1238
1274
1297
1321
1376
1498
1507
1239
1239
1252
1270
1289
1364
1320
1364
1376
1467
1493
1511
1520
1520
1522
1525
1553
1525
1528
1531
1533
1540
1557
1559
1563
1576
1580
1588
1590
1593
1595
1598
1607
1633
1617
1623
1634
1621
1635
1639
1645
1648
1632
1635
1655
1676
1659
1673
1663
1672
1685
1685
1689
1708
1710
1717
1717
1731
1732
1736
1739
1742
1748
1720
1734
1739
1753
1756
1756
1762
1765
1767
1769
1769
1782
1793
1800
1826
1834
1816
1822
1836
1847
1851
1880
1884
1852
1864
1887
1907
1868
1874
1898
1916
1932
1956
1956
1750
1771
1773
1774
1782
1790
1791
1795
1813
1814
1814
1817
1840
1847
1857
1874
1878
1884
1816
1865
1911
1932
1943
1951
1952
1977
1980
1981
2020
2031
2040
2041
2043
2056
2058
1823
1824
1832
1872
1881
1887
1835
1898
1904
1924
1837
1885
1929
1847
1931
1853
1885
1888
1942
1980
1947
1961
1996
2013
2012
2039
2106
2022
2041
2060
2062
2065
2071
2074
2084
2080
2091
2092
2096
2099
2102
2106
2112
2117
2119
2120
2120
2122
2122
2131
2132
2133
2138
2139
2140
2140
2141
1388
1424
1469
1488
1491
1516
1519
1423
1477
1493
1493
1520
1535
1548
1561
1575
1578
1584
1590
1609
1636
1640
1645
1648
1654
1667
1672
1674
1684
1689
1712
1712
1695
1700
1720
1723
1724
1729
1743
1754
1768
1796
1761
1792
1793
1797
1799
1799
1801
1803
1808
1813
1829
1811
1824
1830
1858
1860
1861
1862
1870
1892
1898
1938
1952
1926
1967
1992
2000
2029
2042
2026
2052
2057
2057
2058
2082
1910
1981
1987
1994
2009
2110
2114
2017
2095
2136
2059
2086
2095
2152
2156
2156
2127
2145
2145
2148
2151
2159
2170
2172
2174
2184
2189
2149
2153
2154
2193
2212
2226
2158
2163
2172
2172
2181
2183
2187
2188
2189
2194
2201
2221
2227
2239
2255
2239
2240
2240
2262
2268
2243
2244
2249
2249
2250
2271
2189
2201
2212
2213
2191
2194
2222
2196
2224
2225
2227
2216
2243
2251
2256
2261
2270
2272
2274
2275
2279
2281
2283
2289
2372
2366
2417
2478
2604
2670
2677
2886
3190
2679
2749
2777
3066
3300
758
760
762
768
796
779
805
789
804
827
813
833
836
841
858
869
879
874
879
880
924
951
1074
1099
1102
903
925
926
949
954
958
1027
1028
1112
985
992
995
1052
1110
1132
1171
1177
1017
1125
1191
1042
1065
1090
1095
1166
1193
1200
1209
1209
1213
1227
1243
1250
1284
1251
1265
1275
1293
1294
1294
1296
1315
1324
1317
1341
1356
1410
1419
1469
1516
1535
1552
1558
1570
1585
1349
1372
1390
1416
1441
1458
1435
1465
1465
1531
1540
1581
1588
1476
1483
1496
1508
1513
1534
1583
1589
1593
1596
1599
1604
1641
1624
1644
1754
1648
1649
1667
1693
1700
1707
1731
1659
1661
1690
1734
1748
1774
1781
1790
1794
1673
1766
1776
1783
1794
1796
1798
1801
1808
1817
1983
1809
1809
1810
1813
1818
1814
1823
1824
1823
1878
1912
1886
1978
1991
2000
2012
2023
2036
2052
2115
2126
2148
2248
2330
2340
2411
2436
2569
2585
2634
1845
1853
1853
1854
1899
1960
1863
1876
1939
1965
1978
1854
2006
1864
1967
2106
2130
2138
2187
2206
2234
2019
2078
2205
2139
2226
2065
2109
2116
2244
2248
2254
2258
2264
2275
2279
2298
2515
2757
2891
2345
2668
2687
2986
1936
1951
1979
2102
2192
2071
2125
2234
2238
2277
2419
2073
2075
2201
2393
2491
2575
2645
2657
2679
2788
2794
2134
2270
2450
2511
2807
2826
2906
2997
3000
3004
3026
3050
3068
3104
3140
3158
3161
3250
3354
3198
3247
3256
3365
3401
3423
2310
2328
2349
2401
2440
2471
2494
2503
2501
2521
2527
2538
2592
2613
2644
2911
2941
2988
3053
3118
3226
2712
2872
3263
3318
3323
3447
3464
3334
3420
3420
3439
3488
3528
3589
2573
2597
2616
2810
2646
2659
2824
2641
2703
2798
2803
2831
2919
2645
2684
2698
2836
2870
2939
2941
2963
2982
2984
2994
3308
3487
3003
3052
3083
3205
3319
3355
3407
3409
3476
3590
3595
3595
3622
3661
3701
3694
3740
3600
3610
3672
3674
3689
3726
3732
3745
3761
3766
3767
3782
3087
3092
3122
3303
3324
3134
3238
3259
3347
3446
3373
3488
3504
3542
3579
3583
3585
3640
3709
3710
3838
3784
3846
3857
3927
3855
3878
3880
3881
3906
3918
3925
3932
3933
3950
3978
3980
3992
3997
3998
4001
4011
2290
2292
2299
2307
2310
2311
2312
2313
2314
2318
2318
2318
2323
2314
2322
2326
2329
2332
2334
2327
2337
2342
2344
2346
2354
2394
2391
2399
2408
2435
2449
2458
2449
2454
2466
2473
2477
2502
2517
2468
2571
2576
2580
2698
2748
2752
2804
2829
2952
2998
2546
2581
2909
2925
2716
2794
2940
2893
2946
2958
3047
2567
2731
2768
3008
3021
2784
3008
3033
3072
3112
3115
3129
3142
3186
3264
3161
3234
3279
3258
3303
3304
2480
2489
2510
2520
2523
2537
2577
2604
2641
2558
2630
2646
2662
2744
2840
2937
2920
2939
3017
3070
3153
3180
3197
2545
2571
2847
2589
2855
2907
3442
3566
3613
3705
3746
3026
3068
3216
3221
3282
3483
3528
3666
3688
3788
3794
3848
3880
3224
3228
3259
3329
3353
3375
3381
3403
3405
3502
3474
3514
3537
3594
3745
3582
3643
3833
3903
3764
3847
3907
3918
3934
3963
3900
3929
3942
4025
3264
3541
3486
3520
3590
3595
3595
3704
3738
3781
3847
3927
3964
3973
3998
4005
4013
4026
4059
4070
4060
4067
4081
4310
4079
4422
4202
4456
4095
4102
4114
4122
4124
4132
4140
4143
4151
4150
4153
4154
4172
4198
4158
4162
4163
4176
4234
4237
4238
4241
4249
4252
4261
4283
4321
4280
4287
4304
4307
4322
4309
4314
4335
4353
4359
4376
4422
4434
4435
4459
4395
4454
4458
4462
4465
4393
4401
4497
4471
4481
4501
4504
4486
4487
4493
4499
4513
4525
4527
4359
4364
4405
4428
4428
4451
4458
4470
4500
4578
4512
4526
4536
4545
4545
4547
4602
4603
4639
4644
4649
4655
4557
4559
4561
4561
4623
4625
4626
4564
4606
4693
4684
4720
4726
4578
4590
4593
4628
4633
4685
4727
4733
4737
2681
2688
2688
2708
2712
2723
2738
2754
2786
2787
2791
2792
2819
2821
2861
2862
2862
2877
2884
2968
2908
2984
2996
2997
3021
3064
3083
3143
3022
3062
3161
3167
3180
3272
3306
3316
3408
3410
3585
3626
3642
3649
3649
3670
3520
3641
3682
3704
3733
3850
3853
3720
3723
3730
3848
3732
3813
3826
3829
3915
3916
3953
3956
4033
4176
4201
4083
4103
4330
2917
2929
3116
3177
3231
3345
3389
3455
3471
3526
3783
3830
3901
4045
4093
3908
4035
4119
4157
3358
3968
3440
3741
4111
4300
4303
4326
4369
4381
4385
4418
4447
4453
4468
4518
3397
3611
3743
3805
3890
4066
4152
4521
4534
4530
4556
4565
4578
4591
4639
4668
4676
4715
4730
4737
4742
4745
4750
4756
4672
4740
4744
4759
4759
4770
4779
4785
4790
4791
4839
4841
4845
4845
4862
4796
4801
4802
4802
4807
4811
4812
4815
4819
4809
4812
4820
4823
4842
4843
4860
4870
4877
4879
4880
4881
4892
4888
4896
4918
4923
4927
4938
4895
4955
4964
4965
4970
4977
4983
4989
5005
5012
5026
4996
5007
5014
5023
5036
5044
5025
5034
5041
5049
5049
5049
5056
5063
5027
5035
5047
5052
5069
5070
5077
5076
5078
5079
5088
5093
5093
5096
5097
5098
5102
5104
5099
5102
5105
5106
5159
5127
5132
5139
5140
5157
5164
5160
5170
5181
5182
5193
5203
5176
5181
5193
5198
5210
5220
5224
5226
5229
5233
5196
5197
5198
5209
5209
5213
5217
5229
5236
5239
5247
5238
5251
5251
5231
5233
5265
5265
5239
5259
5264
5270
5282
5285
5287
5288
5289
5299
5308
5309
5313
5313
5317
5319
5320
5320
5344
5354
5325
5355
5410
5332
5344
5344
5351
5353
5356
5365
5367
5367
5381
5385
5387
5376
5376
5451
5377
5441
5465
5469
5392
5401
5406
5437
5456
5461
5501
5481
5491
5498
5499
5501
5515
5566
5574
5399
5402
5406
5415
5427
5438
5441
5445
5447
5454
5458
5458
5462
5460
5467
5478
5482
5500
5502
5504
5487
5487
5510
5518
5519
5533
5535
5537
5573
5536
5549
5574
5575
5553
5555
5560
5570
5575
5577
5582
5585
2365
2367
2367
2370
2376
2377
2383
2380
2390
2407
2412
2386
2395
2390
2410
2417
2419
2422
2426
2443
2445
2455
2456
2459
2462
2467
2468
2493
2528
2594
2632
2942
2509
2573
2551
2613
2571
2644
2666
2606
2613
2662
2775
2781
2787
2880
2966
2991
2840
2909
2965
3035
3101
3075
3117
3118
3151
3196
3239
3260
3306
3378
3516
3201
3247
3252
3274
3277
3550
3566
3627
3320
3338
3421
3517
3549
3658
3699
3579
3645
3720
3756
3761
3832
3850
3864
3815
3823
3825
3851
3866
3888
3895
3899
3904
2471
2474
2484
2484
2506
2513
2486
2491
2499
2517
2526
2529
2530
2542
2544
2546
2551
2553
2613
2635
2562
2570
2581
2581
2585
2586
2586
2595
2645
2648
2679
2669
2689
2744
2712
2785
2857
2851
3131
3278
2908
2981
3021
3295
3240
3243
3301
2649
2786
3037
3226
3332
3374
3382
3490
3495
3568
3613
3678
3834
3731
3876
3905
3952
3952
3962
3965
3976
3980
3981
3993
3994
4006
2598
2604
2606
2609
2621
2641
2649
2650
2651
2658
2734
2741
2966
2981
2816
3016
3034
3042
3046
3053
3109
3200
3241
3348
3355
3425
3482
3681
3862
4010
4021
4022
4029
4037
4043
4053
4078
2661
2662
2666
2673
2689
2701
2709
2722
2804
2748
2810
2740
2743
2745
2750
2757
2759
2791
2780
2811
2811
2816
2830
2838
2857
2857
2867
2871
2873
2876
2892
2901
2910
2936
2942
2951
2954
2964
2975
3015
3019
3040
3022
3025
3078
3143
3023
3201
3208
3235
3249
3326
3393
3414
3398
3400
3503
3569
3670
3682
3029
3081
3172
3186
3214
3221
3305
3327
3344
3440
3474
3648
3671
3698
3797
3840
3841
3848
3861
3874
2951
2981
2996
3011
3014
3023
3034
3118
3128
3190
3267
3289
3538
3421
3436
3483
3683
3919
4115
3924
3931
3980
4136
4004
4120
4151
4183
4188
3959
4055
4094
4110
4113
4115
4143
4163
4182
4205
4189
4191
4220
4224
4231
4238
3041
3056
3062
3084
3095
3128
3188
3147
3256
3117
3145
3168
3319
3337
3382
3216
3270
3321
3336
3470
3208
3243
3293
3327
3332
3338
3362
3477
3521
3260
3392
3510
3564
3600
3629
3647
3673
3720
3572
3580
3581
3681
3706
3721
3729
3751
3748
3749
3770
3774
3808
3821
3824
3837
3847
3861
3872
3426
3533
3564
3552
3583
3603
3623
3753
3822
3885
3919
3921
3932
3965
3969
3991
3992
3789
4012
4022
4034
4027
4055
4059
4062
4035
4043
4046
4047
4054
4071
4074
4091
4106
4109
4157
4183
4244
4261
4264
4337
4359
4177
4293
4298
4341
4346
4348
4348
4361
4365
4371
4374
4383
4092
4127
4129
4132
4143
4181
4194
4209
4213
4223
4240
4264
4275
4414
4414
4405
4418
4427
4431
4445
4453
4252
4253
4318
4355
4359
4363
4373
4397
4273
4295
4328
4328
4344
4394
4405
4420
4474
4530
4314
4315
4319
4353
4359
4367
4384
4391
4418
4492
4558
4544
4571
4585
4558
4575
4593
4625
4626
4691
4711
4755
4724
4782
4762
4791
4870
4957
4967
4988
4991
4997
5018
5033
5074
5079
5115
5128
5157
5162
5167
5195
5204
5227
5266
5330
5352
5353
5426
5459
5509
5524
5566
5620
5720
5594
5614
5725
4421
4425
4426
4427
4428
4438
4454
4463
4438
4442
4460
4471
4476
4451
4483
4493
4494
4510
4513
4514
4530
4540
4541
4546
4554
4557
4548
4561
4569
4569
4569
4570
4577
4595
4598
4601
4563
4590
4590
4605
4607
4648
4816
4610
4716
4727
4747
4769
4774
4776
4833
4618
4634
4642
4646
4658
4660
4667
4708
4728
4736
4849
4885
4862
4871
4902
4904
4928
4932
4941
4955
4962
4971
4971
4983
5001
5003
5005
5014
5019
5014
5015
5044
5049
5054
5062
5065
5072
5078
5073
5092
5111
5121
5138
5142
5152
5163
5165
5174
5166
5186
5214
5223
5224
5226
5282
5290
5241
5257
5316
5331
5334
5379
5387
5257
5366
5371
5397
5415
5278
5345
5420
5432
4648
4950
4991
5250
5484
5497
5503
5523
5354
5454
5466
5470
5478
5482
5511
5534
5541
5546
5555
5555
5536
5565
5599
5645
5585
5589
5596
5599
5623
5628
5673
5719
5737
5654
5663
5699
5727
5756
5759
5774
5781
5790
5806
5807
5809
5829
5834
5610
5626
5634
5642
5644
5629
5641
5642
5664
5664
5702
5744
5762
5669
5671
5681
5683
5685
5696
5701
5744
5748
5737
5766
5787
5819
5824
5824
5749
5826
5832
5775
5786
5837
5809
5838
5901
5838
5838
5849
5867
5868
5869
5878
5880
5885
5902
5913
5884
5895
5914
5914
5915
5920
5952
5971
5924
5924
5924
5929
5932
5938
5939
5950
5951
5971
5957
5959
5963
5975
5990
5992
5994
5998
6001
6002
4625
4629
4644
4645
4647
4647
4656
4658
4660
4660
4663
4686
4745
4746
4662
4670
4709
4742
4749
4750
4790
4812
4825
4830
4906
4977
4977
5024
5039
4981
4987
5000
5049
5064
5095
5184
5027
5045
5075
5080
5114
5136
5142
5226
5240
5246
4862
4863
4881
5019
4904
4946
5070
5097
5172
5202
4880
4927
4932
4963
4986
5007
5050
5066
5249
5063
5106
5218
5243
5271
5272
5274
5282
5292
5293
5307
5310
5314
5319
5356
5363
5514
5598
5625
5634
5652
5609
5634
5665
5680
5707
5713
5717
5642
5755
5782
5784
5846
5911
5372
5396
5402
5414
5428
5432
5435
5455
5459
5439
5476
5479
5495
5545
5558
5559
5562
5615
5616
5628
5629
5636
5464
5466
5508
5577
5605
5588
5625
5631
5634
5619
5667
5670
5637
5666
5672
5681
5694
5694
5708
5642
5670
5676
5718
5718
5727
5734
5741
5742
5760
5765
5767
5777
5782
5754
5783
5789
5793
5818
5822
5824
5913
5920
6015
6021
5867
5970
6016
6017
6022
5916
5942
6022
6024
6027
6028
6044
6052
6054
6058
6068
6069
6073
6088
6099
6089
6101
6141
6111
6125
6140
6150
6162
6164
6146
6166
6186
6189
6212
5807
5809
5811
5813
5816
5811
5824
5825
5828
5832
5832
5834
5837
5853
5854
5873
5874
5839
5847
5853
5885
5893
5863
5900
5901
5903
5909
5922
5922
5926
5933
5947
5934
5947
5947
5985
6006
6016
6017
6025
6039
6054
6069
6072
6091
6125
6164
6199
6201
6286
6188
6214
6229
6288
6318
6394
6268
6319
6343
6352
6343
6380
6412
5954
6017
6000
6018
6029
6037
6049
6050
6051
6079
6093
6101
6131
6134
6140
6149
6169
6189
6197
6210
6213
6219
6221
6222
6223
6229
6232
6240
6246
6248
6253
6268
6294
6285
6309
6314
6327
6249
6253
6254
6281
6294
6303
6321
6323
6335
6344
6346
6351
6363
6371
6372
6375
6376
6378
6380
6383
6389
6392
6402
6403
6405
6407
6420
6414
6430
6434
5941
5957
5972
5989
5992
6010
6020
6025
6036
6051
6177
6177
6190
6221
6369
6446
6451
6502
6514
6523
6538
6205
6216
6275
6287
6292
6297
6362
6374
6443
6445
6466
6477
6440
6442
6444
6456
6488
6496
6502
6533
6537
6555
6450
6459
6463
6471
6476
6480
6484
6488
6475
6509
6526
6541
6573
6582
6595
6560
6566
6583
6588
6592
6599
6605
6600
6617
6623
6650
6613
6632
6633
6636
6639
6648
6648
6654
6660
6680
6709
6719
6736
6772
6802
6804
6659
6678
6691
6728
6742
6810
6826
6846
6847
6851
6885
6897
6734
6741
6751
6746
6765
6779
6783
6783
6816
6806
6821
6794
6825
6831
6831
6835
6842
6851
6879
6881
6897
6905
6915
6975
6979
7003
6907
6946
6949
6956
6976
6977
7004
7023
7062
7068
7124
7137
7137
7157
7166
7183
7211
7225
7343
6890
6893
6923
6932
6951
6959
6973
6988
7147
7184
7272
7316
7317
7322
7327
7337
6976
6986
7031
7088
7239
7092
7310
7344
7346
7397
7402
7228
7344
7350
7355
7397
7401
7418
7354
7381
7386
7426
7440
7443
6852
6862
6872
6874
6876
6879
6879
6893
6906
6909
6910
6912
6920
6982
7027
6987
7092
7132
7144
7182
7219
7223
7285
7285
7300
7330
7344
7368
7320
7335
7354
7358
7375
7389
7391
7408
7454
7455
7458
6884
6892
6939
7000
6975
7059
7062
7130
7139
7190
7092
7112
7203
7218
7222
7228
7248
7260
7269
7285
7292
7302
7311
7319
7321
7440
7324
7346
7355
7370
7381
7390
7394
7419
7433
7463
7454
7454
7464
7470
7482
7495
7508
7500
7516
7498
7506
7527
7527
7509
7521
7521
7525
7532
6057
6066
6081
6083
6092
6097
6119
6125
6117
6132
6135
6149
6206
6148
6151
6158
6163
6163
6166
6167
6181
6181
6187
6199
6212
6215
6216
6170
6209
6214
6196
6235
6255
6275
6311
6319
6322
6365
6319
6336
6378
6236
6250
6261
6270
6304
6311
6316
6361
6381
6392
6329
6335
6361
6378
6393
6396
6404
6373
6401
6407
6419
6424
6425
6444
6463
6482
6508
6470
6557
6604
6605
6626
6640
6659
6662
6711
6712
6494
6507
6581
6639
6704
6717
6773
6783
6895
6929
6949
7029
6965
7025
7137
7262
7268
7543
7032
7040
7059
7060
7081
7116
7131
7163
7163
7170
7260
7273
7171
7244
7270
7286
7287
7361
7361
7367
7385
7410
7417
7432
7454
7465
7481
7489
7514
7518
7527
7531
7537
7539
7545
7549
7552
7561
7574
7574
7581
7582
7593
7616
7627
7629
7629
7635
7643
7643
7656
7656
7658
7754
7799
7663
7669
7679
7693
7696
7701
7703
7723
7724
7726
7728
7734
7738
7745
7752
7752
7784
7807
7829
7871
7895
7895
7906
7937
7755
7762
7766
7767
7806
7772
7835
7836
7890
7950
7953
7760
7783
7783
7786
7789
7795
7795
7796
7827
7844
7864
7836
7855
7867
7870
7883
7945
7882
7932
7959
7956
7960
7975
7978
6416
6434
6441
6453
6442
6449
6454
6459
6459
6464
6472
6482
6483
6490
6513
6521
6552
6558
6536
6567
6572
6589
6597
6666
6668
6669
6677
6703
6710
6719
6766
6924
6773
6938
6833
6948
6970
6999
7000
7102
7011
7024
7113
7208
7236
7275
7349
7148
7170
7229
7256
7306
7332
7336
7387
7402
7404
7426
7449
7479
7526
7562
7563
7566
7596
7576
7644
7708
7735
7768
7770
7579
7582
7599
7610
7628
7628
7653
7778
7779
7797
7709
7768
7798
7799
7811
7818
7825
7828
7835
7848
7836
7870
7874
7879
7850
7857
7861
7892
7895
7900
7902
7923
7938
7957
7989
7934
7979
7988
7992
7994
7998
7998
6720
6749
6752
6763
6781
6813
6817
6789
6793
6808
6846
6877
6901
7163
7180
7181
7184
7201
7210
7221
7252
6920
6968
6946
6989
6986
7031
7135
7147
7183
7212
7254
7287
7293
7302
7298
7335
7658
7074
7080
7713
7474
7754
7819
7080
7178
7691
7694
7729
7887
7926
8003
7084
7100
7179
7394
7407
7451
7467
7473
7595
7597
7757
7791
7793
7562
7730
7735
7742
7800
7803
7819
7898
7931
7958
7969
8012
8028
8005
8021
8032
8057
8067
8069
8069
8069
8073
8074
7354
7365
7366
7397
7471
7540
7558
7721
7630
7706
7765
7766
7774
7942
7952
8020
8056
7593
7603
7695
7705
7723
7746
7742
7852
7946
7962
7968
8014
8018
8027
8032
8043
8052
8075
8090
8130
8135
8160
8054
8062
8063
8068
8087
8134
8177
8194
8213
8215
7537
7537
7570
7576
7588
7591
7620
7710
7718
7780
7781
7781
7767
7785
7815
7838
7883
7933
7984
8007
8031
8197
8219
8038
8135
8222
8223
8243
8244
7819
7980
7846
8007
8009
8024
7850
8000
8032
8089
8101
7976
8013
8015
8023
8058
8097
8159
8162
8199
8199
8203
8212
8225
8229
8243
8254
8262
8263
8273
8275
8277
8279
8286
8054
8085
8059
8060
8075
8090
8095
8096
8097
8101
8103
8111
8115
8121
8129
8132
8133
8133
8164
8185
8207
8225
8121
8130
8135
8148
8157
8209
8125
8145
8216
8184
8195
8197
8242
8245
8254
8255
8260
8235
8261
8277
8281
8305
8340
8342
8362
8349
8363
8365
8366
8369
8391
8409
8415
8417
8429
8435
8435
8462
8468
8471
8557
8479
8506
8511
8564
8583
8599
8612
8615
8507
8551
8560
8593
8624
8626
8633
8641
8261
8265
8273
8288
8320
8323
8325
8337
8337
8338
8344
8350
8360
8381
8291
8292
8309
8320
8331
8331
8333
8383
8397
8421
8427
8437
8451
8453
8455
8472
8480
8494
8499
8512
8538
8539
8544
8644
8553
8609
8616
8642
8646
8650
8651
8653
8368
8390
8407
8396
8401
8411
8412
8419
8407
8448
8457
8472
8488
8488
8496
8518
8521
8538
8555
8564
8592
8575
8613
8616
8627
8628
8628
8633
8647
8655
8655
8659
8662
8664
8668
8671
8675
8675
8078
8078
8082
8177
8088
8179
8182
8203
8205
8211
8223
8227
8238
8258
8313
8332
8333
8336
8339
8352
8410
8080
8121
8138
8225
8260
8312
8278
8363
8416
8430
8441
8447
8454
8460
8460
8462
8469
8491
8463
8511
8522
8495
8504
8520
8528
8529
8546
8537
8550
8552
8555
8605
8610
8610
8629
8633
8504
8661
8677
8678
8679
8692
8694
8683
8690
8695
8712
8727
8736
8739
8737
8738
8743
8749
8752
8756
8765
8766
8766
8770
8771
8775
8778
8792
8690
8693
8715
8716
8725
8732
8736
8746
8758
8765
8776
8725
8786
8824
8822
8826
8860
8870
8875
8841
8879
8892
8916
8920
8927
8943
8957
8787
8820
8886
8891
8891
8892
8894
8908
8921
8996
9092
9150
8915
8983
8984
8985
9005
9012
9042
9047
9066
9122
9168
9123
9178
9151
9180
9181
9037
9045
9102
9106
9114
9137
9143
9157
9175
9168
9177
9181
9186
9187
9189
9199
9209
9209
9212
9234
9253
9256
9268
9274
9277
9284
9299
9316
9319
9329
9338
8793
8793
8800
8801
8802
8807
8818
8825
8825
8827
8827
8829
8829
8829
8835
8839
8843
8855
8876
8886
8918
8920
8923
8935
8936
8949
8964
8939
8992
9003
9015
9025
9030
8837
8847
8864
8868
8905
8918
8925
8926
8937
8943
8954
8978
9002
9051
9062
8985
9013
9020
9033
9087
9037
9051
9085
9135
9162
9183
9063
9089
9094
9107
9174
9177
9184
9186
9190
9126
9131
9165
9178
9191
9192
9193
9218
9227
9236
9237
9243
9247
9249
9254
9255
9276
9316
9269
9277
9329
9341
9332
9356
9366
9260
9261
9288
9314
9326
9345
9343
9347
9357
9368
9364
9371
9374
9375
9382
9362
9375
9380
9389
9394
9398
9401
8835
8840
8846
8854
8857
8873
8887
8903
8923
8925
8972
8985
9008
9035
9061
9102
9109
9166
9191
9180
9181
9183
9216
9278
9297
9299
9312
9326
9333
9316
9358
9388
9187
9402
9403
9405
9406
9408
9408
9432
9432
9434
9435
9437
9450
9464
9435
9441
9443
9445
9466
9439
9441
9451
9446
9457
9464
9467
9470
9470
9473
9473
9476
9010
9041
9119
9172
9179
9202
9347
9360
9375
9431
9481
9065
9091
9379
9414
9428
9482
9484
9485
9495
9498
9498
9569
9171
9216
9220
9216
9369
9396
9441
9478
9481
9481
9487
9491
9494
9498
9582
9592
9592
9645
9594
9601
9639
9650
9680
9640
9641
9700
9703
9705
9706
9501
9507
9507
9511
9517
9521
9530
9523
9530
9531
9542
9545
9569
9658
9583
9604
9635
9643
9668
9655
9670
9689
9691
9704
9716
9720
9741
9756
9754
9762
9779
9795
9546
9552
9553
9558
9553
9554
9560
9562
9562
9564
9578
9578
9594
9602
9606
9623
9643
9670
9582
9601
9594
9602
9605
9609
9628
9699
9719
9612
9614
9623
9660
9741
9769
9775
9779
9800
9813
9817
9817
9819
9837
9838
9628
9633
9643
9650
9651
9652
9652
9664
9850
9671
9687
9818
9841
9855
9859
9856
9867
9869
9871
9698
9698
9709
9721
9751
9777
9798
9731
9740
9744
9746
9758
9764
9775
9803
9815
9822
9829
9829
9843
9852
9860
9860
9876
9876
9894
9881
9884
9892
9896
9901
9902
9904
9904
9905
6487
6499
6503
6534
6534
6564
6584
6591
6615
6564
6634
6636
6650
6655
6636
6655
6686
6674
6698
6683
6736
6759
6778
6712
6779
6796
6828
6887
6904
6832
6917
6921
6926
6964
6987
6794
6829
6830
6843
6857
6868
6837
6857
6928
6932
6955
6970
7018
7039
7053
6974
6995
7041
7073
7079
7084
7045
7078
7085
7099
7115
7124
7132
7151
7153
7160
7165
7166
7223
7225
7233
7230
7241
7242
7250
7267
7274
7291
7295
7307
7359
7311
7320
7337
7338
7348
7364
7387
7390
7390
7398
7430
7446
7481
7484
7499
7500
7503
7543
7557
7611
7630
7650
7525
7538
7611
7630
7672
7681
7026
7490
7643
7447
7685
7709
7720
7725
7729
7733
7758
7773
7741
7758
7779
7797
7811
7816
7831
7834
7838
7903
7841
7850
7865
7907
7870
7898
7910
7913
7917
7920
7969
7925
7929
7929
7942
7978
7987
7995
7965
8002
8004
8006
8020
8252
8021
8022
8024
8048
8051
8055
8060
8061
8074
8078
8200
8213
8218
8461
8815
8817
8311
8393
8410
8592
8624
8675
8677
8862
8956
8987
8845
9211
9238
9245
9256
9321
9316
9447
9521
9873
9684
9852
9901
9908
9924
9924
9926
9932
9933
9942
9945
9955
9965
8105
8113
8114
8174
8217
8119
8131
8152
8264
8146
8210
8266
8266
8172
8287
8288
8343
8413
8441
8445
8447
8461
8514
8555
8474
8514
8539
8562
8614
8622
8664
8670
8691
8734
8734
8737
8825
8836
8843
8922
9060
8934
8943
9035
9065
9072
9088
9180
9294
9326
8747
8753
9048
9051
9230
9298
9533
9448
9469
9480
9484
9542
9577
9548
9606
9615
9627
9627
9628
9642
9653
9663
9685
9694
9723
9724
9750
9758
9781
9785
9935
9946
9970
10002
10010
10032
10076
9773
9975
9981
10044
10108
9788
9788
9790
9906
9923
9932
9801
9804
9811
9873
9948
9959
9932
9937
9965
9967
9969
9971
9917
9935
9974
9977
9977
9983
9984
9993
9998
10008
10023
10030
10042
10061
10075
10087
10088
10004
10005
10007
10012
10041
10097
10129
10134
10135
10152
10011
10014
10020
10024
10025
10026
10048
10053
10079
10095
10096
10107
10174
10241
10256
10279
10284
10301
10303
10309
10028
10035
10033
10044
10047
10056
10057
10184
10321
10380
10061
10113
10123
10205
10304
10333
10348
10385
10362
10400
10405
10062
10115
10137
10161
10223
10223
10236
10238
10278
10298
10299
10409
10055
10055
10056
10418
10060
10081
10419
10433
10164
10187
10266
10445
10496
10283
10489
10510
10560
10544
10571
10572
10574
10133
10247
10252
10455
10455
10338
10370
10467
10478
10497
10473
10511
10518
10553
10584
10587
10588
10599
10600
10614
10518
10540
10526
10547
10522
10529
10571
10617
10551
10555
10585
10585
10586
10590
10597
10610
10618
10595
10618
10622
10625
10627
10625
10630
10634
10636
10666
10640
10644
10679
10682
10683
10687
10694
10704
10717
10728
10731
10737
10745
10776
10777
10780
10791
10826
10829
10829
10841
10847
10848
10864
10869
10876
10878
10895
10904
10931
10884
10939
10955
10980
10998
11030
11038
11048
10718
10719
10724
10726
10760
10805
10728
10757
10764
10782
10782
10807
10819
10896
10824
10831
10851
10855
10860
10867
10878
10910
10945
10957
10959
10968
10979
11009
11030
11039
11040
11050
7934
7998
8252
8298
8381
8538
8576
8586
8655
8680
8733
8797
8492
8545
8822
8592
8824
8847
8944
9095
9333
9394
8848
8848
8893
9097
9217
8939
9253
9255
9271
9357
9449
9511
9514
9652
9717
9752
9351
9425
9468
9590
9678
9764
9783
9912
9917
9914
9957
9961
9953
9953
9975
10035
10018
10074
10085
10024
10158
10262
10291
10291
10312
10133
10138
10151
10153
10201
10288
10210
10231
10317
10364
10384
10401
10421
10426
9120
9306
9124
9309
9398
9426
9660
10445
9964
10062
10213
10448
10449
10455
10261
10373
10437
10460
10479
10490
10511
10548
10551
10581
10581
10639
10638
10676
10644
10692
10721
10750
10864
10880
10902
10910
10968
10998
10750
10930
10990
11057
11064
9982
10083
10116
10276
10345
10352
10465
10471
10563
10571
10595
10612
10786
10799
10847
10869
10860
11046
11134
11149
11152
11161
11175
11201
11212
11218
11246
11297
11095
11103
11131
11131
11179
11201
11219
11253
11309
11319
11325
11326
11348
10934
10936
10941
10950
10979
11005
11017
11052
11133
11160
11237
11263
11342
11360
11384
11390
11053
11072
11087
11109
11151
11153
11424
11434
11167
11244
11322
11323
11348
11465
11481
11485
11489
11349
11355
11416
11429
11444
11481
11508
11511
11513
11095
11096
11098
11098
11103
11114
11125
11136
11159
11159
11162
11127
11141
11179
11189
11142
11179
11184
11199
11200
11206
11217
11208
11210
11287
11287
11248
11301
11340
11348
11366
11387
11479
11250
11271
11285
11333
11353
11315
11340
11349
11359
11377
11319
11339
11379
11426
11328
11404
11413
11470
11519
11523
11396
11531
11537
11561
11587
11591
11567
11571
11571
11580
11584
11589
11598
11598
11606
11405
11424
11433
11413
11517
11562
11568
11576
11583
11618
11618
11622
11632
11635
11437
11443
11492
11547
11592
11581
11642
11499
11502
11547
11556
11642
11654
11644
11654
11657
11659
11682
11685
11692
11695
11706
11807
11832
11715
11756
11821
11846
11698
11707
11748
11757
11776
11777
11864
11875
11876
11885
11896
11937
11955
11894
11915
11944
11982
11952
12000
11993
11995
12011
12023
11665
11671
11672
11673
11674
11683
11689
11723
11735
11763
11770
11831
11779
11839
11850
11857
11685
11902
11910
11910
11930
11934
11943
11956
11938
11953
11959
11988
11998
12004
11678
11685
11699
11702
11742
11746
11755
11752
11793
11793
11876
11818
11894
11903
11860
11933
11955
11978
12058
11959
12008
12018
12093
12104
12043
12108
12113
12114
12115
11922
11927
11929
12009
12033
12034
12048
12095
12111
12111
12117
12143
12174
12121
12125
12151
12181
12182
12209
12134
12147
12146
12154
12215
12218
12222
12225
12231
12132
12144
12146
12151
12167
12171
12189
12194
12202
12204
12209
12223
12232
10120
10138
10150
10161
10168
10195
10217
10222
10124
10137
10187
10290
10135
10147
10305
10462
10130
10154
10159
10179
10195
10190
10207
10238
10254
10306
10363
10470
10483
10137
10144
10162
10169
10194
10209
10216
10224
10266
10273
10296
10296
10300
10331
10368
10375
10400
10390
10412
10430
10434
10446
10447
10486
10496
10211
10228
10248
10280
10233
10255
10270
10290
10298
10351
10351
10412
10441
10453
10456
10457
10460
10467
10484
10541
10555
10491
10501
10496
10510
10512
10539
10543
10590
10603
10516
10528
10573
10604
10613
10544
10595
10603
10612
10619
10625
10621
10815
10629
10630
10634
10652
10659
10669
10682
10694
10695
10722
10700
10713
10720
10730
10696
10729
10731
10733
10795
10834
10843
10843
10849
10862
10872
10877
10920
10933
10978
10975
10999
11013
11030
11040
11059
11126
11066
11078
11141
11148
11165
11181
11201
11249
11226
11229
11252
11262
11292
10737
10743
10767
10782
10787
10796
10811
10814
10823
10841
10843
10858
10866
10877
10898
10902
10920
10931
10938
10990
11003
11034
11036
11090
11049
11052
11102
11111
10946
10960
10968
10985
11118
11124
11127
11133
11141
11154
11160
11176
11197
11203
11208
11216
11222
11222
11228
11233
11236
11239
11303
10313
10509
10544
10560
10455
10488
10513
10566
10570
10588
10676
10697
10744
10753
10784
10835
10853
10862
10901
10953
10974
10981
11042
11078
11170
11196
11252
11452
11463
11472
11479
11488
11250
11252
11308
11311
11501
11598
11535
11595
11604
11609
11323
11326
11338
11362
11359
11369
11376
11350
11361
11382
11386
11398
11405
11417
11423
11454
11458
11424
11450
11473
11565
11475
11483
11487
11542
11507
11538
11552
11571
11575
11588
11604
11648
11499
11541
11545
11555
11559
11570
11568
11578
11625
11652
11661
11663
11696
11718
11592
11596
11623
11647
11651
11634
11638
11656
11650
11663
11670
11680
11685
11701
11700
11712
11718
11719
11720
11731
11740
11747
11747
11747
11750
11756
11761
11763
11792
11797
11805
11811
11818
11827
11781
11785
11788
11803
11837
11837
11846
11850
11855
11863
11865
11869
11882
11904
11917
11937
11943
11870
11873
11877
11881
11900
11904
11915
11902
11906
11918
11935
11937
11944
11949
11955
11956
11964
11965
11965
11976
11989
11990
11991
11992
11990
11999
12006
12007
12016
12017
12018
12028
12029
12052
12055
12056
12058
12064
12065
12071
12074
12076
12087
12090
12095
12095
12101
12109
12127
12138
12150
12156
12146
12150
12156
12165
10202
10205
10212
10217
10280
10291
10291
10328
10294
10324
10330
10335
10352
10359
10385
10387
10392
10419
10489
10563
10469
10617
10631
10692
10702
10713
10714
10718
10726
10756
10807
10807
10813
10846
10478
10527
10537
10595
10713
10813
10833
10926
11038
11100
11180
11263
11353
11349
11392
11426
11474
11480
11572
11660
11698
11778
11842
11854
11902
11906
11912
11916
12060
12205
12241
10858
10874
10965
11113
11551
11559
11459
11567
11762
11815
11881
11186
11210
11922
11971
11352
11388
11473
11622
11866
12035
12048
11969
12073
12109
12134
12172
12143
12183
12222
12251
11023
11032
11033
11237
11849
11864
12077
12179
12184
12184
12190
12196
12206
12210
12220
12233
12233
12228
12232
12234
12238
12246
12253
12239
12245
12246
12254
12253
12258
12282
12259
12287
12305
12279
12291
12309
12310
12261
12262
12268
12272
12284
12285
12290
12289
12290
12297
12298
12270
12298
12309
12301
12301
12314
12316
12322
12326
12331
12303
12304
12311
12307
12309
12311
12311
12311
12322
12322
12323
12325
12331
12333
12334
12334
12335
12336
12340
12341
12342
12343
12344
12346
12347
12348
12351
12347
12471
12522
12352
12352
12352
12354
12357
12361
12373
12380
12362
12363
12369
12377
12385
12388
12392
12372
12374
12375
12395
12357
12368
12376
12378
12412
12415
12438
12403
12420
12449
12454
12458
12432
12435
12449
12463
12495
12499
12513
12393
12400
12403
12414
12416
12406
12415
12420
12421
12422
12429
12432
12434
12436
12439
12449
12441
12442
12446
12450
12453
12462
12462
12475
12481
12464
12471
12483
12498
12500
12502
12509
12517
12501
12508
12512
12532
12515
12527
12533
12543
12534
12542
12544
12547
12444
12473
12461
12483
12506
12495
12495
12506
12539
12541
12522
12532
12548
12551
12558
12602
12657
12548
12565
12607
12614
12658
12519
12551
12551
12554
12558
12560
12562
12563
12570
12570
12578
12612
12606
12614
12623
12570
12578
12619
12632
12637
12638
12641
12654
12673
12643
12644
12658
12659
12674
12676
12690
12690
12697
12700
12701
12549
12549
12558
12559
12561
12569
12572
12574
12570
12574
12579
12615
12645
12623
12651
12655
12659
12666
12668
12673
12714
12718
12687
12708
12709
12710
12713
12714
12720
12720
12722
12723
12726
12730
12728
12730
12732
12733
12744
12737
12739
12742
12745
12753
12754
12756
12756
12757
12758
12759
12759
12764
12766
12576
12597
12609
12611
12629
12640
12647
12669
12678
12683
12724
12725
12731
12770
12591
12609
12621
12660
12677
12697
12709
12735
12771
12773
12775
12806
12819
12824
12853
12855
12776
12777
12780
12782
12863
12797
12842
12867
12870
12879
12899
12985
13001
13017
13035
13041
13165
13220
13221
13278
13301
12781
12784
12784
12784
12790
12889
12809
12840
12887
12901
12904
12922
12954
13000
13069
13072
13161
13344
13357
13378
12779
12781
12783
12796
12818
12819
12819
12819
12837
12845
12857
12866
12888
12925
12984
13013
13166
13175
13209
13335
13222
13274
13296
13338
12894
12902
13027
13189
13146
13195
12907
12920
13133
13216
13224
13248
13250
13323
13339
13349
13391
13395
13399
13401
13409
13413
13415
13426
13432
13445
13446
13459
13467
13469
13519
13549
13573
13560
13579
13590
13631
13690
13611
13693
13617
13656
13717
13741
13770
13632
13642
13643
13649
13661
13683
13696
13690
13770
13777
13864
13724
13728
13786
13793
13795
13816
13823
13803
13809
13823
13865
13884
13908
13915
12792
12795
12798
12802
12811
12813
12815
12838
12848
12849
12851
12854
12804
12816
12862
12817
12856
12856
12857
12883
12873
12886
12890
12891
12892
12895
12898
12898
12905
12828
12839
12848
12853
12866
12873
12880
12897
12901
12906
12911
12912
12913
12914
12949
12997
13067
13096
13167
13196
13210
13299
13379
13435
13459
13030
13188
13254
13471
13507
13520
13575
12915
12929
12953
12993
13052
13058
13076
12947
12955
12960
12994
13011
13045
13108
13121
13146
13161
13170
13205
13178
13238
13218
13257
13279
13285
13232
13278
13316
13317
13346
13354
13370
13381
12995
13020
13024
13086
13057
13101
13110
13116
13186
13349
13361
13385
13408
13430
13448
13453
13457
13576
13541
13546
13547
13555
13581
13588
13601
13602
13605
13622
13624
13626
13648
13658
13000
13121
13023
13259
13409
13322
13462
13482
13132
13193
13500
13520
13632
13342
13474
13457
13528
13612
13666
13710
13744
13675
13681
13681
13700
13776
13804
13810
13835
13837
13840
13985
13844
13875
13883
13898
13917
13947
13963
13970
13990
14001
14016
14021
14025
14035
14028
14056
14021
14061
14064
14073
14075
13692
13738
13763
13765
13911
13967
13994
13920
13925
13927
14003
13928
13976
13988
14010
14001
14013
14037
14041
14054
14063
14066
14082
14090
14099
14101
14120
14127
14128
14132
14134
14154
14154
14158
14161
14164
14166
14168
14172
14172
14180
14183
14185
14187
14199
14189
14193
14203
14205
14211
14217
14218
14222
13716
13765
13828
13841
14121
14153
14232
14240
14243
14244
14244
13884
13932
14219
14052
14230
14243
14226
14263
14258
14265
14270
14283
14351
14361
14295
14305
14346
14300
14308
14352
14365
14370
14372
14373
14375
14387
14389
14404
14407
14393
14434
14393
14393
14400
14437
14488
14493
14496
14407
14412
14413
14428
14450
14421
14423
14438
14439
14448
14451
14440
14443
14458
14471
14484
14496
14499
14450
14463
14470
14494
14501
14502
14510
14521
14521
14528
14540
14557
14561
14567
14575
14578
14578
14580
14584
14584
14589
14591
14613
14619
14635
14638
14640
14657
14666
14593
14593
14596
14623
14635
14642
14650
14677
14677
14683
14687
14594
14603
14693
14694
14698
14700
14701
14713
14724
14727
14739
14741
14742
14708
14724
14733
14739
14747
14761
14749
14766
14768
14775
14650
14681
14754
14772
14773
14777
14786
14787
14797
14797
14797
14807
14813
14822
14825
14826
14833
14833
14838
14844
14846
14851
14859
14865
14864
14877
14881
14888
14901
14903
14907
14914
14915
14917
14957
14970
15064
15069
15088
15139
15294
14924
14925
14925
14933
14948
14949
14964
14966
14958
14962
14964
14969
14969
14981
14970
14994
14995
14996
14996
15003
15005
15017
15161
15167
15168
15171
15184
15184
15006
15009
15029
15034
15035
15038
15057
15062
15069
15073
15087
15108
15109
15124
15155
15137
15137
15141
15146
15147
15158
15160
15177
15183
15185
15186
15194
15195
15196
15203
15216
15218
15231
15220
15221
15224
15230
15238
15254
15262
15262
15262
15265
15275
15286
15287
15319
15319
15292
15328
15342
15354
15361
15363
15434
15440
15460
15461
15463
15471
15483
15485
15488
15517
15272
15284
15286
15288
15288
15292
15296
15300
15335
15359
15377
15398
15408
15391
15429
15460
15415
15469
15442
15517
15539
15517
15544
15546
15555
15473
15474
15555
15565
15494
15543
15510
15544
15565
15567
15579
15584
15598
15589
15590
15598
15606
15611
15300
15340
15350
15358
15386
15388
15406
15421
15408
15445
15456
15470
15574
15607
15636
15639
15653
15523
15584
15677
15678
15692
15701
15714
15715
15720
15721
15733
15738
15640
15641
15653
15693
15696
15697
15700
15708
15713
15716
15720
15721
15733
15733
15736
15739
15746
15746
15747
15753
15758
15760
15762
15764
15789
15789
15794
15765
15765
15795
15799
15801
15802
15806
15810
15815
12930
12931
12945
12950
12950
12954
12935
12939
12948
12949
12958
12967
12969
12970
12977
12982
12985
12992
13017
13023
13007
13032
13039
13041
13042
13047
12986
12986
12988
12991
12997
13003
13010
13028
13034
13014
13042
13026
13036
13057
13057
13057
13081
13156
13180
13203
13059
13064
13066
13067
13089
13101
13101
13102
13133
13138
13145
13171
13180
13189
13189
13147
13160
13198
13202
13212
13234
13255
13263
13273
13275
13323
13329
13336
13339
13341
13344
13347
13347
13414
13421
13429
13442
13451
13454
13470
13490
13361
13379
13385
13388
13463
13468
13488
13391
13405
13405
13405
13406
13484
13509
13533
13546
13426
13440
13501
13568
13433
13539
13569
13605
13223
13278
13280
13285
13308
13292
13358
13419
13431
13316
13357
13606
13613
13374
13406
13457
13596
13609
13620
13627
13627
13628
13634
13640
13646
13647
13651
13671
13678
13682
13659
13667
13679
13694
13708
13711
13686
13690
13714
13710
13715
13717
13734
13756
13757
13779
13780
13784
13796
13762
13765
13786
13815
13818
13819
13842
13844
13845
13866
13096
13110
13125
13125
13138
13154
13169
13172
13214
13228
13233
13234
13258
13236
13256
13260
13271
13301
13310
13311
13315
13318
13333
13382
13408
13467
13468
13491
13505
13525
13532
13542
13512
13671
13686
13536
13758
13776
13632
13648
13705
13796
13826
13855
13858
13866
13872
13130
13136
13212
13259
13271
13336
13434
13221
13330
13371
13381
13480
13532
13542
13549
13613
13692
13712
13754
13755
13764
13868
13773
13825
13875
13884
13888
13893
13530
13676
13860
13597
13881
13894
13895
13908
13893
13900
13914
13903
13915
13921
13921
13922
13926
13926
13930
13936
13939
13939
13939
13940
13945
13948
13965
13966
14004
14097
14119
14120
14126
14132
14222
14341
14304
14304
14393
14517
14610
14512
14613
14647
14653
14653
13942
13948
13960
13970
13978
13989
14105
13998
14061
14063
14151
14187
14190
14257
14114
14127
14153
14232
14267
14456
14595
14239
14239
14306
14655
14716
14825
14698
14721
14750
14767
14804
14849
14896
14899
14117
14138
14164
14234
14241
14264
14278
14315
14384
14504
14566
14753
14844
14539
14885
14900
14935
14964
14723
14900
14953
15066
15161
15174
14959
14995
15038
15104
15124
15055
15074
15140
15153
15082
15118
15187
15202
15226
15143
15178
15231
15247
15253
15264
15344
15264
15360
15353
15368
15373
13980
13986
13998
13987
13993
14030
14042
14015
14036
14045
14054
14026
14037
14040
14043
14056
14057
14060
14065
14080
14087
14088
14093
14091
14125
14098
14121
14126
14140
14140
14142
14145
14163
14227
14296
14333
14412
14415
14426
14446
14469
14515
14528
14618
14872
14897
14933
14171
14186
14202
14202
14204
14211
14267
14283
14317
14329
14348
14366
14391
14445
14500
14544
14617
14528
14577
14650
14710
14755
14811
14832
14849
14851
14854
14855
14884
14929
14934
15007
15013
15013
14627
14636
14666
14699
14735
14746
14759
14769
14746
14776
14838
14893
14975
15018
15033
15044
15050
15051
15062
15079
14336
14340
14361
14363
14394
14372
14376
14442
14488
14488
14495
14497
14551
14576
14673
14767
14816
14501
14501
14522
14542
14549
14556
14563
14579
14607
14665
14676
14746
14809
14824
14904
14883
14952
14959
14985
14994
14995
14817
15001
15021
15036
15090
15104
15107
15127
15127
15191
15234
15234
15250
15276
15279
15283
15285
15146
15146
15149
15163
15183
15256
15257
15260
15271
15182
15186
15200
15235
15244
15286
15294
15310
15304
15311
14182
14210
14210
14294
14319
14320
14329
14333
14353
14387
14400
14470
14511
14419
14426
14438
14507
14457
14489
14578
14579
14610
14616
14617
14643
14646
14689
14276
14382
14413
14508
14715
14730
14539
14571
14744
14750
14667
14757
14809
14916
14999
14780
14936
15008
15110
15111
15138
15138
15236
15239
15177
15260
15292
15309
15325
15354
14761
14804
14829
14846
14869
14873
14879
14910
14927
14936
14974
14995
14977
15053
15059
15140
15146
15154
15191
15202
15239
15278
15356
15363
15296
15336
15370
15405
15413
15437
15452
15485
15372
15374
15376
15381
15381
15392
15390
15397
15421
15421
15424
15424
15434
15440
15444
15452
15459
15466
15485
15491
15463
15483
15483
15491
15496
15497
15486
15487
15489
15490
15498
15518
15511
15511
15537
15513
15517
15527
15539
15540
15580
15554
15584
15631
15638
15652
15671
15687
15699
15706
15710
15728
15609
15630
15637
15692
15640
15694
15662
15670
15671
15715
15723
15731
15531
15546
15553
15579
15652
15557
15616
15633
15655
15692
15718
15729
15733
15741
15744
15744
15745
15747
15749
15750
15753
15757
15756
15758
15759
15761
15763
15764
15765
15765
15774
15779
15785
15794
15794
15807
15810
15762
15806
15809
15811
15772
15794
15819
15813
15818
15818
15823
15829
15847
15822
15824
15829
15829
15831
15837
15838
15839
15847
15848
15853
15856
15839
15848
15857
15861
15845
15864
15867
15857
15858
15869
15871
15871
15872
15875
15890
15876
15891
15878
15891
15882
15884
15890
15891
15895
15897
15858
15860
15872
15891
15908
15914
15920
15922
15922
15922
15922
15925
15925
15928
15932
15932
15940
15900
15905
15922
15940
15900
15915
15945
15948
15927
15927
15939
15942
15942
15945
15947
15950
15951
15955
15950
15959
15956
15958
15958
15961
15969
15973
15974
15974
15978
15979
15981
15982
15983
15984
15989
15998
15984
15986
15995
15992
15996
15999
arquivo ordenado pelo algoritmo quicksort tempo da ordenação = 0 nanosegundos

