0
0
9
11
3
8
11
12
12
13
15
15
15
16
17
18
19
19
19
26
27
27
32
23
28
40
42
50
32
45
52
53
54
58
20
21
23
24
29
30
34
35
35
36
41
42
54
51
54
55
58
59
59
60
64
65
71
59
60
63
65
72
74
81
67
72
72
73
80
82
84
86
87
87
92
95
96
98
39
54
78
80
90
101
103
105
108
125
129
135
136
154
165
106
109
110
112
113
117
120
122
126
129
134
136
154
195
241
117
122
122
131
136
151
154
161
226
231
239
244
257
262
267
260
279
282
303
324
140
140
142
212
226
233
235
246
268
273
284
151
165
167
273
287
291
290
298
337
342
345
349
351
351
156
159
168
170
175
161
194
208
173
199
211
185
218
220
186
206
219
244
251
255
287
319
333
198
202
218
221
248
258
259
314
332
332
333
355
395
396
357
363
380
390
397
224
227
228
235
236
237
260
251
277
295
309
260
297
300
301
304
319
330
335
355
366
366
375
387
390
394
364
368
387
414
401
405
422
431
436
375
379
409
418
421
429
446
431
436
534
549
415
418
427
459
419
428
494
570
625
630
688
698
708
734
767
768
800
820
276
285
295
301
307
310
336
340
347
347
375
394
403
408
438
440
498
526
529
535
558
566
585
406
586
616
646
653
665
707
781
810
864
890
908
983
719
955
1001
1038
1082
1188
756
770
835
836
866
871
888
911
896
910
921
988
994
1000
1027
1068
1135
1146
1158
1225
1228
925
1032
971
977
1003
1036
1081
1114
1120
1133
1171
1216
1156
1176
1191
1205
1227
1229
1232
1236
1245
1295
1246
1270
1309
1312
447
447
463
463
463
463
465
467
473
479
482
482
486
497
502
494
508
508
512
502
512
522
526
527
522
530
534
534
544
468
480
483
483
481
485
492
501
491
492
498
506
513
517
532
534
535
545
546
546
547
547
550
551
545
558
559
560
563
563
567
568
572
576
577
578
579
584
584
594
595
588
596
597
599
601
599
602
603
624
626
603
604
608
621
621
631
633
635
633
634
635
637
639
647
643
655
684
685
645
646
697
729
732
657
658
674
687
706
712
723
731
734
736
750
716
724
728
737
729
759
759
731
736
739
741
743
744
760
766
770
779
660
660
684
668
684
670
687
688
689
693
698
704
706
714
722
734
739
751
755
757
707
731
753
755
764
771
772
774
775
789
802
691
739
803
805
806
807
808
828
829
810
823
828
830
832
835
835
838
835
841
841
897
920
948
960
969
1034
1052
1091
1240
1360
1360
1371
1398
1447
1525
1548
1555
1602
1774
1423
1528
1560
1630
1632
1777
1800
1630
1717
1827
1833
1859
1888
1963
1967
1987
841
854
862
864
887
897
905
910
862
865
873
883
895
898
904
904
919
930
913
918
919
920
932
935
936
941
942
943
943
949
951
952
961
964
959
966
969
971
970
977
958
959
959
995
1023
1048
1065
1182
1379
1314
1404
1432
1482
1541
1546
1557
1660
1093
1100
1286
1314
1161
1327
1331
1348
1128
1347
1383
1393
1414
1466
1483
1109
1272
1300
1318
1472
1391
1401
1408
1423
1460
1492
1493
1526
1558
1504
1610
1563
1659
1666
1676
1678
1700
1721
1714
1717
1738
1782
1391
1426
1433
1474
1394
1473
1486
1497
1505
1502
1505
1522
1535
1555
1570
1630
1683
1687
1706
1706
1720
1736
1710
1717
1739
1793
1758
1794
876
888
898
1508
902
955
1050
1562
1024
1054
1366
1575
1606
1820
1628
1704
1799
1801
1801
1824
1840
1851
1862
1880
1901
1991
1901
2088
2135
1904
1911
1913
1933
1941
1943
1954
2044
2052
2062
2083
1959
2022
2060
2081
2091
2117
2126
2132
2133
2092
2102
2102
2135
2144
2145
2158
2160
2165
2179
2193
2198
1813
1817
1930
1941
1958
1817
1846
1854
1859
1864
1974
1885
1912
1944
1989
2008
2013
2018
2044
2083
2087
2064
2077
2108
2144
2204
2254
2286
2311
2390
2032
2034
2179
2199
2200
2203
2205
2234
2245
2265
2240
2268
2289
2354
2294
2319
2365
2367
2371
2403
2425
2425
2432
2426
2432
2457
2435
2437
2442
2444
2466
974
976
977
981
982
983
984
984
990
996
1006
1016
1028
1036
1021
1037
1008
1012
1017
1018
1025
1027
1029
1018
1036
1038
1045
1050
1112
1169
1237
1309
1363
1411
1457
1406
1428
1632
1685
1781
1800
1836
1842
1893
1037
1041
1045
1048
1177
1222
1229
1601
1218
1293
1530
1464
1804
1493
1973
1976
2004
1762
2048
2199
1932
1933
1958
2200
2048
2236
2274
2031
2213
2305
2319
2357
2363
2370
2561
2567
2061
2301
2517
2522
2330
2362
2409
2428
2467
2524
2526
2529
2534
2459
2477
2629
2665
2704
2713
2714
2583
2597
2626
2618
2644
2662
2685
2631
2693
2636
2658
2674
2711
2712
2721
2742
2744
2755
2723
2752
2769
2780
2781
2794
2795
2806
2810
2813
2825
2826
2826
2557
2584
2590
2605
2625
2704
2720
2660
2662
2674
2699
2706
2743
2751
2751
2686
2701
2748
2787
2789
2811
2854
2768
2784
2797
2875
2884
2895
2904
2832
2833
2842
2843
2883
2910
2925
2930
2845
2850
2875
2907
2928
2957
2958
2960
2855
2878
2902
2925
2961
1060
1060
1080
1089
1090
1095
1107
1158
1116
1204
1244
1250
1258
1158
1159
1176
1246
1252
1262
1266
1266
1066
1070
1085
1071
1092
1077
1101
1102
1110
1125
1115
1130
1162
1195
1197
1225
1234
1246
1247
1254
1267
1270
1271
1272
1275
1276
1278
1286
1306
1307
1307
1314
1314
1320
1317
1324
1348
1351
1325
1339
1356
1357
1315
1362
1364
1372
1379
1402
1405
1406
1411
1441
1379
1448
1455
1466
1477
1518
1529
1529
1531
1534
1534
1537
1538
1540
1545
1592
1639
1645
1653
1668
1549
1590
1603
1604
1627
1638
1672
1674
1679
1686
1688
1734
1309
1747
1746
1753
1771
1787
1814
1815
1829
1841
1868
1773
1785
1795
1900
1917
1978
1895
1940
1965
1971
2024
2066
2078
1990
2023
2041
2150
2049
2171
2210
2265
1987
2006
2020
2049
2109
2114
2026
2027
2032
2153
2172
2054
2089
2177
2182
2217
2244
2253
2277
2372
2523
2304
2326
2580
2605
2332
2346
2507
2604
2611
2332
2343
2415
2430
2484
2484
2512
2498
2514
2517
2526
2528
2535
2558
2560
2561
2563
2567
2583
2596
2600
2603
2608
2641
2658
2600
2632
2650
2651
2671
2683
2624
2626
2657
2706
2646
2657
2689
2719
2719
2725
1289
1291
1297
1322
1352
1352
1515
1636
2123
2131
2147
2277
2277
1569
1577
1649
1751
2000
2103
2137
2311
2552
1622
1799
1844
1849
1918
2154
2340
2457
2471
2562
2669
1304
1308
1314
1317
1351
1555
2017
1639
1725
1788
2086
2120
2362
2780
2238
2781
1334
1344
1353
1404
1551
1545
1560
1582
1613
1417
1434
1494
1499
1519
1575
1694
2762
2789
2792
2819
1720
1749
1764
1771
1778
1952
2439
2444
2021
2257
2361
2387
2652
2738
2047
2075
2092
2349
2517
2188
2318
2397
2490
2595
2645
2771
2677
2709
2714
2764
2791
2829
2830
2857
2777
2790
2819
2830
2836
2870
2863
2872
2880
2888
2909
2912
2924
2925
2937
2945
2905
2950
2950
2955
2965
2965
2969
2971
2972
2974
2976
2976
2977
3024
2978
2982
2982
2987
2989
2992
3003
3007
3012
2998
2998
3044
2999
3014
3024
3026
3047
3004
3008
3019
3036
3057
3034
3047
3078
3084
3068
3074
3077
3085
3085
1379
1382
1387
1398
1399
1428
1447
1505
1409
1426
1447
1457
1462
1464
1473
1516
1519
1524
1527
1536
1547
1549
1549
1554
1595
1554
1556
1567
1580
1580
1594
1593
1623
1625
1625
1648
1659
1659
1690
1694
1706
1729
1762
1765
1801
1824
1978
2254
2260
2269
2525
2578
1728
1751
1777
1917
1835
1852
1958
2046
2017
2067
2274
2087
2087
2121
2190
2271
2479
2345
2388
2492
2673
2693
2439
2476
2809
2811
2546
2563
2829
1778
2032
2609
2755
2773
2834
2873
2936
2993
2929
2995
3017
3041
3072
3091
3092
3095
3058
3088
3097
3105
3128
3103
3112
3113
3121
3134
3134
3136
3099
3138
3141
3146
3147
3147
3159
3164
3155
3161
3161
3166
3177
3180
3184
3188
3201
3203
3219
3229
3233
3236
3262
3277
3221
3232
3222
3231
3234
3235
3236
3237
3239
3246
3260
3266
3266
3266
3281
3286
3288
3289
3290
3295
3295
3302
3303
3304
3306
3314
3313
3315
3316
3316
1638
1659
1710
1722
1812
1696
1764
1785
1818
1824
1863
1894
1959
2016
2133
2153
1754
1798
1814
1818
1917
2255
2160
2284
2419
1945
2002
2433
2444
2506
2673
2583
2623
2636
2710
2761
2831
2843
2855
2901
2990
3006
3093
3021
3086
3127
3151
2209
2248
2263
2334
2270
2315
2348
2358
2271
2352
2374
2471
2469
2500
2545
2603
2546
2560
2596
2631
2651
2755
2694
2753
2759
2891
2863
2941
2944
2961
2966
2998
2999
3006
3062
3089
3118
3126
2609
3136
3142
3150
3153
3180
3180
3201
3209
3154
3185
3199
3200
3204
3206
3213
3222
3230
3244
3260
3307
3216
3232
3246
3276
3287
3289
3235
3266
3303
3314
3318
3319
3321
3326
1678
1694
1706
1738
1750
1793
2017
1859
1940
2047
1786
1790
2003
2051
2087
2169
2570
2130
2152
2730
2221
2278
2358
2312
2444
2463
2472
2502
2529
2588
2660
2720
2689
2701
2726
2940
2795
2860
2965
3003
3062
3070
3080
3105
3152
2754
2972
3036
2901
3086
3107
3117
3207
3210
3214
3228
3284
3296
3323
3326
3326
3328
3329
3329
3333
3336
3336
3434
3338
3338
3339
3340
3341
3350
3352
3354
3355
3355
3355
3363
3371
3371
3372
3375
3376
3345
3378
3381
3385
3395
3402
3404
3407
3413
3438
3452
3462
3465
3462
3466
3472
3701
3479
3482
3487
3537
3507
3597
3628
3660
3508
3512
3533
3574
3588
3665
3694
3694
3484
3500
3537
3496
3526
3618
3504
3580
3607
3631
3632
3634
3643
3653
3659
3678
3703
3715
3721
3733
3365
3373
3390
3391
3426
3379
3380
3384
3434
3503
3511
3516
3520
3522
3523
3524
3581
3643
3645
3528
3566
3573
3578
3615
3651
3652
3652
3669
3697
3713
3714
3714
3758
3753
3805
3851
3774
3780
3800
3832
3805
3821
3848
3864
3889
3676
3735
3753
3754
3809
3817
3857
3782
3790
3811
3860
3863
3875
3884
3743
3781
3870
3888
3897
3898
3909
3913
3923
3926
3941
3946
3949
3762
3769
3797
3804
3816
3842
3847
3898
3878
3889
3907
3917
3917
3932
3972
3973
3977
3979
3981
4008
4019
3994
3995
4012
4021
4034
3916
3917
3938
3959
3968
3998
4003
4023
4037
4039
4039
4045
4054
4062
4074
4092
4098
4100
4064
4067
4071
4079
4083
4089
4093
4094
4094
4100
4101
3386
3389
3390
3391
3400
3403
3411
3413
3394
3411
3414
3397
3412
3414
3419
3420
3421
3427
3455
3424
3428
3457
3462
3459
3478
3479
3490
3463
3473
3475
3479
3491
3496
3501
3508
3526
3539
3481
3505
3561
3565
3612
3627
3540
3577
3631
3633
3676
3580
3590
3623
3611
3650
3678
3679
3516
3519
3520
3526
3529
3522
3530
3541
3522
3528
3537
3554
3555
3558
3575
3589
3595
3600
3619
3627
3632
3639
3640
3655
3663
3667
3678
3681
3703
3707
3742
3694
3699
3700
3723
3714
3730
3733
3735
3756
3763
3743
3744
3750
3751
3781
3752
3789
3796
3807
3812
3815
3832
3838
3841
3846
3869
3871
3872
3849
3854
3865
3879
3881
3888
3888
3900
3912
3914
3921
3927
3932
3643
3659
3675
3726
3650
3662
3790
3809
3658
3678
3698
3755
3865
3701
3701
3709
3770
3778
3794
3819
3853
3934
3876
3939
3915
3923
3943
3950
3977
3992
3995
3997
3999
3999
4000
3949
3955
3960
4001
4018
3957
3973
3986
3993
3994
4000
3997
4018
4031
4039
4026
4044
4044
4048
4050
4053
4060
4072
4074
4075
4078
4086
4088
4104
4104
4105
4105
4062
4063
4076
4102
4106
4107
4128
4129
4136
4143
4152
4154
4109
4111
4114
4116
4118
4125
4125
4131
4134
4135
4138
4143
4165
4140
4156
4170
4170
4170
4172
4176
4178
4178
4182
4178
4185
4186
4186
4186
4187
4189
4189
4195
4196
4196
4201
4204
4209
4216
4216
4224
4124
4143
4179
4179
4225
4226
4230
4231
4232
4233
4165
4184
4217
4240
4227
4229
4241
4242
4245
4232
4238
4246
4249
4268
4252
4273
4277
4247
4250
4254
4254
4259
4264
4254
4259
4262
4267
4270
4272
4277
4284
4281
4282
4283
4286
4295
4303
4309
4314
4323
4330
4337
4288
4296
4300
4310
4319
4323
4324
4330
4332
4336
4340
4341
4345
4256
4259
4288
4303
4307
4330
4355
4358
4359
4360
4360
4362
4366
4369
4368
4369
4372
4370
4375
4381
4385
4394
4385
4395
4396
4407
4407
4417
4423
4377
4380
4407
4432
4418
4438
4444
4446
4451
4456
4488
4459
4469
4472
4489
4492
4494
4497
4499
4503
4503
4534
4539
4541
4370
4372
4374
4377
4380
4382
4396
4420
4381
4387
4429
4433
4442
4463
4464
4385
4426
4427
4396
4449
4430
4451
4453
4466
4467
4470
4479
4501
4504
4490
4518
4527
4535
4537
4542
4543
4546
4547
4551
4552
4555
4555
4556
4559
4564
4565
4567
4568
76
80
82
82
102
108
114
118
126
89
90
92
93
100
107
107
110
119
118
153
129
130
158
234
242
170
215
221
225
250
262
156
162
173
174
203
220
224
241
267
274
294
297
134
189
190
205
220
212
230
254
269
296
280
297
302
318
319
324
328
357
361
363
337
353
355
355
357
364
360
360
366
367
405
425
378
383
383
384
400
426
427
429
131
131
134
140
142
143
145
154
161
162
163
167
174
228
178
204
204
251
166
169
184
193
200
208
218
222
253
203
231
235
270
274
238
244
249
260
260
263
268
278
279
281
285
290
293
294
296
315
368
306
384
430
318
320
324
325
326
334
347
362
330
339
383
385
391
431
432
432
435
435
439
446
395
397
403
413
415
417
419
422
448
448
449
422
439
451
451
457
460
451
453
455
466
467
456
458
459
468
469
464
478
492
496
515
524
556
566
570
469
471
474
474
476
476
482
483
484
480
485
498
498
506
491
498
509
513
513
515
518
521
521
523
524
524
525
527
529
534
535
536
540
544
547
547
549
550
548
552
553
554
555
559
576
576
577
634
606
611
612
634
639
647
649
650
658
662
659
676
680
681
686
697
700
702
730
768
818
748
753
764
780
808
816
826
826
833
837
855
850
880
898
921
923
966
967
563
567
575
625
640
577
581
591
609
622
649
633
655
680
688
749
914
639
668
734
728
745
811
970
970
844
871
874
1003
1030
1037
1033
1051
1064
1062
1102
1103
1124
651
688
752
874
954
856
969
987
996
1012
1038
1040
1133
1146
1147
1133
1140
1140
1205
1148
1153
1161
1167
1172
1174
1187
1196
1209
1228
1337
1230
1281
1293
1443
1443
1473
1481
1312
1320
1323
1357
1360
1434
1483
1497
1525
1553
1557
1224
1233
1242
1258
1366
1264
1331
1380
1408
1294
1440
1444
1453
1476
1462
1564
1510
1553
1564
1573
1575
1577
1590
1597
1593
1598
1619
1628
1644
1650
1086
1186
1386
1641
1651
1651
1126
1322
1714
1757
1905
1087
1286
1291
1497
1393
1460
1488
1490
1632
1908
1608
1686
1719
1731
1888
1928
1947
2014
2024
1664
1664
1673
1691
1744
1756
1768
2076
1844
2077
2147
2156
2182
1688
1721
1774
1800
1916
1938
1952
2072
2164
2188
2189
2302
1986
2018
2051
2073
2154
2317
2361
2366
2374
2403
2430
2472
2437
2484
2487
1701
1703
1744
1761
1819
1831
1838
1904
1904
1916
2010
2013
2039
2050
1762
1905
1925
1967
2073
2075
2119
2228
2091
2257
2396
2303
2324
2416
2506
2562
2148
2163
2164
2166
2188
2218
2233
2281
2300
2310
2372
2394
2417
2191
2264
2434
2457
2501
2510
2514
2571
2585
2531
2598
2601
2629
2635
2635
2640
2640
2654
2658
2672
2685
2685
2687
2688
2705
2724
2726
2730
2735
2739
2749
2778
2781
2795
2781
2870
2810
2824
2836
2878
2768
2792
2842
2873
2882
2886
3106
3108
3196
3212
3314
3320
3002
3004
3008
3318
3344
3445
3446
3450
3472
3499
3513
3539
3546
3570
3656
3673
3579
3622
3729
3752
3761
3784
3791
3800
2902
2913
2923
2934
2950
2958
2983
2986
2947
2982
2992
3025
3092
3187
3219
3004
3011
3066
3146
3114
3177
3229
3259
3236
3331
3345
3372
3278
3389
3399
3465
3479
3462
3490
3494
3530
3587
3603
3624
3636
3638
3668
3690
3692
3702
3767
3773
3787
3792
3807
3801
3808
3827
3833
3849
3849
3858
4001
4079
4143
4154
3860
4024
4099
4185
3905
4005
4027
4118
4130
4193
3888
3895
3904
3938
3971
4015
4094
3927
4099
4114
4151
4165
4195
3941
3957
3971
3986
3996
4077
4037
4066
4105
4131
4141
4173
4178
4239
1671
1681
1688
1695
1710
1750
1762
1776
1777
1779
1772
1779
1783
1784
1790
1850
1864
1933
1956
2018
2019
2153
2166
2171
2203
2279
2227
2327
2344
2505
2515
2571
2244
2281
2503
2626
2779
2848
2873
2893
1869
1880
1893
1896
1897
1908
1962
1982
1990
2180
2291
2380
2395
1985
2023
2035
2072
2103
2215
2442
2079
2145
2129
2139
2251
2454
2476
2487
2495
2518
2528
2561
2598
2642
2704
2870
2879
2807
2900
2905
2907
2590
2742
2785
2915
2908
2937
2959
2966
2979
2982
3034
3013
3026
3050
3085
3236
3300
3430
3454
3492
3546
3086
3092
3141
3168
3175
3203
3233
3243
3322
3379
3397
3417
3503
3523
3552
3555
3555
3574
3582
3587
3588
3606
3633
3642
3646
3658
3668
3682
3697
3700
3699
3737
3753
3758
3774
3806
3824
3845
3853
3863
3879
3900
3928
3943
4087
4214
4265
4283
4303
4313
4324
4347
4372
4373
3984
4009
4012
4012
4040
4017
4080
4088
4093
4111
4137
4184
4212
4213
4225
4249
4264
4284
4418
4297
4300
4437
4336
4386
4443
4449
4463
4465
4309
4329
4440
4460
4467
4478
4485
4479
4498
4502
4513
4511
4522
4531
4533
4549
4570
4570
4580
4540
4555
4577
4582
4585
4572
4580
4583
4587
4590
4593
4590
4594
4573
4579
4589
4598
4595
4595
4599
4599
4605
4603
4612
4618
4620
4622
4629
4638
4653
4655
4655
4656
4715
4689
4719
4719
4720
4603
4604
4609
4611
4612
4614
4617
4617
4617
4619
4635
4637
4638
4654
4641
4651
4652
4665
4672
4676
4618
4620
4624
4625
4626
4630
4632
4679
4680
4683
4646
4689
4703
4713
4722
4722
4727
4635
4639
4656
4660
4691
4714
4719
4723
4726
4730
4737
4741
4744
4744
4744
4746
4749
4752
579
591
591
592
593
596
596
597
597
603
604
608
612
641
653
610
610
628
611
617
637
629
652
659
653
658
665
667
669
669
675
676
677
682
689
691
692
694
701
698
701
702
704
704
709
712
715
717
720
717
722
719
723
723
723
727
744
731
741
745
749
744
769
812
750
804
814
815
832
833
834
860
820
833
839
842
853
862
868
878
883
900
904
922
938
940
941
972
979
1014
1017
759
760
770
778
779
815
794
817
819
817
823
827
839
841
847
850
851
832
855
864
863
882
887
896
922
870
877
881
881
913
891
944
947
929
931
943
960
969
996
949
955
956
958
962
985
997
965
985
993
1001
1002
1014
1018
1033
1022
1038
1039
1043
1033
1043
1056
1062
1072
1075
1079
1080
1081
1082
1083
1084
1085
1086
1090
1091
1093
1093
1098
1103
1117
1098
1110
1117
1117
1119
1119
1129
1129
1134
1134
1135
1135
891
942
950
960
979
1034
987
1037
1090
1003
1067
1147
1145
1152
1177
1105
1141
1191
1197
1143
1154
1159
1168
1171
1200
1201
1208
1212
1216
1220
1226
1248
1250
1253
1255
1267
1272
1273
1283
1285
1285
1155
1161
1162
1164
1175
1182
1184
1191
1194
1199
1204
1213
1232
1213
1237
1248
1251
1343
1252
1252
1256
1273
1278
1278
1280
1361
1326
1372
1430
1442
1444
1465
1328
1404
1469
1527
1548
1558
1290
1294
1298
1302
1324
1324
1338
1307
1308
1310
1320
1323
1331
1338
1340
1308
1323
1341
1341
1349
1360
1375
1345
1347
1350
1351
1371
1387
1388
1389
1400
1405
1407
1408
1415
1420
1423
1428
1434
1442
1446
1440
1443
1444
1446
1478
1483
1490
1450
1467
1494
1494
1469
1480
1497
1491
1496
1508
1539
1494
1509
1515
1521
1515
1536
1539
1530
1537
1541
1568
1573
1612
1649
1683
1786
1837
1534
1554
1570
1635
1671
1695
1790
1840
1535
1550
1611
1641
1785
1830
1833
1973
1986
1901
1924
1932
1989
2035
2088
2015
2018
2053
2120
2138
2186
2229
2366
2413
2494
1546
1556
1559
1560
1567
1560
1568
1577
1569
1578
1583
1600
1606
1739
1754
1669
1794
1830
1876
1904
1824
1868
1899
1932
1954
1964
1976
1985
1992
2070
2071
2089
2126
2161
2179
2221
2229
2246
2297
2298
2570
2424
2630
2651
1982
1990
1995
2524
2625
2687
2698
2698
2783
2791
2743
2918
2939
3037
3039
2946
2991
3070
3072
3203
3113
3203
3238
2327
2383
2401
2504
2454
2544
2675
2768
2418
2425
2672
2701
2786
2868
2931
2972
2974
3074
3248
3274
3291
3298
3320
3320
3335
3476
3618
3659
3703
3375
3381
3438
3770
3806
3583
3625
3669
3809
3819
3843
3859
3919
4000
4026
4042
4074
4155
4183
4200
4206
4259
4289
4458
4477
4486
3439
3449
3469
3496
3554
3609
3652
3697
3714
3728
3779
3782
3921
3922
3999
4039
4252
4306
4627
4756
4370
4402
4496
4661
4739
4744
4502
4661
4757
4768
4629
4756
4768
4770
4771
4775
4771
4781
4782
4787
4793
4800
4817
4818
4825
4829
2428
2459
2473
2482
2463
2518
2499
2530
2553
2585
2598
2608
2646
2706
2807
2697
2836
2697
2844
2832
2846
2709
2722
2811
2844
2875
2878
2897
2964
2894
2907
2944
2985
2998
3023
3024
3055
3062
3079
3167
3093
3098
3099
3158
3194
3209
3222
3235
3127
3243
3244
3247
3256
3274
3136
3200
3239
3272
3280
3296
3300
3317
3326
3409
3484
3498
3426
3436
3446
3456
3476
3493
3506
3516
3483
3576
4099
4180
4558
4671
4778
3561
3594
3630
3652
3684
3695
3705
3959
4008
4211
4788
4792
4803
4831
4832
4860
4870
4873
4856
4861
4878
4893
3735
3755
3762
3801
3820
3780
3868
3932
3955
3990
3890
3967
3972
3996
4029
4044
4055
4085
4063
4089
4107
4146
4106
4148
4242
4381
4217
4222
4228
4260
4433
4453
4491
4506
4537
4467
4563
4579
4585
4707
4601
4727
4728
4765
4770
4770
4774
4790
4807
4810
4817
4632
4662
4769
4772
4756
4779
4786
4799
4804
4831
4832
4832
4833
4841
4843
4844
4845
4853
4857
4859
4862
4873
4883
4880
4884
4887
4888
4890
4893
4895
4895
4897
4902
4913
4903
4905
4908
4921
4922
4923
4926
4927
4930
4930
4933
4937
4942
4937
4938
4939
4940
4940
4944
4944
4946
4949
4962
4948
4949
4951
4952
4952
4956
4957
4957
4958
4962
4966
4968
4968
4969
4971
4973
4974
4974
4979
4988
4989
4989
4990
4991
4995
4996
4997
4998
5005
4994
4995
5003
5004
5005
5007
5007
5011
5033
5060
5060
5072
5077
5018
5026
5028
5036
5036
5036
5039
5049
5073
5062
5081
5088
5096
5082
5092
5097
5098
5098
5107
5108
5110
5116
5124
5134
5154
5110
5114
5139
5154
5166
5166
5168
5030
5030
5032
5032
5035
5043
5051
5075
5075
5077
5049
5057
5062
5064
5088
5073
5091
5097
5099
5099
5100
5101
5113
5114
5117
5117
5118
5121
5122
5127
5129
5134
5135
5136
5138
5144
5146
5150
5153
5154
5159
5163
5172
5175
5176
5176
5179
5185
5185
5191
5191
5193
5196
5206
5216
5216
5222
5197
5221
5251
5251
5268
5278
5196
5209
5209
5212
5214
5201
5205
5222
5223
5227
5235
5256
5257
5271
5280
5280
5291
5235
5247
5259
5262
5266
5268
5268
5276
5275
5290
5297
5301
5279
5280
5286
5287
5302
5289
5293
5296
5302
5305
5306
5306
1589
1592
1594
1596
1598
1600
1604
1605
1622
1631
1607
1614
1634
1635
1645
1655
1651
1654
1663
1665
1668
1668
1673
1661
1685
1690
1688
1693
1698
1701
1702
1704
1715
1716
1722
1726
1727
1729
1730
1739
1744
1745
1757
1760
1761
1764
1768
1772
1793
1780
1781
1782
1783
1784
1784
1791
1796
1797
1799
1801
1809
1811
1800
1824
1826
1829
1811
1817
1824
1832
1841
1894
1905
1849
1850
1906
1907
1917
1926
1958
1866
1906
1925
1872
1873
1943
1950
1976
1917
1951
1954
1947
2012
1978
1995
2018
2027
2047
1995
2002
2012
2017
2068
2092
2037
2047
2066
2067
2106
2095
2124
2144
2153
2118
2149
2152
2161
2172
2173
2173
2182
2206
2230
2179
2190
2238
2242
2255
2255
2271
2293
2294
2316
2279
2322
2323
2329
2340
2354
2356
2357
2359
2371
2376
2385
2376
2389
2399
2395
2405
2413
2427
2431
2433
2448
2450
2030
2047
2048
2062
2076
2092
2096
2096
2113
2245
2115
2247
2119
2265
2332
2138
2201
2349
2171
2345
2362
2364
2400
2402
2408
2173
2201
2260
2277
2366
2431
2430
2434
2437
2449
2451
2463
2479
2484
2485
2486
2097
2099
2105
2129
2162
2164
2185
2204
2131
2205
2212
2213
2270
2296
2347
2411
2481
2482
2488
2497
2510
2511
2518
2531
2542
2543
2533
2534
2536
2543
2556
2557
2559
2569
2300
2306
2363
2411
2477
2517
2448
2574
2576
2577
2577
2585
2590
2594
2595
2596
2599
2600
2604
2604
2607
2604
2618
2622
2626
2630
2632
2636
2665
2614
2624
2641
2662
2671
2673
2680
2683
2685
2687
2709
2714
2719
2719
2723
2724
2749
2769
2758
2769
2773
2774
2775
2784
2798
2792
2803
2807
2827
2827
2705
2712
2721
2727
2834
2842
2860
2839
2878
2920
2931
2941
2949
2965
2966
2965
2968
2733
2737
2782
2862
2909
2873
2900
2911
2913
2915
2965
2984
3003
3007
3015
3027
2746
2770
2779
2830
2887
2973
2976
2983
3006
3047
2782
2834
2861
2862
2978
3062
3012
3067
3082
3094
3031
3140
3161
3039
3073
3084
3447
2801
2820
2814
2822
2836
2837
2861
2881
2888
2895
2904
2921
2933
2968
2993
3046
3511
3201
3225
3557
3667
3012
3034
3055
3069
3093
3226
3479
3882
3898
3903
3958
3985
4145
3082
3981
4003
4151
4172
4209
4241
4249
4250
4259
4302
4402
4408
1908
1928
1961
1966
1967
2003
2027
2063
2083
2089
2204
2206
2210
2273
2284
2293
2297
2299
2317
2370
2302
2317
2419
2352
2364
2435
2447
2436
2473
2484
2492
2496
2542
2550
2627
2606
2643
2647
2706
3224
3267
3273
3277
2647
3191
2809
3484
3404
3827
3840
3937
3966
3999
4014
4055
4169
4265
4707
4753
4797
4798
4806
4810
4830
4843
4886
2661
2700
2703
2781
2834
2849
2908
2705
2728
2788
2789
2843
2879
2942
3082
2912
3094
3215
2949
3131
2989
3153
3217
3263
3236
3502
3610
3877
3455
3462
3611
3875
3505
3596
3948
3970
3972
3994
4047
3468
4093
4171
3701
4053
4195
3519
3606
3988
4005
4196
3585
3665
3690
3705
3791
3884
4046
4212
4332
4400
4284
4297
4311
4733
4738
4777
4866
4779
4789
4866
4889
4920
4925
4931
4935
4947
4975
5003
5037
5044
5046
5059
5108
5135
5162
5165
5205
5091
5095
5125
5136
5184
5218
5234
5230
5242
5248
5256
5257
5286
4400
4411
4447
4476
4502
4610
4755
4513
4827
4777
4938
4440
4450
4789
4825
4852
4910
4918
4946
4951
4968
5084
5162
5164
4990
4995
5003
5086
5198
5267
5284
5294
5292
5302
5308
5313
5348
5314
5319
5324
5326
5329
5330
5334
5343
5349
5364
5364
5371
5381
5382
4522
4598
4622
4670
4690
4539
4659
4748
4766
4822
4830
4896
4850
4856
4897
4949
4961
4964
4971
4978
5023
5027
4987
5070
5113
5157
5310
5176
5188
5190
5203
5207
5212
5236
5246
5262
5271
5279
5289
5305
5316
5329
5353
5368
5381
5385
5391
5445
5477
5477
5478
5481
5504
5537
5485
5497
5505
5565
5579
5591
5599
5390
5390
5395
5421
5422
5426
5428
5458
5431
5447
5447
5448
5459
5464
5468
5470
5455
5461
5466
5474
5481
5483
5483
5462
5464
5475
5485
5488
5500
5528
5504
5512
5516
5517
5512
5522
5534
5536
5537
5537
5544
5548
5552
5564
5565
5565
5568
5576
5585
5590
5598
5605
5632
5663
5674
5676
5579
5589
5607
5609
5623
5616
5628
5634
5649
5637
5650
5651
5665
5669
5677
5679
5699
5684
5705
3096
3103
3109
3109
3139
3158
3232
3143
3152
3159
3183
3210
3241
3243
3251
3253
3107
3112
3125
3167
3176
3180
3186
3190
3191
3198
3267
3267
3277
3292
3297
3202
3219
3224
3240
3252
3252
3253
3275
3288
3299
3299
3263
3303
3306
3307
3310
3311
3313
3323
3328
3328
3331
3332
3312
3334
3338
3356
3363
3376
3377
3394
3398
3436
3453
3479
3512
3512
3527
3529
3537
3554
3568
3570
3583
3608
3630
3641
3671
3381
3401
3402
3409
3412
3414
3439
3446
3471
3441
3444
3461
3491
3492
3518
3525
3527
3534
3618
3630
3644
3644
3664
3770
3675
3686
3717
3779
3814
3816
3855
3905
3889
3892
3899
3959
3921
3962
3967
3971
3993
4003
4027
4015
4031
4076
4103
4120
4077
4098
4140
4204
4221
4255
4344
4347
4363
4420
4191
4242
4244
4264
4391
4391
4401
4432
4437
4447
4326
4327
4344
4351
4386
4413
4419
4448
4462
4478
4508
4558
4443
4444
4486
4509
4513
4514
4519
4533
4580
4581
4589
4597
4603
4603
3652
3656
3653
3668
3655
3685
3679
3692
3698
3787
3796
3804
3710
3722
3747
3789
3798
3802
3819
3830
3860
3911
3913
3955
3978
3987
4000
4003
3779
3802
3877
3908
3916
3931
3951
4008
3869
3917
4013
4013
4115
4145
4227
4016
4018
4031
4019
4066
4029
4035
4050
4076
4120
4194
4248
4251
4265
4287
4306
4353
4355
4366
4385
4402
4402
4402
4480
4504
4442
4506
4516
4551
4507
4512
4532
4557
4570
4574
4047
4255
4392
4518
4524
4590
4584
4591
4597
4597
4599
4603
4614
4616
4623
4634
4642
4644
4645
4682
4651
4657
4667
4658
4683
4687
4742
4749
4758
4763
4681
4681
4683
4696
4699
4736
4718
4726
4737
4750
4763
4766
4776
4783
4795
4798
4844
4801
4835
4836
4870
4880
4870
4881
4871
4875
4886
4890
4892
4916
4927
4928
4931
4974
4982
4987
4993
4993
5000
4997
5037
5076
5100
5136
5007
5010
5034
5086
5103
5127
5140
5150
5152
5154
5171
5180
5189
5212
5293
5309
5309
4932
4940
4946
4950
4954
4957
4960
4967
4968
4975
4979
4997
4998
5006
5015
5024
5037
5053
5053
5115
5061
5118
5080
5201
5144
5260
5317
5320
5335
5126
5137
5142
5147
5162
5166
5253
5277
5301
5168
5244
5245
5284
5246
5277
5313
5318
5321
5322
5323
5323
5324
5326
5324
5327
5335
5337
5337
5338
5340
5342
5347
5349
5350
5351
5351
5353
5354
5355
5356
5355
5358
5358
5364
5367
5367
5376
5376
5376
5377
5379
5380
5386
5411
5414
5387
5390
5395
5400
5395
5407
5409
5417
5421
5421
5421
5425
5427
5430
5435
5437
5433
5439
5439
5441
5442
5447
5453
5457
5461
5464
5465
5469
5470
5470
5478
5480
5481
5481
5482
5087
5230
5241
5255
5257
5260
5269
5262
5317
5318
5303
5312
5319
5322
5419
5424
5505
5543
5336
5337
5343
5357
5427
5358
5450
5466
5366
5454
5488
5490
5505
5509
5521
5534
5543
5561
5573
5592
5596
5636
5646
5647
5651
5459
5484
5485
5487
5495
5497
5503
5488
5494
5496
5497
5500
5504
5509
5546
5560
5572
5584
5592
5600
5483
5485
5488
5498
5503
5529
5540
5576
5583
5577
5584
5605
5619
5620
5622
5639
5653
5671
5674
5586
5600
5656
5673
5693
5708
5712
5692
5709
5713
5716
5781
5719
5719
5720
5732
5748
5816
5740
5741
5775
5779
5816
5822
5825
5825
5708
5761
5763
5782
5827
5809
5836
5827
5837
5854
5845
5856
5858
5896
5900
5900
5908
5911
5915
5918
5924
5937
5939
5956
5959
5960
5963
5966
5505
5510
5507
5516
5517
5522
5529
5520
5522
5523
5530
5532
5533
5534
5517
5528
5530
5533
5534
5544
5575
5536
5537
5544
5582
5549
5553
5553
5555
5556
5584
5584
5595
5598
5606
5621
5630
5635
5637
5641
5645
5651
5666
5668
5671
5673
5567
5579
5582
5582
5582
5587
5621
5633
5587
5598
5600
5612
5634
5636
5641
5637
5639
5641
5644
5655
5654
5660
5663
5653
5661
5677
5683
5684
5685
5689
5701
5681
5681
5702
5702
5714
5715
5704
5708
5711
5711
5714
5723
5727
5746
5746
5773
5777
5784
5788
5789
5805
5808
5808
5821
5810
5835
5841
5813
5844
5851
5860
5791
5799
5809
5863
5878
5863
5880
5884
5889
5887
5890
5900
5900
5909
5915
5922
5923
5929
5943
5918
5921
5924
5930
5932
5944
5950
5954
5717
5723
5723
5724
5725
5735
5744
5727
5740
5745
5748
5755
5732
5745
5756
5761
5763
5769
5770
5777
5771
5777
5780
5773
5811
5815
5777
5821
5861
5887
5894
5895
5933
5972
5946
5955
5985
5988
5779
5786
5790
5790
5791
5806
5806
5820
5841
5850
5876
5877
5888
5889
5796
5798
5815
5823
5830
5842
5842
5846
5866
5852
5895
5900
5907
5908
5933
5867
5918
5918
5922
5925
5930
5957
5971
5985
5987
5989
5791
5792
5797
5798
5811
5814
5816
5821
5824
5824
5849
5865
5880
5885
5843
5859
5897
5908
5798
5835
5837
5851
5865
5887
5910
5907
5917
5917
5910
5915
5929
5936
5936
5946
5950
5872
5877
5889
5894
5898
5910
5931
5960
5963
5965
5970
5978
5965
5973
5978
5980
5982
5985
5986
5987
5996
5991
5991
5991
5993
5995
5996
5997
6002
6002
5993
5993
5994
5995
5997
5998
6008
6004
6009
6006
6010
6011
6011
6014
6015
6027
6020
6021
6024
6025
6025
6025
6026
6031
6027
6033
6033
6036
6036
6036
6037
6038
6039
6040
6042
6045
6050
6051
6052
6054
6056
6053
6053
6057
6058
6060
6062
6066
4755
4755
4757
4759
4769
4774
4768
4776
4793
4797
4801
4803
4823
4837
4840
4856
4869
4888
4902
4916
4916
4923
4980
4949
4958
4986
5027
5052
5058
5069
5083
5100
5118
5121
5122
5136
5168
5124
5189
4845
4857
4857
4870
4888
4941
4941
5002
5015
5039
5055
5143
5035
5049
5063
5198
5054
5108
5111
5177
5199
5206
5212
5226
5238
5244
5081
5119
5139
5248
5253
5274
5256
5275
5275
5287
5329
5345
5356
5392
5396
5280
5302
5303
5303
5326
5355
5394
5419
5422
5452
5304
5322
5334
5335
5329
5345
5370
5393
5455
5457
5464
5476
5489
5492
5539
5499
5501
5545
5562
5541
5542
5550
5582
5608
5615
5624
5638
5638
5641
5369
5545
5548
5408
5573
5590
5604
5637
5673
5676
5948
5694
5808
5741
5931
5779
5806
5953
5973
5938
6017
6017
6030
6036
6055
6067
6080
6085
5648
5661
5703
5734
5774
5938
5739
5837
5862
5902
5959
6085
6086
6093
5662
5683
5713
5787
5813
5766
5830
5743
5780
5793
5851
5856
5960
5965
6047
6077
6094
6100
6100
5905
6019
6024
6071
6095
6121
6147
6154
6172
5951
6069
6086
6091
6094
6139
6156
6164
6178
6101
6104
6108
6122
6123
6127
6134
6142
6143
6150
6155
6162
6173
6176
6178
6158
6193
6209
6166
6176
6185
6193
6200
6202
6219
6151
6165
6190
6216
6209
6260
6269
6272
6274
6276
6287
6290
6291
6316
6323
6345
6365
6370
6221
6222
6245
6228
6228
6249
6256
6265
6256
6259
6260
6263
6267
6273
6279
6325
6340
6347
6350
6359
6375
6375
6280
6281
6281
6283
6289
6317
6317
6360
6367
6291
6304
6325
6328
6337
6349
6353
6357
6372
6381
6386
6386
6386
6394
6399
6398
6399
6400
6406
6407
6409
6414
6411
6422
6436
6450
6417
6420
6452
6456
6429
6451
6457
6459
6460
5660
5669
5793
5725
5857
5971
6076
6032
6036
6071
6071
6076
6081
6084
6085
6083
6095
6101
6101
6103
6110
6110
6115
6137
6120
6124
6133
6134
6139
6140
6067
6080
6085
6088
6090
6092
6099
6106
6094
6097
6111
6104
6113
6119
6120
6123
6111
6117
6124
6128
6129
6134
6144
6147
6155
6157
6158
6160
6167
6170
6174
6158
6168
6170
6175
6183
6135
6137
6146
6147
6153
6163
6148
6149
6150
6153
6151
6155
6154
6155
6156
6172
6176
6179
6180
6180
6180
6181
6184
6187
6187
6188
6190
6191
6192
6193
6196
6196
6196
6198
6200
6200
6201
6201
6205
6207
6209
6209
6213
6218
6218
6222
6221
6226
6220
6225
6226
6231
6230
6236
6237
6244
6245
6246
6246
6249
6249
6250
6250
6251
6254
6255
6256
6260
6261
6263
6268
6271
6260
6260
6272
6273
6287
6288
6291
6293
6295
6197
6231
6243
6253
6265
6293
6295
6304
6266
6284
6298
6303
6304
6305
6306
6307
6312
6307
6308
6308
6309
6309
6311
6313
6315
6316
6319
6322
6324
6325
6326
6330
6331
6340
6345
6334
6338
6339
6342
6344
6346
6346
6349
6349
6350
6351
6352
6352
6352
6332
6339
6342
6343
6366
6358
6358
6359
6369
6349
6349
6363
6366
6354
6354
6365
6358
6371
6372
6373
6375
6387
6400
6464
6464
6464
6467
6472
6480
6484
6485
6492
6504
6496
6498
6506
6555
6524
6541
6557
6557
6560
6512
6516
6524
6531
6545
6587
6538
6547
6595
6540
6544
6552
6600
6604
6552
6561
6567
6597
6606
6563
6564
6566
6574
6574
6602
6615
6619
6622
6571
6579
6592
6602
6624
6625
6627
6627
6632
6630
6634
6379
6380
6382
6385
6388
6383
6389
6389
6396
6401
6401
6410
6412
6427
6427
6428
6437
6438
6443
6409
6410
6411
6416
6420
6421
6426
6428
6431
6433
6437
6439
6440
6509
6514
6445
6446
6446
6448
6449
6450
6454
6455
6456
6456
6457
6465
6498
6564
6520
6540
6552
6565
6569
6464
6497
6498
6570
6576
6589
6603
6616
6617
6587
6611
6611
6626
6637
6638
6638
6640
6642
6653
6654
6644
6649
6654
6657
6659
6662
6665
6667
6667
6668
6671
6672
6674
6677
6680
6681
6683
6685
6688
6697
6698
6687
6703
6704
6707
6709
6459
6459
6460
6461
6463
6465
6467
6472
6476
6471
6476
6478
6483
6480
6481
6483
6485
6485
6486
6488
6489
6492
6493
6498
6493
6499
6513
6515
6502
6505
6511
6511
6506
6520
6513
6519
6519
6520
6521
6495
6497
6516
6519
6520
6522
6523
6525
6526
6532
6532
6535
6537
6538
6538
6539
6540
6543
6555
6556
6559
6563
6544
6549
6551
6552
6555
6564
6556
6565
6561
6569
6569
6571
6571
6575
6575
6576
6577
6577
6577
6578
6582
6586
6582
6589
6588
6597
6603
6590
6590
6590
6605
6610
6614
6591
6593
6597
6606
6618
6619
6624
6627
6630
6631
6633
6636
6617
6619
6635
6638
6642
6643
6644
6648
6650
6653
6653
6651
6654
6654
6657
6659
6660
6661
6662
6669
6665
6673
6673
6665
6672
6673
6673
6674
6679
6679
6679
6680
6680
6682
6684
6692
6694
6694
6695
6698
6698
6702
6703
6703
6704
6704
6711
6712
6712
6715
6716
6720
6725
6726
6684
6688
6697
6700
6701
6710
6712
6715
6718
6722
6724
6725
6703
6712
6713
6719
6720
6721
6722
6728
6728
6720
6723
6732
6737
6733
6737
6737
6738
6738
6739
6739
6739
6741
6740
6740
6741
6742
6744
6758
6759
6765
6743
6747
6749
6753
6756
6760
6763
6765
6767
6768
6768
6748
6753
6755
6768
6769
6776
6776
6780
6780
6781
6781
6784
6787
6793
6797
6790
6793
6793
6798
6799
6800
6803
6803
6806
6809
6810
6807
6810
6814
6815
6815
6817
6818
6823
6812
6819
6825
6825
6827
6828
6828
6829
6830
6830
6830
6831
6834
6834
6835
6838
6839
6839
6840
6752
6753
6758
6770
6773
6774
6775
6797
6841
6842
6775
6794
6805
6807
6833
6844
6851
6864
6815
6841
6874
6878
6849
6852
6859
6859
6863
6871
6879
6890
6891
6893
6896
6898
6900
6861
6867
6869
6869
6874
6882
6872
6881
6887
6874
6889
6878
6888
6901
6903
6904
6905
6905
6906
6907
6908
6909
6909
6910
6913
6914
6917
6918
6923
6924
6933
6949
6918
6936
6962
6919
6995
6925
7015
7017
7033
6933
6971
6977
6994
6998
6999
7040
7042
7042
7048
7066
7067
7077
6788
6796
6801
6809
6816
6856
6861
6869
6887
6931
6946
6947
6953
6963
6964
6816
6853
6868
6874
6896
6896
6816
6908
6925
6949
6988
6840
6845
6867
6874
6909
6875
6904
6940
6957
6962
6962
6972
6974
6979
6989
7008
7013
6857
6891
6905
6929
6957
6967
6988
6996
7016
7025
7025
7030
7033
7033
7043
7048
7053
7057
7069
7048
7067
7072
7084
7084
7085
7087
7090
7097
7098
7092
7092
7097
7099
7099
7112
7111
7114
6925
6926
6927
6931
6928
6932
6934
6936
6938
6940
6938
6940
6943
6936
6939
6947
6971
6977
6955
6958
6960
7018
7022
6985
6989
7019
7025
7055
7078
7038
7044
7048
7054
7054
7059
7075
7081
7083
7128
7116
7136
7143
7151
7156
7099
7112
7117
7119
7119
7121
7120
7122
7135
7135
7123
7131
7138
7139
7139
7152
7157
7157
7141
7145
7148
7152
7152
7159
7162
7163
7170
7171
7171
7173
7176
7176
7176
7176
7178
7178
7178
7178
7185
7177
7185
7186
7186
7193
7193
7198
7205
7219
7218
7221
7223
7229
7187
7191
7193
7197
7198
7209
7214
7216
7229
7233
7235
7202
7203
7211
7205
7213
7214
7220
7229
7230
7237
7238
7243
7250
7208
7212
7253
7253
7255
7256
7258
7272
7262
7275
7276
7287
7256
7256
7258
7263
7268
7271
7291
7298
7300
7300
7302
7290
7302
7303
7304
7304
7305
7307
7307
7310
7314
7320
7311
7314
7315
7316
7324
6946
6947
6954
6948
6952
6959
6960
6968
6968
6971
6971
6975
6996
6952
6960
6969
6983
6995
6997
7002
7006
7008
7009
7011
7001
7002
7017
7020
7020
7021
7024
7024
7035
7050
7030
7032
7032
7033
7053
7055
7066
7066
7070
7084
7088
7097
7101
7101
6974
6995
7010
7015
7021
7032
7054
7094
7130
7133
7138
7141
7192
7332
7333
7108
7114
7117
7122
7335
7119
7364
7388
7389
7372
7376
7382
7391
7418
7722
7125
7327
7339
7348
7353
7677
7374
7686
7688
7743
7791
7888
7891
7916
7055
7062
7075
7092
7096
7103
7104
7119
7113
7121
7170
7135
7136
7154
7160
7174
7179
7192
7217
7224
7225
7228
7257
7268
7269
7275
7312
7258
7269
7275
7279
7277
7280
7287
7308
7311
7320
7321
7324
7324
7327
7335
7329
7339
7340
7342
7342
7349
7350
7484
7805
7360
7365
7387
7387
7411
7445
7569
7599
7631
7921
7932
8010
7967
8011
8104
8164
8187
7151
7154
7158
7159
7171
7172
7173
7175
7180
7184
7192
7204
7194
7201
7201
7208
7211
7212
7196
7201
7213
7214
7245
7253
7281
7215
7223
7227
7272
7287
7217
7220
7226
7290
7317
7331
7332
7335
7336
7227
7232
7328
7341
7345
7352
7352
7353
7224
7272
7277
7308
7310
7297
7313
7315
7327
7341
7344
7358
7360
7362
7363
7368
7220
7261
7303
7359
7369
7373
7381
7382
7384
7386
7221
7226
7227
7232
7263
7271
7273
7283
7325
7335
7348
7386
7329
7334
7383
7388
7388
7389
7391
7392
7268
7281
7297
7310
7326
7331
7300
7357
7367
7357
7371
7325
7369
7373
7378
7380
7387
7394
7395
7439
7470
7479
7484
7522
7524
7533
7546
7550
7571
7593
7643
7695
7947
7784
7967
7987
7627
7767
7804
7838
7878
8032
8092
7889
7948
7959
7992
8046
8110
8137
8151
8153
7995
8112
8147
8160
8245
8161
8206
8249
8216
8266
8245
8286
8402
8431
8456
8514
8517
7397
7400
7400
7400
7401
7401
7403
7405
7412
7401
7412
7413
7402
7402
7405
7411
7413
7414
7414
7416
7418
7418
7420
7420
7421
7423
7424
7424
7424
7425
7426
7428
7428
7442
7442
7444
7444
7453
7456
7458
7459
7463
7465
7465
7470
7471
7476
7477
7483
7484
7485
7487
7491
7495
7498
7501
7505
7515
7520
7524
7526
7428
7429
7439
7439
7444
7444
7445
7458
7465
7468
7471
7475
7477
7487
7496
7481
7508
7527
7527
7532
7538
7549
7556
7547
7547
7555
7556
7563
7568
7473
7473
7482
7492
7509
7473
7479
7500
7495
7510
7512
7514
7515
7515
7522
7526
7529
7537
7539
7547
7549
7560
7562
7547
7566
7561
7568
7568
7572
7573
7574
7574
7576
7575
7578
7582
7582
7584
7585
7585
7586
7588
7590
7590
7592
7593
7596
7596
7597
7597
7600
7613
7598
7613
7615
7615
7615
7618
7624
7627
7629
7630
7629
7633
7645
7647
7649
7648
7649
7650
7654
7655
7658
7658
7661
7661
7600
7600
7606
7616
7617
7617
7624
7647
7649
7673
7689
7724
7652
7654
7659
7662
7665
7682
7665
7686
7699
7704
7712
7729
7733
7624
7639
7645
7646
7657
7661
7686
7711
7727
7734
7736
7737
7737
7740
7741
7744
7745
7748
7791
7792
7805
7807
7626
7633
7633
7645
7648
7658
7663
7650
7654
7657
7659
7678
7684
7721
7785
7665
7723
7724
7796
7806
7668
7812
7698
7811
7831
7749
7753
7770
7779
7787
7755
7766
7783
7790
7757
7775
7777
7782
7786
7800
7807
7819
7820
7822
7827
7838
7841
7846
7858
7859
7890
7892
7877
7900
7908
7834
7839
7840
7841
7859
7865
7885
7886
7894
7903
7908
7917
7920
7922
7934
7939
7939
7935
7937
7956
7972
7977
7984
7982
7985
7987
7999
8005
8013
8014
7879
7886
7895
7921
7969
7886
7886
7986
8017
7900
7935
8020
8020
7897
7911
7926
8021
8025
8026
8030
8034
8047
8053
8058
8061
8065
8067
8067
8069
8077
8108
8110
8069
8096
8112
8120
8100
8109
8285
7922
7949
7966
7979
7979
8001
8011
8025
8088
8079
8102
8145
8083
8213
8217
8218
8250
8283
8293
8300
8321
8325
8330
8345
8120
8120
8126
8133
8126
8134
8141
8142
8142
8152
8143
8153
8156
8156
8163
8165
8166
8167
8170
8178
8196
8180
8201
8203
8212
8218
8233
8260
8224
8225
8261
8264
8272
8271
8288
8291
8299
8316
8307
8320
8262
8283
8290
8301
8345
8363
8372
8399
8437
8438
8450
8460
8330
8337
8338
8350
8352
8359
8363
8380
8404
8365
8408
8381
8405
8434
8436
8452
8552
8585
8445
8587
8597
8534
8544
8648
8539
8544
8565
8678
8679
8691
8691
8585
8607
8626
8670
8694
8698
8341
8372
8397
8412
8419
8610
8702
8433
8439
8567
8723
8701
8712
8730
8735
8735
8735
8749
8784
8850
8938
8828
8864
8950
8950
8974
8996
8880
8946
8972
8979
9005
9018
9019
8460
8465
8468
8506
8518
8533
8542
8573
8631
8648
8659
8663
8667
8687
8771
8774
8809
8706
8740
8750
8814
8868
8897
8898
8977
9001
9050
9124
8977
9156
9206
9024
9051
9209
9023
9220
9221
9226
9238
9323
9328
9346
9383
9389
9412
9414
9424
9040
9084
9102
9115
9136
9150
9158
9162
9178
9178
9180
9189
9196
9205
9288
9295
9307
9357
9307
9409
9427
9430
9438
9469
8454
8458
8460
8462
8497
8500
8535
8540
8517
8522
8522
8528
8551
8552
8563
8567
8584
8462
8472
8503
8524
8608
8611
8618
8551
8603
8614
8633
8572
8641
8645
8627
8646
8651
8659
8662
8683
8694
8480
8487
8505
8520
8533
8540
8542
8562
8563
8569
8574
8651
8671
8694
8695
8597
8611
8618
8649
8625
8627
8632
8641
8643
8676
8676
8702
8714
8715
8722
8725
8730
8734
8730
8736
8738
8738
8744
8744
8745
8746
8750
8750
8771
8777
8785
8800
8808
8811
8813
8814
8839
8856
8846
8861
8900
8904
8917
8936
8820
8826
8852
8854
8860
8904
8924
8945
8958
8917
8958
8956
8963
8968
9046
9048
9090
9116
8995
9009
9038
9050
9134
9138
9144
8998
9003
9013
9018
9062
9037
9108
9116
9156
9166
9173
9181
9210
9210
9167
9242
9249
9280
9282
9270
9284
9289
9293
9309
9309
9312
9346
9306
9355
9356
9365
9390
9390
9406
9406
9425
9432
9441
9450
8827
8828
8843
8844
8845
8848
8892
8907
8923
8932
8936
8888
8890
8938
8938
8947
8950
8980
9016
8991
9002
9003
9012
9047
9056
9099
9118
9127
9060
9113
9130
9134
9230
9296
9382
9292
9412
9453
9377
9470
9470
9493
9509
9512
9512
8981
9001
9022
9066
9085
9093
9110
9381
9439
9516
9521
9532
9524
9526
9530
9532
9531
9533
9539
9540
9555
9555
9562
9565
9569
9576
9577
9578
9140
9146
9153
9158
9168
9178
9202
9189
9189
9204
9218
9227
9229
9235
9249
9293
9263
9282
9298
9302
9304
9305
9307
9310
9330
9312
9316
9334
9344
9347
9368
9245
9249
9274
9322
9414
9459
9297
9304
9310
9499
9369
9459
9509
9594
9376
9598
9600
9607
9380
9383
9401
9397
9401
9408
9406
9425
9432
9430
9434
9442
9445
9454
9466
9492
9492
9507
9509
9535
9559
9559
9585
9613
9623
9544
9544
9546
9547
9553
9566
9605
9556
9569
9599
9619
9634
9662
9671
9674
9548
9579
9590
9580
9585
9592
9592
9596
9603
9616
9639
9596
9652
9662
9678
9679
9609
9613
9615
9621
9621
9623
9626
9635
9644
9650
9651
9651
9663
9666
9669
9672
9679
9681
9686
9688
9689
9689
9692
9692
9702
9703
9710
9721
9713
9718
9768
9771
9726
9730
9733
9775
9788
9745
9781
9776
9782
9785
9795
9802
9803
9807
9830
9839
9840
9865
9819
9820
9849
9852
9868
9869
9844
9849
9852
9878
9921
9974
10108
10125
10130
10132
10194
10274
10165
10276
10472
9869
9872
9938
10073
10162
10185
10229
10261
10242
10391
10412
10424
10452
10476
10478
10526
10526
10491
10504
10527
10541
10591
9883
9891
9898
9904
9921
9927
9931
9959
9963
9984
9985
9988
10024
10042
10049
10050
10063
10074
10079
9952
9955
9974
9983
10005
10017
10020
10028
10031
10082
10106
10075
10097
10127
10162
10166
10184
10184
10190
10215
10222
10194
10206
10242
10233
10250
10252
10266
10319
10252
10254
10321
10322
10289
10322
10326
10340
10351
10354
10394
10402
10371
10407
10430
10433
10381
10387
10415
10436
10454
10460
10478
10500
10512
10471
10529
10544
10549
10555
10571
10575
10583
10478
10484
10532
10541
10546
10552
10581
10586
10588
10590
10591
10593
10597
9688
9692
9692
9715
9705
9717
9727
9729
9765
9793
9806
9742
9749
9752
9753
9764
9792
9804
9815
9841
9842
9851
9874
9879
9885
9885
9716
9755
9786
9791
9800
9803
9826
9836
9838
9841
9880
9891
9909
9911
9912
9912
9919
9964
9968
9969
9924
9953
9953
9974
9893
9906
9974
9977
10004
10015
9990
10018
10037
10039
10049
10073
10086
10092
10108
10118
10199
10282
10066
10075
10077
10165
10194
10251
10313
10327
10329
10076
10077
10110
10148
10096
10197
10271
10110
10126
10213
10273
10286
10300
10334
10338
10358
10383
10385
10387
10127
10128
10130
10191
10226
10248
10261
10271
10283
10313
10334
10389
10397
10433
10413
10436
10391
10394
10420
10434
10442
10456
10434
10475
10476
10528
10531
10533
10544
10601
10612
10456
10478
10489
10470
10493
10502
10588
10610
10546
10613
10512
10550
10594
10613
10617
10615
10617
10618
10637
10639
10649
10622
10624
10639
10647
10653
10664
10653
10653
10665
9894
9910
9923
9924
9975
10002
10017
10023
10092
10103
10178
10294
10023
10052
10055
10234
10281
10351
10355
10420
10447
10434
10470
10499
10554
10566
10673
10679
10681
10076
10079
10084
10108
10172
10195
10202
10225
10241
10244
10281
10291
10327
10356
10402
10426
10473
10484
10521
10614
10258
10412
10364
10441
10503
10519
10558
10669
10682
10683
10601
10628
10685
10692
10693
10696
10698
10704
10704
10725
10728
10709
10712
10713
10713
10716
10714
10714
10718
10714
10718
10732
10733
10736
10739
10740
10742
10742
10744
10749
10751
10773
10758
10763
10763
10807
10767
10818
10823
10852
10847
10869
10853
10875
10862
10869
10869
10879
10875
10878
10885
10887
10901
10903
10904
10750
10763
10794
10777
10803
10804
10820
10832
10762
10768
10808
10823
10831
10854
10863
10909
10942
10905
10956
10972
11006
11058
11058
11080
11091
11073
11086
11099
11107
11124
10916
10919
10933
10950
10950
10965
10995
10997
11023
11047
11061
11081
11094
11094
11222
11125
11132
11141
11165
11199
11245
11252
11292
11313
11282
11305
11305
11321
11326
11329
11342
11345
10970
10982
10987
11006
11080
11081
11162
11137
11193
11164
11183
11201
11200
11233
10987
11052
11065
11129
11164
11167
11175
11196
11206
11208
11223
11264
11284
11214
11268
11277
11293
11288
11291
11296
11368
11371
11315
11374
11389
11375
11377
11406
11386
11434
11456
11458
11325
11376
11387
11427
11439
11467
11467
11469
11342
11351
11395
11413
11380
11417
11451
11467
11469
11470
11360
11381
11423
11442
11463
11477
11393
11499
11540
11546
11550
11567
11508
11517
11519
11523
11530
11534
11552
11555
11557
11558
11562
11595
11596
11597
11603
11471
11493
11494
11497
11499
11507
11530
11571
11574
11594
11601
11617
11668
11584
11607
11621
11642
11647
11650
11672
11708
11660
11664
11678
11678
11681
11693
11702
11704
11719
11720
11722
11724
7693
7698
7698
7699
7699
7747
7704
7712
7731
7747
7757
7707
7713
7718
7729
7720
7726
7726
7738
7739
7739
7749
7757
7760
7766
7774
7775
7790
7799
7802
7802
7840
7845
7850
7779
7806
7812
7817
7819
7825
7834
7827
7852
7855
7856
7861
7864
7869
7879
7893
7899
7899
7914
7915
7916
7919
7918
7928
7939
7940
7947
7948
7977
7985
7923
7935
7948
7927
7934
7966
7999
8013
7995
8022
8059
8082
7948
8015
8018
8036
8037
8042
8076
8079
8089
7945
7976
7995
7952
7953
7954
7999
8039
8048
8050
7987
7992
7992
7995
8062
8079
8094
8094
8105
8106
8099
8118
8106
8123
8115
8129
8133
8136
8139
8150
8153
8164
8166
8172
8172
8177
8180
8191
8192
8197
8198
8209
8216
8217
8218
8229
8237
8240
8244
8244
8245
8240
8248
8248
8251
8255
8263
8272
8274
8274
8275
8277
8287
8296
8297
8305
8322
8297
8297
8308
8311
8330
8344
8356
8358
8388
8388
8382
8384
8393
8389
8420
8536
8586
8367
8379
8381
8434
8455
8467
8561
8623
8631
8641
8667
8785
8786
8794
8827
8851
8901
8986
8396
8405
8406
8409
8425
8427
8429
8435
8438
8441
8448
8449
8453
8407
8436
8440
8448
8465
8449
8470
8475
8475
8483
8493
8497
8520
8454
8477
8492
8529
8529
8543
8547
8594
8603
8617
8658
8678
8680
8717
8763
8778
8792
8793
8794
8844
8854
8862
8877
8908
8956
8533
8575
8551
8553
8595
8599
8608
8620
8698
8707
8639
8659
8682
8690
8729
8757
8772
8654
8692
8744
8749
8786
8824
8855
8805
8829
8892
8896
8834
8923
8943
8857
8930
8939
8953
8972
8973
8975
8989
8989
9125
9157
9362
8981
8981
8982
9007
9196
8986
9103
9307
9411
9568
9573
9458
9591
9007
9011
9012
9014
9055
9070
9077
9022
9033
9047
9093
9089
9100
9121
9128
9129
9133
9158
9161
9169
9180
9186
9189
9200
9206
9206
9341
9213
9241
9247
9263
9268
9660
9368
9421
9619
9644
9668
9248
9249
9265
9285
9340
9385
9442
9450
9490
9550
9604
9618
9645
9682
9712
9725
9775
9814
9781
9820
9831
9857
9275
9329
9338
9348
9380
9398
9547
9593
9823
9621
9624
9661
9732
9672
9775
9799
9823
9836
9871
9352
9465
9497
9517
9571
9623
9709
9504
9613
9583
9715
9727
9737
9776
9893
9755
9775
9783
9812
9825
9878
9847
9872
9885
9893
9911
9897
9921
9947
9958
10008
10056
9945
9957
9961
9962
9965
9954
9966
9987
9970
9986
10020
10025
10072
10023
10027
10073
10059
10059
10091
10108
10109
10112
8497
8498
8510
8533
8541
8527
8531
8544
8550
8554
8559
8567
8595
8596
8620
8753
8582
8622
8624
8688
8697
8702
8720
8633
8634
8636
8688
8742
8719
8772
8785
8786
8892
8919
8550
8593
8602
8608
8609
8615
8684
8712
8759
8763
8798
8820
8846
8713
8754
8861
8865
8733
8868
8922
8945
8946
8946
8950
8965
9020
9025
9026
9037
9038
9041
8792
8810
8871
8898
8955
8983
9041
9047
9058
9058
9059
9077
9083
9165
9076
9132
9171
9061
9078
9176
9178
9185
9610
9082
9088
9095
9259
9284
10124
10213
10337
9136
9183
10185
10205
10252
10345
10363
10458
10431
10463
10471
10493
9126
9153
9162
9217
9284
9312
9374
9395
9430
9447
9451
9536
9873
9982
10028
9483
9517
9521
9616
9725
9795
10091
10124
10134
9565
9766
9926
10116
10119
10141
10143
10163
10187
10209
10212
10220
10280
10221
10293
10301
10311
10334
10318
10340
10342
10362
10374
10394
10404
10398
10419
10426
10429
10424
10430
10430
10431
10439
10443
10477
10487
10522
10542
10548
10544
10557
10592
10554
10559
10630
10639
10642
10663
10475
10527
10548
10605
10616
10676
10676
10678
10702
10732
10736
10740
10744
10750
10754
10745
10746
10754
10754
10766
10772
9204
9208
9208
9216
9229
9248
9278
9278
9285
9289
9221
9306
9321
9325
9346
9353
9358
9374
9230
9252
9360
9374
9384
9498
9381
9384
9406
9411
9434
9468
9540
9391
9414
9425
9510
9527
9457
9476
9504
9508
9513
9553
9560
9560
9623
9631
9642
9643
9703
9812
9823
9859
9887
9978
9989
9991
10028
10116
10146
10153
10154
10159
10161
10166
9371
9465
9475
9617
9667
9685
9804
10238
10308
9834
10368
10376
10376
9561
9813
10213
10290
10334
10168
10346
10346
10349
10397
10349
10363
10379
10388
10408
10428
10451
10406
10467
10470
10492
10558
10567
10568
10652
10660
10698
10717
10574
10597
10603
10606
10679
10613
10614
10753
10778
10695
10740
10780
10795
10795
10821
10921
10927
10928
10982
10942
10954
10965
11070
9562
9567
9649
9698
9713
9740
9721
9758
9762
9798
9902
9840
9874
9889
9948
9997
10066
10097
10144
10172
10211
10219
10232
10237
10145
10159
10277
10280
10310
10154
10178
10212
10234
10268
10276
10338
10340
10386
10398
10405
10423
10431
10453
10527
10466
10466
10485
10513
10529
10469
10472
10481
10483
10489
10509
10532
10616
10671
10684
10568
10582
10646
10663
10690
10744
10755
10781
10794
10823
10867
10869
10541
10577
10581
10587
10597
10607
10623
10647
10674
10857
10932
10682
10801
10819
10876
10885
10968
10957
10967
10968
10973
10995
11031
11039
11055
11059
11083
10617
10620
10897
10914
10705
10888
11130
10764
10953
11007
11021
11141
11143
11151
11083
11085
11106
11140
11143
11162
11171
11094
11113
11172
11101
11174
11102
11181
11185
11108
11216
11191
11191
11210
11218
11296
11289
11301
11320
11343
11194
11247
11251
11345
11364
11367
11368
11268
11345
11374
11374
11374
11390
11268
11282
11327
11400
11408
11391
11392
11402
11408
11413
11417
11421
11422
9558
9657
9652
9702
9738
9771
9856
9903
9922
9927
9980
10025
10047
10061
10076
10098
9794
9971
9937
9980
9996
10108
10133
10436
10212
10253
10542
10631
10276
10419
10437
10699
10853
10991
11100
11192
11274
11306
11386
11396
11427
11427
11436
11446
11452
11454
11478
11493
11509
11596
11763
11516
11558
11572
11619
11825
11832
11845
11865
11856
11872
11880
11882
11898
11901
11907
11932
11683
11702
11732
11733
11748
11769
11831
11842
11918
11924
11910
11933
11978
11991
12003
12004
11781
11812
11832
11848
11854
11858
11873
11880
11882
11901
11913
11978
11978
12004
12007
12021
12021
12026
12029
12040
11454
11465
11475
11476
11488
11501
11506
11507
11499
11511
11531
11521
11521
11524
11540
11566
11596
11639
11651
11667
11709
11748
11761
11776
11736
11779
11779
11780
11546
11574
11598
11659
11670
11646
11732
11754
11763
11782
11782
11782
11795
11801
11798
11809
11813
11815
11823
11828
11835
11836
11838
11842
11853
11858
11864
11866
11866
11873
11883
11886
11887
11893
11896
11900
11902
11892
11896
11905
11910
11925
11927
11957
11968
11926
11930
11931
11970
11962
11970
11982
11995
11996
11996
12010
11949
11965
12019
12024
12014
12016
12019
12026
11964
11995
11999
12006
12033
12049
12013
12033
12033
12034
12045
12049
12059
12061
12137
12061
12062
12062
12066
12067
12068
12069
12070
12074
12085
12090
12092
12094
12101
12104
12108
12131
12128
12135
12120
12123
12127
12138
12131
12149
12148
12149
12149
12150
12157
12158
12158
12159
12176
12185
12170
12174
12182
12184
12188
12188
12189
12190
12192
12194
12193
12195
12201
12206
12214
12219
12222
12234
12236
12241
12243
12247
12248
12252
12260
12261
12262
12286
12289
12289
12290
12304
12309
12312
12316
12318
12319
12321
12321
12323
12325
12328
12333
12335
12339
12340
12342
12370
12346
12367
12379
12385
12257
12259
12259
12264
12275
12280
12283
12286
12288
12303
12324
12296
12318
12320
12326
12351
12357
12364
12387
12392
12393
12407
12390
12396
12405
12408
12410
12418
12409
12419
12420
12422
12436
12437
12072
12091
12117
12136
12144
12151
12167
12145
12183
12187
12261
12303
12188
12222
12231
12237
12256
12239
12249
12288
12313
12341
12377
12383
12388
12392
12266
12402
12404
12411
12426
12429
12440
12444
12449
12467
12471
12473
12477
12487
12504
12519
12525
12539
12555
12592
12600
12438
12452
12455
12459
12464
12464
12465
12485
12485
12492
12492
12485
12501
12505
12507
12508
12509
12513
12520
12541
12518
12532
12545
12551
12553
12558
12566
12583
12568
12606
12664
12675
12570
12579
12580
12582
12586
12591
12598
12602
12602
12606
12611
12613
12629
12632
12635
12637
12638
12643
12644
12648
12645
12647
12656
12657
12657
12661
12664
12682
12665
12685
12668
12691
12693
12697
12698
7445
7447
7449
7450
7450
7451
7473
7452
7453
7454
7456
7457
7460
7460
7468
7474
7474
7474
7477
7480
7486
7489
7489
7486
7503
7510
7512
7505
7523
7523
7532
7512
7523
7523
7525
7527
7528
7531
7531
7533
7532
7540
7540
7541
7546
7546
7546
7547
7549
7551
7555
7563
7564
7690
7562
7599
7612
7657
7750
7751
7736
7843
7856
7895
7782
7789
7801
7811
7898
7898
7906
7907
7910
8023
8056
7926
7939
7967
7974
8005
7978
8024
8043
8064
8073
8081
8084
8131
8252
8262
8273
8274
8291
8295
8186
8297
8308
8328
8347
8375
8384
8386
8402
7563
7573
7574
7591
7576
7594
7604
7583
7606
7606
7606
7612
7613
7615
7655
7662
7846
7671
7943
7968
7693
7752
7862
7868
7879
7907
7928
7999
8043
8082
7607
7645
7647
7652
7653
7656
7661
7676
7681
7681
7693
7708
7745
7780
7983
7993
8089
8046
8054
8104
8121
8154
8158
7695
7793
7811
7836
7856
7960
8050
8062
8148
8170
8172
7927
8175
8182
8189
8191
8189
8195
8203
8209
8209
8329
8337
8355
8418
8214
8237
8238
8252
8266
8288
8299
8358
8367
8377
8342
8357
8437
8439
8453
8459
8470
8472
8233
8268
8289
8316
8387
8415
8435
8488
8502
8542
8554
8558
8474
8496
8504
8534
8548
8561
8478
8490
8507
8508
8528
8539
8559
8562
7662
7669
7673
7675
7676
7684
7685
7686
7687
7689
7690
7691
7703
7708
7697
7714
7717
7729
7740
7744
7752
7758
7759
7754
7782
7784
7788
7759
7774
7796
7808
7808
7812
7817
7832
7845
7858
7865
7872
7876
7908
7878
8142
8279
7873
8167
8239
8331
8577
8421
8605
8606
8610
8612
8674
8628
8641
8645
8646
8665
8723
8724
8791
8804
8819
8862
8658
8680
8807
8831
8681
8705
8711
8773
8845
8859
8866
8869
8871
8875
8898
7944
7966
7967
7971
8003
8050
8074
7998
8057
8205
8307
8557
8066
8183
8276
8440
8501
8513
8593
8460
8676
8679
8724
8762
8696
8740
8754
8772
8842
8886
8891
8900
8906
8981
8921
8935
8983
8987
8085
8106
8135
8171
8183
8355
8484
8506
8516
8523
8578
8655
8754
8778
8897
8991
9004
9012
9014
9016
9013
9029
9037
9040
9049
8111
8113
8283
8157
8158
8332
8167
8173
8184
8354
8438
8465
8487
8492
8578
8682
8847
8850
8879
8894
8607
8613
8663
8667
8708
8671
8713
8731
8745
8720
8755
8774
8806
8831
8876
8838
8889
8943
8962
8952
8983
9014
9020
9040
9050
9050
9055
9055
9056
9059
9069
9087
9116
9122
9143
9168
9129
9137
9147
9149
9155
9158
9188
9194
9175
9199
9212
9216
9231
9235
9254
9282
9284
9095
9100
9109
9110
9121
9124
9134
9136
9154
9172
9192
9167
9179
9180
9205
9219
9240
9240
9246
9257
9259
9271
9276
9285
9290
9292
9294
7810
7816
7830
7839
7854
7861
7877
7878
7882
7895
7926
7949
7950
7963
8001
8027
8042
8060
8103
8109
8113
8120
8126
8128
8134
8186
8235
8145
8343
8274
8290
8295
8302
8360
8402
8232
8295
8363
8460
8478
8513
8520
8489
8615
8678
8524
8638
8583
8705
8720
8746
8759
8770
8792
8804
8834
8853
8854
8950
8890
8909
8923
8924
8949
8958
8926
8962
8974
8981
9022
9074
9105
9118
9152
9159
9164
9173
9183
9061
9085
9167
9173
9174
9178
9194
9205
9218
9220
7840
7905
7916
7968
7973
8066
8121
8176
8186
8060
8102
8494
8322
8493
8518
8587
8658
8714
8601
8633
8763
8783
8897
8968
8895
8985
8943
9171
8896
9013
9234
8191
8191
8223
8298
8308
8340
8479
8317
8657
8671
8709
8765
8806
8926
8458
8460
8868
8983
9071
9100
9135
9136
9178
9179
9285
9180
9198
9241
9297
9298
9310
9312
9318
9323
9313
9328
9332
9338
9341
9350
9368
9370
9376
9317
9346
9319
9347
9320
9355
9339
9347
9356
9373
9376
9383
9384
9385
9386
9391
9392
9396
9397
9393
9400
9402
9421
9916
9403
9422
9409
9896
9970
9774
10153
10186
10235
10339
10390
10421
10422
9424
9435
9434
9435
9436
9438
9440
9444
9444
9448
9503
9471
9478
9526
9491
9528
9502
9523
9534
9535
9445
9448
9473
9474
9489
9498
9512
9516
9540
9543
9555
9555
9557
9521
9537
9546
9554
9559
9559
9559
9570
9571
9576
9584
9600
9601
9619
9634
9572
9574
9575
9576
9577
9580
9637
9500
9507
9558
9584
9587
9639
9647
9678
9685
9705
9723
9734
9735
9741
9764
9767
9769
9774
9796
9798
9800
9887
10003
10003
9745
9754
9761
9767
9782
9776
9799
9811
9816
9825
9833
9828
9834
9857
9883
9904
9922
9923
9945
9959
9968
9972
9973
9992
10006
9594
9596
9597
9598
9598
9601
9604
9604
9613
9626
9627
9611
9625
9631
9666
9669
9762
9785
9677
9718
9745
9750
9787
9779
9788
9797
9799
9818
9634
9663
9666
9676
9686
9693
9698
9709
9720
9723
9726
9743
9750
9750
9761
9762
9781
9777
9783
9780
9818
9819
9827
9827
9843
9875
9907
9850
9855
9916
9990
10015
10025
9797
9800
9817
9848
9870
9890
9893
9908
9966
10026
10039
9845
10005
10017
9898
10041
10041
10043
10043
10050
10050
10051
9919
9926
9935
9976
9954
9965
10044
10052
10056
10056
10060
10060
10063
10081
10082
10062
10065
10078
10080
10081
10084
10084
10087
10088
10089
10089
10093
10093
10106
10110
10125
10127
10114
10125
10138
10126
10128
10134
10141
10144
10145
10021
10147
10147
10148
10149
10151
10154
10154
10159
10159
10160
10169
10173
10174
10166
10175
10177
10179
10179
10184
10186
10189
10190
10192
10196
10194
10197
10204
10208
10216
10219
10219
10223
10228
10231
10236
10239
10241
10248
10255
10260
10263
10262
10268
10273
10275
10278
10296
10284
10286
10299
10305
10303
10306
10309
10309
10320
10323
10228
10301
10303
10321
10322
10323
10326
10327
10328
10350
10353
10333
10340
10347
10341
10354
10356
10367
10375
10380
10382
10385
10391
10393
10394
10399
10401
10402
10402
10404
10408
10411
10414
10414
10416
10419
10419
10423
10419
10423
10430
10430
10432
10435
10436
10437
10437
10443
10444
10452
10457
10457
10459
10460
10460
10217
10462
10464
10464
10474
10476
10476
10477
10484
10486
10481
10489
10494
10496
10502
10520
10491
10493
10500
10501
10503
10502
10506
10519
10523
10523
10535
10536
10527
10531
10537
10538
10549
10552
10560
10566
10583
10554
10554
10554
10555
10563
10564
10564
10567
10625
10565
10571
10581
10583
10628
10635
10638
10639
10582
10587
10584
10589
10589
10605
10589
10591
10598
10607
10608
10613
10616
10620
10617
10626
10632
10640
10643
10651
10652
10653
10653
10653
10656
10666
10667
10661
10662
10665
10669
10685
10701
10707
10689
10712
10703
10715
10673
10682
10682
10684
10688
10692
10693
10714
10722
10722
10722
10730
10731
10734
10740
10741
10743
10725
10741
10745
10746
10749
10751
10751
10758
10764
10759
10867
10886
10917
11145
10704
10705
10705
10721
10738
10782
10840
10943
11158
11623
11386
11547
11725
11761
11826
11962
11980
12136
12151
12177
12188
12197
10921
10963
10961
10965
10969
11019
11025
11074
11102
11111
11140
11158
11233
11251
11364
11427
11439
11527
11597
11258
11302
11324
11346
11499
11313
11396
11472
11643
11679
11689
11718
11472
11506
11696
11719
11803
11813
11852
11806
11871
11943
11956
11875
11991
11885
11933
11956
12030
12033
12067
12072
11756
12028
12103
12133
12133
12185
12204
12236
12149
12199
12217
12251
12267
12305
12344
12431
12442
12447
12494
12444
12512
12478
12646
12656
12752
12522
12526
12547
12581
12667
12691
12695
12785
12583
12604
12644
12720
12752
12800
12831
12819
12821
12890
11082
11099
11173
11279
11822
11265
11379
11683
12006
12185
12151
12296
12322
12746
12915
12357
12360
12592
12724
12951
12953
12973
12892
12961
13005
13006
13016
13017
13018
13030
13031
13226
13238
13656
13565
13620
13706
13752
13756
13790
13035
13049
13062
13076
13087
13186
13216
13232
13252
13261
13265
13268
13287
13330
13341
13378
13381
13402
13414
13476
13482
13490
13551
13530
13723
13590
13599
13732
13739
13413
13471
13529
13636
13675
13681
13743
13757
13762
13844
13857
13878
13824
13859
13883
13898
13938
13942
13944
13974
13994
13957
13983
14007
10751
10756
10761
10762
10771
10773
11186
11200
11280
11285
11364
11328
11375
11494
11542
12532
12722
12805
12830
12854
12884
11763
11973
12325
12715
12736
12418
12732
12739
12773
12723
12776
12778
12779
12811
12786
12798
12834
12849
12889
12858
12890
12909
12926
12943
12949
12955
12960
12972
12980
12972
12990
12992
13002
13012
13015
13040
13052
13084
13025
13025
13109
13029
13043
13070
13130
13132
13161
13073
13118
13121
13128
13131
13162
13162
11559
11872
12033
12235
12139
12408
12482
12506
12385
12390
12558
12714
12720
12763
12799
12811
12854
12890
12907
12973
12745
12750
12751
12752
12775
12775
12775
12815
12840
12856
12856
12870
12873
12877
12898
12920
12929
12943
12951
12954
13004
12932
12941
12978
13006
13008
13016
13022
13075
13028
13030
13074
13042
13104
13114
13135
13174
13187
10774
10777
10783
10793
10814
10843
10864
10903
10904
10907
10910
10941
10943
10785
10817
10923
10946
10955
10986
11014
11021
11010
11032
11039
11043
11057
11066
11066
11084
11097
11070
11085
11131
11136
11144
11248
11258
11413
11502
11716
11156
11166
11177
11196
11212
11340
11213
11377
11349
11383
11261
11264
11640
11200
11520
11603
11675
11712
11718
11787
11783
11823
11811
11861
11891
12127
12138
12257
12369
12384
12404
12777
12803
12820
12846
12869
12464
12571
12729
12732
12894
13018
11905
11991
12014
12024
12177
12184
12204
12017
12019
12380
12479
12238
12749
12775
12268
12411
12439
12475
12725
12779
12779
12796
12631
12819
12851
12856
12865
12877
12890
12902
12910
12958
12959
12961
13116
12986
13003
13017
13017
13024
13028
13032
13056
13058
13096
13108
13113
13189
13195
13198
13200
13201
13115
13118
13125
13136
13156
13159
13161
13170
13181
13199
13191
13201
13201
13208
13208
13218
13221
13225
13244
13281
13292
13213
13214
13229
13238
13239
13247
13303
13348
13238
13247
13247
13267
13271
13274
13279
13280
13285
13286
13291
13292
13392
13506
13548
13559
11202
11207
11247
11292
11351
11256
11352
11378
11389
11448
11287
11290
11315
11451
11456
11472
11494
11303
11410
11460
11467
11469
11483
11490
11570
11511
11589
11591
11564
11596
11607
11631
11760
11734
11781
11638
11730
11731
11749
11819
11825
11905
11663
11672
11703
11710
11710
11717
11731
11870
11929
11933
12092
12093
12021
12058
12064
12230
12108
12183
12263
12314
12367
12376
12484
12387
12462
12473
12485
12490
12495
12503
12595
12610
12629
12659
12659
12702
12710
12716
12719
12723
11797
11810
11852
11968
11970
11873
11882
11928
11983
12005
12016
11921
11983
12032
12014
12035
12073
12081
12096
12201
12226
12228
12249
12270
12289
12305
12341
12344
12344
12397
12413
12423
12467
12521
12750
12580
12680
12755
12755
12769
12769
12821
12821
12827
12354
12363
12390
12454
12521
12477
12488
12504
12525
12515
12551
12592
12645
12659
12666
12708
12799
12841
12907
12986
13006
13026
12709
12714
12743
12743
12789
12794
12811
12812
12875
12869
12886
12901
12959
12996
12974
13099
13124
13139
12942
12976
13135
13115
13140
13156
13170
13182
13011
13040
13086
13088
13146
13149
13189
13189
13209
13226
13230
12796
12831
12840
12876
12932
12882
12942
13003
13047
13050
13053
13076
13249
13234
13246
13257
13258
13259
13261
13408
13425
13435
13440
13445
13465
13471
13498
13489
13507
13510
13540
13267
13347
13296
13306
13324
13330
13358
13359
13366
13328
13373
13375
13412
13364
13386
13397
13402
13413
13419
13429
13430
13433
13446
13482
13489
13499
13502
13516
13553
13561
13567
13572
13574
13295
13302
13312
13318
13323
13323
13323
13323
13324
13333
13334
13335
13337
13325
13337
13342
13345
13345
13350
13356
13354
13355
13357
13359
13360
13332
13347
13357
13362
13364
13367
13370
13374
13375
13378
13380
13378
13386
13387
13392
13395
13401
13403
13406
13408
13411
13416
13419
13425
13426
13430
13440
13443
13445
13457
13447
13453
13457
13470
13472
13476
13497
13503
13503
13523
13523
13531
13544
13577
13578
13431
13441
13465
13481
13453
13506
13562
13505
13563
13566
13450
13454
13465
13466
13468
13498
13523
13538
13543
13556
13583
13590
13561
13595
13604
13486
13486
13489
13510
13522
13526
13535
13540
13552
13574
13582
13573
13609
13610
13616
13567
13616
13619
13638
13622
13637
13635
13643
13650
13684
13764
13771
13800
13803
13840
13849
13943
14013
14027
13587
13612
13615
13736
13679
13714
13774
13942
13945
13970
13987
14027
14028
14028
14034
14038
14056
14078
14078
13491
13501
13507
13528
13542
13574
13575
13577
13588
13601
13603
13605
13609
13613
13624
13627
13630
13655
13663
13735
13685
13736
13738
13750
13785
13819
13579
13621
13853
13855
13874
13889
13936
13954
14028
14031
14053
14069
14097
14107
14116
13990
14015
14023
14031
14036
14120
14121
14125
14128
14129
13639
13640
13641
13641
13643
13643
13648
13649
13659
13665
13682
13695
13718
13721
13725
13728
13739
13744
13743
13745
13754
13767
13778
13785
13796
13791
13793
13802
13799
13823
13827
13831
13836
13864
13868
13848
13882
13885
13889
13886
13890
13891
13893
13896
13901
13907
13905
13905
13907
13921
13924
13926
13926
13926
13929
13930
13934
13948
13977
13965
13977
13984
13987
13944
13956
13991
13992
14017
13996
14017
14027
14034
14042
14046
13997
13999
14011
14049
14057
14061
14070
14076
14085
14088
14094
14095
14109
14112
14115
14120
14127
14100
14128
14131
14130
14132
14135
14136
14137
14137
14137
14139
14139
13643
13647
13650
13686
13656
13682
13676
13702
13713
13717
13720
13720
13721
13722
13727
13729
13730
13738
13767
13757
13772
13809
13773
13774
13776
13784
13790
13841
13761
13768
13790
13808
13831
13865
13869
13875
13851
13876
13881
13888
13906
13909
13925
13871
13873
13905
13926
13880
13893
13929
13930
13935
13938
13942
13941
13957
13969
13974
13933
13954
13977
14016
14016
14026
14029
14038
13933
13959
14046
13969
14057
14063
14023
14045
14075
14082
14093
14095
14098
14099
14099
14111
14114
14115
14121
14132
14133
14143
14144
14147
14149
14150
14151
14152
14152
14153
14153
14114
14133
14149
14158
14159
14159
14183
14192
14230
14233
14241
14261
14305
14317
14249
14326
14330
14342
14160
14161
14161
14162
14163
14165
14174
14174
14175
14182
14189
14190
14192
14190
14198
14200
14204
14227
14229
14201
14236
14256
14257
14237
14263
14345
14361
14203
14217
14219
14232
14318
14378
14389
14216
14220
14224
14227
14230
14233
14237
14243
14253
14270
14283
14325
14346
14401
14175
14177
14189
14187
14200
14233
14189
14197
14224
14247
14213
14227
14249
14257
14257
14261
14264
14261
14267
14268
14283
14303
14325
14335
14350
14372
14377
14386
14397
14405
14409
14412
14419
14420
14421
14424
14438
14438
14439
14443
14443
14457
14464
14465
14483
14494
14495
14495
14241
14246
14248
14248
14252
14261
14268
14271
14272
14297
14326
14297
14329
14330
14349
14374
14425
14359
14378
14408
14417
14461
14483
14379
14478
14501
14414
14460
14473
14476
14508
14511
14522
14418
14428
14464
14500
14465
14509
14510
14500
14512
14512
14513
14521
14529
14532
14544
14518
14519
14532
14524
14536
14538
14543
14539
14553
14560
14563
14565
14565
14566
14567
14567
14569
14574
14284
14285
14287
14287
14305
14341
14345
14346
14348
14367
14383
14401
14402
14408
14424
14434
14431
14452
14473
14439
14440
14444
14449
14455
14462
14464
14484
14500
14454
14470
14492
14505
14513
14493
14514
14521
14505
14524
14529
14537
14537
14538
14543
14546
14564
14553
14581
14555
14575
14568
14573
14574
14575
14576
14576
14576
14579
14583
14586
14589
14593
14593
14594
14595
14596
14603
14599
14601
14607
14607
14607
14607
14608
14609
14609
14610
14614
14615
14616
14622
14623
14618
14619
14620
14625
14622
14624
14625
14628
14630
14631
14632
14638
14660
14633
14636
14640
14642
14643
14644
14646
14650
14651
14652
14656
14658
14660
14660
14661
14661
14664
14665
14666
14667
14667
14669
14670
14670
14674
14674
14679
14667
14670
14673
14674
14686
14686
14694
14677
14691
14691
14695
14704
14700
14708
14725
14734
14741
14740
14740
14740
14741
14742
14742
14746
14747
14750
14688
14689
14692
14693
14693
14694
14695
14700
14701
14715
14716
14728
14752
14752
14757
14768
14782
14793
14804
14809
14813
14757
14798
14808
14830
14830
14868
14878
14831
14837
14842
14850
14861
14866
14880
14886
14887
14889
14891
14711
14716
14722
14730
14732
14740
14752
14739
14809
14813
14814
14775
14841
14815
14842
14840
14845
14861
14862
14895
14735
14745
14754
14758
14769
14773
14799
14814
14790
14805
14825
14827
14828
14764
14810
14825
14838
14844
14854
14856
14887
14898
14903
14904
14864
14865
14869
14868
14871
14872
14873
14885
14889
14869
14887
14890
14894
14895
14905
14906
15013
14907
14908
14909
14910
14914
14917
14921
14910
14913
14914
14915
14919
14934
14923
14928
14940
14942
14945
14949
14924
14927
14929
14935
14935
14944
14954
14955
14957
14961
14967
14962
14964
14967
14967
14970
14970
14970
14975
14976
14979
14982
14983
14984
14988
14994
14997
15022
15001
15021
15022
15026
15026
15045
15027
15035
15054
15062
14987
14994
15000
15013
15022
15023
15026
15031
15032
15033
15035
15052
15064
15044
15056
15069
15071
15073
15082
15076
15078
15080
15082
15086
15093
14989
14991
14993
14995
15005
15005
15017
15021
15021
15024
15038
15000
15002
15031
15040
15049
15065
15049
15050
15051
15052
15056
15057
15060
15065
15068
15073
15076
15082
15083
15084
15086
15089
15092
15092
15089
15093
15097
15097
15100
15102
15118
15103
15104
15106
15105
15107
15108
15108
15128
15111
15113
15129
15114
15117
15130
15134
10782
10783
10784
10792
10796
10802
10804
10810
10816
10824
10841
10787
10801
10837
10843
10851
10854
10864
10858
10859
10873
10875
10883
10893
10895
10904
10907
10907
10908
10910
10919
10924
10924
10935
10939
10953
10956
10961
10966
11026
11046
11052
11053
11055
10966
10970
11005
11006
11034
10970
10976
11012
11048
11052
11009
11058
11077
11079
11084
11096
11114
11117
11146
11072
11076
11108
11112
11152
11219
11080
11123
11273
11187
11320
11232
11278
11308
11337
11354
11359
11396
11455
11511
11155
11167
11172
11174
11175
11179
11181
11187
11194
11198
11201
11203
11207
11211
11220
11221
11227
11237
11239
11266
11246
11259
11260
11265
11281
11306
11325
11349
11351
11353
11454
11355
11360
11408
11417
11439
11446
11448
11481
11504
11591
11601
11623
11380
11383
11388
11416
11416
11424
11429
11441
11526
11513
11530
11590
11597
11552
11553
11604
11612
11633
11644
11645
11659
11664
11678
11680
11691
10785
10799
10809
10814
10817
10817
11046
10838
10842
10898
10911
11032
11167
11174
11299
11377
10842
10869
10911
10922
11147
10948
10968
11254
11379
11392
10841
10863
10872
10944
11003
11040
11077
11021
11048
11120
11082
11138
11352
11236
11374
11250
11377
11393
11402
11411
11412
11413
11435
11444
11488
11497
10845
10862
10864
10876
10932
10867
10869
10889
10912
10932
10937
10940
10948
10965
10999
11013
10934
10939
10948
11027
11033
11039
11042
11178
11202
11284
11312
11304
11344
11304
11446
11439
11461
11499
11534
11535
11542
11541
11603
11607
11624
11045
11058
11067
11096
11096
11113
11123
11130
11156
11165
11167
11191
11199
11231
11226
11414
11635
11682
11693
11641
11641
11642
11647
11664
11696
11695
11697
11697
11700
11729
11756
11710
11715
11758
11759
11782
11711
11712
11713
11717
11718
11723
11723
11738
11734
11742
11747
11770
11771
11774
11777
11782
11795
11232
11235
11235
11238
11241
11255
11244
11261
11292
11304
11374
11312
11316
11321
11386
11392
11398
11405
11258
11276
11284
11308
11318
11343
11405
11363
11420
11421
11431
11425
11446
11448
11437
11615
11328
11363
11364
11372
11439
11453
11596
11613
11649
11653
11692
11845
11979
11443
11444
11447
11479
11480
11485
11518
11570
11504
11510
11526
11722
11529
11617
11651
11700
11724
11818
11828
11866
11870
11662
11778
11796
11869
11910
11919
11929
11932
11941
11948
11949
11986
12005
12021
12023
11467
11476
11477
11490
11503
11505
11512
11510
11523
11538
11582
11628
11545
11647
11691
11793
11800
11589
11614
11617
11632
11645
11670
11699
11707
11800
11803
11742
11801
11805
11807
11817
11826
11834
11835
11836
11837
11893
11898
11839
11846
11869
11889
11892
11844
11864
11901
11923
11928
11931
11938
11939
11949
11950
11951
11955
11956
11963
11895
11922
11992
11993
11998
11960
11977
12002
12004
12027
11979
11987
11993
12017
12021
12029
12033
12034
12150
12059
12258
12882
12117
12133
13226
13277
12041
12050
12054
12056
12057
12059
12067
12067
12066
12074
12080
12076
12081
12085
12097
12099
12101
12108
12109
12137
12098
12132
12138
12139
12150
12154
12157
12155
12156
12167
12170
12170
12174
12181
12186
12188
12192
12201
12214
12235
12246
12252
12273
12274
12275
12279
12286
12294
12301
12081
12311
12311
12311
12319
12334
12336
12343
12350
12353
12369
12384
12387
12400
12409
12345
12368
12372
12379
12402
12424
12427
12427
12427
12429
12441
12444
12481
12483
12486
12490
12500
12525
12548
12561
12575
12577
12606
12613
12614
12616
12626
12626
12644
12653
12663
12682
12686
12124
12146
12149
12159
12164
12157
12191
12195
12158
12208
12209
12215
12159
12217
12252
12260
12275
12286
12307
12308
12348
12357
12361
12390
12453
12516
12520
12405
12606
12524
12661
12420
12581
12590
12689
12433
12688
12692
12712
12721
12468
12473
12493
12521
12548
12611
12647
12658
12637
12694
12725
12726
12736
12736
12314
12334
12334
12337
12382
12398
12407
12343
12370
12416
12525
12544
12571
12604
12625
12646
12652
12656
12652
12671
12692
12722
12717
12728
12730
12730
12690
12721
12731
12740
12740
12750
12750
12753
12785
12788
12831
12871
12879
12937
12782
12868
12884
12928
12918
12945
13111
13111
13171
12902
12921
12963
13025
13076
13178
13134
13231
13247
13250
13323
13347
13383
13398
13402
13426
13437
13474
13485
13542
12756
12759
12769
12773
12768
12778
12791
12805
12792
12855
12864
12872
12886
12901
12794
12796
12799
12816
12806
12832
12856
12866
12881
12888
12909
12911
12914
12930
12974
13056
13064
12975
12979
12984
12994
13017
13048
13050
13062
13072
13077
13085
12902
12907
12934
12952
12979
13001
12938
12955
12956
12963
13000
13005
13039
12962
12965
13075
13094
13113
13139
13139
13146
13060
13065
13072
13078
13078
13095
13109
13150
13151
13155
13157
13160
13165
13165
13171
13185
13201
13192
13206
13212
13207
13208
13213
13215
13227
13228
13086
13178
13212
13225
13087
13205
13247
13091
13174
13205
13243
13255
13123
13129
13169
13219
13229
13242
13251
13252
13255
13256
13273
13273
13284
13295
13296
13297
13297
13302
13309
13323
13317
13330
13337
13353
13361
13342
13355
13377
13381
13317
13389
13396
13398
13401
13413
13428
13433
13436
13418
13420
13433
13436
13453
13457
13440
13440
13445
13460
13472
13515
13517
13531
13453
13457
13497
13506
13528
13530
13532
13568
13571
13597
13625
13633
13658
13663
13676
13712
13477
13480
13491
13495
13500
13505
13524
13536
13549
13546
13570
13589
13589
13590
13496
13507
13552
13531
13597
13619
13644
13752
13624
13635
13642
13690
13701
13752
13652
13732
13788
13789
13711
13735
13746
13777
13813
13815
13825
13828
13842
13852
13866
13828
13841
13860
13868
13883
13872
13901
13912
13884
13916
13922
13927
13626
13628
13638
13652
13658
13664
13671
13672
13684
13707
13710
13746
13754
13748
13791
13801
13822
13833
13845
13886
13909
13909
13932
13936
13936
13939
13944
11805
11810
11829
11857
11867
11870
11874
11875
11904
11915
11883
11888
11906
11915
11900
11903
11906
11917
11919
11915
11917
11926
11969
11973
11935
11939
11943
11984
11988
11988
11989
12023
12060
12067
12091
12128
12163
12181
12249
12362
11944
11947
12333
11963
11966
12050
12187
12273
12380
12381
11973
12003
12041
12057
12070
12086
12412
12034
12035
12046
12048
12146
12105
12130
12191
12197
12278
12284
12297
12199
12238
12380
12442
12414
12442
12444
12478
12523
12524
12551
12527
12554
12575
12579
12580
12586
12598
12603
12616
12681
12591
12609
12629
12615
12631
12665
12691
12699
12704
12721
12729
12737
12822
12823
12739
12743
12745
12766
12773
12838
12899
12783
12846
12871
12872
12900
12921
12934
12979
13157
12940
12954
12971
13074
13134
13146
13172
13200
13156
13202
13229
13251
13319
13273
13334
13364
12969
13006
13050
13051
13054
13085
13110
13114
13116
13118
13200
13225
13236
13273
13307
13323
13372
13470
13498
13144
13187
13211
13225
13255
13449
13524
13527
13525
13538
13604
13530
13648
13734
13750
13533
13536
13537
13555
13564
13582
13627
13698
13649
13735
13791
13797
13584
13808
13839
13840
13807
13822
13855
13993
13854
13889
13910
14022
13809
13931
13967
13976
14009
13954
13987
14026
14031
14039
14049
12102
12183
12205
12221
12237
12243
12244
12254
12263
12266
12285
12297
12300
12317
12345
12359
12381
12386
12393
12393
12405
12412
12416
12427
12446
12450
12486
12491
12516
12487
12489
12505
12514
12536
12544
12586
12606
12611
12773
13068
13142
13163
13422
13590
12927
12991
13289
13569
13138
13785
13375
13857
14053
13986
13997
14005
14018
14018
14039
14082
14032
14053
14072
14085
14074
14092
14149
14082
14086
14130
14158
14159
14054
14068
14068
14075
14090
14132
14132
14091
14162
14178
14166
14178
14191
14197
14209
14211
14101
14103
14108
14111
14118
14118
14164
14120
14121
14135
14158
14162
14178
14184
14196
14202
14204
14216
14219
14226
14227
12553
12556
12571
12573
12574
12627
12642
12660
12679
12706
12770
12834
12880
12918
12933
12939
13008
13027
13036
13064
13367
13612
13632
13119
13465
13557
13462
13612
13679
13691
13775
13800
13857
13877
13906
13939
13958
13980
14024
14028
14072
14072
14089
14111
14113
14118
14133
14135
14140
14148
14168
14168
14224
14230
14230
14236
14238
14242
14244
14247
14247
14254
14257
14259
12712
12714
12747
12860
12884
12810
12822
12885
12906
12911
12947
12971
12977
13055
13085
13112
13172
13237
13286
13006
13137
13030
13145
13113
13224
13225
13402
13229
13268
13315
13370
13488
13495
13502
13506
13518
13524
13548
13569
13618
13621
13667
13720
13740
13790
13830
13877
13903
13930
13946
13993
14023
14035
14050
14058
14154
14156
14112
14140
14255
14262
14062
14063
14164
14178
14199
14265
14314
14430
14266
14269
14272
14273
14273
14275
14276
14281
14286
14287
14272
14301
14305
14311
14314
14322
14325
14335
14337
14341
14342
14342
14343
14344
14345
14348
14380
14402
14413
14414
14430
14432
14439
14482
14350
14355
14363
14367
14378
14382
14398
14368
14370
14378
14383
14406
14407
14372
14376
14426
14384
14409
14426
14428
14429
14446
14431
14437
14438
14432
14453
14455
14488
14490
14444
14454
14470
14471
14476
14501
14515
14521
14522
14525
14535
14502
14512
14542
14548
14544
14551
14565
14566
14570
14575
14481
14485
14498
14523
14528
14530
14491
14506
14510
14554
14509
14511
14553
14575
14578
14588
14589
14590
14517
14521
14529
14533
14535
14537
14541
14565
14568
14577
14593
14554
14557
14558
14595
14594
14594
14595
14598
14600
14596
14607
14725
14599
14605
14609
14662
14751
14611
14614
14616
14622
14630
14626
14630
14636
14644
14644
14644
14646
14650
14671
14651
14654
14662
14673
14674
14687
14664
14679
14690
14700
14677
14678
14686
14701
14706
14706
14679
14707
14747
14766
14707
14709
14710
14710
14716
14717
14720
14723
14732
14733
14738
14719
14730
14727
14734
14739
14749
14758
14769
14770
14758
14775
14776
14778
14778
14780
14781
14783
14783
14784
14789
14791
14797
14797
14799
14803
13668
13672
13697
13704
13710
13726
13737
13750
13752
13755
13761
13778
13771
13791
13819
13830
13834
13835
13851
13852
13854
13864
13897
13901
13915
13994
13946
14000
13971
14019
13997
14087
14088
14129
14042
14049
14054
14136
14140
14514
14596
14216
14320
14482
14903
14908
14308
14366
14926
14935
14070
14079
14161
14849
14910
14920
14288
14744
14780
14841
14884
14924
14959
14220
14307
14367
14372
14416
14594
14651
14689
14811
14814
14846
14879
14913
14956
14968
14402
14480
14539
14656
14689
14754
14777
14833
14876
14987
14781
14883
14982
14828
14958
14989
15000
15002
14221
14277
14301
14347
14451
14352
14460
14517
14689
14777
14313
14703
14731
14807
14808
14835
14850
14888
14899
14906
14710
14818
14839
14849
14889
14911
14917
14943
14950
14958
14959
14975
14976
15003
15003
13909
13951
13972
13987
14018
14043
14096
13923
13968
13980
13985
14023
14162
14003
14117
14143
14193
14251
14280
14393
14210
14262
14382
14410
14454
14524
14545
14568
14598
14612
14619
14620
14644
14736
14801
14752
14806
14826
14827
14831
14852
14832
14841
14849
14863
14865
14883
14940
14944
14966
14966
14979
14992
14997
15024
15040
14985
15006
15044
15073
15011
15041
15105
15047
15080
15102
15136
14839
14859
14866
14874
14881
14912
15039
14894
15005
15042
15050
15074
15075
14913
14973
14978
14981
14983
15038
15040
15041
15055
15071
15085
15093
15146
15160
15171
15109
15123
15191
15193
15173
15182
15195
15196
15119
15148
15154
15157
15184
15197
15197
15197
15198
15200
15208
15271
15225
15274
15285
15275
15286
15216
15223
15241
15250
15250
15262
15275
15276
15278
15290
15299
15301
15278
15289
15308
15292
15302
15305
15311
15308
15314
15315
15048
15052
15056
15057
15060
15081
15061
15072
15088
15100
15130
15135
15300
15141
15161
15305
15325
15335
15350
15326
15347
15362
15375
15342
15352
15383
15383
15391
15100
15125
15138
15144
15147
15151
15158
15222
15163
15279
15237
15318
15354
15373
15216
15297
15375
15382
15391
15395
15396
15406
15413
15417
15425
15169
15174
15181
15184
15190
15198
15206
15207
15214
15218
15234
15254
15266
15280
15295
15304
15334
15347
15347
15352
15355
15216
15296
15318
15363
15368
15372
15373
15385
15406
15421
15426
15428
15429
15430
15431
15429
15430
15432
15257
15286
15316
15333
15351
15355
15372
15374
15375
15387
15397
15288
15311
15324
15334
15335
15403
15409
15415
15416
15419
15433
15424
15429
15436
15438
15445
15446
15440
15443
15445
15447
15449
15455
15456
15456
15458
15460
15462
15465
15466
15468
15463
15463
15473
15474
15476
15477
15463
15464
15466
15472
15469
15478
15479
15480
15485
15485
15485
15487
15101
15102
15106
15112
15119
15132
15139
15119
15121
15140
15150
15124
15125
15149
15152
15153
15155
15145
15153
15153
15160
15165
15165
15166
15167
15173
15171
15178
15181
15181
15186
15181
15187
15188
15199
15188
15198
15209
15210
15202
15203
15211
15213
15235
15248
15249
15270
15296
15260
15323
15324
15294
15336
15331
15337
15344
15379
15384
15250
15256
15259
15263
15280
15268
15268
15274
15277
15280
15284
15291
15343
15365
15372
15375
15404
15393
15448
15321
15411
15416
15426
15407
15408
15429
15430
15458
15461
15465
15436
15449
15474
15481
15489
15489
15492
15493
15496
15497
15498
15499
15499
15500
15502
15509
15510
15513
15219
15221
15221
15222
15227
15233
15230
15234
15240
15240
15245
15245
15279
15254
15258
15281
15291
15304
15282
15324
15324
15325
15326
15348
15358
15358
15365
15366
15366
15368
15368
15388
15389
15392
15429
15483
15405
15420
15439
15441
15451
15453
15476
15462
15480
15476
15476
15489
15489
15490
15491
15491
15491
15494
15501
15494
15504
15501
15504
15507
15508
15251
15261
15262
15277
15278
15289
15300
15329
15357
15360
15372
15375
15412
15439
15376
15377
15390
15397
15446
15467
15328
15374
15350
15378
15413
15416
15416
15433
15452
15476
15485
15491
15495
15497
15500
15499
15509
15509
15507
15510
15511
15512
15513
15514
15514
15514
15518
15519
15520
15521
15522
15491
15501
15508
15526
15528
15524
15526
15529
15529
15529
15536
15539
15541
15556
15536
15548
15557
15560
15561
15562
15566
15514
15527
15540
15545
15555
15559
15562
15564
15568
15531
15540
15559
15567
15569
15571
15571
15572
15572
15572
15575
15514
15523
15530
15540
15540
15540
15542
15542
15548
15552
15556
15560
15561
15572
15566
15576
15577
15587
15591
15595
15596
15601
15604
15604
15607
15606
15608
15627
15611
15612
15618
15624
15627
15630
15632
15648
15619
15620
15625
15633
15656
15573
15575
15576
15577
15581
15595
15596
15598
15607
15608
15609
15616
15628
15633
15641
15637
15646
15647
15648
15655
15657
15661
15666
15677
15687
15666
15666
15681
15673
15673
15687
15694
15701
15658
15667
15659
15671
15675
15664
15675
15669
15676
15681
15682
15682
15684
15691
15695
15696
15699
15700
15702
15703
15576
15576
15582
15583
15587
15594
15595
15599
15600
15603
15604
15606
15608
15608
15609
15612
15617
15618
15614
15620
15632
15633
15635
15635
15637
15638
15646
15621
15627
15630
15633
15639
15654
15657
15661
15670
15663
15682
15696
15698
15648
15649
15649
15650
15656
15686
15661
15664
15666
15668
15677
15684
15688
15688
15688
15689
15662
15673
15700
15701
15689
15707
15697
15705
15709
15719
15722
15768
15672
15698
15701
15704
15704
15706
15707
15708
15715
15722
15742
15743
15768
15771
15710
15710
15713
15713
15710
15713
15713
15717
15718
15722
15724
15727
15724
15725
15733
15739
15743
15728
15729
15732
15745
15746
15751
15736
15754
15766
15739
15744
15785
15787
15749
15752
15758
15759
15788
15802
15808
15759
15761
15783
15810
15824
15763
15770
15773
15775
15777
15781
15782
15795
15819
15795
15795
15800
15800
15824
15828
15826
15827
15829
15836
15831
15838
15840
15733
15746
15747
15765
15769
15770
15778
15791
15799
15807
15812
15814
15842
15842
15847
15850
15855
15843
15852
15855
15855
15862
15862
15864
15869
15874
15872
15876
15874
15892
15904
15907
15911
15858
15858
15860
15861
15861
15868
15873
15874
15876
15877
15876
15876
15879
15881
15881
15884
15889
15898
15884
15888
15891
15902
15908
15915
15919
15920
15920
15754
15754
15757
15760
15765
15760
15766
15768
15781
15787
15768
15772
15776
15779
15788
15789
15806
15807
15768
15773
15775
15776
15777
15808
15808
15815
15819
15822
15822
15826
15830
15826
15830
15839
15842
15843
15847
15862
15862
15872
15886
15890
15890
15892
15792
15794
15794
15798
15804
15809
15811
15813
15817
15814
15817
15825
15847
15861
15861
15831
15835
15838
15861
15843
15849
15871
15855
15866
15882
15890
15897
15898
15869
15889
15889
15892
15893
15915
15922
15927
15929
15929
15930
15930
15931
15931
15931
15935
15904
15907
15933
15936
15937
15938
15945
15945
15945
15945
15948
15948
15950
15951
15951
15912
15913
15915
15926
15945
15951
15954
15955
15916
15937
15949
15957
15961
15931
15939
15940
15952
15960
15963
15964
15965
15965
15967
15967
15968
15969
15970
15972
15970
15973
15974
15976
15976
15977
15977
15978
15979
15980
15980
15981
15981
15981
15982
15983
15985
15986
15987
15994
15992
15995
15996
15996
15996
15997
16000
arquivo ordenado pelo algoritmo quicksort tempo da ordenao = 0 nanosegundos

