2
5
5
5
6
8
9
10
12
12
13
13
14
16
17
17
19
20
22
23
23
24
24
26
27
28
28
30
31
31
33
33
35
37
38
38
38
40
41
42
43
43
45
45
47
49
49
50
52
52
53
54
56
57
57
57
58
60
60
61
64
64
65
65
67
67
69
70
71
72
73
74
75
76
76
78
78
80
80
81
84
85
86
86
86
88
89
89
91
92
93
94
95
97
98
99
99
100
101
103
103
103
105
107
107
108
109
110
112
112
113
113
115
116
117
119
119
120
122
122
122
124
124
127
127
129
129
130
130
131
133
134
135
136
137
138
138
140
140
142
143
144
145
146
147
147
149
150
151
152
152
154
155
156
156
157
160
160
161
162
163
165
165
166
167
167
169
170
172
173
174
174
176
176
176
179
179
180
180
183
183
185
185
187
187
188
188
190
191
192
192
195
195
196
197
198
198
200
201
201
202
204
205
206
208
208
210
210
212
212
212
214
215
216
217
218
219
220
222
222
224
224
225
226
226
227
229
230
231
231
234
234
234
237
238
238
239
240
240
241
242
244
244
246
247
249
249
251
251
252
253
254
254
256
257
258
259
260
262
263
264
265
265
266
267
268
268
270
272
273
274
275
275
276
278
278
279
280
280
282
283
284
284
287
287
288
289
290
291
291
293
295
296
297
297
299
299
300
300
301
304
304
305
305
307
309
309
310
310
312
313
315
315
316
317
318
320
321
321
321
323
323
324
326
327
327
328
330
330
333
333
335
336
337
337
338
339
340
342
342
344
345
346
346
347
347
349
350
350
351
352
354
354
357
357
359
359
360
362
362
362
364
364
366
366
367
368
369
371
371
372
373
374
377
378
379
379
380
381
382
382
383
386
386
387
387
388
390
390
391
392
394
394
396
397
399
399
401
401
402
403
404
405
405
406
407
410
411
411
411
414
414
415
415
418
418
418
420
420
422
423
424
424
425
426
427
428
430
432
432
432
434
434
436
437
437
439
439
440
442
442
443
446
446
446
448
450
450
452
452
453
454
455
455
458
458
458
460
460
462
463
465
466
466
468
469
470
470
471
473
473
474
474
476
476
478
479
480
481
483
483
484
485
486
487
488
489
490
491
492
492
494
495
495
497
498
499
500
500
501
503
504
505
506
507
507
508
510
511
512
513
514
515
516
517
519
520
521
521
523
523
523
525
526
528
529
530
530
530
531
532
535
536
536
537
538
540
541
541
543
543
543
545
546
548
548
549
549
550
551
553
554
554
557
557
558
559
560
562
562
562
564
564
566
567
568
570
570
570
571
572
574
575
576
576
579
580
580
581
582
583
585
585
585
586
589
589
589
590
592
594
594
595
595
597
598
598
600
600
602
602
605
606
607
608
608
610
611
611
613
614
615
616
617
617
618
619
620
621
622
622
624
624
627
627
628
628
630
631
632
633
633
634
636
638
638
639
640
642
642
643
643
646
646
647
647
650
651
651
652
653
655
655
657
657
658
660
660
661
662
663
663
665
665
668
669
670
671
672
672
674
674
676
677
677
677
678
679
680
683
683
684
684
685
686
688
689
691
691
693
693
695
695
696
697
699
699
699
701
702
704
705
705
706
707
707
709
710
711
713
713
714
714
716
717
717
718
720
721
722
723
725
725
727
728
728
729
730
731
733
733
733
734
736
736
737
740
741
741
741
743
744
745
746
747
749
750
750
751
752
754
754
755
755
758
758
758
760
761
762
763
763
766
767
767
768
769
770
770
771
772
774
774
775
776
778
779
780
780
782
784
785
785
785
788
788
789
791
791
792
792
795
796
796
797
798
799
800
800
802
803
803
804
806
806
807
808
809
810
812
814
814
816
816
817
817
820
821
821
823
824
825
826
826
827
827
829
830
831
831
832
833
835
835
836
839
839
841
841
843
844
844
845
846
847
847
849
850
851
852
852
855
856
856
857
857
859
859
860
861
863
865
866
867
868
868
868
870
871
872
873
875
876
876
877
877
880
881
881
881
883
884
885
885
886
888
889
889
892
892
893
893
894
896
897
898
899
900
900
901
904
904
906
907
908
908
909
910
910
912
913
913
914
916
916
919
920
921
921
922
923
924
926
926
927
927
928
930
931
932
933
933
935
935
937
937
938
940
942
942
942
944
945
947
947
948
948
949
951
951
954
954
954
956
957
957
958
959
960
962
962
963
965
966
968
968
970
970
971
971
973
973
974
975
977
978
978
980
981
982
983
983
984
986
987
988
990
990
990
993
994
994
995
995
996
997
998
1001
1001
1002
1004
1004
1004
1006
1007
1007
1009
1009
1011
1012
1013
1015
1015
1016
1016
1019
1019
1021
1021
1022
1024
1025
1025
1026
1026
1028
1029
1031
1032
1032
1033
1035
1035
1036
1037
1037
1038
1040
1041
1042
1043
1045
1046
1046
1047
1048
1049
1049
1052
1052
1053
1053
1056
1056
1057
1059
1059
1059
1061
1062
1063
1064
1064
1067
1068
1068
1070
1070
1072
1072
1073
1074
1076
1076
1077
1079
1080
1080
1080
1082
1084
1084
1085
1086
1087
1089
1089
1089
1091
1092
1093
1094
1095
1096
1096
1097
1099
1100
1102
1102
1102
1104
1105
1105
1108
1108
1108
1110
1111
1112
1113
1113
1115
1116
1116
1118
1120
1120
1120
1122
1123
1124
1125
1126
1127
1129
1129
1129
1130
1133
1133
1135
1135
1136
1136
1138
1140
1140
1142
1142
1143
1143
1146
1146
1147
1148
1150
1150
1152
1152
1152
1154
1156
1156
1157
1157
1158
1160
1161
1161
1164
1165
1166
1166
1166
1168
1169
1170
1172
1172
1173
1175
1175
1176
1177
1178
1179
1180
1180
1182
1184
1184
1186
1186
1186
1189
1189
1189
1191
1191
1192
1194
1195
1196
1198
1198
1199
1200
1201
1203
1203
1204
1206
1206
1207
1207
1210
1210
1211
1212
1212
1214
1215
1215
1218
1219
1219
1219
1221
1223
1223
1225
1225
1225
1228
1228
1229
1230
1231
1232
1234
1235
1236
1237
1238
1239
1239
1239
1242
1242
1242
1243
1245
1246
1248
1248
1249
1249
1251
1252
1253
1254
1254
1256
1257
1257
1259
1260
1261
1262
1263
1263
1264
1266
1267
1268
1270
1271
1272
1273
1273
1274
1275
1275
1276
1277
1279
1280
1281
1281
1282
1285
1285
1285
1286
1289
1289
1290
1291
1292
1293
1293
1296
1296
1297
1298
1299
1300
1300
1301
1302
1304
1305
1305
1307
1308
1309
1310
1310
1313
1313
1314
1315
1316
1317
1317
1319
1320
1322
1322
1323
1324
1325
1327
1328
1328
1329
1330
1331
1333
1333
1333
1335
1336
1337
1337
1339
1340
1341
1342
1342
1343
1345
1346
1348
1349
1350
1350
1352
1352
1353
1355
1355
1356
1357
1358
1360
1361
1362
1362
1363
1364
1365
1366
1366
1368
1370
1370
1371
1372
1374
1374
1375
1376
1377
1377
1379
1380
1381
1382
1382
1384
1385
1385
1387
1389
1390
1390
1390
1391
1393
1394
1394
1396
1396
1398
1398
1399
1401
1402
1403
1403
1406
1407
1407
1408
1409
1410
1412
1412
1412
1415
1416
1417
1417
1417
1419
1420
1422
1422
1423
1423
1426
1426
1428
1429
1429
1430
1432
1433
1433
1434
1434
1436
1436
1437
1438
1441
1441
1442
1443
1443
1445
1446
1447
1448
1449
1451
1451
1452
1453
1453
1454
1455
1458
1459
1460
1461
1461
1462
1463
1464
1465
1467
1467
1469
1469
1471
1471
1472
1474
1474
1476
1476
1476
1477
1480
1480
1481
1482
1483
1484
1485
1485
1486
1488
1488
1490
1491
1492
1494
1494
1495
1496
1496
1498
1498
1500
1500
1502
1503
1505
1505
1506
1507
1508
1508
1510
1511
1512
1514
1514
1515
1517
1518
1518
1520
1521
1521
1522
1522
1524
1525
1526
1527
1528
1529
1530
1530
1532
1533
1533
1535
1536
1537
1538
1539
1541
1541
1541
1542
1545
1545
1546
1547
1547
1548
1550
1550
1552
1553
1554
1555
1555
1556
1558
1558
1559
1561
1563
1563
1563
1564
1565
1567
1568
1569
1570
1571
1572
1572
1575
1575
1576
1576
1577
1579
1580
1581
1583
1583
1584
1585
1587
1588
1589
1589
1590
1591
1592
1593
1594
1594
1596
1597
1598
1600
1601
1601
1602
1603
1605
1605
1605
1607
1609
1609
1611
1611
1613
1614
1615
1615
1615
1618
1619
1620
1620
1621
1623
1624
1625
1625
1626
1627
1628
1630
1631
1631
1633
1634
1635
1636
1636
1637
1638
1639
1641
1642
1643
1643
1644
1646
1646
1647
1648
1649
1649
1651
1652
1653
1654
1655
1656
1657
1659
1659
1661
1661
1662
1663
1663
1664
1665
1666
1668
1669
1670
1670
1673
1674
1674
1675
1675
1677
1678
1680
1680
1681
1681
1682
1684
1685
1687
1688
1688
1688
1689
1690
1692
1694
1694
1696
1697
1697
1698
1699
1701
1701
1701
1703
1704
1704
1706
1706
1708
1710
1711
1712
1712
1713
1713
1715
1715
1717
1718
1719
1719
1720
1722
1723
1723
1725
1726
1726
1728
1729
1730
1730
1733
1734
1735
1735
1736
1738
1738
1739
1740
1741
1742
1743
1743
1745
1746
1746
1748
1749
1750
1751
1751
1753
1754
1755
1755
1757
1758
1759
1760
1761
1762
1763
1763
1765
1766
1768
1769
1769
1770
1772
1772
1772
1773
1774
1775
1776
1778
1779
1780
1782
1783
1783
1784
1785
1785
1788
1789
1789
1791
1791
1793
1793
1793
1795
1796
1797
1799
1800
1800
1801
1802
1803
1803
1804
1806
1806
1809
1809
1811
1811
1811
1812
1813
1814
1816
1817
1818
1819
1820
1821
1821
1823
1823
1824
1826
1826
1828
1830
1830
1830
1832
1832
1834
1835
1836
1837
1838
1839
1839
1841
1841
1844
1845
1845
1846
1846
1848
1849
1850
1851
1851
1852
1854
1854
1856
1857
1858
1859
1859
1861
1861
1863
1864
1866
1866
1867
1868
1869
1870
1871
1872
1873
1874
1876
1876
1876
1877
1879
1879
1881
1882
1883
1885
1886
1886
1888
1888
1889
1889
1892
1892
1893
1893
1894
1896
1897
1897
1898
1900
1901
1903
1904
1904
1905
1905
1906
1909
1910
1911
1912
1913
1913
1913
1916
1917
1917
1918
1919
1919
1922
1922
1922
1924
1925
1926
1926
1928
1929
1930
1932
1932
1933
1934
1935
1935
1937
1938
1939
1940
1940
1942
1943
1944
1946
1947
1947
1948
1950
1950
1951
1951
1953
1953
1955
1955
1956
1959
1959
1959
1961
1962
1963
1964
1966
1967
1967
1968
1969
1970
1970
1972
1973
1975
1975
1976
1976
1977
1979
1980
1982
1982
1983
1984
1986
1987
1988
1988
1989
1990
1991
1992
1993
1994
1995
1996
1997
1998
1998
2001
2001
2001
2003
2004
2006
2006
2007
2007
2010
2011
2012
2012
2013
2013
2015
2017
2018
2018
2018
2019
2022
2022
2022
2024
2025
2026
2027
2029
2030
2030
2031
2032
2033
2035
2035
2036
2037
2038
2039
2040
2041
2042
2043
2044
2044
2045
2048
2048
2049
2050
2050
2051
2053
2054
2054
2055
2058
2059
2059
2060
2062
2063
2063
2064
2065
2066
2067
2067
2068
2070
2071
2073
2074
2075
2075
2076
2077
2077
2079
2080
2080
2082
2084
2085
2085
2085
2087
2088
2090
2090
2091
2093
2093
2094
2095
2095
2097
2098
2099
2100
2100
2101
2102
2103
2104
2105
2106
2107
2110
2111
2111
2111
2114
2114
2115
2117
2117
2119
2119
2120
2121
2121
2122
2123
2124
2125
2127
2128
2128
2131
2132
2133
2133
2134
2135
2137
2138
2139
2140
2141
2142
2143
2143
2143
2144
2146
2146
2147
2150
2150
2152
2152
2154
2154
2155
2156
2157
2158
2159
2159
2160
2163
2164
2164
2166
2166
2167
2167
2168
2170
2171
2173
2173
2175
2176
2177
2178
2178
2178
2181
2181
2181
2182
2183
2185
2185
2186
2188
2189
2190
2191
2192
2194
2194
2194
2196
2197
2198
2198
2200
2200
2201
2204
2204
2205
2205
2207
2208
2209
2210
2212
2212
2212
2213
2216
2217
2218
2218
2218
2220
2222
2223
2224
2225
2225
2226
2227
2227
2229
2229
2231
2232
2234
2234
2234
2236
2237
2237
2239
2240
2240
2242
2243
2243
2244
2245
2247
2248
2249
2250
2251
2252
2252
2254
2255
2256
2257
2258
2259
2259
2261
2262
2263
2263
2264
2266
2267
2267
2268
2270
2271
2272
2272
2273
2276
2277
2277
2279
2279
2280
2281
2282
2283
2284
2286
2286
2286
2288
2289
2290
2291
2292
2293
2294
2294
2296
2298
2299
2299
2299
2300
2301
2303
2304
2305
2306
2308
2308
2309
2311
2311
2311
2314
2314
2314
2316
2316
2318
2318
2321
2321
2323
2323
2323
2325
2326
2327
2328
2329
2330
2331
2332
2333
2333
2335
2335
2336
2339
2339
2340
2341
2342
2343
2344
2344
2347
2347
2347
2348
2351
2351
2351
2352
2354
2355
2356
2356
2358
2359
2359
2361
2362
2362
2363
2364
2366
2368
2368
2370
2370
2372
2372
2373
2374
2375
2376
2377
2378
2380
2380
2381
2382
2382
2383
2384
2385
2386
2388
2389
2390
2391
2392
2392
2394
2394
2396
2397
2398
2399
2400
2401
2402
2403
2405
2405
2406
2408
2409
2409
2410
2410
2413
2413
2414
2415
2415
2417
2418
2420
2420
2421
2422
2422
2424
2426
2427
2427
2428
2430
2431
2432
2432
2433
2435
2435
2436
2437
2438
2439
2441
2441
2442
2444
2444
2445
2447
2447
2448
2449
2449
2451
2451
2453
2455
2455
2456
2456
2459
2459
2459
2461
2462
2464
2465
2465
2465
2468
2468
2469
2470
2472
2472
2472
2475
2475
2477
2477
2477
2479
2479
2482
2483
2483
2485
2485
2486
2487
2488
2489
2490
2491
2492
2492
2494
2496
2497
2498
2498
2499
2500
2500
2502
2503
2504
2505
2505
2508
2508
2508
2511
2511
2512
2513
2515
2515
2516
2516
2518
2519
2520
2521
2522
2522
2524
2526
2526
2526
2528
2528
2530
2532
2533
2533
2534
2535
2535
2538
2539
2540
2540
2542
2542
2544
2545
2545
2545
2547
2548
2549
2550
2551
2553
2553
2554
2555
2555
2558
2558
2559
2560
2561
2562
2562
2563
2564
2566
2566
2568
2570
2571
2572
2573
2574
2574
2576
2576
2577
2578
2579
2580
2580
2582
2583
2583
2584
2587
2587
2587
2588
2590
2591
2593
2594
2595
2595
2596
2597
2599
2600
2600
2601
2601
2602
2603
2606
2606
2608
2609
2609
2610
2612
2613
2613
2615
2615
2616
2617
2617
2619
2620
2621
2623
2623
2623
2624
2627
2627
2628
2630
2630
2631
2632
2632
2633
2634
2636
2637
2638
2639
2640
2641
2643
2643
2644
2646
2647
2647
2648
2650
2650
2650
2653
2654
2654
2656
2656
2656
2659
2659
2660
2661
2662
2663
2664
2665
2666
2667
2668
2669
2670
2671
2671
2672
2674
2674
2675
2676
2678
2679
2681
2682
2682
2682
2683
2685
2685
2687
2688
2689
2689
2692
2693
2693
2693
2695
2696
2697
2698
2700
2700
2701
2701
2704
2704
2705
2706
2706
2707
2710
2710
2712
2712
2713
2714
2714
2715
2717
2718
2719
2720
2720
2723
2724
2724
2725
2725
2727
2729
2729
2730
2731
2733
2734
2734
2735
2736
2738
2738
2738
2741
2741
2742
2743
2744
2745
2745
2746
2747
2749
2749
2751
2753
2754
2754
2756
2757
2758
2758
2759
2761
2761
2763
2764
2765
2766
2766
2768
2768
2770
2770
2772
2773
2773
2775
2775
2776
2777
2778
2778
2780
2780
2781
2783
2784
2785
2785
2786
2788
2789
2790
2792
2793
2794
2794
2796
2796
2797
2798
2799
2801
2802
2802
2803
2804
2805
2807
2808
2808
2809
2809
2812
2812
2813
2814
2815
2816
2818
2818
2819
2820
2821
2822
2823
2824
2826
2826
2827
2828
2829
2831
2831
2831
2833
2834
2835
2836
2836
2838
2838
2841
2841
2843
2843
2844
2845
2845
2848
2848
2850
2851
2852
2852
2852
2855
2855
2856
2856
2859
2860
2860
2860
2861
2864
2864
2864
2865
2868
2868
2868
2869
2872
2872
2873
2874
2874
2876
2877
2877
2880
2880
2881
2883
2883
2884
2885
2886
2887
2889
2889
2890
2891
2893
2894
2894
2895
2896
2898
2899
2899
2900
2901
2902
2903
2903
2905
2906
2908
2908
2909
2911
2912
2912
2913
2915
2916
2916
2918
2918
2919
2921
2922
2922
2923
2923
2925
2926
2927
2928
2929
2931
2932
2933
2933
2933
2934
2937
2937
2937
2939
2940
2941
2942
2943
2944
2945
2946
2946
2947
2949
2949
2952
2952
2953
2953
2955
2956
2958
2958
2959
2959
2960
2962
2964
2965
2965
2965
2966
2969
2969
2970
2971
2973
2974
2975
2975
2976
2977
2979
2979
2981
2982
2983
2983
2984
2984
2986
2988
2988
2990
2991
2991
2992
2993
2994
2995
2996
2997
2998
2999
3000
3002
3002
3002
3004
3004
3006
3006
3009
3009
3010
3010
3011
3014
3015
3015
3016
3017
3018
3019
3019
3020
3022
3022
3023
3025
3027
3028
3029
3029
3030
3031
3032
3033
3034
3035
3036
3038
3038
3039
3040
3041
3042
3043
3044
3045
3045
3048
3048
3048
3049
3050
3053
3053
3055
3055
3057
3057
3059
3059
3060
3062
3062
3063
3065
3065
3066
3068
3069
3069
3070
3070
3072
3072
3074
3075
3076
3076
3078
3079
3079
3082
3083
3083
3085
3085
3086
3088
3089
3089
3090
3092
3093
3094
3094
3096
3096
3096
3098
3099
3100
3100
3101
3102
3105
3106
3106
3107
3108
3109
3109
3112
3112
3113
3114
3114
3116
3117
3119
3119
3120
3120
3122
3124
3124
3125
3126
3128
3129
3129
3131
3132
3132
3132
3134
3135
3135
3138
3139
3139
3140
3141
3142
3143
3144
3144
3146
3147
3148
3148
3150
3150
3151
3153
3153
3154
3155
3156
3159
3159
3160
3161
3161
3164
3165
3166
3166
3167
3168
3169
3170
3170
3172
3173
3174
3176
3176
3177
3178
3179
3181
3182
3183
3184
3184
3185
3186
3187
3188
3189
3190
3191
3192
3193
3193
3195
3197
3197
3199
3199
3200
3200
3203
3203
3203
3204
3205
3206
3209
3209
3209
3212
3212
3214
3214
3214
3216
3217
3217
3219
3220
3220
3223
3223
3223
3226
3226
3226
3229
3229
3230
3230
3233
3233
3235
3236
3236
3237
3238
3239
3239
3240
3242
3244
3244
3244
3245
3248
3248
3249
3249
3250
3251
3252
3255
3256
3256
3256
3258
3259
3260
3262
3262
3263
3263
3264
3266
3267
3268
3269
3270
3270
3272
3273
3274
3275
3275
3278
3278
3279
3280
3281
3282
3282
3284
3285
3285
3288
3289
3289
3290
3291
3293
3294
3294
3295
3296
3297
3298
3298
3300
3301
3302
3303
3304
3306
3306
3307
3309
3309
3310
3310
3311
3312
3315
3315
3316
3317
3317
3320
3320
3321
3322
3323
3324
3325
3326
3326
3327
3330
3330
3331
3332
3334
3334
3335
3336
3337
3338
3340
3340
3340
3342
3344
3344
3345
3345
3347
3348
3349
3350
3351
3352
3354
3354
3356
3357
3357
3358
3360
3360
3362
3362
3363
3364
3365
3365
3368
3368
3369
3370
3371
3372
3374
3374
3375
3376
3376
3377
3378
3380
3381
3382
3382
3383
3384
3385
3388
3388
3389
3391
3391
3392
3393
3394
3395
3397
3397
3398
3398
3399
3400
3403
3403
3404
3404
3406
3408
3408
3408
3411
3411
3411
3413
3414
3415
3417
3418
3419
3419
3420
3421
3422
3424
3424
3424
3425
3428
3428
3429
3429
3431
3432
3433
3433
3436
3436
3437
3439
3439
3439
3441
3443
3443
3444
3445
3446
3447
3447
3448
3450
3451
3453
3453
3454
3455
3455
3458
3458
3458
3460
3461
3462
3462
3464
3465
3466
3467
3467
3468
3470
3471
3472
3474
3474
3475
3476
3476
3479
3479
3480
3480
3482
3483
3483
3485
3485
3488
3488
3489
3490
3491
3491
3492
3493
3494
3496
3497
3498
3499
3501
3501
3503
3503
3505
3505
3506
3507
3509
3510
3511
3512
3513
3513
3515
3516
3516
3517
3519
3520
3520
3520
3521
3523
3524
3525
3527
3528
3529
3530
3530
3531
3533
3534
3534
3535
3536
3536
3538
3540
3541
3541
3543
3543
3543
3545
3545
3548
3548
3549
3550
3551
3553
3553
3553
3555
3556
3558
3558
3559
3561
3561
3562
3563
3564
3566
3566
3567
3567
3568
3571
3572
3572
3573
3574
3575
3576
3577
3577
3579
3580
3582
3582
3582
3583
3585
3586
3587
3589
3589
3590
3591
3592
3593
3595
3595
3596
3596
3598
3599
3599
3601
3602
3603
3603
3604
3606
3608
3608
3609
3610
3612
3612
3613
3614
3615
3616
3617
3618
3619
3619
3620
3622
3623
3623
3625
3626
3626
3629
3630
3630
3632
3632
3633
3633
3634
3635
3637
3638
3639
3640
3641
3642
3643
3644
3646
3646
3648
3648
3649
3650
3651
3653
3654
3654
3655
3656
3657
3658
3658
3660
3662
3662
3663
3663
3666
3666
3667
3669
3670
3671
3672
3672
3673
3674
3675
3676
3677
3678
3680
3681
3681
3683
3683
3684
3685
3685
3686
3689
3689
3690
3691
3692
3693
3694
3695
3696
3696
3698
3699
3700
3701
3702
3704
3705
3706
3706
3707
3708
3709
3710
3710
3713
3713
3713
3714
3715
3717
3719
3719
3720
3721
3723
3724
3724
3725
3726
3727
3728
3729
3730
3731
3732
3733
3734
3735
3736
3736
3737
3738
3739
3742
3743
3743
3745
3746
3746
3748
3749
3750
3750
3751
3752
3753
3754
3754
3757
3757
3758
3759
3760
3761
3761
3763
3764
3765
3765
3767
3769
3769
3769
3771
3772
3772
3773
3774
3775
3777
3778
3779
3779
3780
3782
3782
3784
3785
3786
3787
3787
3789
3790
3792
3792
3793
3794
3795
3795
3798
3799
3799
3800
3802
3802
3803
3803
3805
3805
3807
3808
3810
3810
3810
3811
3812
3813
3815
3816
3816
3818
3818
3821
3821
3822
3822
3824
3824
3826
3827
3828
3828
3831
3832
3833
3833
3834
3836
3836
3837
3838
3839
3840
3841
3843
3843
3844
3844
3847
3847
3848
3849
3850
3852
3852
3853
3854
3856
3857
3857
3858
3859
3859
3862
3863
3864
3864
3865
3867
3867
3868
3870
3870
3870
3873
3873
3874
3875
3875
3878
3879
3879
3880
3880
3882
3882
3883
3884
3886
3887
3888
3889
3890
3890
3893
3893
3893
3894
3896
3897
3898
3899
3899
3900
3901
3903
3904
3905
3906
3906
3909
3909
3909
3912
3913
3913
3913
3914
3917
3917
3918
3920
3920
3921
3922
3924
3925
3925
3926
3926
3927
3930
3930
3931
3932
3933
3934
3934
3935
3937
3937
3940
3941
3941
3941
3943
3945
3945
3946
3947
3948
3949
3951
3951
3952
3952
3954
3954
3956
3957
3958
3959
3960
3960
3962
3963
3963
3966
3967
3967
3969
3969
3969
3972
3973
3973
3974
3976
3976
3976
3978
3979
3980
3981
3982
3982
3983
3984
3986
3986
3989
3989
3991
3991
3993
3994
3994
3995
3996
3996
3999
4000
4000
4001
4001
arquivo ordenado pelo algoritmo quicksort tempo da ordenação = 0 nanosegundos

