1
2
3
5
6
6
7
8
8
9
11
12
13
14
15
16
17
18
18
19
21
23
23
24
25
25
27
28
28
31
31
32
33
33
36
37
37
39
39
41
42
42
42
44
45
46
48
48
49
50
50
52
52
54
56
56
57
59
59
61
61
61
63
65
66
67
67
68
69
69
70
72
74
74
75
76
77
78
78
81
81
81
82
84
85
86
86
87
88
90
91
93
93
95
95
96
98
99
99
100
100
101
103
104
105
107
107
108
108
109
110
112
113
115
116
116
116
117
119
120
121
121
123
125
125
125
126
127
130
130
130
133
133
134
135
136
138
139
140
140
141
141
143
144
144
146
147
148
149
150
152
152
153
153
155
157
157
158
159
159
161
162
162
163
165
166
167
168
169
170
171
172
172
173
174
175
178
178
180
181
181
181
184
184
185
185
186
187
188
190
191
193
193
194
195
196
196
198
200
200
200
202
202
203
206
206
208
209
210
210
211
213
214
214
215
216
216
218
219
220
221
222
223
225
225
225
226
228
229
230
230
232
233
233
235
237
237
238
240
241
241
242
243
243
244
246
247
247
249
250
250
252
253
254
255
256
257
259
259
260
260
262
263
263
266
266
267
268
269
269
271
271
272
273
274
275
278
279
280
280
281
283
283
283
285
286
287
288
288
291
292
292
292
293
296
296
297
297
299
300
300
301
302
305
305
306
308
308
309
311
311
313
313
313
316
317
317
318
318
320
320
321
322
324
326
326
327
327
328
329
332
332
333
335
335
335
336
337
340
340
341
341
344
344
345
347
347
349
349
351
351
352
352
354
355
357
357
358
358
359
362
363
363
363
365
366
367
368
368
370
370
372
373
374
376
376
376
377
378
380
380
382
383
384
384
386
387
387
388
390
390
393
394
395
395
396
396
397
399
400
401
402
402
404
406
407
407
408
408
409
412
412
414
414
415
416
416
418
419
420
421
423
423
425
425
426
427
429
429
430
431
432
433
435
435
437
438
438
438
441
441
442
443
445
446
446
448
448
449
451
451
451
453
454
454
457
457
458
459
460
461
461
462
464
466
467
467
468
469
471
471
472
473
474
474
477
477
478
479
481
482
482
482
484
485
485
487
488
488
489
492
492
493
493
494
495
498
498
499
500
501
503
504
504
506
506
507
508
508
511
511
512
512
515
515
516
517
518
518
521
521
522
523
524
524
526
527
528
529
531
532
533
533
534
534
536
538
538
539
539
541
541
542
544
545
546
547
549
550
550
551
553
553
554
554
557
557
558
560
560
560
562
562
565
565
566
567
567
568
570
570
573
573
574
575
576
577
578
580
581
582
583
584
584
584
586
586
589
589
590
591
593
593
594
595
596
597
598
598
599
602
602
602
605
605
605
608
608
608
611
611
613
613
614
614
616
616
618
620
621
621
621
622
624
624
627
627
628
629
630
632
633
633
633
636
636
636
638
638
639
640
642
642
643
644
645
648
648
650
650
651
651
652
654
654
655
658
659
660
660
660
662
663
664
665
665
668
668
669
670
672
672
674
675
675
675
676
677
680
680
681
681
682
683
684
685
687
688
689
690
691
692
694
694
694
696
698
698
698
701
701
703
703
704
706
707
707
708
709
709
712
712
713
713
715
716
717
718
719
720
721
722
722
723
725
726
727
728
729
730
730
731
734
734
735
735
736
737
740
741
741
741
742
743
744
745
748
749
750
750
752
753
753
754
755
755
756
757
758
760
761
762
763
763
764
766
767
769
769
770
771
773
773
774
775
776
777
777
779
779
782
782
782
783
785
785
787
788
789
791
792
792
792
793
794
796
797
797
799
800
802
803
803
804
806
806
807
808
809
810
811
812
813
814
815
816
816
817
820
820
820
823
823
824
826
826
826
829
830
830
831
833
833
833
834
836
837
839
840
840
840
841
844
844
845
847
847
848
848
849
850
851
852
854
856
857
857
858
859
860
861
862
863
864
864
865
867
868
868
871
871
872
873
874
876
876
877
877
878
880
881
881
883
884
886
886
887
888
889
891
891
892
893
894
895
897
897
898
900
900
900
902
903
904
904
905
906
908
909
909
911
912
913
915
916
916
918
918
919
921
922
922
922
923
924
927
927
928
929
929
931
932
932
933
934
936
936
938
938
939
941
942
944
944
946
946
948
949
949
950
951
951
953
953
955
956
957
958
960
961
961
962
963
965
965
966
967
968
969
970
970
973
974
975
975
976
977
977
979
980
981
982
982
985
985
986
986
989
989
989
992
993
994
994
994
996
997
997
999
1000
1002
1003
1004
1004
1005
1005
1006
1007
1009
1009
1011
1012
1013
1014
1015
1016
1016
1018
1019
1020
1022
1022
1024
1024
1026
1027
1027
1027
1029
1030
1031
1031
1032
1033
1035
1037
1037
1037
1039
1040
1040
1041
1043
1044
1044
1046
1047
1048
1048
1051
1052
1052
1053
1055
1056
1057
1057
1057
1058
1061
1061
1062
1064
1064
1066
1066
1068
1068
1069
1071
1072
1073
1073
1074
1075
1076
1077
1077
1079
1080
1081
1082
1083
1084
1085
1086
1086
1087
1088
1089
1090
1093
1093
1095
1095
1096
1098
1098
1098
1100
1100
1103
1103
1103
1106
1106
1106
1108
1109
1111
1111
1112
1112
1114
1116
1116
1117
1118
1119
1120
1120
1121
1122
1125
1125
1127
1128
1128
1128
1131
1132
1133
1134
1134
1136
1136
1137
1138
1138
1140
1140
1142
1142
1143
1144
1147
1147
1148
1150
1150
1151
1151
1153
1154
1154
1156
1157
1158
1159
1161
1161
1161
1163
1163
1165
1166
1166
1167
1169
1169
1171
1172
1172
1173
1174
1176
1178
1178
1178
1179
1180
1181
1182
1183
1185
1186
1186
1188
1189
1189
1191
1192
1193
1193
1195
1197
1198
1198
1200
1200
1202
1202
1202
1205
1205
1206
1207
1209
1210
1210
1210
1211
1213
1213
1214
1215
1216
1217
1218
1219
1221
1222
1223
1223
1224
1225
1227
1228
1229
1231
1232
1232
1233
1233
1235
1235
1237
1238
1239
1240
1240
1241
1243
1245
1246
1246
1246
1248
1249
1250
1250
1253
1253
1254
1255
1256
1257
1257
1258
1260
1260
1261
1262
1264
1264
1267
1268
1269
1269
1270
1270
1271
1273
1274
1274
1275
1276
1278
1278
1279
1281
1282
1282
1283
1284
1287
1287
1288
1288
1289
1291
1292
1293
1293
1296
1296
1296
1299
1299
1301
1302
1302
1302
1304
1304
1306
1308
1308
1308
1311
1312
1312
1313
1313
1314
1316
1317
1318
1320
1321
1321
1322
1323
1325
1326
1327
1327
1328
1330
1330
1330
1331
1332
1334
1335
1335
1336
1338
1339
1340
1341
1342
1343
1344
1344
1345
1346
1347
1348
1349
1350
1353
1353
1354
1354
1356
1357
1357
1359
1360
1361
1361
1362
1364
1365
1365
1366
1369
1370
1371
1371
1372
1374
1374
1375
1376
1377
1378
1380
1380
1381
1383
1383
1383
1384
1386
1386
1388
1389
1391
1391
1392
1392
1393
1396
1397
1397
1397
1399
1400
1401
1402
1403
1403
1406
1406
1406
1408
1409
1411
1411
1412
1414
1414
1415
1416
1418
1419
1419
1420
1421
1421
1422
1423
1425
1425
1428
1429
1430
1430
1431
1431
1434
1434
1435
1436
1437
1437
1439
1441
1441
1442
1443
1444
1446
1446
1447
1449
1449
1451
1451
1452
1452
1455
1456
1457
1457
1457
1459
1460
1461
1462
1462
1464
1464
1465
1466
1469
1470
1471
1471
1471
1472
1474
1475
1476
1477
1477
1479
1480
1480
1482
1483
1483
1485
1486
1488
1489
1489
1489
1492
1492
1492
1494
1495
1495
1497
1498
1499
1500
1500
1503
1503
1504
1505
1505
1507
1508
1508
1509
1510
1511
1514
1515
1515
1516
1517
1518
1519
1521
1521
1522
1523
1523
1524
1527
1527
1528
1528
1530
1532
1532
1532
1533
1534
1536
1537
1538
1538
1541
1542
1542
1542
1544
1545
1546
1547
1549
1549
1549
1552
1552
1553
1554
1555
1556
1557
1559
1559
1560
1560
1562
1562
1565
1565
1566
1567
1569
1570
1571
1571
1573
1573
1575
1575
1577
1577
1578
1579
1580
1582
1583
1584
1584
1585
1585
1588
1588
1589
1589
1591
1591
1593
1594
1594
1595
1597
1599
1600
1600
1601
1602
1602
1604
1606
1606
1607
1608
1609
1609
1612
1612
1614
1614
1614
1616
1617
1618
1619
1621
1621
1623
1623
1623
1626
1626
1626
1628
1629
1629
1632
1632
1633
1633
1636
1636
1636
1638
1638
1641
1642
1642
1643
1643
1646
1647
1647
1648
1649
1651
1651
1651
1653
1655
1655
1657
1657
1658
1659
1659
1660
1661
1664
1665
1665
1665
1666
1669
1670
1670
1671
1672
1674
1674
1675
1676
1676
1678
1679
1679
1681
1682
1682
1684
1685
1686
1687
1687
1688
1690
1691
1692
1693
1693
1694
1695
1696
1698
1700
1701
1701
1701
1703
1704
1705
1706
1708
1708
1709
1711
1711
1713
1714
1715
1715
1715
1716
1718
1718
1719
1722
1723
1723
1724
1724
1727
1727
1728
1728
1729
1732
1732
1733
1734
1736
1736
1738
1739
1739
1740
1740
1742
1743
1745
1745
1746
1747
1748
1750
1751
1752
1753
1753
1754
1756
1756
1756
1757
1759
1760
1761
1762
1762
1764
1766
1766
1768
1768
1768
1770
1771
1771
1773
1774
1774
1775
1777
1778
1780
1780
1781
1783
1783
1785
1785
1786
1788
1789
1789
1789
1791
1792
1793
1794
1795
1796
1796
1798
1798
1800
1801
1801
1803
1804
1806
1806
1807
1808
1808
1810
1812
1812
1813
1814
1814
1817
1818
1819
1820
1820
1821
1821
1823
1824
1825
1826
1827
1827
1829
1830
1831
1832
1834
1834
1835
1837
1837
1838
1839
1840
1841
1841
1842
1844
1845
1846
1848
1849
1849
1851
1852
1852
1853
1854
1855
1856
1857
1859
1859
1861
1861
1861
1864
1864
1864
1866
1866
1868
1868
1870
1870
1872
1873
1873
1875
1876
1878
1878
1880
1880
1881
1882
1883
1884
1885
1885
1888
1889
1889
1890
1891
1893
1894
1894
1895
1895
1896
1897
1900
1900
1901
1902
1902
1904
1906
1906
1907
1908
1909
1909
1910
1911
1912
1914
1915
1916
1916
1918
1918
1920
1920
1921
1922
1923
1924
1926
1927
1928
1928
1929
1931
1932
1933
1933
1935
1936
1937
1938
1938
1939
1941
1941
1942
1945
1945
1946
1946
1947
1950
1950
1951
1951
1953
1953
1954
1956
1956
1958
1959
1960
1962
1962
1963
1964
1965
1966
1968
1969
1969
1970
1971
1971
1972
1975
1975
1976
1976
1979
1979
1979
1980
1981
1982
1985
1985
1986
1987
1988
1989
1990
1991
1992
1992
1993
1995
1996
1997
1998
1998
2000
arquivo ordenado pelo algoritmo quicksort tempo da ordenação = 0 nanosegundos

