2
2
3
4
5
5
7
8
9
11
12
12
13
14
15
15
17
18
19
20
20
22
22
24
24
26
27
29
29
29
32
32
34
34
35
36
36
39
39
40
41
42
42
45
45
47
47
48
49
50
51
52
52
55
56
56
57
58
59
59
60
62
63
64
65
67
67
68
69
71
71
71
73
74
75
76
77
78
78
80
81
81
84
84
84
87
88
89
89
91
92
93
93
94
95
96
97
97
98
101
101
102
102
105
105
106
107
107
108
110
111
112
112
113
115
116
118
118
120
121
122
122
123
123
124
126
127
127
129
130
132
132
133
134
134
137
138
138
138
139
141
141
144
144
144
147
147
148
149
150
150
151
153
154
155
157
157
158
158
161
161
161
164
165
165
167
168
168
170
171
171
172
172
175
175
176
178
179
179
180
180
182
183
184
185
186
187
187
188
189
190
193
193
193
196
196
197
198
199
199
202
203
204
205
205
206
206
208
209
209
212
213
213
213
216
217
217
217
219
220
220
222
223
225
226
226
228
228
228
231
232
233
233
234
235
236
236
238
240
240
241
242
243
244
245
246
246
249
249
250
251
252
252
253
255
256
258
258
260
261
261
262
262
265
265
266
267
268
268
270
271
272
274
274
276
277
278
279
280
280
281
281
284
284
285
287
287
288
289
291
291
293
294
294
295
296
297
299
300
301
302
303
303
305
305
306
308
308
309
310
312
313
313
313
315
316
318
319
319
319
320
323
324
324
325
326
326
327
329
331
332
332
332
334
334
336
337
338
339
341
341
341
342
344
344
345
348
348
349
349
350
351
353
354
355
357
357
357
360
360
361
363
364
364
365
365
366
368
369
370
371
372
374
375
375
375
376
377
379
380
381
382
383
385
385
386
388
388
389
390
392
393
393
395
395
395
396
398
399
400
400
401
403
405
405
405
406
408
409
411
411
412
412
414
415
417
417
418
420
420
422
422
423
424
425
425
428
428
429
430
431
431
432
434
435
436
437
438
438
440
441
441
442
445
446
446
448
449
449
450
452
452
452
454
454
457
457
459
460
460
461
462
464
464
464
465
468
468
469
470
471
471
473
474
476
476
476
479
480
480
481
482
483
484
486
487
487
488
489
490
492
493
493
494
494
496
496
497
499
501
501
501
504
505
505
506
506
507
510
510
511
511
513
514
514
515
517
519
520
520
521
522
522
525
525
526
527
528
529
529
531
532
533
534
535
536
537
538
538
540
540
542
542
543
544
546
546
549
549
549
550
552
553
554
556
556
557
558
558
560
561
563
563
565
565
565
568
568
569
569
570
571
573
573
574
575
578
578
579
580
582
582
583
584
585
587
587
587
588
591
591
593
593
594
595
595
598
599
599
600
600
603
603
603
604
606
607
607
610
611
611
612
614
615
615
615
617
618
618
620
621
623
624
624
625
627
628
629
630
631
631
633
633
634
636
636
637
637
638
640
641
643
643
645
645
646
648
648
648
649
651
652
652
654
655
656
657
658
659
660
662
663
664
664
664
666
667
668
669
670
671
672
673
674
675
676
677
678
678
680
682
683
684
684
685
685
687
689
689
691
691
692
693
694
695
696
697
698
698
699
702
703
703
704
706
706
707
708
709
710
711
713
713
713
715
716
716
719
719
721
721
722
722
725
725
725
726
728
729
730
732
732
732
734
735
735
736
738
738
739
740
742
743
745
745
747
747
747
748
749
751
752
752
753
756
756
757
757
759
761
761
762
764
764
765
766
766
768
768
769
771
772
773
773
775
775
776
778
779
780
780
781
784
784
784
785
787
788
788
789
792
793
794
795
796
797
797
798
799
800
802
802
803
804
804
806
807
808
809
810
811
812
812
815
816
816
818
818
820
820
821
822
823
824
826
826
827
827
829
830
832
832
832
834
835
836
837
838
839
840
840
843
843
844
845
847
848
849
849
850
851
851
853
854
856
856
857
859
860
861
861
863
863
865
866
866
866
868
868
871
872
873
874
874
874
876
876
877
878
881
881
882
882
885
885
885
887
889
890
890
892
892
893
893
894
895
897
898
899
900
900
902
904
905
905
906
907
908
908
910
910
911
912
913
914
916
917
918
920
920
920
922
924
924
925
926
926
929
929
930
930
931
933
934
935
936
937
938
939
940
941
942
944
944
944
946
947
948
949
949
950
951
954
954
954
957
957
958
960
960
961
962
963
965
965
967
967
968
968
970
972
972
972
974
975
975
978
978
979
979
981
982
983
985
986
986
988
988
990
990
991
992
993
994
995
997
997
997
999
1000
arquivo ordenado pelo algoritmo quicksort tempo da ordenação = 0 nanosegundos

