0
2
2
3
6
7
7
9
9
11
12
13
13
13
15
16
17
18
18
21
21
22
22
23
24
25
26
28
30
30
31
31
33
34
34
36
37
37
39
39
40
42
43
44
44
45
47
49
49
49
51
52
52
55
55
56
56
57
58
59
62
62
63
65
66
67
67
68
70
71
71
71
73
74
74
76
76
78
79
80
82
82
82
85
85
87
87
88
90
91
91
92
93
95
95
96
97
97
98
100
102
103
104
104
104
106
107
107
109
110
110
112
112
114
115
115
116
117
119
119
122
122
123
124
126
126
126
127
129
130
132
132
134
134
135
136
137
137
139
140
140
143
143
143
144
147
147
147
148
151
151
151
154
154
156
156
156
159
160
161
162
163
163
164
165
167
168
169
170
170
171
173
173
175
175
176
177
178
179
179
182
183
183
184
185
186
187
188
189
190
191
192
192
194
194
196
197
197
198
201
201
202
204
204
204
205
206
207
208
210
211
213
213
213
216
217
217
218
219
220
222
222
224
225
226
227
228
229
229
231
231
232
232
235
235
236
236
239
239
240
241
241
242
243
245
245
246
247
249
251
251
251
253
253
255
256
257
257
259
260
261
262
262
264
265
266
267
268
269
270
270
273
274
274
274
275
278
278
279
280
281
281
282
283
285
286
288
289
290
291
292
293
293
293
295
296
297
298
299
299
300
302
302
303
305
306
307
308
310
311
311
312
314
315
315
316
317
319
319
321
321
323
324
325
326
326
327
328
329
330
331
332
332
334
335
336
336
339
340
340
341
342
343
343
345
346
348
348
350
350
351
351
353
354
356
356
356
358
359
359
362
363
364
364
365
366
368
368
369
371
371
373
374
375
376
377
378
378
379
380
381
383
383
384
385
387
387
388
388
389
392
392
392
395
396
397
397
399
399
399
401
402
404
405
406
406
408
409
409
409
410
412
413
413
414
416
418
418
418
420
422
422
422
423
424
425
428
429
430
430
432
433
434
435
436
437
438
439
439
440
440
441
443
443
445
446
446
448
449
449
452
452
454
455
455
455
456
458
458
459
461
461
462
464
464
466
467
469
469
470
470
471
473
475
475
475
476
478
479
480
481
482
483
485
486
486
487
487
489
490
491
491
494
495
495
497
497
499
500
500
501
501
503
504
504
506
506
508
510
511
511
511
513
514
514
517
517
517
518
519
522
522
523
524
524
525
527
529
530
530
532
532
534
534
535
536
537
538
538
540
542
542
543
544
545
546
547
547
548
549
550
553
554
555
556
557
557
558
560
561
561
563
563
564
564
566
567
569
570
570
570
572
573
574
576
577
577
578
580
581
581
581
584
584
584
586
587
589
589
590
591
591
592
595
596
597
598
599
599
600
602
602
602
603
604
606
607
608
608
609
611
611
613
614
616
616
617
618
618
621
622
622
623
623
624
625
628
628
629
630
631
632
633
634
634
636
637
638
638
639
641
642
643
643
645
647
647
648
648
650
651
651
652
655
655
655
658
658
658
660
661
662
663
663
665
666
668
668
669
669
672
672
673
673
674
676
678
679
680
680
680
681
683
684
686
687
687
689
689
690
692
693
693
695
696
697
698
699
699
700
701
703
703
704
705
706
707
707
708
709
711
712
713
715
716
716
716
718
718
720
720
722
723
724
725
726
726
727
729
730
731
732
733
733
735
736
737
737
740
740
742
742
742
744
745
745
746
748
749
750
750
752
754
754
754
756
756
757
760
760
761
761
762
764
765
767
768
768
768
770
771
771
772
774
775
775
778
778
779
780
781
782
783
784
784
786
786
788
788
789
790
792
792
794
795
796
796
798
798
800
801
802
803
803
804
805
806
809
810
810
810
812
813
814
815
816
817
818
818
820
822
822
823
824
826
826
827
827
830
831
832
832
833
834
836
836
838
838
839
841
841
843
843
844
844
845
846
848
849
849
850
852
852
855
855
857
858
858
858
861
861
861
863
865
865
866
867
868
868
870
871
873
873
873
875
876
876
879
880
880
881
881
883
883
884
885
887
889
889
890
892
893
893
893
895
896
897
897
900
901
902
903
903
904
906
906
907
907
908
909
910
912
913
914
915
917
918
918
919
920
921
921
923
925
925
926
927
927
930
930
932
932
933
935
935
935
936
937
939
940
941
943
943
945
946
946
947
948
949
949
950
952
953
953
955
957
957
958
959
961
961
961
964
964
965
966
967
968
968
970
972
972
972
974
975
976
977
977
980
980
981
982
983
984
985
987
987
988
989
989
991
992
992
994
994
995
998
999
999
999
1002
1002
1003
1005
1006
1006
1006
1009
1010
1011
1011
1011
1014
1014
1014
1015
1017
1017
1019
1020
1020
1022
1023
1024
1026
1027
1028
1028
1029
1029
1032
1033
1033
1034
1035
1036
1038
1038
1039
1041
1041
1042
1043
1044
1046
1047
1047
1048
1050
1050
1051
1052
1054
1054
1054
1056
1056
1058
1059
1059
1060
1061
1062
1065
1065
1065
1066
1069
1070
1070
1072
1072
1073
1074
1074
1076
1077
1078
1079
1080
1081
1082
1083
1083
1084
1086
1088
1088
1089
1089
1090
1092
1092
1093
1094
1096
1097
1097
1099
1099
1101
1102
1104
1104
1105
1105
1108
1108
1108
1109
1111
1113
1113
1113
1116
1117
1117
1118
1118
1121
1121
1122
1122
1125
1126
1126
1128
1129
1129
1130
1130
1133
1134
1134
1135
1136
1136
1138
1138
1139
1141
1143
1143
1144
1144
1147
1148
1149
1149
1149
1151
1152
1153
1153
1154
1155
1157
1158
1158
1160
1162
1162
1163
1164
1165
1167
1167
1168
1169
1170
1171
1172
1173
1173
1175
1176
1177
1178
1180
1181
1181
1182
1183
1184
1185
1186
1187
1187
1190
1190
1190
1192
1193
1194
1195
1196
1196
1199
1199
1200
1201
1203
1204
1204
1204
1206
1207
1207
1210
1210
1210
1212
1212
1215
1215
1217
1217
1217
1220
1220
1221
1221
1222
1225
1226
1226
1227
1227
1229
1229
1231
1232
1234
1235
1236
1237
1238
1238
1238
1240
1242
1242
1242
1244
1244
1247
1247
1249
1249
1250
1250
1252
1253
1254
1254
1256
1257
1258
1259
1260
1262
1263
1264
1264
1266
1266
1267
1268
1268
1270
1271
1271
1273
1275
1276
1277
1277
1277
1279
1280
1281
1282
1283
1283
1286
1286
1288
1288
1288
1290
1291
1291
1293
1295
1296
1296
1297
1298
1298
1301
1301
1302
1303
1303
1305
1305
1306
1307
1308
1311
1311
1313
1313
1315
1315
1316
1316
1317
1320
1320
1320
1321
1323
1323
1326
1326
1327
1328
1329
1329
1331
1333
1334
1335
1335
1336
1337
1338
1338
1339
1342
1343
1344
1344
1345
1346
1348
1349
1350
1350
1351
1352
1353
1353
1356
1357
1358
1359
1360
1361
1361
1362
1364
1365
1366
1366
1367
1369
1370
1370
1372
1372
1373
1374
1375
1375
1376
1377
1380
1381
1381
1382
1382
1385
1385
1385
1386
1387
1390
1390
1391
1393
1393
1395
1395
1396
1397
1398
1399
1400
1401
1402
1402
1403
1404
1406
1406
1409
1409
1409
1412
1412
1414
1415
1415
1415
1416
1418
1419
1419
1422
1422
1423
1423
1426
1426
1427
1428
1429
1429
1431
1431
1434
1434
1435
1436
1437
1437
1439
1440
1441
1441
1443
1444
1446
1446
1447
1447
1448
1449
1451
1453
1453
1454
1455
1455
1456
1457
1460
1460
1460
1461
1462
1463
1464
1465
1467
1468
1468
1470
1471
1473
1473
1474
1474
1476
1477
1477
1479
1480
1481
1482
1483
1484
1485
1486
1486
1489
1489
1490
1491
1491
1493
1494
1495
1497
1498
1498
1499
1500
1500
1502
1502
1504
1505
1507
1507
1507
1508
1510
1510
1512
1513
1514
1516
1516
1517
1517
1519
1521
1521
1522
1523
1524
1526
1526
1526
1528
1528
1529
1530
1532
1533
1534
1535
1536
1537
1539
1539
1541
1541
1543
1543
1543
1546
1546
1547
1547
1550
1550
1551
1552
1554
1554
1556
1556
1556
1558
1559
1559
1561
1562
1562
1564
1565
1567
1567
1569
1569
1570
1571
1572
1573
1574
1576
1577
1578
1578
1580
1580
1581
1581
1583
1583
1586
1586
1588
1589
1589
1590
1590
1592
1593
1594
1595
1595
1596
1599
1599
1600
1602
1603
1604
1605
1606
1606
1608
1609
1610
1611
1611
1612
1612
1613
1614
1615
1617
1619
1620
1620
1621
1621
1622
1623
1626
1627
1627
1629
1629
1630
1632
1633
1634
1634
1636
1637
1638
1638
1640
1640
1641
1643
1643
1644
1646
1647
1647
1648
1650
1650
1651
1651
1654
1655
1655
1657
1658
1659
1659
1660
1660
1663
1663
1664
1664
1665
1666
1668
1668
1669
1670
1672
1674
1674
1675
1677
1678
1679
1680
1681
1681
1681
1682
1684
1684
1686
1687
1687
1689
1690
1691
1693
1694
1694
1695
1696
1698
1698
1700
1700
1701
1702
1703
1703
1706
1706
1707
1709
1710
1710
1712
1712
1713
1715
1715
1716
1718
1718
1718
1720
1720
1722
1722
1724
1724
1726
1727
1728
1729
1730
1730
1733
1733
1734
1736
1736
1737
1738
1739
1739
1741
1742
1743
1745
1745
1746
1747
1748
1749
1750
1751
1751
1753
1754
1755
1755
1757
1758
1758
1760
1761
1762
1762
1764
1766
1766
1767
1768
1769
1770
1770
1771
1774
1775
1775
1776
1776
1779
1779
1781
1781
1782
1782
1784
1785
1786
1786
1788
1788
1789
1792
1792
1794
1794
1796
1797
1798
1798
1799
1801
1801
1802
1802
1804
1805
1807
1807
1809
1809
1811
1811
1812
1813
1815
1816
1816
1817
1817
1820
1821
1821
1822
1823
1824
1824
1826
1827
1827
1829
1830
1831
1831
1832
1834
1835
1837
1838
1839
1839
1839
1841
1842
1842
1843
1844
1845
1848
1849
1849
1851
1851
1853
1854
1855
1855
1856
1857
1859
1859
1859
1861
1861
1863
1864
1865
1865
1867
1868
1869
1869
1870
1872
1873
1874
1876
1877
1878
1878
1879
1879
1881
1882
1883
1883
1886
1887
1887
1888
1889
1890
1891
1892
1893
1894
1894
1896
1897
1899
1899
1900
1901
1901
1904
1905
1906
1906
1907
1908
1908
1909
1912
1912
1914
1915
1916
1916
1917
1918
1918
1920
1920
1923
1924
1924
1925
1925
1927
1928
1928
1930
1931
1933
1933
1934
1935
1936
1936
1937
1939
1940
1940
1943
1943
1944
1946
1947
1947
1948
1949
1949
1950
1952
1954
1954
1954
1957
1957
1957
1958
1960
1961
1963
1963
1965
1965
1966
1967
1968
1969
1970
1971
1971
1973
1974
1974
1976
1977
1977
1978
1980
1981
1982
1983
1985
1985
1986
1986
1988
1988
1989
1991
1991
1992
1993
1994
1997
1997
1998
1999
2000
2000
2002
2002
2004
2005
2005
2006
2009
2009
2010
2011
2012
2012
2014
2015
2016
2017
2019
2019
2020
2021
2021
2023
2023
2025
2027
2027
2027
2029
2030
2031
2032
2033
2034
2035
2036
2036
2039
2040
2040
2041
2043
2043
2044
2044
2046
2047
2048
2049
2050
2051
2052
2054
2055
2055
2056
2058
2059
2059
2059
2061
2061
2062
2065
2066
2066
2067
2067
2069
2070
2072
2072
2074
2074
2075
2076
2078
2079
2080
2081
2081
2082
2083
2083
2086
2086
2087
2088
2089
2090
2090
2093
2094
2094
2095
2096
2096
2098
2099
2100
2102
2103
2103
2104
2104
2106
2107
2107
2109
2111
2111
2112
2113
2113
2116
2116
2117
2119
2119
2120
2120
2123
2123
2124
2124
2125
2127
2129
2130
2130
2130
2131
2134
2135
2135
2135
2137
2139
2139
2140
2142
2142
2143
2143
2144
2145
2146
2149
2150
2150
2150
2152
2152
2154
2155
2156
2157
2158
2159
2160
2160
2163
2163
2163
2166
2167
2168
2168
2168
2169
2171
2172
2174
2174
2175
2176
2178
2179
2179
2180
2180
2181
2183
2184
2185
2186
2187
2188
2188
2190
2191
2192
2193
2193
2195
2196
2196
2198
2199
2200
2202
2203
2204
2205
2205
2206
2207
2207
2209
2209
2210
2212
2213
2215
2215
2217
2217
2217
2218
2220
2222
2222
2223
2223
2225
2226
2227
2227
2229
2230
2232
2232
2233
2234
2236
2236
2236
2237
2240
2240
2241
2241
2243
2243
2245
2246
2246
2249
2249
2250
2250
2252
2254
2254
2254
2257
2258
2258
2258
2261
2262
2263
2264
2265
2266
2267
2267
2267
2268
2270
2272
2273
2273
2274
2276
2276
2277
2278
2278
2280
2281
2283
2283
2284
2285
2286
2287
2289
2290
2290
2291
2292
2293
2295
2295
2296
2298
2298
2300
2300
2301
2302
2304
2304
2305
2306
2307
2309
2309
2311
2312
2313
2313
2314
2314
2315
2318
2318
2319
2320
2321
2321
2323
2324
2324
2325
2327
2329
2329
2330
2332
2333
2334
2335
2335
2335
2336
2338
2339
2340
2341
2341
2342
2343
2344
2347
2348
2349
2349
2351
2351
2351
2352
2354
2355
2355
2357
2357
2358
2359
2361
2361
2362
2364
2364
2366
2367
2368
2368
2369
2371
2372
2372
2373
2375
2376
2376
2377
2378
2381
2381
2382
2383
2384
2385
2386
2387
2388
2388
2391
2391
2392
2392
2394
2394
2396
2397
2398
2400
2400
2400
2401
2403
2404
2404
2407
2408
2408
2409
2410
2411
2412
2413
2415
2415
2416
2417
2417
2420
2420
2421
2421
2422
2424
2424
2426
2426
2429
2429
2430
2430
2431
2433
2435
2435
2437
2438
2438
2439
2439
2441
2442
2443
2445
2445
2446
2447
2447
2448
2450
2451
2452
2454
2454
2455
2457
2457
2458
2459
2461
2461
2462
2462
2465
2465
2467
2467
2468
2469
2469
2471
2473
2474
2475
2476
2477
2477
2478
2480
2480
2480
2481
2482
2483
2484
2486
2486
2488
2489
2490
2492
2493
2494
2495
2495
2496
2498
2499
2499
2499
2501
2502
2503
2505
2506
2506
2507
2508
2509
2509
2510
2511
2514
2514
2514
2515
2516
2518
2520
2521
2522
2523
2523
2523
2525
2526
2526
2528
2528
2531
2531
2532
2532
2533
2536
2536
2538
2538
2539
2540
2541
2541
2542
2545
2546
2546
2547
2547
2548
2549
2552
2552
2553
2554
2555
2556
2558
2559
2560
2561
2561
2562
2563
2564
2565
2565
2567
2568
2570
2570
2571
2573
2574
2574
2575
2577
2577
2577
2578
2581
2581
2581
2583
2583
2585
2585
2587
2588
2588
2590
2591
2593
2594
2594
2594
2596
2597
2598
2600
2600
2600
2602
2603
2603
2605
2605
2606
2607
2609
2609
2612
2612
2613
2615
2616
2617
2618
2619
2619
2621
2621
2622
2623
2624
2624
2625
2628
2629
2629
2630
2630
2631
2634
2634
2635
2636
2638
2638
2639
2640
2641
2642
2643
2643
2644
2646
2647
2647
2649
2650
2651
2651
2653
2654
2655
2656
2657
2658
2658
2660
2662
2662
2663
2664
2665
2666
2667
2668
2669
2670
2670
2672
2673
2674
2675
2676
2678
2678
2680
2680
2681
2681
2683
2684
2684
2685
2687
2688
2688
2691
2692
2693
2693
2694
2695
2697
2697
2698
2698
2699
2700
2702
2704
2704
2705
2706
2706
2708
2709
2709
2710
2711
2713
2714
2715
2716
2716
2717
2719
2719
2722
2722
2722
2724
2724
2725
2727
2729
2730
2731
2731
2733
2733
2734
2735
2735
2737
2738
2739
2740
2742
2743
2743
2743
2746
2746
2747
2749
2750
2750
2751
2751
2752
2754
2755
2756
2757
2759
2759
2761
2762
2763
2764
2764
2764
2765
2768
2769
2770
2770
2770
2771
2773
2774
2775
2775
2776
2778
2779
2780
2781
2782
2783
2784
2785
2785
2787
2788
2788
2789
2790
2791
2793
2795
2795
2796
2797
2797
2800
2800
2801
2801
2803
2804
2805
2805
2807
2808
2809
2810
2810
2812
2813
2815
2816
2816
2816
2818
2820
2820
2820
2821
2823
2824
2824
2825
2827
2829
2829
2830
2831
2833
2833
2833
2835
2835
2837
2838
2839
2841
2842
2842
2844
2845
2846
2846
2847
2847
2849
2850
2851
2852
2853
2854
2855
2856
2856
2858
2860
2860
2860
2862
2863
2865
2865
2866
2867
2868
2868
2870
2870
2872
2873
2873
2875
2876
2877
2878
2880
2880
2882
2882
2884
2885
2886
2887
2887
2888
2888
2891
2892
2892
2892
2894
2895
2895
2897
2899
2900
2900
2900
2902
2903
2904
2905
2905
2907
2908
2909
2910
2912
2912
2913
2914
2915
2915
2917
2919
2919
2921
2921
2922
2923
2924
2925
2926
2928
2928
2930
2930
2930
2931
2933
2935
2935
2936
2937
2937
2939
2941
2942
2942
2942
2943
2944
2946
2946
2949
2949
2950
2952
2952
2953
2953
2955
2956
2957
2958
2959
2959
2962
2962
2963
2964
2966
2966
2968
2969
2969
2970
2971
2972
2973
2974
2975
2975
2977
2977
2979
2979
2980
2981
2982
2984
2984
2986
2986
2988
2989
2990
2991
2992
2993
2995
2995
2997
2997
2997
3000
3000
3001
3002
3002
3004
3004
3005
3006
3009
3010
3010
3010
3011
3013
3014
3015
3017
3018
3018
3019
3019
3021
3021
3024
3024
3025
3026
3027
3027
3029
3029
3030
3031
3033
3034
3036
3037
3038
3039
3040
3041
3041
3041
3043
3044
3045
3045
3046
3048
3050
3050
3051
3053
3054
3054
3055
3056
3057
3057
3058
3060
3060
3062
3063
3063
3066
3066
3068
3069
3069
3070
3071
3071
3072
3074
3075
3076
3077
3079
3080
3081
3082
3082
3083
3084
3084
3085
3086
3088
3089
3090
3090
3093
3094
3094
3095
3096
3097
3099
3099
3100
3100
3101
3102
3103
3106
3107
3108
3108
3108
3109
3110
3113
3114
3114
3115
3116
3117
3118
3119
3120
3120
3122
3123
3123
3125
3125
3126
3129
3129
3130
3131
3132
3134
3134
3135
3136
3138
3139
3139
3140
3141
3142
3143
3145
3145
3146
3147
3149
3149
3150
3150
3151
3152
3154
3155
3156
3157
3157
3158
3160
3161
3162
3163
3164
3165
3167
3167
3167
3169
3169
3171
3172
3174
3175
3176
3176
3177
3178
3179
3180
3182
3183
3183
3183
3185
3185
3186
3187
3188
3189
3191
3192
3194
3194
3194
3196
3197
3199
3199
3200
3200
3201
3202
3203
3204
3207
3207
3208
3209
3210
3212
3212
3212
3214
3215
3216
3217
3218
3219
3220
3221
3221
3222
3225
3225
3226
3228
3229
3229
3231
3232
3233
3234
3235
3236
3236
3237
3239
3240
3240
3240
3243
3243
3244
3245
3245
3247
3248
3248
3249
3250
3252
3253
3254
3255
3255
3258
3258
3258
3259
3261
3261
3262
3264
3264
3267
3267
3268
3270
3270
3270
3273
3273
3274
3275
3276
3277
3278
3279
3279
3282
3283
3283
3284
3285
3285
3288
3288
3290
3291
3292
3292
3292
3293
3296
3296
3296
3298
3300
3301
3301
3301
3302
3305
3306
3307
3307
3309
3309
3311
3312
3312
3314
3314
3316
3316
3317
3318
3319
3320
3321
3322
3324
3324
3325
3325
3327
3328
3329
3331
3332
3332
3333
3334
3335
3335
3338
3338
3340
3340
3341
3342
3343
3344
3344
3345
3346
3348
3349
3349
3351
3352
3352
3354
3354
3356
3357
3358
3358
3360
3362
3363
3363
3365
3365
3366
3366
3368
3368
3369
3370
3372
3373
3373
3375
3375
3377
3378
3379
3380
3381
3382
3383
3384
3385
3386
3388
3388
3389
3389
3391
3391
3394
3394
3395
3397
3398
3398
3399
3401
3402
3402
3403
3403
3406
3407
3407
3408
3409
3410
3410
3412
3412
3413
3416
3416
3417
3419
3419
3420
3421
3423
3423
3424
3426
3427
3428
3428
3429
3430
3432
3432
3433
3433
3435
3436
3437
3438
3439
3440
3442
3443
3443
3444
3444
3446
3447
3449
3449
3449
3451
3452
3453
3453
3454
3455
3457
3459
3460
3461
3461
3462
3464
3464
3465
3466
3466
3468
3469
3471
3471
3472
3474
3474
3475
3476
3476
3478
3478
3479
3481
3483
3484
3484
3485
3486
3487
3488
3488
3491
3492
3492
3494
3494
3495
3497
3497
3499
3499
3501
3501
3501
3502
3505
3506
3506
3507
3508
3509
3509
3512
3512
3513
3515
3516
3516
3518
3519
3520
3521
3522
3523
3524
3525
3526
3526
3527
3528
3529
3529
3530
3531
3533
3534
3535
3536
3536
3539
3539
3540
3541
3541
3543
3544
3544
3545
3547
3548
3548
3549
3551
3552
3552
3555
3555
3557
3557
3557
3560
3561
3561
3562
3563
3564
3565
3565
3568
3568
3569
3569
3571
3572
3573
3575
3575
3576
3577
3578
3578
3580
3581
3581
3583
3583
3584
3587
3588
3589
3589
3589
3591
3591
3593
3594
3595
3595
3597
3598
3598
3599
3601
3602
3603
3603
3605
3605
3606
3608
3610
3610
3612
3612
3613
3614
3615
3617
3618
3619
3619
3619
3621
3622
3622
3624
3626
3627
3627
3628
3629
3631
3632
3632
3632
3635
3636
3637
3637
3638
3639
3640
3641
3642
3642
3644
3644
3646
3647
3647
3649
3649
3650
3652
3652
3654
3654
3655
3656
3658
3658
3660
3661
3662
3663
3665
3665
3666
3666
3667
3670
3670
3671
3672
3672
3675
3676
3676
3678
3678
3679
3680
3681
3682
3683
3684
3685
3685
3686
3688
3690
3690
3690
3692
3693
3694
3696
3697
3697
3699
3700
3700
3701
3702
3704
3704
3706
3707
3708
3708
3709
3710
3710
3712
3712
3714
3715
3715
3717
3718
3719
3720
3721
3721
3722
3724
3725
3725
3727
3727
3728
3729
3732
3732
3733
3735
3735
3735
3737
3739
3740
3740
3741
3741
3743
3744
3745
3746
3748
3748
3750
3751
3751
3752
3753
3753
3756
3756
3756
3758
3760
3761
3762
3763
3763
3763
3765
3766
3767
3767
3769
3770
3771
3772
3773
3775
3776
3776
3778
3779
3779
3780
3781
3783
3783
3784
3786
3786
3787
3788
3789
3789
3790
3792
3794
3794
3795
3796
3797
3799
3799
3800
3800
3803
3804
3804
3805
3806
3807
3807
3810
3810
3811
3813
3813
3813
3815
3816
3818
3819
3819
3820
3821
3822
3824
3825
3825
3825
3827
3827
3828
3831
3831
3832
3834
3834
3835
3835
3837
3838
3840
3840
3840
3843
3843
3844
3844
3845
3846
3847
3849
3850
3851
3852
3853
3854
3855
3857
3858
3858
3859
3859
3860
3861
3863
3864
3865
3866
3867
3868
3869
3870
3870
3872
3873
3873
3876
3876
3876
3879
3880
3880
3881
3882
3882
3884
3884
3885
3887
3888
3889
3890
3891
3891
3892
3894
3895
3896
3897
3898
3899
3899
3902
3902
3902
3903
3905
3906
3907
3907
3910
3910
3911
3912
3912
3914
3915
3915
3917
3918
3919
3919
3920
3922
3923
3924
3926
3926
3926
3927
3930
3930
3931
3932
3933
3934
3935
3936
3938
3939
3939
3940
3941
3942
3943
3944
3945
3947
3948
3948
3950
3950
3951
3952
3953
3955
3955
3956
3957
3957
3959
3960
3961
3962
3963
3964
3964
3967
3967
3967
3969
3970
3970
3971
3973
3974
3975
3975
3977
3978
3980
3980
3982
3982
3983
3984
3984
3987
3988
3989
3989
3990
3991
3993
3993
3994
3996
3996
3997
3998
3998
3999
4002
4002
4004
4004
4004
4007
4008
4009
4010
4010
4012
4013
4014
4014
4014
4015
4017
4017
4018
4019
4020
4022
4023
4023
4024
4026
4027
4028
4029
4029
4032
4032
4034
4034
4034
4037
4037
4037
4038
4040
4041
4043
4043
4044
4045
4047
4048
4049
4049
4050
4050
4051
4054
4054
4054
4055
4056
4057
4059
4060
4061
4063
4063
4064
4064
4067
4067
4068
4068
4071
4071
4073
4074
4074
4075
4075
4077
4077
4078
4080
4081
4082
4083
4084
4086
4087
4087
4088
4088
4090
4091
4093
4094
4094
4095
4096
4098
4098
4099
4101
4101
4102
4103
4103
4104
4107
4107
4108
4109
4110
4111
4112
4113
4115
4115
4116
4118
4119
4119
4120
4121
4123
4124
4124
4125
4125
4126
4128
4129
4130
4130
4133
4134
4134
4135
4136
4137
4138
4138
4139
4142
4142
4143
4144
4145
4146
4148
4148
4150
4150
4150
4153
4153
4154
4156
4157
4158
4158
4159
4161
4162
4162
4163
4165
4165
4166
4166
4168
4168
4170
4171
4171
4172
4173
4175
4177
4178
4178
4179
4180
4181
4182
4184
4185
4186
4187
4187
4188
4188
4190
4191
4191
4192
4193
4196
4196
4197
4198
4199
4200
4200
4203
4203
4204
4204
4206
4208
4208
4208
4209
4210
4213
4213
4214
4216
4216
4216
4218
4220
4220
4220
4222
4223
4224
4224
4226
4227
4227
4228
4230
4231
4232
4234
4235
4235
4235
4236
4238
4240
4241
4241
4242
4243
4244
4245
4246
4247
4248
4250
4251
4252
4253
4254
4254
4254
4256
4257
4258
4260
4260
4261
4262
4263
4265
4266
4267
4267
4267
4269
4269
4270
4272
4274
4274
4276
4276
4278
4278
4279
4281
4281
4282
4283
4284
4285
4286
4288
4288
4289
4289
4291
4292
4293
4294
4296
4296
4297
4298
4299
4300
4300
4303
4304
4305
4305
4306
4307
4307
4309
4310
4310
4312
4314
4314
4316
4317
4317
4319
4319
4320
4320
4322
4323
4325
4325
4326
4326
4328
4328
4331
4331
4331
4333
4333
4336
4337
4338
4338
4338
4341
4342
4343
4343
4344
4345
4346
4348
4348
4348
4351
4352
4353
4353
4354
4355
4356
4358
4358
4358
4360
4361
4362
4363
4365
4365
4367
4367
4368
4370
4370
4371
4373
4373
4375
4376
4376
4376
4378
4379
4380
4380
4382
4382
4384
4386
4387
4388
4388
4389
4389
4391
4392
4393
4394
4395
4397
4397
4397
4398
4400
4400
4402
4402
4404
4405
4407
4407
4408
4409
4410
4410
4411
4413
4413
4415
4416
4416
4418
4419
4420
4420
4422
4423
4424
4425
4426
4427
4428
4429
4430
4431
4432
4433
4434
4436
4436
4437
4438
4439
4441
4441
4442
4442
4445
4446
4447
4447
4447
4449
4451
4451
4453
4454
4455
4455
4456
4457
4457
4458
4460
4460
4461
4464
4465
4465
4466
4467
4469
4469
4469
4472
4472
4473
4473
4475
4475
4477
4477
4478
4481
4482
4483
4484
4485
4485
4486
4486
4487
4490
4490
4491
4492
4494
4494
4495
4496
4497
4498
4499
4499
4500
4502
4503
4504
4505
4506
4508
4509
4509
4509
4510
4512
4514
4514
4515
4517
4517
4518
4519
4519
4520
4521
4523
4525
4526
4526
4527
4527
4529
4530
4530
4532
4533
4534
4536
4537
4537
4539
4539
4540
4540
4543
4543
4543
4544
4546
4547
4548
4549
4550
4550
4551
4554
4554
4555
4556
4557
4558
4558
4561
4561
4562
4563
4564
4565
4566
4566
4567
4569
4569
4570
4572
4572
4574
4575
4576
4577
4578
4578
4579
4581
4582
4582
4584
4584
4587
4587
4588
4589
4591
4592
4592
4592
4594
4595
4596
4597
4598
4600
4600
4602
4602
4602
4603
4605
4606
4607
4608
4608
4610
4611
4611
4612
4614
4616
4616
4617
4617
4620
4620
4621
4622
4623
4624
4624
4626
4627
4627
4629
4630
4632
4632
4633
4635
4636
4636
4637
4639
4639
4640
4641
4643
4643
4643
4646
4646
4647
4648
4649
4651
4652
4652
4653
4654
4655
4656
4656
4657
4658
4660
4661
4663
4663
4664
4666
4666
4666
4667
4668
4671
4671
4672
4673
4674
4675
4676
4676
4678
4679
4680
4681
4682
4683
4684
4686
4686
4686
4687
4689
4690
4691
4693
4693
4693
4696
4697
4697
4698
4700
4700
4700
4702
4703
4704
4704
4705
4707
4708
4709
4709
4711
4711
4713
4714
4714
4716
4717
4718
4719
4719
4720
4722
4722
4725
4725
4726
4727
4728
4729
4730
4730
4732
4733
4735
4735
4736
4738
4738
4740
4740
4741
4741
4743
4744
4745
4746
4746
4748
4750
4750
4751
4752
4752
4755
4756
4756
4757
4759
4760
4760
4761
4762
4763
4764
4765
4766
4766
4769
4769
4771
4771
4772
4772
4773
4774
4776
4777
4778
4779
4779
4780
4781
4782
4783
4784
4786
4787
4788
4789
4789
4790
4792
4793
4794
4795
4796
4797
4798
4798
4801
4801
4802
4802
4805
4806
4806
4807
4807
4809
4810
4811
4812
4813
4814
4815
4816
4817
4818
4818
4821
4822
4822
4823
4823
4824
4827
4827
4828
4829
4830
4830
4831
4834
4834
4836
4837
4837
4838
4839
4841
4841
4841
4843
4843
4844
4846
4847
4848
4849
4850
4850
4851
4852
4854
4855
4856
4856
4858
4859
4861
4861
4862
4863
4864
4866
4866
4866
4867
4868
4869
4870
4873
4873
4874
4875
4876
4876
4879
4879
4880
4881
4881
4882
4885
4885
4886
4886
4889
4890
4891
4892
4892
4892
4894
4894
4897
4898
4898
4898
4901
4901
4902
4903
4904
4906
4907
4907
4909
4910
4910
4911
4912
4913
4914
4915
4916
4916
4917
4919
4919
4921
4922
4924
4925
4926
4927
4928
4928
4928
4931
4931
4933
4934
4934
4934
4936
4937
4937
4939
4939
4941
4942
4943
4944
4945
4946
4947
4948
4949
4950
4951
4953
4953
4955
4956
4956
4957
4958
4959
4960
4961
4963
4963
4964
4965
4965
4967
4968
4968
4971
4971
4972
4972
4973
4974
4976
4977
4979
4979
4979
4981
4982
4983
4983
4984
4985
4986
4989
4990
4990
4991
4992
4992
4994
4995
4996
4997
4998
4998
5000
5001
5002
5003
5004
5005
5007
5007
5007
5010
5011
5011
5012
5013
5013
5016
5017
5017
5017
5019
5020
5021
5022
5023
5025
5026
5026
5028
5028
5029
5029
5030
5032
5033
5035
5035
5036
5038
5039
5040
5040
5041
5041
5043
5044
5045
5047
5047
5048
5050
5050
5051
5051
5053
5054
5054
5056
5057
5058
5059
5060
5061
5062
5063
5064
5065
5066
5067
5068
5069
5071
5072
5072
5072
5073
5075
5077
5078
5078
5079
5079
5080
5082
5083
5083
5086
5087
5088
5088
5089
5089
5090
5092
5092
5095
5095
5097
5097
5098
5099
5099
5101
5102
5104
5105
5105
5107
5108
5109
5109
5110
5111
5113
5113
5114
5116
5116
5117
5117
5119
5121
5121
5123
5123
5124
5125
5125
5127
5128
5128
5130
5132
5132
5134
5134
5135
5137
5137
5138
5139
5140
5140
5142
5143
5144
5145
5146
5147
5148
5149
5151
5152
5153
5154
5154
5155
5156
5157
5158
5160
5161
5161
5162
5163
5164
5165
5165
5168
5169
5169
5170
5170
5172
5173
5173
5175
5176
5176
5177
5179
5180
5182
5183
5184
5185
5185
5186
5187
5188
5189
5190
5191
5193
5193
5194
5195
5196
5196
5198
5198
5199
5202
5202
5203
5204
5205
5207
5208
5208
5209
5211
5211
5213
5214
5214
5215
5216
5216
5218
5219
5220
5222
5222
5222
5224
5226
5227
5227
5228
5229
5229
5230
5232
5234
5234
5235
5235
5236
5238
5238
5239
5241
5242
5243
5244
5244
5245
5248
5248
5249
5251
5251
5252
5253
5253
5255
5256
5258
5258
5259
5259
5260
5263
5264
5264
5265
5266
5266
5267
5270
5270
5271
5272
5272
5274
5276
5276
5278
5278
5279
5280
5281
5281
5283
5284
5284
5286
5287
5287
5290
5290
5290
5292
5293
5295
5295
5296
5297
5297
5299
5299
5301
5303
5303
5304
5306
5307
5308
5309
5309
5310
5311
5311
5313
5314
5314
5315
5316
5318
5318
5319
5321
5322
5323
5324
5325
5325
5326
5329
5329
5331
5332
5332
5334
5335
5335
5337
5338
5338
5339
5340
5340
5343
5343
5344
5345
5345
5347
5348
5348
5350
5352
5352
5353
5354
5354
5356
5357
5358
5358
5359
5360
5361
5363
5364
5364
5366
5366
5367
5370
5371
5371
5371
5373
5374
5375
5377
5378
5379
5379
5379
5380
5382
5383
5383
5386
5386
5387
5388
5388
5390
5390
5392
5393
5394
5395
5396
5398
5398
5399
5401
5401
5402
5403
5403
5405
5407
5407
5408
5409
5410
5411
5411
5413
5414
5415
5417
5417
5419
5419
5421
5422
5422
5422
5425
5426
5427
5428
5429
5429
5430
5431
5432
5432
5435
5436
5437
5438
5438
5439
5441
5441
5441
5444
5444
5445
5445
5447
5448
5449
5449
5451
5452
5454
5454
5454
5457
5457
5457
5459
5460
5461
5461
5464
5464
5465
5467
5467
5468
5469
5469
5471
5472
5473
5474
5474
5476
5477
5479
5480
5480
5481
5482
5484
5485
5486
5487
5487
5487
5489
5490
5491
5492
5493
5493
5496
5497
5498
5498
5498
5500
5500
5501
5504
5504
5506
5507
5507
5509
5510
5510
5510
5512
5513
5514
5516
5516
5517
5518
5519
5521
5522
5523
5524
5524
5525
5526
5527
5528
5529
5530
5531
5532
5534
5534
5535
5536
5538
5539
5540
5540
5541
5541
5543
5544
5545
5545
5547
5548
5549
5550
5550
5552
5552
5553
5556
5556
5557
5558
5559
5560
5560
5563
5564
5564
5565
5566
5567
5568
5569
5570
5572
5573
5574
5574
5574
5575
5577
5578
5579
5580
5581
5582
5583
5583
5585
5586
5588
5588
5590
5590
5591
5593
5593
5594
5594
5597
5597
5598
5599
5600
5602
5602
5603
5604
5604
5606
5608
5609
5609
5609
5612
5612
5612
5615
5615
5615
5617
5618
5619
5620
5620
5621
5624
5624
5625
5627
5627
5629
5629
5630
5631
5632
5633
5634
5636
5636
5637
5638
5640
5641
5642
5642
5643
5643
5645
5647
5647
5647
5649
5649
5650
5653
5654
5655
5655
5657
5657
5658
5659
5660
5661
5661
5662
5664
5665
5665
5668
5668
5668
5670
5671
5671
5672
5673
5675
5676
5676
5679
5680
5680
5681
5683
5683
5685
5685
5685
5687
5687
5688
5690
5691
5692
5694
5695
5696
5697
5697
5698
5698
5700
5700
5703
5703
5704
5704
5706
5707
5707
5709
5710
5710
5711
5714
5714
5715
5716
5717
5717
5718
5720
5722
5722
5723
5724
5725
5727
5727
5729
5729
5730
5731
5733
5733
5735
5735
5737
5738
5738
5739
5740
5741
5742
5742
5745
5745
5746
5748
5748
5749
5750
5751
5752
5753
5754
5754
5755
5758
5759
5759
5760
5762
5762
5763
5765
5765
5765
5767
5769
5770
5770
5772
5772
5773
5773
5774
5777
5777
5777
5779
5780
5781
5783
5784
5784
5785
5785
5787
5788
5788
5790
5791
5792
5792
5793
5796
5797
5797
5797
5800
5800
5800
5802
5803
5804
5805
5806
5807
5807
5809
5810
5811
5812
5813
5814
5815
5816
5817
5818
5820
5820
5821
5823
5823
5824
5825
5826
5828
5829
5830
5830
5831
5831
5832
5835
5836
5837
5837
5838
5838
5839
5840
5843
5844
5845
5846
5846
5847
5848
5849
5849
5850
5852
5853
5855
5856
5856
5856
5858
5858
5860
5860
5862
5863
5864
5866
5866
5866
5869
5870
5871
5871
5872
5873
5874
5876
5876
5878
5878
5878
5881
5881
5882
5884
5884
5885
5886
5887
5887
5889
5890
5891
5892
5893
5893
5895
5895
5897
5898
5898
5901
5901
5902
5902
5904
5906
5906
5908
5908
5910
5911
5911
5912
5913
5914
5915
5915
5916
5918
5919
5920
5920
5923
5923
5924
5924
5925
5928
5928
5929
5931
5931
5932
5934
5934
5935
5937
5937
5938
5939
5940
5940
5941
5942
5945
5945
5946
5946
5948
5949
5950
5951
5952
5953
5954
5956
5956
5957
5959
5960
5961
5961
5962
5962
5965
5966
5966
5968
5969
5969
5969
5971
5972
5972
5975
5975
5976
5977
5979
5979
5980
5981
5982
5984
5985
5986
5987
5987
5988
5989
5990
5990
5992
5992
5993
5994
5996
5998
5998
5999
5999
6000
6003
6004
6004
6006
6006
6007
6007
6009
6010
6012
6012
6013
6014
6015
6015
6016
6019
6019
6020
6020
6023
6024
6024
6024
6025
6028
6029
6029
6030
6030
6032
6032
6033
6036
6036
6037
6037
6038
6039
6040
6041
6043
6045
6046
6047
6048
6049
6050
6050
6051
6052
6052
6055
6056
6056
6056
6059
6059
6059
6060
6062
6063
6063
6064
6065
6066
6067
6070
6070
6071
6071
6073
6074
6075
6076
6076
6079
6079
6081
6082
6082
6082
6084
6085
6085
6087
6088
6089
6090
6091
6091
6092
6095
6095
6095
6097
6099
6099
6099
6101
6101
6103
6104
6105
6106
6106
6107
6110
6110
6111
6112
6112
6114
6115
6117
6117
6118
6120
6121
6121
6122
6122
6124
6126
6127
6127
6128
6129
6130
6131
6131
6133
6134
6135
6137
6137
6138
6140
6140
6141
6142
6142
6145
6146
6146
6147
6148
6149
6151
6151
6152
6152
6154
6155
6157
6157
6158
6158
6160
6160
6163
6163
6164
6164
6167
6168
6169
6169
6171
6171
6172
6173
6174
6175
6176
6176
6178
6179
6180
6181
6183
6184
6184
6185
6186
6188
6188
6189
6189
6191
6193
6193
6194
6196
6196
6197
6198
6199
6201
6201
6201
6204
6205
6206
6206
6207
6209
6209
6210
6210
6212
6213
6215
6215
6216
6217
6218
6219
6220
6222
6222
6222
6224
6224
6226
6227
6228
6228
6230
6231
6231
6234
6234
6236
6236
6237
6237
6238
6239
6241
6241
6242
6244
6245
6247
6248
6249
6249
6250
6252
6252
6252
6253
6255
6256
6256
6259
6260
6261
6261
6262
6263
6264
6264
6266
6267
6269
6269
6270
6272
6272
6273
6273
6276
6276
6277
6279
6279
6280
6282
6283
6283
6284
6285
6285
6286
6287
6288
6289
6290
6293
6293
6294
6295
6296
6297
6299
6299
6300
6300
6302
6304
6305
6306
6307
6308
6308
6309
6311
6311
6313
6314
6315
6315
6317
6317
6318
6319
6320
6322
6322
6322
6324
6325
6326
6327
6327
6330
6331
6331
6332
6333
6334
6335
6335
6336
6338
6339
6339
6341
6342
6343
6343
6346
6346
6347
6347
6350
6350
6351
6352
6352
6354
6355
6357
6358
6359
6360
6360
6362
6362
6363
6364
6366
6366
6367
6367
6368
6370
6372
6373
6373
6374
6375
6377
6377
6378
6380
6380
6381
6382
6383
6383
6385
6386
6386
6387
6389
6390
6390
6393
6393
6394
6396
6397
6397
6398
6398
6401
6401
6403
6403
6404
6405
6406
6408
6409
6409
6411
6412
6413
6414
6414
6415
6415
6417
6418
6419
6419
6422
6423
6424
6425
6425
6426
6428
6429
6429
6431
6431
6432
6434
6434
6435
6436
6437
6438
6439
6440
6440
6441
6442
6443
6444
6446
6447
6449
6449
6449
6451
6452
6452
6453
6456
6456
6456
6458
6458
6461
6461
6461
6463
6464
6465
6466
6467
6468
6470
6470
6471
6472
6472
6473
6475
6475
6476
6477
6480
6480
6481
6481
6484
6485
6485
6486
6487
6488
6490
6490
6491
6491
6493
6495
6496
6496
6497
6497
6500
6501
6501
6502
6503
6503
6504
6507
6508
6508
6510
6510
6512
6512
6514
6515
6515
6515
6518
6518
6520
6520
6521
6523
6523
6524
6525
6526
6527
6528
6530
6530
6531
6533
6533
6534
6535
6535
6538
6539
6539
6539
6542
6543
6543
6544
6545
6546
6547
6547
6549
6550
6551
6552
6554
6554
6555
6556
6557
6557
6558
6560
6561
6562
6563
6563
6565
6566
6566
6567
6569
6570
6570
6571
6573
6575
6575
6576
6578
6579
6579
6580
6581
6582
6583
6584
6585
6586
6587
6589
6589
6590
6590
6592
6593
6594
6595
6596
6597
6597
6598
6599
6600
6601
6603
6604
6605
6605
6608
6608
6609
6610
6611
6613
6613
6614
6616
6617
6618
6619
6619
6620
6621
6621
6623
6624
6625
6627
6627
6628
6628
6630
6632
6632
6632
6633
6635
6636
6637
6638
6638
6639
6640
6642
6642
6644
6645
6646
6646
6649
6649
6650
6650
6653
6653
6654
6656
6656
6657
6657
6659
6660
6661
6661
6663
6664
6666
6666
6667
6668
6669
6670
6672
6672
6674
6675
6675
6676
6676
6678
6678
6680
6682
6682
6682
6683
6686
6686
6687
6688
6689
6690
6691
6691
6693
6694
6696
6696
6696
6697
6700
6700
6701
6702
6703
6703
6705
6706
6707
6708
6708
6711
6711
6711
6712
6714
6715
6716
6716
6719
6719
6720
6720
6722
6724
6725
6726
6726
6727
6728
6729
6731
6731
6733
6734
6734
6734
6736
6736
6739
6739
6740
6742
6743
6744
6744
6745
6746
6747
6748
6748
6750
6750
6752
6753
6755
6756
6756
6757
6758
6759
6759
6760
6762
6763
6763
6765
6766
6768
6768
6769
6769
6771
6771
6773
6774
6774
6776
6777
6779
6779
6780
6781
6782
6783
6783
6785
6787
6787
6787
6789
6790
6791
6791
6794
6794
6795
6796
6796
6799
6799
6800
6801
6801
6803
6805
6805
6806
6807
6807
6809
6810
6812
6812
6814
6815
6815
6816
6816
6817
6820
6820
6821
6822
6824
6824
6825
6825
6827
6827
6828
6829
6832
6833
6833
6834
6835
6836
6837
6838
6839
6841
6842
6842
6843
6843
6844
6845
6848
6848
6848
6851
6851
6852
6852
6853
6855
6855
6857
6857
6859
6860
6860
6863
6863
6864
6864
6867
6867
6867
6869
6869
6870
6871
6873
6874
6874
6877
6877
6878
6879
6880
6882
6882
6883
6883
6886
6886
6888
6889
6890
6891
6891
6892
6893
6894
6894
6897
6897
6898
6900
6901
6901
6902
6902
6903
6906
6906
6906
6909
6910
6910
6911
6911
6913
6913
6915
6916
6918
6918
6918
6920
6921
6921
6924
6924
6924
6926
6928
6928
6930
6930
6931
6931
6932
6934
6935
6937
6937
6938
6939
6940
6941
6941
6944
6944
6944
6945
6947
6947
6950
6950
6951
6951
6952
6953
6954
6955
6957
6959
6960
6960
6961
6962
6963
6964
6964
6965
6967
6967
6969
6970
6971
6972
6973
6974
6976
6977
6977
6978
6978
6981
6981
6982
6982
6984
6985
6986
6987
6988
6988
6990
6991
6992
6993
6994
6995
6996
6998
6998
7000
7001
7002
7002
7002
7004
7004
7007
7007
7007
7009
7010
7011
7012
7013
7014
7014
7015
7017
7018
7019
7021
7022
7022
7023
7023
7025
7026
7027
7028
7029
7031
7031
7032
7034
7034
7034
7037
7037
7038
7039
7041
7041
7043
7043
7044
7044
7045
7047
7048
7048
7051
7051
7051
7053
7054
7056
7056
7058
7059
7060
7060
7062
7062
7063
7064
7064
7066
7068
7069
7069
7071
7071
7072
7073
7074
7075
7075
7077
7079
7080
7081
7081
7082
7082
7085
7086
7086
7087
7088
7090
7090
7091
7093
7093
7094
7095
7096
7096
7098
7100
7100
7101
7103
7104
7104
7105
7106
7107
7108
7108
7110
7111
7112
7113
7114
7116
7116
7116
7119
7119
7119
7120
7122
7122
7124
7125
7125
7128
7128
7129
7130
7130
7131
7132
7135
7136
7136
7136
7138
7140
7141
7142
7143
7143
7144
7145
7146
7147
7148
7150
7151
7151
7151
7153
7154
7154
7157
7157
7158
7159
7160
7160
7162
7162
7164
7164
7166
7167
7169
7169
7169
7171
7172
7173
7174
7175
7175
7176
7178
7179
7180
7180
7183
7183
7185
7186
7187
7188
7188
7188
7189
7191
7192
7194
7194
7195
7195
7196
7198
7199
7201
7202
7202
7203
7204
7206
7206
7206
7208
7210
7211
7211
7212
7214
7214
7214
7217
7217
7217
7220
7221
7221
7221
7223
7224
7225
7227
7228
7229
7229
7230
7231
7232
7233
7235
7235
7236
7236
7239
7239
7240
7242
7242
7244
7245
7245
7247
7248
7248
7249
7250
7252
7253
7253
7254
7254
7255
7258
7259
7260
7260
7261
7262
7262
7263
7266
7266
7267
7268
7269
7270
7272
7272
7273
7275
7276
7277
7277
7278
7279
7280
7282
7283
7284
7284
7285
7285
7288
7288
7288
7291
7292
7292
7293
7293
7294
7295
7297
7298
7299
7299
7301
7302
7304
7304
7304
7306
7307
7307
7310
7310
7310
7313
7313
7315
7315
7315
7316
7317
7319
7319
7321
7322
7324
7324
7325
7327
7327
7328
7328
7330
7331
7331
7334
7334
7335
7336
7336
7339
7339
7339
7341
7342
7342
7343
7345
7345
7346
7348
7349
7349
7351
7353
7353
7354
7354
7355
7357
7357
7360
7361
7361
7362
7364
7364
7364
7365
7368
7368
7368
7370
7372
7372
7373
7374
7376
7376
7376
7378
7378
7380
7381
7383
7383
7383
7385
7387
7387
7388
7389
7389
7390
7393
7393
7394
7395
7395
7397
7398
7400
7400
7401
7402
7403
7403
7405
7406
7408
7408
7409
7409
7412
7412
7412
7414
7416
7416
7417
7417
7420
7420
7421
7421
7423
7423
7424
7425
7426
7428
7429
7430
7431
7431
7433
7434
7434
7436
7437
7438
7439
7441
7441
7442
7443
7445
7445
7446
7447
7447
7448
7449
7450
7452
7453
7453
7455
7456
7457
7457
7458
7459
7460
7461
7462
7465
7465
7467
7467
7468
7468
7470
7470
7473
7474
7474
7475
7476
7478
7478
7480
7481
7481
7481
7482
7483
7484
7485
7486
7488
7488
7490
7492
7492
7493
7493
7496
7496
7497
7498
7498
7500
7501
7502
7503
7504
7505
7506
7506
7508
7509
7511
7511
7511
7512
7515
7515
7515
7516
7518
7519
7520
7520
7523
7524
7524
7525
7526
7528
7528
7529
7531
7531
7533
7533
7535
7535
7535
7536
7538
7539
7540
7542
7542
7542
7543
7545
7547
7547
7548
7550
7550
7551
7552
7553
7555
7556
7556
7556
7558
7559
7560
7561
7563
7563
7564
7566
7566
7568
7568
7569
7569
7571
7572
7573
7574
7575
7575
7577
7578
7580
7581
7581
7582
7584
7585
7585
7585
7587
7589
7589
7590
7592
7593
7593
7594
7595
7596
7598
7599
7599
7600
7600
7602
7603
7605
7605
7605
7607
7607
7608
7610
7611
7612
7613
7613
7616
7616
7617
7618
7620
7620
7622
7622
7623
7625
7626
7626
7627
7629
7629
7629
7630
7632
7634
7634
7635
7636
7637
7638
7639
7639
7641
7642
7643
7644
7645
7646
7647
7648
7649
7649
7650
7651
7653
7654
7655
7656
7657
7658
7659
7660
7661
7662
7662
7665
7666
7666
7667
7668
7669
7670
7670
7672
7673
7674
7675
7676
7677
7679
7679
7680
7681
7681
7684
7685
7685
7686
7686
7687
7690
7690
7690
7691
7693
7694
7695
7696
7697
7699
7700
7700
7701
7702
7702
7704
7705
7706
7707
7707
7709
7711
7712
7713
7714
7715
7716
7717
7717
7718
7719
7720
7721
7722
7724
7724
7725
7727
7727
7728
7729
7730
7731
7733
7734
7734
7734
7737
7737
7738
7739
7740
7741
7743
7744
7744
7745
7747
7747
7747
7748
7751
7752
7753
7754
7754
7754
7756
7756
7759
7759
7759
7761
7761
7762
7764
7765
7766
7766
7768
7770
7771
7772
7772
7773
7774
7775
7776
7778
7778
7779
7781
7781
7782
7783
7785
7786
7786
7786
7788
7789
7791
7791
7792
7792
7793
7796
7797
7797
7798
7799
7800
7800
7803
7804
7804
7805
7807
7807
7809
7809
7810
7811
7811
7813
7814
7815
7816
7817
7818
7819
7820
7820
7822
7823
7823
7825
7826
7827
7827
7830
7831
7831
7832
7833
7834
7835
7836
7837
7838
7840
7840
7841
7842
7842
7843
7845
7845
7846
7847
7850
7851
7852
7853
7853
7855
7855
7856
7857
7858
7859
7861
7861
7862
7864
7864
7866
7867
7867
7868
7869
7870
7871
7872
7873
7875
7876
7876
7876
7878
7878
7879
7880
7883
7884
7885
7885
7885
7886
7888
7889
7889
7891
7892
7894
7895
7896
7897
7898
7899
7899
7899
7900
7901
7902
7904
7906
7906
7907
7907
7908
7909
7910
7913
7913
7914
7915
7917
7918
7918
7919
7920
7920
7921
7923
7925
7925
7926
7928
7929
7930
7930
7930
7932
7933
7933
7934
7937
7937
7938
7938
7940
7942
7943
7943
7944
7944
7947
7947
7947
7950
7950
7950
7953
7954
7955
7956
7956
7956
7958
7959
7961
7961
7961
7963
7963
7965
7966
7966
7967
7968
7971
7971
7972
7973
7973
7975
7976
7977
7979
7979
7979
7981
7981
7982
7983
7986
7987
7987
7988
7990
7990
7991
7992
7992
7994
7995
7996
7997
7997
7998
8000
arquivo ordenado pelo algoritmo quicksort tempo da ordenação = 0 nanosegundos

