0
0
1
3
3
3
3
4
5
6
8
9
9
9
10
12
13
14
14
14
15
17
19
19
20
24
24
25
25
28
28
28
28
29
30
31
34
35
36
38
41
41
41
45
45
45
46
47
47
48
49
49
49
50
50
51
53
53
54
55
55
56
58
58
59
59
61
63
63
64
72
72
74
74
75
76
78
79
79
79
80
80
81
82
83
83
83
84
85
86
86
89
90
92
95
97
99
100
100
100
101
102
102
103
103
103
103
104
104
105
106
109
109
110
111
113
114
114
114
115
115
117
117
117
117
119
121
122
122
123
124
124
125
126
127
128
128
129
129
130
131
131
131
131
132
132
133
133
136
137
138
140
143
144
144
144
145
145
148
149
151
151
152
156
158
158
158
159
160
160
161
161
161
162
163
163
163
164
164
165
167
168
168
168
169
170
170
172
172
173
176
178
179
179
180
182
183
185
186
186
187
187
190
191
191
193
194
194
197
198
199
200
200
202
203
203
203
203
204
204
205
205
206
206
209
211
211
213
213
214
216
217
218
220
221
223
223
223
224
226
228
230
230
231
232
233
234
234
234
234
235
236
236
240
244
245
245
246
246
247
247
248
249
249
250
251
251
251
251
252
254
255
255
255
256
257
258
258
258
262
262
263
264
265
266
266
267
268
268
269
271
273
273
275
276
276
277
278
278
279
280
282
282
283
284
286
286
286
289
289
290
293
293
294
295
295
298
299
300
300
300
301
301
302
303
303
304
304
305
305
305
307
308
311
311
314
315
316
316
316
316
316
317
318
318
318
318
322
327
327
328
329
329
330
332
334
336
338
338
339
339
339
340
342
343
343
344
344
345
346
346
346
347
347
348
350
351
352
353
353
354
354
354
355
355
356
356
361
362
363
363
364
365
369
370
373
373
373
374
374
375
375
376
376
381
382
383
384
386
386
388
390
390
391
393
394
394
394
395
395
397
398
404
404
404
404
405
407
407
407
408
408
409
410
410
412
412
412
415
415
418
419
421
421
422
424
424
427
428
428
429
432
433
433
434
436
437
438
439
439
441
441
442
442
443
445
446
446
448
448
448
449
449
450
451
451
452
452
453
454
455
458
459
460
461
461
464
465
466
467
468
468
468
469
472
472
473
475
476
477
478
481
482
485
487
489
491
493
494
494
494
495
496
497
498
498
502
503
506
506
506
506
507
508
508
509
509
509
510
510
510
511
511
512
513
513
514
514
515
515
515
518
521
521
524
525
525
526
526
528
528
528
530
533
534
535
535
538
539
540
540
540
540
541
542
543
546
546
548
550
550
551
552
552
553
553
554
554
555
556
556
556
557
559
560
560
560
561
561
561
564
564
565
566
566
567
568
568
568
570
571
571
571
572
572
575
579
580
581
582
582
582
582
584
584
585
586
587
588
588
589
593
594
597
598
598
599
599
600
602
603
603
604
605
608
609
610
612
612
613
614
616
616
617
617
617
619
621
622
624
624
625
626
627
627
627
629
629
630
631
632
633
634
634
634
635
635
635
636
639
640
641
644
645
646
648
649
650
650
650
651
651
651
653
653
654
654
656
656
657
658
658
658
660
662
663
664
664
666
666
667
668
668
669
669
671
673
673
674
674
675
676
677
680
680
683
685
686
687
687
688
689
690
693
693
694
694
695
695
696
696
696
697
697
697
698
698
699
699
700
701
701
702
705
706
708
709
713
715
715
716
716
716
720
720
720
721
724
724
724
732
733
734
735
737
738
738
738
740
740
741
742
743
745
745
745
747
749
750
752
752
753
754
754
760
762
763
765
766
769
769
769
770
771
772
772
773
774
774
778
782
783
783
784
784
786
787
787
788
788
791
791
794
794
795
795
797
797
799
800
801
801
802
803
803
804
805
806
808
808
808
808
809
810
811
812
812
814
814
816
816
816
816
817
817
817
821
821
821
826
826
827
827
828
829
829
829
829
829
829
831
833
835
837
837
841
841
842
845
848
848
848
849
850
851
851
851
851
852
853
855
856
858
859
861
863
867
868
871
873
874
876
876
877
878
879
882
882
885
886
887
887
888
889
889
891
892
893
894
895
895
896
896
898
899
899
902
905
905
908
908
909
909
910
913
914
917
917
918
920
921
922
924
925
925
925
926
926
926
929
930
931
931
932
932
934
934
939
939
941
942
944
947
949
954
954
959
963
965
966
967
968
968
969
969
970
972
972
974
975
975
976
976
981
981
985
985
986
986
987
989
990
994
994
995
996
996
998
1000
1000
1001
1001
1002
1004
1005
1005
1008
1010
1013
1013
1013
1017
1017
1017
1020
1020
1021
1021
1022
1022
1023
1023
1023
1025
1025
1025
1025
1026
1028
1029
1029
1030
1038
1040
1040
1041
1043
1043
1043
1047
1047
1048
1049
1051
1052
1056
1056
1058
1059
1059
1060
1063
1067
1069
1070
1070
1070
1071
1071
1071
1071
1074
1074
1075
1078
1081
1082
1084
1085
1086
1088
1088
1088
1088
1090
1092
1092
1093
1093
1094
1095
1095
1097
1097
1098
1098
1100
1100
1101
1102
1102
1102
1103
1103
1103
1105
1107
1107
1108
1108
1109
1110
1112
1113
1113
1113
1113
1114
1115
1116
1118
1118
1118
1118
1119
1119
1119
1120
1120
1123
1124
1125
1125
1127
1128
1128
1129
1129
1131
1132
1132
1132
1132
1134
1135
1135
1135
1135
1135
1136
1137
1137
1140
1142
1142
1143
1143
1144
1146
1147
1147
1148
1152
1153
1153
1153
1153
1157
1157
1160
1161
1161
1161
1163
1163
1164
1165
1168
1169
1169
1170
1170
1172
1173
1175
1175
1175
1176
1177
1178
1178
1178
1178
1181
1182
1182
1183
1184
1185
1186
1188
1188
1190
1190
1191
1191
1194
1194
1194
1195
1196
1196
1197
1198
1198
1199
1201
1201
1201
1203
1203
1204
1204
1205
1209
1210
1211
1211
1212
1213
1214
1214
1216
1217
1218
1218
1218
1218
1220
1221
1222
1223
1223
1225
1226
1226
1227
1228
1229
1230
1232
1232
1233
1233
1235
1236
1236
1237
1237
1237
1239
1240
1241
1242
1245
1245
1246
1251
1251
1252
1254
1255
1255
1256
1256
1256
1257
1259
1259
1261
1261
1261
1262
1262
1264
1265
1266
1267
1268
1269
1270
1270
1271
1271
1272
1272
1274
1274
1274
1274
1274
1276
1276
1277
1278
1279
1280
1282
1282
1284
1287
1289
1289
1293
1293
1293
1293
1293
1294
1295
1296
1296
1299
1301
1304
1306
1306
1307
1307
1307
1309
1309
1310
1310
1311
1314
1314
1315
1316
1320
1324
1327
1328
1330
1330
1332
1332
1333
1334
1334
1334
1336
1336
1336
1338
1340
1342
1346
1347
1347
1347
1349
1350
1353
1354
1359
1361
1362
1363
1365
1365
1366
1367
1370
1372
1373
1373
1374
1374
1376
1376
1376
1378
1378
1380
1380
1380
1380
1381
1381
1383
1383
1384
1384
1388
1393
1394
1394
1394
1395
1396
1399
1399
1399
1399
1399
1400
1401
1402
1404
1404
1405
1407
1407
1408
1408
1409
1409
1416
1417
1417
1419
1420
1420
1421
1422
1424
1426
1429
1430
1430
1432
1433
1433
1433
1436
1438
1438
1440
1441
1443
1444
1445
1446
1447
1447
1447
1448
1452
1452
1454
1455
1457
1458
1458
1459
1460
1460
1462
1463
1464
1465
1467
1467
1468
1469
1469
1470
1470
1471
1474
1474
1474
1475
1476
1476
1476
1477
1478
1479
1480
1481
1482
1484
1484
1487
1488
1488
1489
1489
1490
1492
1492
1494
1495
1498
1498
1499
1500
1502
1502
1506
1506
1506
1510
1510
1511
1512
1513
1514
1514
1517
1517
1518
1518
1519
1519
1519
1520
1520
1521
1521
1524
1526
1527
1528
1528
1529
1532
1533
1536
1538
1538
1539
1540
1540
1540
1540
1540
1540
1541
1542
1542
1542
1544
1547
1549
1549
1550
1552
1552
1554
1555
1555
1556
1557
1558
1559
1561
1562
1562
1563
1564
1565
1565
1565
1567
1568
1569
1570
1570
1570
1570
1570
1572
1573
1573
1575
1575
1575
1576
1579
1579
1579
1579
1580
1581
1582
1582
1582
1585
1586
1588
1588
1588
1589
1590
1591
1591
1591
1592
1592
1592
1596
1600
1602
1602
1602
1602
1605
1605
1605
1606
1607
1607
1609
1609
1609
1610
1612
1616
1617
1618
1618
1619
1619
1619
1619
1619
1621
1622
1622
1622
1626
1627
1627
1627
1629
1630
1630
1631
1631
1632
1634
1635
1638
1638
1638
1641
1643
1644
1645
1645
1647
1648
1650
1651
1651
1651
1654
1656
1656
1656
1657
1657
1658
1658
1660
1660
1660
1660
1661
1661
1662
1662
1664
1664
1667
1668
1671
1672
1674
1674
1674
1676
1678
1678
1678
1679
1680
1680
1682
1683
1683
1684
1686
1687
1687
1687
1687
1688
1689
1690
1691
1691
1692
1692
1693
1693
1694
1695
1698
1701
1701
1701
1701
1702
1702
1702
1703
1703
1705
1706
1707
1708
1708
1710
1711
1711
1712
1712
1713
1714
1714
1715
1716
1716
1718
1719
1720
1722
1722
1728
1729
1729
1729
1729
1731
1732
1735
1738
1739
1739
1739
1740
1740
1742
1742
1742
1742
1743
1743
1744
1745
1745
1747
1750
1750
1751
1751
1751
1752
1752
1753
1755
1755
1756
1760
1765
1766
1766
1769
1769
1769
1771
1771
1771
1772
1772
1772
1773
1774
1776
1777
1779
1781
1782
1784
1784
1785
1785
1786
1786
1788
1788
1788
1789
1789
1790
1790
1790
1791
1791
1791
1794
1796
1797
1799
1799
1800
1804
1805
1805
1806
1806
1807
1807
1810
1811
1811
1811
1812
1812
1813
1813
1814
1815
1815
1815
1817
1818
1818
1819
1820
1820
1820
1821
1821
1823
1825
1825
1826
1827
1827
1827
1828
1829
1829
1830
1830
1830
1831
1831
1832
1834
1834
1834
1834
1837
1837
1838
1838
1839
1839
1840
1840
1840
1842
1844
1844
1846
1847
1849
1849
1850
1850
1850
1853
1855
1857
1859
1859
1861
1861
1861
1863
1863
1864
1864
1864
1865
1865
1866
1866
1867
1868
1868
1870
1872
1873
1873
1873
1874
1874
1876
1877
1879
1882
1884
1884
1885
1887
1887
1890
1890
1890
1892
1896
1898
1898
1899
1900
1900
1900
1901
1901
1902
1903
1904
1906
1907
1909
1911
1913
1913
1913
1914
1915
1915
1916
1919
1919
1920
1920
1923
1924
1925
1925
1926
1927
1930
1931
1934
1935
1936
1936
1936
1938
1938
1938
1940
1941
1942
1943
1943
1943
1943
1944
1945
1946
1949
1950
1952
1952
1954
1955
1957
1957
1957
1960
1961
1964
1966
1966
1967
1967
1968
1969
1969
1971
1972
1973
1974
1975
1976
1981
1982
1983
1983
1986
1987
1987
1988
1988
1988
1988
1989
1992
1992
1993
1994
1994
1996
1998
1998
1998
1999
2000
2000
2002
2002
2004
2005
2006
2008
2008
2009
2009
2010
2010
2010
2012
2013
2014
2015
2017
2017
2018
2019
2020
2020
2021
2024
2025
2025
2026
2027
2027
2027
2027
2028
2031
2032
2036
2037
2038
2039
2042
2044
2044
2045
2047
2049
2049
2052
2052
2053
2055
2057
2057
2057
2059
2060
2060
2061
2062
2062
2062
2063
2064
2067
2068
2069
2069
2071
2071
2072
2073
2076
2076
2080
2080
2080
2081
2081
2084
2087
2088
2088
2089
2091
2092
2094
2094
2095
2095
2095
2095
2096
2098
2098
2098
2099
2100
2100
2100
2101
2102
2106
2106
2108
2108
2109
2109
2111
2113
2114
2114
2117
2118
2119
2121
2122
2124
2124
2124
2125
2125
2126
2127
2127
2128
2128
2130
2133
2134
2137
2137
2138
2139
2139
2139
2142
2143
2144
2145
2146
2146
2148
2149
2151
2153
2153
2153
2154
2155
2159
2159
2160
2160
2160
2161
2162
2162
2162
2164
2165
2167
2169
2169
2170
2172
2172
2175
2175
2175
2178
2178
2179
2181
2181
2182
2183
2184
2185
2187
2187
2187
2189
2190
2195
2195
2195
2196
2197
2197
2201
2203
2204
2204
2204
2205
2207
2207
2209
2209
2210
2210
2211
2211
2214
2214
2214
2215
2216
2216
2216
2217
2217
2218
2219
2220
2221
2221
2222
2222
2222
2223
2224
2224
2225
2225
2226
2226
2227
2229
2229
2230
2231
2231
2231
2232
2233
2233
2234
2235
2236
2236
2240
2241
2241
2241
2242
2243
2244
2246
2250
2250
2250
2254
2254
2255
2255
2255
2256
2256
2256
2257
2257
2261
2261
2261
2263
2264
2264
2265
2265
2266
2267
2268
2269
2269
2269
2273
2274
2274
2275
2276
2277
2277
2279
2280
2281
2281
2282
2283
2283
2285
2285
2288
2288
2288
2290
2290
2291
2293
2296
2297
2298
2298
2299
2299
2300
2301
2301
2302
2304
2305
2306
2307
2312
2315
2317
2319
2319
2321
2322
2324
2326
2326
2326
2327
2328
2329
2331
2331
2332
2333
2333
2333
2334
2336
2338
2338
2339
2339
2340
2342
2342
2342
2343
2344
2345
2346
2346
2346
2347
2348
2350
2351
2351
2352
2352
2354
2355
2359
2360
2361
2361
2362
2362
2366
2370
2373
2373
2376
2381
2383
2383
2383
2384
2386
2387
2387
2388
2389
2389
2390
2391
2391
2395
2396
2396
2397
2398
2398
2398
2399
2400
2400
2401
2402
2402
2402
2402
2403
2405
2406
2408
2408
2408
2411
2413
2413
2413
2416
2417
2422
2422
2422
2422
2422
2424
2424
2428
2428
2429
2429
2431
2432
2432
2433
2433
2433
2434
2434
2435
2436
2439
2441
2441
2443
2448
2448
2453
2453
2454
2457
2458
2459
2465
2471
2472
2477
2477
2477
2478
2478
2480
2480
2481
2481
2482
2482
2484
2485
2485
2485
2488
2488
2491
2492
2493
2494
2495
2497
2497
2498
2499
2500
2500
2501
2501
2502
2503
2506
2506
2506
2507
2509
2511
2512
2512
2512
2513
2514
2515
2515
2516
2518
2519
2519
2520
2520
2520
2520
2521
2521
2521
2522
2523
2524
2525
2527
2528
2532
2532
2532
2533
2533
2534
2535
2537
2537
2538
2539
2540
2540
2540
2540
2541
2541
2543
2545
2545
2545
2547
2547
2548
2548
2549
2549
2550
2550
2551
2551
2551
2552
2552
2553
2555
2556
2557
2557
2557
2558
2558
2560
2560
2560
2564
2566
2566
2567
2569
2570
2571
2572
2572
2572
2574
2574
2574
2575
2577
2577
2580
2580
2581
2583
2583
2583
2584
2588
2588
2590
2590
2590
2591
2594
2595
2595
2595
2596
2598
2599
2600
2600
2602
2602
2604
2604
2607
2608
2609
2610
2610
2610
2611
2611
2612
2613
2614
2615
2615
2616
2616
2617
2620
2620
2621
2622
2622
2623
2623
2623
2623
2624
2624
2626
2627
2628
2628
2629
2630
2633
2638
2639
2639
2639
2640
2640
2641
2642
2642
2643
2643
2644
2645
2645
2646
2646
2647
2647
2647
2656
2657
2658
2658
2659
2660
2660
2662
2664
2666
2667
2668
2669
2672
2672
2672
2672
2673
2673
2674
2674
2674
2676
2677
2678
2679
2680
2680
2682
2682
2684
2684
2686
2687
2690
2690
2691
2692
2693
2694
2694
2698
2700
2701
2701
2702
2702
2704
2704
2705
2705
2706
2707
2708
2708
2710
2710
2710
2710
2711
2711
2711
2712
2715
2716
2716
2716
2717
2717
2718
2719
2719
2720
2723
2725
2726
2726
2728
2729
2729
2731
2731
2731
2736
2741
2741
2742
2742
2743
2744
2745
2745
2748
2748
2750
2750
2751
2752
2752
2753
2755
2756
2757
2762
2763
2763
2764
2767
2768
2769
2770
2771
2771
2772
2773
2773
2773
2775
2777
2778
2778
2780
2780
2781
2783
2783
2784
2784
2786
2786
2786
2788
2788
2789
2790
2792
2792
2793
2795
2799
2800
2801
2802
2803
2803
2807
2807
2809
2813
2814
2815
2815
2816
2818
2821
2822
2823
2824
2824
2826
2827
2828
2828
2828
2828
2828
2831
2832
2834
2834
2834
2834
2835
2837
2838
2838
2838
2839
2840
2841
2841
2842
2843
2843
2844
2844
2846
2847
2848
2849
2850
2850
2851
2854
2856
2857
2857
2858
2859
2860
2860
2864
2866
2866
2870
2871
2871
2872
2873
2873
2873
2873
2873
2874
2875
2875
2875
2877
2877
2879
2880
2881
2881
2883
2883
2883
2885
2886
2886
2887
2888
2888
2889
2890
2892
2895
2898
2899
2899
2899
2900
2900
2901
2901
2901
2901
2904
2904
2905
2906
2907
2907
2907
2908
2909
2909
2909
2910
2913
2914
2915
2915
2916
2918
2920
2920
2921
2921
2921
2921
2923
2927
2928
2928
2930
2931
2932
2932
2933
2934
2934
2934
2934
2935
2935
2935
2936
2936
2936
2936
2938
2940
2940
2940
2942
2943
2943
2944
2945
2945
2946
2948
2948
2949
2949
2951
2952
2952
2954
2954
2955
2955
2957
2957
2957
2959
2959
2959
2959
2960
2963
2964
2966
2967
2967
2969
2970
2970
2973
2976
2977
2977
2979
2980
2980
2980
2981
2982
2983
2983
2983
2984
2985
2986
2988
2988
2989
2990
2992
2993
2993
2994
2994
2996
2996
2997
2998
2999
2999
3000
3000
3001
3003
3004
3004
3005
3005
3009
3009
3010
3010
3012
3013
3013
3015
3015
3016
3017
3019
3020
3021
3021
3022
3027
3028
3028
3028
3030
3031
3032
3032
3033
3037
3037
3038
3039
3039
3041
3042
3042
3044
3046
3047
3047
3048
3049
3049
3050
3050
3050
3051
3053
3054
3055
3056
3058
3058
3059
3059
3060
3060
3060
3061
3062
3063
3063
3063
3065
3066
3068
3070
3071
3072
3074
3075
3075
3077
3079
3079
3080
3081
3082
3082
3082
3083
3084
3087
3089
3091
3092
3094
3095
3095
3096
3096
3097
3098
3098
3100
3101
3103
3103
3104
3105
3105
3105
3107
3107
3109
3111
3111
3113
3115
3115
3115
3115
3116
3117
3117
3117
3117
3117
3118
3118
3118
3118
3119
3119
3120
3121
3121
3121
3121
3121
3122
3123
3124
3126
3126
3126
3127
3127
3127
3127
3129
3130
3131
3133
3134
3135
3135
3135
3136
3136
3138
3138
3138
3138
3138
3139
3140
3141
3141
3142
3142
3143
3145
3145
3146
3146
3146
3147
3147
3147
3149
3150
3153
3153
3155
3156
3156
3157
3159
3159
3160
3164
3165
3166
3167
3168
3169
3169
3170
3171
3171
3171
3172
3174
3177
3178
3180
3180
3180
3183
3183
3184
3184
3185
3186
3186
3187
3188
3189
3191
3191
3191
3194
3195
3196
3196
3197
3197
3197
3197
3197
3198
3198
3199
3199
3201
3201
3202
3204
3205
3206
3208
3208
3209
3211
3212
3212
3213
3213
3214
3215
3215
3216
3216
3217
3217
3219
3219
3220
3221
3221
3222
3222
3223
3225
3229
3229
3230
3232
3233
3233
3235
3236
3237
3238
3238
3239
3240
3241
3241
3242
3244
3245
3245
3247
3247
3252
3253
3253
3253
3253
3253
3254
3254
3255
3255
3258
3258
3260
3260
3261
3261
3261
3262
3262
3263
3264
3264
3265
3266
3268
3269
3271
3271
3272
3272
3274
3279
3279
3282
3282
3283
3284
3285
3285
3286
3288
3288
3289
3293
3293
3294
3294
3297
3298
3299
3300
3300
3302
3302
3302
3304
3309
3313
3313
3317
3318
3319
3319
3319
3321
3322
3323
3323
3326
3328
3328
3328
3329
3330
3331
3332
3332
3336
3336
3337
3338
3341
3342
3344
3344
3346
3347
3348
3348
3348
3349
3351
3352
3358
3359
3361
3361
3364
3365
3365
3366
3368
3368
3368
3370
3371
3372
3375
3376
3376
3377
3377
3377
3378
3379
3380
3382
3383
3386
3386
3387
3387
3389
3390
3391
3392
3392
3393
3394
3395
3395
3396
3396
3397
3397
3397
3397
3398
3398
3400
3401
3403
3403
3406
3407
3407
3409
3409
3409
3411
3411
3411
3411
3412
3412
3412
3414
3414
3418
3419
3422
3423
3425
3427
3428
3428
3428
3430
3431
3431
3432
3432
3433
3438
3441
3442
3442
3443
3443
3444
3444
3445
3447
3450
3450
3451
3452
3453
3454
3454
3455
3456
3457
3457
3457
3459
3459
3460
3460
3461
3463
3466
3466
3466
3468
3468
3468
3469
3471
3472
3473
3474
3475
3478
3478
3481
3481
3483
3485
3486
3486
3488
3488
3488
3489
3489
3491
3492
3495
3499
3500
3502
3503
3507
3510
3511
3512
3513
3513
3514
3514
3516
3516
3518
3519
3519
3519
3520
3521
3522
3522
3522
3522
3522
3522
3524
3526
3526
3528
3531
3534
3535
3535
3536
3538
3539
3540
3542
3542
3545
3546
3548
3548
3549
3549
3551
3552
3552
3553
3553
3554
3556
3556
3557
3558
3558
3559
3560
3560
3560
3564
3564
3564
3565
3565
3566
3566
3567
3567
3567
3567
3568
3569
3573
3574
3575
3576
3577
3585
3586
3586
3587
3588
3589
3592
3593
3594
3594
3594
3595
3595
3595
3596
3596
3596
3596
3597
3598
3599
3599
3600
3600
3601
3602
3602
3603
3603
3604
3605
3605
3606
3606
3606
3608
3609
3612
3613
3613
3614
3617
3619
3620
3620
3620
3621
3626
3626
3627
3629
3629
3630
3630
3631
3636
3636
3637
3638
3639
3639
3640
3642
3642
3643
3644
3645
3645
3646
3647
3647
3648
3649
3649
3650
3651
3652
3654
3655
3656
3657
3657
3658
3659
3659
3661
3663
3665
3666
3667
3668
3670
3673
3673
3674
3675
3678
3679
3680
3681
3681
3681
3681
3682
3683
3684
3684
3685
3685
3685
3686
3689
3689
3689
3690
3690
3691
3692
3696
3696
3698
3698
3699
3700
3701
3701
3702
3703
3705
3707
3708
3708
3708
3709
3709
3711
3712
3713
3714
3716
3716
3717
3717
3719
3721
3722
3724
3725
3726
3728
3730
3733
3735
3736
3737
3737
3738
3738
3738
3738
3738
3739
3740
3740
3741
3743
3747
3748
3749
3750
3750
3750
3751
3751
3752
3752
3754
3755
3755
3757
3759
3759
3760
3760
3761
3761
3762
3763
3763
3763
3764
3765
3766
3766
3766
3766
3767
3772
3773
3775
3775
3777
3777
3778
3779
3779
3779
3781
3782
3782
3782
3783
3783
3785
3786
3786
3789
3789
3791
3792
3793
3793
3795
3795
3798
3799
3799
3800
3800
3802
3802
3804
3807
3807
3808
3812
3815
3815
3816
3818
3820
3820
3820
3820
3822
3822
3822
3824
3830
3830
3830
3830
3831
3831
3833
3834
3834
3835
3835
3836
3836
3837
3837
3839
3839
3840
3840
3840
3841
3844
3844
3844
3845
3846
3847
3848
3849
3850
3850
3853
3853
3853
3856
3856
3856
3857
3857
3858
3861
3862
3862
3862
3862
3863
3864
3864
3864
3866
3866
3867
3867
3867
3868
3869
3872
3873
3875
3875
3876
3876
3877
3878
3879
3880
3881
3881
3883
3883
3883
3885
3886
3886
3888
3888
3889
3889
3889
3889
3890
3890
3891
3892
3893
3894
3895
3895
3897
3898
3898
3900
3900
3901
3902
3903
3903
3905
3905
3905
3907
3909
3910
3913
3913
3914
3916
3917
3918
3919
3920
3920
3921
3922
3927
3927
3929
3930
3930
3931
3931
3932
3932
3932
3933
3933
3933
3934
3934
3935
3935
3936
3938
3939
3940
3940
3941
3941
3942
3942
3942
3942
3945
3950
3950
3950
3952
3955
3955
3957
3957
3958
3958
3959
3960
3961
3961
3962
3962
3964
3965
3965
3968
3968
3968
3969
3970
3971
3972
3973
3974
3975
3975
3976
3976
3977
3979
3981
3982
3983
3983
3984
3985
3985
3986
3987
3988
3988
3988
3989
3989
3990
3990
3991
3991
3993
3994
3994
3995
3995
3998
3998
3999
4000
4001
4003
4004
4005
4007
4007
4007
4009
4012
4015
4018
4018
4020
4021
4022
4024
4024
4028
4028
4030
4030
4030
4031
4032
4034
4036
4036
4036
4036
4036
4037
4037
4040
4040
4041
4042
4042
4045
4045
4045
4046
4049
4051
4053
4054
4055
4055
4056
4056
4058
4061
4062
4062
4064
4066
4066
4066
4066
4069
4070
4071
4071
4073
4073
4078
4079
4079
4081
4082
4084
4086
4086
4087
4088
4089
4089
4092
4093
4096
4096
4096
4098
4099
4099
4100
4100
4100
4100
4100
4101
4102
4103
4104
4105
4106
4106
4106
4107
4107
4109
4111
4112
4112
4113
4115
4115
4116
4117
4118
4118
4118
4122
4123
4123
4124
4126
4127
4128
4129
4131
4131
4132
4133
4135
4136
4139
4141
4141
4142
4144
4144
4145
4146
4147
4150
4150
4153
4154
4156
4156
4159
4159
4160
4160
4161
4162
4162
4163
4164
4165
4165
4165
4166
4169
4170
4171
4173
4175
4175
4176
4178
4179
4180
4180
4181
4182
4182
4184
4184
4185
4185
4185
4185
4186
4186
4186
4187
4187
4187
4188
4189
4189
4190
4190
4192
4192
4193
4193
4193
4194
4195
4196
4197
4198
4200
4201
4202
4204
4210
4210
4211
4211
4211
4212
4214
4214
4214
4215
4216
4217
4218
4219
4219
4220
4221
4222
4223
4225
4226
4228
4229
4230
4230
4233
4233
4234
4235
4236
4239
4241
4242
4242
4242
4244
4245
4245
4246
4249
4250
4251
4251
4251
4252
4253
4253
4255
4255
4255
4257
4257
4258
4260
4260
4261
4261
4261
4263
4264
4265
4267
4269
4270
4271
4273
4276
4276
4281
4283
4283
4284
4289
4289
4291
4291
4292
4293
4294
4296
4297
4297
4300
4302
4302
4302
4304
4305
4305
4306
4306
4307
4307
4307
4308
4312
4312
4312
4315
4319
4319
4322
4323
4323
4324
4324
4324
4330
4331
4331
4332
4332
4333
4335
4335
4336
4336
4337
4337
4338
4338
4339
4340
4341
4343
4343
4344
4346
4346
4347
4348
4349
4350
4350
4351
4352
4352
4352
4356
4357
4357
4360
4360
4361
4361
4362
4362
4363
4365
4365
4366
4368
4369
4372
4373
4373
4373
4373
4374
4375
4377
4377
4377
4378
4378
4382
4383
4384
4385
4385
4386
4386
4386
4387
4388
4390
4391
4392
4393
4393
4393
4393
4395
4396
4396
4396
4397
4398
4399
4399
4400
4400
4400
4401
4402
4402
4403
4403
4405
4405
4405
4406
4408
4408
4411
4411
4413
4413
4413
4417
4418
4419
4419
4420
4420
4421
4422
4422
4424
4425
4425
4426
4428
4429
4432
4433
4433
4433
4434
4437
4437
4440
4443
4444
4445
4446
4453
4453
4454
4457
4458
4459
4460
4461
4461
4461
4462
4463
4463
4464
4465
4467
4468
4469
4471
4471
4472
4475
4476
4476
4477
4477
4477
4478
4478
4478
4478
4479
4479
4481
4481
4482
4483
4485
4485
4487
4489
4490
4493
4494
4495
4495
4496
4496
4497
4501
4502
4503
4504
4504
4505
4505
4505
4507
4509
4510
4512
4512
4513
4514
4514
4515
4520
4521
4521
4525
4526
4526
4530
4532
4532
4533
4534
4536
4536
4538
4540
4540
4540
4542
4543
4544
4544
4546
4549
4550
4551
4552
4553
4554
4554
4554
4557
4559
4559
4559
4560
4561
4561
4562
4562
4563
4563
4565
4566
4568
4569
4569
4570
4570
4573
4573
4574
4574
4575
4577
4578
4580
4580
4581
4582
4584
4585
4586
4587
4588
4588
4591
4591
4591
4593
4595
4596
4596
4597
4597
4597
4598
4598
4600
4600
4601
4601
4603
4604
4604
4605
4607
4608
4609
4611
4612
4612
4613
4614
4616
4616
4617
4617
4617
4619
4619
4621
4622
4622
4623
4623
4626
4626
4627
4628
4631
4632
4635
4635
4635
4636
4637
4637
4640
4640
4641
4644
4650
4652
4654
4655
4656
4657
4657
4658
4660
4661
4661
4662
4665
4667
4668
4669
4674
4676
4677
4677
4679
4679
4680
4680
4680
4686
4686
4686
4687
4689
4691
4691
4692
4693
4693
4695
4696
4697
4698
4698
4699
4701
4701
4703
4705
4706
4706
4708
4709
4711
4711
4712
4714
4716
4718
4719
4720
4720
4722
4722
4723
4726
4727
4728
4729
4729
4729
4730
4731
4732
4732
4734
4734
4736
4737
4743
4743
4744
4744
4745
4748
4748
4751
4753
4753
4754
4755
4758
4758
4758
4758
4759
4759
4760
4760
4762
4763
4764
4764
4765
4766
4768
4770
4772
4772
4774
4774
4776
4777
4778
4780
4784
4788
4788
4789
4790
4791
4791
4791
4792
4792
4801
4801
4802
4802
4804
4805
4805
4806
4806
4806
4807
4809
4811
4812
4812
4813
4815
4816
4817
4818
4819
4822
4823
4824
4825
4826
4826
4830
4831
4832
4834
4834
4836
4836
4837
4838
4838
4839
4840
4841
4841
4842
4842
4842
4847
4851
4852
4853
4855
4855
4856
4857
4857
4860
4860
4861
4862
4862
4864
4864
4864
4867
4868
4868
4869
4869
4870
4872
4872
4874
4874
4875
4877
4878
4880
4880
4880
4881
4882
4883
4883
4887
4889
4890
4890
4892
4892
4894
4895
4895
4897
4898
4901
4901
4903
4903
4905
4906
4906
4907
4910
4913
4914
4916
4917
4918
4919
4920
4921
4924
4924
4924
4925
4926
4926
4926
4929
4930
4930
4932
4932
4933
4933
4936
4936
4937
4937
4937
4937
4938
4938
4939
4939
4939
4941
4941
4941
4942
4943
4943
4944
4945
4947
4954
4956
4956
4956
4956
4957
4960
4962
4963
4965
4966
4966
4966
4966
4967
4970
4971
4972
4973
4974
4974
4975
4977
4977
4979
4980
4981
4982
4982
4982
4982
4983
4984
4987
4988
4988
4988
4988
4988
4989
4990
4990
4991
4995
4995
4995
4997
4997
5002
5002
5002
5005
5005
5006
5007
5008
5009
5010
5012
5014
5015
5016
5016
5017
5018
5020
5021
5021
5021
5022
5023
5023
5024
5025
5026
5028
5030
5032
5034
5034
5035
5035
5035
5036
5038
5038
5040
5040
5041
5043
5043
5043
5043
5044
5044
5046
5047
5047
5047
5047
5048
5048
5049
5049
5053
5053
5055
5055
5055
5057
5058
5058
5058
5064
5065
5067
5068
5069
5069
5070
5070
5070
5071
5072
5072
5073
5074
5074
5074
5075
5075
5077
5078
5079
5084
5084
5084
5084
5085
5086
5087
5087
5087
5088
5089
5091
5092
5093
5093
5093
5095
5097
5098
5098
5098
5099
5102
5104
5104
5106
5107
5111
5111
5111
5111
5112
5113
5113
5114
5114
5115
5117
5118
5119
5120
5122
5122
5122
5123
5132
5132
5134
5135
5137
5138
5139
5141
5143
5146
5148
5148
5148
5148
5150
5150
5150
5151
5155
5155
5156
5156
5157
5158
5161
5162
5162
5163
5164
5166
5167
5168
5169
5169
5169
5169
5171
5171
5172
5172
5172
5174
5175
5176
5176
5176
5177
5177
5178
5179
5179
5179
5179
5179
5180
5183
5183
5186
5187
5187
5188
5188
5190
5191
5192
5193
5193
5194
5194
5194
5194
5195
5196
5196
5196
5198
5198
5199
5199
5200
5200
5200
5201
5202
5204
5204
5205
5206
5207
5207
5210
5211
5211
5212
5212
5213
5213
5215
5217
5217
5218
5219
5220
5220
5221
5223
5223
5224
5226
5226
5226
5227
5228
5229
5229
5230
5231
5233
5234
5234
5239
5239
5239
5240
5241
5242
5242
5242
5242
5245
5247
5248
5250
5251
5253
5253
5253
5254
5254
5257
5260
5262
5262
5262
5263
5264
5267
5267
5267
5269
5271
5271
5271
5273
5275
5275
5275
5277
5277
5279
5279
5279
5279
5280
5280
5280
5281
5282
5285
5286
5288
5289
5291
5292
5294
5295
5295
5298
5299
5299
5299
5299
5300
5300
5301
5301
5302
5303
5304
5305
5305
5305
5306
5306
5306
5307
5308
5308
5309
5309
5310
5310
5311
5311
5312
5312
5312
5313
5314
5314
5315
5317
5318
5319
5321
5322
5324
5325
5326
5326
5328
5328
5329
5331
5332
5332
5336
5338
5338
5340
5340
5340
5341
5343
5345
5348
5348
5351
5351
5351
5353
5355
5357
5359
5360
5360
5362
5362
5363
5365
5369
5370
5370
5371
5371
5371
5371
5372
5373
5373
5373
5374
5376
5376
5377
5379
5380
5382
5382
5382
5385
5385
5385
5386
5387
5389
5391
5391
5392
5393
5393
5395
5396
5399
5401
5401
5402
5402
5405
5405
5408
5408
5409
5410
5410
5411
5411
5412
5412
5414
5414
5415
5415
5415
5416
5418
5420
5421
5422
5423
5426
5427
5428
5429
5429
5431
5432
5432
5433
5433
5433
5434
5436
5438
5439
5442
5443
5444
5445
5446
5447
5447
5449
5450
5452
5455
5455
5455
5455
5455
5456
5456
5459
5464
5465
5465
5466
5469
5470
5471
5471
5471
5472
5477
5478
5478
5480
5482
5482
5483
5484
5484
5489
5491
5492
5492
5493
5493
5494
5495
5495
5495
5496
5497
5498
5498
5498
5499
5499
5499
5500
5502
5502
5502
5503
5507
5507
5507
5507
5508
5508
5508
5509
5509
5512
5512
5513
5514
5514
5514
5515
5516
5517
5518
5521
5522
5522
5522
5523
5523
5523
5524
5524
5524
5524
5530
5532
5534
5534
5536
5537
5537
5537
5538
5538
5540
5541
5542
5543
5544
5544
5545
5546
5547
5548
5549
5549
5549
5549
5550
5550
5550
5550
5551
5551
5552
5553
5554
5555
5556
5556
5557
5560
5561
5561
5562
5562
5562
5563
5563
5565
5566
5566
5567
5567
5567
5569
5569
5570
5572
5573
5573
5575
5576
5577
5578
5578
5579
5579
5579
5580
5581
5583
5583
5584
5585
5586
5587
5588
5590
5592
5593
5593
5594
5595
5597
5597
5598
5598
5599
5600
5600
5602
5602
5606
5607
5607
5607
5608
5609
5609
5610
5612
5612
5612
5613
5613
5615
5616
5617
5617
5622
5622
5623
5624
5625
5625
5626
5626
5626
5626
5628
5628
5629
5630
5631
5632
5633
5633
5634
5635
5636
5637
5637
5638
5638
5638
5641
5641
5642
5643
5644
5648
5650
5651
5655
5655
5656
5657
5657
5657
5659
5660
5663
5664
5664
5667
5668
5669
5671
5671
5671
5673
5675
5675
5675
5676
5677
5678
5678
5679
5680
5685
5686
5686
5686
5686
5687
5688
5689
5689
5689
5690
5693
5693
5695
5697
5698
5698
5699
5699
5702
5702
5703
5703
5705
5706
5707
5707
5707
5709
5710
5710
5713
5713
5713
5714
5714
5715
5716
5717
5718
5718
5718
5720
5721
5722
5723
5724
5725
5727
5728
5729
5731
5732
5732
5732
5733
5734
5735
5736
5740
5745
5745
5746
5746
5746
5747
5750
5751
5751
5751
5751
5752
5753
5754
5758
5761
5763
5764
5765
5766
5768
5769
5773
5775
5779
5780
5781
5783
5783
5784
5784
5785
5785
5786
5786
5787
5787
5788
5790
5790
5791
5793
5796
5796
5796
5796
5796
5798
5798
5799
5799
5800
5800
5801
5802
5805
5806
5807
5807
5808
5810
5814
5815
5816
5816
5817
5818
5819
5822
5824
5824
5824
5826
5826
5828
5829
5831
5831
5831
5831
5831
5832
5832
5834
5839
5839
5841
5841
5841
5843
5845
5846
5846
5847
5848
5849
5853
5855
5855
5855
5856
5857
5859
5860
5860
5861
5861
5863
5863
5864
5864
5866
5866
5867
5868
5868
5868
5868
5874
5876
5876
5877
5877
5878
5879
5883
5883
5884
5885
5885
5889
5890
5891
5892
5894
5894
5894
5894
5895
5897
5898
5899
5901
5901
5904
5905
5906
5907
5908
5908
5909
5912
5912
5914
5915
5916
5916
5919
5920
5923
5927
5927
5928
5930
5930
5932
5932
5937
5937
5938
5939
5939
5939
5940
5942
5943
5944
5945
5946
5947
5947
5947
5949
5949
5950
5950
5951
5952
5952
5953
5953
5953
5953
5953
5955
5955
5956
5958
5958
5958
5959
5959
5959
5959
5961
5962
5962
5962
5962
5964
5967
5969
5971
5973
5976
5979
5980
5981
5985
5988
5990
5991
5993
5993
5993
5996
5996
5997
5999
6000
6001
6001
6003
6004
6006
6006
6007
6008
6009
6010
6011
6014
6014
6016
6016
6016
6017
6018
6019
6020
6020
6022
6023
6023
6024
6027
6027
6028
6028
6031
6032
6032
6033
6035
6036
6036
6038
6039
6041
6042
6043
6043
6044
6045
6046
6047
6047
6047
6049
6050
6051
6054
6054
6055
6056
6057
6057
6059
6062
6062
6062
6062
6063
6063
6064
6064
6066
6070
6071
6071
6072
6072
6072
6073
6077
6080
6080
6080
6081
6082
6083
6083
6083
6083
6084
6084
6088
6088
6088
6089
6090
6090
6091
6091
6091
6092
6092
6095
6096
6096
6096
6097
6098
6099
6102
6102
6103
6104
6104
6104
6106
6108
6108
6109
6109
6109
6110
6110
6111
6112
6117
6117
6117
6118
6118
6118
6122
6123
6124
6126
6126
6127
6128
6129
6129
6130
6131
6132
6134
6135
6135
6136
6137
6138
6139
6139
6140
6143
6143
6145
6145
6146
6147
6148
6150
6151
6151
6156
6156
6156
6158
6160
6160
6160
6162
6162
6164
6165
6166
6166
6167
6167
6170
6170
6172
6172
6173
6179
6180
6181
6183
6183
6185
6185
6186
6187
6189
6190
6190
6191
6191
6192
6193
6193
6194
6195
6195
6196
6196
6196
6197
6198
6199
6199
6200
6200
6201
6202
6202
6203
6204
6205
6206
6209
6209
6209
6210
6210
6212
6213
6213
6213
6214
6214
6217
6219
6221
6221
6221
6222
6224
6229
6231
6231
6231
6232
6233
6234
6236
6237
6237
6239
6241
6242
6244
6244
6246
6246
6248
6249
6251
6253
6255
6257
6257
6257
6260
6260
6261
6264
6265
6265
6265
6265
6266
6267
6267
6268
6268
6269
6270
6272
6273
6274
6275
6277
6278
6282
6283
6284
6285
6285
6289
6289
6290
6290
6291
6291
6292
6293
6293
6295
6295
6296
6296
6297
6297
6299
6300
6301
6301
6303
6303
6304
6304
6304
6304
6306
6306
6307
6308
6309
6310
6312
6312
6313
6314
6314
6317
6318
6319
6321
6322
6322
6325
6325
6326
6326
6327
6329
6330
6331
6333
6335
6335
6337
6338
6338
6339
6341
6341
6342
6343
6344
6345
6348
6349
6351
6352
6353
6353
6355
6355
6357
6358
6359
6359
6360
6360
6361
6363
6363
6365
6366
6368
6368
6371
6371
6372
6372
6374
6374
6375
6375
6375
6376
6376
6377
6378
6379
6379
6379
6380
6381
6383
6384
6385
6386
6386
6387
6389
6390
6390
6391
6391
6391
6391
6393
6394
6394
6396
6397
6397
6398
6405
6405
6406
6407
6409
6410
6412
6412
6413
6414
6414
6414
6414
6417
6420
6423
6424
6427
6429
6430
6430
6433
6434
6435
6435
6438
6439
6440
6442
6444
6444
6446
6447
6448
6449
6450
6452
6452
6453
6453
6454
6456
6456
6457
6459
6459
6459
6460
6461
6462
6462
6462
6465
6465
6466
6466
6466
6468
6470
6470
6471
6473
6474
6474
6475
6475
6476
6478
6478
6478
6481
6481
6483
6483
6485
6486
6486
6487
6488
6489
6489
6495
6495
6496
6496
6497
6498
6498
6500
6500
6502
6503
6503
6504
6505
6505
6506
6506
6506
6509
6509
6510
6511
6512
6513
6513
6515
6515
6518
6518
6519
6520
6520
6522
6523
6523
6524
6525
6526
6528
6528
6529
6530
6530
6530
6531
6533
6533
6534
6535
6537
6538
6540
6541
6541
6541
6541
6541
6542
6542
6545
6545
6545
6546
6546
6548
6549
6550
6551
6551
6552
6552
6554
6554
6555
6556
6557
6559
6559
6561
6561
6561
6561
6562
6563
6564
6567
6567
6568
6568
6568
6572
6572
6573
6573
6573
6574
6576
6577
6577
6578
6581
6581
6581
6585
6585
6586
6587
6588
6589
6589
6590
6591
6592
6592
6596
6597
6597
6598
6598
6598
6599
6599
6599
6601
6602
6603
6603
6604
6605
6606
6607
6607
6609
6610
6612
6613
6615
6616
6617
6617
6618
6619
6621
6624
6626
6630
6631
6632
6632
6636
6637
6637
6638
6639
6641
6642
6644
6645
6648
6648
6649
6651
6651
6652
6652
6652
6654
6655
6655
6656
6657
6657
6658
6659
6660
6661
6662
6663
6664
6665
6665
6665
6666
6666
6666
6666
6666
6669
6669
6671
6673
6674
6678
6679
6680
6680
6681
6681
6683
6684
6690
6691
6691
6692
6692
6693
6694
6694
6694
6694
6694
6696
6697
6698
6698
6699
6699
6700
6701
6701
6702
6705
6707
6707
6709
6710
6710
6711
6712
6712
6713
6715
6715
6715
6716
6716
6716
6717
6717
6718
6720
6721
6722
6722
6723
6723
6726
6727
6728
6728
6729
6730
6731
6731
6734
6735
6735
6735
6735
6736
6736
6736
6738
6739
6741
6742
6743
6743
6744
6746
6746
6747
6748
6748
6750
6752
6757
6757
6758
6759
6759
6761
6761
6762
6765
6766
6766
6766
6767
6768
6768
6768
6769
6769
6772
6772
6774
6775
6779
6781
6781
6782
6783
6783
6784
6786
6786
6787
6787
6788
6790
6790
6790
6791
6794
6794
6794
6795
6796
6797
6798
6800
6800
6801
6802
6805
6805
6806
6808
6808
6808
6810
6811
6811
6812
6813
6814
6816
6817
6819
6819
6819
6820
6820
6821
6823
6823
6823
6823
6825
6826
6826
6826
6826
6832
6833
6834
6836
6837
6838
6839
6839
6840
6840
6841
6843
6844
6847
6847
6848
6849
6849
6849
6850
6851
6851
6853
6855
6858
6862
6862
6864
6868
6868
6870
6870
6871
6872
6872
6873
6873
6873
6874
6875
6877
6879
6879
6879
6880
6881
6882
6883
6884
6884
6884
6885
6886
6887
6887
6888
6888
6888
6890
6890
6891
6891
6892
6892
6892
6893
6894
6896
6898
6899
6900
6902
6902
6903
6904
6904
6904
6905
6905
6906
6907
6908
6909
6910
6911
6911
6911
6913
6914
6915
6915
6915
6915
6916
6916
6917
6917
6919
6920
6920
6922
6922
6922
6923
6923
6925
6925
6927
6928
6929
6929
6931
6932
6934
6934
6934
6934
6935
6935
6935
6935
6936
6937
6937
6938
6939
6944
6945
6947
6947
6948
6949
6950
6951
6953
6955
6955
6957
6957
6958
6958
6959
6963
6965
6965
6967
6969
6969
6972
6972
6974
6977
6980
6980
6980
6981
6982
6982
6983
6986
6986
6987
6989
6990
6990
6991
6992
6993
6994
6994
6995
6995
6996
6999
7000
7000
7000
7000
7001
7003
7004
7006
7006
7007
7008
7010
7011
7012
7015
7015
7017
7017
7017
7018
7019
7020
7020
7021
7022
7022
7023
7023
7028
7029
7030
7032
7033
7033
7034
7036
7036
7037
7038
7039
7040
7042
7043
7044
7045
7046
7050
7051
7053
7055
7056
7057
7057
7058
7058
7059
7061
7062
7062
7063
7063
7063
7063
7064
7065
7065
7066
7066
7066
7067
7068
7068
7068
7070
7071
7072
7072
7074
7075
7077
7077
7079
7080
7080
7081
7082
7083
7083
7083
7084
7084
7085
7087
7088
7088
7089
7090
7090
7091
7093
7094
7095
7095
7097
7097
7099
7099
7100
7104
7104
7105
7105
7106
7109
7111
7111
7113
7113
7113
7117
7119
7120
7122
7123
7124
7124
7125
7127
7129
7133
7133
7134
7135
7137
7138
7138
7138
7139
7139
7140
7140
7141
7144
7144
7144
7145
7145
7147
7148
7149
7149
7149
7150
7151
7151
7153
7155
7155
7156
7159
7159
7160
7160
7164
7164
7164
7165
7165
7166
7166
7167
7167
7167
7168
7170
7170
7174
7175
7175
7175
7175
7176
7177
7177
7178
7178
7180
7180
7181
7182
7184
7184
7185
7185
7185
7186
7190
7191
7191
7192
7195
7196
7197
7197
7197
7197
7199
7199
7199
7200
7205
7205
7206
7206
7207
7208
7209
7209
7211
7213
7214
7214
7216
7216
7216
7216
7216
7217
7217
7217
7218
7220
7220
7220
7223
7224
7225
7227
7227
7228
7228
7229
7229
7230
7232
7234
7234
7234
7234
7235
7236
7237
7237
7238
7239
7240
7240
7242
7244
7244
7246
7246
7247
7248
7249
7249
7250
7251
7251
7253
7253
7256
7256
7257
7257
7258
7258
7260
7261
7261
7262
7262
7262
7265
7265
7265
7267
7268
7269
7269
7269
7269
7270
7272
7274
7274
7275
7276
7276
7277
7277
7278
7278
7280
7280
7280
7280
7283
7283
7283
7285
7285
7285
7285
7286
7286
7286
7289
7289
7289
7289
7289
7292
7292
7293
7293
7294
7295
7295
7298
7299
7300
7302
7303
7304
7304
7305
7305
7305
7307
7307
7308
7310
7310
7311
7313
7313
7314
7315
7315
7315
7316
7317
7318
7318
7319
7320
7320
7323
7323
7324
7325
7330
7331
7333
7333
7334
7334
7336
7337
7337
7337
7338
7339
7339
7340
7341
7343
7343
7343
7344
7346
7349
7349
7351
7351
7352
7353
7353
7355
7355
7356
7356
7359
7359
7362
7363
7364
7364
7366
7366
7368
7368
7368
7369
7371
7371
7374
7375
7376
7378
7380
7383
7384
7384
7384
7385
7386
7388
7389
7391
7391
7391
7391
7393
7394
7395
7395
7396
7396
7396
7397
7397
7397
7398
7403
7406
7408
7409
7410
7410
7411
7411
7412
7412
7417
7417
7418
7419
7419
7419
7421
7423
7423
7423
7424
7428
7429
7430
7432
7433
7434
7434
7436
7436
7436
7437
7437
7438
7439
7440
7440
7442
7445
7445
7447
7447
7447
7447
7447
7447
7449
7449
7451
7451
7452
7452
7453
7454
7455
7456
7457
7459
7461
7461
7461
7462
7464
7465
7467
7468
7471
7471
7472
7472
7472
7473
7474
7475
7476
7477
7479
7479
7479
7480
7481
7481
7482
7484
7485
7486
7487
7488
7490
7494
7497
7497
7500
7500
7501
7501
7501
7505
7506
7506
7508
7509
7509
7511
7512
7512
7514
7514
7515
7517
7518
7518
7522
7526
7526
7526
7526
7527
7528
7529
7530
7531
7532
7532
7534
7534
7535
7536
7536
7537
7538
7539
7539
7540
7541
7542
7542
7545
7545
7547
7548
7548
7549
7551
7552
7553
7553
7554
7555
7558
7558
7562
7562
7563
7564
7566
7569
7570
7571
7571
7574
7575
7575
7576
7578
7578
7579
7579
7579
7580
7580
7581
7582
7583
7587
7588
7589
7589
7590
7591
7591
7592
7593
7595
7597
7598
7598
7601
7601
7602
7603
7603
7604
7604
7605
7607
7608
7609
7609
7610
7611
7612
7614
7614
7616
7616
7619
7620
7623
7624
7624
7624
7626
7626
7627
7628
7629
7631
7631
7632
7633
7636
7636
7636
7638
7639
7643
7646
7647
7648
7648
7649
7651
7653
7654
7654
7654
7655
7665
7665
7667
7667
7668
7670
7674
7674
7675
7676
7676
7677
7680
7680
7684
7684
7684
7686
7687
7688
7688
7688
7689
7690
7690
7690
7690
7691
7691
7691
7694
7695
7698
7698
7698
7699
7700
7700
7701
7701
7703
7703
7703
7704
7704
7705
7705
7707
7707
7708
7708
7709
7712
7714
7715
7715
7716
7716
7721
7722
7722
7723
7724
7725
7727
7728
7729
7729
7730
7730
7731
7731
7732
7733
7733
7733
7735
7736
7737
7737
7738
7739
7739
7740
7740
7741
7742
7742
7743
7746
7746
7747
7747
7747
7749
7749
7752
7754
7755
7755
7756
7756
7756
7756
7757
7759
7760
7765
7769
7771
7772
7772
7772
7774
7774
7775
7775
7776
7777
7778
7778
7780
7782
7783
7784
7786
7787
7788
7788
7789
7789
7790
7791
7791
7792
7792
7793
7795
7798
7801
7802
7802
7805
7805
7805
7805
7809
7809
7809
7809
7810
7810
7811
7813
7814
7814
7815
7815
7818
7818
7819
7819
7820
7820
7823
7825
7825
7826
7826
7828
7828
7829
7830
7830
7831
7831
7832
7832
7833
7833
7834
7834
7834
7836
7836
7837
7839
7839
7839
7839
7840
7841
7841
7843
7845
7845
7845
7846
7847
7848
7849
7850
7850
7852
7852
7853
7854
7855
7856
7858
7860
7860
7861
7861
7862
7864
7865
7866
7868
7868
7869
7871
7872
7872
7873
7877
7877
7877
7878
7879
7880
7884
7885
7886
7886
7887
7888
7890
7890
7892
7893
7895
7895
7897
7899
7899
7900
7900
7901
7901
7902
7902
7903
7904
7906
7907
7907
7907
7907
7911
7911
7913
7915
7916
7916
7916
7917
7917
7918
7918
7921
7922
7922
7922
7924
7924
7926
7927
7927
7927
7928
7928
7929
7929
7930
7930
7931
7933
7933
7934
7936
7937
7939
7939
7940
7940
7943
7944
7948
7950
7953
7954
7954
7954
7956
7956
7956
7956
7957
7957
7957
7958
7958
7961
7962
7963
7964
7965
7966
7966
7967
7968
7968
7970
7970
7970
7971
7971
7972
7973
7973
7974
7976
7977
7977
7977
7977
7978
7978
7979
7979
7981
7981
7981
7982
7982
7984
7984
7986
7986
7986
7990
7991
7991
7994
7995
7995
7997
7997
7998
7999
7999
8000
8000
8004
8005
8006
8008
8008
8008
8009
8010
8012
8013
8017
8017
8018
8021
8021
8022
8023
8024
8025
8026
8026
8027
8027
8028
8029
8031
8031
8031
8033
8034
8034
8035
8037
8038
8038
8039
8039
8040
8042
8043
8044
8049
8050
8051
8053
8055
8056
8056
8057
8057
8058
8058
8060
8060
8062
8062
8063
8063
8063
8065
8065
8065
8066
8068
8069
8070
8071
8071
8071
8071
8072
8072
8072
8074
8074
8077
8078
8079
8082
8082
8083
8085
8087
8088
8088
8089
8092
8093
8094
8095
8095
8097
8097
8097
8098
8098
8098
8100
8100
8101
8102
8102
8102
8104
8104
8107
8107
8112
8112
8113
8114
8116
8118
8118
8120
8120
8122
8124
8124
8126
8128
8129
8129
8130
8131
8133
8134
8136
8136
8137
8138
8139
8139
8140
8141
8143
8145
8145
8146
8147
8147
8147
8148
8150
8150
8150
8151
8151
8153
8155
8156
8156
8157
8158
8158
8159
8161
8162
8162
8165
8165
8166
8166
8166
8168
8169
8169
8170
8170
8171
8171
8171
8172
8174
8176
8177
8179
8182
8183
8183
8184
8185
8185
8186
8186
8187
8188
8188
8188
8188
8189
8190
8191
8191
8192
8193
8195
8196
8200
8201
8202
8204
8204
8206
8207
8207
8208
8208
8209
8209
8210
8210
8210
8211
8213
8213
8214
8216
8217
8221
8222
8222
8223
8225
8226
8227
8227
8228
8229
8229
8230
8231
8231
8231
8232
8232
8232
8233
8233
8233
8235
8235
8235
8237
8237
8244
8244
8246
8246
8247
8248
8250
8250
8251
8251
8252
8252
8252
8254
8256
8259
8260
8263
8263
8264
8265
8266
8267
8267
8268
8269
8270
8270
8271
8272
8273
8274
8275
8275
8277
8278
8278
8279
8280
8280
8280
8280
8281
8281
8282
8283
8283
8285
8286
8286
8287
8287
8287
8288
8290
8290
8291
8295
8299
8299
8300
8301
8301
8301
8304
8304
8305
8306
8306
8307
8309
8311
8312
8313
8314
8315
8315
8315
8317
8320
8320
8320
8323
8323
8324
8325
8327
8328
8328
8328
8328
8329
8331
8332
8337
8341
8344
8347
8347
8347
8348
8349
8350
8350
8352
8352
8353
8354
8354
8354
8355
8358
8362
8363
8366
8367
8367
8368
8368
8370
8370
8371
8374
8375
8375
8375
8376
8378
8380
8381
8381
8382
8383
8385
8385
8386
8386
8387
8387
8391
8392
8392
8393
8393
8394
8395
8396
8397
8397
8399
8399
8400
8401
8403
8404
8405
8405
8406
8407
8407
8408
8408
8410
8410
8411
8412
8412
8413
8413
8414
8414
8415
8416
8417
8418
8419
8421
8421
8425
8425
8426
8426
8426
8427
8427
8428
8428
8429
8430
8430
8430
8434
8434
8435
8435
8435
8436
8442
8443
8443
8444
8446
8448
8450
8451
8453
8454
8454
8456
8457
8458
8459
8459
8460
8462
8462
8462
8464
8465
8465
8465
8466
8468
8468
8469
8470
8471
8472
8473
8474
8475
8476
8479
8482
8483
8485
8485
8485
8485
8485
8486
8487
8488
8488
8489
8490
8490
8491
8492
8493
8494
8498
8499
8500
8503
8503
8503
8504
8504
8504
8506
8506
8507
8508
8508
8508
8509
8511
8512
8516
8517
8519
8520
8521
8522
8523
8526
8526
8529
8530
8530
8530
8531
8534
8536
8537
8537
8537
8539
8539
8540
8541
8542
8543
8543
8543
8544
8544
8546
8547
8548
8549
8549
8549
8549
8552
8555
8555
8558
8558
8559
8560
8561
8563
8564
8565
8566
8567
8568
8569
8570
8571
8571
8571
8573
8573
8573
8573
8575
8576
8576
8577
8580
8580
8581
8582
8582
8582
8584
8584
8585
8587
8587
8589
8589
8590
8590
8591
8591
8592
8592
8592
8593
8595
8596
8596
8597
8598
8599
8599
8602
8604
8604
8604
8604
8606
8607
8609
8609
8613
8613
8614
8615
8615
8616
8616
8616
8617
8618
8618
8619
8620
8624
8624
8628
8631
8632
8634
8635
8635
8636
8636
8637
8639
8639
8640
8641
8642
8644
8645
8646
8646
8647
8647
8648
8650
8652
8653
8653
8655
8656
8661
8661
8664
8666
8666
8667
8667
8667
8669
8669
8669
8670
8670
8671
8672
8674
8678
8678
8681
8685
8686
8687
8687
8687
8689
8689
8692
8692
8693
8694
8694
8694
8696
8697
8697
8697
8699
8700
8701
8701
8703
8704
8704
8704
8704
8706
8708
8710
8710
8711
8712
8714
8715
8716
8719
8719
8720
8721
8721
8721
8721
8722
8724
8725
8726
8727
8727
8728
8728
8728
8731
8731
8731
8732
8733
8735
8736
8737
8738
8738
8738
8739
8742
8743
8744
8745
8746
8748
8748
8749
8749
8752
8753
8753
8753
8755
8755
8755
8756
8761
8762
8763
8764
8766
8769
8771
8771
8772
8772
8777
8777
8778
8778
8778
8779
8779
8779
8780
8780
8781
8781
8784
8784
8784
8786
8786
8786
8790
8792
8793
8795
8795
8795
8796
8799
8801
8802
8802
8802
8803
8804
8804
8804
8807
8808
8808
8809
8810
8810
8811
8811
8811
8811
8812
8813
8813
8814
8814
8815
8815
8818
8819
8820
8820
8820
8821
8821
8822
8822
8822
8822
8822
8823
8824
8824
8826
8826
8827
8828
8828
8831
8831
8833
8834
8834
8835
8836
8838
8838
8839
8842
8845
8846
8846
8846
8848
8848
8848
8848
8849
8849
8851
8857
8858
8858
8858
8858
8858
8859
8859
8860
8861
8861
8862
8862
8863
8864
8865
8865
8865
8866
8867
8868
8868
8869
8875
8876
8876
8877
8878
8878
8878
8879
8880
8881
8881
8881
8882
8883
8886
8890
8890
8892
8893
8894
8894
8894
8897
8897
8897
8899
8899
8900
8900
8900
8901
8903
8904
8905
8905
8906
8906
8906
8911
8911
8913
8915
8916
8917
8918
8918
8919
8919
8922
8922
8922
8922
8924
8924
8924
8926
8926
8927
8929
8933
8935
8936
8936
8936
8937
8937
8938
8938
8939
8939
8940
8942
8942
8943
8943
8943
8945
8949
8949
8950
8951
8952
8952
8953
8953
8953
8954
8954
8954
8955
8956
8960
8961
8963
8963
8964
8965
8966
8966
8968
8968
8969
8970
8970
8972
8975
8975
8976
8977
8978
8978
8978
8978
8980
8980
8980
8982
8982
8982
8983
8984
8985
8985
8988
8991
8991
8993
8996
8996
8997
8999
8999
8999
9000
9001
9003
9003
9004
9004
9004
9007
9008
9009
9011
9012
9013
9013
9013
9013
9015
9015
9017
9018
9018
9019
9021
9021
9027
9027
9029
9031
9033
9034
9036
9036
9036
9036
9040
9041
9043
9046
9047
9049
9051
9051
9052
9053
9053
9054
9055
9058
9061
9061
9062
9063
9063
9064
9066
9067
9068
9068
9069
9069
9071
9072
9073
9075
9075
9076
9076
9078
9078
9079
9080
9082
9082
9084
9086
9087
9087
9089
9089
9090
9090
9091
9091
9093
9094
9094
9094
9095
9095
9096
9096
9097
9099
9099
9100
9103
9104
9105
9105
9105
9106
9106
9106
9106
9109
9109
9110
9110
9112
9112
9113
9115
9115
9116
9116
9116
9117
9118
9121
9122
9123
9123
9125
9125
9126
9129
9130
9130
9130
9131
9133
9134
9134
9134
9136
9137
9137
9139
9143
9144
9144
9145
9147
9148
9149
9150
9150
9151
9154
9154
9156
9157
9157
9157
9160
9161
9161
9161
9162
9163
9164
9164
9165
9165
9167
9167
9168
9171
9171
9171
9173
9173
9176
9176
9177
9177
9178
9180
9180
9180
9180
9182
9188
9188
9190
9193
9193
9196
9197
9197
9197
9200
9200
9202
9205
9205
9206
9207
9208
9209
9210
9212
9213
9214
9215
9216
9216
9218
9221
9221
9224
9224
9225
9228
9230
9230
9232
9233
9235
9236
9238
9238
9239
9240
9242
9242
9242
9244
9246
9246
9248
9248
9249
9251
9252
9253
9253
9254
9257
9257
9257
9258
9259
9261
9262
9263
9264
9266
9266
9267
9268
9270
9272
9273
9273
9275
9276
9277
9279
9280
9280
9281
9281
9281
9281
9282
9282
9282
9283
9284
9287
9288
9289
9289
9289
9291
9292
9292
9293
9295
9295
9295
9299
9302
9304
9306
9306
9310
9311
9311
9313
9313
9315
9316
9316
9318
9318
9318
9318
9319
9321
9321
9322
9325
9325
9326
9326
9327
9327
9330
9330
9330
9331
9331
9332
9333
9333
9334
9335
9335
9338
9338
9338
9342
9343
9345
9346
9346
9347
9348
9349
9350
9353
9354
9355
9355
9357
9358
9360
9363
9365
9365
9365
9366
9372
9373
9373
9374
9375
9375
9375
9376
9379
9383
9384
9385
9385
9386
9386
9386
9388
9389
9393
9393
9394
9396
9396
9397
9399
9399
9401
9403
9403
9406
9406
9410
9415
9416
9418
9418
9420
9421
9422
9422
9423
9424
9425
9426
9426
9427
9427
9428
9429
9430
9431
9433
9435
9436
9437
9439
9439
9439
9440
9440
9441
9441
9446
9448
9448
9448
9451
9453
9454
9455
9456
9457
9458
9458
9459
9459
9460
9460
9461
9463
9465
9466
9469
9470
9471
9471
9477
9478
9478
9479
9479
9480
9485
9487
9488
9490
9491
9493
9494
9494
9494
9495
9497
9499
9500
9500
9500
9502
9502
9503
9504
9504
9504
9505
9507
9507
9508
9509
9511
9511
9513
9513
9513
9515
9518
9519
9519
9519
9521
9522
9523
9524
9524
9526
9526
9526
9528
9529
9529
9530
9532
9533
9534
9534
9534
9535
9535
9536
9537
9537
9537
9539
9539
9542
9545
9546
9547
9547
9548
9548
9549
9549
9550
9551
9552
9552
9555
9555
9556
9558
9558
9558
9560
9560
9560
9562
9563
9563
9565
9565
9566
9569
9569
9569
9570
9571
9573
9574
9575
9579
9580
9580
9580
9580
9581
9582
9582
9587
9588
9589
9590
9591
9592
9593
9593
9594
9595
9597
9600
9600
9600
9602
9603
9603
9604
9605
9605
9606
9607
9608
9610
9610
9611
9611
9611
9611
9612
9615
9616
9618
9618
9618
9618
9619
9619
9620
9620
9620
9623
9623
9623
9623
9625
9627
9627
9628
9629
9629
9629
9629
9629
9631
9637
9637
9639
9639
9641
9641
9643
9645
9645
9648
9651
9654
9655
9656
9659
9659
9661
9664
9664
9665
9665
9666
9666
9667
9669
9669
9670
9673
9675
9675
9677
9678
9679
9679
9682
9687
9687
9689
9689
9689
9689
9690
9691
9691
9693
9694
9694
9697
9697
9697
9698
9698
9700
9701
9701
9704
9705
9707
9708
9708
9709
9709
9709
9711
9711
9713
9713
9715
9717
9718
9719
9719
9720
9721
9722
9723
9723
9724
9727
9728
9728
9728
9729
9729
9730
9734
9735
9736
9736
9737
9738
9739
9741
9741
9741
9742
9745
9745
9747
9747
9747
9749
9749
9754
9754
9755
9758
9759
9761
9762
9763
9767
9767
9768
9770
9770
9771
9772
9773
9774
9778
9778
9779
9779
9780
9780
9782
9782
9784
9784
9784
9785
9785
9786
9789
9789
9789
9791
9792
9793
9794
9795
9795
9796
9800
9801
9801
9802
9804
9805
9805
9807
9807
9809
9810
9810
9811
9814
9815
9815
9816
9816
9817
9821
9821
9822
9825
9825
9825
9825
9826
9826
9826
9827
9827
9827
9827
9828
9828
9829
9829
9829
9829
9832
9833
9833
9834
9837
9839
9841
9842
9843
9844
9845
9846
9847
9849
9849
9851
9853
9854
9854
9854
9855
9855
9857
9858
9859
9860
9860
9863
9864
9864
9866
9867
9867
9870
9870
9870
9870
9870
9871
9873
9873
9874
9875
9876
9876
9876
9877
9877
9877
9880
9880
9883
9883
9884
9885
9885
9886
9888
9890
9890
9892
9893
9893
9894
9895
9899
9900
9900
9902
9902
9902
9903
9904
9905
9906
9907
9907
9911
9911
9912
9912
9913
9913
9917
9918
9919
9920
9922
9927
9929
9930
9931
9932
9933
9934
9935
9935
9938
9940
9940
9940
9943
9944
9945
9946
9946
9947
9948
9948
9949
9950
9950
9951
9951
9951
9951
9954
9956
9958
9958
9959
9959
9961
9963
9964
9964
9964
9967
9970
9973
9974
9974
9974
9974
9976
9976
9977
9977
9979
9982
9983
9983
9985
9985
9987
9989
9990
9991
9991
9992
9994
9994
9995
9995
9996
9996
9996
9997
9999
10001
10002
10003
10006
10007
10008
10009
10009
10009
10009
10010
10011
10012
10015
10015
10016
10017
10017
10018
10019
10020
10021
10022
10022
10025
10025
10029
10029
10029
10033
10035
10035
10038
10040
10044
10044
10045
10046
10047
10047
10047
10047
10048
10049
10049
10050
10050
10050
10051
10053
10053
10055
10055
10056
10056
10057
10058
10058
10059
10059
10059
10060
10060
10061
10062
10062
10062
10063
10064
10065
10068
10068
10068
10074
10074
10076
10077
10077
10078
10079
10079
10079
10080
10081
10081
10081
10083
10083
10084
10085
10085
10086
10087
10090
10090
10091
10091
10091
10093
10093
10094
10095
10096
10097
10098
10099
10099
10100
10101
10103
10103
10105
10105
10105
10107
10109
10109
10110
10114
10115
10116
10117
10117
10118
10121
10123
10124
10124
10124
10125
10125
10128
10130
10131
10132
10133
10134
10134
10135
10136
10136
10137
10138
10139
10139
10140
10141
10144
10144
10145
10146
10147
10147
10147
10148
10148
10148
10149
10149
10149
10150
10150
10155
10155
10158
10158
10158
10159
10162
10162
10162
10164
10164
10165
10166
10166
10167
10169
10169
10170
10174
10176
10176
10176
10176
10177
10178
10180
10180
10182
10184
10188
10189
10190
10191
10192
10193
10193
10194
10195
10195
10195
10196
10196
10196
10197
10197
10198
10199
10199
10199
10200
10201
10202
10202
10202
10205
10206
10208
10209
10210
10211
10211
10212
10213
10214
10214
10216
10217
10218
10219
10222
10222
10225
10227
10227
10228
10230
10231
10232
10233
10233
10234
10236
10236
10236
10237
10237
10237
10238
10242
10242
10243
10243
10243
10244
10245
10245
10247
10250
10252
10254
10254
10256
10259
10259
10259
10260
10261
10262
10263
10263
10265
10267
10268
10270
10270
10271
10272
10273
10275
10276
10276
10276
10280
10281
10283
10283
10284
10285
10285
10285
10288
10289
10289
10290
10291
10293
10293
10293
10297
10299
10300
10300
10302
10303
10305
10306
10306
10306
10307
10308
10308
10308
10308
10310
10313
10314
10314
10315
10316
10318
10320
10320
10325
10327
10328
10331
10333
10333
10333
10333
10333
10334
10335
10335
10336
10337
10337
10340
10341
10341
10342
10342
10342
10343
10344
10344
10345
10345
10346
10346
10346
10347
10347
10348
10348
10352
10352
10353
10354
10354
10354
10355
10356
10358
10358
10359
10360
10362
10363
10364
10364
10365
10365
10366
10367
10368
10368
10370
10371
10372
10372
10372
10373
10375
10375
10375
10377
10378
10379
10379
10380
10381
10382
10383
10385
10387
10388
10389
10390
10392
10393
10393
10395
10395
10396
10397
10399
10399
10399
10402
10403
10404
10408
10408
10409
10412
10417
10418
10422
10422
10424
10425
10426
10427
10429
10431
10432
10432
10433
10433
10434
10434
10434
10436
10438
10440
10440
10441
10442
10443
10443
10447
10448
10449
10450
10452
10452
10453
10453
10454
10455
10457
10460
10462
10465
10468
10468
10469
10472
10472
10472
10472
10473
10476
10476
10478
10479
10479
10480
10480
10482
10483
10486
10486
10486
10486
10489
10489
10491
10492
10492
10494
10494
10495
10496
10497
10499
10501
10504
10505
10506
10506
10506
10508
10509
10510
10510
10511
10511
10511
10514
10515
10515
10517
10520
10520
10522
10523
10523
10525
10526
10526
10526
10526
10527
10530
10531
10532
10532
10534
10535
10536
10536
10542
10543
10544
10545
10547
10547
10547
10548
10548
10549
10549
10552
10553
10556
10558
10559
10561
10561
10562
10563
10565
10568
10569
10570
10572
10572
10573
10574
10574
10577
10578
10580
10582
10583
10584
10584
10588
10588
10589
10589
10591
10591
10592
10594
10596
10596
10597
10601
10603
10604
10604
10604
10605
10605
10606
10609
10609
10610
10611
10612
10613
10615
10617
10617
10623
10623
10625
10627
10631
10631
10632
10633
10635
10635
10635
10637
10637
10638
10640
10640
10640
10643
10646
10648
10648
10648
10649
10649
10649
10650
10651
10654
10654
10655
10656
10656
10658
10658
10659
10660
10661
10661
10662
10665
10665
10666
10667
10669
10670
10670
10670
10671
10672
10673
10673
10674
10674
10676
10678
10678
10678
10681
10683
10684
10686
10686
10687
10687
10688
10688
10689
10691
10691
10691
10694
10694
10694
10695
10698
10699
10700
10700
10701
10701
10704
10705
10705
10706
10706
10707
10707
10707
10709
10711
10712
10712
10713
10713
10714
10714
10716
10717
10720
10724
10727
10728
10729
10729
10729
10730
10732
10732
10732
10734
10735
10735
10736
10737
10737
10737
10737
10738
10739
10739
10740
10740
10742
10742
10744
10746
10747
10747
10749
10749
10750
10751
10752
10753
10754
10756
10756
10756
10758
10758
10758
10759
10759
10761
10761
10761
10762
10762
10763
10764
10764
10765
10766
10768
10770
10773
10775
10776
10776
10777
10778
10779
10779
10780
10781
10781
10783
10784
10787
10790
10792
10793
10794
10795
10795
10796
10797
10797
10800
10800
10802
10803
10803
10804
10806
10807
10810
10811
10812
10812
10813
10815
10819
10819
10822
10823
10823
10824
10824
10824
10825
10825
10826
10827
10827
10827
10827
10828
10831
10831
10832
10833
10835
10835
10836
10836
10836
10837
10837
10838
10839
10840
10840
10840
10842
10842
10842
10842
10843
10843
10844
10845
10845
10846
10846
10846
10848
10848
10850
10851
10851
10851
10852
10852
10854
10855
10856
10856
10857
10858
10858
10859
10859
10860
10861
10861
10862
10863
10864
10864
10864
10867
10868
10868
10869
10870
10871
10872
10873
10874
10875
10875
10876
10877
10877
10878
10879
10882
10883
10885
10886
10886
10886
10888
10890
10890
10891
10891
10895
10896
10897
10898
10898
10899
10900
10900
10905
10908
10908
10910
10913
10914
10916
10917
10919
10921
10921
10923
10923
10925
10925
10926
10928
10928
10928
10930
10930
10932
10932
10933
10934
10934
10934
10936
10936
10937
10937
10938
10938
10939
10940
10941
10941
10943
10943
10943
10944
10945
10945
10945
10945
10947
10948
10949
10952
10953
10954
10956
10957
10957
10959
10959
10960
10961
10961
10961
10963
10964
10965
10965
10966
10967
10969
10969
10971
10971
10972
10972
10973
10975
10975
10977
10980
10980
10981
10981
10981
10987
10988
10989
10989
10991
10992
10992
10993
10994
10994
10994
10994
10995
10995
10996
10997
11000
11001
11002
11003
11004
11005
11009
11009
11010
11010
11012
11012
11013
11014
11014
11015
11016
11016
11018
11018
11019
11020
11021
11021
11022
11025
11025
11028
11029
11029
11031
11032
11034
11036
11037
11037
11039
11040
11042
11043
11043
11047
11047
11049
11051
11052
11052
11052
11053
11054
11055
11055
11056
11057
11058
11058
11058
11060
11061
11062
11062
11063
11064
11068
11069
11069
11071
11072
11074
11075
11076
11078
11078
11078
11079
11080
11080
11084
11086
11088
11088
11090
11090
11091
11092
11092
11094
11094
11094
11095
11097
11097
11097
11097
11097
11097
11104
11106
11109
11110
11110
11110
11110
11111
11113
11115
11118
11120
11121
11121
11121
11124
11125
11128
11129
11129
11131
11133
11133
11133
11134
11137
11138
11138
11139
11139
11141
11144
11144
11147
11148
11148
11148
11149
11151
11153
11153
11155
11155
11155
11158
11159
11160
11160
11161
11161
11163
11164
11166
11166
11166
11169
11170
11171
11171
11173
11173
11174
11174
11175
11176
11177
11178
11179
11179
11179
11180
11181
11181
11181
11182
11184
11185
11186
11186
11186
11188
11190
11194
11196
11197
11199
11200
11201
11201
11201
11201
11201
11202
11204
11206
11208
11210
11212
11212
11213
11214
11215
11215
11217
11218
11219
11219
11219
11221
11222
11223
11227
11228
11230
11233
11234
11234
11234
11235
11235
11236
11236
11237
11237
11237
11238
11238
11238
11239
11240
11241
11241
11244
11244
11244
11245
11245
11246
11248
11249
11250
11250
11252
11253
11254
11254
11255
11255
11256
11256
11257
11258
11259
11262
11262
11262
11262
11263
11265
11269
11270
11271
11271
11272
11273
11276
11277
11277
11278
11278
11279
11280
11283
11284
11284
11285
11285
11286
11287
11288
11290
11290
11293
11294
11295
11295
11296
11296
11297
11297
11300
11301
11302
11303
11303
11305
11306
11307
11307
11309
11309
11311
11311
11312
11314
11316
11317
11318
11318
11319
11320
11320
11320
11323
11324
11326
11327
11328
11331
11331
11334
11335
11338
11339
11339
11340
11340
11341
11342
11343
11344
11345
11345
11347
11347
11347
11347
11348
11351
11351
11351
11352
11352
11354
11356
11356
11357
11357
11357
11358
11360
11361
11362
11362
11362
11362
11363
11365
11365
11365
11365
11368
11368
11368
11369
11369
11373
11373
11374
11375
11376
11376
11377
11379
11382
11384
11385
11386
11387
11387
11387
11388
11388
11390
11390
11390
11392
11393
11393
11394
11396
11397
11402
11404
11404
11405
11406
11407
11407
11408
11408
11409
11410
11412
11412
11413
11417
11417
11417
11418
11419
11419
11419
11421
11422
11423
11423
11424
11424
11426
11426
11427
11427
11428
11428
11429
11429
11432
11432
11434
11434
11434
11435
11437
11438
11439
11439
11440
11442
11443
11443
11443
11444
11445
11445
11450
11450
11451
11451
11454
11457
11457
11458
11459
11459
11459
11462
11462
11463
11463
11463
11464
11464
11465
11465
11466
11468
11471
11472
11473
11474
11477
11478
11478
11478
11479
11479
11481
11481
11481
11482
11483
11483
11485
11485
11485
11486
11486
11486
11487
11488
11490
11491
11493
11494
11494
11495
11495
11496
11497
11502
11502
11502
11503
11506
11506
11507
11508
11508
11511
11511
11512
11512
11512
11513
11514
11514
11517
11519
11520
11521
11522
11522
11523
11523
11523
11524
11525
11525
11525
11527
11529
11530
11530
11532
11533
11533
11534
11534
11535
11535
11535
11535
11537
11538
11541
11544
11544
11546
11546
11546
11549
11549
11550
11550
11552
11555
11559
11563
11563
11563
11564
11566
11566
11567
11568
11570
11570
11570
11573
11573
11573
11573
11573
11577
11577
11577
11578
11580
11583
11583
11586
11586
11588
11589
11591
11595
11595
11595
11595
11597
11597
11598
11602
11602
11602
11603
11605
11606
11607
11607
11610
11610
11611
11611
11613
11613
11614
11615
11617
11617
11618
11618
11620
11622
11622
11622
11623
11625
11627
11627
11628
11628
11628
11629
11630
11630
11631
11631
11632
11632
11633
11633
11639
11640
11644
11646
11646
11646
11647
11648
11649
11650
11650
11651
11651
11651
11651
11652
11652
11654
11657
11657
11658
11659
11659
11659
11660
11660
11660
11661
11661
11662
11663
11665
11665
11665
11666
11666
11667
11668
11669
11669
11670
11670
11671
11672
11673
11674
11674
11676
11677
11678
11680
11681
11682
11682
11683
11687
11688
11689
11690
11690
11690
11691
11693
11694
11695
11697
11697
11701
11702
11703
11704
11707
11709
11709
11709
11710
11710
11713
11713
11713
11714
11715
11715
11716
11716
11717
11719
11722
11725
11729
11731
11731
11732
11732
11734
11734
11734
11735
11735
11735
11736
11737
11737
11739
11740
11740
11741
11743
11743
11743
11747
11748
11748
11748
11749
11750
11751
11753
11753
11754
11754
11754
11754
11755
11756
11756
11756
11757
11757
11758
11759
11759
11760
11760
11761
11762
11763
11763
11764
11764
11765
11766
11766
11767
11767
11771
11772
11772
11772
11772
11773
11777
11777
11777
11778
11779
11780
11782
11782
11783
11784
11785
11785
11785
11786
11791
11793
11793
11793
11794
11794
11794
11796
11801
11801
11801
11806
11807
11807
11810
11810
11813
11814
11814
11817
11819
11820
11821
11823
11825
11825
11825
11826
11827
11827
11829
11830
11830
11831
11831
11832
11832
11832
11833
11833
11834
11835
11835
11838
11840
11840
11840
11844
11847
11849
11849
11852
11852
11854
11854
11855
11855
11856
11858
11858
11861
11862
11864
11866
11866
11867
11867
11869
11869
11869
11869
11870
11870
11870
11871
11871
11872
11872
11873
11873
11873
11873
11875
11877
11877
11878
11881
11881
11882
11883
11884
11886
11886
11888
11888
11891
11891
11891
11892
11892
11894
11894
11896
11896
11898
11898
11900
11900
11903
11904
11904
11905
11906
11907
11908
11908
11908
11909
11909
11909
11911
11911
11911
11912
11912
11912
11913
11913
11914
11914
11915
11920
11920
11921
11921
11923
11925
11926
11927
11927
11927
11927
11929
11929
11931
11932
11933
11936
11939
11939
11940
11943
11944
11946
11946
11947
11947
11949
11949
11949
11950
11953
11953
11954
11959
11960
11960
11961
11965
11966
11970
11971
11971
11973
11973
11977
11977
11977
11977
11978
11980
11982
11982
11982
11985
11985
11985
11985
11988
11988
11988
11992
11993
11994
11994
11995
11996
11998
11999
11999
12000
12000
12000
12001
12001
12001
12002
12004
12005
12008
12013
12013
12016
12017
12017
12018
12019
12019
12020
12020
12021
12021
12021
12021
12022
12022
12022
12023
12023
12025
12027
12027
12027
12028
12028
12029
12029
12030
12031
12032
12033
12033
12033
12033
12034
12035
12035
12035
12039
12040
12040
12040
12040
12043
12045
12045
12046
12050
12050
12051
12051
12051
12051
12052
12052
12053
12055
12059
12060
12063
12064
12066
12066
12066
12067
12068
12070
12072
12073
12074
12076
12078
12079
12080
12081
12082
12082
12082
12083
12083
12083
12085
12086
12086
12086
12086
12087
12088
12088
12088
12088
12088
12090
12094
12094
12102
12103
12103
12105
12106
12106
12107
12107
12108
12108
12110
12113
12113
12113
12114
12115
12116
12117
12117
12118
12119
12120
12124
12126
12127
12128
12128
12129
12129
12130
12131
12132
12133
12133
12133
12133
12134
12135
12135
12137
12141
12141
12142
12142
12148
12149
12149
12151
12151
12153
12153
12154
12154
12155
12155
12155
12156
12157
12158
12159
12160
12163
12163
12164
12164
12166
12166
12169
12170
12170
12170
12172
12173
12174
12174
12175
12176
12177
12177
12179
12180
12180
12181
12182
12184
12184
12185
12185
12186
12186
12187
12188
12188
12189
12191
12193
12193
12195
12195
12196
12197
12199
12199
12199
12200
12202
12202
12203
12204
12206
12207
12208
12209
12209
12209
12209
12210
12213
12214
12214
12216
12217
12218
12219
12220
12221
12222
12223
12224
12224
12224
12224
12226
12226
12228
12229
12229
12229
12230
12230
12232
12233
12233
12234
12234
12235
12239
12243
12244
12247
12249
12252
12252
12252
12254
12256
12256
12258
12258
12258
12259
12262
12264
12265
12266
12267
12269
12271
12271
12272
12272
12275
12275
12276
12277
12277
12277
12282
12282
12285
12286
12289
12289
12291
12292
12293
12295
12297
12297
12299
12299
12299
12300
12303
12305
12306
12306
12310
12312
12312
12315
12315
12315
12317
12320
12320
12321
12322
12322
12323
12325
12329
12330
12330
12331
12331
12331
12331
12331
12333
12333
12334
12336
12336
12336
12337
12341
12341
12341
12342
12343
12344
12346
12346
12347
12347
12348
12348
12350
12351
12352
12352
12353
12354
12355
12359
12359
12362
12364
12364
12367
12368
12368
12370
12371
12371
12372
12380
12380
12381
12383
12383
12385
12386
12386
12390
12390
12391
12392
12393
12393
12395
12395
12397
12398
12399
12400
12402
12404
12407
12407
12408
12409
12409
12410
12410
12411
12412
12412
12412
12412
12412
12413
12415
12415
12416
12417
12418
12418
12420
12423
12423
12423
12423
12424
12428
12431
12432
12432
12433
12434
12435
12438
12439
12439
12439
12440
12441
12443
12443
12444
12447
12448
12448
12449
12450
12451
12452
12452
12455
12455
12456
12456
12458
12459
12459
12461
12463
12463
12463
12463
12463
12466
12467
12467
12468
12468
12468
12470
12471
12473
12473
12474
12476
12477
12479
12479
12482
12482
12486
12486
12486
12487
12488
12490
12491
12491
12492
12493
12494
12495
12496
12501
12501
12501
12502
12505
12506
12510
12510
12511
12511
12511
12513
12513
12513
12515
12517
12517
12518
12520
12520
12521
12522
12523
12523
12527
12529
12531
12535
12536
12536
12536
12536
12537
12537
12537
12539
12540
12540
12540
12540
12541
12543
12544
12544
12545
12546
12546
12548
12551
12551
12553
12555
12559
12559
12564
12564
12565
12567
12570
12572
12572
12572
12572
12575
12575
12577
12578
12582
12582
12583
12583
12584
12584
12585
12587
12588
12589
12589
12593
12597
12600
12602
12607
12607
12607
12609
12611
12612
12614
12614
12615
12615
12615
12616
12616
12616
12618
12618
12619
12619
12620
12622
12622
12623
12624
12624
12625
12627
12629
12629
12632
12632
12632
12633
12633
12634
12635
12636
12641
12642
12643
12645
12646
12646
12646
12649
12650
12651
12652
12654
12654
12655
12656
12656
12656
12657
12658
12659
12659
12662
12662
12664
12664
12665
12665
12665
12665
12665
12666
12667
12669
12669
12670
12675
12675
12676
12677
12679
12680
12685
12686
12686
12687
12688
12689
12690
12691
12692
12694
12694
12694
12694
12694
12696
12696
12696
12697
12697
12697
12699
12700
12700
12701
12702
12702
12703
12703
12704
12705
12705
12706
12708
12708
12708
12709
12711
12711
12712
12714
12715
12717
12717
12719
12719
12721
12721
12721
12722
12724
12724
12726
12726
12728
12729
12731
12733
12734
12734
12735
12735
12735
12736
12737
12739
12740
12743
12746
12746
12746
12749
12749
12750
12752
12753
12753
12754
12754
12754
12755
12756
12758
12759
12760
12761
12762
12762
12766
12768
12769
12771
12771
12776
12777
12778
12779
12780
12780
12780
12786
12787
12789
12791
12791
12792
12793
12793
12793
12794
12795
12795
12796
12796
12799
12799
12799
12800
12800
12802
12802
12802
12802
12804
12807
12808
12810
12810
12811
12813
12814
12814
12814
12816
12817
12817
12819
12819
12821
12823
12823
12824
12824
12824
12824
12825
12825
12827
12827
12827
12829
12830
12831
12832
12832
12832
12833
12833
12833
12834
12834
12836
12836
12837
12838
12839
12839
12841
12841
12841
12842
12844
12845
12847
12847
12847
12848
12850
12851
12852
12854
12854
12854
12856
12856
12857
12857
12858
12858
12859
12863
12863
12866
12866
12866
12867
12867
12868
12869
12871
12871
12873
12873
12875
12875
12875
12876
12879
12880
12881
12881
12881
12887
12889
12890
12891
12892
12893
12893
12894
12895
12896
12897
12898
12899
12899
12899
12901
12902
12903
12903
12904
12904
12905
12907
12908
12910
12910
12910
12910
12911
12911
12914
12917
12918
12918
12921
12922
12923
12924
12925
12926
12928
12929
12931
12933
12934
12934
12935
12935
12937
12938
12941
12941
12942
12945
12946
12947
12947
12951
12951
12953
12954
12955
12956
12956
12957
12957
12957
12958
12958
12958
12958
12959
12960
12961
12961
12963
12964
12964
12964
12965
12967
12967
12968
12969
12970
12972
12972
12973
12973
12974
12974
12977
12978
12979
12983
12985
12986
12988
12991
12992
12992
12993
12994
13001
13003
13003
13004
13005
13007
13009
13009
13009
13009
13011
13011
13012
13014
13015
13015
13015
13016
13017
13018
13018
13019
13020
13020
13022
13022
13022
13023
13024
13024
13025
13025
13025
13027
13027
13027
13027
13027
13029
13029
13031
13031
13032
13034
13036
13036
13038
13039
13040
13040
13041
13041
13041
13042
13042
13044
13044
13045
13045
13045
13045
13046
13047
13048
13050
13051
13051
13052
13052
13056
13058
13059
13060
13061
13062
13062
13065
13066
13067
13067
13067
13071
13072
13072
13072
13074
13075
13076
13077
13078
13078
13078
13079
13079
13079
13080
13083
13084
13085
13086
13088
13089
13090
13091
13093
13094
13095
13095
13095
13095
13097
13097
13097
13098
13098
13098
13100
13101
13101
13102
13105
13105
13105
13106
13106
13108
13109
13109
13110
13110
13111
13111
13113
13114
13115
13116
13117
13117
13117
13119
13119
13120
13120
13121
13121
13125
13126
13128
13128
13128
13129
13130
13134
13137
13140
13141
13141
13141
13144
13145
13146
13147
13148
13150
13151
13151
13151
13154
13154
13156
13156
13158
13159
13159
13160
13161
13162
13162
13164
13165
13166
13169
13169
13171
13172
13173
13173
13174
13174
13180
13181
13181
13181
13183
13184
13186
13189
13189
13190
13190
13190
13197
13198
13201
13202
13202
13202
13204
13204
13204
13204
13205
13205
13207
13208
13208
13209
13210
13211
13212
13213
13215
13217
13217
13217
13219
13219
13219
13220
13220
13221
13221
13222
13222
13222
13224
13225
13226
13227
13228
13229
13230
13231
13232
13234
13235
13235
13235
13235
13236
13237
13237
13238
13238
13239
13239
13239
13240
13240
13243
13244
13245
13248
13248
13248
13249
13250
13250
13250
13254
13254
13255
13256
13256
13257
13260
13262
13263
13265
13267
13267
13269
13270
13273
13275
13275
13275
13277
13277
13277
13278
13279
13281
13282
13283
13284
13284
13284
13287
13287
13288
13289
13289
13291
13291
13291
13292
13294
13294
13294
13294
13298
13298
13300
13300
13301
13301
13302
13302
13306
13307
13308
13308
13308
13308
13308
13311
13311
13311
13313
13316
13319
13319
13320
13320
13320
13320
13321
13322
13323
13323
13324
13324
13326
13329
13329
13330
13332
13332
13332
13333
13334
13334
13334
13334
13335
13338
13339
13339
13340
13340
13341
13344
13344
13345
13347
13350
13351
13351
13351
13352
13353
13353
13354
13354
13354
13354
13355
13357
13358
13359
13359
13360
13361
13363
13363
13367
13368
13368
13368
13368
13369
13370
13372
13374
13374
13374
13374
13375
13375
13376
13377
13378
13378
13380
13382
13384
13384
13384
13387
13387
13388
13389
13391
13392
13393
13394
13397
13397
13400
13400
13401
13403
13403
13404
13404
13405
13410
13414
13414
13415
13417
13418
13419
13419
13420
13420
13424
13426
13426
13427
13428
13429
13433
13434
13435
13436
13437
13437
13437
13439
13439
13440
13441
13441
13444
13445
13446
13449
13449
13452
13458
13458
13459
13459
13459
13459
13460
13462
13462
13462
13467
13467
13469
13470
13470
13475
13478
13478
13479
13480
13481
13481
13483
13484
13486
13486
13486
13486
13487
13487
13489
13489
13490
13491
13494
13494
13494
13495
13497
13497
13498
13499
13500
13501
13502
13502
13503
13503
13504
13504
13506
13507
13508
13508
13508
13509
13510
13512
13514
13514
13515
13516
13516
13519
13520
13523
13523
13524
13526
13526
13527
13528
13528
13529
13530
13530
13531
13531
13532
13532
13532
13533
13535
13538
13538
13539
13539
13540
13540
13544
13544
13545
13545
13547
13547
13547
13548
13548
13549
13551
13552
13552
13552
13553
13553
13553
13554
13557
13557
13557
13560
13560
13564
13564
13567
13568
13568
13569
13570
13574
13575
13577
13578
13579
13579
13581
13581
13582
13582
13583
13583
13586
13586
13586
13587
13589
13589
13591
13592
13593
13593
13594
13594
13595
13595
13595
13597
13597
13600
13602
13603
13604
13605
13605
13605
13605
13606
13608
13609
13609
13609
13610
13611
13611
13612
13612
13613
13613
13615
13615
13619
13621
13621
13623
13624
13625
13625
13626
13627
13628
13629
13629
13629
13629
13630
13631
13631
13631
13632
13633
13636
13636
13638
13639
13640
13641
13642
13643
13643
13644
13645
13645
13645
13645
13646
13647
13647
13648
13651
13651
13651
13652
13652
13654
13656
13656
13657
13658
13659
13659
13659
13659
13660
13660
13660
13662
13662
13662
13662
13662
13665
13666
13671
13672
13672
13673
13673
13676
13678
13679
13682
13682
13683
13683
13684
13685
13686
13686
13688
13688
13690
13691
13691
13693
13695
13696
13697
13698
13698
13702
13703
13703
13705
13705
13705
13706
13707
13708
13710
13710
13711
13712
13712
13713
13713
13714
13714
13715
13715
13718
13719
13719
13720
13720
13721
13721
13721
13722
13726
13727
13727
13730
13734
13734
13737
13738
13738
13741
13742
13744
13745
13745
13747
13747
13747
13750
13752
13752
13754
13755
13755
13756
13756
13758
13758
13759
13759
13760
13760
13763
13764
13764
13765
13766
13766
13769
13769
13770
13771
13771
13771
13772
13773
13773
13773
13775
13777
13781
13784
13785
13786
13786
13787
13787
13788
13789
13789
13789
13790
13791
13792
13792
13793
13795
13795
13796
13796
13797
13800
13800
13801
13801
13803
13803
13804
13807
13808
13808
13808
13809
13809
13811
13811
13813
13814
13814
13814
13816
13818
13819
13821
13821
13823
13825
13827
13827
13828
13830
13830
13831
13832
13833
13833
13834
13834
13835
13835
13835
13836
13836
13837
13838
13838
13839
13839
13840
13840
13841
13844
13846
13846
13847
13847
13848
13848
13850
13852
13852
13852
13853
13854
13855
13856
13857
13858
13860
13861
13862
13863
13864
13867
13867
13868
13869
13873
13874
13874
13875
13875
13876
13877
13877
13877
13878
13879
13880
13882
13882
13882
13882
13883
13885
13885
13885
13886
13886
13887
13888
13888
13889
13892
13893
13894
13895
13895
13895
13896
13897
13897
13899
13900
13901
13902
13903
13909
13912
13914
13914
13918
13918
13918
13923
13923
13924
13924
13926
13928
13928
13930
13931
13932
13933
13934
13936
13936
13937
13937
13938
13939
13940
13941
13944
13944
13945
13946
13946
13947
13947
13947
13949
13950
13954
13954
13955
13957
13957
13957
13957
13958
13958
13959
13959
13960
13961
13962
13962
13962
13964
13965
13967
13967
13969
13970
13970
13970
13971
13971
13971
13972
13976
13976
13978
13982
13982
13983
13984
13985
13986
13987
13987
13987
13987
13989
13989
13989
13990
13990
13991
13992
13993
13994
13995
13995
13995
13996
13997
13997
13997
13998
13998
13998
13998
13999
13999
13999
14000
14001
14002
14003
14003
14005
14006
14007
14008
14008
14012
14013
14014
14014
14014
14014
14016
14017
14018
14018
14019
14020
14021
14022
14023
14023
14024
14028
14029
14030
14030
14031
14032
14032
14033
14034
14034
14035
14040
14040
14042
14043
14044
14044
14044
14046
14046
14046
14050
14051
14053
14054
14055
14055
14055
14057
14057
14058
14059
14062
14063
14063
14063
14063
14064
14065
14066
14068
14070
14070
14073
14074
14075
14075
14076
14076
14077
14078
14081
14082
14082
14082
14084
14084
14085
14085
14086
14086
14087
14090
14091
14091
14092
14092
14093
14093
14095
14095
14098
14099
14101
14103
14103
14104
14107
14108
14109
14110
14111
14112
14112
14112
14113
14113
14113
14114
14117
14120
14122
14122
14125
14125
14127
14127
14128
14128
14130
14130
14130
14130
14131
14132
14132
14134
14135
14135
14135
14136
14137
14137
14137
14138
14139
14139
14139
14140
14140
14141
14141
14142
14142
14142
14142
14143
14144
14146
14147
14147
14147
14149
14149
14152
14152
14153
14153
14154
14154
14156
14156
14157
14157
14158
14159
14160
14162
14163
14165
14165
14165
14166
14166
14168
14169
14170
14170
14171
14171
14175
14176
14176
14178
14179
14179
14181
14182
14182
14183
14184
14185
14186
14186
14187
14188
14189
14189
14193
14193
14194
14194
14196
14196
14197
14202
14203
14205
14207
14209
14210
14210
14211
14212
14214
14215
14217
14219
14220
14225
14226
14226
14230
14231
14232
14232
14234
14235
14236
14237
14238
14239
14240
14240
14241
14241
14242
14242
14245
14248
14249
14251
14251
14252
14253
14253
14253
14254
14256
14258
14260
14260
14262
14262
14263
14263
14263
14263
14265
14268
14271
14271
14271
14273
14273
14274
14275
14275
14276
14276
14277
14277
14277
14278
14279
14280
14281
14282
14284
14284
14286
14287
14287
14292
14293
14299
14301
14301
14302
14303
14305
14306
14307
14308
14309
14310
14311
14312
14312
14313
14314
14314
14314
14316
14317
14317
14317
14317
14319
14319
14319
14319
14321
14322
14323
14324
14326
14327
14327
14328
14329
14331
14332
14332
14332
14333
14335
14335
14337
14338
14341
14341
14342
14345
14346
14347
14348
14348
14350
14351
14351
14351
14351
14353
14353
14353
14354
14354
14354
14355
14355
14356
14356
14359
14363
14363
14363
14364
14365
14365
14367
14367
14367
14368
14368
14368
14373
14373
14373
14374
14375
14375
14377
14377
14378
14378
14379
14379
14382
14382
14385
14387
14388
14388
14389
14392
14394
14395
14395
14396
14398
14398
14398
14399
14399
14400
14401
14402
14402
14403
14404
14405
14405
14405
14406
14406
14407
14407
14407
14409
14410
14411
14411
14412
14413
14414
14414
14415
14416
14416
14416
14416
14416
14418
14418
14419
14419
14420
14421
14422
14422
14427
14428
14428
14428
14432
14435
14435
14435
14436
14436
14436
14437
14439
14439
14441
14441
14441
14442
14445
14446
14447
14448
14448
14449
14450
14450
14450
14452
14454
14457
14459
14459
14459
14459
14462
14462
14463
14464
14465
14467
14467
14467
14469
14473
14474
14475
14475
14476
14477
14477
14478
14478
14478
14480
14481
14483
14484
14485
14486
14487
14487
14488
14494
14495
14496
14496
14497
14501
14502
14503
14504
14505
14506
14509
14510
14511
14512
14514
14514
14515
14517
14518
14518
14519
14519
14520
14520
14523
14523
14525
14527
14527
14527
14529
14529
14530
14530
14530
14535
14535
14537
14538
14540
14543
14544
14545
14545
14548
14549
14549
14550
14551
14551
14552
14553
14553
14554
14556
14557
14557
14559
14563
14564
14564
14565
14565
14565
14565
14566
14566
14567
14568
14568
14568
14568
14575
14576
14577
14578
14578
14579
14579
14580
14580
14581
14583
14583
14585
14586
14588
14588
14590
14591
14592
14592
14594
14598
14598
14599
14601
14602
14602
14604
14604
14606
14607
14607
14611
14612
14613
14614
14615
14618
14618
14619
14622
14622
14622
14623
14623
14623
14624
14624
14626
14626
14627
14629
14632
14633
14633
14634
14636
14637
14637
14641
14641
14642
14644
14644
14645
14645
14645
14645
14646
14646
14647
14647
14649
14649
14651
14652
14653
14653
14654
14656
14658
14660
14662
14662
14662
14662
14662
14663
14665
14665
14666
14666
14668
14669
14669
14669
14670
14670
14672
14673
14675
14676
14676
14676
14677
14677
14680
14680
14681
14683
14683
14683
14684
14684
14686
14686
14688
14691
14691
14692
14692
14692
14693
14693
14695
14696
14697
14697
14698
14699
14700
14701
14701
14703
14703
14703
14705
14709
14709
14710
14712
14713
14715
14716
14717
14717
14718
14719
14719
14719
14722
14723
14724
14726
14726
14728
14728
14731
14731
14733
14734
14736
14736
14738
14741
14741
14741
14744
14745
14746
14746
14747
14747
14747
14749
14750
14751
14751
14752
14753
14754
14755
14758
14758
14759
14760
14761
14762
14762
14762
14762
14766
14766
14766
14767
14767
14768
14768
14768
14768
14773
14775
14776
14776
14777
14777
14777
14780
14782
14783
14784
14784
14785
14785
14786
14787
14788
14789
14789
14790
14791
14791
14791
14793
14793
14794
14794
14794
14795
14796
14796
14797
14798
14799
14799
14801
14801
14802
14803
14804
14805
14806
14806
14807
14808
14809
14811
14812
14814
14815
14817
14819
14820
14820
14820
14821
14824
14824
14825
14826
14827
14828
14828
14830
14830
14832
14834
14834
14836
14836
14838
14840
14841
14842
14847
14848
14850
14851
14851
14853
14854
14855
14855
14855
14859
14859
14860
14860
14862
14862
14863
14865
14865
14866
14867
14869
14871
14872
14873
14875
14875
14875
14877
14877
14880
14880
14883
14884
14885
14886
14887
14887
14888
14888
14889
14891
14891
14893
14893
14894
14896
14900
14900
14901
14901
14902
14903
14903
14904
14905
14905
14905
14907
14907
14908
14908
14908
14909
14910
14910
14912
14912
14912
14913
14913
14914
14915
14919
14919
14920
14920
14920
14921
14921
14923
14924
14925
14925
14926
14928
14929
14929
14929
14930
14934
14935
14938
14940
14940
14940
14941
14941
14941
14942
14944
14945
14947
14947
14948
14948
14949
14950
14950
14951
14951
14952
14955
14956
14957
14960
14961
14962
14964
14964
14964
14965
14965
14965
14971
14972
14972
14973
14973
14974
14975
14975
14978
14979
14980
14981
14981
14981
14981
14982
14982
14984
14985
14987
14992
14992
14994
14995
14996
14996
15000
15001
15001
15001
15002
15002
15002
15003
15004
15005
15006
15008
15009
15009
15009
15010
15011
15012
15012
15014
15014
15016
15019
15019
15020
15020
15020
15021
15021
15025
15026
15028
15028
15029
15029
15031
15032
15033
15033
15035
15036
15036
15038
15039
15041
15042
15042
15043
15044
15045
15045
15047
15049
15049
15052
15053
15054
15054
15055
15057
15057
15062
15065
15065
15065
15066
15068
15068
15069
15070
15071
15073
15073
15073
15075
15078
15080
15081
15081
15083
15084
15084
15086
15087
15088
15089
15089
15091
15091
15091
15092
15093
15094
15097
15098
15098
15099
15101
15101
15102
15104
15104
15108
15108
15109
15110
15111
15111
15112
15113
15113
15117
15117
15117
15118
15118
15118
15119
15120
15121
15122
15122
15123
15124
15125
15125
15126
15128
15129
15129
15132
15133
15134
15135
15137
15139
15140
15141
15143
15143
15143
15146
15147
15147
15151
15151
15153
15154
15154
15154
15155
15155
15156
15156
15157
15158
15158
15159
15160
15161
15162
15164
15164
15165
15166
15166
15166
15168
15168
15168
15169
15169
15171
15171
15171
15171
15172
15172
15173
15174
15175
15176
15176
15177
15177
15179
15179
15180
15181
15181
15182
15182
15183
15183
15184
15185
15186
15186
15187
15188
15191
15192
15194
15195
15196
15196
15198
15198
15198
15199
15199
15199
15199
15199
15200
15201
15201
15203
15203
15203
15204
15206
15206
15207
15208
15211
15211
15213
15213
15214
15215
15216
15216
15217
15217
15220
15220
15221
15223
15223
15223
15224
15225
15227
15227
15229
15229
15229
15229
15232
15232
15233
15233
15234
15236
15237
15237
15238
15239
15240
15244
15244
15245
15247
15247
15248
15248
15248
15250
15250
15250
15250
15251
15251
15251
15253
15254
15255
15256
15257
15258
15259
15260
15262
15262
15262
15265
15266
15267
15268
15268
15269
15273
15275
15275
15276
15277
15277
15277
15277
15279
15279
15281
15281
15282
15282
15282
15283
15283
15286
15288
15289
15289
15290
15290
15292
15293
15293
15294
15295
15295
15296
15298
15298
15302
15304
15304
15304
15305
15305
15306
15307
15307
15307
15311
15313
15313
15315
15315
15317
15317
15319
15320
15320
15321
15321
15321
15324
15326
15326
15327
15330
15331
15333
15333
15339
15340
15342
15342
15342
15343
15343
15344
15345
15346
15348
15350
15351
15353
15355
15359
15359
15360
15361
15362
15362
15362
15363
15364
15365
15365
15367
15367
15369
15369
15369
15370
15371
15373
15374
15376
15377
15377
15378
15379
15379
15379
15379
15382
15384
15388
15388
15389
15390
15391
15392
15393
15393
15393
15396
15397
15399
15400
15401
15402
15402
15404
15404
15404
15405
15407
15408
15408
15409
15412
15414
15415
15417
15417
15417
15417
15418
15419
15422
15423
15424
15424
15427
15427
15427
15428
15429
15429
15429
15430
15430
15430
15431
15431
15431
15432
15432
15433
15433
15433
15434
15435
15435
15437
15437
15438
15438
15438
15440
15442
15442
15444
15444
15444
15445
15445
15447
15447
15447
15448
15450
15450
15452
15453
15453
15454
15456
15457
15459
15459
15459
15461
15462
15465
15465
15467
15467
15468
15470
15471
15471
15472
15472
15473
15474
15477
15478
15480
15481
15482
15482
15482
15483
15483
15483
15485
15488
15488
15488
15488
15489
15489
15490
15493
15494
15494
15495
15496
15497
15497
15500
15502
15503
15503
15503
15504
15505
15505
15505
15506
15507
15507
15508
15509
15509
15510
15512
15513
15514
15515
15515
15516
15516
15517
15517
15517
15518
15519
15520
15520
15520
15522
15522
15523
15526
15526
15527
15528
15528
15529
15530
15531
15531
15532
15533
15534
15534
15537
15537
15538
15539
15541
15542
15543
15544
15545
15545
15546
15547
15550
15551
15555
15555
15557
15558
15558
15559
15560
15562
15563
15564
15565
15566
15569
15570
15571
15573
15574
15576
15576
15577
15577
15578
15578
15578
15580
15583
15585
15586
15587
15588
15588
15589
15590
15590
15590
15591
15594
15594
15595
15595
15598
15599
15599
15600
15601
15602
15603
15604
15605
15605
15605
15608
15609
15609
15609
15610
15610
15611
15612
15612
15613
15613
15614
15615
15616
15617
15619
15620
15623
15624
15628
15628
15628
15628
15628
15629
15630
15633
15633
15635
15636
15636
15636
15639
15640
15641
15642
15642
15644
15645
15648
15649
15649
15653
15653
15654
15655
15655
15657
15658
15659
15659
15662
15662
15663
15664
15664
15664
15665
15665
15666
15666
15667
15667
15668
15668
15670
15675
15676
15678
15678
15680
15680
15681
15682
15684
15684
15688
15688
15688
15690
15690
15692
15692
15693
15693
15695
15697
15697
15698
15698
15699
15700
15700
15701
15701
15701
15702
15702
15702
15702
15702
15703
15703
15705
15705
15706
15706
15706
15706
15706
15710
15712
15713
15713
15714
15715
15715
15715
15718
15720
15720
15722
15723
15724
15724
15725
15725
15726
15728
15728
15728
15731
15733
15734
15735
15736
15737
15738
15739
15739
15740
15741
15742
15743
15744
15747
15748
15751
15751
15753
15754
15755
15756
15757
15757
15757
15758
15759
15760
15762
15762
15763
15764
15764
15765
15765
15766
15767
15771
15771
15772
15773
15774
15778
15778
15778
15782
15783
15783
15785
15785
15785
15786
15787
15788
15788
15789
15790
15793
15793
15794
15794
15795
15795
15796
15796
15797
15797
15798
15798
15799
15800
15802
15803
15804
15804
15805
15806
15806
15806
15807
15807
15809
15809
15810
15810
15811
15813
15814
15817
15818
15818
15819
15820
15820
15820
15821
15821
15822
15823
15824
15824
15826
15826
15828
15832
15834
15835
15835
15835
15837
15837
15838
15840
15841
15843
15844
15845
15846
15846
15846
15847
15849
15850
15850
15851
15852
15852
15852
15852
15853
15853
15853
15854
15854
15854
15855
15857
15860
15860
15861
15863
15864
15865
15866
15866
15867
15867
15867
15868
15869
15869
15869
15870
15870
15871
15872
15873
15876
15876
15876
15877
15878
15880
15882
15883
15884
15885
15886
15887
15887
15888
15891
15892
15892
15893
15893
15893
15896
15898
15898
15899
15900
15902
15904
15904
15907
15909
15909
15915
15915
15916
15917
15917
15920
15920
15921
15922
15923
15924
15924
15925
15925
15926
15926
15927
15929
15930
15930
15930
15931
15932
15932
15932
15932
15933
15934
15936
15936
15936
15937
15937
15938
15939
15943
15944
15944
15945
15948
15948
15949
15949
15949
15950
15953
15956
15957
15957
15960
15960
15960
15962
15964
15964
15964
15965
15968
15970
15971
15973
15974
15974
15975
15975
15976
15976
15979
15979
15981
15983
15983
15983
15984
15984
15986
15988
15988
15989
15989
15990
15991
15993
15995
15995
15996
15996
15996
15997
15998
15998
16000
arquivo ordenado pelo algoritmo count sort tempo da ordenao = 0 milisegundos

