1
3
3
6
6
8
8
11
12
13
14
14
16
16
16
17
20
20
21
23
24
25
26
27
27
29
30
30
31
31
32
33
34
35
38
38
38
39
39
39
39
40
40
40
41
44
45
45
47
48
52
53
53
56
57
57
57
58
58
59
59
60
60
61
61
61
61
62
64
64
64
66
66
68
68
69
69
69
70
70
71
72
73
74
77
78
78
80
81
81
82
82
85
86
91
94
94
94
96
96
99
101
106
107
108
110
110
112
113
115
117
117
121
122
122
127
128
130
130
131
132
133
133
134
135
139
141
142
142
142
142
143
144
147
147
149
150
151
152
152
154
155
155
156
156
157
160
160
162
162
165
168
168
169
171
174
176
176
176
178
180
181
181
182
183
183
184
184
185
185
186
186
186
186
186
187
188
189
190
191
192
193
193
196
196
198
200
201
202
204
206
209
211
213
214
214
215
216
217
219
219
219
220
221
223
225
227
229
229
229
230
231
233
233
236
237
239
240
241
241
241
242
243
245
245
245
249
250
252
253
254
256
256
258
259
259
259
260
260
260
263
264
264
265
266
267
268
268
269
269
272
272
274
275
276
277
277
277
278
279
281
281
285
286
287
287
288
291
291
295
297
297
302
305
305
305
306
309
309
309
309
309
310
310
311
312
314
315
315
315
322
322
323
324
325
326
329
330
330
332
333
334
334
335
335
337
337
338
338
339
339
339
340
341
344
344
345
345
347
350
354
357
359
359
360
360
360
360
360
361
361
362
364
368
368
368
370
370
371
371
372
372
374
375
375
377
377
380
381
381
382
383
383
383
385
387
387
387
389
391
393
393
394
395
395
396
398
399
400
401
402
402
402
405
406
406
406
407
408
409
410
410
411
413
413
415
420
420
421
421
423
423
425
425
427
432
432
434
436
439
445
447
449
451
451
452
452
452
452
452
453
455
456
457
457
457
459
459
461
461
464
465
465
465
466
466
466
467
467
468
472
472
472
472
473
474
474
475
476
477
478
480
480
481
481
482
483
483
485
487
487
488
491
493
494
495
498
499
499
499
501
501
502
502
504
505
506
507
509
510
510
513
514
516
516
518
518
522
522
524
524
525
525
527
528
529
529
530
536
537
539
540
540
540
541
541
542
542
543
543
546
546
547
548
548
548
549
550
551
551
551
552
552
553
555
556
559
559
561
563
564
565
566
566
567
568
570
570
570
574
574
574
575
575
577
577
579
580
580
581
581
582
582
583
583
583
587
587
589
592
593
594
595
596
597
598
598
600
600
601
601
601
603
604
605
605
607
608
609
609
609
609
609
610
610
611
612
614
614
615
617
617
619
619
622
623
624
625
626
628
628
629
630
631
631
632
633
634
637
637
638
645
647
648
648
648
649
651
652
652
653
654
654
654
654
654
657
659
660
661
661
662
662
662
665
666
670
671
672
674
675
676
679
682
683
684
686
687
688
689
691
691
692
692
693
695
695
695
695
696
696
697
699
699
701
701
703
705
705
708
708
709
710
710
711
711
712
713
716
718
720
721
722
722
723
724
725
726
726
728
728
728
729
729
731
732
732
732
734
734
735
736
736
737
739
740
740
741
742
743
743
744
744
744
745
745
747
749
749
749
750
750
750
751
752
753
753
754
755
758
761
763
766
768
769
770
770
771
771
772
773
774
774
774
775
775
777
778
778
778
779
779
782
782
783
784
784
785
788
788
788
789
790
790
790
790
792
793
795
796
796
797
797
798
799
804
805
805
805
808
809
811
811
814
814
815
816
816
817
818
818
822
822
823
825
827
828
828
829
830
830
830
834
834
835
835
837
838
839
842
842
844
845
845
846
847
847
848
849
850
853
854
854
856
856
857
857
858
860
861
862
863
864
866
867
868
868
869
869
871
873
873
877
880
880
881
883
884
884
884
886
886
886
887
887
887
888
888
890
892
893
894
895
897
899
900
901
902
902
904
905
905
906
906
907
908
908
908
909
912
916
916
917
917
920
921
921
922
923
923
925
925
925
927
928
929
929
930
931
932
933
933
934
937
938
938
939
939
940
941
943
943
944
944
945
947
949
950
952
953
953
953
953
954
954
955
956
958
958
960
960
963
963
964
964
967
968
969
970
970
970
971
972
972
972
973
973
976
977
977
978
979
979
982
983
983
984
985
985
985
987
987
987
987
988
988
988
988
989
990
991
991
992
993
994
995
997
998
998
1000
1000
1000
1001
1001
1002
1004
1004
1007
1007
1008
1010
1010
1017
1018
1021
1023
1026
1027
1028
1029
1029
1029
1033
1034
1034
1034
1034
1035
1036
1037
1038
1039
1041
1042
1045
1046
1046
1047
1047
1048
1049
1049
1050
1051
1054
1057
1059
1060
1061
1064
1065
1065
1065
1067
1067
1068
1071
1073
1073
1073
1073
1075
1078
1079
1080
1081
1084
1085
1085
1087
1088
1088
1090
1090
1090
1090
1091
1093
1094
1094
1095
1096
1096
1096
1097
1097
1098
1098
1099
1102
1103
1104
1105
1106
1108
1110
1110
1111
1111
1112
1112
1112
1113
1114
1117
1117
1117
1118
1118
1120
1121
1122
1124
1126
1127
1129
1130
1130
1132
1132
1135
1135
1135
1136
1138
1141
1142
1143
1143
1144
1144
1147
1148
1148
1150
1150
1151
1151
1151
1152
1153
1154
1155
1157
1157
1157
1157
1158
1159
1159
1162
1163
1164
1164
1165
1165
1170
1170
1170
1170
1171
1173
1177
1177
1178
1179
1179
1179
1181
1181
1182
1183
1187
1187
1188
1188
1189
1189
1189
1190
1192
1193
1193
1195
1196
1196
1197
1198
1198
1199
1201
1201
1202
1203
1203
1203
1204
1204
1205
1205
1206
1207
1207
1208
1210
1212
1212
1213
1213
1214
1214
1215
1216
1216
1216
1217
1217
1218
1219
1219
1221
1221
1222
1224
1224
1227
1227
1227
1227
1228
1229
1229
1231
1232
1234
1235
1235
1235
1237
1237
1237
1237
1238
1239
1240
1241
1243
1244
1244
1244
1245
1245
1246
1247
1247
1248
1249
1251
1254
1255
1258
1259
1259
1260
1261
1262
1265
1269
1272
1272
1274
1275
1276
1277
1279
1280
1283
1283
1283
1284
1284
1287
1288
1289
1290
1291
1291
1291
1292
1293
1293
1293
1296
1296
1296
1297
1297
1298
1298
1298
1300
1301
1301
1302
1303
1303
1307
1309
1311
1311
1311
1313
1313
1313
1314
1315
1315
1315
1319
1320
1321
1321
1322
1323
1323
1325
1325
1326
1326
1327
1327
1328
1329
1329
1329
1330
1331
1334
1335
1335
1336
1337
1338
1340
1343
1344
1347
1347
1349
1350
1351
1351
1354
1355
1355
1355
1357
1357
1358
1359
1360
1363
1363
1363
1364
1366
1366
1367
1368
1368
1368
1368
1373
1374
1376
1376
1378
1378
1379
1379
1380
1380
1380
1381
1382
1383
1384
1384
1385
1386
1386
1387
1387
1388
1388
1388
1390
1391
1392
1393
1397
1397
1398
1398
1399
1400
1402
1402
1402
1402
1402
1402
1404
1404
1404
1405
1410
1412
1412
1413
1413
1414
1415
1415
1417
1418
1418
1419
1419
1420
1421
1422
1424
1426
1427
1428
1428
1428
1430
1431
1432
1432
1434
1435
1436
1436
1436
1437
1439
1439
1442
1443
1443
1444
1444
1445
1446
1447
1448
1449
1449
1451
1451
1453
1454
1455
1457
1457
1461
1461
1462
1462
1463
1463
1464
1464
1466
1466
1467
1468
1469
1470
1470
1470
1471
1471
1472
1474
1475
1475
1476
1476
1477
1477
1479
1479
1479
1482
1482
1482
1483
1484
1486
1490
1491
1491
1492
1494
1494
1494
1495
1496
1497
1497
1498
1500
1500
1501
1502
1504
1505
1508
1509
1510
1511
1514
1514
1514
1516
1518
1519
1519
1521
1522
1524
1527
1528
1528
1530
1530
1531
1537
1537
1538
1538
1539
1539
1539
1540
1540
1542
1542
1544
1544
1545
1547
1547
1548
1548
1549
1551
1551
1551
1559
1559
1560
1561
1564
1564
1565
1567
1567
1569
1570
1571
1573
1573
1575
1576
1577
1577
1578
1578
1579
1580
1581
1581
1583
1584
1584
1587
1587
1589
1589
1591
1591
1592
1593
1593
1594
1594
1594
1595
1595
1597
1599
1600
1605
1605
1607
1607
1608
1608
1609
1610
1611
1611
1612
1613
1614
1616
1616
1616
1618
1619
1622
1623
1626
1627
1627
1627
1629
1631
1632
1632
1632
1633
1634
1635
1636
1636
1637
1637
1637
1637
1638
1639
1639
1640
1641
1643
1643
1644
1645
1645
1645
1649
1649
1652
1653
1654
1654
1656
1661
1661
1662
1662
1663
1667
1668
1670
1670
1671
1671
1671
1671
1675
1676
1676
1676
1677
1679
1681
1681
1683
1684
1685
1686
1686
1689
1689
1689
1694
1698
1698
1700
1701
1701
1701
1703
1703
1703
1705
1707
1710
1710
1711
1711
1711
1712
1714
1714
1714
1714
1714
1719
1720
1721
1721
1722
1725
1726
1726
1726
1728
1728
1729
1729
1731
1731
1732
1735
1736
1737
1737
1738
1738
1739
1739
1741
1741
1743
1743
1744
1744
1744
1747
1747
1747
1747
1748
1749
1749
1750
1751
1751
1751
1751
1753
1753
1754
1755
1758
1759
1763
1764
1765
1767
1768
1768
1768
1771
1772
1772
1775
1776
1776
1777
1777
1783
1783
1784
1784
1785
1786
1786
1791
1791
1791
1792
1796
1797
1797
1799
1800
1800
1801
1801
1802
1804
1804
1804
1805
1805
1807
1807
1807
1808
1810
1811
1811
1812
1813
1816
1817
1819
1819
1820
1820
1821
1821
1823
1823
1824
1824
1824
1825
1826
1830
1831
1831
1832
1833
1833
1833
1835
1836
1836
1836
1836
1837
1838
1839
1839
1839
1840
1841
1842
1843
1845
1847
1847
1848
1848
1849
1849
1849
1850
1850
1853
1854
1856
1857
1858
1859
1859
1860
1860
1861
1861
1864
1864
1865
1866
1866
1867
1868
1869
1870
1870
1872
1873
1873
1873
1874
1874
1876
1877
1878
1882
1882
1882
1883
1883
1883
1886
1887
1888
1888
1889
1890
1892
1893
1899
1900
1905
1905
1906
1906
1909
1909
1909
1910
1913
1914
1916
1917
1918
1919
1919
1920
1922
1923
1924
1927
1928
1930
1931
1933
1935
1936
1937
1938
1940
1940
1940
1941
1941
1942
1943
1944
1944
1944
1946
1947
1947
1948
1948
1949
1950
1950
1950
1951
1952
1953
1955
1955
1956
1958
1958
1959
1962
1963
1966
1966
1968
1969
1969
1970
1970
1971
1971
1972
1972
1973
1973
1974
1982
1982
1983
1983
1983
1985
1986
1986
1987
1987
1989
1989
1989
1990
1990
1991
1991
1992
1992
1992
1992
1995
1995
1996
1996
1997
1998
1999
2000
2000
2001
2003
2003
2004
2007
2007
2008
2008
2014
2015
2015
2016
2016
2017
2017
2018
2018
2019
2022
2023
2023
2023
2023
2025
2026
2030
2030
2031
2037
2042
2042
2043
2043
2044
2045
2046
2051
2052
2052
2053
2054
2055
2055
2056
2056
2056
2058
2060
2060
2062
2062
2063
2063
2064
2065
2066
2066
2066
2067
2068
2069
2069
2069
2073
2074
2075
2076
2077
2077
2078
2079
2079
2079
2081
2082
2082
2083
2084
2084
2086
2087
2087
2087
2089
2089
2089
2089
2090
2090
2091
2091
2092
2094
2095
2098
2099
2100
2100
2101
2102
2102
2105
2105
2105
2106
2106
2108
2112
2114
2115
2115
2116
2117
2117
2118
2118
2119
2119
2120
2122
2123
2124
2125
2125
2127
2128
2130
2130
2130
2131
2133
2134
2135
2138
2138
2139
2140
2141
2141
2142
2143
2144
2146
2150
2150
2151
2152
2152
2152
2152
2154
2155
2155
2156
2158
2158
2160
2161
2162
2162
2165
2166
2167
2168
2169
2169
2169
2170
2170
2171
2173
2173
2174
2174
2175
2176
2180
2183
2183
2184
2186
2186
2189
2189
2190
2192
2193
2194
2195
2195
2197
2197
2198
2198
2200
2200
2204
2205
2207
2208
2208
2210
2210
2211
2211
2214
2215
2215
2216
2219
2219
2219
2219
2222
2225
2226
2227
2227
2227
2230
2233
2233
2235
2235
2236
2238
2238
2239
2240
2240
2241
2244
2244
2244
2245
2246
2247
2247
2248
2251
2253
2254
2254
2256
2256
2257
2259
2259
2259
2260
2262
2265
2265
2267
2268
2271
2271
2272
2273
2273
2273
2276
2277
2281
2282
2282
2285
2288
2288
2291
2292
2294
2294
2295
2295
2296
2297
2297
2299
2299
2299
2300
2301
2302
2302
2302
2302
2303
2307
2309
2310
2312
2312
2313
2315
2315
2321
2321
2324
2327
2327
2328
2330
2331
2333
2333
2333
2334
2334
2337
2337
2338
2340
2341
2345
2346
2346
2347
2347
2347
2348
2348
2348
2348
2350
2351
2352
2352
2353
2353
2354
2355
2355
2356
2357
2358
2359
2359
2360
2361
2364
2364
2366
2367
2368
2370
2371
2371
2371
2374
2374
2374
2374
2377
2378
2379
2381
2384
2384
2384
2384
2386
2387
2391
2393
2395
2396
2397
2398
2398
2399
2401
2402
2402
2404
2405
2406
2407
2410
2411
2414
2414
2415
2417
2417
2418
2419
2419
2419
2420
2422
2423
2425
2426
2426
2427
2428
2430
2430
2433
2433
2435
2436
2438
2438
2440
2441
2441
2442
2443
2443
2444
2447
2448
2450
2451
2451
2451
2452
2453
2453
2453
2454
2457
2457
2458
2459
2460
2460
2460
2460
2461
2464
2465
2465
2466
2466
2467
2468
2469
2469
2473
2474
2478
2478
2478
2478
2479
2481
2481
2483
2483
2484
2484
2485
2485
2486
2487
2489
2489
2493
2494
2495
2496
2497
2500
2501
2501
2502
2503
2504
2505
2506
2507
2508
2508
2509
2510
2510
2510
2511
2513
2513
2515
2516
2516
2516
2519
2520
2520
2520
2520
2522
2522
2522
2525
2526
2527
2528
2528
2529
2530
2531
2531
2531
2531
2532
2532
2532
2533
2533
2533
2534
2536
2536
2537
2539
2541
2542
2542
2543
2546
2546
2547
2548
2550
2552
2552
2554
2556
2557
2558
2559
2559
2560
2561
2561
2563
2564
2565
2566
2568
2569
2570
2571
2572
2572
2573
2577
2580
2582
2583
2584
2588
2588
2589
2590
2591
2591
2592
2592
2593
2594
2595
2598
2598
2599
2601
2603
2603
2603
2604
2606
2606
2606
2607
2608
2609
2610
2611
2612
2613
2614
2614
2615
2615
2618
2618
2619
2619
2620
2620
2621
2622
2622
2623
2625
2626
2626
2626
2630
2633
2633
2634
2634
2635
2636
2636
2637
2639
2639
2639
2640
2641
2642
2644
2645
2646
2647
2648
2648
2648
2648
2650
2652
2652
2654
2655
2656
2658
2658
2658
2662
2665
2666
2667
2667
2668
2670
2672
2675
2675
2676
2677
2680
2680
2680
2683
2683
2684
2688
2689
2690
2690
2693
2696
2698
2698
2700
2700
2700
2701
2702
2703
2703
2703
2704
2704
2705
2706
2706
2706
2707
2707
2708
2708
2708
2709
2709
2710
2710
2711
2712
2712
2713
2714
2714
2714
2716
2718
2719
2720
2721
2721
2722
2723
2723
2724
2726
2726
2728
2728
2731
2731
2733
2733
2734
2735
2737
2737
2739
2741
2743
2743
2743
2743
2744
2744
2744
2745
2746
2748
2749
2751
2753
2754
2754
2754
2755
2755
2756
2757
2758
2759
2759
2760
2761
2762
2764
2765
2766
2767
2768
2768
2768
2769
2770
2772
2772
2774
2775
2776
2779
2780
2781
2781
2782
2783
2784
2786
2788
2788
2789
2792
2792
2794
2794
2795
2797
2798
2799
2801
2802
2803
2805
2806
2806
2808
2810
2811
2811
2811
2811
2812
2812
2814
2815
2818
2819
2820
2821
2822
2822
2823
2823
2823
2825
2827
2827
2830
2832
2833
2835
2835
2835
2836
2837
2837
2837
2839
2841
2842
2842
2844
2845
2845
2846
2846
2850
2852
2852
2852
2853
2854
2855
2856
2856
2856
2856
2858
2858
2859
2861
2861
2861
2863
2865
2866
2866
2867
2867
2867
2872
2872
2872
2873
2876
2876
2876
2878
2879
2880
2880
2881
2884
2885
2887
2888
2894
2895
2897
2898
2898
2899
2900
2901
2901
2901
2903
2903
2904
2905
2906
2908
2909
2910
2910
2911
2911
2911
2913
2913
2915
2916
2916
2917
2917
2918
2918
2919
2920
2921
2923
2925
2929
2930
2931
2933
2935
2935
2936
2938
2938
2939
2939
2942
2944
2944
2945
2946
2946
2947
2948
2948
2949
2949
2949
2950
2950
2952
2952
2953
2953
2953
2953
2956
2956
2957
2957
2957
2958
2958
2958
2958
2959
2960
2960
2961
2962
2963
2966
2966
2967
2969
2969
2972
2973
2976
2976
2977
2979
2981
2982
2983
2984
2984
2986
2987
2992
2993
2994
2994
2997
2998
2998
3000
3000
3000
3003
3004
3005
3006
3008
3009
3010
3012
3013
3014
3014
3014
3014
3015
3016
3017
3019
3019
3019
3021
3024
3024
3026
3027
3028
3029
3029
3029
3029
3030
3030
3031
3031
3031
3032
3033
3033
3034
3035
3035
3036
3036
3036
3038
3038
3039
3039
3041
3042
3042
3043
3046
3046
3047
3047
3047
3048
3049
3051
3052
3053
3053
3054
3054
3055
3059
3060
3061
3062
3063
3064
3064
3067
3067
3068
3068
3069
3070
3075
3076
3077
3077
3077
3078
3078
3079
3081
3081
3081
3083
3083
3084
3085
3087
3088
3090
3092
3093
3095
3095
3097
3097
3097
3098
3099
3100
3100
3104
3105
3106
3107
3107
3108
3108
3108
3108
3109
3110
3110
3110
3112
3114
3115
3118
3121
3122
3123
3124
3124
3125
3125
3125
3126
3127
3127
3131
3132
3132
3134
3134
3134
3135
3136
3137
3137
3138
3139
3139
3141
3142
3142
3142
3146
3146
3147
3147
3149
3149
3150
3150
3151
3153
3154
3154
3155
3156
3159
3160
3161
3161
3162
3164
3166
3168
3169
3171
3172
3172
3172
3173
3173
3174
3175
3175
3177
3177
3177
3178
3178
3179
3181
3183
3184
3187
3187
3188
3191
3194
3195
3196
3198
3198
3198
3199
3200
3202
3203
3204
3206
3207
3208
3211
3211
3212
3213
3214
3215
3215
3215
3215
3215
3215
3216
3216
3218
3219
3220
3222
3223
3224
3225
3227
3227
3227
3227
3229
3230
3234
3234
3235
3240
3241
3242
3242
3244
3244
3245
3245
3246
3246
3248
3248
3250
3250
3254
3254
3255
3255
3256
3257
3263
3263
3263
3267
3267
3267
3267
3268
3268
3269
3270
3271
3271
3273
3273
3274
3276
3276
3276
3277
3277
3279
3281
3282
3282
3282
3283
3285
3286
3286
3288
3289
3290
3291
3292
3292
3296
3296
3299
3299
3301
3302
3303
3304
3305
3307
3309
3309
3311
3311
3311
3311
3311
3312
3315
3318
3318
3318
3320
3321
3322
3325
3325
3327
3328
3328
3332
3333
3334
3335
3335
3336
3337
3337
3337
3340
3345
3346
3347
3347
3347
3348
3348
3349
3350
3351
3351
3351
3352
3353
3353
3353
3354
3356
3357
3357
3357
3359
3359
3359
3360
3361
3361
3362
3362
3362
3363
3363
3365
3366
3366
3368
3368
3368
3370
3372
3372
3373
3374
3374
3379
3381
3381
3382
3382
3388
3389
3389
3389
3391
3391
3394
3395
3396
3396
3397
3399
3401
3402
3402
3402
3403
3408
3409
3409
3410
3412
3414
3415
3417
3420
3421
3423
3424
3428
3428
3429
3430
3430
3430
3430
3431
3433
3433
3435
3437
3438
3438
3441
3442
3443
3445
3446
3448
3448
3448
3448
3449
3450
3451
3452
3453
3455
3456
3458
3458
3461
3461
3461
3462
3464
3465
3467
3470
3470
3470
3470
3471
3471
3473
3475
3476
3476
3476
3476
3478
3480
3480
3480
3481
3482
3483
3483
3483
3485
3485
3486
3486
3486
3486
3488
3488
3488
3491
3491
3492
3492
3493
3496
3497
3498
3498
3498
3499
3499
3500
3500
3501
3502
3502
3502
3503
3503
3504
3506
3508
3511
3511
3511
3513
3514
3515
3516
3517
3520
3523
3524
3526
3527
3527
3527
3527
3530
3530
3530
3532
3532
3533
3534
3534
3535
3535
3536
3538
3538
3538
3540
3540
3541
3542
3543
3544
3546
3547
3548
3548
3549
3550
3551
3551
3551
3552
3553
3555
3556
3557
3560
3560
3562
3562
3563
3563
3564
3564
3564
3565
3565
3568
3570
3570
3573
3575
3575
3577
3579
3579
3579
3579
3579
3580
3580
3581
3582
3582
3582
3584
3585
3586
3587
3589
3589
3589
3590
3592
3593
3594
3594
3596
3598
3598
3600
3603
3604
3605
3606
3606
3607
3609
3610
3611
3612
3612
3613
3616
3616
3618
3618
3619
3621
3621
3621
3623
3624
3624
3626
3629
3632
3632
3634
3634
3636
3636
3637
3639
3640
3641
3641
3642
3642
3643
3644
3646
3648
3649
3659
3661
3662
3662
3662
3663
3668
3669
3670
3671
3673
3675
3675
3677
3680
3681
3681
3682
3683
3684
3685
3686
3687
3689
3690
3691
3692
3692
3693
3693
3695
3696
3696
3697
3697
3698
3699
3699
3700
3701
3701
3701
3701
3702
3703
3705
3706
3707
3709
3712
3713
3713
3713
3714
3716
3717
3717
3718
3718
3723
3724
3725
3725
3725
3726
3726
3727
3727
3728
3728
3729
3731
3733
3733
3733
3734
3735
3736
3737
3738
3739
3740
3740
3743
3744
3745
3745
3745
3748
3751
3752
3752
3752
3753
3754
3754
3755
3756
3757
3758
3758
3759
3760
3761
3762
3762
3764
3764
3766
3767
3767
3769
3771
3772
3772
3772
3772
3773
3774
3774
3775
3777
3778
3779
3779
3780
3782
3784
3784
3785
3786
3786
3788
3788
3789
3789
3790
3792
3794
3795
3796
3796
3797
3797
3799
3800
3801
3801
3802
3804
3806
3806
3807
3811
3812
3814
3817
3817
3818
3818
3820
3826
3827
3828
3830
3830
3830
3831
3831
3831
3831
3832
3836
3837
3839
3840
3841
3842
3842
3842
3844
3845
3846
3847
3848
3849
3849
3851
3852
3853
3854
3854
3854
3855
3857
3857
3859
3860
3861
3862
3864
3864
3866
3868
3869
3870
3871
3873
3874
3874
3876
3878
3878
3880
3881
3882
3882
3883
3884
3884
3885
3885
3886
3886
3887
3887
3888
3889
3890
3890
3893
3894
3898
3898
3901
3902
3905
3905
3906
3906
3908
3911
3913
3914
3914
3914
3915
3916
3919
3919
3923
3926
3926
3929
3930
3932
3932
3935
3937
3937
3937
3939
3940
3941
3942
3945
3946
3947
3948
3948
3949
3950
3951
3951
3952
3952
3954
3956
3957
3957
3957
3958
3958
3959
3961
3961
3964
3964
3967
3967
3967
3969
3970
3970
3973
3973
3974
3974
3974
3975
3977
3977
3978
3980
3980
3981
3984
3987
3987
3989
3992
3994
3995
3996
3996
3997
3998
3998
4000
4002
4004
4004
4005
4007
4007
4008
4009
4010
4011
4012
4013
4013
4014
4014
4015
4015
4016
4019
4020
4020
4022
4022
4023
4024
4025
4027
4028
4028
4030
4031
4031
4034
4036
4037
4037
4038
4039
4039
4039
4040
4040
4040
4042
4043
4043
4045
4046
4047
4047
4048
4051
4051
4053
4053
4054
4054
4057
4058
4059
4059
4060
4060
4061
4061
4061
4062
4062
4062
4063
4065
4065
4065
4066
4066
4068
4068
4069
4070
4071
4072
4073
4073
4075
4075
4076
4077
4078
4079
4079
4079
4081
4081
4081
4082
4084
4085
4086
4086
4086
4088
4089
4089
4090
4092
4093
4093
4096
4096
4099
4100
4101
4102
4105
4105
4105
4106
4106
4106
4106
4108
4109
4109
4112
4115
4117
4118
4119
4120
4120
4121
4121
4122
4124
4125
4127
4128
4128
4128
4132
4134
4137
4138
4139
4141
4142
4143
4145
4145
4146
4147
4149
4152
4152
4152
4153
4153
4154
4154
4154
4155
4155
4155
4160
4161
4162
4163
4163
4164
4166
4168
4170
4170
4171
4173
4174
4175
4177
4178
4179
4180
4182
4183
4184
4184
4185
4185
4187
4188
4189
4189
4189
4189
4189
4190
4193
4194
4194
4194
4196
4197
4197
4199
4201
4201
4203
4204
4205
4206
4206
4206
4206
4207
4207
4208
4211
4212
4212
4212
4213
4213
4213
4214
4215
4217
4218
4218
4218
4220
4223
4225
4225
4226
4226
4226
4226
4228
4228
4228
4230
4231
4231
4232
4233
4234
4234
4235
4235
4238
4240
4240
4240
4240
4241
4242
4243
4243
4244
4246
4247
4247
4247
4248
4248
4250
4252
4253
4253
4254
4254
4255
4255
4255
4256
4257
4258
4259
4259
4259
4261
4261
4262
4263
4264
4264
4266
4267
4268
4269
4271
4272
4273
4274
4274
4274
4275
4275
4278
4281
4281
4282
4282
4282
4283
4284
4285
4285
4287
4288
4288
4289
4289
4292
4295
4295
4297
4298
4299
4299
4300
4300
4301
4301
4302
4303
4304
4304
4305
4305
4305
4306
4307
4308
4308
4309
4309
4311
4312
4315
4320
4322
4324
4329
4332
4332
4332
4332
4335
4335
4336
4336
4337
4338
4341
4344
4344
4345
4346
4346
4348
4349
4349
4351
4352
4353
4353
4353
4354
4356
4357
4357
4359
4359
4361
4361
4363
4366
4366
4366
4367
4367
4367
4368
4368
4368
4370
4371
4371
4375
4375
4375
4376
4376
4378
4378
4379
4380
4382
4382
4383
4383
4383
4383
4384
4385
4387
4388
4388
4389
4389
4389
4391
4393
4394
4395
4395
4397
4397
4399
4400
4400
4401
4401
4403
4404
4404
4404
4405
4407
4408
4409
4410
4411
4412
4413
4414
4415
4417
4417
4418
4420
4420
4421
4422
4423
4424
4426
4426
4426
4427
4427
4430
4430
4431
4432
4432
4433
4434
4435
4435
4436
4437
4439
4439
4439
4440
4440
4441
4442
4444
4445
4445
4446
4448
4450
4451
4451
4451
4452
4454
4458
4459
4460
4463
4463
4465
4465
4466
4466
4466
4467
4468
4469
4470
4471
4471
4471
4471
4472
4472
4472
4474
4474
4477
4479
4480
4480
4481
4482
4483
4485
4485
4485
4485
4487
4487
4487
4487
4489
4489
4491
4491
4491
4492
4497
4500
4500
4501
4501
4501
4502
4502
4503
4504
4504
4505
4505
4506
4507
4507
4507
4508
4508
4509
4510
4512
4512
4512
4513
4516
4517
4517
4517
4518
4521
4521
4521
4522
4524
4527
4528
4529
4530
4533
4533
4533
4533
4536
4536
4538
4539
4539
4542
4543
4543
4544
4547
4548
4548
4549
4549
4550
4551
4551
4554
4556
4559
4562
4563
4563
4565
4566
4566
4567
4569
4570
4570
4571
4573
4574
4575
4576
4577
4580
4581
4583
4583
4584
4585
4586
4586
4588
4588
4588
4588
4588
4590
4592
4592
4593
4594
4594
4595
4595
4598
4598
4601
4603
4605
4605
4606
4607
4609
4609
4613
4613
4614
4615
4616
4617
4617
4618
4620
4621
4622
4624
4624
4625
4627
4629
4630
4632
4632
4632
4633
4634
4634
4636
4637
4637
4638
4638
4639
4640
4640
4641
4641
4642
4644
4645
4646
4647
4647
4648
4648
4650
4651
4651
4654
4656
4657
4659
4660
4661
4663
4664
4666
4666
4668
4668
4670
4671
4671
4671
4674
4674
4675
4676
4677
4677
4679
4680
4681
4683
4693
4693
4693
4693
4694
4694
4695
4696
4696
4696
4697
4697
4698
4699
4699
4700
4700
4700
4701
4701
4704
4704
4705
4705
4707
4709
4710
4710
4714
4714
4715
4716
4716
4717
4717
4718
4720
4721
4721
4721
4723
4724
4724
4725
4726
4729
4729
4732
4732
4734
4735
4736
4739
4739
4739
4740
4740
4740
4741
4741
4743
4744
4745
4745
4745
4746
4748
4748
4748
4748
4749
4750
4751
4751
4752
4753
4753
4756
4757
4758
4759
4759
4759
4760
4760
4760
4762
4763
4763
4763
4765
4766
4767
4768
4770
4772
4772
4774
4777
4778
4781
4781
4781
4783
4784
4784
4784
4784
4786
4787
4788
4789
4789
4791
4792
4793
4793
4793
4794
4795
4798
4800
4800
4802
4803
4804
4805
4805
4806
4807
4807
4807
4807
4811
4812
4812
4812
4814
4816
4818
4819
4820
4821
4822
4824
4825
4827
4828
4829
4829
4829
4831
4831
4832
4832
4832
4836
4837
4839
4840
4842
4843
4843
4844
4848
4848
4848
4848
4849
4850
4850
4850
4851
4852
4852
4853
4854
4855
4855
4856
4857
4858
4860
4860
4861
4861
4861
4862
4862
4862
4866
4866
4869
4870
4873
4874
4874
4876
4876
4879
4880
4881
4881
4884
4884
4886
4886
4888
4888
4890
4891
4891
4891
4892
4894
4895
4897
4897
4900
4901
4902
4902
4904
4904
4904
4905
4909
4909
4913
4914
4914
4915
4915
4916
4916
4916
4916
4916
4920
4920
4920
4921
4922
4923
4923
4924
4924
4926
4927
4928
4929
4929
4929
4930
4931
4932
4933
4933
4934
4934
4935
4935
4935
4935
4939
4940
4942
4942
4943
4943
4943
4943
4945
4945
4945
4946
4946
4947
4948
4952
4953
4953
4954
4955
4958
4958
4959
4959
4960
4960
4960
4962
4962
4962
4962
4963
4964
4965
4966
4967
4967
4967
4967
4968
4968
4968
4969
4970
4971
4974
4975
4975
4977
4978
4981
4981
4981
4983
4983
4984
4984
4987
4989
4989
4990
4990
4990
4990
4991
4991
4993
4996
5001
5001
5001
5002
5002
5002
5002
5003
5005
5008
5008
5008
5009
5009
5010
5012
5013
5016
5017
5019
5019
5021
5023
5028
5029
5030
5030
5030
5031
5033
5033
5034
5034
5035
5037
5037
5037
5037
5037
5039
5039
5041
5041
5043
5043
5045
5046
5047
5047
5047
5047
5048
5048
5049
5049
5050
5055
5056
5057
5057
5058
5061
5065
5065
5066
5067
5068
5068
5069
5072
5075
5077
5078
5079
5082
5082
5082
5085
5086
5086
5086
5087
5087
5088
5088
5088
5088
5089
5089
5089
5096
5096
5096
5097
5098
5099
5099
5100
5100
5100
5101
5101
5104
5104
5104
5105
5107
5107
5108
5108
5109
5110
5111
5111
5112
5113
5114
5115
5115
5116
5117
5117
5118
5119
5119
5120
5120
5121
5121
5123
5124
5124
5124
5126
5126
5127
5127
5128
5129
5129
5129
5130
5130
5132
5134
5135
5137
5137
5137
5138
5139
5140
5140
5140
5145
5145
5145
5147
5148
5148
5149
5150
5151
5154
5154
5155
5155
5156
5156
5157
5157
5158
5159
5161
5162
5166
5166
5167
5169
5169
5171
5172
5172
5172
5172
5173
5173
5174
5174
5177
5178
5180
5180
5181
5181
5186
5186
5188
5189
5189
5189
5190
5190
5191
5192
5195
5196
5196
5198
5199
5201
5203
5204
5205
5207
5208
5211
5211
5212
5213
5215
5217
5217
5217
5218
5219
5220
5220
5221
5222
5223
5224
5226
5226
5226
5227
5227
5228
5229
5230
5230
5231
5235
5235
5235
5237
5240
5240
5242
5245
5245
5246
5248
5250
5251
5252
5253
5253
5254
5255
5255
5256
5259
5259
5260
5260
5260
5264
5268
5268
5268
5269
5269
5271
5271
5273
5274
5276
5276
5279
5279
5280
5280
5283
5284
5285
5286
5286
5288
5289
5290
5290
5291
5291
5292
5292
5294
5296
5298
5298
5298
5299
5300
5301
5302
5305
5306
5308
5308
5308
5312
5312
5312
5314
5315
5315
5317
5319
5321
5322
5323
5324
5325
5325
5326
5326
5327
5328
5328
5328
5328
5329
5329
5330
5332
5336
5337
5338
5339
5340
5341
5342
5342
5343
5343
5343
5344
5344
5346
5348
5348
5352
5353
5354
5354
5354
5355
5357
5359
5359
5359
5360
5361
5361
5362
5362
5363
5364
5366
5366
5367
5368
5369
5370
5371
5371
5374
5375
5375
5377
5379
5379
5380
5380
5382
5383
5384
5387
5389
5390
5391
5391
5392
5392
5392
5394
5394
5394
5395
5396
5398
5398
5398
5399
5399
5400
5400
5401
5401
5402
5403
5405
5405
5406
5408
5409
5409
5411
5414
5415
5416
5417
5417
5421
5421
5421
5424
5425
5425
5427
5428
5428
5430
5430
5432
5433
5434
5434
5434
5435
5435
5436
5436
5437
5439
5439
5440
5440
5442
5444
5444
5445
5445
5445
5446
5446
5446
5447
5454
5455
5455
5457
5457
5457
5457
5458
5465
5465
5468
5470
5470
5471
5471
5474
5479
5480
5481
5482
5484
5484
5485
5486
5489
5490
5490
5492
5493
5495
5496
5497
5498
5499
5501
5501
5504
5504
5504
5504
5512
5513
5514
5514
5515
5516
5516
5517
5517
5518
5518
5519
5520
5520
5521
5521
5524
5525
5528
5528
5529
5532
5533
5534
5535
5536
5537
5538
5538
5539
5539
5542
5542
5546
5546
5547
5550
5554
5555
5555
5562
5562
5563
5564
5566
5568
5568
5570
5570
5572
5575
5577
5577
5577
5578
5578
5578
5579
5582
5583
5584
5584
5584
5585
5586
5587
5589
5589
5590
5591
5591
5592
5592
5592
5594
5595
5595
5596
5597
5597
5597
5597
5601
5601
5601
5601
5602
5603
5603
5607
5607
5607
5608
5608
5610
5611
5613
5617
5617
5617
5617
5619
5620
5621
5621
5621
5621
5623
5624
5624
5626
5626
5627
5627
5628
5628
5630
5630
5630
5631
5633
5637
5638
5638
5638
5641
5642
5643
5644
5644
5647
5651
5652
5653
5654
5655
5656
5656
5657
5657
5658
5659
5660
5661
5661
5662
5665
5666
5667
5667
5668
5668
5668
5670
5670
5671
5672
5676
5678
5681
5681
5681
5682
5684
5685
5686
5689
5689
5689
5690
5690
5691
5691
5691
5692
5692
5693
5693
5694
5696
5696
5698
5698
5702
5703
5703
5706
5706
5707
5707
5709
5712
5714
5715
5717
5718
5719
5725
5725
5728
5730
5731
5732
5733
5736
5743
5743
5746
5747
5747
5748
5749
5750
5751
5752
5752
5753
5756
5756
5758
5759
5761
5764
5764
5765
5765
5768
5770
5771
5772
5772
5775
5775
5779
5779
5779
5780
5780
5781
5781
5782
5782
5783
5784
5786
5788
5789
5789
5790
5790
5791
5792
5793
5795
5796
5796
5796
5797
5799
5801
5802
5802
5802
5803
5803
5804
5805
5805
5806
5808
5808
5809
5809
5810
5810
5811
5813
5813
5815
5815
5815
5815
5816
5816
5816
5816
5819
5822
5823
5824
5825
5825
5826
5826
5827
5828
5828
5829
5831
5831
5832
5835
5835
5837
5837
5837
5839
5839
5840
5840
5840
5841
5842
5843
5844
5844
5845
5845
5845
5847
5848
5848
5848
5848
5848
5849
5850
5851
5851
5852
5853
5854
5855
5856
5856
5858
5859
5859
5860
5861
5861
5862
5862
5864
5864
5865
5865
5869
5869
5869
5870
5872
5872
5873
5873
5874
5874
5874
5875
5877
5878
5880
5882
5884
5886
5888
5888
5889
5891
5891
5895
5896
5897
5897
5900
5902
5903
5906
5907
5908
5908
5908
5910
5910
5910
5911
5912
5912
5913
5913
5913
5914
5917
5921
5921
5926
5926
5927
5928
5928
5928
5929
5930
5933
5934
5935
5935
5936
5936
5937
5941
5941
5941
5942
5943
5943
5945
5946
5948
5949
5949
5949
5951
5952
5953
5956
5956
5956
5957
5957
5957
5958
5958
5959
5960
5960
5961
5961
5962
5965
5967
5967
5967
5968
5969
5971
5973
5974
5975
5975
5976
5980
5980
5980
5981
5981
5982
5983
5984
5984
5984
5984
5985
5987
5989
5990
5991
5991
5991
5992
5993
5994
5998
5999
5999
6000
6001
6002
6002
6003
6006
6007
6009
6010
6013
6015
6015
6016
6018
6019
6020
6022
6022
6023
6024
6025
6025
6027
6027
6028
6030
6030
6031
6032
6033
6033
6033
6035
6036
6037
6040
6041
6042
6043
6044
6046
6049
6051
6051
6052
6053
6053
6054
6056
6061
6063
6064
6065
6066
6066
6066
6067
6067
6068
6068
6070
6071
6072
6074
6074
6075
6075
6077
6078
6079
6080
6081
6081
6082
6082
6083
6085
6086
6088
6088
6088
6088
6089
6091
6091
6094
6095
6095
6096
6096
6097
6098
6098
6099
6100
6105
6105
6106
6106
6108
6111
6114
6114
6114
6116
6118
6119
6119
6120
6122
6124
6124
6125
6126
6127
6127
6130
6130
6131
6132
6133
6134
6134
6135
6136
6139
6141
6141
6141
6141
6143
6143
6143
6143
6144
6144
6144
6145
6145
6145
6147
6147
6150
6151
6153
6154
6155
6155
6156
6156
6157
6157
6157
6158
6159
6160
6163
6163
6166
6167
6168
6169
6170
6172
6172
6172
6173
6173
6177
6178
6179
6183
6183
6184
6184
6185
6188
6189
6189
6190
6191
6193
6194
6194
6196
6196
6197
6199
6201
6201
6203
6204
6208
6210
6210
6211
6212
6217
6220
6221
6222
6223
6224
6224
6225
6225
6226
6228
6232
6232
6232
6233
6234
6234
6235
6235
6236
6237
6238
6238
6239
6239
6240
6243
6244
6245
6246
6247
6247
6249
6251
6252
6252
6252
6252
6252
6252
6253
6253
6254
6256
6256
6259
6260
6260
6260
6260
6261
6263
6264
6266
6268
6269
6269
6271
6271
6272
6272
6274
6274
6275
6275
6277
6277
6277
6278
6279
6279
6281
6282
6282
6282
6283
6284
6286
6286
6287
6287
6288
6289
6289
6289
6290
6291
6291
6294
6294
6295
6297
6298
6300
6302
6306
6307
6307
6307
6308
6309
6312
6312
6313
6313
6314
6315
6316
6318
6319
6320
6320
6322
6323
6323
6323
6324
6327
6327
6327
6328
6328
6329
6331
6331
6334
6334
6335
6335
6335
6338
6343
6344
6346
6348
6349
6349
6350
6351
6352
6354
6355
6355
6356
6357
6359
6359
6361
6362
6364
6364
6365
6365
6366
6370
6371
6371
6372
6372
6375
6376
6378
6378
6378
6378
6378
6379
6379
6380
6381
6382
6384
6384
6386
6389
6389
6389
6392
6393
6394
6394
6395
6395
6396
6396
6399
6400
6401
6401
6401
6402
6402
6403
6403
6405
6405
6406
6407
6408
6408
6409
6412
6412
6412
6412
6414
6414
6416
6416
6418
6420
6420
6420
6422
6423
6424
6425
6426
6426
6427
6427
6427
6428
6429
6431
6432
6432
6432
6433
6433
6433
6434
6435
6435
6436
6436
6437
6438
6440
6446
6447
6447
6447
6447
6448
6449
6451
6451
6451
6453
6454
6456
6456
6457
6458
6459
6460
6461
6462
6464
6465
6465
6465
6467
6468
6469
6470
6471
6473
6475
6475
6476
6478
6479
6480
6482
6485
6491
6493
6493
6495
6496
6496
6497
6497
6499
6499
6500
6500
6500
6501
6502
6502
6502
6503
6506
6507
6507
6508
6511
6512
6512
6513
6516
6518
6518
6519
6521
6523
6523
6523
6524
6524
6525
6525
6525
6525
6526
6526
6527
6530
6530
6531
6534
6535
6539
6539
6539
6540
6540
6540
6541
6542
6544
6545
6546
6550
6552
6552
6552
6552
6554
6554
6556
6556
6558
6559
6559
6560
6561
6562
6562
6565
6565
6566
6567
6567
6570
6571
6572
6572
6572
6573
6573
6573
6573
6575
6576
6576
6578
6578
6580
6583
6584
6585
6586
6590
6591
6591
6592
6592
6595
6598
6598
6599
6600
6600
6600
6602
6603
6603
6604
6605
6606
6607
6607
6609
6610
6611
6611
6614
6614
6615
6617
6617
6621
6624
6624
6625
6626
6627
6627
6628
6629
6631
6631
6632
6633
6633
6635
6636
6637
6637
6637
6637
6638
6642
6642
6643
6643
6644
6645
6645
6646
6649
6650
6650
6653
6653
6655
6656
6659
6660
6662
6662
6665
6669
6672
6672
6673
6673
6673
6677
6677
6678
6679
6679
6680
6680
6680
6680
6682
6682
6686
6686
6688
6689
6690
6692
6692
6693
6693
6693
6693
6695
6695
6697
6697
6700
6701
6701
6703
6709
6710
6710
6713
6714
6714
6715
6716
6719
6720
6723
6723
6725
6726
6728
6728
6729
6730
6730
6730
6733
6734
6735
6736
6737
6738
6740
6742
6742
6742
6742
6743
6746
6747
6748
6749
6749
6749
6749
6750
6750
6751
6751
6752
6752
6753
6753
6758
6760
6760
6761
6762
6763
6764
6765
6766
6767
6767
6768
6770
6771
6771
6771
6772
6772
6772
6772
6773
6773
6775
6775
6776
6776
6776
6776
6777
6781
6782
6782
6784
6785
6785
6786
6788
6790
6790
6792
6792
6792
6793
6795
6800
6800
6803
6804
6806
6806
6810
6811
6812
6812
6815
6817
6818
6819
6820
6822
6823
6823
6825
6827
6829
6829
6830
6831
6833
6834
6836
6837
6838
6839
6842
6845
6846
6846
6847
6849
6849
6850
6853
6857
6859
6862
6864
6865
6865
6867
6867
6867
6867
6869
6869
6869
6870
6870
6870
6871
6872
6872
6873
6874
6875
6875
6875
6876
6877
6879
6879
6880
6881
6882
6883
6884
6885
6887
6887
6887
6887
6888
6888
6892
6892
6893
6893
6894
6897
6897
6898
6900
6901
6903
6903
6903
6906
6906
6912
6912
6913
6913
6913
6913
6914
6916
6917
6917
6917
6920
6921
6922
6923
6924
6927
6927
6929
6929
6930
6933
6933
6934
6935
6936
6936
6938
6939
6939
6941
6941
6946
6946
6948
6949
6949
6949
6951
6952
6952
6953
6953
6955
6956
6957
6958
6958
6958
6960
6963
6964
6964
6964
6964
6966
6966
6967
6967
6968
6968
6969
6971
6972
6973
6974
6974
6975
6975
6975
6976
6977
6978
6978
6979
6979
6980
6981
6982
6982
6984
6984
6985
6985
6985
6986
6986
6987
6988
6988
6989
6992
6992
6992
6994
6996
6997
6998
6998
6999
7002
7003
7003
7006
7008
7009
7009
7011
7013
7014
7015
7016
7016
7017
7020
7020
7020
7022
7023
7024
7025
7027
7027
7029
7030
7031
7032
7033
7036
7036
7037
7041
7041
7042
7044
7046
7047
7050
7051
7052
7053
7054
7054
7054
7054
7055
7055
7056
7056
7058
7059
7059
7064
7065
7067
7070
7070
7070
7071
7071
7074
7077
7079
7079
7082
7084
7086
7087
7088
7090
7091
7092
7093
7093
7094
7097
7098
7100
7102
7103
7105
7105
7105
7105
7107
7108
7109
7111
7112
7113
7114
7116
7119
7121
7121
7122
7123
7126
7127
7128
7128
7128
7131
7132
7136
7136
7136
7137
7139
7140
7143
7146
7146
7146
7147
7147
7147
7148
7150
7151
7151
7153
7154
7154
7155
7156
7156
7157
7157
7158
7158
7159
7161
7162
7164
7165
7165
7168
7170
7170
7172
7172
7173
7173
7177
7177
7177
7178
7178
7180
7180
7181
7182
7183
7183
7183
7184
7184
7186
7186
7187
7187
7188
7190
7191
7192
7193
7196
7200
7201
7204
7209
7210
7210
7212
7212
7212
7213
7214
7214
7214
7214
7214
7214
7216
7217
7217
7218
7220
7221
7223
7226
7227
7231
7231
7232
7233
7234
7236
7236
7237
7237
7239
7241
7242
7242
7242
7244
7246
7248
7250
7250
7251
7252
7252
7252
7253
7257
7258
7259
7260
7260
7263
7265
7266
7266
7270
7274
7275
7276
7277
7280
7280
7281
7282
7282
7282
7282
7282
7283
7284
7284
7284
7285
7287
7289
7290
7291
7292
7292
7293
7294
7294
7294
7295
7297
7298
7298
7298
7300
7301
7302
7304
7304
7305
7306
7306
7307
7308
7309
7309
7311
7311
7312
7312
7314
7315
7317
7317
7319
7319
7320
7323
7323
7325
7326
7328
7328
7328
7329
7330
7331
7333
7333
7334
7335
7337
7337
7338
7340
7340
7341
7342
7342
7343
7344
7346
7346
7346
7347
7349
7351
7351
7352
7352
7352
7355
7355
7356
7356
7357
7358
7358
7361
7362
7362
7364
7365
7365
7366
7366
7368
7370
7373
7373
7376
7376
7378
7378
7378
7384
7384
7384
7385
7387
7387
7387
7388
7388
7389
7390
7390
7390
7391
7392
7393
7394
7396
7397
7397
7397
7397
7398
7398
7400
7401
7401
7401
7403
7404
7404
7405
7409
7411
7411
7412
7412
7413
7413
7414
7414
7414
7415
7416
7416
7416
7417
7417
7418
7420
7421
7421
7421
7422
7423
7423
7424
7424
7424
7425
7425
7425
7426
7426
7426
7428
7432
7432
7433
7433
7433
7433
7435
7436
7436
7436
7436
7436
7437
7438
7438
7439
7442
7445
7446
7447
7450
7451
7451
7452
7452
7452
7452
7454
7455
7455
7455
7459
7459
7459
7459
7461
7461
7461
7461
7464
7464
7465
7466
7466
7467
7467
7467
7468
7468
7470
7471
7472
7473
7473
7475
7476
7478
7479
7482
7482
7483
7484
7484
7488
7491
7491
7491
7492
7492
7492
7493
7493
7497
7497
7498
7499
7500
7502
7502
7502
7503
7504
7504
7506
7507
7508
7509
7510
7511
7512
7512
7512
7512
7513
7514
7516
7517
7518
7519
7521
7521
7521
7522
7522
7523
7524
7525
7526
7526
7527
7528
7530
7531
7531
7531
7534
7534
7536
7537
7540
7540
7541
7541
7544
7544
7545
7547
7548
7548
7549
7549
7550
7551
7552
7553
7553
7553
7553
7553
7553
7554
7555
7555
7556
7557
7558
7558
7559
7559
7563
7563
7563
7564
7564
7565
7565
7566
7568
7568
7569
7569
7571
7571
7572
7574
7574
7576
7577
7578
7579
7579
7580
7581
7582
7584
7584
7586
7586
7586
7587
7588
7589
7590
7591
7592
7592
7594
7597
7598
7598
7598
7599
7601
7602
7602
7604
7605
7607
7608
7609
7610
7611
7612
7612
7613
7614
7614
7616
7617
7619
7620
7621
7622
7623
7623
7623
7623
7623
7624
7625
7625
7625
7626
7626
7628
7629
7630
7630
7631
7632
7633
7633
7634
7634
7636
7637
7637
7639
7640
7640
7641
7641
7641
7642
7644
7645
7645
7647
7648
7649
7649
7650
7651
7652
7652
7652
7653
7655
7656
7656
7659
7660
7660
7663
7664
7664
7667
7667
7668
7668
7670
7670
7671
7671
7674
7675
7675
7676
7676
7676
7676
7676
7679
7680
7681
7686
7687
7689
7689
7691
7692
7695
7696
7696
7697
7697
7697
7698
7700
7700
7701
7702
7706
7711
7711
7712
7715
7715
7715
7715
7716
7716
7717
7719
7719
7723
7724
7724
7725
7725
7726
7728
7728
7730
7732
7732
7734
7735
7736
7737
7737
7739
7739
7742
7743
7744
7744
7745
7749
7752
7754
7755
7756
7757
7757
7759
7760
7761
7762
7763
7766
7766
7768
7768
7768
7768
7769
7771
7772
7772
7774
7775
7775
7777
7778
7778
7779
7780
7781
7784
7784
7789
7791
7792
7794
7798
7799
7800
7800
7801
7805
7808
7808
7809
7810
7810
7811
7812
7814
7814
7816
7816
7816
7818
7821
7821
7824
7825
7827
7827
7828
7828
7829
7830
7830
7830
7831
7831
7831
7832
7834
7835
7835
7835
7837
7837
7840
7842
7843
7844
7845
7845
7846
7848
7850
7850
7851
7853
7853
7854
7855
7855
7855
7856
7856
7858
7859
7860
7860
7860
7863
7864
7864
7868
7868
7868
7869
7869
7869
7870
7872
7873
7874
7874
7875
7876
7877
7877
7878
7878
7880
7880
7881
7882
7883
7883
7883
7885
7886
7887
7887
7888
7889
7890
7891
7893
7894
7895
7896
7897
7898
7898
7898
7900
7900
7902
7905
7907
7909
7910
7910
7911
7912
7913
7913
7916
7917
7918
7920
7921
7922
7922
7923
7926
7929
7930
7930
7931
7934
7935
7936
7938
7938
7941
7942
7943
7944
7945
7946
7947
7947
7951
7952
7953
7954
7954
7955
7957
7958
7958
7961
7965
7965
7968
7969
7970
7971
7972
7974
7976
7978
7979
7980
7980
7981
7982
7983
7985
7987
7987
7988
7991
7991
7997
8003
8004
8006
8008
8010
8011
8012
8013
8014
8015
8016
8018
8018
8018
8020
8021
8022
8023
8023
8026
8026
8027
8027
8028
8028
8030
8031
8031
8032
8033
8033
8034
8036
8036
8036
8037
8040
8041
8042
8044
8045
8046
8047
8047
8050
8051
8052
8052
8054
8055
8055
8057
8057
8059
8059
8061
8065
8067
8068
8068
8071
8072
8072
8073
8074
8076
8078
8080
8080
8082
8085
8086
8087
8088
8088
8089
8091
8091
8092
8092
8093
8093
8095
8096
8099
8099
8101
8102
8102
8102
8103
8107
8108
8108
8108
8109
8110
8111
8116
8118
8119
8119
8120
8121
8121
8122
8126
8126
8126
8128
8128
8130
8131
8132
8133
8133
8133
8136
8137
8139
8141
8143
8144
8145
8145
8147
8150
8150
8150
8150
8151
8151
8152
8154
8155
8156
8158
8159
8159
8160
8161
8162
8162
8162
8162
8163
8164
8165
8165
8165
8167
8167
8168
8169
8171
8172
8173
8174
8177
8178
8179
8180
8181
8182
8182
8184
8185
8185
8187
8187
8188
8189
8189
8191
8194
8196
8197
8197
8199
8199
8200
8202
8203
8204
8205
8209
8210
8211
8212
8215
8216
8217
8217
8218
8219
8220
8220
8220
8222
8222
8222
8223
8226
8226
8227
8227
8228
8228
8230
8230
8232
8232
8232
8233
8235
8237
8238
8239
8242
8243
8243
8246
8246
8247
8247
8247
8250
8251
8251
8251
8252
8252
8253
8254
8254
8255
8257
8259
8260
8260
8261
8263
8263
8266
8267
8268
8268
8271
8273
8274
8275
8276
8280
8281
8281
8282
8283
8284
8285
8285
8285
8288
8288
8288
8289
8289
8291
8291
8293
8293
8294
8295
8296
8296
8296
8297
8298
8299
8299
8300
8300
8300
8301
8302
8303
8304
8308
8308
8309
8309
8309
8309
8310
8310
8312
8313
8313
8316
8320
8320
8325
8325
8325
8326
8327
8330
8330
8332
8332
8335
8336
8341
8343
8343
8344
8344
8344
8349
8351
8351
8352
8353
8353
8354
8354
8354
8355
8356
8356
8358
8359
8360
8360
8360
8362
8362
8363
8364
8365
8365
8368
8369
8370
8371
8372
8376
8377
8377
8379
8380
8382
8383
8383
8383
8385
8385
8386
8388
8389
8389
8389
8390
8391
8392
8393
8395
8398
8400
8400
8400
8401
8401
8402
8403
8403
8405
8406
8406
8408
8410
8411
8411
8411
8412
8412
8414
8414
8415
8415
8416
8416
8416
8417
8417
8418
8418
8418
8420
8420
8421
8424
8425
8425
8426
8427
8428
8428
8429
8430
8430
8432
8433
8434
8436
8436
8439
8439
8441
8441
8442
8444
8444
8445
8445
8446
8449
8449
8449
8451
8453
8453
8456
8456
8457
8457
8458
8458
8459
8460
8462
8464
8464
8465
8465
8467
8467
8467
8468
8469
8469
8472
8473
8475
8476
8477
8477
8479
8480
8482
8482
8483
8484
8486
8486
8486
8487
8489
8489
8490
8493
8493
8494
8496
8496
8497
8497
8497
8498
8499
8500
8500
8501
8506
8506
8507
8509
8509
8510
8511
8512
8514
8515
8516
8516
8518
8525
8525
8525
8526
8527
8528
8529
8529
8529
8529
8530
8530
8531
8532
8534
8540
8543
8547
8547
8551
8553
8555
8555
8557
8559
8559
8560
8562
8563
8563
8563
8564
8565
8566
8566
8568
8568
8569
8569
8570
8572
8573
8574
8575
8575
8576
8576
8577
8578
8579
8579
8579
8581
8581
8582
8582
8583
8583
8584
8585
8586
8587
8587
8589
8590
8592
8593
8593
8595
8596
8598
8600
8601
8603
8604
8604
8605
8606
8607
8608
8608
8608
8609
8610
8610
8610
8612
8613
8614
8616
8616
8616
8616
8617
8617
8617
8618
8619
8620
8621
8622
8622
8623
8624
8626
8627
8628
8630
8631
8632
8634
8635
8635
8635
8636
8636
8637
8637
8638
8638
8638
8639
8639
8639
8640
8642
8643
8644
8645
8645
8647
8647
8647
8647
8648
8649
8649
8650
8650
8653
8654
8655
8656
8656
8657
8657
8657
8658
8658
8659
8659
8659
8663
8663
8663
8665
8667
8668
8668
8669
8669
8670
8672
8673
8673
8673
8674
8674
8676
8677
8678
8678
8679
8680
8680
8680
8681
8684
8686
8686
8691
8692
8692
8697
8697
8698
8698
8698
8700
8701
8701
8701
8702
8702
8702
8703
8703
8704
8705
8706
8706
8707
8708
8708
8709
8710
8711
8712
8712
8713
8714
8715
8717
8717
8718
8719
8719
8719
8720
8721
8721
8723
8723
8723
8728
8729
8731
8731
8731
8732
8732
8732
8732
8733
8733
8734
8735
8735
8741
8741
8741
8742
8742
8742
8742
8743
8744
8748
8749
8750
8750
8751
8752
8753
8756
8756
8756
8756
8757
8757
8760
8761
8761
8761
8762
8762
8764
8767
8768
8769
8770
8772
8772
8773
8773
8775
8777
8777
8777
8778
8779
8780
8781
8781
8783
8784
8784
8785
8785
8785
8785
8786
8787
8793
8794
8794
8795
8795
8796
8799
8800
8801
8801
8801
8803
8803
8805
8807
8808
8810
8811
8813
8813
8814
8815
8815
8817
8817
8820
8820
8821
8822
8822
8824
8826
8827
8828
8828
8829
8833
8834
8834
8834
8835
8836
8836
8836
8836
8838
8838
8842
8843
8843
8844
8845
8845
8848
8848
8849
8850
8851
8851
8851
8853
8853
8856
8857
8858
8858
8859
8859
8861
8861
8862
8862
8862
8863
8864
8865
8865
8866
8867
8869
8871
8871
8872
8872
8873
8874
8875
8875
8876
8881
8882
8882
8884
8884
8884
8885
8886
8888
8889
8891
8891
8891
8894
8894
8894
8895
8896
8897
8898
8900
8901
8903
8903
8903
8903
8904
8905
8906
8906
8907
8907
8907
8907
8913
8913
8915
8918
8918
8919
8919
8920
8921
8922
8924
8924
8924
8925
8926
8926
8927
8930
8930
8931
8931
8932
8933
8934
8934
8935
8938
8939
8940
8944
8945
8946
8947
8947
8947
8949
8950
8952
8953
8953
8955
8955
8955
8957
8957
8958
8959
8959
8959
8959
8960
8963
8964
8964
8964
8964
8964
8966
8969
8971
8973
8974
8974
8974
8975
8975
8977
8979
8979
8979
8982
8982
8984
8985
8985
8987
8987
8987
8989
8990
8992
8993
8995
8997
8997
9000
9001
9002
9008
9008
9008
9009
9009
9010
9011
9011
9011
9012
9012
9014
9015
9016
9017
9018
9019
9021
9021
9021
9023
9023
9024
9024
9024
9025
9025
9027
9027
9028
9028
9030
9031
9032
9035
9035
9036
9041
9043
9043
9044
9045
9045
9047
9050
9051
9052
9053
9057
9058
9058
9059
9059
9059
9060
9061
9062
9062
9062
9062
9063
9065
9066
9067
9067
9068
9071
9072
9073
9074
9075
9076
9077
9079
9082
9084
9084
9086
9086
9086
9086
9087
9088
9088
9088
9088
9088
9091
9091
9093
9095
9095
9095
9098
9100
9101
9103
9104
9105
9105
9107
9108
9110
9110
9111
9111
9112
9114
9115
9116
9116
9116
9117
9117
9117
9117
9118
9119
9121
9123
9124
9124
9125
9126
9127
9128
9128
9128
9128
9128
9129
9129
9132
9134
9134
9135
9136
9138
9139
9141
9143
9144
9144
9144
9146
9148
9148
9148
9149
9149
9149
9151
9153
9153
9154
9155
9157
9157
9157
9157
9158
9158
9158
9160
9161
9164
9165
9166
9166
9171
9172
9172
9173
9174
9175
9175
9176
9176
9177
9178
9178
9179
9180
9180
9183
9185
9185
9186
9187
9188
9188
9188
9189
9189
9190
9190
9193
9194
9194
9194
9194
9194
9195
9198
9198
9198
9200
9201
9207
9207
9209
9211
9211
9212
9212
9212
9212
9212
9214
9215
9215
9216
9217
9218
9220
9221
9222
9224
9224
9226
9230
9232
9234
9235
9236
9236
9237
9238
9238
9239
9239
9239
9239
9240
9240
9242
9243
9244
9244
9247
9247
9247
9249
9249
9250
9250
9250
9251
9251
9252
9253
9253
9253
9253
9254
9255
9255
9256
9260
9261
9262
9262
9264
9266
9266
9267
9267
9270
9270
9271
9271
9272
9273
9274
9275
9275
9277
9277
9278
9279
9283
9283
9285
9288
9288
9288
9288
9289
9290
9290
9291
9291
9292
9292
9294
9294
9295
9296
9297
9298
9299
9300
9300
9302
9302
9304
9304
9305
9305
9306
9306
9307
9307
9307
9308
9309
9311
9312
9313
9314
9315
9316
9317
9318
9318
9319
9319
9321
9322
9323
9325
9326
9326
9329
9330
9331
9332
9333
9334
9335
9336
9340
9342
9343
9344
9346
9348
9348
9349
9349
9350
9351
9354
9354
9354
9355
9356
9356
9358
9358
9358
9360
9361
9365
9366
9367
9367
9370
9370
9370
9371
9371
9372
9373
9373
9374
9374
9376
9377
9378
9379
9380
9381
9381
9385
9385
9387
9389
9390
9390
9391
9391
9392
9393
9395
9395
9398
9399
9400
9400
9403
9403
9404
9405
9405
9406
9406
9406
9408
9408
9410
9411
9411
9411
9411
9412
9412
9415
9415
9415
9415
9417
9418
9418
9419
9420
9421
9422
9423
9423
9423
9423
9424
9428
9428
9428
9429
9429
9429
9430
9431
9431
9433
9435
9438
9440
9441
9444
9445
9445
9446
9446
9446
9446
9448
9449
9450
9450
9450
9451
9452
9453
9453
9458
9459
9461
9463
9463
9464
9464
9465
9470
9471
9471
9472
9473
9473
9473
9473
9474
9474
9474
9475
9475
9476
9476
9477
9477
9478
9478
9478
9479
9482
9483
9483
9486
9486
9487
9489
9490
9490
9492
9492
9495
9495
9497
9499
9501
9502
9507
9508
9508
9512
9512
9515
9515
9516
9516
9517
9521
9521
9521
9522
9523
9524
9527
9528
9530
9531
9531
9533
9534
9534
9535
9537
9537
9538
9538
9539
9541
9541
9542
9543
9543
9544
9544
9544
9547
9547
9548
9548
9548
9548
9548
9549
9550
9552
9553
9553
9554
9554
9554
9555
9557
9558
9559
9559
9559
9559
9562
9563
9564
9565
9567
9568
9568
9569
9570
9572
9572
9573
9576
9576
9576
9577
9580
9580
9583
9583
9584
9585
9585
9592
9592
9592
9593
9593
9594
9594
9595
9595
9596
9599
9600
9600
9601
9601
9602
9603
9604
9606
9607
9611
9611
9612
9613
9615
9615
9615
9618
9619
9619
9620
9620
9621
9621
9622
9623
9623
9623
9625
9625
9626
9627
9627
9630
9630
9632
9635
9636
9638
9640
9641
9641
9642
9642
9642
9643
9645
9645
9646
9647
9649
9650
9651
9651
9654
9655
9658
9658
9659
9660
9660
9663
9663
9666
9667
9667
9668
9669
9670
9670
9672
9673
9673
9673
9673
9674
9674
9675
9675
9676
9676
9676
9677
9677
9678
9681
9682
9683
9684
9685
9685
9686
9686
9687
9689
9691
9692
9692
9694
9694
9696
9698
9699
9699
9700
9701
9701
9702
9704
9706
9708
9708
9710
9713
9714
9714
9714
9716
9717
9718
9718
9720
9721
9721
9723
9724
9724
9725
9727
9729
9729
9732
9732
9734
9735
9735
9736
9737
9737
9738
9739
9740
9741
9741
9744
9748
9749
9751
9751
9752
9753
9753
9753
9754
9755
9755
9755
9755
9758
9760
9760
9760
9760
9761
9761
9762
9763
9764
9768
9770
9770
9771
9772
9772
9772
9772
9774
9775
9775
9775
9776
9776
9776
9777
9778
9778
9779
9780
9782
9782
9783
9785
9785
9786
9786
9787
9787
9788
9788
9791
9792
9792
9794
9795
9797
9797
9798
9798
9799
9799
9800
9802
9802
9802
9805
9806
9806
9807
9807
9807
9808
9809
9811
9813
9815
9815
9816
9817
9818
9821
9821
9821
9822
9824
9826
9827
9830
9831
9831
9833
9834
9834
9834
9835
9838
9839
9841
9841
9843
9844
9845
9845
9848
9850
9856
9856
9857
9858
9858
9858
9859
9859
9860
9860
9861
9862
9862
9863
9863
9863
9863
9863
9864
9864
9864
9865
9865
9866
9866
9867
9867
9869
9870
9873
9873
9873
9874
9875
9875
9876
9876
9877
9877
9878
9879
9882
9883
9885
9886
9887
9888
9888
9888
9889
9891
9891
9892
9893
9893
9895
9895
9896
9896
9896
9896
9897
9897
9899
9899
9899
9900
9901
9902
9905
9906
9906
9907
9908
9908
9911
9912
9912
9914
9914
9915
9915
9916
9918
9918
9919
9920
9921
9924
9924
9924
9926
9926
9927
9927
9928
9928
9930
9930
9931
9931
9932
9933
9933
9938
9940
9940
9941
9941
9942
9942
9944
9944
9944
9945
9945
9946
9947
9948
9948
9948
9948
9952
9952
9952
9952
9953
9955
9955
9956
9957
9958
9959
9960
9963
9963
9964
9964
9965
9966
9967
9969
9971
9971
9972
9972
9973
9973
9973
9974
9975
9975
9976
9976
9979
9980
9982
9982
9983
9983
9988
9995
9996
9998
9999
10000
10000
10001
10001
10002
10004
10004
10007
10009
10009
10011
10011
10012
10013
10014
10014
10017
10018
10019
10021
10021
10022
10022
10022
10023
10023
10024
10026
10027
10028
10028
10030
10031
10031
10033
10034
10036
10037
10040
10040
10040
10040
10041
10043
10044
10045
10045
10046
10051
10051
10053
10054
10055
10055
10056
10056
10057
10057
10057
10057
10058
10058
10059
10059
10061
10061
10061
10061
10063
10064
10065
10065
10068
10068
10068
10069
10071
10071
10071
10072
10072
10072
10073
10073
10074
10076
10076
10078
10079
10080
10080
10081
10082
10082
10083
10083
10084
10085
10085
10085
10085
10088
10089
10090
10091
10092
10093
10094
10095
10096
10096
10096
10098
10098
10100
10100
10101
10101
10103
10105
10107
10107
10107
10108
10109
10111
10112
10112
10112
10113
10113
10115
10115
10116
10116
10118
10119
10120
10121
10122
10122
10123
10124
10124
10127
10127
10127
10129
10129
10132
10132
10133
10135
10135
10136
10137
10138
10139
10139
10140
10140
10141
10142
10142
10142
10142
10143
10144
10144
10146
10146
10148
10148
10149
10150
10151
10154
10154
10155
10156
10159
10161
10163
10163
10164
10164
10167
10168
10169
10169
10170
10170
10170
10172
10173
10174
10174
10174
10175
10175
10175
10177
10178
10178
10178
10179
10183
10184
10189
10191
10192
10192
10194
10194
10194
10196
10196
10196
10197
10198
10198
10200
10200
10201
10203
10204
10204
10205
10206
10206
10206
10208
10208
10209
10210
10211
10212
10213
10214
10214
10215
10216
10217
10217
10218
10218
10218
10218
10219
10220
10220
10222
10222
10223
10225
10225
10226
10226
10227
10228
10229
10231
10231
10234
10235
10235
10235
10237
10237
10237
10237
10238
10239
10239
10240
10241
10244
10245
10245
10245
10245
10247
10247
10249
10249
10251
10251
10252
10254
10254
10254
10254
10259
10259
10260
10260
10263
10263
10264
10264
10264
10264
10264
10265
10267
10267
10269
10270
10270
10271
10272
10274
10274
10275
10276
10278
10278
10279
10279
10281
10282
10283
10283
10284
10284
10286
10287
10288
10288
10289
10290
10291
10292
10292
10293
10296
10297
10297
10300
10300
10302
10302
10302
10302
10303
10305
10306
10306
10307
10308
10309
10309
10310
10310
10311
10311
10312
10314
10314
10315
10316
10317
10318
10318
10319
10321
10324
10324
10325
10325
10326
10327
10327
10328
10329
10329
10330
10332
10334
10335
10337
10337
10343
10343
10344
10347
10351
10351
10352
10354
10355
10355
10355
10356
10358
10359
10360
10361
10361
10363
10364
10364
10366
10367
10367
10367
10369
10369
10370
10371
10372
10372
10372
10374
10374
10374
10375
10375
10376
10382
10383
10384
10384
10385
10386
10387
10387
10387
10389
10390
10390
10390
10391
10392
10394
10397
10398
10399
10399
10400
10401
10401
10404
10405
10406
10407
10408
10409
10413
10414
10414
10416
10417
10417
10418
10418
10419
10420
10420
10420
10421
10422
10422
10423
10424
10425
10425
10426
10426
10426
10427
10428
10429
10430
10432
10432
10433
10433
10434
10435
10436
10438
10439
10439
10439
10439
10440
10444
10444
10447
10448
10453
10453
10453
10453
10453
10454
10455
10457
10457
10458
10460
10460
10460
10461
10461
10462
10463
10463
10463
10467
10469
10470
10471
10472
10472
10473
10474
10476
10477
10478
10478
10478
10478
10478
10479
10479
10482
10483
10483
10484
10485
10485
10486
10487
10489
10490
10490
10490
10492
10493
10495
10495
10496
10496
10498
10500
10501
10501
10501
10502
10502
10502
10504
10506
10507
10508
10508
10508
10510
10510
10514
10515
10516
10516
10518
10518
10520
10525
10525
10526
10527
10527
10528
10528
10532
10533
10533
10533
10534
10535
10536
10536
10537
10539
10540
10541
10542
10542
10542
10543
10543
10543
10544
10544
10546
10547
10547
10547
10548
10548
10549
10551
10552
10553
10554
10554
10556
10558
10559
10560
10561
10563
10563
10564
10564
10564
10565
10566
10566
10568
10572
10575
10575
10577
10577
10578
10580
10580
10580
10582
10582
10583
10583
10584
10586
10586
10588
10588
10589
10590
10590
10591
10592
10592
10592
10592
10594
10595
10596
10597
10597
10599
10599
10602
10603
10603
10604
10604
10605
10605
10608
10608
10609
10610
10611
10611
10611
10611
10612
10612
10614
10614
10614
10614
10615
10617
10619
10620
10621
10621
10621
10625
10625
10627
10631
10632
10633
10634
10635
10636
10637
10637
10638
10639
10640
10643
10643
10648
10648
10649
10650
10650
10651
10652
10653
10654
10655
10656
10656
10656
10657
10658
10659
10659
10659
10660
10661
10662
10662
10663
10665
10665
10666
10667
10668
10669
10669
10669
10670
10671
10673
10674
10675
10676
10677
10678
10680
10682
10682
10684
10685
10686
10687
10687
10687
10688
10689
10689
10691
10691
10692
10692
10693
10693
10693
10694
10694
10695
10698
10699
10699
10702
10702
10702
10703
10703
10703
10703
10703
10703
10704
10704
10708
10710
10711
10712
10712
10712
10713
10715
10716
10718
10718
10719
10719
10720
10721
10721
10721
10722
10722
10723
10723
10725
10725
10726
10727
10727
10727
10727
10727
10727
10729
10730
10732
10732
10733
10733
10734
10734
10735
10737
10737
10738
10743
10743
10744
10745
10745
10745
10746
10747
10748
10748
10749
10749
10750
10752
10753
10753
10753
10753
10755
10756
10756
10757
10758
10762
10763
10764
10764
10766
10770
10770
10770
10773
10776
10777
10779
10779
10779
10779
10783
10786
10787
10787
10788
10793
10793
10794
10795
10795
10795
10795
10796
10796
10799
10800
10800
10801
10802
10802
10804
10804
10806
10807
10807
10807
10808
10808
10809
10813
10813
10813
10814
10815
10816
10817
10818
10819
10820
10821
10821
10821
10827
10827
10827
10828
10828
10828
10828
10832
10832
10833
10834
10834
10835
10835
10837
10837
10839
10841
10841
10843
10843
10844
10845
10845
10846
10846
10847
10847
10851
10852
10853
10853
10853
10854
10858
10858
10858
10858
10859
10860
10860
10860
10862
10864
10865
10867
10868
10869
10869
10870
10871
10873
10875
10876
10877
10877
10878
10879
10879
10879
10881
10882
10883
10884
10884
10885
10886
10886
10888
10889
10890
10891
10891
10892
10892
10893
10894
10895
10895
10895
10898
10899
10899
10899
10900
10903
10904
10904
10904
10905
10906
10906
10907
10907
10908
10910
10911
10911
10912
10913
10914
10915
10917
10920
10921
10921
10921
10922
10922
10922
10923
10924
10925
10926
10928
10930
10930
10930
10932
10933
10934
10935
10935
10935
10938
10939
10939
10941
10941
10942
10942
10943
10946
10946
10947
10947
10949
10949
10951
10954
10955
10956
10959
10959
10960
10961
10963
10964
10965
10965
10967
10967
10968
10970
10971
10972
10974
10976
10976
10978
10979
10979
10980
10980
10981
10981
10982
10983
10985
10985
10986
10988
10988
10990
10991
10992
10993
10996
10999
10999
10999
11000
11001
11001
11002
11002
11003
11004
11005
11005
11005
11006
11008
11008
11008
11010
11011
11012
11013
11013
11014
11014
11016
11017
11018
11018
11018
11018
11019
11019
11021
11021
11022
11025
11026
11029
11029
11032
11033
11033
11035
11036
11036
11037
11038
11038
11039
11039
11039
11040
11041
11043
11044
11045
11045
11047
11047
11047
11048
11049
11049
11051
11052
11055
11056
11058
11058
11059
11061
11061
11063
11064
11064
11067
11068
11070
11071
11072
11074
11076
11076
11077
11077
11077
11079
11079
11081
11082
11082
11082
11083
11084
11084
11085
11085
11085
11086
11087
11089
11093
11093
11096
11100
11100
11100
11100
11103
11103
11105
11105
11106
11107
11108
11108
11109
11110
11112
11114
11117
11118
11118
11118
11120
11120
11121
11122
11122
11127
11127
11128
11129
11130
11130
11131
11131
11133
11133
11134
11134
11135
11137
11137
11142
11142
11144
11145
11145
11146
11147
11149
11149
11150
11150
11151
11151
11153
11154
11154
11154
11155
11157
11158
11160
11162
11162
11166
11168
11168
11169
11169
11169
11170
11170
11170
11171
11172
11172
11173
11175
11176
11176
11177
11177
11178
11179
11180
11180
11181
11182
11182
11182
11183
11183
11184
11185
11185
11186
11187
11187
11190
11190
11191
11192
11192
11193
11193
11195
11196
11197
11197
11198
11198
11201
11201
11202
11202
11204
11204
11205
11206
11206
11207
11208
11209
11211
11213
11214
11216
11216
11217
11218
11219
11219
11224
11225
11225
11226
11226
11228
11230
11230
11231
11232
11234
11236
11237
11239
11239
11239
11239
11239
11240
11241
11242
11243
11245
11246
11247
11249
11254
11259
11260
11261
11261
11262
11262
11262
11263
11263
11265
11265
11266
11267
11267
11267
11267
11268
11268
11268
11269
11269
11272
11273
11276
11278
11279
11279
11279
11280
11280
11280
11281
11285
11287
11288
11288
11290
11290
11291
11291
11292
11294
11294
11295
11296
11297
11297
11298
11299
11300
11301
11301
11302
11302
11302
11303
11304
11305
11306
11307
11308
11311
11313
11314
11315
11316
11316
11317
11318
11325
11326
11328
11328
11330
11333
11335
11335
11335
11336
11337
11337
11337
11338
11338
11339
11340
11342
11342
11349
11350
11351
11352
11352
11353
11353
11354
11354
11357
11358
11359
11360
11361
11364
11365
11366
11367
11369
11369
11369
11370
11370
11372
11373
11373
11374
11376
11376
11378
11378
11379
11380
11380
11380
11381
11382
11383
11383
11384
11385
11385
11386
11387
11388
11389
11391
11392
11392
11392
11395
11396
11397
11398
11399
11400
11401
11402
11402
11404
11405
11405
11407
11407
11408
11411
11418
11421
11422
11423
11423
11423
11424
11425
11426
11426
11426
11429
11430
11430
11433
11435
11436
11436
11437
11438
11438
11439
11441
11443
11443
11444
11444
11444
11445
11445
11447
11450
11450
11451
11451
11452
11453
11453
11453
11454
11455
11456
11456
11456
11456
11457
11458
11459
11460
11461
11462
11463
11463
11465
11465
11468
11473
11474
11474
11474
11475
11475
11475
11478
11478
11478
11480
11480
11480
11481
11482
11482
11483
11484
11485
11486
11487
11487
11488
11489
11489
11489
11490
11491
11491
11491
11491
11492
11494
11495
11495
11495
11501
11504
11504
11507
11510
11511
11512
11513
11514
11514
11515
11516
11516
11516
11517
11517
11519
11519
11520
11521
11521
11521
11522
11522
11522
11523
11525
11525
11526
11527
11528
11530
11531
11532
11533
11534
11534
11534
11535
11538
11539
11543
11543
11544
11545
11546
11547
11547
11548
11548
11548
11548
11549
11549
11549
11551
11551
11553
11554
11554
11555
11557
11557
11558
11560
11560
11561
11562
11563
11563
11563
11566
11566
11566
11567
11568
11569
11569
11569
11573
11573
11575
11575
11577
11577
11578
11579
11580
11582
11583
11584
11585
11587
11590
11592
11593
11593
11595
11597
11597
11597
11600
11600
11604
11607
11607
11608
11608
11609
11609
11612
11613
11613
11613
11614
11615
11616
11616
11617
11617
11617
11618
11619
11620
11621
11623
11624
11625
11625
11626
11626
11627
11627
11628
11628
11628
11629
11629
11631
11632
11632
11633
11635
11637
11638
11638
11643
11644
11645
11645
11646
11648
11650
11651
11651
11651
11656
11658
11658
11662
11663
11665
11665
11666
11666
11669
11669
11669
11670
11673
11673
11674
11675
11675
11678
11680
11682
11682
11684
11684
11687
11688
11688
11689
11690
11691
11691
11692
11694
11694
11694
11695
11698
11698
11699
11700
11700
11703
11703
11704
11704
11704
11706
11706
11707
11707
11709
11709
11710
11710
11711
11711
11713
11713
11715
11716
11718
11719
11719
11720
11720
11721
11721
11722
11723
11725
11727
11727
11727
11727
11727
11728
11729
11730
11730
11730
11732
11733
11734
11734
11736
11737
11738
11739
11739
11743
11746
11749
11750
11751
11752
11753
11754
11755
11755
11757
11758
11759
11761
11761
11762
11764
11765
11766
11767
11767
11769
11769
11774
11775
11776
11776
11776
11777
11777
11778
11778
11780
11781
11783
11783
11784
11784
11784
11784
11785
11789
11792
11792
11794
11797
11797
11797
11800
11801
11803
11806
11806
11807
11807
11807
11807
11808
11808
11810
11811
11811
11812
11812
11814
11814
11814
11815
11817
11817
11818
11820
11821
11822
11822
11823
11823
11827
11827
11830
11830
11832
11833
11833
11833
11833
11833
11833
11836
11838
11838
11838
11845
11845
11846
11846
11848
11849
11851
11851
11852
11853
11855
11857
11858
11861
11861
11862
11865
11866
11868
11869
11870
11872
11872
11873
11873
11874
11875
11875
11875
11876
11877
11879
11879
11880
11880
11880
11881
11883
11886
11890
11891
11891
11892
11892
11892
11893
11897
11900
11902
11903
11903
11904
11904
11905
11909
11910
11912
11912
11913
11914
11915
11915
11916
11917
11917
11919
11919
11921
11921
11922
11923
11929
11929
11932
11934
11936
11937
11937
11938
11939
11940
11942
11942
11944
11946
11948
11949
11949
11950
11952
11953
11954
11954
11955
11955
11955
11956
11957
11958
11958
11960
11961
11961
11963
11963
11964
11967
11968
11970
11970
11972
11974
11974
11975
11975
11976
11976
11978
11979
11980
11981
11981
11982
11983
11985
11987
11987
11989
11990
11992
11999
11999
12001
12002
12002
12003
12005
12005
12006
12006
12011
12014
12014
12015
12016
12017
12017
12019
12020
12021
12021
12021
12021
12021
12022
12022
12025
12025
12027
12027
12031
12031
12031
12032
12035
12035
12036
12036
12037
12037
12038
12038
12041
12044
12044
12045
12045
12045
12047
12048
12052
12053
12055
12057
12058
12058
12059
12060
12060
12062
12066
12066
12068
12069
12070
12070
12071
12072
12073
12074
12075
12075
12076
12077
12077
12078
12078
12078
12079
12081
12081
12082
12083
12086
12088
12089
12089
12091
12091
12091
12092
12092
12095
12096
12096
12097
12098
12099
12099
12099
12100
12102
12103
12104
12104
12105
12105
12107
12107
12108
12109
12112
12114
12115
12115
12116
12117
12118
12120
12121
12121
12121
12122
12122
12122
12124
12126
12127
12129
12129
12129
12129
12130
12133
12134
12136
12137
12138
12139
12139
12140
12141
12144
12144
12144
12144
12145
12147
12148
12148
12148
12152
12153
12154
12154
12155
12157
12159
12160
12161
12163
12163
12163
12164
12165
12166
12167
12169
12171
12173
12173
12175
12175
12176
12177
12177
12179
12181
12182
12186
12187
12187
12189
12190
12191
12191
12192
12192
12197
12198
12198
12199
12200
12200
12200
12204
12204
12206
12206
12206
12207
12207
12209
12209
12211
12211
12211
12213
12213
12214
12214
12216
12217
12217
12218
12222
12223
12223
12225
12225
12225
12226
12226
12226
12226
12227
12227
12228
12228
12229
12232
12234
12234
12235
12235
12238
12238
12239
12239
12239
12239
12240
12241
12241
12241
12242
12242
12243
12244
12245
12247
12248
12249
12250
12252
12253
12254
12254
12254
12255
12256
12261
12261
12261
12262
12264
12264
12266
12268
12268
12269
12270
12272
12275
12276
12276
12277
12278
12279
12280
12287
12290
12292
12292
12293
12293
12295
12295
12295
12296
12298
12298
12298
12299
12300
12302
12307
12308
12311
12311
12311
12313
12316
12316
12317
12319
12319
12319
12321
12322
12323
12324
12324
12324
12325
12325
12325
12326
12329
12329
12331
12334
12335
12337
12338
12341
12343
12344
12344
12344
12344
12344
12345
12346
12347
12348
12350
12350
12350
12351
12353
12355
12356
12356
12356
12357
12358
12359
12359
12364
12366
12366
12367
12367
12367
12368
12368
12369
12369
12371
12371
12374
12374
12375
12376
12377
12379
12379
12380
12381
12382
12382
12382
12383
12386
12386
12386
12387
12389
12390
12390
12391
12391
12392
12392
12393
12393
12395
12396
12397
12397
12397
12399
12399
12400
12400
12401
12402
12402
12403
12407
12407
12409
12411
12412
12413
12414
12415
12416
12418
12419
12420
12422
12424
12425
12425
12427
12428
12430
12433
12433
12434
12434
12434
12435
12436
12436
12437
12439
12440
12440
12441
12441
12441
12444
12444
12444
12445
12446
12448
12448
12449
12451
12452
12452
12454
12454
12457
12458
12458
12458
12458
12459
12459
12460
12462
12462
12462
12464
12465
12465
12467
12467
12471
12471
12471
12473
12473
12475
12476
12477
12478
12480
12480
12483
12484
12484
12486
12487
12488
12490
12490
12491
12491
12492
12492
12494
12494
12495
12495
12496
12497
12497
12497
12499
12499
12499
12501
12502
12503
12503
12503
12503
12504
12504
12506
12507
12507
12508
12508
12508
12510
12512
12516
12517
12519
12519
12520
12521
12521
12522
12524
12524
12524
12524
12525
12529
12530
12532
12533
12534
12534
12535
12536
12536
12539
12540
12541
12541
12542
12542
12544
12545
12546
12546
12546
12547
12547
12549
12549
12549
12550
12550
12551
12552
12552
12553
12555
12555
12555
12556
12558
12559
12559
12560
12560
12561
12562
12564
12565
12565
12566
12569
12570
12571
12573
12573
12574
12574
12576
12576
12576
12577
12577
12580
12580
12580
12583
12583
12584
12584
12584
12585
12585
12586
12586
12587
12588
12589
12590
12591
12594
12595
12595
12595
12596
12596
12597
12597
12597
12599
12601
12602
12602
12603
12603
12605
12606
12606
12606
12606
12606
12606
12607
12607
12608
12608
12610
12610
12612
12612
12613
12614
12615
12615
12615
12616
12618
12618
12618
12618
12622
12623
12623
12625
12628
12628
12630
12631
12633
12636
12638
12638
12640
12640
12641
12643
12643
12645
12645
12645
12646
12647
12648
12649
12650
12650
12652
12654
12656
12657
12658
12659
12661
12663
12664
12664
12664
12665
12665
12667
12670
12673
12674
12676
12678
12678
12679
12679
12680
12681
12681
12682
12682
12684
12685
12685
12685
12685
12686
12686
12686
12687
12687
12688
12692
12694
12694
12695
12699
12702
12703
12704
12708
12711
12711
12713
12714
12715
12716
12717
12717
12718
12719
12721
12721
12722
12722
12722
12723
12724
12724
12724
12725
12726
12727
12727
12728
12728
12728
12729
12729
12730
12731
12733
12735
12735
12736
12737
12738
12738
12738
12739
12739
12739
12739
12740
12741
12742
12745
12746
12746
12747
12747
12751
12752
12752
12752
12752
12752
12753
12754
12754
12754
12758
12762
12763
12763
12767
12767
12768
12768
12768
12769
12772
12775
12777
12777
12777
12778
12778
12780
12781
12782
12783
12783
12784
12785
12785
12786
12788
12788
12790
12793
12794
12794
12794
12795
12796
12798
12798
12799
12800
12804
12804
12805
12806
12807
12807
12808
12811
12814
12815
12816
12816
12818
12818
12819
12826
12831
12833
12834
12835
12836
12837
12837
12838
12840
12840
12841
12842
12844
12844
12845
12846
12846
12848
12849
12851
12854
12857
12859
12864
12866
12868
12870
12872
12872
12872
12873
12875
12876
12876
12877
12877
12877
12878
12879
12879
12879
12881
12882
12882
12882
12883
12883
12883
12886
12886
12887
12889
12890
12890
12891
12891
12893
12894
12894
12895
12897
12897
12898
12898
12900
12900
12900
12902
12903
12904
12905
12905
12907
12912
12912
12912
12913
12914
12914
12915
12915
12916
12916
12917
12917
12918
12919
12919
12919
12924
12924
12926
12927
12929
12930
12930
12931
12933
12935
12935
12935
12936
12936
12936
12941
12941
12943
12946
12946
12946
12947
12948
12950
12956
12956
12956
12956
12958
12958
12959
12959
12959
12961
12964
12965
12967
12969
12971
12973
12975
12976
12977
12978
12978
12979
12980
12981
12983
12983
12983
12983
12986
12987
12987
12987
12989
12989
12991
12992
12992
12993
12994
12994
12994
12997
12998
12998
12999
12999
13000
13002
13003
13005
13005
13006
13006
13007
13008
13008
13009
13010
13011
13011
13011
13012
13016
13016
13017
13017
13018
13018
13020
13021
13022
13023
13026
13026
13028
13028
13030
13032
13032
13035
13036
13037
13037
13038
13039
13043
13043
13045
13047
13049
13049
13050
13050
13051
13053
13054
13056
13057
13057
13057
13058
13059
13059
13060
13060
13062
13062
13063
13063
13063
13064
13064
13065
13065
13065
13069
13070
13070
13072
13077
13077
13078
13082
13082
13084
13084
13084
13085
13085
13088
13089
13090
13090
13090
13090
13091
13091
13092
13093
13094
13095
13097
13098
13098
13099
13100
13103
13106
13106
13106
13108
13108
13109
13111
13113
13113
13113
13118
13118
13120
13121
13123
13124
13125
13126
13128
13129
13129
13130
13133
13134
13135
13135
13136
13136
13137
13138
13138
13138
13138
13139
13139
13140
13140
13144
13144
13145
13146
13146
13146
13147
13148
13151
13151
13152
13152
13152
13155
13155
13156
13157
13157
13158
13159
13160
13160
13160
13162
13163
13163
13165
13165
13166
13166
13169
13169
13169
13177
13178
13179
13180
13184
13185
13185
13185
13186
13187
13187
13188
13188
13188
13189
13192
13192
13193
13193
13195
13195
13195
13196
13197
13198
13198
13199
13199
13201
13201
13202
13202
13203
13203
13203
13203
13204
13205
13205
13207
13208
13209
13209
13210
13210
13210
13211
13211
13212
13214
13214
13214
13216
13216
13216
13217
13217
13217
13218
13220
13221
13221
13222
13222
13222
13222
13223
13224
13224
13224
13226
13227
13227
13229
13234
13235
13235
13235
13238
13239
13239
13239
13241
13241
13241
13244
13244
13245
13245
13247
13249
13251
13253
13254
13255
13255
13255
13256
13258
13260
13260
13260
13261
13261
13262
13263
13265
13266
13267
13267
13268
13268
13272
13272
13274
13275
13279
13279
13280
13280
13281
13282
13284
13284
13285
13287
13288
13288
13288
13291
13292
13293
13294
13295
13295
13296
13296
13300
13300
13300
13301
13301
13302
13302
13302
13304
13306
13307
13308
13310
13312
13314
13317
13318
13319
13320
13323
13323
13324
13325
13325
13325
13326
13328
13329
13330
13330
13331
13331
13333
13334
13334
13335
13335
13335
13340
13341
13341
13341
13343
13344
13344
13344
13344
13345
13347
13351
13352
13354
13354
13354
13355
13356
13357
13357
13358
13358
13358
13358
13359
13360
13360
13362
13362
13366
13367
13368
13368
13369
13370
13371
13373
13374
13374
13375
13375
13376
13378
13378
13378
13379
13379
13380
13382
13382
13383
13383
13385
13385
13385
13386
13386
13387
13387
13388
13389
13390
13390
13391
13392
13392
13392
13394
13395
13395
13398
13399
13399
13400
13400
13401
13402
13403
13404
13406
13408
13409
13410
13412
13412
13413
13413
13413
13416
13416
13418
13419
13419
13420
13424
13426
13427
13428
13429
13429
13429
13431
13431
13431
13432
13435
13436
13436
13437
13437
13439
13443
13444
13444
13444
13445
13446
13447
13449
13452
13452
13454
13454
13455
13455
13456
13460
13460
13462
13463
13466
13473
13473
13474
13474
13474
13475
13475
13475
13476
13477
13478
13478
13480
13481
13482
13482
13483
13483
13484
13486
13487
13488
13488
13490
13490
13490
13495
13496
13497
13497
13498
13499
13499
13499
13499
13501
13502
13502
13503
13508
13509
13510
13511
13511
13512
13513
13515
13515
13516
13519
13519
13520
13520
13522
13523
13523
13523
13526
13526
13527
13528
13531
13532
13538
13538
13541
13541
13541
13542
13542
13542
13543
13544
13546
13547
13547
13547
13548
13548
13548
13549
13549
13551
13552
13553
13553
13553
13554
13554
13555
13555
13555
13556
13559
13562
13565
13565
13567
13568
13570
13574
13575
13575
13575
13576
13577
13578
13578
13579
13579
13580
13581
13582
13583
13583
13583
13586
13587
13588
13588
13590
13591
13591
13591
13592
13593
13593
13595
13595
13596
13599
13602
13602
13603
13603
13604
13604
13604
13605
13606
13607
13610
13612
13612
13612
13613
13614
13614
13614
13615
13617
13617
13620
13621
13621
13623
13623
13624
13626
13628
13628
13631
13631
13631
13633
13634
13634
13635
13636
13639
13639
13639
13640
13643
13643
13644
13644
13644
13645
13647
13647
13648
13651
13651
13654
13654
13655
13655
13655
13656
13657
13657
13658
13659
13660
13660
13661
13663
13668
13668
13669
13671
13671
13672
13673
13675
13676
13679
13680
13680
13680
13682
13683
13685
13685
13686
13686
13687
13688
13689
13689
13689
13690
13690
13692
13693
13696
13699
13700
13700
13701
13701
13702
13702
13703
13704
13704
13705
13706
13707
13708
13709
13710
13710
13712
13712
13713
13713
13713
13717
13717
13718
13718
13721
13722
13723
13725
13726
13726
13727
13728
13728
13729
13730
13731
13732
13732
13732
13732
13734
13734
13735
13735
13735
13736
13739
13740
13740
13741
13742
13743
13744
13744
13745
13747
13747
13748
13748
13748
13753
13753
13755
13757
13757
13759
13762
13763
13763
13763
13766
13767
13767
13770
13770
13773
13774
13774
13775
13775
13775
13775
13775
13777
13777
13778
13778
13779
13780
13782
13783
13785
13787
13787
13787
13787
13790
13793
13793
13793
13794
13794
13795
13795
13796
13797
13799
13799
13801
13802
13805
13805
13805
13806
13807
13809
13811
13811
13812
13812
13812
13813
13813
13814
13815
13819
13821
13823
13824
13824
13825
13826
13827
13829
13829
13829
13829
13830
13835
13836
13837
13840
13840
13840
13843
13843
13844
13845
13850
13851
13851
13853
13854
13854
13854
13858
13859
13859
13860
13861
13863
13867
13868
13868
13868
13868
13868
13870
13870
13871
13872
13873
13874
13875
13878
13879
13880
13881
13882
13883
13886
13887
13890
13890
13891
13894
13895
13895
13895
13895
13896
13896
13897
13897
13900
13902
13902
13903
13903
13904
13904
13904
13907
13907
13910
13911
13912
13912
13913
13913
13914
13915
13916
13918
13920
13921
13924
13924
13925
13925
13926
13927
13927
13929
13930
13931
13931
13931
13931
13934
13934
13934
13936
13937
13937
13938
13938
13939
13942
13943
13944
13944
13945
13946
13947
13948
13950
13951
13952
13954
13958
13959
13959
13959
13960
13962
13963
13964
13964
13965
13967
13967
13968
13968
13970
13972
13973
13974
13975
13975
13975
13977
13980
13981
13981
13981
13983
13984
13985
13988
13989
13990
13993
13993
13994
13995
13997
13998
13999
14000
14001
14004
14005
14007
14007
14008
14008
14010
14011
14012
14012
14013
14013
14013
14014
14015
14016
14018
14020
14020
14020
14021
14022
14023
14023
14025
14026
14026
14027
14027
14028
14028
14029
14029
14030
14030
14030
14031
14031
14035
14037
14037
14038
14040
14040
14040
14041
14042
14043
14044
14045
14046
14048
14048
14048
14049
14050
14050
14051
14052
14053
14054
14056
14056
14057
14058
14060
14061
14062
14063
14063
14067
14068
14069
14070
14072
14072
14075
14077
14077
14077
14078
14078
14079
14080
14083
14084
14088
14090
14091
14091
14093
14094
14094
14095
14095
14095
14096
14097
14097
14099
14099
14099
14100
14100
14101
14103
14104
14106
14107
14108
14108
14110
14111
14111
14112
14113
14114
14116
14116
14117
14119
14120
14125
14125
14128
14128
14129
14130
14130
14131
14131
14132
14133
14135
14135
14135
14136
14136
14138
14138
14139
14141
14141
14142
14142
14143
14143
14143
14144
14145
14146
14146
14146
14147
14147
14148
14148
14148
14149
14149
14150
14150
14150
14151
14152
14155
14156
14158
14158
14161
14161
14163
14163
14163
14164
14166
14166
14167
14167
14168
14169
14170
14173
14174
14176
14177
14178
14178
14180
14181
14182
14182
14183
14184
14185
14185
14185
14188
14188
14188
14189
14189
14190
14190
14190
14191
14192
14195
14196
14196
14197
14197
14198
14199
14200
14200
14201
14203
14205
14205
14206
14207
14209
14211
14212
14212
14213
14214
14216
14216
14217
14217
14218
14218
14218
14220
14220
14221
14222
14222
14224
14224
14224
14226
14226
14227
14228
14228
14231
14231
14231
14232
14232
14233
14233
14233
14233
14238
14238
14239
14240
14240
14240
14240
14240
14242
14243
14244
14244
14245
14246
14246
14246
14247
14247
14248
14250
14251
14251
14251
14253
14254
14254
14255
14257
14258
14260
14261
14262
14262
14262
14263
14263
14264
14265
14265
14267
14268
14270
14271
14273
14275
14275
14276
14279
14280
14280
14282
14285
14288
14291
14291
14292
14293
14293
14293
14294
14296
14298
14298
14298
14300
14301
14301
14306
14306
14307
14307
14309
14310
14310
14311
14313
14313
14313
14315
14315
14315
14317
14317
14317
14317
14318
14319
14319
14320
14320
14321
14323
14323
14324
14325
14326
14326
14329
14329
14330
14331
14331
14334
14335
14336
14336
14336
14337
14339
14340
14340
14340
14341
14344
14344
14345
14345
14345
14346
14346
14348
14348
14351
14352
14353
14354
14355
14355
14356
14358
14359
14360
14360
14360
14362
14362
14363
14363
14364
14364
14364
14367
14368
14368
14370
14371
14372
14374
14375
14375
14376
14380
14381
14382
14385
14385
14387
14388
14390
14390
14391
14391
14391
14392
14394
14395
14395
14396
14398
14399
14400
14401
14402
14402
14402
14403
14403
14404
14404
14405
14405
14406
14407
14407
14408
14408
14408
14409
14410
14411
14411
14413
14413
14413
14414
14416
14419
14420
14420
14422
14424
14424
14426
14427
14430
14433
14433
14434
14435
14437
14439
14439
14440
14442
14445
14447
14448
14448
14448
14449
14450
14451
14451
14452
14455
14458
14459
14459
14460
14461
14462
14462
14463
14463
14464
14464
14465
14465
14465
14466
14466
14473
14474
14474
14474
14475
14475
14475
14477
14477
14477
14478
14481
14482
14483
14484
14487
14487
14487
14488
14490
14491
14491
14492
14493
14495
14496
14498
14499
14499
14500
14500
14500
14501
14501
14502
14502
14503
14504
14506
14508
14509
14510
14511
14511
14512
14513
14515
14515
14521
14522
14523
14523
14525
14525
14525
14526
14528
14529
14529
14530
14531
14531
14532
14533
14534
14534
14538
14540
14540
14542
14544
14545
14546
14547
14548
14548
14550
14552
14553
14553
14554
14554
14555
14555
14555
14556
14561
14562
14563
14563
14565
14565
14569
14570
14570
14573
14574
14575
14576
14579
14579
14580
14580
14581
14582
14582
14583
14584
14587
14588
14588
14592
14594
14594
14595
14598
14600
14600
14600
14603
14603
14608
14608
14610
14610
14610
14613
14613
14614
14616
14618
14618
14620
14621
14622
14623
14623
14623
14625
14625
14626
14628
14628
14628
14629
14629
14629
14630
14630
14632
14632
14633
14633
14634
14634
14634
14635
14635
14637
14637
14638
14639
14640
14644
14645
14647
14648
14651
14651
14654
14655
14657
14657
14659
14660
14661
14664
14666
14667
14667
14667
14670
14670
14670
14671
14674
14677
14678
14680
14681
14681
14681
14683
14683
14684
14684
14687
14687
14687
14687
14688
14688
14688
14689
14690
14693
14693
14694
14694
14695
14695
14695
14696
14697
14697
14698
14700
14702
14703
14703
14704
14704
14705
14707
14707
14708
14709
14710
14711
14712
14713
14716
14716
14717
14717
14717
14720
14721
14724
14725
14726
14726
14727
14727
14727
14728
14728
14730
14730
14730
14731
14733
14733
14737
14739
14740
14741
14741
14741
14741
14742
14742
14743
14743
14744
14744
14745
14745
14746
14747
14747
14748
14749
14750
14750
14750
14750
14752
14753
14753
14754
14754
14756
14759
14761
14761
14761
14762
14764
14765
14766
14768
14769
14769
14770
14770
14773
14773
14773
14774
14775
14776
14776
14776
14778
14779
14780
14780
14781
14781
14781
14782
14786
14786
14787
14788
14789
14789
14790
14790
14790
14792
14794
14797
14802
14804
14804
14804
14805
14806
14807
14809
14812
14812
14816
14820
14822
14823
14823
14823
14824
14824
14824
14824
14826
14827
14827
14830
14831
14831
14832
14833
14833
14833
14833
14834
14839
14840
14840
14846
14846
14848
14849
14850
14851
14851
14852
14853
14853
14854
14854
14855
14856
14857
14857
14858
14859
14860
14861
14861
14861
14862
14862
14863
14863
14863
14864
14864
14865
14865
14866
14867
14868
14868
14869
14871
14871
14871
14873
14874
14875
14875
14877
14878
14879
14881
14881
14886
14886
14886
14887
14888
14888
14888
14888
14889
14890
14890
14891
14892
14892
14893
14893
14894
14894
14894
14895
14896
14896
14897
14897
14898
14899
14899
14900
14901
14903
14903
14903
14904
14905
14905
14906
14907
14907
14907
14910
14912
14914
14916
14918
14918
14919
14919
14921
14921
14922
14923
14924
14924
14924
14924
14925
14927
14928
14929
14931
14932
14934
14936
14937
14937
14937
14938
14939
14941
14941
14942
14942
14942
14944
14945
14946
14947
14947
14947
14949
14949
14950
14950
14950
14953
14953
14954
14955
14956
14956
14956
14957
14960
14961
14962
14963
14964
14965
14965
14965
14966
14966
14967
14968
14970
14970
14970
14973
14974
14975
14977
14977
14980
14980
14982
14982
14983
14985
14988
14989
14989
14989
14991
14991
14992
14992
14992
14993
14993
14993
14993
14993
14994
14995
14995
14996
14996
14997
15000
15000
15001
15001
15002
15003
15004
15007
15010
15012
15012
15013
15013
15013
15014
15014
15016
15017
15018
15019
15019
15019
15024
15024
15024
15024
15026
15026
15027
15028
15028
15028
15030
15032
15033
15035
15036
15036
15037
15038
15044
15045
15046
15046
15047
15048
15048
15049
15050
15051
15052
15053
15057
15059
15061
15061
15063
15065
15065
15066
15067
15067
15068
15069
15070
15070
15071
15072
15072
15073
15073
15073
15073
15074
15076
15077
15077
15077
15077
15078
15079
15080
15081
15082
15082
15082
15084
15085
15086
15086
15087
15088
15088
15089
15090
15090
15091
15092
15092
15095
15095
15095
15097
15097
15097
15098
15099
15099
15101
15102
15106
15108
15108
15108
15109
15111
15111
15112
15114
15114
15115
15115
15116
15117
15118
15118
15119
15120
15122
15123
15124
15124
15125
15126
15127
15128
15128
15129
15130
15130
15130
15131
15131
15131
15131
15133
15134
15135
15135
15136
15136
15138
15138
15138
15139
15139
15140
15140
15142
15142
15144
15145
15145
15146
15147
15148
15148
15150
15151
15153
15153
15153
15154
15155
15156
15156
15157
15157
15158
15158
15159
15159
15160
15162
15167
15167
15168
15170
15170
15171
15174
15176
15177
15177
15177
15177
15177
15178
15182
15184
15185
15186
15186
15187
15187
15188
15188
15190
15191
15191
15194
15195
15196
15196
15196
15197
15198
15200
15203
15203
15204
15207
15209
15210
15211
15211
15213
15215
15215
15216
15216
15219
15221
15221
15222
15222
15223
15225
15225
15226
15227
15228
15228
15231
15232
15234
15236
15237
15238
15238
15238
15239
15239
15239
15243
15243
15243
15243
15243
15247
15248
15250
15250
15251
15253
15254
15254
15254
15257
15258
15258
15258
15258
15259
15262
15262
15263
15264
15267
15269
15269
15271
15271
15272
15273
15275
15276
15276
15277
15278
15280
15281
15281
15282
15283
15283
15283
15284
15284
15285
15286
15287
15287
15287
15287
15288
15289
15289
15291
15292
15292
15292
15292
15292
15293
15296
15297
15298
15301
15301
15301
15301
15305
15306
15306
15309
15310
15310
15312
15312
15316
15319
15319
15321
15322
15322
15325
15326
15327
15328
15329
15329
15330
15331
15331
15332
15332
15332
15334
15336
15339
15339
15339
15339
15341
15341
15341
15341
15343
15343
15343
15345
15345
15346
15348
15349
15350
15351
15352
15353
15353
15355
15355
15356
15357
15358
15358
15359
15359
15364
15364
15365
15369
15369
15369
15371
15371
15371
15372
15372
15372
15373
15373
15373
15374
15375
15377
15377
15378
15378
15378
15380
15382
15383
15385
15389
15390
15390
15391
15394
15396
15398
15399
15401
15401
15405
15405
15405
15407
15407
15409
15410
15410
15411
15412
15412
15412
15415
15415
15417
15417
15419
15419
15419
15420
15422
15425
15426
15427
15427
15429
15429
15430
15432
15432
15433
15435
15438
15438
15438
15441
15442
15443
15446
15449
15450
15451
15452
15453
15454
15454
15456
15457
15458
15458
15458
15459
15460
15460
15461
15461
15463
15464
15464
15465
15465
15468
15468
15470
15471
15472
15474
15476
15476
15477
15478
15478
15478
15479
15480
15481
15482
15483
15484
15485
15486
15486
15488
15488
15489
15491
15492
15494
15495
15495
15495
15496
15498
15503
15503
15503
15503
15504
15505
15507
15507
15509
15509
15509
15510
15511
15512
15518
15518
15519
15519
15520
15522
15522
15527
15527
15528
15528
15529
15530
15535
15537
15539
15540
15540
15541
15542
15543
15544
15545
15549
15550
15551
15551
15551
15552
15552
15553
15554
15556
15556
15556
15557
15558
15559
15559
15561
15562
15563
15563
15563
15565
15565
15565
15567
15568
15569
15569
15571
15571
15571
15571
15573
15573
15573
15576
15578
15581
15581
15582
15584
15584
15586
15586
15587
15588
15588
15589
15589
15589
15590
15590
15592
15592
15593
15594
15595
15596
15598
15599
15599
15599
15600
15600
15600
15600
15601
15602
15602
15602
15604
15604
15611
15611
15612
15613
15614
15614
15615
15616
15616
15617
15618
15618
15622
15623
15625
15626
15626
15627
15629
15629
15630
15630
15631
15631
15631
15632
15632
15633
15633
15633
15634
15636
15636
15636
15638
15640
15642
15642
15645
15647
15647
15648
15651
15651
15651
15652
15652
15652
15652
15654
15654
15656
15656
15657
15657
15657
15658
15659
15660
15660
15661
15663
15664
15666
15667
15668
15669
15669
15670
15670
15670
15673
15674
15674
15675
15675
15675
15676
15676
15679
15680
15680
15680
15681
15682
15682
15683
15684
15684
15685
15686
15686
15687
15688
15688
15689
15691
15692
15695
15695
15697
15697
15702
15703
15705
15705
15707
15708
15708
15708
15709
15709
15710
15710
15712
15713
15715
15715
15716
15718
15719
15719
15719
15721
15721
15722
15723
15726
15726
15727
15727
15728
15728
15729
15734
15734
15734
15734
15735
15735
15735
15736
15738
15739
15740
15741
15741
15742
15742
15742
15743
15744
15745
15745
15745
15747
15749
15749
15752
15752
15752
15753
15755
15755
15756
15757
15758
15758
15760
15760
15760
15760
15760
15762
15764
15764
15764
15766
15768
15768
15769
15769
15770
15771
15772
15773
15773
15773
15774
15775
15775
15775
15776
15776
15777
15780
15781
15782
15783
15784
15784
15785
15787
15790
15790
15791
15791
15791
15791
15792
15792
15793
15793
15793
15793
15794
15795
15795
15796
15798
15800
15800
15802
15803
15804
15804
15804
15804
15804
15804
15806
15806
15807
15809
15809
15810
15810
15813
15813
15813
15816
15817
15817
15818
15819
15819
15819
15820
15820
15820
15820
15820
15821
15821
15821
15821
15821
15822
15823
15824
15824
15828
15829
15830
15830
15830
15831
15831
15831
15832
15832
15833
15833
15834
15839
15840
15841
15841
15841
15842
15844
15844
15846
15847
15850
15852
15853
15853
15854
15854
15855
15856
15856
15857
15857
15857
15859
15859
15859
15859
15859
15860
15861
15861
15861
15861
15862
15863
15863
15863
15863
15864
15864
15865
15866
15870
15870
15872
15872
15872
15872
15874
15876
15877
15878
15879
15880
15880
15881
15881
15882
15883
15883
15884
15888
15889
15889
15889
15891
15894
15897
15899
15899
15901
15901
15901
15901
15902
15902
15902
15903
15905
15905
15905
15905
15906
15909
15909
15910
15913
15913
15913
15915
15916
15916
15917
15919
15922
15924
15925
15925
15927
15928
15929
15930
15931
15933
15933
15934
15934
15934
15935
15936
15937
15938
15938
15939
15941
15941
15943
15945
15947
15948
15948
15948
15948
15949
15949
15950
15951
15952
15952
15952
15952
15953
15954
15954
15955
15955
15956
15956
15961
15962
15963
15963
15965
15965
15966
15968
15969
15970
15971
15971
15972
15973
15982
15983
15983
15988
15990
15990
15991
15992
15994
15996
16000
arquivo ordenado pelo algoritmo count sort tempo da ordenao = 0 milisegundos

