2
2
3
4
6
6
6
9
10
10
10
11
13
13
14
15
16
17
19
19
20
21
24
24
25
26
27
27
28
31
31
32
33
34
35
36
37
39
39
39
40
42
43
44
45
45
46
48
48
50
51
52
52
54
55
57
58
58
59
61
61
62
64
64
65
66
67
68
68
69
71
71
72
74
74
76
77
78
78
81
81
83
84
84
85
87
87
89
89
89
91
92
92
94
95
95
96
99
99
99
102
103
103
104
105
105
107
108
109
109
111
113
113
113
114
115
117
118
118
120
120
121
124
124
124
127
128
128
129
131
132
133
133
134
135
136
136
138
139
140
141
142
144
144
144
146
147
148
149
149
152
152
153
154
155
156
157
158
160
160
160
162
163
163
165
167
167
167
168
170
170
171
174
175
175
176
177
179
179
181
181
182
183
184
184
185
187
187
189
190
192
193
193
193
194
195
198
198
199
199
201
202
203
204
205
206
207
208
208
210
210
213
213
214
215
216
217
217
219
220
221
221
223
224
225
226
227
227
228
230
230
232
232
234
235
235
237
237
238
240
241
242
243
245
246
246
246
248
248
250
250
252
253
254
255
256
258
259
259
261
261
263
263
265
265
266
268
268
268
269
271
272
274
274
276
276
277
277
278
279
281
281
284
285
285
286
286
288
288
290
291
291
293
293
296
296
296
297
300
300
301
301
303
303
305
306
308
309
309
309
310
312
313
313
316
316
317
319
319
320
322
322
322
325
325
325
326
328
328
330
332
332
333
334
335
335
337
338
339
339
341
342
342
344
345
345
347
348
348
349
350
352
353
354
354
357
357
358
359
359
361
362
364
364
364
367
368
368
369
369
370
372
373
374
374
376
377
378
379
380
381
382
383
383
385
386
386
387
390
390
391
391
394
394
395
395
397
398
400
401
402
403
403
404
405
405
407
407
409
410
410
412
412
414
416
417
418
418
419
420
421
423
423
424
425
426
426
427
428
429
430
431
432
435
436
436
437
438
439
440
441
442
442
444
445
447
447
448
450
451
452
453
453
454
455
455
457
458
460
460
461
463
463
464
466
467
467
468
469
469
471
472
473
474
474
475
478
478
479
480
481
482
483
484
485
486
487
487
489
490
492
492
492
495
495
495
498
498
499
500
502
503
503
503
505
506
506
508
509
510
511
512
512
513
515
516
517
517
519
521
521
522
522
525
525
525
526
528
530
530
531
532
532
535
535
535
536
538
539
540
541
541
544
544
544
546
548
548
550
550
552
552
552
555
555
556
557
558
559
560
561
562
563
563
565
565
567
569
570
570
571
572
573
574
575
576
578
578
579
580
581
582
583
585
586
586
587
588
589
591
592
592
593
594
595
597
597
598
600
601
602
602
603
605
606
606
606
609
609
610
611
612
614
615
615
616
617
618
619
619
622
623
624
624
624
626
628
629
630
631
632
633
633
634
635
635
636
638
639
641
642
642
643
644
646
647
647
648
649
649
651
652
654
654
654
655
656
659
659
660
662
662
663
663
665
667
667
669
670
670
671
672
673
673
675
675
677
679
680
681
682
682
682
683
684
686
686
688
689
689
692
692
692
693
696
697
698
698
699
700
700
701
703
704
705
707
708
709
710
710
712
713
713
714
716
717
718
719
719
721
721
721
722
724
725
727
727
727
729
729
732
733
733
733
735
736
737
738
738
739
740
743
744
744
744
745
747
747
750
750
751
752
752
753
754
756
756
759
759
760
760
762
764
764
765
766
767
767
770
770
770
771
773
773
776
776
776
779
780
780
781
783
784
784
785
786
786
788
789
789
792
792
794
795
796
796
797
798
799
800
800
801
803
805
805
805
806
809
810
810
810
813
813
814
815
816
817
818
818
819
821
821
823
823
826
826
826
829
829
830
830
833
833
834
835
835
836
837
839
840
842
842
844
844
846
846
848
848
848
851
851
852
852
855
856
856
857
858
859
859
861
861
863
864
865
865
866
867
868
870
871
871
872
874
874
875
876
879
879
879
880
883
883
883
886
887
887
887
889
891
891
892
893
895
895
896
897
898
898
900
901
903
904
904
904
907
907
908
908
910
911
912
913
913
915
916
916
917
920
921
921
922
923
924
924
925
927
928
929
929
931
932
934
934
935
935
936
938
939
940
940
941
944
944
946
946
947
949
949
949
952
952
952
955
956
956
956
958
958
960
961
963
963
964
965
965
967
968
969
969
971
972
973
973
975
975
977
977
978
980
980
983
984
984
986
987
987
988
988
989
991
992
993
994
995
995
997
998
998
1001
1001
1002
1003
1003
1005
1006
1007
1008
1008
1010
1010
1012
1013
1015
1016
1016
1018
1018
1019
1019
1022
1022
1022
1025
1025
1026
1027
1027
1029
1031
1031
1032
1033
1034
1035
1035
1036
1038
1040
1041
1042
1042
1043
1044
1046
1046
1046
1048
1048
1050
1050
1051
1053
1053
1054
1055
1056
1059
1059
1060
1061
1062
1063
1065
1065
1065
1068
1069
1069
1071
1072
1073
1073
1075
1075
1076
1076
1078
1078
1080
1080
1081
1084
1084
1086
1087
1088
1089
1089
1090
1092
1093
1094
1094
1095
1096
1097
1099
1099
1100
1101
1101
1102
1103
1106
1106
1107
1108
1108
1109
1110
1111
1112
1114
1115
1116
1117
1117
1118
1121
1121
1121
1123
1124
1125
1126
1128
1128
1128
1129
1132
1132
1133
1133
1134
1136
1137
1139
1140
1141
1141
1142
1144
1144
1144
1145
1147
1147
1148
1151
1151
1152
1153
1154
1154
1157
1158
1159
1159
1160
1161
1161
1163
1164
1165
1167
1167
1168
1170
1171
1172
1172
1173
1174
1175
1176
1176
1177
1179
1180
1181
1182
1182
1183
1185
1186
1188
1189
1189
1190
1191
1193
1194
1195
1195
1195
1198
1198
1198
1201
1202
1203
1204
1205
1205
1206
1207
1208
1210
1211
1212
1212
1213
1213
1215
1216
1217
1219
1219
1220
1221
1222
1222
1223
1224
1226
1227
1227
1228
1229
1230
1232
1233
1233
1234
1237
1238
1238
1239
1240
1241
1241
1243
1245
1245
1246
1247
1247
1250
1251
1251
1252
1252
1254
1255
1256
1256
1259
1260
1260
1260
1263
1264
1264
1264
1265
1267
1269
1270
1270
1271
1272
1273
1273
1276
1277
1278
1278
1279
1280
1281
1282
1284
1284
1285
1286
1287
1288
1289
1289
1292
1292
1293
1294
1295
1297
1298
1298
1299
1300
1301
1302
1304
1304
1305
1306
1307
1308
1308
1310
1310
1312
1313
1313
1315
1316
1317
1318
1319
1319
1322
1322
1323
1324
1325
1326
1326
1327
1329
1330
1330
1331
1333
1334
1336
1336
1337
1337
1338
1340
1341
1341
1343
1344
1345
1346
1347
1348
1349
1349
1351
1351
1352
1354
1355
1356
1356
1357
1359
1359
1360
1362
1363
1363
1365
1366
1368
1368
1369
1370
1371
1372
1372
1375
1376
1376
1376
1378
1380
1381
1381
1382
1383
1383
1385
1387
1387
1388
1390
1391
1391
1392
1393
1395
1395
1396
1396
1397
1400
1400
1401
1402
1403
1403
1406
1407
1407
1408
1409
1411
1412
1412
1413
1414
1415
1416
1417
1417
1418
1420
1420
1421
1424
1425
1426
1426
1427
1428
1430
1430
1431
1431
1433
1434
1435
1437
1437
1438
1440
1441
1441
1442
1443
1444
1445
1447
1447
1448
1450
1450
1451
1453
1453
1455
1455
1456
1457
1458
1460
1460
1461
1463
1464
1464
1465
1466
1467
1467
1468
1469
1472
1472
1473
1474
1475
1476
1477
1478
1478
1480
1482
1483
1483
1483
1485
1485
1486
1487
1490
1490
1491
1492
1493
1493
1494
1496
1498
1498
1499
1500
1501
1502
1502
1504
1505
1506
1508
1508
1508
1510
1511
1513
1514
1514
1515
1516
1518
1518
1518
1521
1521
1521
1524
1524
1525
1526
1527
1528
1528
1531
1531
1532
1534
1534
1535
1537
1537
1538
1538
1539
1540
1542
1542
1543
1544
1546
1548
1548
1549
1551
1552
1552
1553
1554
1555
1556
1557
1558
1559
1561
1562
1562
1563
1564
1564
1566
1567
1567
1570
1570
1571
1571
1573
1573
1575
1576
1576
1578
1579
1579
1580
1582
1582
1584
1586
1587
1588
1588
1589
1590
1592
1592
1592
1594
1595
1595
1597
1598
1599
1599
1601
1602
1604
1604
1605
1605
1607
1607
1609
1609
1610
1613
1613
1614
1615
1616
1617
1617
1619
1619
1620
1621
1624
1624
1625
1626
1627
1629
1629
1630
1631
1631
1632
1634
1635
1636
1638
1639
1639
1640
1641
1642
1642
1644
1646
1646
1648
1648
1650
1650
1651
1651
1653
1653
1654
1657
1657
1658
1659
1660
1660
1663
1663
1664
1666
1666
1667
1669
1669
1671
1672
1672
1672
1675
1676
1677
1678
1678
1679
1681
1681
1682
1683
1685
1685
1686
1687
1688
1690
1690
1690
1693
1693
1695
1695
1696
1697
1698
1699
1699
1701
1702
1703
1705
1705
1705
1706
1707
1709
1710
1710
1712
1713
1713
1715
1716
1717
1718
1718
1719
1721
1721
1722
1723
1726
1727
1728
1728
1729
1729
1731
1731
1733
1734
1735
1736
1737
1737
1738
1740
1741
1741
1742
1743
1744
1747
1747
1749
1750
1750
1750
1751
1752
1755
1755
1757
1757
1757
1759
1760
1760
1762
1763
1765
1766
1767
1767
1768
1769
1771
1771
1773
1774
1775
1775
1776
1777
1779
1779
1780
1781
1782
1784
1784
1785
1785
1787
1788
1789
1790
1791
1792
1793
1793
1795
1797
1798
1798
1799
1800
1800
1802
1802
1804
1805
1807
1807
1808
1810
1810
1812
1812
1812
1814
1814
1816
1817
1819
1819
1820
1821
1822
1823
1825
1825
1826
1827
1829
1829
1830
1830
1832
1833
1834
1835
1836
1837
1837
1840
1840
1841
1843
1844
1844
1845
1845
1847
1847
1848
1849
1850
1853
1853
1853
1856
1856
1856
1857
1860
1861
1862
1862
1863
1863
1866
1866
1867
1868
1870
1870
1872
1872
1872
1873
1874
1876
1877
1879
1880
1880
1881
1883
1883
1885
1885
1885
1887
1889
1889
1889
1890
1892
1893
1893
1895
1895
1897
1897
1900
1900
1902
1902
1903
1905
1906
1906
1907
1907
1910
1910
1911
1911
1914
1914
1914
1916
1918
1918
1919
1920
1922
1922
1924
1924
1925
1926
1927
1927
1930
1930
1932
1932
1933
1933
1935
1936
1937
1937
1939
1940
1940
1942
1943
1945
1945
1945
1947
1948
1948
1949
1951
1952
1953
1954
1955
1956
1957
1957
1959
1960
1962
1962
1963
1963
1965
1965
1968
1968
1969
1971
1971
1972
1973
1973
1975
1975
1977
1977
1980
1980
1981
1981
1983
1983
1984
1985
1987
1988
1989
1990
1991
1992
1992
1994
1995
1996
1998
1998
1999
1999
2000
2001
2003
2004
2005
2006
2007
2007
2008
2010
2012
2013
2013
2015
2016
2016
2018
2019
2020
2020
2021
2023
2024
2024
2025
2026
2027
2028
2028
2030
2032
2032
2034
2035
2035
2036
2037
2039
2039
2041
2041
2043
2044
2045
2046
2046
2047
2048
2049
2050
2051
2051
2052
2054
2054
2056
2057
2058
2059
2059
2061
2061
2064
2064
2066
2066
2068
2069
2070
2070
2071
2072
2073
2074
2074
2075
2076
2078
2079
2080
2080
2081
2082
2085
2085
2085
2087
2088
2088
2090
2091
2093
2094
2094
2095
2097
2097
2099
2100
2100
2101
2102
2103
2104
2105
2106
2107
2107
2109
2110
2111
2113
2113
2115
2115
2116
2117
2118
2118
2119
2121
2122
2123
2124
2125
2125
2128
2128
2129
2131
2131
2132
2133
2134
2135
2136
2136
2137
2139
2141
2141
2142
2143
2144
2144
2146
2147
2148
2150
2151
2152
2152
2153
2155
2156
2156
2157
2159
2160
2160
2161
2161
2162
2164
2165
2166
2166
2167
2169
2170
2172
2172
2173
2175
2176
2176
2177
2179
2179
2180
2180
2182
2184
2184
2185
2187
2187
2188
2189
2190
2190
2191
2194
2194
2196
2196
2197
2197
2198
2199
2201
2201
2204
2204
2205
2206
2207
2208
2209
2211
2211
2213
2213
2214
2214
2215
2217
2219
2219
2220
2221
2222
2223
2224
2225
2226
2226
2228
2230
2230
2231
2231
2233
2234
2236
2237
2237
2239
2239
2239
2241
2242
2242
2244
2246
2246
2247
2248
2249
2249
2250
2253
2254
2254
2255
2255
2256
2257
2260
2261
2261
2262
2264
2264
2265
2266
2268
2268
2269
2271
2272
2272
2272
2274
2275
2275
2277
2279
2279
2279
2280
2282
2283
2284
2284
2287
2287
2288
2288
2290
2290
2292
2293
2294
2295
2296
2297
2299
2299
2300
2301
2302
2302
2304
2305
2306
2307
2308
2308
2309
2311
2311
2312
2314
2315
2316
2318
2318
2319
2320
2321
2321
2323
2324
2325
2326
2327
2327
2329
2329
2332
2332
2332
2334
2335
2336
2337
2337
2338
2339
2340
2342
2343
2344
2344
2345
2348
2348
2349
2350
2351
2352
2353
2354
2355
2356
2357
2358
2359
2360
2361
2362
2363
2363
2366
2366
2368
2369
2369
2369
2372
2372
2373
2374
2374
2375
2378
2379
2380
2380
2382
2382
2383
2385
2385
2385
2387
2388
2388
2390
2391
2392
2393
2394
2395
2397
2398
2399
2399
2399
2402
2402
2402
2405
2405
2405
2407
2408
2408
2411
2412
2412
2413
2415
2415
2417
2417
2417
2418
2420
2420
2421
2422
2423
2425
2425
2428
2428
2430
2430
2432
2432
2433
2433
2436
2436
2437
2438
2440
2440
2442
2442
2443
2445
2445
2446
2447
2447
2449
2450
2450
2451
2453
2454
2454
2456
2456
2458
2458
2459
2461
2462
2462
2465
2465
2467
2467
2469
2470
2470
2472
2473
2473
2475
2475
2475
2476
2477
2480
2480
2481
2483
2484
2484
2485
2485
2487
2488
2489
2491
2491
2492
2492
2495
2495
2496
2496
2497
2498
2501
2502
2503
2503
2504
2504
2505
2507
2508
2509
2510
2511
2512
2512
2513
2516
2516
2518
2518
2518
2519
2521
2523
2524
2524
2526
2527
2528
2529
2529
2530
2532
2533
2533
2534
2534
2537
2538
2538
2539
2539
2541
2542
2543
2544
2544
2546
2547
2547
2548
2550
2552
2552
2553
2554
2554
2556
2556
2559
2559
2559
2561
2561
2562
2565
2565
2566
2568
2568
2569
2569
2572
2573
2573
2574
2575
2576
2576
2579
2579
2580
2580
2581
2582
2584
2585
2586
2586
2588
2589
2590
2590
2593
2593
2594
2596
2597
2598
2599
2599
2599
2600
2603
2603
2604
2605
2606
2607
2607
2608
2610
2612
2612
2613
2614
2615
2615
2618
2619
2620
2620
2621
2621
2623
2624
2625
2627
2627
2627
2629
2629
2630
2633
2634
2634
2635
2636
2637
2639
2640
2640
2641
2643
2644
2644
2644
2647
2648
2649
2649
2650
2651
2651
2653
2654
2656
2656
2656
2659
2659
2661
2662
2663
2664
2665
2665
2667
2667
2669
2670
2671
2671
2672
2673
2674
2674
2676
2677
2679
2679
2679
2681
2682
2683
2684
2684
2686
2688
2688
2688
2690
2691
2693
2693
2694
2695
2696
2697
2699
2699
2699
2701
2703
2704
2705
2705
2707
2707
2708
2710
2710
2710
2713
2713
2714
2715
2715
2717
2718
2719
2720
2720
2721
2724
2724
2725
2727
2727
2729
2729
2731
2731
2733
2733
2734
2734
2737
2737
2737
2738
2740
2742
2742
2742
2743
2745
2746
2747
2747
2750
2750
2751
2752
2754
2754
2755
2756
2757
2758
2759
2759
2760
2761
2763
2763
2765
2766
2766
2767
2769
2770
2771
2772
2773
2774
2775
2776
2776
2778
2779
2779
2780
2782
2783
2784
2785
2785
2786
2789
2789
2789
2790
2792
2793
2794
2794
2796
2797
2797
2800
2801
2801
2802
2803
2804
2805
2806
2807
2807
2809
2809
2811
2812
2814
2815
2815
2816
2817
2819
2820
2820
2821
2823
2824
2825
2825
2827
2828
2828
2829
2831
2831
2832
2833
2834
2835
2836
2837
2838
2840
2841
2841
2841
2843
2843
2844
2845
2848
2849
2849
2850
2851
2852
2853
2854
2854
2857
2857
2858
2859
2859
2860
2862
2863
2864
2865
2866
2867
2868
2869
2871
2871
2872
2872
2875
2876
2876
2877
2878
2879
2881
2881
2883
2883
2883
2886
2887
2887
2888
2888
2891
2892
2892
2892
2894
2895
2896
2898
2898
2899
2900
2901
2903
2903
2904
2904
2905
2906
2908
2908
2911
2911
2913
2913
2915
2916
2916
2917
2918
2919
2920
2921
2922
2923
2924
2926
2926
2927
2929
2929
2930
2931
2932
2933
2934
2934
2936
2937
2938
2939
2939
2940
2943
2943
2944
2944
2947
2947
2948
2949
2950
2951
2952
2952
2954
2955
2955
2957
2958
2959
2959
2962
2962
2962
2964
2964
2966
2967
2967
2968
2969
2971
2971
2972
2973
2975
2975
2976
2977
2979
2980
2982
2982
2982
2983
2985
2985
2988
2988
2989
2989
2991
2992
2993
2994
2996
2997
2998
2998
2998
3001
3001
3002
3002
3003
3004
3005
3006
3008
3008
3010
3011
3012
3012
3013
3015
3015
3016
3017
3020
3020
3021
3023
3023
3024
3024
3026
3026
3028
3029
3030
3032
3032
3033
3033
3036
3036
3036
3038
3040
3040
3042
3043
3044
3044
3044
3046
3047
3047
3050
3050
3050
3052
3052
3055
3055
3056
3057
3058
3058
3059
3061
3061
3063
3064
3065
3066
3067
3069
3069
3071
3072
3072
3074
3074
3074
3075
3076
3078
3079
3079
3082
3082
3083
3083
3085
3085
3087
3087
3089
3089
3090
3091
3092
3093
3094
3097
3097
3097
3098
3101
3101
3102
3104
3104
3105
3107
3107
3109
3109
3110
3112
3113
3114
3114
3114
3115
3118
3119
3119
3120
3122
3123
3123
3124
3124
3125
3126
3128
3129
3130
3131
3132
3133
3134
3134
3135
3137
3138
3139
3139
3140
3142
3143
3143
3145
3145
3146
3148
3148
3149
3150
3151
3154
3155
3155
3155
3157
3158
3159
3160
3161
3163
3163
3165
3165
3166
3168
3169
3169
3169
3171
3172
3173
3175
3175
3176
3177
3178
3180
3180
3180
3183
3183
3184
3184
3187
3187
3188
3190
3190
3191
3193
3193
3195
3196
3197
3197
3197
3198
3199
3200
3202
3204
3204
3204
3207
3207
3207
3209
3210
3211
3212
3213
3213
3216
3216
3216
3218
3218
3219
3220
3222
3222
3224
3225
3226
3227
3227
3228
3231
3231
3232
3233
3233
3234
3236
3236
3239
3239
3240
3240
3243
3244
3244
3244
3246
3247
3247
3248
3249
3251
3251
3252
3255
3256
3256
3257
3258
3258
3260
3261
3263
3264
3264
3265
3265
3267
3268
3269
3270
3272
3272
3272
3274
3274
3275
3276
3278
3279
3280
3281
3282
3284
3284
3285
3287
3287
3288
3288
3289
3292
3292
3293
3295
3295
3295
3296
3299
3299
3299
3300
3301
3303
3305
3305
3306
3307
3308
3310
3310
3311
3312
3312
3313
3315
3316
3318
3318
3319
3320
3322
3323
3324
3325
3326
3326
3327
3329
3329
3331
3332
3333
3333
3335
3335
3336
3336
3339
3340
3340
3341
3341
3343
3344
3345
3345
3346
3348
3348
3351
3351
3352
3353
3354
3355
3356
3356
3358
3358
3361
3361
3362
3363
3363
3365
3366
3368
3368
3368
3370
3370
3372
3374
3374
3374
3376
3376
3377
3378
3379
3380
3383
3383
3385
3385
3386
3387
3388
3389
3391
3391
3391
3393
3393
3394
3397
3397
3397
3398
3400
3402
3402
3403
3404
3405
3406
3406
3408
3409
3410
3411
3412
3412
3413
3414
3417
3418
3419
3419
3419
3421
3422
3422
3423
3425
3426
3427
3427
3430
3430
3432
3432
3433
3434
3435
3436
3436
3437
3440
3441
3441
3442
3442
3445
3445
3445
3447
3448
3448
3450
3451
3452
3453
3453
3454
3455
3458
3458
3459
3459
3460
3462
3462
3464
3466
3467
3468
3469
3470
3470
3472
3472
3474
3475
3475
3476
3476
3477
3478
3479
3481
3481
3482
3484
3485
3487
3488
3488
3489
3489
3492
3492
3493
3494
3494
3497
3498
3499
3499
3500
3501
3502
3503
3503
3505
3505
3506
3508
3509
3510
3510
3511
3513
3514
3515
3516
3517
3518
3520
3520
3521
3523
3524
3525
3526
3527
3528
3529
3530
3530
3531
3532
3532
3534
3536
3537
3537
3539
3539
3540
3540
3543
3544
3545
3545
3546
3548
3548
3549
3549
3551
3552
3553
3554
3555
3555
3557
3557
3558
3559
3560
3562
3563
3564
3564
3565
3566
3568
3568
3569
3570
3571
3573
3574
3574
3575
3577
3578
3578
3581
3582
3582
3583
3584
3585
3587
3588
3588
3589
3591
3592
3592
3593
3593
3596
3597
3598
3598
3599
3601
3601
3601
3603
3604
3604
3606
3607
3608
3609
3610
3612
3612
3613
3613
3616
3616
3617
3618
3619
3620
3622
3622
3622
3624
3626
3626
3627
3628
3629
3630
3630
3632
3632
3634
3636
3636
3637
3638
3639
3640
3641
3642
3644
3644
3645
3647
3647
3647
3649
3651
3651
3651
3653
3655
3656
3656
3656
3658
3659
3660
3661
3662
3663
3663
3664
3665
3667
3669
3669
3670
3671
3673
3673
3674
3675
3676
3676
3679
3679
3679
3681
3681
3683
3685
3686
3686
3687
3687
3688
3690
3690
3691
3693
3694
3695
3695
3697
3697
3700
3700
3701
3701
3702
3704
3705
3706
3707
3707
3708
3711
3711
3711
3712
3713
3714
3715
3717
3719
3719
3719
3720
3722
3722
3723
3725
3726
3726
3728
3729
3729
3731
3732
3734
3735
3735
3737
3738
3738
3739
3739
3740
3742
3743
3743
3744
3746
3747
3749
3750
3750
3752
3753
3753
3755
3755
3755
3757
3758
3759
3759
3760
3761
3762
3765
3765
3767
3767
3768
3770
3770
3771
3772
3773
3773
3775
3776
3776
3778
3778
3781
3782
3783
3783
3784
3784
3785
3788
3788
3789
3790
3791
3792
3794
3794
3796
3796
3796
3797
3798
3801
3801
3802
3803
3804
3806
3807
3807
3809
3809
3810
3811
3811
3814
3814
3814
3815
3817
3819
3819
3820
3820
3822
3823
3823
3824
3825
3827
3828
3829
3831
3831
3832
3833
3833
3835
3836
3836
3839
3839
3840
3841
3842
3842
3845
3845
3845
3848
3848
3848
3850
3851
3852
3852
3855
3855
3856
3856
3858
3860
3861
3861
3861
3862
3863
3865
3867
3867
3867
3869
3869
3872
3872
3873
3874
3875
3875
3876
3877
3879
3879
3882
3883
3884
3885
3885
3886
3886
3888
3888
3889
3890
3892
3892
3894
3895
3896
3897
3898
3899
3900
3901
3903
3903
3903
3905
3906
3907
3908
3909
3909
3911
3912
3914
3915
3915
3915
3917
3918
3919
3921
3922
3922
3922
3924
3925
3925
3927
3928
3930
3931
3931
3932
3933
3934
3936
3937
3937
3938
3938
3941
3941
3942
3943
3944
3944
3947
3948
3949
3949
3951
3951
3951
3953
3954
3955
3956
3956
3959
3959
3960
3961
3962
3964
3964
3966
3966
3967
3967
3968
3970
3971
3972
3973
3974
3976
3976
3977
3977
3980
3980
3982
3982
3983
3983
3985
3986
3987
3988
3989
3990
3990
3992
3993
3994
3995
3996
3997
3999
4000
4000
4002
4003
4003
4004
4005
4006
4007
4008
4009
4009
4011
4012
4013
4014
4015
4016
4016
4017
4018
4020
4021
4022
4022
4025
4025
4025
4027
4028
4029
4030
4030
4031
4034
4034
4035
4035
4036
4038
4039
4040
4040
4042
4042
4045
4045
4045
4046
4048
4049
4050
4050
4052
4053
4054
4055
4057
4058
4058
4059
4059
4062
4062
4062
4065
4066
4066
4067
4067
4069
4070
4072
4073
4073
4074
4075
4076
4077
4077
4078
4081
4081
4081
4083
4085
4085
4086
4088
4088
4089
4089
4090
4093
4093
4094
4094
4095
4097
4098
4098
4100
4101
4101
4103
4103
4105
4106
4107
4109
4109
4110
4112
4112
4112
4114
4114
4117
4117
4118
4120
4121
4121
4122
4122
4124
4124
4125
4127
4127
4129
4131
4131
4132
4132
4134
4134
4136
4138
4139
4140
4140
4141
4143
4144
4144
4145
4145
4147
4148
4150
4150
4151
4152
4154
4154
4156
4156
4158
4159
4160
4160
4161
4162
4163
4165
4165
4167
4168
4169
4169
4170
4170
4171
4172
4173
4174
4176
4177
4177
4179
4180
4180
4181
4183
4184
4185
4187
4187
4188
4190
4191
4192
4192
4194
4194
4194
4196
4196
4198
4199
4201
4201
4202
4203
4204
4205
4206
4206
4208
4209
4209
4211
4212
4212
4214
4216
4217
4217
4218
4218
4219
4221
4221
4223
4224
4226
4226
4227
4227
4228
4229
4232
4232
4232
4234
4235
4237
4237
4238
4239
4239
4242
4243
4244
4245
4245
4247
4247
4247
4249
4250
4251
4252
4252
4255
4256
4257
4257
4259
4260
4261
4261
4263
4263
4264
4265
4266
4266
4267
4270
4270
4270
4273
4273
4273
4275
4275
4276
4277
4278
4280
4281
4282
4282
4283
4284
4285
4286
4288
4289
4291
4292
4293
4294
4294
4295
4296
4298
4298
4299
4300
4300
4301
4303
4304
4305
4307
4308
4308
4308
4309
4311
4311
4313
4315
4315
4317
4318
4318
4319
4320
4321
4323
4323
4324
4325
4325
4326
4327
4328
4331
4332
4332
4333
4334
4335
4335
4336
4338
4339
4339
4342
4343
4343
4344
4345
4347
4347
4348
4348
4350
4352
4352
4352
4354
4356
4356
4356
4357
4359
4360
4360
4361
4364
4365
4365
4366
4368
4368
4368
4370
4371
4372
4372
4373
4376
4376
4377
4377
4379
4380
4381
4382
4384
4384
4385
4386
4387
4388
4388
4391
4391
4392
4394
4395
4395
4396
4396
4397
4400
4400
4401
4402
4403
4404
4406
4406
4407
4408
4409
4410
4411
4411
4413
4415
4416
4416
4417
4418
4418
4419
4420
4421
4423
4424
4424
4426
4428
4428
4429
4431
4431
4432
4433
4433
4435
4436
4436
4438
4438
4441
4442
4442
4443
4444
4445
4447
4448
4448
4449
4450
4452
4453
4454
4454
4454
4456
4457
4458
4459
4461
4462
4462
4462
4464
4464
4466
4468
4468
4469
4470
4471
4471
4473
4473
4475
4475
4476
4478
4480
4480
4481
4483
4483
4484
4485
4487
4487
4488
4488
4491
4491
4493
4494
4494
4494
4497
4497
4497
4498
4501
4501
4502
4503
4505
4506
4506
4506
4507
4508
4509
4510
4511
4512
4514
4515
4515
4518
4518
4520
4521
4522
4522
4523
4524
4525
4526
4527
4528
4529
4531
4531
4531
4533
4534
4535
4537
4537
4538
4540
4541
4541
4541
4543
4544
4544
4546
4546
4549
4549
4549
4552
4552
4553
4554
4556
4556
4557
4558
4558
4560
4560
4562
4563
4563
4565
4567
4567
4568
4569
4571
4571
4572
4573
4574
4574
4576
4577
4578
4579
4579
4581
4581
4583
4583
4585
4585
4588
4588
4590
4590
4591
4593
4593
4594
4595
4596
4597
4598
4599
4599
4601
4602
4603
4603
4604
4607
4608
4608
4608
4610
4612
4613
4613
4614
4614
4615
4617
4617
4619
4620
4622
4622
4623
4624
4625
4626
4628
4628
4628
4631
4631
4631
4633
4633
4635
4636
4636
4637
4638
4640
4641
4643
4643
4643
4644
4646
4648
4648
4650
4651
4652
4652
4653
4655
4655
4655
4656
4658
4659
4660
4661
4661
4663
4664
4665
4665
4667
4668
4669
4670
4670
4672
4673
4675
4676
4676
4676
4678
4679
4680
4682
4683
4683
4683
4686
4686
4687
4687
4689
4690
4691
4691
4694
4694
4694
4697
4697
4699
4699
4700
4701
4703
4703
4703
4705
4706
4708
4708
4709
4709
4710
4711
4712
4714
4714
4715
4718
4718
4719
4719
4720
4723
4723
4725
4725
4726
4727
4727
4730
4731
4731
4731
4734
4735
4735
4736
4737
4738
4739
4739
4742
4742
4743
4743
4745
4747
4747
4747
4749
4751
4752
4753
4754
4754
4756
4756
4756
4757
4759
4759
4762
4763
4764
4764
4765
4765
4766
4769
4770
4771
4772
4773
4773
4774
4774
4777
4777
4778
4779
4781
4781
4782
4783
4784
4785
4786
4787
4787
4788
4789
4791
4792
4792
4793
4794
4795
4798
4799
4799
4801
4801
4801
4804
4805
4805
4806
4808
4808
4810
4810
4811
4812
4814
4814
4814
4817
4817
4818
4818
4819
4820
4822
4823
4823
4826
4827
4828
4829
4829
4829
4831
4831
4833
4834
4834
4837
4837
4838
4838
4840
4841
4841
4844
4844
4844
4846
4847
4849
4849
4850
4852
4853
4854
4854
4856
4857
4858
4859
4859
4860
4860
4862
4863
4864
4866
4866
4867
4869
4870
4870
4871
4873
4874
4874
4875
4876
4877
4879
4879
4880
4880
4882
4883
4883
4884
4885
4886
4887
4889
4891
4892
4892
4892
4894
4896
4896
4896
4898
4899
4900
4901
4903
4903
4903
4905
4905
4908
4908
4910
4910
4911
4912
4912
4913
4915
4917
4917
4919
4920
4921
4922
4922
4923
4923
4924
4926
4927
4929
4929
4930
4930
4933
4934
4934
4935
4935
4938
4939
4940
4941
4941
4942
4943
4944
4945
4946
4947
4949
4949
4951
4952
4952
4952
4953
4955
4957
4957
4958
4959
4960
4962
4963
4963
4964
4965
4967
4968
4968
4970
4971
4971
4972
4973
4974
4975
4977
4977
4978
4979
4980
4981
4982
4984
4984
4986
4986
4986
4989
4989
4990
4991
4992
4993
4993
4994
4995
4997
4998
4999
5001
5002
5003
5003
5004
5005
5007
5007
5007
5010
5010
5011
5013
5013
5014
5015
5016
5017
5018
5018
5020
5021
5023
5024
5024
5026
5027
5027
5028
5029
5029
5031
5031
5033
5034
5035
5036
5036
5039
5039
5040
5040
5042
5043
5045
5046
5046
5046
5047
5048
5049
5051
5051
5054
5054
5055
5057
5057
5059
5060
5060
5062
5063
5063
5065
5065
5066
5066
5067
5069
5069
5071
5072
5073
5075
5075
5075
5076
5078
5079
5080
5081
5082
5083
5083
5085
5087
5088
5089
5089
5090
5090
5093
5094
5095
5096
5096
5097
5097
5099
5100
5101
5101
5103
5103
5106
5106
5107
5107
5109
5111
5111
5111
5114
5114
5115
5117
5118
5118
5119
5120
5121
5121
5122
5123
5125
5126
5127
5128
5128
5130
5131
5132
5134
5134
5135
5137
5137
5137
5138
5139
5140
5143
5143
5143
5145
5147
5148
5149
5149
5150
5150
5151
5153
5155
5155
5156
5158
5158
5158
5159
5160
5161
5163
5163
5164
5165
5166
5168
5168
5170
5172
5172
5172
5174
5176
5177
5177
5178
5179
5179
5181
5182
5182
5184
5185
5186
5186
5189
5189
5189
5192
5193
5193
5194
5196
5196
5197
5198
5198
5199
5201
5202
5203
5204
5205
5206
5208
5208
5209
5210
5211
5212
5214
5215
5216
5217
5217
5218
5219
5220
5221
5222
5223
5223
5224
5225
5227
5227
5229
5231
5231
5232
5232
5234
5235
5236
5237
5238
5238
5240
5240
5241
5243
5244
5244
5246
5247
5248
5249
5250
5250
5252
5253
5254
5256
5257
5258
5258
5259
5260
5262
5263
5263
5265
5265
5267
5268
5268
5269
5271
5271
5272
5272
5273
5276
5276
5276
5278
5279
5280
5281
5282
5283
5284
5285
5285
5287
5289
5290
5291
5291
5292
5294
5295
5295
5296
5298
5298
5298
5299
5300
5302
5303
5304
5304
5307
5307
5307
5309
5309
5311
5312
5312
5313
5314
5315
5317
5319
5319
5320
5322
5323
5324
5325
5326
5326
5326
5328
5330
5330
5331
5332
5332
5335
5335
5336
5337
5337
5339
5340
5340
5343
5343
5344
5344
5346
5348
5349
5349
5350
5351
5353
5353
5354
5355
5356
5356
5358
5359
5359
5360
5361
5363
5364
5364
5365
5368
5368
5369
5369
5372
5372
5373
5373
5374
5375
5377
5378
5378
5381
5381
5382
5383
5383
5384
5385
5387
5388
5390
5391
5391
5391
5392
5395
5395
5396
5398
5398
5399
5400
5402
5402
5403
5405
5405
5406
5407
5408
5410
5410
5411
5412
5413
5415
5416
5417
5418
5418
5418
5421
5421
5422
5422
5424
5425
5426
5428
5429
5430
5430
5431
5431
5432
5434
5434
5436
5436
5438
5438
5441
5441
5443
5443
5445
5445
5446
5447
5448
5449
5451
5452
5452
5452
5455
5455
5455
5456
5457
5458
5459
5460
5462
5463
5463
5464
5466
5467
5468
5468
5469
5470
5473
5474
5474
5475
5476
5477
5477
5479
5480
5482
5482
5483
5484
5485
5486
5487
5489
5489
5490
5491
5492
5493
5494
5494
5496
5496
5497
5499
5500
5500
5502
5503
5504
5505
5506
5507
5508
5509
5510
5512
5513
5514
5514
5516
5516
5516
5517
5520
5520
5520
5523
5523
5525
5525
5526
5526
5529
5529
5530
5531
5533
5534
5534
5535
5536
5538
5538
5538
5540
5541
5541
5542
5544
5545
5545
5546
5547
5550
5551
5552
5552
5553
5553
5555
5557
5557
5558
5560
5560
5561
5562
5563
5563
5564
5566
5567
5569
5569
5569
5571
5572
5573
5574
5575
5576
5578
5578
5580
5580
5581
5582
5584
5585
5586
5586
5587
5588
5589
5589
5590
5593
5593
5594
5595
5597
5597
5599
5599
5600
5601
5602
5603
5604
5606
5606
5606
5608
5609
5611
5611
5612
5613
5614
5615
5615
5618
5619
5620
5620
5620
5621
5623
5625
5625
5626
5627
5628
5629
5630
5631
5631
5633
5633
5635
5636
5637
5638
5639
5639
5640
5641
5644
5645
5645
5646
5648
5648
5649
5649
5652
5652
5653
5655
5655
5656
5658
5659
5659
5660
5662
5662
5662
5665
5666
5666
5667
5668
5669
5670
5671
5672
5672
5673
5674
5677
5677
5678
5679
5679
5681
5682
5682
5684
5685
5686
5686
5688
5688
5691
5691
5692
5693
5695
5696
5696
5698
5698
5699
5700
5701
5703
5704
5704
5705
5705
5708
5709
5709
5709
5710
5712
5714
5714
5715
5715
5717
5717
5720
5720
5721
5722
5723
5723
5725
5726
5728
5728
5729
5729
5730
5732
5732
5733
5735
5735
5736
5738
5738
5741
5742
5742
5743
5744
5746
5746
5746
5747
5748
5751
5751
5752
5754
5755
5756
5756
5757
5758
5758
5761
5761
5762
5763
5763
5765
5765
5766
5768
5769
5771
5772
5772
5773
5774
5775
5775
5778
5778
5778
5781
5781
5783
5783
5784
5785
5786
5788
5789
5789
5789
5791
5791
5793
5793
5795
5795
5797
5797
5799
5800
5802
5803
5803
5804
5805
5806
5807
5809
5809
5811
5811
5811
5813
5815
5816
5816
5816
5818
5819
5820
5821
5822
5823
5824
5825
5826
5827
5828
5829
5830
5830
5833
5834
5834
5835
5837
5838
5839
5839
5841
5841
5841
5843
5844
5844
5845
5847
5847
5849
5850
5850
5851
5854
5854
5855
5856
5857
5857
5860
5860
5861
5862
5863
5864
5865
5865
5867
5869
5869
5870
5871
5872
5874
5874
5876
5877
5877
5878
5879
5880
5881
5882
5883
5884
5884
5886
5888
5888
5890
5891
5891
5892
5894
5895
5896
5896
5896
5898
5898
5899
5900
5903
5903
5905
5906
5906
5907
5907
5908
5910
5911
5912
5914
5914
5915
5916
5917
5917
5919
5920
5920
5922
5923
5925
5926
5926
5926
5929
5930
5931
5931
5933
5933
5933
5935
5935
5938
5938
5940
5941
5941
5943
5943
5943
5945
5947
5947
5948
5949
5949
5950
5951
5953
5955
5956
5956
5956
5957
5959
5960
5960
5961
5962
5964
5964
5966
5967
5968
5969
5971
5971
5972
5973
5974
5974
5977
5977
5979
5980
5981
5981
5982
5984
5985
5986
5986
5987
5987
5988
5990
5991
5991
5994
5994
5996
5996
5997
5999
5999
6001
6001
6002
6003
6004
6004
6006
6007
6008
6008
6009
6010
6012
6013
6013
6014
6016
6016
6017
6019
6020
6021
6021
6023
6024
6025
6025
6027
6028
6029
6030
6030
6032
6033
6033
6034
6035
6038
6038
6040
6040
6041
6042
6044
6045
6045
6045
6046
6049
6049
6050
6051
6052
6053
6055
6056
6056
6056
6059
6060
6060
6061
6061
6064
6064
6065
6067
6068
6069
6069
6070
6071
6072
6072
6073
6074
6077
6077
6078
6079
6081
6081
6082
6083
6084
6085
6086
6087
6089
6089
6091
6091
6091
6092
6093
6095
6096
6096
6097
6100
6101
6102
6103
6103
6103
6104
6107
6108
6108
6109
6110
6111
6111
6112
6114
6116
6117
6117
6119
6119
6120
6120
6123
6123
6124
6124
6126
6127
6128
6129
6129
6130
6132
6132
6135
6135
6135
6138
6138
6139
6140
6142
6142
6143
6143
6144
6145
6147
6148
6150
6150
6151
6153
6153
6153
6155
6157
6158
6159
6159
6160
6161
6163
6163
6163
6166
6166
6168
6169
6170
6170
6171
6171
6173
6174
6174
6177
6177
6177
6179
6180
6181
6182
6183
6183
6186
6186
6187
6188
6189
6191
6191
6193
6193
6194
6195
6197
6197
6198
6199
6200
6200
6202
6203
6205
6206
6207
6207
6208
6208
6210
6211
6212
6213
6215
6215
6216
6217
6217
6219
6220
6220
6222
6223
6225
6226
6227
6227
6228
6229
6229
6231
6232
6233
6234
6235
6235
6238
6239
6239
6241
6242
6243
6243
6244
6246
6246
6246
6247
6250
6251
6251
6252
6252
6254
6255
6256
6257
6258
6259
6260
6261
6262
6263
6264
6265
6266
6266
6269
6269
6270
6271
6272
6274
6274
6275
6276
6276
6278
6279
6280
6281
6282
6283
6285
6285
6286
6286
6288
6289
6290
6291
6292
6293
6295
6296
6296
6296
6298
6299
6300
6301
6301
6302
6305
6306
6306
6307
6308
6309
6310
6310
6313
6313
6315
6316
6316
6317
6319
6319
6320
6321
6322
6322
6324
6325
6326
6327
6328
6329
6331
6331
6331
6332
6333
6335
6337
6337
6339
6339
6340
6341
6343
6344
6345
6345
6347
6347
6348
6349
6350
6350
6352
6352
6354
6355
6355
6356
6357
6358
6359
6362
6363
6363
6363
6364
6365
6368
6368
6370
6370
6372
6372
6373
6375
6375
6375
6377
6377
6378
6380
6381
6382
6382
6385
6386
6386
6386
6387
6389
6390
6391
6392
6393
6393
6396
6396
6396
6398
6398
6400
6401
6401
6402
6403
6404
6406
6406
6409
6409
6409
6411
6412
6413
6414
6415
6416
6417
6417
6418
6421
6421
6422
6423
6423
6425
6426
6427
6427
6430
6430
6431
6432
6434
6434
6435
6435
6436
6437
6438
6440
6441
6443
6443
6444
6445
6445
6448
6448
6448
6451
6451
6453
6453
6455
6456
6456
6456
6458
6460
6460
6461
6462
6463
6464
6464
6467
6467
6468
6470
6471
6471
6471
6473
6474
6474
6475
6477
6478
6479
6480
6481
6482
6482
6485
6485
6485
6486
6488
6489
6490
6490
6491
6493
6494
6495
6495
6498
6498
6500
6500
6501
6501
6504
6504
6505
6506
6507
6508
6508
6510
6511
6512
6512
6514
6515
6517
6517
6518
6519
6519
6522
6523
6523
6524
6525
6526
6528
6529
6529
6530
6531
6531
6533
6533
6536
6536
6537
6537
6540
6540
6541
6543
6543
6543
6546
6546
6547
6548
6550
6550
6551
6552
6552
6553
6554
6555
6557
6559
6559
6560
6560
6562
6563
6563
6565
6566
6567
6567
6570
6570
6571
6573
6574
6574
6574
6576
6576
6577
6578
6579
6581
6583
6584
6584
6585
6586
6588
6588
6589
6589
6592
6593
6593
6594
6594
6595
6598
6598
6600
6600
6601
6601
6602
6603
6605
6606
6606
6608
6609
6610
6610
6611
6612
6614
6616
6616
6618
6618
6619
6621
6622
6622
6624
6624
6625
6626
6627
6629
6630
6631
6631
6632
6632
6634
6634
6635
6636
6637
6640
6640
6642
6642
6643
6645
6646
6646
6648
6648
6650
6651
6651
6652
6653
6654
6655
6655
6657
6658
6659
6660
6662
6662
6663
6663
6664
6665
6666
6668
6669
6670
6670
6671
6672
6674
6675
6677
6678
6679
6679
6680
6680
6682
6683
6683
6685
6687
6688
6688
6689
6690
6692
6693
6693
6694
6694
6695
6697
6698
6698
6700
6701
6701
6702
6703
6704
6706
6706
6709
6709
6710
6711
6712
6714
6714
6715
6715
6718
6719
6719
6720
6721
6723
6723
6723
6726
6726
6727
6729
6729
6729
6731
6733
6733
6733
6734
6735
6737
6738
6738
6739
6740
6743
6744
6745
6745
6746
6746
6748
6748
6749
6751
6751
6754
6754
6755
6757
6758
6758
6759
6760
6760
6762
6762
6765
6766
6766
6768
6768
6769
6770
6771
6771
6772
6774
6776
6777
6778
6779
6779
6780
6781
6782
6783
6785
6785
6786
6786
6788
6788
6791
6792
6792
6792
6794
6795
6795
6798
6799
6799
6800
6801
6802
6803
6804
6804
6807
6807
6808
6808
6809
6811
6812
6812
6814
6815
6816
6818
6818
6819
6819
6820
6822
6823
6825
6826
6826
6828
6828
6829
6831
6831
6831
6832
6835
6835
6835
6837
6838
6839
6841
6842
6842
6843
6844
6845
6846
6847
6848
6849
6850
6851
6851
6854
6854
6855
6856
6856
6858
6859
6860
6860
6861
6863
6864
6864
6866
6867
6868
6870
6870
6871
6872
6872
6874
6875
6876
6877
6877
6878
6880
6880
6882
6884
6885
6885
6886
6887
6889
6889
6889
6892
6893
6893
6894
6896
6896
6897
6898
6899
6899
6901
6902
6902
6903
6906
6906
6907
6907
6909
6909
6911
6913
6913
6914
6915
6916
6917
6917
6919
6920
6921
6922
6924
6924
6925
6927
6927
6928
6929
6930
6930
6932
6932
6933
6934
6937
6937
6938
6939
6939
6942
6943
6944
6944
6945
6946
6946
6949
6949
6950
6950
6952
6953
6953
6955
6955
6956
6959
6960
6960
6961
6963
6963
6964
6966
6966
6967
6968
6969
6969
6971
6973
6974
6974
6975
6976
6977
6978
6978
6981
6981
6981
6982
6985
6985
6985
6986
6989
6989
6990
6991
6992
6994
6994
6995
6997
6997
6998
6999
7000
7002
7003
7003
7003
7004
7005
7006
7007
7008
7010
7011
7012
7013
7015
7016
7016
7018
7018
7019
7019
7020
7021
7023
7023
7026
7026
7027
7028
7029
7030
7032
7032
7033
7034
7036
7036
7037
7037
7039
7039
7041
7043
7043
7043
7046
7046
7047
7048
7050
7051
7051
7052
7053
7054
7055
7055
7057
7058
7059
7060
7061
7062
7063
7064
7065
7067
7067
7068
7070
7070
7071
7072
7074
7075
7076
7076
7077
7077
7079
7079
7081
7081
7082
7084
7085
7086
7087
7088
7089
7090
7092
7092
7093
7093
7094
7095
7096
7098
7099
7100
7100
7102
7104
7105
7105
7107
7108
7109
7109
7110
7110
7113
7113
7115
7115
7116
7117
7118
7118
7120
7121
7121
7122
7125
7125
7126
7127
7128
7128
7130
7130
7132
7132
7134
7135
7136
7136
7137
7140
7140
7142
7143
7143
7144
7145
7147
7147
7149
7149
7150
7151
7152
7153
7154
7156
7156
7156
7158
7159
7159
7161
7162
7163
7164
7165
7166
7166
7167
7169
7171
7172
7172
7173
7174
7175
7176
7177
7179
7179
7180
7181
7182
7183
7184
7184
7186
7187
7189
7190
7190
7190
7191
7192
7195
7195
7195
7196
7197
7198
7201
7201
7202
7204
7205
7205
7206
7208
7208
7208
7210
7211
7213
7213
7215
7215
7217
7217
7219
7219
7220
7220
7221
7223
7224
7226
7226
7227
7227
7230
7230
7231
7232
7233
7234
7235
7236
7236
7238
7240
7240
7242
7242
7243
7244
7245
7245
7247
7247
7250
7250
7252
7252
7253
7255
7255
7256
7257
7257
7259
7260
7262
7263
7264
7264
7265
7266
7267
7269
7269
7270
7270
7273
7274
7274
7275
7275
7277
7278
7279
7281
7281
7282
7282
7284
7285
7286
7287
7288
7289
7290
7291
7291
7293
7294
7294
7295
7296
7298
7300
7300
7302
7302
7303
7305
7306
7306
7307
7308
7310
7310
7311
7312
7313
7314
7314
7317
7318
7318
7320
7320
7321
7321
7323
7325
7326
7326
7328
7328
7328
7330
7332
7333
7333
7333
7336
7336
7337
7338
7340
7341
7341
7342
7343
7343
7346
7346
7346
7348
7349
7350
7351
7352
7353
7353
7354
7356
7357
7358
7360
7361
7362
7363
7364
7364
7366
7367
7367
7368
7368
7370
7372
7373
7374
7375
7375
7375
7376
7379
7380
7380
7380
7382
7383
7384
7386
7386
7387
7388
7389
7389
7391
7392
7394
7395
7395
7396
7398
7398
7398
7400
7401
7401
7404
7404
7406
7406
7407
7407
7409
7409
7412
7412
7414
7414
7415
7417
7418
7419
7420
7420
7421
7422
7422
7423
7425
7426
7427
7428
7429
7429
7431
7432
7434
7435
7436
7436
7436
7437
7439
7440
7441
7442
7444
7444
7445
7445
7447
7447
7448
7450
7450
7452
7453
7453
7455
7456
7457
7457
7460
7460
7461
7461
7463
7464
7465
7466
7468
7468
7468
7471
7471
7473
7473
7474
7475
7475
7478
7478
7479
7481
7482
7482
7483
7483
7486
7487
7487
7488
7489
7489
7491
7492
7493
7493
7494
7496
7496
7499
7500
7500
7501
7502
7504
7505
7505
7507
7507
7508
7508
7510
7510
7511
7514
7514
7515
7517
7518
7519
7520
7520
7521
7521
7524
7524
7525
7525
7527
7528
7528
7530
7531
7531
7532
7535
7535
7536
7538
7539
7539
7540
7541
7543
7543
7543
7544
7546
7547
7547
7550
7550
7551
7551
7552
7555
7555
7556
7557
7559
7560
7560
7561
7561
7563
7563
7564
7566
7567
7567
7570
7570
7570
7572
7572
7574
7576
7576
7577
7577
7579
7580
7580
7581
7582
7584
7585
7585
7587
7588
7590
7590
7591
7592
7593
7595
7595
7596
7598
7598
7599
7600
7601
7602
7603
7605
7605
7605
7607
7607
7609
7610
7611
7612
7613
7614
7615
7616
7618
7618
7619
7620
7620
7621
7624
7624
7626
7626
7626
7628
7629
7631
7631
7632
7634
7635
7635
7636
7636
7637
7639
7641
7642
7643
7644
7644
7645
7645
7647
7648
7648
7649
7651
7652
7653
7654
7655
7655
7657
7658
7659
7660
7660
7662
7663
7663
7666
7667
7667
7668
7669
7670
7670
7671
7674
7675
7675
7676
7677
7678
7680
7680
7681
7682
7683
7684
7686
7687
7687
7688
7688
7690
7691
7692
7694
7694
7696
7696
7697
7698
7698
7700
7701
7702
7703
7705
7705
7705
7707
7709
7709
7710
7711
7711
7714
7715
7715
7716
7717
7717
7718
7719
7721
7722
7724
7725
7726
7726
7727
7728
7728
7729
7731
7732
7733
7733
7736
7736
7737
7738
7739
7739
7740
7742
7742
7745
7746
7747
7747
7748
7749
7750
7751
7753
7753
7753
7756
7756
7757
7759
7759
7759
7761
7762
7762
7764
7765
7765
7766
7769
7769
7770
7770
7773
7774
7774
7774
7776
7776
7778
7779
7780
7782
7783
7783
7784
7786
7787
7787
7788
7789
7790
7791
7792
7793
7793
7794
7795
7796
7799
7800
7801
7801
7802
7802
7804
7805
7805
7807
7807
7810
7811
7811
7812
7813
7814
7816
7816
7816
7817
7819
7819
7821
7821
7824
7824
7825
7826
7828
7828
7828
7830
7831
7831
7834
7834
7835
7836
7837
7837
7839
7840
7840
7841
7842
7843
7845
7845
7848
7848
7849
7850
7852
7853
7853
7854
7855
7855
7856
7859
7859
7860
7860
7863
7863
7863
7865
7866
7867
7868
7869
7869
7872
7873
7873
7874
7874
7875
7876
7877
7878
7880
7881
7883
7883
7884
7885
7886
7887
7887
7890
7891
7891
7892
7893
7893
7895
7897
7897
7898
7898
7899
7901
7902
7903
7904
7904
7906
7908
7908
7909
7911
7911
7912
7913
7914
7915
7915
7917
7917
7918
7920
7920
7921
7923
7923
7925
7925
7926
7927
7929
7930
7931
7931
7933
7935
7935
7936
7937
7938
7940
7940
7941
7942
7943
7945
7945
7946
7946
7947
7948
7950
7951
7952
7954
7955
7955
7956
7958
7958
7959
7960
7960
7962
7963
7965
7965
7966
7967
7967
7969
7969
7971
7973
7973
7974
7975
7975
7977
7979
7979
7981
7981
7982
7983
7983
7986
7986
7987
7989
7990
7990
7991
7991
7992
7993
7994
7997
7998
7998
7999
8000
8000
8002
8003
8004
8004
8005
8008
8009
8010
8011
8012
8012
8013
8015
8015
8016
8018
8018
8019
8020
8021
8022
8023
8024
8025
8025
8027
8027
8030
8030
8031
8032
8032
8033
8035
8036
8038
8039
8039
8040
8041
8041
8042
8043
8044
8047
8047
8047
8048
8051
8052
8052
8054
8054
8055
8055
8056
8059
8059
8059
8061
8061
8062
8065
8065
8066
8066
8068
8068
8070
8070
8072
8073
8073
8076
8077
8077
8077
8078
8080
8080
8081
8083
8084
8084
8085
8087
8088
8088
8091
8091
8092
8092
8093
8094
8095
8097
8098
8099
8100
8102
8102
8102
8104
8105
8107
8108
8108
8108
8109
8110
8111
8113
8113
8115
8117
8117
8117
8119
8120
8120
8121
8123
8124
8124
8126
8127
8129
8129
8129
8130
8132
8133
8133
8134
8136
8138
8138
8138
8139
8142
8142
8143
8144
8145
8146
8146
8147
8148
8150
8150
8152
8152
8154
8155
8156
8156
8158
8158
8160
8161
8162
8162
8164
8166
8166
8166
8168
8169
8170
8171
8171
8172
8175
8175
8176
8177
8177
8179
8179
8182
8182
8183
8185
8185
8186
8187
8188
8190
8190
8191
8191
8192
8195
8196
8197
8197
8197
8198
8201
8202
8202
8202
8205
8205
8206
8206
8208
8209
8211
8212
8212
8213
8214
8215
8216
8217
8218
8219
8220
8221
8221
8222
8224
8224
8225
8227
8227
8228
8230
8231
8231
8232
8233
8236
8237
8237
8237
8238
8240
8241
8242
8242
8244
8244
8246
8247
8247
8249
8250
8250
8252
8253
8254
8255
8255
8258
8258
8259
8259
8261
8262
8262
8264
8264
8265
8266
8269
8269
8270
8271
8271
8274
8274
8275
8275
8277
8278
8279
8279
8282
8283
8284
8285
8285
8285
8288
8288
8288
8291
8291
8292
8293
8294
8295
8295
8296
8298
8298
8300
8300
8301
8303
8304
8306
8306
8307
8307
8309
8311
8311
8312
8314
8314
8314
8316
8317
8318
8319
8320
8322
8323
8323
8325
8325
8326
8326
8327
8329
8331
8332
8333
8334
8334
8336
8336
8338
8338
8339
8340
8342
8342
8344
8345
8345
8346
8346
8348
8348
8350
8350
8351
8353
8354
8355
8356
8358
8359
8360
8360
8361
8362
8363
8364
8365
8366
8368
8368
8369
8369
8370
8372
8373
8373
8375
8375
8377
8377
8380
8380
8381
8381
8383
8384
8384
8385
8387
8387
8388
8389
8391
8392
8393
8394
8396
8396
8397
8399
8399
8400
8401
8403
8403
8404
8404
8406
8408
8408
8409
8410
8412
8412
8413
8414
8415
8415
8416
8419
8419
8420
8421
8421
8423
8424
8425
8426
8427
8429
8429
8430
8430
8431
8434
8435
8435
8436
8436
8439
8439
8441
8441
8442
8443
8444
8445
8446
8447
8448
8449
8450
8450
8452
8453
8454
8455
8456
8457
8458
8458
8459
8460
8462
8463
8463
8465
8466
8466
8469
8469
8471
8471
8471
8472
8474
8474
8477
8477
8477
8480
8480
8481
8482
8482
8484
8484
8485
8486
8488
8488
8490
8491
8492
8494
8495
8495
8497
8497
8499
8499
8499
8501
8502
8503
8504
8505
8506
8508
8508
8509
8511
8511
8511
8514
8514
8515
8516
8518
8519
8519
8519
8520
8521
8523
8524
8525
8525
8526
8527
8530
8531
8531
8532
8533
8535
8535
8536
8536
8538
8538
8540
8541
8542
8543
8543
8544
8547
8548
8548
8548
8549
8551
8552
8553
8554
8556
8556
8557
8557
8559
8560
8561
8562
8563
8565
8565
8567
8568
8569
8569
8571
8571
8573
8574
8574
8574
8575
8578
8579
8579
8580
8581
8581
8583
8583
8585
8586
8587
8589
8589
8590
8591
8591
8593
8594
8595
8597
8597
8598
8599
8599
8600
8601
8603
8605
8606
8606
8608
8608
8609
8611
8611
8612
8613
8613
8614
8616
8618
8619
8619
8620
8622
8622
8622
8623
8626
8627
8628
8628
8630
8630
8630
8631
8634
8634
8636
8636
8637
8639
8639
8641
8641
8641
8643
8644
8645
8646
8647
8647
8649
8650
8652
8653
8653
8654
8656
8656
8658
8658
8659
8661
8661
8661
8663
8664
8666
8666
8666
8669
8670
8671
8671
8672
8672
8674
8675
8676
8676
8679
8680
8681
8682
8683
8684
8684
8685
8686
8687
8688
8689
8691
8692
8693
8694
8694
8695
8697
8697
8698
8700
8700
8701
8702
8704
8704
8705
8706
8706
8707
8708
8710
8711
8711
8713
8713
8714
8716
8717
8718
8718
8719
8721
8723
8724
8724
8725
8725
8727
8727
8729
8730
8731
8731
8734
8735
8735
8737
8738
8738
8738
8739
8741
8742
8743
8744
8745
8745
8746
8748
8749
8750
8750
8752
8752
8755
8756
8756
8757
8758
8759
8761
8761
8761
8764
8765
8765
8766
8767
8767
8770
8771
8771
8772
8772
8773
8776
8776
8777
8777
8779
8780
8781
8783
8783
8784
8786
8786
8787
8787
8790
8791
8792
8792
8792
8795
8795
8795
8796
8797
8799
8800
8800
8801
8802
8804
8805
8805
8808
8808
8809
8810
8810
8812
8813
8814
8814
8816
8816
8819
8819
8820
8821
8823
8824
8825
8826
8826
8826
8828
8830
8830
8831
8832
8833
8833
8835
8836
8837
8839
8840
8840
8841
8843
8843
8843
8845
8846
8848
8848
8849
8850
8851
8851
8853
8853
8856
8856
8857
8857
8860
8860
8862
8863
8864
8864
8866
8867
8867
8868
8869
8870
8871
8871
8874
8874
8875
8876
8876
8878
8879
8880
8881
8882
8884
8884
8886
8887
8888
8888
8888
8890
8891
8891
8893
8893
8896
8897
8898
8899
8900
8900
8901
8901
8904
8904
8905
8906
8906
8907
8909
8910
8911
8912
8913
8914
8915
8915
8917
8918
8920
8920
8921
8923
8923
8924
8924
8927
8928
8929
8929
8931
8931
8931
8932
8933
8936
8937
8937
8937
8938
8941
8941
8942
8943
8943
8944
8945
8947
8947
8949
8950
8952
8953
8953
8955
8956
8956
8958
8958
8959
8960
8962
8963
8963
8965
8966
8967
8968
8968
8968
8970
8971
8971
8973
8974
8974
8977
8977
8979
8979
8980
8980
8982
8983
8984
8985
8986
8988
8988
8988
8990
8992
8993
8993
8995
8995
8996
8997
8998
9000
9001
9001
9003
9003
9004
9004
9005
9008
9009
9009
9010
9011
9012
9013
9013
9015
9017
9017
9018
9019
9020
9021
9022
9023
9024
9025
9026
9027
9028
9029
9030
9031
9031
9034
9034
9034
9035
9038
9038
9038
9040
9041
9041
9042
9045
9045
9047
9048
9049
9049
9050
9052
9052
9053
9055
9055
9055
9057
9058
9059
9060
9061
9061
9064
9065
9065
9065
9066
9068
9070
9070
9072
9072
9073
9073
9074
9075
9077
9078
9079
9080
9081
9082
9084
9084
9085
9085
9088
9088
9090
9090
9090
9092
9093
9095
9095
9096
9096
9099
9100
9100
9101
9101
9103
9104
9105
9105
9107
9107
9108
9110
9111
9111
9112
9115
9116
9116
9116
9118
9119
9121
9121
9123
9123
9124
9125
9125
9128
9129
9130
9131
9131
9132
9134
9134
9135
9136
9137
9137
9139
9140
9140
9142
9143
9144
9145
9146
9146
9148
9149
9150
9152
9152
9153
9153
9155
9156
9156
9158
9158
9159
9161
9162
9162
9164
9165
9166
9168
9168
9169
9170
9171
9173
9173
9175
9175
9175
9178
9178
9178
9180
9181
9183
9184
9185
9186
9186
9186
9188
9189
9189
9191
9192
9193
9193
9195
9196
9197
9198
9200
9200
9201
9203
9204
9204
9205
9205
9208
9209
9210
9211
9211
9212
9213
9214
9214
9216
9217
9218
9219
9221
9221
9222
9223
9224
9226
9226
9227
9227
9229
9230
9231
9232
9232
9233
9235
9237
9237
9238
9239
9240
9241
9242
9243
9244
9245
9246
9246
9247
9250
9250
9252
9252
9253
9255
9255
9256
9257
9258
9259
9259
9260
9261
9263
9264
9265
9265
9266
9268
9269
9269
9270
9271
9273
9273
9274
9275
9278
9278
9279
9280
9280
9282
9282
9284
9285
9286
9286
9289
9290
9291
9291
9292
9294
9294
9296
9296
9297
9298
9298
9300
9300
9302
9303
9304
9306
9306
9307
9308
9309
9311
9311
9311
9312
9315
9316
9316
9316
9319
9319
9319
9321
9322
9322
9323
9325
9326
9327
9328
9328
9330
9332
9332
9334
9334
9335
9336
9336
9338
9339
9339
9341
9342
9343
9345
9346
9347
9347
9347
9349
9350
9350
9351
9352
9355
9356
9356
9357
9358
9359
9360
9361
9363
9363
9364
9364
9365
9368
9368
9369
9370
9371
9372
9372
9374
9375
9375
9378
9378
9379
9380
9381
9382
9384
9384
9385
9386
9387
9388
9390
9391
9391
9391
9394
9394
9395
9395
9398
9398
9400
9400
9402
9403
9403
9404
9405
9405
9407
9408
9410
9410
9411
9411
9413
9414
9415
9415
9417
9418
9420
9421
9421
9421
9422
9423
9424
9427
9427
9429
9429
9430
9431
9431
9433
9434
9435
9437
9438
9439
9439
9440
9441
9442
9442
9444
9446
9447
9448
9448
9449
9450
9451
9452
9454
9454
9456
9456
9457
9458
9460
9460
9462
9462
9462
9464
9466
9466
9466
9467
9469
9470
9470
9472
9473
9474
9474
9476
9476
9478
9479
9479
9480
9482
9483
9483
9485
9485
9488
9488
9489
9491
9491
9492
9492
9494
9496
9496
9496
9498
9499
9501
9502
9503
9503
9504
9506
9506
9507
9508
9510
9510
9511
9513
9513
9514
9515
9516
9517
9518
9519
9520
9521
9521
9523
9525
9526
9526
9527
9527
9528
9530
9531
9533
9534
9534
9536
9537
9537
9537
9538
9540
9542
9543
9543
9543
9546
9546
9547
9547
9549
9549
9550
9552
9553
9554
9555
9555
9556
9559
9559
9560
9562
9562
9564
9564
9565
9566
9567
9569
9570
9570
9570
9572
9574
9575
9576
9576
9577
9577
9579
9580
9580
9582
9583
9584
9586
9586
9587
9588
9589
9589
9590
9591
9594
9594
9595
9595
9597
9598
9598
9600
9600
9602
9604
9605
9605
9607
9608
9608
9609
9610
9610
9612
9613
9614
9616
9616
9618
9619
9620
9620
9620
9623
9623
9624
9625
9626
9626
9628
9629
9630
9632
9632
9634
9635
9635
9636
9638
9639
9639
9640
9641
9643
9643
9644
9646
9646
9648
9649
9650
9651
9651
9653
9654
9654
9656
9657
9657
9657
9659
9661
9661
9662
9663
9664
9665
9666
9668
9668
9668
9669
9672
9673
9674
9674
9676
9677
9678
9679
9680
9681
9681
9682
9684
9684
9685
9686
9687
9687
9690
9690
9690
9691
9694
9694
9695
9696
9697
9699
9700
9700
9701
9702
9703
9703
9706
9706
9706
9707
9709
9710
9711
9711
9712
9714
9715
9717
9718
9718
9719
9720
9722
9722
9722
9725
9725
9725
9727
9727
9728
9730
9731
9731
9733
9735
9735
9736
9736
9738
9740
9741
9741
9741
9744
9744
9745
9747
9748
9749
9750
9750
9750
9753
9753
9754
9756
9756
9757
9758
9760
9760
9760
9763
9764
9765
9765
9765
9767
9769
9769
9770
9771
9771
9773
9775
9776
9776
9778
9779
9779
9781
9781
9781
9784
9784
9785
9786
9787
9787
9788
9791
9792
9792
9794
9795
9795
9796
9798
9798
9799
9800
9801
9801
9802
9804
9805
9805
9807
9808
9809
9809
9810
9813
9813
9813
9815
9815
9816
9818
9819
9819
9821
9821
9823
9824
9825
9826
9827
9828
9828
9830
9831
9832
9833
9834
9834
9835
9837
9837
9838
9840
9841
9842
9842
9845
9846
9846
9846
9848
9849
9850
9850
9852
9853
9853
9854
9856
9857
9858
9859
9861
9861
9862
9863
9864
9865
9866
9867
9869
9869
9869
9870
9873
9873
9873
9876
9877
9877
9879
9879
9880
9881
9883
9884
9884
9885
9885
9887
9888
9889
9889
9891
9892
9893
9893
9895
9895
9898
9898
9898
9900
9901
9902
9903
9905
9905
9905
9907
9908
9909
9910
9910
9912
9912
9913
9915
9916
9916
9919
9919
9921
9922
9922
9924
9924
9925
9926
9928
9928
9930
9930
9931
9932
9934
9934
9935
9936
9937
9937
9938
9940
9941
9942
9942
9943
9946
9947
9948
9949
9949
9950
9952
9952
9953
9954
9955
9956
9957
9958
9958
9959
9961
9962
9964
9964
9965
9966
9967
9969
9969
9970
9970
9972
9973
9974
9975
9975
9977
9977
9978
9979
9981
9982
9984
9985
9986
9987
9987
9987
9988
9991
9991
9992
9992
9994
9995
9996
9998
9998
10000
10000
10000
10002
10004
10004
10004
10005
10007
10008
10009
10010
10011
10012
10013
10015
10015
10016
10018
10018
10019
10019
10020
10021
10022
10024
10025
10026
10028
10028
10029
10030
10032
10032
10033
10033
10034
10035
10037
10037
10040
10040
10040
10043
10043
10044
10045
10046
10047
10048
10049
10050
10051
10052
10053
10054
10055
10057
10057
10057
10059
10060
10060
10063
10063
10063
10064
10066
10067
10068
10070
10070
10070
10071
10072
10074
10076
10077
10078
10078
10078
10080
10081
10082
10083
10083
10084
10085
10086
10087
10089
10089
10092
10092
10092
10093
10094
10095
10098
10099
10099
10100
10101
10102
10102
10104
10104
10105
10106
10109
10110
10110
10111
10111
10113
10115
10115
10116
10117
10117
10118
10120
10120
10121
10123
10123
10124
10126
10127
10128
10129
10131
10132
10132
10133
10134
10135
10136
10137
10138
10138
10139
10140
10142
10143
10144
10144
10145
10147
10148
10149
10151
10151
10152
10154
10155
10156
10157
10157
10158
10158
10161
10161
10161
10162
10164
10165
10165
10168
10169
10169
10170
10172
10173
10173
10174
10175
10175
10177
10178
10179
10179
10180
10183
10183
10184
10185
10186
10187
10187
10188
10189
10192
10192
10193
10194
10195
10195
10197
10197
10198
10199
10200
10202
10203
10204
10205
10206
10207
10208
10210
10210
10211
10212
10212
10215
10215
10215
10217
10218
10218
10220
10221
10221
10224
10225
10225
10225
10228
10228
10229
10230
10231
10232
10232
10233
10234
10237
10238
10239
10240
10240
10241
10242
10242
10244
10246
10246
10247
10247
10249
10250
10251
10251
10253
10253
10256
10257
10257
10257
10260
10260
10261
10261
10262
10264
10264
10265
10267
10268
10269
10270
10272
10272
10274
10274
10275
10276
10276
10278
10279
10280
10280
10283
10283
10284
10286
10287
10287
10288
10290
10290
10291
10291
10293
10294
10296
10297
10297
10298
10298
10300
10301
10302
10303
10304
10306
10306
10307
10307
10309
10311
10312
10312
10313
10314
10315
10316
10317
10319
10320
10320
10321
10322
10323
10323
10325
10326
10327
10329
10329
10330
10330
10331
10332
10334
10335
10336
10338
10338
10340
10340
10340
10342
10343
10344
10344
10347
10348
10348
10350
10350
10351
10353
10354
10355
10355
10356
10357
10359
10359
10360
10361
10361
10362
10364
10365
10366
10366
10369
10369
10371
10371
10372
10373
10373
10374
10376
10377
10377
10379
10380
10381
10382
10383
10385
10386
10386
10388
10388
10389
10390
10392
10392
10394
10394
10396
10396
10397
10397
10398
10400
10402
10402
10403
10404
10406
10406
10407
10408
10409
10410
10411
10412
10413
10413
10415
10416
10418
10418
10419
10420
10421
10422
10422
10425
10425
10426
10427
10429
10430
10430
10431
10432
10434
10434
10434
10436
10436
10438
10440
10440
10441
10441
10443
10444
10445
10445
10447
10448
10450
10450
10452
10453
10453
10454
10455
10456
10457
10457
10458
10459
10460
10461
10462
10463
10465
10466
10467
10468
10468
10470
10471
10473
10474
10474
10475
10476
10478
10478
10478
10481
10481
10482
10483
10484
10484
10487
10487
10487
10488
10490
10491
10491
10494
10494
10494
10496
10496
10497
10499
10500
10501
10502
10502
10505
10505
10505
10508
10509
10510
10510
10511
10513
10513
10513
10515
10516
10516
10518
10518
10520
10522
10522
10524
10524
10525
10526
10526
10529
10529
10530
10531
10532
10532
10534
10535
10536
10537
10538
10539
10540
10540
10543
10543
10544
10545
10546
10547
10548
10549
10550
10550
10551
10553
10553
10554
10557
10557
10558
10559
10559
10560
10562
10564
10564
10564
10566
10567
10568
10569
10571
10571
10571
10573
10574
10575
10576
10577
10578
10578
10581
10582
10583
10583
10583
10584
10586
10587
10588
10588
10590
10592
10592
10592
10594
10594
10595
10598
10598
10598
10599
10600
10602
10603
10603
10606
10607
10607
10608
10608
10609
10611
10612
10614
10614
10616
10616
10617
10619
10619
10619
10621
10622
10624
10625
10626
10627
10627
10627
10628
10630
10631
10632
10633
10635
10635
10636
10638
10638
10638
10641
10641
10642
10642
10644
10645
10647
10647
10648
10650
10651
10652
10652
10652
10654
10655
10655
10657
10658
10659
10659
10660
10661
10664
10665
10665
10666
10666
10668
10670
10671
10671
10672
10674
10674
10674
10676
10678
10678
10678
10680
10681
10682
10682
10685
10685
10686
10687
10689
10689
10690
10691
10693
10694
10695
10696
10696
10697
10697
10698
10699
10702
10702
10702
10705
10705
10705
10707
10707
10708
10710
10712
10712
10713
10714
10715
10716
10717
10717
10719
10721
10722
10723
10723
10724
10726
10727
10727
10728
10730
10731
10732
10733
10733
10735
10736
10737
10737
10737
10738
10740
10741
10742
10743
10745
10745
10746
10746
10748
10748
10751
10751
10752
10753
10754
10755
10757
10757
10758
10758
10759
10762
10762
10763
10764
10765
10767
10767
10768
10770
10771
10772
10772
10773
10774
10775
10775
10777
10777
10780
10781
10781
10782
10782
10785
10786
10787
10787
10788
10789
10791
10791
10792
10794
10795
10796
10797
10798
10799
10799
10800
10802
10802
10803
10804
10805
10807
10807
10808
10808
10810
10810
10811
10812
10814
10814
10817
10817
10817
10820
10821
10821
10822
10824
10824
10825
10825
10827
10828
10830
10830
10832
10832
10833
10834
10834
10837
10837
10838
10838
10841
10842
10842
10842
10843
10844
10846
10846
10849
10849
10850
10851
10853
10853
10854
10854
10856
10857
10857
10859
10860
10862
10862
10863
10864
10864
10867
10867
10868
10869
10871
10871
10872
10872
10875
10875
10876
10876
10878
10878
10881
10882
10882
10883
10883
10885
10886
10888
10888
10888
10890
10890
10893
10893
10894
10896
10896
10897
10897
10899
10900
10900
10902
10904
10904
10905
10906
10908
10908
10909
10910
10910
10911
10913
10913
10914
10915
10916
10917
10918
10919
10920
10922
10922
10924
10925
10926
10927
10928
10928
10930
10930
10932
10934
10934
10935
10935
10937
10937
10938
10941
10941
10942
10944
10944
10945
10945
10948
10948
10949
10950
10951
10953
10953
10955
10955
10957
10957
10958
10958
10960
10961
10961
10962
10964
10965
10965
10968
10969
10969
10969
10972
10972
10973
10974
10974
10976
10977
10977
10978
10981
10982
10983
10983
10984
10984
10985
10987
10988
10989
10989
10991
10991
10994
10995
10995
10996
10996
10998
10998
11001
11001
11002
11003
11003
11006
11006
11007
11008
11009
11010
11012
11012
11013
11014
11014
11016
11016
11017
11020
11020
11021
11022
11023
11024
11025
11026
11027
11028
11028
11030
11031
11031
11034
11034
11035
11035
11037
11037
11038
11041
11041
11041
11044
11045
11046
11047
11048
11049
11049
11051
11051
11052
11053
11054
11054
11056
11057
11059
11060
11060
11061
11061
11063
11064
11065
11066
11067
11068
11070
11070
11071
11072
11072
11073
11075
11075
11076
11077
11080
11080
11082
11082
11083
11084
11084
11086
11087
11087
11089
11091
11091
11091
11093
11095
11096
11097
11097
11098
11098
11100
11101
11102
11104
11105
11105
11106
11108
11109
11110
11111
11111
11113
11114
11114
11115
11116
11117
11118
11118
11120
11122
11123
11124
11124
11124
11126
11127
11128
11128
11130
11130
11133
11133
11134
11135
11136
11137
11138
11139
11140
11141
11141
11143
11143
11144
11147
11147
11147
11148
11150
11151
11152
11153
11154
11155
11156
11157
11158
11159
11160
11161
11162
11162
11164
11165
11166
11167
11168
11169
11170
11171
11171
11174
11174
11175
11176
11177
11178
11179
11180
11181
11181
11183
11184
11185
11186
11187
11187
11188
11191
11192
11192
11193
11193
11194
11195
11197
11198
11199
11200
11201
11202
11203
11203
11205
11207
11207
11209
11209
11210
11211
11211
11213
11214
11215
11216
11217
11217
11218
11220
11221
11221
11223
11224
11225
11227
11227
11229
11229
11229
11230
11232
11233
11233
11234
11236
11236
11238
11239
11239
11241
11243
11243
11243
11246
11247
11248
11248
11249
11250
11250
11252
11253
11255
11256
11257
11258
11258
11260
11260
11262
11262
11263
11263
11265
11266
11268
11268
11268
11271
11271
11272
11273
11275
11276
11276
11277
11278
11278
11280
11281
11282
11284
11284
11285
11286
11287
11287
11289
11289
11291
11292
11293
11293
11295
11297
11297
11297
11299
11301
11301
11302
11303
11303
11305
11306
11308
11308
11309
11309
11311
11312
11313
11314
11314
11317
11317
11318
11319
11320
11321
11321
11322
11324
11324
11326
11327
11328
11329
11331
11332
11332
11333
11333
11335
11335
11338
11338
11339
11340
11341
11342
11342
11343
11344
11345
11348
11348
11348
11350
11351
11351
11354
11354
11355
11355
11357
11359
11360
11360
11362
11362
11363
11364
11365
11366
11367
11368
11368
11371
11371
11372
11373
11374
11375
11376
11378
11378
11379
11381
11381
11383
11383
11384
11385
11386
11387
11387
11388
11390
11391
11391
11394
11394
11395
11396
11396
11398
11399
11400
11401
11402
11402
11404
11405
11405
11406
11408
11410
11410
11410
11411
11413
11414
11415
11416
11418
11418
11418
11420
11420
11423
11424
11425
11425
11426
11428
11428
11428
11429
11430
11433
11434
11434
11435
11436
11437
11439
11440
11440
11441
11442
11444
11444
11446
11447
11447
11447
11448
11451
11451
11453
11453
11453
11455
11457
11458
11459
11459
11461
11461
11462
11464
11465
11465
11466
11467
11467
11468
11470
11471
11471
11474
11474
11475
11477
11477
11477
11480
11481
11481
11482
11483
11484
11485
11486
11487
11487
11488
11489
11492
11493
11493
11495
11496
11496
11497
11498
11498
11501
11502
11503
11504
11504
11505
11506
11507
11509
11510
11511
11511
11512
11513
11514
11515
11517
11517
11518
11518
11521
11521
11521
11524
11524
11525
11525
11527
11528
11529
11531
11532
11532
11533
11534
11536
11536
11537
11538
11539
11541
11541
11541
11544
11545
11545
11547
11548
11548
11548
11549
11551
11552
11553
11554
11555
11556
11558
11558
11559
11560
11561
11563
11563
11564
11564
11566
11566
11567
11568
11569
11571
11571
11572
11574
11575
11576
11576
11579
11579
11579
11580
11581
11582
11584
11586
11586
11588
11588
11588
11591
11592
11592
11593
11595
11595
11596
11596
11598
11599
11601
11601
11601
11603
11604
11605
11606
11607
11608
11609
11610
11611
11612
11614
11614
11615
11616
11616
11617
11619
11620
11621
11622
11623
11623
11625
11627
11628
11628
11628
11629
11631
11633
11633
11634
11634
11637
11637
11638
11639
11640
11641
11642
11643
11643
11646
11646
11647
11647
11650
11651
11652
11652
11653
11655
11655
11656
11657
11657
11659
11661
11661
11661
11664
11665
11665
11666
11667
11668
11669
11670
11672
11672
11673
11674
11676
11677
11677
11678
11680
11681
11681
11682
11682
11684
11686
11686
11686
11688
11690
11691
11691
11691
11692
11693
11694
11695
11696
11698
11698
11700
11701
11702
11703
11703
11704
11705
11707
11708
11708
11710
11711
11711
11713
11714
11715
11717
11717
11718
11719
11721
11722
11723
11723
11724
11725
11726
11727
11727
11728
11730
11730
11731
11732
11733
11735
11736
11737
11737
11740
11740
11741
11741
11743
11744
11746
11747
11748
11748
11749
11750
11752
11752
11753
11754
11755
11755
11756
11758
11759
11759
11760
11762
11762
11764
11766
11766
11767
11767
11769
11771
11772
11772
11773
11775
11775
11776
11777
11779
11780
11780
11781
11782
11783
11784
11785
11787
11787
11788
11788
11789
11792
11792
11793
11793
11794
11795
11796
11798
11799
11800
11802
11802
11802
11803
11805
11805
11806
11807
11808
11811
11812
11812
11814
11814
11814
11815
11816
11819
11820
11820
11820
11823
11823
11825
11826
11826
11827
11828
11829
11831
11831
11833
11833
11833
11836
11836
11837
11837
11839
11840
11840
11842
11842
11843
11846
11846
11847
11847
11849
11850
11852
11852
11852
11853
11855
11856
11857
11858
11859
11860
11862
11863
11863
11863
11866
11866
11866
11868
11869
11870
11871
11872
11873
11874
11874
11875
11878
11878
11878
11880
11881
11882
11884
11885
11886
11886
11886
11889
11889
11889
11891
11891
11892
11893
11894
11896
11898
11898
11899
11900
11900
11903
11903
11903
11905
11906
11906
11907
11909
11910
11911
11911
11912
11915
11915
11917
11917
11918
11920
11921
11922
11922
11924
11925
11926
11926
11927
11928
11930
11931
11932
11932
11933
11934
11935
11936
11936
11938
11938
11941
11941
11943
11944
11944
11945
11945
11947
11947
11949
11950
11952
11952
11954
11955
11955
11956
11956
11958
11958
11961
11961
11962
11963
11963
11965
11965
11967
11968
11969
11971
11971
11972
11974
11974
11975
11976
11976
11978
11979
11980
11982
11983
11983
11985
11985
11986
11987
11989
11990
11991
11992
11992
11993
11994
11996
11997
11997
11998
11998
12001
12001
12002
12003
12003
12005
12006
12007
12007
12010
12010
12010
12013
12014
12015
12016
12016
12017
12018
12019
12019
12021
12021
12022
12025
12025
12027
12027
12027
12028
12030
12031
12032
12034
12034
12035
12036
12038
12038
12039
12040
12041
12043
12044
12044
12045
12046
12047
12048
12048
12051
12052
12052
12053
12055
12055
12056
12057
12058
12059
12060
12061
12062
12063
12063
12064
12067
12067
12068
12069
12070
12072
12073
12073
12075
12076
12077
12078
12078
12078
12079
12081
12083
12083
12085
12085
12085
12087
12088
12089
12090
12091
12092
12092
12095
12095
12096
12096
12098
12100
12100
12100
12102
12103
12105
12106
12106
12108
12108
12110
12111
12112
12112
12113
12114
12114
12116
12117
12117
12119
12119
12121
12122
12124
12124
12125
12126
12126
12127
12128
12131
12132
12132
12134
12134
12135
12137
12137
12138
12138
12141
12141
12142
12142
12145
12145
12146
12147
12147
12150
12150
12150
12152
12153
12154
12155
12156
12157
12158
12159
12159
12161
12161
12163
12164
12165
12166
12168
12169
12169
12169
12171
12172
12172
12173
12175
12177
12178
12178
12180
12180
12181
12182
12183
12184
12185
12186
12188
12188
12189
12189
12191
12193
12193
12194
12196
12196
12196
12198
12199
12200
12201
12201
12202
12204
12205
12207
12207
12209
12210
12211
12211
12212
12212
12213
12216
12217
12217
12218
12219
12219
12221
12222
12224
12224
12225
12226
12226
12228
12229
12231
12231
12232
12234
12235
12235
12235
12237
12238
12240
12241
12242
12242
12242
12245
12245
12246
12247
12247
12249
12250
12251
12252
12252
12254
12255
12256
12257
12257
12258
12260
12262
12262
12262
12264
12264
12266
12267
12267
12270
12270
12270
12272
12273
12273
12276
12276
12277
12278
12279
12281
12282
12282
12283
12283
12284
12285
12286
12288
12288
12289
12291
12293
12294
12294
12295
12295
12297
12297
12299
12300
12302
12302
12303
12304
12305
12307
12308
12308
12310
12310
12311
12312
12312
12314
12315
12317
12318
12319
12319
12319
12322
12323
12324
12324
12326
12326
12327
12328
12329
12330
12331
12331
12333
12335
12335
12336
12337
12338
12338
12340
12342
12342
12342
12345
12345
12346
12347
12348
12348
12350
12351
12352
12352
12355
12356
12357
12357
12358
12358
12359
12360
12363
12364
12364
12365
12366
12366
12369
12369
12370
12371
12371
12372
12374
12374
12377
12377
12378
12378
12379
12381
12382
12383
12384
12385
12385
12386
12388
12389
12389
12392
12393
12393
12395
12395
12395
12398
12398
12399
12400
12401
12402
12404
12405
12405
12406
12407
12409
12409
12411
12411
12412
12413
12414
12415
12416
12416
12419
12419
12421
12421
12422
12422
12425
12425
12426
12426
12428
12429
12429
12430
12431
12434
12435
12436
12436
12436
12437
12438
12440
12441
12442
12444
12444
12445
12447
12448
12448
12450
12450
12451
12451
12453
12454
12454
12456
12457
12458
12458
12461
12462
12462
12464
12464
12465
12466
12466
12469
12469
12470
12472
12473
12473
12474
12476
12477
12477
12478
12479
12480
12482
12483
12483
12484
12484
12486
12488
12488
12489
12490
12491
12493
12493
12494
12495
12496
12498
12499
12499
12500
12500
12501
12503
12505
12506
12506
12507
12508
12508
12509
12511
12512
12513
12514
12514
12515
12517
12518
12519
12519
12521
12522
12522
12524
12525
12526
12526
12529
12530
12530
12531
12531
12533
12534
12536
12537
12538
12539
12539
12539
12540
12542
12543
12545
12545
12546
12546
12547
12550
12550
12551
12551
12552
12555
12555
12556
12556
12559
12559
12560
12560
12562
12562
12563
12566
12566
12566
12568
12568
12570
12571
12571
12573
12574
12574
12575
12578
12578
12578
12580
12580
12583
12584
12584
12586
12586
12587
12589
12589
12590
12592
12593
12593
12593
12594
12596
12597
12598
12599
12601
12602
12602
12602
12603
12606
12606
12607
12608
12608
12611
12611
12612
12613
12614
12616
12616
12617
12618
12618
12621
12621
12621
12624
12625
12625
12625
12627
12627
12628
12631
12632
12632
12633
12633
12634
12637
12637
12638
12640
12640
12641
12641
12642
12645
12645
12646
12646
12647
12650
12650
12651
12652
12652
12654
12655
12656
12656
12659
12659
12659
12662
12662
12662
12665
12665
12666
12667
12668
12670
12670
12671
12672
12674
12675
12675
12676
12677
12679
12679
12680
12681
12683
12684
12685
12686
12686
12687
12687
12689
12691
12691
12692
12692
12693
12695
12697
12697
12697
12700
12701
12702
12702
12703
12704
12706
12707
12707
12708
12710
12711
12711
12712
12713
12714
12715
12716
12717
12718
12718
12719
12722
12723
12723
12725
12726
12727
12728
12728
12729
12731
12731
12733
12733
12734
12734
12737
12738
12738
12740
12740
12740
12742
12744
12744
12745
12746
12746
12747
12748
12750
12751
12752
12753
12755
12756
12756
12758
12758
12759
12759
12762
12762
12762
12764
12764
12765
12766
12769
12770
12770
12770
12772
12772
12774
12776
12777
12777
12778
12778
12779
12781
12782
12784
12784
12785
12785
12788
12788
12790
12791
12791
12793
12793
12795
12796
12797
12797
12797
12799
12800
12801
12802
12803
12805
12806
12806
12808
12809
12809
12809
12810
12813
12813
12814
12816
12816
12816
12818
12818
12819
12822
12822
12823
12823
12826
12826
12827
12827
12828
12829
12831
12833
12833
12834
12836
12836
12838
12838
12839
12841
12842
12842
12843
12845
12845
12846
12847
12848
12849
12850
12850
12853
12854
12854
12854
12856
12857
12858
12860
12861
12861
12862
12862
12863
12865
12867
12868
12868
12869
12870
12870
12873
12874
12875
12876
12876
12877
12878
12879
12881
12881
12883
12883
12884
12885
12887
12887
12888
12889
12890
12890
12891
12893
12893
12894
12895
12896
12897
12900
12901
12901
12901
12903
12903
12904
12906
12908
12908
12908
12909
12910
12913
12913
12914
12916
12916
12916
12918
12920
12920
12920
12923
12924
12924
12924
12925
12927
12928
12929
12930
12931
12931
12932
12934
12934
12936
12937
12938
12939
12940
12941
12943
12943
12944
12946
12946
12948
12948
12949
12951
12951
12952
12954
12955
12956
12957
12958
12958
12959
12960
12961
12962
12963
12963
12966
12967
12967
12968
12970
12971
12971
12972
12973
12974
12976
12977
12978
12979
12980
12981
12982
12982
12984
12984
12985
12986
12988
12989
12989
12990
12991
12992
12993
12993
12994
12995
12996
12999
12999
12999
13001
13001
13003
13004
13005
13006
13007
13008
13008
13009
13010
13012
13013
13013
13015
13016
13018
13018
13018
13020
13021
13023
13023
13023
13024
13026
13026
13027
13029
13031
13031
13032
13033
13035
13035
13036
13037
13038
13039
13040
13041
13042
13043
13044
13045
13046
13046
13049
13049
13050
13051
13053
13053
13053
13054
13056
13058
13059
13059
13059
13061
13061
13062
13064
13065
13065
13067
13069
13069
13070
13071
13072
13073
13075
13076
13076
13076
13078
13079
13080
13081
13082
13083
13083
13084
13085
13088
13089
13090
13090
13090
13091
13093
13094
13094
13095
13096
13097
13098
13100
13100
13102
13104
13105
13105
13105
13107
13108
13109
13111
13111
13112
13112
13113
13115
13116
13116
13118
13118
13121
13121
13122
13123
13125
13126
13126
13127
13129
13129
13130
13130
13133
13134
13134
13134
13135
13138
13138
13138
13139
13142
13142
13144
13145
13146
13146
13146
13147
13148
13150
13150
13152
13153
13155
13156
13157
13158
13159
13160
13160
13161
13161
13163
13164
13166
13167
13167
13168
13169
13170
13171
13172
13172
13174
13174
13175
13176
13178
13178
13179
13180
13182
13183
13183
13185
13186
13188
13188
13189
13191
13191
13192
13193
13194
13195
13196
13197
13198
13199
13200
13201
13202
13203
13203
13204
13206
13207
13207
13208
13211
13211
13211
13214
13215
13215
13216
13217
13218
13218
13221
13221
13223
13224
13225
13225
13226
13228
13229
13229
13230
13230
13232
13234
13234
13234
13235
13236
13238
13239
13240
13241
13243
13243
13245
13245
13246
13247
13248
13249
13250
13251
13252
13253
13254
13255
13256
13256
13258
13259
13260
13261
13262
13263
13264
13265
13265
13268
13269
13269
13270
13270
13272
13273
13274
13275
13277
13278
13279
13280
13281
13281
13282
13283
13284
13285
13286
13286
13287
13288
13291
13291
13292
13293
13293
13295
13296
13296
13299
13300
13300
13300
13303
13303
13303
13305
13305
13306
13307
13310
13310
13311
13312
13313
13313
13315
13316
13317
13318
13320
13320
13321
13323
13323
13324
13325
13326
13326
13327
13330
13331
13331
13331
13334
13334
13335
13335
13338
13338
13340
13341
13341
13342
13344
13344
13344
13345
13346
13349
13349
13350
13350
13351
13354
13354
13354
13357
13358
13358
13360
13360
13361
13362
13362
13363
13365
13366
13366
13368
13369
13369
13371
13371
13373
13374
13375
13377
13378
13379
13379
13380
13380
13381
13384
13385
13385
13386
13388
13388
13389
13390
13390
13393
13393
13394
13396
13396
13397
13398
13399
13399
13401
13401
13402
13405
13406
13407
13408
13408
13409
13410
13411
13412
13413
13414
13415
13416
13417
13418
13418
13419
13422
13422
13423
13425
13425
13426
13427
13429
13430
13430
13431
13432
13432
13434
13435
13435
13437
13438
13439
13439
13441
13441
13442
13443
13445
13447
13447
13448
13448
13449
13451
13451
13453
13454
13455
13457
13457
13459
13459
13460
13462
13462
13463
13464
13466
13466
13466
13468
13468
13469
13470
13472
13472
13473
13474
13477
13477
13478
13478
13479
13480
13481
13483
13483
13486
13486
13487
13488
13490
13491
13492
13493
13493
13494
13494
13496
13496
13498
13498
13501
13501
13502
13503
13503
13505
13506
13506
13508
13509
13510
13511
13512
13513
13514
13514
13516
13517
13517
13518
13520
13520
13521
13522
13525
13526
13526
13527
13527
13529
13530
13531
13531
13532
13534
13535
13536
13537
13538
13539
13539
13541
13542
13542
13544
13545
13546
13547
13548
13549
13550
13551
13552
13553
13553
13556
13556
13556
13558
13560
13560
13560
13561
13563
13564
13566
13566
13567
13567
13568
13570
13572
13572
13572
13575
13575
13575
13578
13579
13579
13580
13582
13582
13583
13584
13584
13586
13587
13588
13590
13591
13591
13592
13594
13594
13595
13596
13597
13598
13598
13601
13602
13603
13603
13604
13605
13607
13607
13608
13609
13611
13611
13613
13613
13614
13614
13615
13617
13618
13618
13621
13621
13621
13622
13625
13625
13627
13628
13628
13628
13629
13631
13631
13633
13634
13634
13636
13636
13638
13639
13640
13642
13642
13643
13644
13645
13647
13647
13648
13649
13649
13652
13652
13653
13653
13656
13656
13656
13658
13658
13660
13660
13661
13663
13664
13665
13665
13666
13669
13670
13671
13672
13672
13673
13673
13675
13675
13677
13678
13678
13680
13680
13681
13683
13683
13685
13686
13686
13688
13688
13690
13690
13691
13693
13695
13695
13696
13698
13699
13699
13699
13701
13701
13703
13704
13704
13706
13706
13708
13709
13710
13711
13712
13713
13714
13715
13716
13717
13718
13720
13720
13720
13723
13724
13725
13726
13726
13726
13727
13729
13730
13731
13732
13733
13734
13735
13736
13737
13738
13739
13740
13741
13742
13743
13745
13746
13747
13747
13748
13749
13750
13751
13753
13753
13754
13755
13756
13757
13759
13760
13761
13761
13762
13763
13765
13765
13766
13767
13768
13770
13770
13772
13773
13774
13774
13775
13776
13777
13779
13780
13780
13781
13783
13783
13783
13785
13786
13788
13789
13789
13791
13791
13792
13794
13794
13794
13796
13797
13798
13799
13799
13801
13802
13804
13804
13806
13806
13807
13807
13809
13810
13810
13812
13813
13813
13814
13816
13817
13819
13819
13821
13821
13822
13822
13824
13826
13827
13827
13828
13830
13831
13831
13832
13833
13834
13834
13835
13837
13838
13839
13839
13842
13843
13843
13845
13846
13846
13848
13848
13849
13850
13850
13852
13853
13854
13855
13855
13857
13858
13859
13860
13860
13861
13862
13864
13864
13865
13868
13869
13870
13870
13870
13872
13873
13874
13875
13876
13876
13878
13879
13880
13881
13883
13883
13884
13886
13886
13887
13888
13888
13890
13892
13892
13892
13895
13895
13896
13896
13898
13898
13899
13902
13902
13902
13903
13906
13907
13907
13908
13909
13910
13910
13912
13913
13915
13915
13917
13917
13918
13918
13921
13921
13921
13923
13924
13925
13926
13927
13928
13928
13929
13932
13933
13934
13934
13935
13936
13937
13937
13938
13940
13941
13943
13943
13944
13945
13946
13947
13948
13950
13950
13950
13951
13953
13954
13956
13957
13957
13959
13960
13960
13961
13962
13962
13963
13966
13966
13967
13969
13969
13971
13972
13972
13973
13974
13976
13976
13977
13977
13979
13980
13982
13982
13983
13984
13985
13986
13987
13987
13988
13989
13991
13992
13993
13994
13996
13997
13998
13998
14000
14000
14001
14002
14002
14003
14004
14006
14008
14008
14009
14010
14012
14012
14013
14014
14014
14017
14018
14018
14018
14020
14021
14022
14023
14023
14026
14026
14027
14029
14029
14031
14031
14033
14033
14034
14035
14037
14038
14038
14038
14041
14041
14043
14043
14043
14044
14046
14046
14048
14049
14049
14051
14052
14054
14055
14055
14056
14057
14058
14059
14059
14061
14063
14063
14063
14066
14067
14068
14068
14069
14069
14070
14072
14073
14075
14076
14076
14077
14078
14079
14081
14081
14082
14082
14083
14084
14087
14088
14089
14089
14091
14091
14092
14093
14093
14095
14095
14096
14098
14098
14101
14102
14102
14103
14105
14105
14107
14107
14109
14110
14111
14111
14112
14112
14114
14115
14116
14116
14119
14119
14120
14121
14123
14123
14124
14124
14126
14128
14128
14128
14131
14131
14133
14133
14133
14135
14135
14136
14139
14139
14140
14140
14142
14143
14144
14146
14146
14146
14148
14149
14150
14152
14152
14153
14155
14156
14156
14156
14158
14159
14160
14162
14162
14163
14164
14166
14167
14167
14168
14169
14170
14172
14173
14174
14174
14175
14176
14176
14178
14180
14180
14180
14182
14182
14185
14185
14186
14187
14188
14189
14190
14191
14191
14193
14195
14195
14196
14198
14198
14199
14201
14202
14202
14202
14204
14204
14206
14206
14208
14208
14210
14211
14212
14213
14214
14214
14215
14218
14218
14218
14219
14220
14222
14223
14224
14225
14225
14226
14227
14229
14230
14231
14231
14233
14233
14236
14237
14237
14238
14238
14240
14241
14242
14243
14244
14245
14246
14247
14249
14249
14250
14250
14253
14254
14254
14254
14256
14257
14258
14260
14260
14261
14263
14264
14264
14265
14265
14267
14268
14269
14270
14271
14272
14273
14275
14275
14276
14277
14279
14279
14280
14281
14283
14283
14284
14285
14286
14288
14288
14290
14290
14290
14291
14293
14294
14295
14296
14296
14298
14299
14300
14302
14302
14303
14304
14304
14305
14306
14308
14309
14310
14310
14311
14313
14314
14315
14316
14316
14317
14318
14319
14320
14321
14322
14325
14325
14326
14326
14328
14329
14330
14331
14333
14333
14335
14335
14336
14337
14338
14340
14340
14340
14343
14343
14345
14345
14346
14346
14347
14348
14350
14350
14351
14353
14354
14354
14356
14356
14358
14359
14360
14360
14363
14363
14364
14365
14365
14368
14368
14370
14371
14371
14372
14373
14373
14374
14376
14376
14378
14379
14380
14381
14382
14383
14385
14386
14386
14387
14389
14389
14390
14390
14393
14393
14394
14396
14397
14397
14399
14399
14399
14401
14401
14403
14403
14405
14406
14407
14407
14408
14410
14411
14412
14412
14413
14415
14417
14418
14418
14418
14419
14421
14421
14422
14423
14425
14425
14426
14429
14430
14430
14430
14432
14433
14435
14435
14436
14436
14437
14438
14440
14441
14441
14442
14443
14445
14446
14446
14448
14449
14450
14452
14452
14453
14454
14455
14455
14457
14458
14458
14460
14462
14462
14462
14464
14464
14467
14468
14468
14469
14470
14472
14473
14473
14475
14475
14476
14477
14479
14479
14481
14481
14482
14482
14483
14485
14486
14486
14488
14489
14490
14492
14492
14493
14495
14495
14495
14497
14498
14499
14500
14501
14503
14504
14505
14506
14506
14508
14508
14509
14510
14510
14512
14513
14514
14515
14516
14517
14518
14520
14520
14520
14523
14523
14524
14525
14526
14527
14528
14530
14530
14531
14531
14533
14533
14536
14536
14538
14538
14540
14540
14541
14542
14543
14543
14544
14547
14548
14548
14549
14550
14550
14552
14552
14554
14555
14556
14558
14559
14560
14560
14561
14562
14564
14565
14566
14566
14567
14568
14568
14570
14570
14571
14573
14574
14576
14577
14578
14578
14579
14579
14582
14582
14583
14584
14585
14587
14587
14588
14589
14590
14591
14593
14594
14594
14595
14596
14597
14599
14599
14599
14600
14603
14603
14603
14606
14606
14608
14609
14610
14610
14610
14613
14613
14613
14614
14615
14616
14619
14619
14620
14621
14623
14623
14624
14625
14625
14628
14628
14628
14630
14631
14632
14633
14633
14636
14636
14638
14638
14639
14641
14641
14643
14643
14644
14645
14646
14646
14647
14650
14651
14652
14653
14653
14654
14656
14657
14658
14658
14659
14661
14661
14663
14663
14663
14664
14665
14667
14667
14668
14670
14671
14673
14673
14675
14676
14676
14676
14677
14680
14681
14682
14682
14684
14684
14684
14686
14687
14689
14690
14690
14691
14691
14693
14694
14694
14696
14697
14698
14699
14699
14700
14701
14702
14704
14705
14707
14707
14708
14708
14710
14710
14712
14713
14715
14715
14716
14717
14719
14719
14719
14721
14722
14723
14724
14724
14725
14727
14728
14728
14731
14731
14732
14732
14734
14734
14735
14737
14739
14739
14740
14742
14742
14743
14743
14744
14747
14747
14747
14750
14750
14751
14751
14753
14753
14754
14755
14757
14757
14758
14760
14761
14761
14762
14764
14765
14766
14768
14768
14770
14770
14770
14772
14772
14773
14775
14776
14778
14779
14779
14780
14781
14782
14783
14784
14784
14787
14788
14789
14789
14790
14791
14791
14793
14795
14795
14796
14796
14799
14799
14801
14801
14801
14803
14804
14804
14806
14807
14807
14808
14810
14811
14811
14814
14814
14815
14816
14816
14818
14819
14819
14820
14822
14823
14824
14825
14826
14827
14828
14829
14830
14830
14832
14833
14834
14836
14837
14837
14838
14840
14841
14841
14842
14844
14845
14846
14846
14847
14849
14849
14850
14850
14853
14854
14854
14855
14856
14858
14858
14859
14861
14862
14862
14863
14864
14864
14866
14867
14868
14869
14869
14871
14871
14872
14874
14875
14875
14878
14878
14878
14880
14880
14881
14883
14883
14885
14886
14886
14889
14889
14890
14890
14892
14892
14894
14894
14896
14897
14898
14899
14900
14901
14902
14902
14903
14904
14906
14907
14908
14909
14910
14911
14912
14912
14913
14914
14915
14917
14917
14920
14921
14921
14923
14924
14925
14926
14926
14927
14927
14929
14930
14931
14931
14933
14934
14935
14936
14938
14939
14939
14939
14942
14943
14944
14944
14945
14947
14948
14948
14948
14950
14951
14952
14953
14954
14955
14956
14957
14958
14960
14961
14961
14962
14962
14963
14965
14966
14968
14968
14969
14969
14970
14972
14972
14973
14975
14975
14976
14977
14979
14980
14982
14983
14984
14985
14985
14986
14986
14988
14990
14990
14990
14992
14993
14994
14996
14996
14998
14998
14998
15000
15001
15001
15002
15005
15005
15006
15006
15008
15009
15009
15011
15012
15012
15014
15015
15015
15017
15019
15020
15021
15021
15022
15023
15024
15025
15026
15026
15027
15029
15030
15032
15032
15034
15035
15035
15035
15036
15038
15039
15040
15041
15043
15043
15043
15045
15045
15047
15048
15049
15049
15051
15052
15053
15054
15054
15056
15057
15057
15059
15059
15061
15062
15064
15064
15065
15066
15068
15068
15069
15071
15071
15072
15074
15074
15075
15076
15077
15077
15078
15080
15081
15083
15083
15084
15084
15086
15086
15089
15090
15091
15092
15092
15093
15093
15094
15097
15098
15099
15099
15100
15100
15102
15102
15105
15106
15106
15107
15108
15108
15109
15110
15112
15112
15114
15114
15115
15117
15117
15120
15120
15120
15121
15122
15125
15125
15125
15127
15128
15128
15131
15131
15132
15133
15134
15135
15136
15137
15137
15140
15141
15141
15142
15143
15145
15146
15146
15147
15147
15148
15150
15151
15152
15154
15155
15155
15155
15157
15158
15160
15160
15160
15162
15163
15164
15165
15165
15166
15169
15169
15170
15171
15172
15173
15174
15175
15176
15178
15178
15179
15179
15181
15183
15183
15184
15185
15186
15188
15189
15189
15190
15191
15192
15193
15193
15196
15196
15196
15197
15199
15200
15201
15202
15202
15203
15205
15206
15206
15209
15209
15210
15210
15212
15213
15215
15215
15215
15216
15218
15218
15220
15221
15222
15223
15223
15225
15225
15227
15228
15230
15230
15231
15231
15234
15234
15236
15236
15237
15237
15240
15240
15241
15242
15243
15245
15245
15246
15246
15247
15249
15250
15251
15252
15254
15254
15254
15256
15257
15258
15258
15260
15262
15262
15262
15264
15264
15267
15267
15267
15268
15269
15272
15272
15273
15274
15274
15275
15277
15277
15279
15279
15281
15282
15283
15284
15284
15286
15287
15288
15289
15289
15292
15292
15293
15295
15295
15295
15297
15298
15300
15301
15301
15302
15303
15305
15306
15306
15306
15308
15308
15310
15311
15312
15313
15314
15315
15315
15316
15318
15319
15320
15321
15322
15322
15324
15325
15326
15326
15327
15330
15330
15331
15332
15334
15334
15334
15336
15337
15338
15339
15339
15341
15341
15343
15344
15345
15347
15348
15349
15349
15349
15350
15351
15353
15354
15354
15357
15357
15358
15358
15359
15361
15362
15364
15364
15366
15366
15367
15369
15370
15371
15371
15372
15373
15374
15375
15377
15377
15377
15378
15381
15381
15381
15382
15383
15386
15386
15386
15388
15388
15389
15391
15392
15393
15395
15395
15396
15397
15399
15399
15400
15400
15401
15404
15404
15404
15405
15407
15409
15409
15410
15411
15412
15412
15414
15414
15417
15418
15418
15418
15419
15421
15423
15424
15424
15425
15426
15427
15429
15429
15430
15430
15432
15433
15433
15434
15435
15437
15438
15440
15441
15441
15441
15442
15444
15445
15446
15447
15448
15450
15451
15451
15452
15453
15455
15456
15456
15457
15457
15458
15459
15461
15462
15464
15465
15465
15465
15466
15469
15469
15470
15471
15471
15472
15474
15475
15477
15477
15478
15479
15481
15481
15482
15484
15484
15484
15486
15486
15489
15489
15490
15492
15493
15494
15495
15495
15495
15498
15498
15499
15499
15500
15502
15503
15503
15505
15506
15506
15508
15509
15511
15511
15512
15512
15514
15515
15516
15516
15518
15519
15519
15520
15521
15524
15524
15525
15526
15527
15527
15529
15529
15530
15532
15533
15535
15535
15536
15537
15539
15540
15540
15541
15542
15544
15544
15544
15547
15548
15548
15549
15551
15551
15552
15553
15555
15556
15557
15557
15558
15560
15561
15561
15562
15563
15565
15565
15567
15567
15569
15569
15570
15570
15573
15573
15574
15575
15575
15578
15578
15580
15581
15581
15582
15584
15585
15585
15587
15588
15588
15588
15589
15590
15592
15594
15594
15595
15595
15597
15597
15600
15600
15601
15601
15602
15604
15604
15605
15608
15608
15609
15611
15611
15611
15613
15613
15615
15615
15617
15618
15619
15620
15621
15623
15624
15625
15626
15626
15627
15628
15629
15630
15632
15632
15633
15634
15634
15637
15637
15637
15638
15639
15642
15642
15642
15644
15646
15646
15647
15648
15648
15650
15650
15651
15653
15655
15655
15656
15658
15658
15660
15661
15662
15663
15663
15663
15664
15666
15668
15669
15670
15670
15671
15672
15672
15673
15675
15676
15678
15678
15679
15680
15681
15682
15682
15685
15686
15686
15686
15688
15688
15691
15691
15691
15693
15694
15694
15695
15697
15698
15698
15701
15702
15703
15703
15704
15704
15706
15707
15707
15708
15709
15710
15711
15713
15714
15714
15716
15716
15717
15718
15720
15721
15723
15723
15724
15724
15726
15727
15729
15729
15730
15731
15732
15732
15735
15735
15736
15737
15739
15740
15740
15740
15742
15743
15744
15745
15745
15747
15748
15750
15750
15752
15752
15753
15753
15756
15756
15758
15759
15759
15759
15760
15761
15763
15764
15764
15766
15767
15769
15770
15771
15771
15773
15774
15775
15775
15775
15777
15777
15779
15780
15782
15782
15783
15784
15784
15785
15786
15787
15789
15790
15791
15792
15792
15794
15794
15796
15797
15797
15798
15799
15801
15802
15804
15805
15806
15807
15807
15808
15810
15810
15811
15812
15813
15815
15815
15816
15817
15819
15819
15821
15821
15823
15823
15824
15825
15826
15827
15828
15829
15830
15831
15832
15834
15834
15834
15835
15836
15838
15839
15839
15841
15842
15842
15843
15846
15847
15847
15848
15849
15851
15851
15851
15854
15855
15856
15857
15857
15857
15858
15859
15860
15862
15863
15864
15865
15867
15867
15868
15868
15870
15872
15873
15873
15874
15875
15876
15877
15878
15878
15879
15880
15882
15883
15884
15886
15886
15887
15888
15888
15890
15891
15892
15894
15894
15894
15895
15897
15897
15899
15901
15901
15902
15903
15903
15904
15906
15907
15908
15909
15911
15912
15912
15913
15914
15916
15916
15917
15917
15918
15920
15921
15921
15924
15924
15925
15926
15927
15928
15928
15930
15931
15932
15934
15934
15934
15935
15936
15937
15938
15939
15940
15943
15943
15944
15944
15947
15948
15948
15950
15950
15950
15953
15953
15953
15955
15955
15956
15957
15959
15961
15961
15962
15964
15964
15964
15965
15968
15968
15969
15969
15971
15972
15974
15975
15975
15976
15977
15979
15980
15980
15981
15981
15982
15983
15984
15986
15987
15989
15990
15990
15991
15992
15993
15993
15995
15997
15997
15997
15998
16000
arquivo ordenado pelo algoritmo count sort tempo da ordenao = 0 milisegundos

