2
5
6
6
7
8
9
10
11
11
14
15
15
16
17
17
20
21
22
23
23
23
25
26
27
27
28
29
30
31
34
34
35
36
37
37
40
41
41
42
43
43
45
46
46
47
48
51
51
52
52
53
56
56
58
58
59
60
61
62
63
65
65
66
67
68
68
70
71
72
73
74
75
75
77
79
79
80
81
82
83
85
85
85
86
89
89
90
90
92
93
94
94
96
97
98
99
99
100
102
104
105
105
107
108
108
109
109
112
112
113
114
115
116
117
118
119
119
121
122
122
124
124
125
127
128
129
131
131
131
134
134
134
137
137
138
140
141
141
141
144
144
145
145
146
147
149
150
151
152
154
155
156
157
158
159
160
161
162
162
163
163
164
165
167
168
168
170
171
172
172
174
176
177
177
179
179
179
181
183
183
183
186
186
188
188
188
191
191
192
193
193
195
196
197
198
199
199
200
201
203
203
205
206
207
207
209
210
212
212
214
214
215
215
217
217
218
220
221
222
222
223
224
227
228
228
229
229
232
232
233
235
236
236
236
239
239
240
241
241
244
244
245
246
248
249
250
251
251
253
254
255
256
256
258
258
259
260
262
262
264
264
266
266
267
267
269
270
271
273
274
275
275
277
277
279
279
281
281
282
282
284
284
285
287
287
288
289
291
293
294
295
295
296
296
299
299
300
300
303
303
305
305
306
306
308
310
310
312
312
314
314
315
316
318
319
320
321
321
322
322
324
326
327
327
328
328
331
332
332
333
335
336
337
337
339
340
340
340
343
343
344
346
347
347
349
349
350
351
351
352
353
355
356
357
358
360
361
361
363
363
364
365
366
367
367
369
371
372
373
374
374
375
376
377
377
379
380
382
382
382
383
385
385
386
388
389
390
390
392
393
394
395
395
396
397
398
400
401
402
402
403
406
406
407
407
408
410
412
413
413
415
415
416
417
417
419
421
422
422
423
425
425
425
426
428
429
430
431
432
433
435
435
436
437
439
439
440
440
441
443
444
444
446
448
448
449
450
451
452
453
454
455
457
458
458
458
461
461
462
463
464
465
466
467
468
470
470
471
472
473
474
475
476
477
477
479
480
481
482
482
484
485
485
486
487
488
490
491
493
493
494
495
496
498
498
500
500
501
502
503
503
505
506
508
509
509
511
511
512
512
515
516
516
516
518
518
521
521
522
522
524
525
525
527
528
529
529
532
533
534
534
534
535
537
538
540
540
541
543
544
544
545
546
548
548
549
551
551
552
553
554
556
557
557
558
560
560
561
562
563
565
565
566
566
567
569
571
571
573
574
574
576
576
577
577
578
579
580
582
583
584
585
585
588
589
589
591
591
592
592
594
595
596
596
597
600
601
602
603
603
604
605
607
607
609
609
610
612
613
613
615
616
616
617
617
619
620
621
622
623
625
626
626
626
628
629
629
632
632
632
633
635
636
637
638
638
640
642
642
643
644
644
646
647
648
649
650
651
652
653
653
655
655
657
658
658
661
662
663
664
664
664
666
666
667
668
669
671
671
673
673
676
676
677
678
679
679
681
683
683
684
684
687
688
689
689
690
690
691
693
693
696
697
697
697
699
701
701
702
702
705
705
706
706
707
710
711
711
711
713
714
715
715
717
717
720
721
722
722
723
724
726
727
727
728
729
729
731
733
734
734
735
735
737
737
740
740
740
742
742
743
744
746
747
748
748
750
752
752
752
755
755
756
757
757
760
760
761
762
763
764
765
766
767
767
769
770
770
771
772
773
776
776
777
779
779
781
781
783
783
785
785
786
787
789
789
790
791
791
792
794
795
796
797
797
799
801
801
802
802
804
805
805
806
808
809
810
810
812
812
815
815
816
818
818
819
819
821
822
822
825
825
827
827
827
829
830
831
832
833
833
835
836
837
838
839
840
841
842
844
844
845
847
848
849
849
850
850
852
853
853
855
855
857
859
859
861
861
863
864
864
865
866
867
867
870
871
872
873
874
875
875
877
877
877
878
879
882
882
883
884
884
886
887
888
889
891
892
893
893
895
895
897
897
898
898
901
901
902
902
903
904
905
907
908
908
909
910
912
914
914
916
916
918
918
918
920
920
922
923
924
925
926
927
928
929
929
931
933
934
935
935
936
937
937
938
941
941
942
943
943
945
945
947
948
948
951
951
952
953
954
956
956
956
959
959
959
961
962
963
965
965
966
967
968
970
971
972
972
974
974
975
976
977
978
980
980
982
982
983
984
985
985
986
988
989
989
990
992
992
994
995
995
998
998
999
1000
1001
1002
1003
1005
1005
1006
1006
1007
1008
1011
1011
1012
1012
1014
1014
1017
1017
1018
1019
1020
1020
1021
1023
1024
1025
1026
1027
1027
1029
1031
1031
1032
1034
1034
1034
1035
1036
1037
1039
1040
1042
1042
1042
1043
1046
1046
1046
1048
1049
1050
1050
1052
1053
1053
1054
1057
1057
1059
1059
1060
1060
1063
1064
1064
1065
1067
1067
1069
1069
1070
1071
1072
1073
1075
1076
1076
1078
1078
1079
1080
1080
1083
1083
1084
1085
1085
1086
1089
1089
1089
1091
1091
1093
1094
1095
1096
1097
1098
1098
1099
1102
1102
1103
1104
1106
1107
1108
1108
1109
1110
1110
1112
1113
1114
1116
1116
1117
1117
1118
1120
1121
1123
1123
1124
1125
1125
1126
1128
1129
1130
1130
1131
1133
1134
1135
1135
1136
1138
1140
1140
1140
1142
1143
1144
1145
1146
1146
1149
1149
1150
1152
1152
1153
1154
1154
1157
1157
1158
1159
1161
1161
1163
1164
1165
1166
1166
1167
1168
1169
1169
1172
1172
1174
1175
1175
1177
1178
1178
1178
1180
1181
1181
1184
1185
1185
1186
1186
1188
1189
1190
1191
1193
1194
1194
1194
1195
1196
1199
1199
1200
1201
1201
1204
1205
1206
1207
1207
1208
1210
1210
1211
1212
1213
1213
1215
1217
1217
1218
1218
1219
1222
1222
1222
1224
1225
1225
1228
1228
1229
1230
1231
1232
1232
1235
1235
1236
1236
1237
1239
1240
1241
1242
1243
1244
1246
1247
1247
1248
1250
1250
1251
1251
1252
1255
1256
1257
1257
1258
1259
1259
1262
1263
1263
1264
1266
1266
1268
1268
1270
1270
1270
1273
1273
1273
1275
1275
1276
1277
1280
1280
1281
1282
1282
1283
1285
1286
1287
1288
1289
1289
1292
1292
1292
1295
1295
1295
1297
1298
1298
1299
1301
1302
1304
1305
1305
1306
1307
1308
1309
1309
1310
1311
1313
1315
1315
1316
1317
1318
1319
1320
1321
1323
1323
1325
1325
1325
1328
1329
1329
1330
1331
1333
1333
1334
1335
1335
1338
1338
1339
1339
1340
1342
1343
1345
1345
1346
1347
1348
1349
1349
1351
1352
1353
1354
1356
1357
1358
1359
1359
1360
1361
1362
1362
1363
1366
1367
1367
1367
1368
1371
1371
1372
1373
1374
1375
1376
1378
1378
1380
1380
1381
1381
1383
1383
1385
1386
1386
1388
1388
1390
1391
1393
1394
1394
1395
1396
1397
1398
1399
1401
1402
1402
1403
1405
1405
1406
1407
1407
1408
1410
1410
1411
1412
1413
1415
1416
1417
1418
1419
1420
1421
1422
1423
1423
1425
1425
1427
1429
1429
1429
1430
1431
1433
1433
1434
1437
1438
1439
1439
1439
1441
1442
1443
1445
1445
1446
1448
1449
1450
1451
1451
1451
1453
1454
1454
1456
1457
1458
1460
1460
1462
1463
1464
1464
1464
1465
1466
1468
1469
1470
1470
1472
1473
1473
1475
1476
1477
1478
1480
1481
1481
1482
1483
1483
1486
1487
1488
1488
1490
1490
1491
1491
1493
1494
1494
1496
1498
1498
1499
1501
1502
1503
1503
1504
1505
1506
1506
1508
1509
1510
1510
1512
1514
1514
1514
1515
1516
1519
1519
1520
1522
1522
1524
1524
1525
1526
1528
1529
1529
1530
1531
1533
1534
1534
1535
1537
1538
1539
1539
1539
1542
1543
1543
1544
1544
1546
1547
1548
1549
1550
1552
1552
1553
1553
1554
1556
1557
1558
1560
1560
1561
1562
1562
1565
1566
1566
1567
1568
1570
1570
1571
1571
1572
1573
1575
1576
1576
1579
1579
1580
1582
1582
1582
1583
1585
1585
1587
1587
1589
1590
1591
1593
1593
1594
1595
1595
1597
1598
1600
1601
1601
1603
1603
1604
1604
1607
1608
1608
1609
1609
1611
1611
1612
1613
1615
1615
1617
1617
1619
1621
1622
1622
1623
1623
1625
1625
1627
1628
1629
1630
1631
1632
1634
1635
1636
1636
1636
1638
1638
1641
1641
1642
1644
1645
1645
1646
1647
1649
1649
1650
1651
1651
1653
1653
1656
1657
1657
1658
1659
1660
1660
1661
1663
1664
1665
1665
1666
1667
1669
1671
1672
1673
1673
1675
1675
1677
1677
1678
1679
1679
1680
1682
1683
1684
1684
1687
1688
1688
1690
1690
1691
1691
1693
1695
1695
1696
1697
1697
1699
1701
1701
1702
1703
1704
1705
1706
1707
1708
1709
1711
1711
1712
1713
1714
1715
1715
1717
1718
1718
1720
1720
1722
1722
1723
1726
1726
1728
1729
1729
1729
1731
1733
1733
1734
1736
1737
1738
1739
1740
1741
1741
1742
1742
1744
1746
1746
1747
1747
1748
1750
1751
1753
1753
1754
1754
1755
1757
1758
1758
1761
1762
1762
1762
1764
1765
1766
1768
1768
1769
1769
1772
1772
1773
1773
1775
1776
1777
1778
1779
1780
1780
1783
1783
1783
1784
1785
1787
1787
1788
1790
1792
1792
1793
1793
1795
1796
1797
1798
1798
1801
1802
1802
1804
1805
1806
1806
1807
1809
1810
1811
1811
1813
1813
1814
1815
1817
1817
1819
1819
1819
1821
1821
1822
1824
1825
1826
1827
1828
1830
1830
1832
1832
1833
1834
1834
1835
1837
1838
1838
1839
1841
1841
1842
1844
1845
1846
1846
1847
1849
1849
1852
1853
1853
1855
1855
1856
1856
1859
1859
1859
1862
1862
1862
1863
1866
1866
1867
1867
1869
1870
1872
1873
1873
1874
1875
1876
1878
1878
1879
1880
1881
1883
1883
1884
1886
1887
1887
1887
1888
1889
1892
1893
1893
1894
1894
1896
1897
1897
1899
1899
1901
1901
1903
1903
1906
1907
1907
1908
1909
1910
1911
1912
1914
1915
1915
1917
1918
1918
1920
1920
1920
1922
1923
1925
1925
1925
1926
1928
1929
1929
1930
1932
1932
1934
1935
1936
1937
1938
1939
1939
1940
1943
1943
1944
1946
1947
1947
1948
1948
1950
1952
1952
1953
1954
1956
1957
1958
1958
1959
1961
1962
1962
1963
1963
1966
1966
1968
1968
1968
1971
1972
1973
1973
1973
1975
1976
1977
1979
1979
1981
1981
1982
1982
1983
1985
1985
1987
1988
1989
1989
1990
1993
1994
1994
1995
1996
1996
1998
1999
1999
2000
2000
arquivo ordenado pelo algoritmo count sort tempo da ordenação = 0 milisegundos

