0
0
0
2
10
17
18
21
23
29
31
33
37
39
42
44
47
56
57
57
58
60
62
66
69
71
78
78
80
80
80
83
83
84
86
87
92
95
95
111
112
114
118
123
127
128
129
135
147
149
149
151
151
154
164
165
169
177
181
182
183
189
189
190
191
192
196
216
230
237
238
244
246
248
253
255
256
260
277
285
291
299
299
309
309
311
311
318
319
319
321
326
330
331
334
334
337
343
353
354
361
366
369
372
373
375
381
390
408
410
411
413
416
417
417
419
420
448
452
454
463
469
471
479
489
494
497
498
502
507
514
528
528
544
547
548
550
554
556
559
565
568
569
569
577
586
586
591
593
597
597
599
614
617
621
630
631
638
639
641
644
645
652
653
655
657
664
667
669
671
676
680
691
693
694
698
698
713
716
717
721
729
733
734
735
754
754
755
758
759
765
771
774
785
790
790
795
796
798
799
814
828
834
837
842
843
846
855
855
856
868
870
874
882
887
899
905
908
909
916
919
925
940
940
943
944
946
951
953
954
959
961
963
970
970
979
980
988
994
995
1014
1015
1015
1017
1022
1028
1037
1038
1040
1041
1046
1050
1052
1053
1055
1057
1063
1070
1074
1080
1087
1088
1092
1092
1098
1111
1112
1113
1121
1128
1129
1133
1140
1143
1144
1145
1150
1151
1154
1155
1159
1163
1167
1173
1182
1183
1187
1188
1189
1191
1197
1202
1203
1206
1206
1213
1214
1216
1218
1220
1220
1226
1228
1239
1242
1250
1250
1260
1264
1266
1268
1268
1276
1285
1287
1290
1293
1297
1299
1300
1306
1309
1310
1311
1315
1317
1318
1320
1326
1327
1328
1329
1330
1333
1339
1339
1342
1352
1355
1359
1368
1372
1379
1382
1397
1407
1408
1416
1417
1417
1420
1423
1425
1430
1438
1438
1442
1445
1446
1454
1457
1459
1463
1470
1472
1473
1473
1475
1487
1488
1489
1495
1495
1495
1495
1497
1497
1505
1510
1515
1515
1516
1517
1519
1527
1530
1537
1537
1548
1562
1568
1572
1577
1579
1587
1591
1591
1609
1610
1614
1614
1615
1620
1621
1624
1640
1641
1645
1648
1650
1654
1657
1664
1671
1674
1695
1699
1699
1702
1708
1715
1717
1726
1730
1734
1736
1736
1741
1748
1753
1764
1765
1766
1767
1771
1773
1778
1788
1789
1794
1795
1795
1800
1803
1804
1811
1815
1816
1818
1823
1829
1830
1833
1835
1838
1839
1841
1844
1844
1848
1849
1854
1858
1858
1862
1865
1869
1870
1871
1880
1880
1882
1886
1888
1899
1904
1904
1905
1909
1911
1913
1915
1916
1917
1920
1923
1925
1925
1932
1934
1935
1940
1943
1948
1951
1952
1952
1953
1962
1962
1966
1967
1970
1972
1974
1989
1994
2002
2003
2003
2004
2004
2007
2011
2012
2014
2022
2022
2029
2032
2033
2041
2043
2043
2051
2054
2059
2066
2072
2079
2084
2096
2097
2103
2105
2110
2117
2119
2127
2127
2129
2129
2130
2138
2142
2164
2165
2166
2174
2177
2179
2179
2185
2188
2189
2190
2197
2200
2200
2205
2205
2211
2213
2223
2223
2234
2235
2250
2251
2260
2262
2271
2285
2285
2292
2292
2294
2299
2306
2310
2311
2314
2315
2325
2325
2327
2337
2343
2350
2359
2361
2362
2385
2388
2391
2399
2401
2403
2404
2407
2412
2413
2413
2417
2417
2418
2420
2428
2432
2440
2441
2445
2447
2450
2451
2466
2467
2483
2488
2489
2492
2493
2500
2502
2504
2514
2514
2514
2523
2525
2527
2534
2535
2536
2537
2539
2540
2541
2542
2547
2556
2556
2557
2562
2562
2570
2572
2576
2580
2585
2585
2590
2591
2594
2594
2594
2596
2601
2602
2605
2606
2608
2633
2636
2653
2653
2655
2655
2657
2661
2662
2668
2668
2671
2673
2693
2707
2714
2720
2726
2726
2728
2729
2730
2733
2743
2757
2764
2766
2766
2767
2768
2774
2778
2779
2781
2784
2788
2789
2790
2796
2797
2807
2810
2822
2824
2824
2828
2830
2830
2830
2831
2841
2851
2855
2858
2859
2862
2865
2868
2878
2879
2887
2888
2888
2906
2909
2912
2921
2922
2925
2930
2933
2957
2959
2965
2967
2972
2983
2983
2986
2987
2991
2993
2995
2997
2998
3009
3024
3030
3038
3038
3040
3042
3049
3050
3054
3056
3057
3061
3069
3074
3074
3075
3076
3078
3079
3080
3083
3091
3101
3101
3107
3110
3130
3130
3132
3134
3137
3140
3146
3146
3148
3151
3157
3158
3165
3165
3171
3171
3184
3184
3188
3188
3191
3192
3200
3204
3205
3206
3209
3219
3235
3235
3240
3240
3241
3245
3245
3246
3250
3256
3257
3258
3259
3261
3264
3268
3275
3280
3284
3285
3288
3289
3290
3290
3290
3296
3298
3300
3301
3302
3306
3308
3309
3315
3324
3326
3341
3363
3388
3389
3389
3391
3394
3397
3402
3403
3411
3416
3420
3422
3424
3426
3431
3438
3442
3445
3445
3451
3460
3469
3471
3482
3483
3485
3487
3492
3496
3499
3502
3503
3527
3540
3543
3547
3548
3551
3559
3559
3566
3567
3568
3577
3582
3590
3591
3592
3596
3598
3602
3603
3606
3608
3609
3611
3614
3617
3620
3622
3626
3629
3629
3629
3631
3635
3640
3644
3645
3647
3647
3651
3654
3658
3660
3689
3694
3694
3696
3697
3706
3709
3711
3713
3717
3718
3724
3727
3728
3739
3742
3752
3753
3761
3776
3777
3783
3790
3791
3792
3794
3797
3798
3806
3808
3811
3811
3813
3815
3823
3835
3837
3841
3843
3852
3859
3861
3861
3873
3874
3877
3890
3892
3917
3918
3934
3948
3950
3950
3951
3960
3965
3968
3973
3984
3996
3997
4000
4011
4012
4014
4014
4020
4028
4031
4034
4037
4041
4041
4043
4046
4051
4051
4053
4054
4061
4062
4067
4068
4078
4079
4081
4081
4084
4088
4100
4107
4113
4113
4115
4121
4125
4128
4129
4130
4132
4132
4133
4133
4135
4141
4141
4142
4147
4149
4150
4162
4165
4172
4183
4183
4192
4196
4197
4198
4215
4220
4235
4238
4250
4252
4252
4254
4270
4274
4282
4286
4292
4294
4301
4302
4306
4310
4312
4316
4319
4324
4326
4329
4329
4336
4348
4348
4351
4354
4362
4364
4369
4373
4381
4386
4387
4391
4396
4397
4399
4399
4402
4416
4417
4421
4421
4426
4431
4434
4434
4435
4438
4446
4447
4463
4463
4464
4467
4496
4508
4510
4511
4526
4527
4529
4533
4540
4551
4553
4558
4559
4559
4564
4565
4565
4567
4570
4573
4577
4588
4593
4603
4613
4617
4618
4624
4625
4628
4631
4644
4649
4649
4650
4653
4658
4663
4664
4664
4676
4677
4677
4680
4687
4688
4694
4699
4705
4705
4709
4710
4711
4714
4716
4719
4724
4724
4724
4734
4735
4735
4740
4740
4743
4747
4749
4753
4753
4769
4773
4777
4778
4780
4787
4790
4793
4795
4800
4802
4803
4804
4804
4804
4808
4814
4816
4817
4817
4818
4824
4839
4843
4845
4846
4848
4856
4860
4861
4863
4867
4872
4876
4882
4887
4896
4896
4899
4908
4910
4911
4912
4915
4922
4923
4924
4930
4930
4943
4959
4960
4964
4972
4973
4978
4979
4981
4981
4992
4997
5007
5010
5010
5017
5019
5021
5022
5025
5025
5035
5036
5042
5044
5051
5060
5079
5079
5081
5087
5091
5095
5101
5101
5102
5106
5109
5110
5113
5116
5118
5118
5119
5119
5120
5122
5123
5132
5138
5145
5148
5154
5155
5166
5168
5179
5187
5188
5192
5194
5199
5204
5204
5204
5206
5227
5236
5238
5241
5241
5244
5245
5248
5248
5250
5250
5260
5266
5269
5270
5274
5277
5277
5277
5284
5296
5308
5311
5314
5318
5320
5323
5326
5342
5342
5349
5364
5372
5381
5391
5394
5396
5398
5399
5399
5417
5419
5420
5424
5425
5429
5430
5433
5435
5437
5438
5440
5442
5451
5454
5469
5485
5494
5496
5500
5504
5505
5508
5513
5513
5522
5524
5524
5531
5534
5535
5549
5555
5562
5567
5578
5581
5585
5586
5587
5590
5596
5617
5621
5625
5626
5631
5634
5640
5661
5662
5671
5679
5682
5687
5688
5689
5690
5690
5696
5700
5700
5708
5710
5711
5722
5722
5723
5728
5729
5732
5739
5741
5745
5748
5748
5755
5759
5759
5759
5762
5767
5768
5774
5782
5785
5786
5787
5787
5790
5791
5797
5800
5803
5804
5806
5819
5831
5832
5833
5839
5844
5855
5856
5858
5859
5861
5863
5866
5873
5875
5878
5879
5892
5897
5897
5897
5905
5912
5915
5916
5917
5918
5925
5926
5927
5939
5940
5951
5952
5958
5959
5961
5962
5967
5968
5979
5980
5980
5983
6001
6002
6003
6007
6014
6019
6019
6023
6030
6031
6032
6034
6035
6038
6041
6042
6043
6052
6054
6067
6068
6070
6071
6078
6080
6096
6100
6100
6104
6105
6108
6116
6118
6132
6135
6139
6144
6150
6155
6156
6159
6186
6190
6207
6215
6221
6229
6231
6235
6247
6249
6259
6262
6272
6288
6290
6292
6302
6303
6307
6310
6314
6314
6319
6325
6331
6334
6335
6336
6341
6346
6349
6354
6356
6360
6360
6369
6370
6372
6374
6375
6379
6395
6397
6399
6401
6407
6409
6410
6412
6414
6416
6420
6421
6422
6424
6429
6440
6443
6456
6461
6463
6465
6466
6474
6477
6483
6483
6486
6486
6488
6501
6501
6502
6509
6512
6517
6517
6521
6523
6524
6535
6535
6547
6552
6565
6567
6567
6568
6573
6575
6576
6579
6590
6592
6593
6597
6597
6598
6611
6616
6617
6622
6622
6622
6624
6627
6629
6629
6630
6632
6638
6646
6654
6654
6661
6663
6668
6670
6673
6676
6678
6680
6681
6683
6684
6690
6696
6696
6699
6713
6721
6725
6735
6740
6750
6753
6758
6759
6761
6761
6765
6767
6767
6768
6772
6779
6780
6782
6786
6787
6788
6788
6792
6803
6809
6810
6817
6823
6827
6831
6841
6843
6861
6861
6862
6863
6869
6871
6876
6876
6877
6884
6894
6896
6898
6912
6926
6932
6934
6935
6935
6940
6943
6948
6954
6956
6961
6963
6963
6975
6989
6990
7000
7003
7005
7007
7009
7011
7013
7017
7018
7020
7030
7031
7032
7032
7035
7037
7050
7051
7053
7059
7071
7075
7081
7085
7088
7095
7107
7112
7118
7122
7126
7131
7133
7136
7149
7161
7165
7166
7170
7170
7170
7176
7176
7177
7181
7182
7184
7186
7198
7200
7201
7206
7207
7213
7214
7217
7217
7221
7229
7231
7232
7233
7237
7248
7250
7252
7271
7273
7277
7277
7279
7280
7284
7287
7298
7302
7306
7307
7307
7307
7308
7309
7318
7320
7321
7328
7328
7330
7332
7343
7343
7356
7357
7358
7359
7361
7378
7379
7380
7383
7391
7401
7406
7419
7421
7421
7429
7429
7437
7444
7445
7445
7453
7457
7469
7470
7470
7477
7478
7479
7483
7484
7496
7496
7499
7519
7522
7522
7527
7530
7536
7540
7540
7553
7556
7576
7577
7588
7591
7591
7596
7601
7603
7605
7606
7609
7609
7609
7629
7630
7634
7635
7642
7645
7646
7651
7653
7655
7656
7658
7658
7663
7666
7667
7670
7672
7672
7672
7673
7676
7676
7686
7696
7704
7709
7720
7726
7727
7732
7733
7733
7734
7740
7745
7746
7752
7761
7765
7765
7768
7769
7784
7785
7790
7796
7797
7802
7803
7806
7810
7810
7812
7825
7826
7833
7834
7835
7842
7845
7849
7864
7879
7882
7889
7889
7892
7893
7896
7898
7899
7901
7903
7910
7910
7912
7913
7919
7921
7924
7936
7937
7942
7947
7951
7957
7960
7960
7966
7969
7974
7982
7989
7992
7998
8003
8013
8013
8013
8023
8025
8025
8026
8026
8037
8037
8047
8047
8051
8052
8054
8059
8060
8061
8063
8065
8065
8068
8076
8082
8084
8086
8091
8093
8100
8111
8111
8126
8128
8129
8137
8137
8139
8139
8153
8159
8171
8185
8190
8191
8198
8209
8211
8211
8211
8214
8219
8220
8222
8227
8227
8227
8232
8239
8248
8255
8260
8261
8262
8271
8271
8273
8280
8284
8286
8287
8288
8302
8302
8303
8303
8303
8314
8318
8321
8322
8326
8327
8333
8339
8344
8346
8347
8350
8353
8360
8368
8368
8368
8374
8375
8379
8392
8392
8401
8403
8407
8408
8411
8412
8416
8419
8425
8429
8436
8436
8436
8437
8437
8446
8453
8456
8462
8463
8469
8474
8478
8484
8492
8496
8502
8503
8508
8511
8512
8517
8519
8520
8521
8522
8523
8524
8535
8537
8538
8540
8554
8558
8559
8560
8563
8564
8564
8573
8580
8581
8582
8584
8589
8595
8600
8600
8605
8606
8608
8611
8612
8613
8618
8619
8624
8625
8630
8630
8634
8635
8635
8636
8640
8661
8662
8664
8664
8669
8671
8676
8679
8684
8690
8692
8693
8696
8702
8706
8712
8715
8727
8728
8730
8736
8737
8737
8738
8741
8746
8746
8753
8756
8761
8771
8777
8781
8783
8784
8791
8801
8804
8807
8810
8830
8830
8833
8835
8836
8841
8841
8843
8845
8847
8847
8849
8850
8858
8858
8864
8870
8877
8885
8897
8898
8906
8906
8908
8912
8915
8926
8927
8927
8934
8937
8943
8945
8954
8968
8971
8976
8977
8988
8992
8997
8998
9000
9004
9006
9011
9014
9015
9019
9026
9029
9041
9044
9045
9046
9047
9061
9064
9065
9068
9069
9073
9074
9080
9089
9089
9098
9100
9102
9105
9106
9113
9130
9133
9136
9140
9146
9151
9153
9154
9169
9172
9178
9178
9189
9196
9199
9205
9206
9211
9212
9220
9222
9226
9229
9233
9238
9243
9243
9249
9258
9259
9260
9260
9260
9263
9266
9272
9278
9278
9280
9284
9291
9291
9294
9304
9305
9307
9314
9315
9316
9322
9343
9346
9349
9351
9357
9360
9365
9368
9369
9388
9397
9398
9400
9401
9405
9405
9406
9408
9409
9415
9420
9424
9426
9431
9437
9444
9448
9457
9465
9471
9474
9478
9486
9488
9491
9493
9501
9512
9513
9518
9519
9523
9536
9537
9539
9541
9543
9543
9554
9558
9561
9565
9574
9576
9583
9583
9586
9591
9594
9594
9596
9597
9610
9621
9622
9626
9626
9628
9635
9650
9654
9655
9656
9658
9660
9661
9663
9664
9665
9671
9673
9680
9696
9700
9704
9707
9712
9714
9718
9718
9719
9720
9725
9733
9737
9737
9749
9751
9752
9755
9755
9758
9759
9764
9767
9777
9782
9791
9792
9795
9799
9800
9802
9804
9806
9811
9814
9814
9820
9822
9824
9829
9830
9831
9833
9834
9835
9837
9842
9842
9842
9848
9854
9861
9868
9869
9871
9873
9874
9874
9875
9876
9886
9888
9889
9893
9895
9897
9901
9902
9904
9906
9906
9922
9924
9925
9929
9930
9933
9936
9939
9947
9947
9948
9949
9951
9953
9954
9954
9957
9964
9964
9964
9968
9972
9973
9973
9975
9976
9980
9981
9984
9984
9987
10003
10005
10020
10020
10021
10024
10025
10039
10044
10048
10053
10066
10067
10073
10079
10079
10079
10098
10112
10117
10117
10147
10148
10148
10153
10154
10155
10158
10160
10163
10174
10176
10187
10190
10195
10205
10209
10209
10213
10215
10220
10220
10221
10228
10228
10232
10238
10238
10248
10257
10261
10262
10282
10282
10283
10291
10300
10308
10309
10310
10314
10326
10327
10330
10330
10346
10353
10359
10362
10375
10378
10380
10385
10393
10404
10406
10408
10410
10420
10427
10431
10431
10434
10438
10439
10439
10442
10451
10451
10459
10460
10472
10478
10479
10482
10489
10490
10491
10497
10501
10501
10506
10508
10511
10513
10518
10519
10525
10527
10528
10529
10531
10531
10538
10539
10545
10552
10554
10567
10567
10581
10582
10586
10590
10590
10601
10601
10603
10608
10614
10619
10621
10626
10631
10631
10631
10634
10635
10639
10644
10654
10655
10660
10661
10664
10665
10665
10666
10672
10681
10685
10686
10691
10694
10702
10704
10714
10716
10718
10723
10723
10726
10731
10734
10736
10738
10746
10751
10755
10758
10762
10768
10773
10777
10778
10788
10789
10790
10791
10794
10803
10814
10815
10817
10821
10823
10826
10826
10828
10832
10835
10838
10843
10843
10843
10847
10851
10856
10857
10860
10861
10862
10863
10866
10867
10868
10869
10871
10874
10875
10881
10883
10886
10888
10896
10899
10906
10911
10919
10925
10927
10932
10933
10933
10934
10937
10937
10939
10945
10949
10969
10969
10972
10972
10977
10987
10988
10989
10990
10997
10999
11005
11007
11016
11018
11019
11025
11027
11028
11033
11064
11064
11082
11087
11090
11092
11094
11096
11096
11106
11109
11111
11117
11125
11126
11144
11151
11151
11155
11158
11165
11167
11173
11177
11182
11183
11187
11191
11191
11197
11199
11205
11209
11211
11214
11223
11231
11234
11235
11237
11238
11244
11255
11256
11257
11258
11261
11262
11274
11278
11281
11286
11287
11288
11289
11290
11292
11310
11316
11317
11317
11327
11328
11335
11343
11352
11353
11363
11376
11390
11395
11402
11404
11405
11406
11410
11411
11418
11420
11420
11421
11427
11428
11430
11435
11437
11439
11442
11448
11452
11454
11457
11463
11466
11471
11472
11475
11476
11476
11481
11483
11483
11492
11493
11493
11495
11498
11498
11501
11504
11515
11521
11530
11534
11539
11540
11541
11542
11559
11560
11571
11573
11583
11595
11601
11604
11604
11604
11604
11610
11617
11620
11625
11637
11641
11642
11644
11651
11657
11662
11668
11677
11681
11688
11690
11694
11699
11700
11702
11707
11707
11711
11712
11712
11713
11714
11715
11715
11735
11737
11738
11742
11743
11743
11746
11746
11747
11752
11754
11755
11757
11757
11762
11765
11775
11776
11779
11780
11781
11789
11792
11794
11797
11805
11806
11815
11816
11817
11818
11818
11829
11832
11833
11836
11838
11841
11842
11847
11849
11860
11862
11865
11879
11879
11881
11882
11884
11884
11887
11897
11901
11913
11914
11923
11924
11939
11943
11943
11944
11946
11948
11951
11962
11968
11972
11973
11977
11977
11981
11982
12003
12006
12008
12019
12023
12025
12026
12029
12031
12049
12049
12050
12053
12056
12056
12059
12059
12068
12071
12073
12083
12088
12093
12096
12101
12101
12102
12110
12111
12115
12119
12120
12125
12126
12127
12128
12131
12137
12145
12151
12155
12158
12159
12160
12160
12161
12163
12164
12164
12166
12167
12168
12169
12171
12173
12180
12186
12187
12190
12193
12195
12201
12203
12214
12215
12215
12216
12220
12220
12220
12223
12228
12230
12232
12235
12249
12254
12268
12268
12269
12272
12276
12285
12288
12299
12303
12311
12312
12318
12320
12325
12325
12326
12326
12330
12335
12336
12343
12343
12344
12347
12352
12354
12370
12371
12374
12377
12383
12389
12393
12396
12396
12403
12405
12407
12409
12416
12422
12429
12433
12436
12441
12443
12443
12444
12456
12457
12459
12465
12467
12468
12474
12476
12480
12481
12484
12487
12491
12496
12498
12506
12509
12511
12512
12513
12515
12524
12525
12526
12528
12536
12545
12548
12550
12552
12555
12560
12562
12562
12565
12569
12583
12604
12604
12606
12611
12611
12615
12629
12631
12633
12635
12637
12637
12637
12640
12642
12655
12655
12658
12665
12668
12671
12673
12674
12687
12696
12703
12705
12713
12716
12727
12734
12737
12738
12746
12749
12759
12761
12762
12765
12769
12769
12771
12776
12776
12777
12781
12784
12788
12793
12794
12795
12799
12801
12804
12807
12819
12825
12827
12828
12831
12838
12840
12845
12850
12851
12855
12859
12864
12868
12883
12883
12885
12885
12887
12896
12897
12904
12908
12908
12912
12914
12915
12917
12918
12926
12927
12932
12932
12938
12941
12950
12954
12964
12965
12971
12985
12995
13003
13011
13013
13013
13016
13021
13023
13024
13033
13035
13038
13038
13042
13043
13044
13053
13055
13065
13068
13074
13074
13075
13075
13084
13085
13085
13093
13099
13103
13106
13106
13109
13110
13115
13120
13124
13125
13125
13130
13130
13135
13136
13137
13139
13146
13152
13154
13163
13173
13174
13181
13181
13183
13184
13186
13190
13194
13194
13197
13198
13199
13200
13200
13202
13205
13205
13205
13208
13214
13215
13216
13228
13234
13241
13246
13247
13248
13250
13251
13251
13252
13262
13272
13277
13281
13282
13285
13286
13287
13289
13289
13290
13292
13295
13297
13306
13310
13316
13319
13320
13324
13324
13338
13346
13349
13353
13354
13358
13359
13359
13362
13365
13368
13376
13377
13378
13380
13387
13388
13392
13397
13399
13415
13423
13425
13425
13427
13429
13432
13435
13439
13439
13441
13441
13444
13445
13449
13449
13456
13457
13458
13467
13473
13475
13476
13482
13488
13488
13493
13498
13499
13500
13503
13503
13507
13511
13515
13523
13538
13543
13544
13553
13556
13562
13565
13576
13580
13580
13581
13583
13589
13599
13599
13599
13599
13604
13606
13612
13623
13625
13631
13639
13640
13641
13643
13644
13648
13654
13654
13663
13672
13684
13684
13684
13687
13688
13701
13706
13708
13710
13711
13721
13723
13724
13729
13730
13730
13735
13740
13741
13742
13745
13746
13748
13757
13758
13760
13760
13762
13765
13769
13775
13777
13777
13778
13783
13783
13788
13789
13790
13791
13793
13794
13794
13801
13803
13806
13816
13820
13821
13822
13825
13829
13842
13846
13852
13855
13858
13859
13860
13862
13868
13869
13874
13877
13880
13886
13889
13889
13891
13891
13895
13898
13903
13904
13912
13915
13915
13916
13917
13924
13927
13929
13930
13932
13935
13940
13942
13943
13949
13954
13956
13957
13959
13960
13972
13981
13986
13987
13990
13992
13998
14012
14014
14017
14019
14020
14022
14023
14024
14032
14036
14044
14048
14048
14053
14055
14069
14070
14071
14077
14081
14082
14083
14084
14089
14090
14096
14098
14101
14103
14106
14111
14111
14112
14125
14131
14134
14138
14141
14144
14145
14151
14152
14157
14158
14158
14160
14165
14169
14172
14172
14181
14181
14184
14188
14191
14196
14198
14201
14202
14203
14207
14207
14209
14216
14218
14224
14232
14239
14239
14244
14246
14249
14251
14253
14261
14262
14267
14278
14283
14286
14290
14294
14299
14303
14305
14307
14310
14311
14311
14319
14320
14336
14336
14338
14342
14346
14356
14356
14360
14362
14362
14364
14372
14376
14377
14380
14381
14382
14394
14397
14419
14442
14456
14456
14459
14460
14464
14465
14474
14476
14488
14489
14491
14493
14494
14496
14505
14509
14510
14524
14526
14530
14531
14533
14535
14538
14539
14540
14542
14561
14564
14565
14581
14585
14588
14592
14595
14602
14608
14610
14612
14634
14635
14636
14638
14639
14639
14645
14645
14650
14654
14669
14677
14677
14677
14684
14685
14685
14687
14690
14696
14696
14699
14699
14704
14706
14710
14719
14719
14719
14719
14724
14730
14734
14737
14743
14744
14744
14744
14762
14764
14771
14773
14776
14781
14785
14786
14789
14791
14791
14795
14796
14799
14811
14813
14815
14820
14821
14822
14823
14830
14833
14848
14852
14855
14862
14875
14877
14879
14879
14881
14883
14890
14894
14903
14906
14907
14911
14913
14914
14918
14925
14933
14935
14945
14946
14947
14951
14951
14964
14965
14966
14968
14969
14970
14973
14975
14977
14978
14983
14984
14984
14988
14988
14990
14997
15003
15027
15029
15034
15037
15048
15049
15054
15057
15059
15064
15073
15078
15079
15081
15084
15085
15087
15089
15090
15092
15092
15095
15096
15097
15103
15108
15108
15116
15121
15124
15129
15133
15135
15136
15140
15143
15145
15165
15173
15173
15177
15181
15194
15195
15196
15198
15199
15201
15203
15209
15214
15227
15233
15235
15238
15247
15254
15257
15260
15261
15264
15272
15275
15276
15290
15291
15300
15301
15304
15304
15307
15310
15318
15318
15320
15324
15329
15336
15338
15338
15346
15347
15349
15350
15361
15364
15365
15366
15374
15375
15380
15382
15382
15386
15389
15394
15398
15398
15399
15406
15412
15416
15418
15419
15421
15423
15426
15432
15433
15436
15442
15444
15445
15447
15451
15453
15459
15468
15472
15472
15474
15476
15476
15478
15479
15479
15480
15484
15486
15491
15493
15504
15504
15510
15510
15515
15524
15528
15529
15534
15535
15537
15541
15544
15547
15550
15552
15552
15553
15568
15569
15574
15576
15576
15578
15580
15584
15584
15585
15589
15594
15597
15605
15609
15611
15613
15619
15620
15621
15622
15622
15642
15650
15653
15654
15658
15658
15665
15668
15668
15673
15698
15709
15731
15734
15735
15741
15741
15744
15745
15751
15753
15757
15762
15762
15771
15772
15774
15776
15778
15794
15794
15813
15825
15826
15827
15831
15834
15838
15841
15854
15856
15859
15859
15861
15864
15869
15872
15873
15873
15882
15892
15893
15894
15906
15912
15914
15925
15927
15931
15932
15932
15933
15933
15934
15935
15937
15937
15938
15939
15941
15942
15944
15948
15953
15958
15965
15967
15972
15975
15976
15978
15980
15984
15984
15992
15993
arquivo ordenado pelo algoritmo bubblesort tempo da ordenação = 140.4 milisegundos

