0
1
2
4
9
10
11
12
12
15
17
18
19
20
23
24
25
26
27
27
29
29
29
30
30
32
34
36
44
46
48
49
51
53
56
57
58
58
60
61
63
65
70
71
73
74
74
75
77
80
90
91
93
93
95
97
99
101
101
102
102
104
106
106
107
107
111
114
116
120
123
124
127
128
132
134
134
135
135
136
141
142
146
148
150
151
154
154
155
159
161
164
173
175
177
188
191
191
194
196
197
197
198
200
201
201
203
204
204
206
210
211
213
217
218
218
219
219
221
223
224
224
227
227
228
230
235
242
242
242
245
249
253
255
255
256
256
257
262
263
265
267
270
272
276
279
283
283
286
289
290
292
293
299
303
308
308
310
317
319
322
324
327
328
328
332
339
340
340
342
342
343
344
344
344
347
348
349
352
357
359
360
368
368
372
372
374
376
378
379
385
388
390
393
394
395
400
400
401
403
405
406
407
410
411
412
413
416
418
423
428
430
430
430
431
436
443
445
447
450
453
455
455
455
456
458
460
462
462
463
464
465
466
471
472
475
478
481
481
489
490
492
495
498
499
504
504
506
507
507
508
510
513
515
519
520
526
527
533
534
535
538
538
540
542
542
543
546
547
551
557
558
558
559
561
562
562
563
565
568
568
568
569
570
570
571
572
574
575
576
576
579
579
581
581
583
584
586
589
590
591
591
591
593
594
596
596
599
600
601
603
603
606
612
614
616
618
628
634
634
638
639
644
646
648
651
654
655
655
655
658
659
664
672
674
677
677
678
680
683
685
687
687
688
689
692
693
694
697
701
701
702
702
703
703
703
705
705
707
709
709
712
713
714
718
718
719
720
724
725
725
726
731
732
732
734
735
736
736
739
740
741
744
747
751
753
753
756
758
758
762
764
765
768
771
772
777
777
777
778
778
784
784
785
785
788
792
793
795
796
800
802
803
803
804
804
805
806
807
808
808
816
817
821
824
824
827
829
833
834
834
835
838
839
841
843
843
846
846
848
852
858
862
862
864
865
867
869
872
874
874
876
878
879
879
879
883
884
892
893
898
901
907
910
911
912
913
914
915
917
917
919
921
922
922
924
926
929
929
931
932
936
936
937
939
940
942
944
947
950
951
954
957
958
958
965
966
967
968
969
970
972
975
978
980
985
985
985
988
995
997
1000
1002
1002
1003
1006
1008
1008
1012
1015
1018
1022
1023
1028
1031
1032
1033
1036
1038
1040
1041
1042
1042
1044
1045
1046
1046
1047
1050
1050
1058
1063
1063
1064
1064
1066
1067
1069
1073
1076
1076
1081
1083
1083
1086
1086
1087
1089
1092
1095
1095
1095
1097
1098
1100
1101
1107
1108
1109
1113
1115
1118
1121
1123
1124
1125
1126
1129
1131
1131
1134
1136
1138
1142
1143
1143
1149
1152
1153
1156
1157
1165
1167
1170
1171
1172
1175
1179
1182
1182
1185
1185
1185
1188
1192
1192
1193
1194
1200
1201
1206
1207
1210
1210
1210
1211
1215
1216
1217
1219
1222
1222
1227
1227
1228
1229
1230
1231
1234
1235
1236
1236
1238
1244
1246
1251
1252
1253
1262
1264
1266
1268
1268
1269
1269
1271
1286
1286
1289
1294
1296
1298
1300
1301
1304
1306
1306
1306
1307
1309
1311
1313
1315
1318
1319
1320
1322
1324
1325
1329
1330
1330
1331
1331
1335
1337
1339
1342
1342
1345
1351
1352
1353
1355
1355
1356
1356
1357
1361
1364
1364
1366
1369
1370
1371
1373
1373
1375
1377
1377
1379
1380
1381
1381
1383
1383
1386
1386
1390
1391
1391
1394
1398
1401
1404
1408
1415
1417
1417
1420
1420
1421
1423
1423
1428
1428
1430
1431
1432
1434
1435
1437
1439
1439
1441
1442
1442
1443
1443
1445
1448
1448
1451
1454
1454
1457
1457
1458
1462
1466
1466
1469
1470
1473
1476
1476
1479
1481
1487
1487
1489
1491
1491
1492
1496
1497
1499
1500
1501
1509
1510
1510
1511
1513
1517
1518
1524
1524
1524
1526
1528
1534
1535
1539
1541
1544
1552
1553
1554
1556
1558
1561
1569
1570
1575
1582
1582
1584
1584
1591
1595
1598
1599
1599
1600
1603
1604
1605
1607
1610
1611
1611
1616
1616
1619
1620
1620
1621
1622
1623
1623
1625
1625
1627
1630
1631
1632
1639
1642
1653
1654
1662
1663
1665
1666
1666
1670
1672
1673
1673
1674
1674
1675
1676
1677
1680
1680
1684
1685
1688
1694
1695
1697
1697
1699
1703
1705
1707
1707
1711
1712
1712
1714
1716
1716
1716
1717
1717
1720
1727
1728
1729
1729
1729
1730
1732
1733
1735
1738
1742
1745
1747
1751
1756
1758
1761
1768
1771
1772
1773
1775
1778
1780
1780
1782
1784
1790
1793
1794
1796
1805
1808
1809
1810
1817
1817
1819
1819
1820
1820
1828
1831
1837
1838
1839
1842
1844
1849
1853
1853
1861
1864
1866
1871
1871
1872
1873
1876
1879
1879
1884
1886
1888
1893
1894
1895
1901
1902
1907
1907
1908
1908
1908
1912
1913
1915
1915
1915
1918
1918
1920
1922
1922
1923
1926
1929
1931
1936
1936
1936
1938
1939
1939
1940
1941
1945
1951
1953
1953
1955
1958
1959
1960
1961
1962
1963
1965
1966
1967
1968
1970
1974
1975
1976
1977
1978
1980
1981
1981
1988
1988
1993
1994
1998
2000
2000
2000
2001
2001
2002
2006
2009
2014
2015
2016
2016
2018
2020
2021
2022
2023
2024
2024
2028
2030
2032
2032
2036
2041
2042
2042
2042
2043
2049
2052
2055
2057
2058
2058
2061
2061
2063
2065
2066
2066
2072
2074
2076
2077
2082
2082
2083
2084
2085
2089
2092
2094
2097
2099
2101
2103
2104
2109
2111
2112
2112
2113
2114
2117
2119
2121
2124
2125
2130
2133
2133
2134
2136
2136
2136
2138
2145
2146
2147
2151
2155
2155
2156
2156
2159
2159
2161
2161
2161
2163
2163
2168
2172
2179
2180
2181
2182
2185
2187
2188
2195
2195
2196
2197
2200
2203
2210
2211
2212
2212
2213
2216
2218
2219
2219
2221
2224
2225
2227
2228
2229
2231
2232
2238
2238
2238
2239
2239
2243
2243
2245
2245
2246
2246
2247
2249
2252
2253
2255
2256
2258
2258
2260
2262
2263
2264
2268
2269
2274
2274
2274
2275
2276
2276
2278
2278
2281
2291
2294
2295
2298
2300
2300
2302
2305
2312
2315
2318
2320
2321
2322
2325
2325
2329
2329
2331
2331
2332
2332
2332
2334
2335
2337
2339
2340
2341
2345
2345
2347
2349
2353
2354
2357
2363
2365
2367
2370
2371
2378
2378
2379
2382
2382
2385
2386
2388
2389
2390
2391
2391
2393
2397
2401
2403
2403
2406
2408
2408
2409
2411
2413
2419
2420
2420
2420
2426
2427
2428
2430
2433
2435
2438
2441
2443
2445
2446
2451
2453
2458
2460
2460
2461
2462
2462
2464
2465
2466
2466
2469
2479
2479
2481
2483
2485
2491
2492
2497
2498
2500
2501
2502
2505
2506
2513
2515
2518
2519
2521
2521
2522
2526
2528
2528
2531
2537
2543
2543
2544
2545
2546
2546
2547
2553
2554
2555
2556
2559
2559
2559
2563
2564
2570
2571
2572
2576
2576
2578
2580
2584
2586
2586
2589
2591
2591
2593
2593
2594
2594
2597
2597
2598
2598
2600
2600
2602
2603
2603
2605
2605
2606
2606
2607
2607
2609
2610
2611
2614
2614
2618
2621
2627
2630
2635
2636
2636
2638
2639
2640
2647
2650
2651
2652
2653
2653
2653
2656
2656
2658
2660
2662
2665
2666
2666
2670
2673
2674
2678
2679
2680
2682
2682
2685
2696
2698
2699
2702
2703
2704
2706
2706
2710
2713
2719
2721
2722
2723
2724
2727
2729
2734
2737
2741
2742
2744
2757
2758
2760
2762
2762
2766
2767
2768
2769
2770
2772
2775
2776
2778
2785
2790
2792
2793
2793
2794
2794
2798
2800
2802
2803
2803
2807
2808
2812
2813
2815
2817
2818
2819
2820
2823
2825
2828
2829
2831
2833
2833
2836
2837
2838
2838
2838
2842
2844
2846
2847
2848
2856
2858
2858
2860
2862
2863
2864
2871
2875
2880
2882
2883
2883
2884
2885
2885
2885
2888
2891
2897
2902
2907
2910
2912
2914
2915
2915
2920
2923
2923
2929
2929
2929
2930
2931
2932
2934
2937
2938
2939
2939
2940
2942
2942
2942
2946
2948
2948
2949
2950
2953
2953
2955
2956
2956
2956
2957
2957
2959
2960
2965
2965
2974
2975
2978
2980
2983
2987
2989
2992
2993
2995
2995
2996
2998
2999
3000
3000
3003
3004
3007
3010
3011
3013
3015
3020
3021
3022
3024
3024
3027
3029
3029
3029
3030
3030
3032
3032
3032
3034
3043
3043
3046
3050
3052
3054
3058
3058
3058
3059
3062
3063
3065
3066
3066
3068
3069
3074
3074
3078
3079
3079
3081
3084
3086
3088
3088
3093
3095
3096
3096
3100
3103
3104
3105
3106
3108
3108
3112
3114
3115
3115
3117
3117
3126
3131
3132
3137
3137
3138
3156
3158
3159
3164
3164
3164
3166
3166
3167
3168
3170
3172
3179
3179
3188
3189
3195
3195
3196
3197
3198
3198
3201
3203
3204
3206
3208
3211
3212
3214
3219
3219
3220
3220
3221
3222
3224
3224
3225
3225
3226
3226
3227
3232
3234
3236
3237
3238
3239
3239
3239
3242
3243
3246
3248
3250
3250
3252
3253
3256
3257
3261
3262
3264
3265
3267
3267
3268
3268
3272
3273
3275
3280
3282
3283
3284
3285
3286
3290
3292
3294
3296
3297
3298
3300
3300
3301
3303
3306
3308
3309
3315
3315
3318
3318
3319
3319
3323
3323
3324
3325
3327
3331
3340
3343
3343
3346
3351
3352
3354
3357
3357
3359
3361
3363
3363
3364
3367
3369
3373
3373
3375
3376
3377
3380
3390
3390
3401
3405
3407
3407
3408
3411
3412
3413
3414
3415
3416
3417
3418
3424
3426
3427
3429
3431
3432
3433
3438
3438
3438
3444
3444
3446
3447
3450
3452
3453
3455
3456
3458
3460
3466
3466
3470
3471
3472
3477
3477
3480
3480
3481
3486
3490
3504
3504
3507
3513
3515
3520
3522
3523
3525
3527
3528
3528
3531
3531
3533
3536
3542
3544
3544
3548
3553
3553
3554
3557
3557
3561
3561
3564
3565
3566
3567
3571
3572
3580
3581
3581
3584
3590
3592
3593
3594
3594
3595
3596
3596
3597
3598
3599
3601
3607
3609
3609
3610
3612
3612
3612
3614
3617
3618
3621
3622
3625
3626
3627
3631
3633
3635
3636
3639
3639
3639
3640
3641
3644
3644
3644
3645
3646
3648
3650
3651
3653
3655
3655
3656
3657
3662
3662
3664
3670
3670
3674
3675
3675
3676
3677
3683
3689
3689
3691
3694
3696
3697
3697
3698
3702
3710
3712
3712
3712
3713
3716
3718
3720
3722
3725
3726
3727
3728
3733
3739
3740
3742
3743
3746
3748
3752
3753
3753
3755
3757
3758
3760
3761
3761
3764
3765
3765
3773
3778
3780
3781
3787
3791
3798
3805
3805
3808
3810
3810
3811
3812
3815
3815
3816
3817
3821
3824
3827
3830
3832
3836
3837
3837
3839
3843
3846
3846
3847
3848
3848
3853
3858
3859
3861
3862
3868
3869
3869
3871
3874
3875
3877
3879
3879
3884
3890
3893
3897
3897
3899
3901
3901
3901
3902
3906
3908
3909
3909
3911
3911
3912
3912
3913
3913
3915
3916
3917
3921
3922
3923
3924
3924
3931
3932
3936
3936
3937
3938
3938
3939
3942
3947
3949
3950
3951
3953
3957
3957
3957
3958
3959
3964
3965
3965
3973
3975
3982
3983
3983
3983
3984
3985
3988
3988
3993
3999
4000
4000
4000
4001
4003
4005
4009
4010
4013
4015
4016
4016
4017
4018
4022
4031
4031
4033
4034
4036
4036
4039
4040
4041
4042
4047
4052
4057
4060
4063
4064
4064
4064
4066
4069
4070
4070
4073
4074
4076
4079
4083
4085
4088
4088
4090
4094
4097
4099
4101
4112
4112
4112
4114
4115
4119
4123
4124
4125
4125
4132
4133
4133
4133
4135
4135
4135
4135
4136
4137
4140
4144
4147
4147
4158
4160
4163
4164
4164
4165
4170
4171
4171
4176
4178
4185
4185
4189
4190
4193
4193
4197
4198
4198
4199
4201
4201
4207
4211
4211
4212
4213
4214
4223
4225
4225
4232
4234
4238
4239
4242
4243
4243
4245
4254
4257
4257
4257
4260
4263
4266
4267
4270
4274
4276
4282
4285
4289
4289
4290
4295
4296
4301
4301
4301
4303
4304
4306
4307
4307
4307
4314
4316
4316
4318
4321
4322
4323
4323
4330
4332
4334
4335
4336
4341
4344
4345
4350
4353
4353
4355
4355
4359
4360
4360
4363
4366
4367
4367
4373
4374
4374
4376
4377
4379
4385
4387
4387
4387
4388
4389
4390
4393
4396
4396
4397
4400
4402
4405
4411
4412
4415
4417
4418
4418
4422
4423
4426
4428
4428
4428
4430
4432
4434
4434
4448
4449
4452
4456
4460
4464
4466
4472
4474
4479
4480
4481
4481
4482
4494
4500
4501
4505
4506
4506
4508
4510
4511
4512
4517
4518
4522
4525
4526
4532
4536
4536
4543
4543
4543
4546
4546
4548
4551
4555
4555
4556
4561
4563
4563
4565
4567
4568
4571
4574
4576
4577
4577
4578
4580
4582
4583
4585
4590
4591
4594
4594
4595
4595
4598
4598
4607
4608
4608
4612
4615
4620
4620
4621
4624
4627
4629
4629
4631
4634
4634
4634
4636
4636
4636
4640
4645
4646
4646
4648
4648
4651
4652
4654
4656
4660
4661
4668
4669
4672
4672
4675
4675
4677
4685
4687
4690
4690
4693
4697
4700
4700
4704
4705
4705
4705
4709
4710
4713
4714
4721
4722
4725
4729
4730
4736
4737
4737
4738
4741
4741
4741
4742
4743
4744
4747
4750
4756
4761
4761
4765
4766
4770
4771
4771
4774
4776
4778
4778
4784
4786
4787
4788
4790
4792
4797
4800
4801
4803
4805
4806
4808
4809
4809
4812
4814
4815
4816
4816
4817
4817
4818
4818
4819
4823
4825
4832
4833
4833
4834
4835
4835
4835
4845
4849
4851
4857
4859
4860
4862
4871
4871
4872
4872
4878
4879
4883
4885
4886
4887
4889
4892
4893
4893
4894
4899
4901
4903
4904
4906
4908
4909
4912
4913
4914
4915
4916
4917
4923
4924
4926
4927
4935
4936
4936
4936
4938
4941
4942
4943
4947
4951
4955
4958
4958
4963
4963
4965
4966
4968
4971
4976
4977
4977
4979
4980
4980
4987
4988
4988
4990
4991
4995
4996
4997
4999
5004
5005
5007
5007
5009
5010
5014
5015
5016
5016
5021
5021
5028
5030
5033
5036
5037
5038
5042
5044
5044
5044
5045
5045
5045
5046
5048
5048
5052
5052
5052
5053
5055
5060
5063
5065
5066
5066
5068
5071
5072
5074
5075
5076
5078
5080
5080
5083
5087
5090
5091
5098
5102
5105
5108
5111
5114
5115
5116
5118
5118
5123
5123
5127
5130
5132
5135
5137
5137
5142
5145
5147
5150
5151
5152
5155
5156
5159
5161
5163
5166
5169
5170
5176
5177
5178
5179
5179
5181
5181
5186
5188
5189
5189
5189
5195
5201
5205
5208
5211
5211
5212
5216
5216
5218
5223
5224
5224
5226
5228
5228
5228
5231
5231
5234
5235
5243
5243
5244
5250
5251
5258
5264
5264
5264
5266
5269
5270
5271
5272
5272
5276
5276
5278
5278
5281
5282
5284
5285
5286
5288
5293
5294
5298
5303
5306
5309
5309
5310
5311
5312
5313
5313
5314
5319
5324
5326
5327
5328
5329
5331
5331
5336
5343
5344
5345
5345
5345
5347
5347
5353
5355
5355
5356
5357
5361
5362
5362
5364
5367
5368
5372
5381
5382
5382
5383
5384
5387
5390
5390
5392
5393
5397
5398
5400
5400
5400
5400
5402
5403
5404
5404
5405
5405
5408
5408
5410
5410
5411
5411
5418
5419
5419
5420
5421
5422
5426
5427
5430
5435
5437
5437
5437
5438
5438
5440
5440
5440
5442
5443
5443
5446
5446
5448
5452
5452
5454
5455
5456
5457
5457
5459
5462
5463
5471
5471
5471
5476
5478
5481
5487
5491
5492
5494
5495
5495
5499
5501
5502
5504
5505
5507
5510
5510
5515
5515
5515
5515
5516
5516
5516
5518
5518
5520
5522
5525
5526
5530
5530
5530
5530
5533
5537
5538
5548
5549
5550
5552
5554
5556
5558
5561
5564
5567
5568
5571
5573
5574
5575
5576
5577
5578
5578
5580
5581
5585
5586
5589
5590
5592
5594
5595
5598
5606
5607
5609
5611
5613
5614
5615
5619
5623
5630
5630
5630
5636
5637
5639
5639
5645
5649
5649
5649
5649
5651
5653
5655
5656
5656
5658
5661
5664
5670
5671
5676
5676
5677
5679
5679
5681
5682
5685
5686
5688
5689
5689
5689
5690
5692
5692
5696
5699
5700
5702
5705
5705
5705
5706
5706
5712
5714
5715
5715
5719
5720
5721
5721
5723
5723
5727
5728
5729
5730
5731
5732
5736
5737
5739
5740
5741
5742
5746
5747
5751
5751
5754
5758
5759
5759
5761
5763
5763
5767
5768
5769
5769
5769
5770
5771
5772
5773
5773
5775
5777
5778
5780
5782
5783
5783
5786
5787
5796
5798
5799
5799
5804
5804
5806
5806
5807
5808
5810
5811
5812
5814
5819
5819
5821
5824
5825
5829
5830
5835
5835
5837
5839
5839
5842
5843
5843
5845
5848
5858
5860
5863
5865
5871
5874
5875
5875
5881
5884
5884
5885
5885
5885
5893
5894
5895
5900
5903
5905
5908
5912
5914
5914
5916
5920
5923
5924
5924
5924
5925
5927
5931
5934
5934
5935
5937
5937
5937
5938
5938
5938
5941
5943
5952
5954
5954
5956
5956
5959
5964
5965
5967
5971
5971
5971
5975
5977
5978
5978
5980
5983
5987
5989
5990
5990
5991
5993
5994
5996
5998
5999
5999
6000
6004
6006
6007
6011
6015
6016
6016
6016
6020
6025
6028
6028
6028
6035
6035
6036
6037
6045
6046
6050
6052
6052
6053
6054
6055
6058
6063
6066
6066
6069
6069
6070
6072
6074
6078
6078
6082
6086
6088
6089
6091
6093
6094
6097
6101
6105
6106
6107
6111
6112
6118
6121
6121
6123
6123
6123
6129
6131
6131
6135
6142
6145
6147
6150
6150
6151
6157
6161
6162
6166
6169
6173
6178
6187
6189
6193
6195
6196
6197
6199
6201
6201
6203
6205
6210
6215
6220
6223
6223
6223
6229
6231
6234
6235
6243
6249
6252
6252
6253
6254
6257
6257
6258
6258
6259
6260
6261
6261
6262
6264
6268
6269
6274
6276
6277
6278
6282
6283
6285
6285
6294
6298
6300
6301
6303
6303
6304
6305
6309
6314
6317
6326
6330
6332
6334
6334
6338
6339
6341
6348
6352
6353
6354
6354
6354
6362
6363
6363
6364
6364
6365
6367
6367
6367
6368
6369
6370
6372
6376
6376
6383
6384
6387
6390
6393
6395
6395
6396
6397
6397
6399
6399
6399
6401
6403
6403
6403
6404
6404
6405
6407
6412
6413
6415
6416
6418
6419
6421
6423
6428
6429
6436
6437
6439
6439
6441
6445
6450
6451
6454
6461
6464
6466
6467
6473
6476
6476
6478
6482
6483
6483
6485
6486
6492
6493
6493
6494
6501
6501
6502
6510
6510
6512
6513
6514
6515
6519
6520
6520
6521
6525
6531
6531
6542
6543
6544
6548
6548
6550
6552
6553
6554
6558
6563
6564
6567
6569
6570
6572
6573
6573
6575
6577
6577
6580
6581
6582
6583
6583
6586
6586
6587
6588
6593
6594
6595
6596
6597
6602
6610
6612
6613
6613
6614
6615
6615
6617
6622
6622
6622
6626
6628
6629
6632
6633
6638
6638
6638
6639
6639
6641
6642
6645
6648
6654
6654
6654
6661
6662
6664
6669
6669
6672
6674
6675
6676
6679
6682
6683
6685
6692
6695
6696
6698
6699
6699
6699
6701
6701
6702
6709
6712
6713
6713
6715
6718
6718
6719
6722
6725
6726
6730
6731
6734
6738
6738
6739
6740
6742
6742
6745
6750
6755
6756
6760
6760
6761
6761
6763
6764
6766
6769
6769
6769
6774
6774
6774
6777
6777
6777
6778
6779
6782
6784
6787
6790
6793
6793
6795
6795
6795
6796
6797
6800
6802
6803
6809
6810
6812
6813
6816
6816
6817
6818
6820
6822
6830
6830
6833
6834
6835
6836
6836
6836
6839
6839
6840
6840
6842
6842
6851
6855
6856
6857
6859
6862
6863
6864
6865
6866
6870
6872
6873
6874
6876
6877
6877
6878
6879
6882
6883
6885
6885
6887
6889
6898
6902
6905
6905
6907
6907
6908
6909
6910
6913
6914
6916
6921
6924
6925
6925
6932
6935
6936
6944
6948
6954
6956
6958
6960
6967
6968
6972
6973
6977
6978
6978
6982
6983
6984
6984
6985
6992
6996
6997
6999
6999
7001
7001
7004
7006
7006
7007
7008
7014
7014
7016
7016
7018
7020
7024
7024
7025
7026
7034
7037
7038
7038
7039
7040
7043
7045
7046
7051
7053
7059
7060
7065
7067
7071
7073
7074
7075
7081
7083
7084
7086
7088
7090
7091
7095
7098
7102
7104
7104
7105
7106
7106
7108
7108
7112
7113
7114
7115
7116
7121
7128
7132
7134
7135
7138
7138
7141
7143
7146
7147
7152
7153
7157
7158
7167
7170
7171
7172
7176
7179
7183
7183
7185
7185
7189
7190
7192
7193
7195
7195
7196
7199
7199
7202
7202
7203
7205
7212
7214
7215
7218
7221
7223
7224
7225
7226
7227
7227
7228
7230
7232
7233
7235
7235
7235
7236
7238
7240
7242
7249
7250
7256
7256
7257
7260
7262
7262
7262
7264
7273
7275
7276
7277
7279
7283
7283
7289
7290
7291
7291
7294
7297
7303
7303
7303
7305
7307
7308
7310
7311
7312
7313
7314
7316
7316
7317
7317
7318
7318
7318
7319
7319
7321
7322
7322
7322
7324
7324
7326
7328
7336
7338
7341
7341
7342
7344
7345
7348
7348
7350
7350
7353
7354
7356
7356
7356
7359
7360
7362
7364
7364
7365
7369
7370
7375
7377
7377
7378
7379
7380
7382
7383
7385
7386
7386
7388
7392
7397
7403
7403
7403
7405
7408
7408
7409
7410
7411
7412
7413
7414
7415
7416
7420
7420
7421
7422
7423
7423
7425
7425
7426
7426
7429
7431
7434
7436
7437
7438
7440
7445
7446
7448
7450
7452
7454
7455
7455
7457
7459
7460
7460
7462
7463
7476
7476
7481
7486
7487
7489
7489
7489
7492
7492
7492
7495
7496
7497
7502
7502
7502
7503
7504
7505
7511
7513
7517
7520
7523
7525
7532
7535
7537
7542
7542
7543
7543
7550
7551
7552
7554
7556
7556
7559
7559
7559
7563
7564
7566
7570
7571
7575
7580
7581
7582
7583
7584
7584
7584
7585
7587
7590
7592
7592
7593
7593
7594
7602
7605
7605
7606
7606
7610
7611
7611
7613
7617
7617
7618
7618
7619
7620
7621
7623
7627
7627
7628
7640
7640
7645
7654
7654
7654
7655
7656
7659
7663
7663
7663
7668
7670
7670
7672
7677
7678
7679
7684
7686
7687
7690
7693
7694
7695
7696
7699
7699
7701
7701
7701
7705
7705
7705
7709
7712
7716
7717
7719
7721
7723
7723
7725
7725
7728
7732
7733
7733
7733
7735
7743
7747
7748
7756
7768
7772
7776
7777
7778
7780
7780
7781
7782
7787
7789
7789
7789
7791
7793
7795
7798
7798
7799
7800
7802
7809
7811
7811
7812
7812
7812
7814
7820
7820
7824
7824
7827
7828
7828
7831
7834
7837
7838
7838
7839
7839
7840
7841
7842
7847
7848
7850
7850
7854
7855
7855
7858
7859
7862
7863
7868
7869
7872
7872
7873
7873
7877
7880
7880
7885
7886
7887
7888
7889
7890
7891
7892
7892
7893
7896
7898
7901
7913
7914
7915
7917
7918
7920
7926
7930
7932
7935
7936
7937
7941
7942
7942
7942
7944
7948
7948
7949
7950
7954
7954
7955
7957
7957
7958
7959
7961
7961
7962
7964
7966
7966
7968
7969
7971
7974
7974
7977
7979
7984
7984
7984
7985
7986
7986
7987
7989
7990
7993
7995
7998
7999
8000
8001
8002
8003
8005
8006
8012
8012
8013
8014
8024
8031
8032
8036
8037
8037
8038
8040
8042
8042
8042
8046
8049
8051
8051
8052
8055
8058
8059
8062
8062
8064
8065
8066
8066
8068
8068
8071
8071
8075
8076
8081
8082
8083
8085
8092
8093
8094
8095
8097
8099
8099
8100
8104
8104
8104
8105
8105
8106
8106
8111
8112
8115
8117
8119
8125
8127
8130
8131
8131
8134
8134
8136
8141
8143
8145
8148
8149
8152
8155
8158
8159
8160
8162
8164
8165
8167
8168
8168
8169
8170
8171
8172
8172
8173
8177
8181
8182
8183
8189
8189
8193
8195
8197
8197
8197
8197
8202
8206
8206
8208
8208
8210
8211
8212
8212
8213
8216
8216
8219
8220
8221
8223
8223
8227
8228
8230
8231
8232
8232
8234
8236
8239
8241
8241
8241
8243
8250
8256
8259
8261
8263
8266
8269
8273
8275
8279
8279
8280
8281
8283
8286
8287
8288
8289
8289
8295
8296
8296
8297
8299
8300
8301
8302
8306
8306
8310
8312
8313
8313
8315
8316
8320
8320
8320
8321
8322
8325
8325
8327
8330
8331
8332
8336
8338
8340
8341
8343
8349
8350
8350
8350
8350
8351
8354
8356
8357
8357
8358
8360
8361
8363
8363
8364
8364
8365
8369
8370
8376
8380
8387
8388
8388
8390
8394
8394
8397
8405
8408
8409
8412
8412
8413
8418
8422
8423
8424
8424
8429
8436
8445
8445
8448
8449
8449
8455
8457
8459
8461
8466
8466
8467
8468
8470
8470
8475
8475
8476
8477
8482
8482
8485
8487
8487
8488
8488
8489
8490
8492
8496
8496
8496
8500
8501
8502
8504
8504
8504
8505
8506
8509
8509
8509
8510
8511
8513
8517
8520
8522
8525
8526
8526
8528
8529
8532
8534
8535
8537
8539
8539
8539
8542
8544
8545
8546
8546
8550
8551
8557
8557
8559
8559
8561
8563
8563
8570
8572
8574
8578
8578
8580
8583
8587
8589
8591
8591
8591
8592
8596
8598
8600
8608
8610
8610
8611
8611
8614
8615
8616
8616
8617
8617
8618
8620
8621
8622
8628
8628
8629
8633
8633
8633
8633
8636
8636
8639
8640
8641
8642
8646
8646
8647
8648
8649
8649
8649
8649
8650
8650
8650
8652
8652
8655
8655
8655
8657
8661
8664
8667
8669
8673
8673
8678
8680
8682
8689
8689
8689
8694
8694
8698
8699
8699
8702
8702
8705
8709
8712
8715
8717
8718
8719
8720
8722
8725
8727
8727
8731
8742
8742
8746
8747
8748
8754
8755
8755
8757
8758
8758
8759
8759
8764
8765
8766
8769
8772
8773
8773
8775
8778
8780
8785
8787
8787
8793
8804
8804
8805
8806
8809
8812
8813
8813
8816
8817
8818
8823
8825
8829
8837
8838
8840
8845
8846
8852
8855
8857
8857
8860
8861
8867
8869
8869
8871
8871
8872
8872
8875
8876
8878
8880
8880
8881
8881
8882
8882
8883
8885
8886
8892
8892
8893
8897
8898
8900
8901
8901
8908
8909
8909
8911
8912
8913
8915
8915
8926
8929
8931
8933
8935
8935
8939
8943
8944
8944
8945
8949
8950
8950
8952
8952
8967
8968
8977
8977
8978
8978
8979
8980
8986
8986
8988
8991
8992
8992
8994
8997
9005
9007
9008
9010
9022
9032
9033
9036
9037
9041
9041
9042
9043
9044
9045
9045
9046
9047
9048
9052
9056
9061
9063
9063
9067
9070
9071
9072
9074
9075
9076
9080
9082
9084
9085
9085
9085
9086
9088
9089
9093
9094
9095
9096
9097
9098
9106
9106
9106
9106
9108
9110
9110
9111
9112
9116
9117
9117
9119
9121
9121
9122
9122
9124
9126
9131
9134
9138
9138
9146
9147
9149
9153
9157
9159
9165
9166
9167
9167
9169
9170
9170
9177
9179
9180
9182
9183
9186
9187
9188
9189
9192
9194
9197
9199
9199
9205
9207
9208
9209
9210
9211
9215
9218
9218
9224
9227
9228
9234
9237
9237
9239
9242
9242
9243
9246
9249
9252
9255
9258
9259
9267
9276
9282
9282
9282
9283
9283
9287
9288
9289
9290
9291
9293
9294
9295
9296
9296
9297
9298
9299
9303
9304
9306
9312
9315
9319
9323
9324
9326
9327
9331
9332
9338
9342
9344
9345
9346
9347
9350
9350
9355
9355
9356
9356
9356
9356
9357
9361
9366
9368
9369
9370
9373
9376
9381
9385
9387
9390
9390
9391
9393
9393
9393
9394
9395
9395
9396
9401
9404
9405
9406
9410
9413
9415
9417
9417
9423
9424
9428
9433
9434
9439
9440
9441
9441
9441
9442
9443
9445
9447
9448
9454
9455
9459
9462
9463
9463
9464
9471
9471
9471
9475
9481
9482
9483
9486
9488
9488
9489
9489
9491
9491
9491
9493
9494
9496
9502
9504
9507
9507
9508
9512
9514
9515
9516
9519
9520
9521
9523
9528
9528
9531
9537
9542
9543
9546
9546
9548
9554
9555
9556
9559
9561
9564
9566
9566
9574
9577
9578
9582
9584
9586
9590
9594
9596
9596
9598
9599
9599
9604
9608
9611
9613
9615
9619
9620
9620
9623
9626
9626
9626
9631
9632
9633
9633
9638
9638
9639
9639
9643
9643
9647
9649
9655
9659
9661
9662
9663
9663
9665
9668
9668
9669
9671
9673
9673
9675
9676
9676
9682
9684
9684
9687
9692
9692
9692
9694
9698
9701
9701
9701
9708
9710
9712
9716
9718
9719
9720
9721
9724
9724
9728
9728
9731
9731
9739
9740
9746
9749
9750
9751
9753
9754
9757
9757
9763
9763
9767
9767
9773
9775
9776
9776
9778
9780
9780
9781
9787
9791
9791
9791
9793
9794
9798
9802
9804
9806
9807
9811
9812
9813
9813
9816
9816
9817
9819
9821
9822
9823
9823
9824
9833
9839
9840
9840
9841
9841
9843
9844
9846
9847
9849
9851
9856
9857
9858
9859
9861
9861
9862
9865
9869
9872
9875
9876
9877
9882
9883
9885
9887
9888
9889
9891
9892
9893
9894
9895
9904
9909
9915
9915
9927
9927
9927
9930
9931
9933
9933
9939
9939
9941
9942
9943
9946
9949
9953
9954
9954
9956
9957
9959
9960
9962
9963
9969
9972
9973
9974
9978
9979
9980
9982
9986
9987
9987
9988
9993
9993
9994
9996
9997
9999
10000
10006
10007
10007
10010
10010
10010
10015
10016
10019
10020
10023
10029
10030
10034
10037
10039
10040
10041
10043
10044
10048
10050
10052
10052
10054
10058
10059
10062
10062
10064
10069
10070
10071
10071
10071
10072
10073
10078
10078
10080
10082
10085
10090
10092
10097
10097
10099
10102
10111
10112
10112
10115
10119
10121
10123
10124
10125
10125
10127
10130
10130
10132
10134
10136
10136
10137
10138
10145
10145
10146
10148
10149
10152
10153
10155
10156
10158
10161
10166
10168
10173
10174
10174
10178
10181
10188
10193
10198
10198
10200
10201
10204
10204
10205
10208
10212
10212
10213
10216
10216
10217
10222
10226
10227
10229
10230
10231
10232
10236
10236
10236
10240
10240
10241
10241
10242
10242
10247
10250
10252
10254
10255
10260
10263
10264
10268
10268
10272
10273
10275
10276
10276
10278
10280
10281
10282
10283
10284
10285
10288
10289
10290
10294
10294
10295
10295
10296
10297
10301
10302
10306
10307
10311
10315
10316
10318
10319
10324
10327
10327
10328
10328
10330
10330
10331
10332
10337
10338
10341
10341
10343
10343
10346
10349
10349
10352
10353
10354
10357
10362
10363
10363
10366
10367
10368
10370
10373
10373
10374
10377
10378
10379
10381
10381
10382
10383
10384
10390
10390
10391
10391
10392
10393
10395
10396
10398
10398
10400
10405
10408
10409
10409
10409
10413
10418
10419
10421
10421
10424
10424
10427
10430
10431
10432
10433
10436
10436
10436
10436
10442
10443
10444
10444
10447
10457
10461
10462
10464
10464
10465
10466
10473
10478
10483
10485
10488
10490
10491
10495
10499
10500
10501
10506
10507
10507
10511
10514
10515
10520
10523
10525
10526
10526
10529
10530
10531
10531
10532
10537
10543
10543
10544
10547
10547
10550
10554
10555
10556
10557
10559
10560
10560
10564
10566
10572
10573
10575
10575
10575
10576
10577
10578
10578
10580
10587
10587
10589
10589
10589
10591
10592
10596
10597
10598
10599
10599
10604
10605
10606
10609
10612
10614
10622
10622
10626
10626
10627
10629
10632
10633
10637
10639
10640
10643
10646
10647
10648
10649
10650
10654
10657
10658
10658
10660
10661
10663
10665
10668
10669
10670
10670
10671
10672
10678
10682
10684
10687
10687
10690
10691
10695
10697
10701
10705
10706
10715
10717
10719
10719
10720
10725
10725
10730
10730
10733
10735
10737
10738
10739
10744
10746
10746
10748
10749
10750
10751
10752
10754
10755
10758
10758
10760
10763
10763
10766
10768
10768
10769
10770
10771
10775
10776
10777
10778
10780
10780
10783
10786
10786
10792
10793
10798
10800
10804
10805
10811
10811
10812
10814
10814
10817
10819
10820
10821
10824
10825
10827
10830
10831
10834
10838
10840
10843
10843
10846
10846
10848
10850
10850
10854
10855
10862
10863
10863
10863
10863
10864
10865
10867
10868
10869
10872
10880
10882
10883
10884
10885
10886
10886
10888
10890
10893
10894
10898
10899
10902
10903
10905
10905
10912
10913
10914
10915
10916
10922
10923
10924
10927
10929
10930
10931
10932
10934
10937
10937
10940
10942
10948
10948
10949
10949
10951
10953
10953
10955
10961
10964
10965
10965
10966
10967
10970
10972
10978
10980
10982
10989
10993
11000
11001
11002
11003
11004
11006
11007
11009
11019
11020
11024
11025
11026
11027
11035
11037
11038
11040
11041
11042
11044
11045
11046
11047
11050
11050
11050
11053
11053
11053
11055
11059
11060
11062
11068
11069
11070
11072
11075
11077
11080
11083
11087
11088
11090
11093
11093
11095
11097
11099
11100
11101
11103
11104
11105
11105
11106
11108
11108
11109
11111
11112
11113
11119
11120
11120
11122
11124
11125
11129
11129
11133
11134
11144
11154
11156
11157
11159
11162
11163
11164
11164
11164
11165
11167
11169
11169
11175
11177
11177
11178
11181
11181
11182
11190
11191
11194
11195
11199
11201
11201
11208
11209
11209
11212
11214
11218
11219
11220
11223
11223
11235
11237
11237
11240
11241
11243
11253
11254
11256
11256
11256
11256
11257
11257
11259
11260
11262
11266
11266
11268
11269
11271
11281
11281
11285
11287
11288
11292
11293
11301
11303
11304
11305
11308
11309
11310
11310
11310
11317
11319
11320
11320
11321
11324
11331
11331
11332
11332
11338
11342
11345
11354
11355
11357
11360
11360
11361
11365
11371
11372
11372
11383
11383
11384
11385
11387
11389
11392
11393
11394
11397
11400
11402
11406
11408
11409
11410
11412
11413
11414
11414
11417
11419
11419
11420
11421
11422
11423
11427
11430
11433
11434
11436
11440
11441
11441
11441
11445
11447
11451
11455
11457
11459
11466
11466
11470
11471
11471
11472
11472
11473
11476
11485
11486
11487
11490
11491
11491
11492
11492
11492
11494
11495
11497
11498
11500
11501
11503
11505
11506
11506
11506
11506
11513
11520
11520
11521
11521
11522
11523
11526
11527
11528
11530
11531
11532
11537
11537
11541
11543
11550
11550
11551
11552
11553
11555
11556
11556
11557
11557
11561
11562
11564
11564
11565
11567
11572
11572
11573
11574
11575
11575
11576
11579
11580
11581
11583
11584
11588
11591
11593
11603
11605
11608
11609
11616
11617
11620
11621
11622
11622
11633
11635
11635
11636
11638
11642
11645
11649
11649
11652
11653
11654
11655
11655
11657
11658
11669
11670
11672
11674
11674
11677
11681
11682
11684
11685
11685
11687
11688
11689
11690
11690
11692
11694
11695
11696
11698
11699
11701
11701
11702
11703
11703
11705
11707
11710
11710
11712
11713
11713
11716
11717
11717
11720
11720
11721
11721
11722
11723
11723
11723
11725
11725
11726
11727
11732
11733
11733
11734
11736
11736
11737
11738
11739
11739
11741
11744
11748
11749
11751
11751
11753
11754
11756
11758
11759
11762
11765
11766
11767
11768
11768
11769
11770
11771
11771
11772
11775
11779
11779
11779
11783
11790
11790
11791
11791
11798
11799
11803
11804
11811
11813
11822
11823
11826
11832
11832
11835
11836
11836
11836
11839
11840
11842
11842
11844
11844
11848
11848
11849
11852
11852
11852
11853
11857
11858
11859
11859
11860
11861
11863
11866
11869
11872
11875
11876
11878
11881
11882
11884
11886
11887
11890
11892
11896
11897
11901
11902
11906
11908
11908
11916
11917
11918
11921
11921
11921
11924
11930
11936
11937
11937
11938
11941
11944
11950
11952
11952
11954
11955
11959
11960
11960
11961
11962
11963
11968
11969
11969
11972
11974
11983
11986
11988
11989
11990
11993
11994
11997
11998
11999
12001
12009
12010
12012
12012
12015
12018
12021
12022
12023
12028
12031
12031
12034
12035
12036
12038
12038
12042
12043
12046
12046
12047
12053
12053
12055
12055
12058
12059
12063
12065
12066
12068
12068
12068
12068
12073
12077
12079
12080
12082
12083
12084
12092
12094
12096
12097
12098
12099
12101
12101
12102
12102
12102
12107
12108
12115
12115
12119
12120
12121
12124
12125
12127
12130
12130
12131
12137
12139
12141
12143
12145
12147
12148
12148
12148
12150
12151
12152
12157
12158
12159
12163
12165
12168
12169
12172
12178
12178
12180
12180
12184
12185
12186
12194
12195
12195
12195
12195
12199
12201
12201
12203
12209
12211
12215
12218
12218
12220
12221
12221
12222
12222
12223
12225
12225
12228
12229
12231
12231
12232
12234
12236
12236
12239
12242
12247
12248
12251
12251
12256
12257
12257
12264
12269
12271
12272
12279
12280
12280
12280
12281
12283
12283
12287
12287
12288
12293
12296
12296
12304
12308
12314
12315
12315
12316
12317
12318
12319
12320
12322
12322
12322
12323
12323
12324
12335
12339
12350
12360
12361
12364
12364
12365
12365
12367
12372
12373
12376
12377
12381
12384
12389
12399
12399
12401
12402
12402
12404
12405
12406
12407
12409
12410
12414
12415
12415
12420
12425
12426
12428
12430
12436
12438
12439
12442
12444
12448
12449
12449
12453
12454
12455
12456
12457
12459
12461
12467
12467
12469
12472
12473
12475
12476
12478
12479
12480
12480
12485
12485
12490
12492
12494
12495
12495
12496
12501
12501
12507
12507
12508
12509
12509
12512
12515
12515
12515
12515
12515
12516
12527
12530
12530
12531
12531
12532
12532
12534
12539
12539
12541
12549
12550
12551
12555
12555
12559
12561
12561
12562
12563
12565
12577
12577
12579
12579
12583
12587
12588
12588
12592
12592
12593
12594
12594
12596
12597
12604
12604
12605
12606
12607
12607
12609
12611
12614
12615
12615
12620
12623
12625
12628
12630
12631
12631
12641
12643
12643
12646
12650
12651
12651
12652
12661
12662
12662
12664
12666
12666
12668
12669
12678
12680
12682
12683
12685
12687
12694
12698
12701
12702
12704
12704
12705
12705
12708
12708
12709
12711
12711
12712
12713
12714
12718
12718
12718
12719
12721
12727
12727
12729
12731
12733
12733
12734
12734
12735
12736
12740
12741
12742
12742
12742
12745
12747
12748
12749
12749
12754
12755
12755
12757
12758
12758
12760
12760
12763
12764
12765
12767
12768
12768
12769
12770
12771
12773
12775
12776
12777
12779
12779
12782
12784
12787
12787
12788
12789
12796
12799
12799
12799
12800
12802
12802
12811
12812
12813
12815
12820
12823
12824
12824
12825
12833
12836
12837
12838
12839
12840
12841
12843
12843
12844
12845
12847
12847
12849
12849
12849
12850
12850
12851
12852
12852
12852
12854
12854
12855
12855
12859
12860
12862
12864
12865
12866
12867
12868
12868
12868
12870
12871
12873
12875
12878
12880
12881
12881
12882
12891
12892
12894
12895
12895
12897
12898
12901
12901
12907
12907
12908
12908
12909
12909
12909
12909
12910
12911
12912
12916
12921
12926
12927
12928
12931
12932
12933
12933
12933
12935
12938
12938
12939
12940
12941
12943
12944
12944
12948
12950
12959
12959
12960
12963
12966
12967
12969
12969
12970
12974
12975
12978
12979
12980
12982
12985
12985
12986
12991
12996
12997
12999
13002
13007
13014
13017
13019
13024
13025
13025
13029
13029
13030
13031
13032
13035
13036
13038
13038
13039
13043
13044
13052
13053
13055
13055
13060
13060
13064
13064
13069
13070
13072
13073
13074
13074
13077
13078
13080
13083
13084
13085
13085
13087
13088
13089
13089
13091
13094
13095
13102
13104
13105
13107
13108
13109
13109
13111
13115
13119
13122
13123
13125
13127
13127
13130
13133
13136
13139
13140
13141
13141
13143
13144
13144
13146
13147
13147
13148
13149
13152
13152
13153
13156
13156
13164
13164
13165
13167
13170
13175
13175
13176
13184
13187
13190
13193
13194
13195
13198
13199
13204
13206
13209
13217
13219
13220
13221
13222
13225
13225
13226
13230
13233
13234
13235
13237
13238
13241
13242
13242
13243
13244
13253
13253
13253
13254
13254
13254
13260
13261
13265
13266
13272
13273
13275
13275
13276
13277
13277
13278
13282
13284
13286
13288
13288
13289
13290
13290
13291
13292
13293
13293
13294
13294
13294
13295
13295
13297
13298
13300
13301
13301
13308
13310
13312
13322
13324
13324
13325
13326
13329
13331
13332
13332
13333
13336
13337
13338
13339
13344
13345
13345
13345
13346
13348
13350
13353
13356
13361
13362
13363
13365
13369
13369
13371
13376
13380
13381
13383
13386
13387
13392
13392
13392
13393
13393
13394
13397
13398
13401
13402
13407
13407
13407
13409
13414
13414
13415
13415
13416
13419
13421
13421
13421
13422
13427
13429
13433
13434
13435
13435
13437
13438
13438
13438
13441
13447
13452
13454
13454
13459
13460
13465
13468
13469
13470
13475
13481
13482
13485
13485
13490
13498
13502
13505
13505
13512
13519
13519
13523
13524
13525
13526
13529
13530
13533
13533
13535
13538
13538
13539
13540
13540
13544
13544
13554
13554
13555
13555
13557
13560
13565
13566
13568
13569
13570
13574
13574
13580
13581
13586
13587
13590
13590
13592
13593
13594
13594
13597
13600
13601
13603
13604
13606
13608
13613
13617
13622
13623
13624
13625
13626
13632
13633
13634
13641
13643
13645
13645
13648
13649
13650
13651
13654
13656
13656
13656
13658
13667
13668
13672
13680
13682
13683
13686
13686
13686
13691
13693
13694
13695
13697
13700
13702
13706
13707
13710
13712
13712
13712
13715
13716
13718
13721
13721
13722
13722
13726
13726
13727
13727
13728
13737
13741
13746
13751
13752
13754
13754
13755
13757
13759
13760
13761
13762
13763
13764
13765
13765
13766
13768
13768
13769
13770
13778
13779
13779
13779
13781
13781
13783
13785
13785
13796
13798
13799
13799
13804
13804
13804
13813
13813
13815
13815
13819
13820
13823
13828
13830
13833
13833
13834
13836
13839
13840
13842
13843
13844
13844
13845
13846
13849
13852
13857
13859
13863
13869
13870
13872
13874
13879
13879
13882
13886
13886
13891
13892
13893
13898
13899
13899
13907
13908
13910
13911
13911
13916
13918
13918
13922
13928
13934
13934
13937
13937
13938
13939
13941
13942
13943
13943
13943
13944
13951
13952
13953
13953
13955
13957
13959
13963
13965
13967
13968
13968
13969
13973
13974
13978
13981
13987
13989
13990
13992
13995
13995
13997
13998
13998
14002
14002
14003
14004
14004
14004
14007
14008
14009
14009
14013
14013
14016
14019
14019
14020
14020
14023
14024
14027
14031
14032
14036
14036
14038
14040
14042
14044
14045
14051
14053
14054
14057
14063
14064
14066
14066
14067
14072
14074
14075
14078
14078
14079
14083
14085
14091
14094
14098
14101
14107
14113
14116
14116
14118
14121
14122
14124
14128
14128
14128
14129
14130
14134
14135
14137
14137
14138
14140
14140
14142
14143
14144
14146
14148
14149
14149
14150
14150
14152
14154
14155
14155
14158
14159
14159
14160
14160
14162
14162
14163
14164
14164
14168
14173
14178
14180
14183
14183
14187
14187
14190
14192
14194
14197
14198
14204
14205
14206
14206
14210
14212
14213
14214
14217
14217
14218
14218
14220
14222
14225
14226
14228
14228
14228
14232
14235
14235
14236
14243
14247
14247
14250
14255
14255
14256
14258
14258
14259
14260
14264
14267
14269
14274
14276
14276
14278
14279
14279
14280
14281
14284
14286
14289
14290
14291
14292
14293
14295
14297
14300
14300
14300
14302
14304
14304
14304
14308
14308
14309
14309
14310
14313
14314
14316
14317
14318
14321
14322
14325
14328
14328
14331
14336
14336
14340
14340
14341
14342
14350
14352
14352
14355
14361
14362
14363
14364
14365
14366
14370
14373
14374
14377
14380
14381
14381
14382
14382
14383
14388
14388
14389
14389
14390
14390
14391
14396
14400
14401
14408
14411
14415
14416
14416
14417
14418
14421
14424
14430
14431
14432
14440
14441
14443
14446
14447
14458
14458
14459
14461
14462
14463
14466
14467
14468
14473
14473
14478
14482
14482
14483
14486
14488
14490
14494
14498
14499
14499
14500
14504
14504
14506
14507
14508
14510
14512
14514
14514
14515
14518
14520
14522
14525
14527
14534
14534
14535
14539
14539
14542
14544
14553
14553
14554
14555
14560
14561
14563
14564
14566
14566
14569
14570
14570
14571
14572
14572
14574
14580
14580
14585
14586
14587
14588
14591
14594
14594
14604
14605
14609
14610
14612
14616
14619
14621
14623
14625
14626
14629
14629
14631
14632
14634
14641
14642
14645
14649
14650
14653
14654
14655
14656
14658
14668
14668
14668
14669
14671
14673
14675
14676
14677
14684
14687
14687
14689
14689
14690
14692
14695
14696
14697
14697
14698
14699
14702
14703
14703
14707
14709
14710
14713
14715
14715
14717
14717
14718
14725
14725
14726
14730
14730
14733
14735
14736
14741
14745
14747
14747
14749
14752
14753
14755
14755
14761
14766
14767
14769
14769
14769
14770
14770
14773
14775
14777
14779
14779
14780
14785
14790
14792
14792
14792
14795
14797
14801
14807
14816
14817
14819
14820
14821
14821
14821
14822
14823
14824
14824
14828
14829
14830
14831
14831
14832
14833
14834
14834
14835
14836
14836
14837
14839
14840
14841
14843
14846
14846
14846
14847
14847
14849
14850
14851
14851
14854
14854
14855
14858
14858
14863
14867
14868
14872
14872
14874
14875
14877
14878
14879
14880
14881
14888
14888
14895
14900
14907
14909
14910
14910
14912
14913
14913
14915
14915
14921
14924
14925
14926
14930
14930
14930
14933
14935
14937
14939
14939
14954
14956
14956
14956
14956
14959
14960
14961
14965
14966
14966
14968
14969
14969
14972
14973
14973
14974
14975
14975
14976
14976
14976
14980
14983
14986
14986
14987
14989
14990
14991
14992
14993
14993
14994
14995
14996
14997
14997
14998
14998
14998
15000
15004
15009
15009
15016
15016
15018
15020
15021
15021
15023
15024
15027
15030
15031
15032
15033
15034
15036
15036
15037
15041
15042
15045
15047
15048
15049
15049
15051
15051
15056
15056
15059
15060
15061
15061
15063
15063
15064
15064
15065
15067
15068
15073
15077
15078
15088
15091
15091
15093
15094
15098
15098
15099
15099
15100
15105
15107
15107
15111
15112
15114
15116
15117
15117
15118
15120
15126
15126
15133
15135
15138
15146
15149
15153
15153
15164
15165
15166
15168
15169
15173
15173
15174
15174
15176
15180
15190
15190
15193
15195
15198
15199
15202
15205
15205
15206
15208
15212
15212
15213
15217
15220
15220
15221
15225
15228
15230
15230
15234
15236
15237
15238
15238
15238
15250
15251
15252
15264
15264
15266
15268
15269
15269
15275
15278
15287
15288
15288
15292
15292
15293
15295
15303
15304
15307
15316
15321
15322
15324
15324
15325
15326
15326
15326
15327
15331
15332
15334
15334
15334
15335
15335
15341
15342
15344
15346
15346
15347
15347
15348
15348
15351
15353
15353
15354
15357
15358
15361
15366
15367
15373
15374
15376
15382
15384
15385
15387
15388
15388
15390
15394
15394
15398
15399
15400
15402
15402
15406
15407
15408
15416
15417
15424
15427
15428
15430
15431
15432
15436
15438
15441
15442
15446
15446
15448
15449
15449
15451
15454
15454
15456
15459
15459
15460
15463
15465
15465
15465
15466
15467
15468
15473
15478
15479
15480
15483
15484
15485
15486
15487
15487
15489
15490
15491
15494
15495
15496
15497
15498
15500
15506
15507
15507
15508
15508
15510
15514
15523
15526
15528
15530
15531
15532
15534
15538
15539
15542
15547
15548
15548
15551
15553
15556
15557
15561
15564
15566
15569
15571
15572
15573
15577
15581
15587
15589
15590
15591
15592
15592
15592
15594
15596
15602
15602
15604
15605
15606
15612
15614
15616
15617
15617
15618
15620
15621
15622
15623
15627
15629
15633
15634
15635
15635
15639
15641
15641
15646
15651
15651
15651
15652
15655
15656
15656
15656
15657
15659
15664
15664
15665
15666
15667
15668
15668
15669
15670
15672
15679
15679
15680
15682
15685
15686
15688
15688
15689
15692
15695
15700
15704
15704
15708
15710
15711
15713
15713
15716
15718
15718
15719
15720
15720
15721
15723
15732
15735
15735
15736
15737
15739
15739
15739
15739
15741
15746
15747
15747
15750
15750
15752
15753
15755
15756
15756
15760
15768
15769
15769
15770
15775
15776
15776
15777
15779
15779
15783
15783
15784
15786
15788
15788
15790
15790
15796
15803
15808
15809
15814
15814
15815
15816
15817
15818
15824
15829
15831
15837
15842
15844
15846
15846
15848
15850
15851
15852
15853
15853
15853
15854
15855
15856
15857
15874
15875
15891
15895
15898
15898
15898
15907
15909
15909
15909
15910
15911
15912
15912
15914
15914
15915
15918
15919
15919
15920
15921
15921
15924
15928
15929
15930
15931
15931
15935
15938
15938
15939
15944
15945
15948
15949
15950
15951
15951
15952
15952
15954
15957
15959
15959
15959
15960
15960
15963
15964
15965
15965
15967
15968
15970
15970
15972
15974
15981
15981
15983
15984
15985
15992
15993
15993
15995
15998
15999
arquivo ordenado pelo algoritmo bubblesort tempo da ordenação = 514.801 milisegundos

