18
55
56
74
91
95
109
116
182
191
194
227
311
323
382
391
446
473
478
486
487
526
533
537
540
549
585
586
587
610
612
613
633
650
685
719
725
757
763
835
839
861
883
947
958
964
1000
1012
1058
1063
1070
1089
1094
1100
1120
1131
1132
1140
1146
1153
1166
1177
1183
1190
1205
1207
1219
1238
1320
1347
1353
1357
1358
1369
1387
1405
1428
1451
1460
1467
1494
1497
1503
1515
1519
1538
1555
1565
1589
1603
1644
1669
1676
1679
1683
1700
1700
1700
1727
1745
1755
1755
1759
1764
1786
1812
1813
1817
1820
1828
1914
1917
1927
1979
1991
1995
2011
2063
2064
2114
2123
2138
2142
2149
2150
2190
2196
2206
2216
2218
2235
2264
2286
2290
2303
2388
2408
2446
2546
2555
2581
2602
2619
2639
2660
2664
2667
2671
2717
2718
2739
2816
2818
2849
2865
2878
2884
2916
2945
2951
2958
2959
2980
2993
3003
3017
3022
3070
3083
3088
3101
3103
3111
3115
3136
3154
3154
3191
3192
3193
3226
3235
3244
3245
3260
3275
3300
3316
3321
3344
3378
3382
3385
3385
3389
3397
3424
3433
3455
3494
3508
3529
3541
3584
3603
3618
3622
3625
3647
3672
3677
3700
3749
3763
3771
3778
3834
3872
3878
3884
3891
3895
3903
3940
3971
3975
3979
3982
3986
4023
4075
4091
4149
4177
4202
4211
4212
4267
4272
4296
4300
4319
4330
4341
4399
4404
4404
4415
4467
4471
4480
4484
4487
4504
4510
4539
4554
4566
4567
4582
4585
4586
4589
4592
4595
4623
4647
4649
4657
4660
4672
4680
4681
4682
4683
4696
4699
4717
4721
4723
4727
4746
4758
4762
4770
4780
4782
4800
4800
4819
4837
4849
4850
4865
4922
4965
4977
4983
4989
4994
5004
5008
5022
5094
5094
5106
5109
5115
5124
5142
5143
5153
5153
5155
5185
5185
5189
5192
5202
5205
5213
5216
5236
5243
5246
5255
5271
5294
5297
5307
5354
5356
5399
5403
5409
5431
5461
5465
5468
5497
5506
5532
5538
5557
5563
5576
5589
5616
5644
5655
5665
5669
5687
5721
5749
5791
5792
5792
5797
5806
5810
5820
5849
5851
5888
5894
5907
5933
5937
5991
6010
6034
6055
6062
6069
6070
6076
6085
6095
6111
6120
6128
6149
6189
6222
6227
6245
6254
6310
6319
6331
6337
6365
6381
6392
6394
6417
6426
6428
6456
6467
6509
6523
6525
6559
6560
6590
6596
6604
6656
6673
6692
6698
6704
6720
6728
6753
6773
6775
6789
6799
6799
6799
6799
6800
6806
6826
6845
6853
6865
6902
6908
6909
6916
6936
6941
6944
6959
7004
7008
7013
7046
7058
7074
7078
7088
7092
7096
7112
7145
7157
7177
7183
7186
7189
7195
7222
7226
7241
7257
7291
7301
7307
7325
7332
7332
7336
7361
7364
7381
7415
7423
7445
7458
7459
7485
7510
7518
7531
7546
7558
7574
7590
7593
7597
7631
7631
7633
7634
7645
7710
7715
7722
7752
7812
7815
7838
7856
7872
7873
7877
7882
7884
7918
7972
7981
7989
7996
8010
8051
8060
8066
8077
8093
8127
8134
8145
8145
8155
8168
8168
8169
8192
8204
8207
8220
8221
8242
8246
8258
8262
8263
8298
8375
8381
8414
8426
8469
8474
8481
8499
8505
8558
8579
8583
8584
8614
8621
8624
8627
8662
8685
8699
8735
8737
8737
8757
8774
8777
8791
8829
8830
8837
8837
8843
8856
8862
8868
8876
8896
8918
8957
8966
8978
9019
9059
9085
9127
9187
9223
9225
9227
9247
9295
9305
9315
9339
9364
9365
9426
9442
9446
9459
9496
9524
9533
9534
9537
9559
9559
9568
9586
9606
9642
9666
9675
9683
9688
9726
9752
9763
9777
9783
9789
9802
9822
9835
9837
9857
9870
9878
9886
9889
9907
9914
9938
9940
9946
9979
9991
9994
10009
10032
10048
10050
10056
10060
10061
10066
10089
10118
10118
10157
10159
10165
10172
10201
10215
10261
10268
10269
10276
10279
10300
10317
10317
10328
10328
10330
10358
10381
10387
10409
10414
10427
10429
10431
10435
10438
10450
10455
10471
10509
10523
10537
10541
10545
10551
10557
10564
10564
10590
10591
10641
10646
10649
10667
10669
10684
10704
10707
10724
10726
10728
10766
10768
10814
10863
10868
10872
10886
10896
10954
10956
10969
10972
11005
11037
11038
11041
11041
11051
11054
11131
11134
11190
11201
11204
11216
11241
11253
11260
11265
11276
11280
11281
11286
11287
11315
11316
11349
11351
11354
11366
11389
11402
11408
11419
11455
11493
11518
11526
11556
11566
11583
11591
11593
11609
11630
11637
11638
11660
11681
11709
11731
11732
11735
11745
11760
11764
11789
11816
11840
11869
11884
11909
11975
11978
11988
12003
12053
12072
12081
12087
12101
12121
12129
12146
12160
12169
12189
12213
12228
12255
12270
12287
12294
12305
12305
12315
12317
12336
12365
12400
12429
12440
12442
12444
12451
12463
12464
12474
12480
12483
12496
12585
12594
12604
12617
12619
12620
12630
12632
12675
12689
12701
12707
12711
12734
12777
12803
12824
12827
12829
12843
12872
12888
12914
12918
12921
12932
12944
12949
12957
12975
13012
13022
13022
13051
13079
13080
13091
13110
13145
13148
13149
13156
13168
13184
13200
13215
13268
13279
13295
13317
13348
13361
13366
13388
13394
13407
13445
13449
13465
13482
13486
13489
13497
13508
13509
13510
13510
13533
13533
13583
13673
13677
13701
13723
13727
13730
13734
13740
13746
13760
13773
13786
13818
13827
13831
13832
13871
13987
14003
14011
14036
14053
14058
14067
14073
14073
14078
14101
14121
14124
14128
14179
14194
14210
14218
14223
14230
14258
14282
14298
14304
14347
14353
14371
14380
14380
14393
14437
14447
14451
14461
14462
14469
14496
14513
14546
14604
14645
14661
14673
14697
14721
14768
14779
14799
14810
14813
14825
14828
14829
14847
14860
14872
14883
14896
14918
14931
14997
14999
15016
15018
15026
15042
15046
15122
15153
15166
15191
15215
15224
15236
15241
15264
15278
15279
15282
15296
15303
15329
15329
15330
15379
15394
15412
15450
15507
15533
15548
15548
15578
15626
15640
15703
15742
15811
15828
15845
15885
15904
15905
15907
15939
15974
15978
15978
arquivo ordenado pelo algoritmo bubblesort tempo da ordenação = 0 milisegundos

