2
4
4
5
8
8
8
10
11
13
14
14
15
15
18
18
19
19
21
21
23
24
24
25
26
27
29
30
32
32
32
34
35
36
36
37
38
39
41
41
43
44
44
46
48
49
49
50
51
51
54
54
55
56
58
58
58
60
61
62
63
64
65
65
66
67
70
71
71
71
74
75
75
75
76
79
79
79
80
82
82
83
85
86
86
88
89
91
91
93
93
95
95
95
97
97
100
101
101
102
103
105
106
107
107
108
109
111
111
113
113
114
115
117
117
118
118
120
120
122
123
124
124
127
127
128
129
129
130
133
133
134
135
137
138
138
138
140
141
143
143
144
144
147
147
147
148
149
152
152
153
153
156
156
157
158
159
159
161
162
164
164
165
165
167
167
169
170
170
173
173
174
176
177
177
178
179
180
182
183
183
183
185
187
187
188
189
189
191
191
193
194
196
196
198
199
199
200
202
202
204
204
206
206
207
208
209
209
211
212
212
215
215
215
217
219
219
220
220
221
222
223
224
226
227
228
228
231
232
232
233
234
235
235
236
238
240
240
242
242
243
243
244
246
247
248
249
250
251
253
254
254
256
256
257
258
259
260
262
262
264
264
265
265
266
267
269
270
271
272
273
274
275
276
277
279
279
280
281
281
283
284
286
286
287
287
288
291
291
293
293
293
294
296
297
299
299
301
302
302
304
305
306
307
308
308
309
310
310
311
312
313
314
316
316
319
319
320
321
322
323
324
326
326
328
328
329
330
332
332
333
335
335
336
337
338
338
340
341
341
342
344
344
346
346
348
349
349
352
353
353
355
355
356
358
359
359
361
362
363
363
364
365
366
368
368
369
369
371
372
374
374
375
375
376
377
380
380
381
382
383
384
386
387
387
389
390
390
392
392
393
394
394
396
396
398
400
400
400
402
402
404
405
406
406
409
409
410
411
411
414
415
415
417
418
419
419
420
421
422
423
425
425
426
426
427
428
430
431
433
434
434
434
435
437
438
439
440
440
441
442
444
445
446
448
449
450
450
451
453
453
454
455
455
457
459
459
460
460
462
463
464
465
465
468
469
469
470
471
471
474
474
476
476
477
478
478
481
481
482
483
484
485
486
486
487
489
490
492
492
493
494
495
495
498
498
499
499
500
502
503
503
505
506
506
507
509
510
511
513
513
514
515
515
518
519
519
520
521
523
523
524
524
526
527
527
529
530
530
532
532
534
536
536
538
538
540
540
541
541
542
544
545
546
547
548
548
550
550
551
553
554
555
556
557
558
558
560
561
561
563
565
566
566
567
568
570
570
571
572
574
574
574
576
577
579
580
581
582
583
583
584
585
586
587
587
590
591
591
591
593
594
595
597
597
597
599
599
601
602
602
603
604
606
607
607
608
609
612
612
613
614
615
615
617
618
619
620
621
621
622
624
624
627
627
628
629
629
630
632
633
634
634
636
637
638
638
640
641
642
642
643
646
647
647
648
649
650
650
652
653
655
655
655
656
659
660
661
662
662
662
664
665
666
666
668
669
669
671
672
673
673
675
675
677
678
679
679
680
681
682
685
685
686
687
687
688
690
691
691
694
694
696
696
697
697
700
701
701
702
703
704
705
706
708
709
709
710
711
712
713
714
715
717
717
718
720
720
721
722
723
725
725
726
727
728
729
731
732
732
733
733
734
737
738
738
739
740
741
741
743
744
746
746
747
748
748
751
751
751
753
754
754
755
757
758
759
761
762
763
763
764
765
767
767
768
769
770
772
772
773
773
774
776
777
778
780
781
781
782
782
783
784
785
786
789
789
790
791
791
793
794
794
796
797
797
800
801
801
803
804
805
805
807
807
808
808
811
811
812
813
814
815
816
816
818
820
821
822
822
823
823
824
825
827
828
828
830
831
832
834
835
835
835
837
838
839
841
841
843
843
844
845
846
846
847
850
851
851
852
854
855
855
855
857
858
859
861
861
862
863
864
865
865
867
869
870
870
872
872
873
873
874
875
877
877
879
880
882
883
884
884
884
886
887
889
889
890
891
892
893
894
894
896
896
899
900
900
901
902
903
904
905
906
907
907
909
911
911
912
913
914
915
916
916
918
919
919
921
922
923
925
925
926
927
928
929
930
932
933
934
934
936
936
937
938
939
939
941
943
943
945
945
946
947
949
949
950
951
952
954
954
955
956
957
958
959
960
961
962
962
963
965
965
968
968
969
970
971
972
972
975
976
976
977
977
978
981
982
983
983
984
984
986
988
988
988
991
991
992
992
994
995
996
997
999
1000
1000
1001
1002
1003
1003
1005
1006
1008
1009
1009
1009
1010
1011
1013
1013
1015
1016
1016
1017
1019
1020
1022
1022
1022
1025
1025
1026
1026
1028
1028
1030
1031
1032
1033
1035
1035
1036
1037
1039
1040
1040
1041
1042
1043
1044
1044
1047
1047
1047
1048
1049
1050
1052
1052
1054
1055
1056
1057
1058
1058
1060
1062
1062
1063
1064
1066
1067
1067
1067
1068
1070
1071
1072
1072
1075
1075
1075
1077
1077
1079
1080
1081
1082
1084
1085
1085
1086
1087
1088
1090
1091
1092
1092
1092
1095
1096
1097
1097
1099
1100
1100
1102
1102
1102
1103
1104
1105
1106
1109
1109
1110
1111
1111
1113
1114
1115
1116
1117
1117
1120
1120
1120
1121
1123
1124
1124
1126
1127
1127
1128
1131
1131
1132
1133
1135
1135
1136
1136
1138
1139
1140
1141
1141
1142
1143
1146
1146
1146
1149
1150
1151
1152
1152
1153
1154
1155
1155
1157
1159
1160
1160
1160
1162
1164
1164
1165
1166
1168
1168
1169
1170
1171
1173
1173
1174
1175
1176
1178
1178
1178
1181
1181
1183
1183
1183
1184
1185
1186
1187
1189
1189
1192
1192
1192
1195
1196
1196
1197
1198
1199
1201
1201
1202
1204
1204
1206
1206
1207
1209
1209
1210
1210
1212
1213
1213
1215
1216
1216
1217
1218
1219
1220
1223
1223
1224
1226
1227
1227
1227
1228
1230
1230
1233
1233
1235
1236
1237
1238
1239
1240
1240
1242
1242
1243
1243
1246
1246
1246
1247
1248
1249
1250
1252
1254
1255
1255
1256
1257
1258
1258
1259
1260
1263
1264
1264
1265
1267
1267
1268
1268
1269
1270
1272
1272
1274
1275
1276
1276
1278
1278
1279
1280
1281
1283
1284
1285
1285
1286
1287
1289
1289
1291
1291
1294
1295
1295
1296
1297
1299
1300
1300
1301
1302
1302
1304
1304
1306
1306
1308
1309
1309
1310
1311
1313
1315
1316
1316
1317
1317
1320
1320
1320
1321
1322
1324
1325
1325
1328
1329
1330
1330
1331
1331
1334
1334
1334
1335
1337
1337
1339
1339
1342
1342
1342
1343
1344
1347
1347
1347
1349
1350
1350
1352
1354
1354
1356
1356
1357
1357
1358
1359
1362
1362
1363
1364
1366
1367
1367
1368
1369
1371
1372
1372
1372
1374
1375
1375
1376
1379
1380
1381
1381
1382
1384
1384
1384
1386
1387
1388
1388
1390
1390
1392
1393
1394
1395
1396
1397
1397
1399
1401
1401
1402
1402
1403
1406
1406
1406
1407
1408
1409
1410
1411
1412
1414
1415
1417
1417
1418
1418
1420
1421
1423
1423
1424
1426
1426
1428
1428
1429
1431
1431
1432
1432
1434
1436
1436
1437
1438
1439
1441
1442
1443
1443
1444
1445
1446
1448
1449
1450
1450
1452
1453
1454
1454
1455
1455
1456
1459
1460
1461
1461
1462
1463
1464
1464
1465
1466
1467
1468
1470
1472
1472
1473
1475
1475
1475
1478
1478
1478
1480
1481
1482
1483
1484
1484
1486
1487
1487
1488
1490
1491
1493
1493
1494
1494
1495
1498
1498
1499
1501
1501
1503
1503
1503
1504
1505
1506
1507
1510
1510
1510
1512
1513
1514
1515
1517
1517
1518
1519
1520
1521
1523
1524
1525
1525
1527
1527
1527
1528
1529
1532
1532
1534
1534
1535
1536
1536
1537
1540
1541
1541
1541
1543
1543
1544
1546
1548
1548
1549
1550
1551
1551
1552
1555
1555
1556
1557
1558
1558
1560
1561
1562
1563
1564
1566
1566
1566
1568
1570
1570
1570
1571
1573
1574
1576
1576
1577
1577
1578
1579
1581
1581
1582
1583
1585
1586
1587
1588
1590
1591
1592
1593
1593
1593
1594
1595
1597
1598
1599
1599
1601
1602
1603
1603
1604
1606
1607
1608
1610
1611
1611
1612
1614
1614
1615
1617
1617
1617
1618
1619
1620
1622
1623
1624
1625
1626
1627
1628
1628
1630
1631
1631
1633
1633
1635
1636
1637
1638
1639
1640
1641
1642
1642
1643
1645
1645
1648
1648
1650
1650
1650
1652
1653
1653
1654
1656
1657
1659
1660
1660
1660
1661
1663
1663
1664
1666
1667
1667
1668
1670
1671
1673
1673
1674
1676
1676
1677
1677
1680
1680
1680
1683
1683
1684
1686
1686
1687
1688
1690
1690
1691
1692
1694
1694
1695
1696
1697
1699
1699
1700
1701
1701
1703
1704
1705
1707
1707
1707
1708
1709
1711
1712
1712
1715
1715
1716
1716
1717
1719
1720
1722
1722
1723
1725
1726
1726
1727
1728
1728
1730
1730
1732
1733
1734
1735
1736
1738
1738
1738
1740
1741
1742
1742
1745
1745
1746
1746
1748
1749
1749
1750
1751
1752
1754
1755
1755
1756
1758
1759
1759
1761
1762
1764
1764
1764
1766
1766
1769
1769
1770
1770
1772
1773
1775
1776
1776
1777
1779
1779
1779
1780
1782
1784
1784
1785
1785
1786
1789
1789
1790
1791
1793
1793
1794
1794
1795
1796
1799
1799
1799
1801
1802
1804
1804
1805
1806
1807
1809
1809
1810
1810
1812
1812
1814
1814
1815
1818
1818
1819
1820
1821
1821
1823
1825
1826
1826
1827
1828
1829
1829
1831
1831
1833
1834
1835
1836
1837
1837
1839
1840
1840
1843
1843
1844
1845
1845
1848
1848
1848
1851
1852
1853
1853
1854
1855
1857
1857
1857
1859
1860
1862
1862
1864
1865
1865
1865
1867
1868
1869
1870
1871
1872
1873
1874
1875
1877
1878
1879
1879
1880
1881
1883
1883
1884
1884
1885
1886
1888
1889
1891
1891
1892
1893
1895
1896
1896
1896
1899
1899
1900
1901
1902
1903
1904
1904
1906
1907
1907
1908
1910
1910
1912
1913
1914
1914
1917
1917
1917
1920
1920
1922
1922
1924
1924
1925
1927
1928
1929
1929
1930
1931
1932
1933
1934
1936
1936
1936
1937
1938
1940
1941
1943
1944
1944
1946
1947
1947
1948
1949
1950
1951
1951
1954
1955
1956
1956
1957
1957
1959
1959
1960
1961
1963
1964
1966
1966
1967
1969
1969
1970
1972
1972
1972
1974
1976
1976
1978
1979
1979
1979
1982
1982
1982
1985
1986
1986
1986
1989
1990
1990
1991
1992
1993
1993
1994
1997
1997
1998
1999
1999
2000
2003
2004
2004
2006
2006
2008
2008
2008
2011
2011
2013
2013
2015
2015
2017
2017
2018
2019
2019
2021
2022
2024
2024
2026
2027
2027
2028
2029
2030
2030
2032
2033
2033
2035
2035
2037
2037
2040
2040
2042
2042
2043
2044
2045
2046
2048
2049
2049
2050
2051
2052
2053
2054
2056
2056
2056
2058
2059
2060
2060
2061
2062
2065
2065
2065
2067
2068
2069
2070
2071
2071
2073
2074
2075
2076
2078
2078
2079
2080
2081
2081
2083
2084
2085
2085
2086
2089
2089
2091
2092
2093
2093
2095
2095
2096
2098
2098
2099
2100
2102
2102
2102
2104
2105
2106
2108
2108
2108
2109
2110
2111
2113
2114
2115
2116
2118
2118
2118
2119
2120
2123
2123
2125
2126
2126
2127
2127
2129
2129
2131
2131
2133
2135
2135
2136
2138
2138
2138
2141
2141
2142
2143
2143
2145
2146
2146
2147
2148
2150
2151
2152
2154
2154
2156
2156
2156
2159
2159
2160
2161
2161
2163
2164
2164
2167
2167
2168
2169
2170
2170
2171
2173
2175
2176
2176
2178
2178
2179
2180
2181
2181
2183
2183
2184
2187
2187
2188
2188
2189
2191
2192
2192
2194
2195
2195
2197
2198
2199
2200
2201
2202
2203
2204
2205
2205
2207
2208
2208
2210
2210
2213
2214
2214
2215
2215
2217
2217
2219
2221
2222
2222
2222
2223
2224
2226
2226
2227
2229
2230
2230
2231
2232
2235
2236
2236
2237
2238
2239
2240
2240
2241
2242
2244
2244
2245
2247
2249
2249
2249
2251
2252
2252
2254
2255
2256
2257
2257
2260
2261
2261
2262
2262
2263
2265
2265
2266
2269
2269
2270
2272
2272
2273
2275
2275
2275
2277
2278
2278
2279
2281
2283
2283
2283
2286
2287
2288
2289
2290
2290
2291
2293
2294
2294
2295
2296
2296
2298
2299
2300
2300
2302
2303
2305
2305
2306
2307
2308
2309
2310
2311
2312
2312
2314
2314
2315
2318
2318
2320
2321
2322
2322
2323
2324
2325
2326
2327
2328
2329
2329
2332
2332
2332
2333
2336
2336
2337
2338
2338
2339
2340
2343
2343
2345
2346
2346
2348
2349
2349
2350
2352
2352
2353
2354
2354
2356
2356
2358
2358
2361
2361
2362
2363
2364
2364
2365
2368
2369
2369
2369
2371
2372
2372
2374
2376
2376
2378
2378
2380
2380
2381
2382
2382
2384
2384
2386
2387
2387
2390
2390
2391
2392
2393
2393
2395
2396
2398
2398
2400
2401
2401
2402
2403
2404
2405
2406
2408
2408
2409
2411
2412
2413
2413
2413
2416
2417
2418
2418
2420
2421
2421
2421
2422
2425
2425
2425
2427
2428
2430
2430
2430
2431
2433
2433
2436
2437
2438
2438
2439
2439
2441
2441
2443
2444
2445
2446
2446
2449
2449
2451
2451
2452
2452
2453
2454
2457
2458
2458
2459
2460
2461
2462
2463
2465
2466
2466
2467
2469
2469
2470
2471
2473
2473
2474
2474
2476
2478
2478
2478
2479
2480
2481
2482
2483
2485
2486
2487
2488
2490
2491
2491
2492
2492
2494
2494
2495
2497
2497
2498
2499
2500
2502
2503
2503
2504
2506
2507
2508
2509
2510
2511
2513
2513
2513
2515
2516
2516
2518
2519
2520
2521
2522
2522
2525
2526
2526
2527
2528
2530
2530
2530
2531
2533
2535
2536
2536
2536
2537
2539
2540
2540
2542
2544
2545
2545
2546
2547
2548
2549
2549
2550
2552
2553
2554
2555
2556
2557
2558
2558
2560
2561
2562
2562
2563
2565
2565
2566
2568
2569
2570
2571
2572
2573
2574
2575
2576
2577
2578
2579
2580
2581
2583
2583
2584
2585
2587
2588
2589
2589
2591
2591
2593
2594
2594
2596
2596
2596
2598
2599
2599
2601
2602
2603
2604
2605
2606
2606
2607
2609
2610
2611
2611
2613
2614
2614
2617
2617
2617
2620
2620
2621
2622
2624
2624
2624
2625
2627
2628
2630
2630
2630
2631
2634
2634
2635
2636
2638
2639
2639
2640
2641
2643
2643
2644
2646
2647
2648
2648
2649
2651
2651
2652
2654
2655
2655
2655
2657
2658
2658
2660
2661
2661
2663
2664
2665
2667
2667
2669
2670
2670
2670
2672
2673
2674
2675
2675
2678
2678
2679
2680
2682
2682
2682
2685
2686
2687
2688
2688
2689
2690
2690
2691
2693
2694
2696
2696
2697
2699
2699
2701
2701
2702
2703
2705
2705
2706
2707
2709
2710
2711
2711
2711
2714
2715
2715
2716
2716
2717
2718
2720
2720
2722
2722
2724
2725
2725
2727
2728
2730
2731
2732
2733
2733
2734
2736
2736
2737
2738
2738
2739
2742
2743
2743
2744
2745
2746
2748
2749
2750
2750
2751
2752
2752
2753
2755
2757
2757
2758
2758
2759
2760
2761
2764
2765
2766
2766
2766
2767
2769
2770
2771
2772
2772
2773
2775
2776
2777
2779
2779
2780
2781
2783
2783
2784
2784
2785
2787
2789
2790
2790
2791
2791
2792
2794
2795
2796
2797
2798
2799
2799
2800
2802
2803
2804
2804
2805
2807
2807
2809
2810
2811
2811
2812
2814
2816
2816
2817
2818
2820
2820
2820
2822
2823
2824
2825
2826
2826
2829
2830
2830
2830
2831
2832
2833
2834
2835
2837
2838
2839
2841
2842
2842
2843
2844
2845
2845
2847
2848
2848
2849
2850
2852
2852
2855
2855
2857
2857
2858
2860
2860
2861
2862
2862
2863
2865
2867
2868
2869
2869
2870
2871
2872
2873
2875
2875
2877
2877
2878
2878
2879
2880
2882
2882
2883
2884
2886
2886
2888
2889
2889
2891
2891
2892
2893
2894
2896
2896
2897
2898
2899
2902
2902
2904
2904
2905
2906
2907
2908
2909
2911
2911
2912
2914
2915
2916
2916
2917
2918
2919
2921
2922
2922
2922
2925
2925
2927
2927
2928
2928
2930
2932
2932
2933
2934
2935
2936
2937
2938
2939
2940
2941
2942
2944
2944
2945
2945
2946
2947
2950
2950
2952
2953
2954
2955
2956
2956
2958
2958
2959
2960
2960
2961
2962
2963
2966
2967
2968
2969
2969
2970
2972
2972
2974
2975
2976
2976
2977
2979
2979
2981
2981
2981
2982
2983
2986
2986
2986
2987
2988
2989
2991
2992
2993
2994
2995
2995
2997
2998
2998
3001
3001
3003
3004
3005
3005
3005
3007
3008
3009
3009
3011
3012
3014
3014
3014
3016
3017
3019
3019
3020
3021
3022
3023
3024
3024
3027
3028
3029
3029
3030
3030
3032
3033
3034
3034
3035
3037
3038
3038
3040
3041
3041
3043
3043
3044
3046
3048
3049
3050
3050
3052
3053
3053
3054
3054
3056
3058
3059
3059
3059
3062
3062
3062
3065
3065
3066
3067
3067
3068
3070
3071
3072
3073
3074
3076
3076
3077
3078
3079
3080
3081
3083
3083
3085
3085
3085
3087
3088
3088
3089
3090
3093
3094
3094
3095
3096
3097
3099
3100
3101
3101
3102
3102
3104
3105
3106
3107
3107
3109
3110
3112
3112
3112
3113
3115
3116
3116
3118
3119
3119
3120
3122
3122
3124
3125
3126
3127
3129
3130
3130
3131
3131
3132
3134
3134
3136
3137
3137
3139
3139
3142
3142
3143
3144
3145
3147
3148
3149
3150
3150
3152
3153
3154
3154
3156
3156
3158
3158
3159
3160
3160
3162
3163
3165
3166
3167
3167
3167
3168
3171
3171
3171
3173
3174
3174
3176
3177
3177
3178
3181
3181
3182
3183
3184
3186
3187
3187
3187
3189
3190
3190
3192
3194
3194
3196
3196
3197
3199
3199
3199
3201
3201
3202
3203
3205
3207
3208
3208
3209
3209
3210
3213
3213
3215
3215
3215
3217
3218
3219
3220
3221
3222
3223
3223
3224
3225
3226
3227
3230
3230
3230
3231
3233
3233
3235
3236
3237
3239
3239
3239
3241
3243
3243
3243
3244
3246
3247
3248
3249
3250
3252
3253
3253
3254
3255
3256
3256
3259
3259
3261
3261
3261
3262
3265
3265
3267
3268
3268
3268
3270
3271
3272
3273
3274
3275
3276
3276
3277
3279
3281
3281
3282
3283
3284
3284
3285
3286
3287
3290
3290
3291
3293
3293
3294
3294
3295
3297
3298
3299
3301
3301
3301
3303
3304
3304
3306
3307
3308
3310
3311
3312
3313
3314
3315
3316
3316
3316
3319
3319
3319
3321
3323
3324
3324
3326
3326
3327
3329
3329
3330
3330
3332
3333
3333
3336
3336
3337
3339
3339
3340
3341
3343
3343
3345
3345
3345
3346
3348
3349
3350
3351
3351
3352
3354
3355
3357
3358
3359
3360
3360
3361
3363
3364
3365
3365
3367
3367
3368
3370
3370
3371
3372
3373
3374
3376
3377
3378
3379
3379
3379
3381
3381
3383
3384
3384
3385
3386
3389
3390
3391
3392
3392
3392
3393
3394
3395
3397
3398
3400
3400
3400
3402
3403
3403
3406
3407
3407
3408
3409
3409
3410
3412
3412
3415
3416
3416
3417
3418
3418
3420
3420
3422
3423
3425
3425
3426
3426
3427
3429
3431
3431
3433
3434
3434
3435
3436
3437
3437
3438
3440
3442
3442
3443
3443
3445
3446
3448
3449
3450
3450
3451
3452
3453
3454
3454
3456
3456
3458
3459
3461
3461
3462
3462
3464
3466
3466
3467
3468
3468
3470
3471
3472
3473
3473
3474
3476
3477
3479
3479
3480
3480
3481
3482
3485
3486
3486
3487
3488
3488
3489
3490
3492
3492
3493
3495
3495
3497
3497
3499
3499
3500
3502
3502
3504
3506
3506
3507
3509
3509
3510
3510
3511
3513
3514
3516
3516
3517
3518
3519
3521
3521
3522
3523
3523
3525
3526
3527
3529
3530
3530
3531
3533
3534
3535
3535
3537
3537
3538
3539
3539
3540
3542
3543
3544
3545
3547
3547
3547
3550
3550
3551
3552
3553
3553
3555
3556
3557
3558
3560
3561
3561
3562
3564
3565
3566
3566
3566
3568
3569
3570
3570
3572
3573
3573
3574
3576
3576
3578
3579
3580
3581
3582
3583
3584
3586
3587
3587
3588
3589
3591
3592
3592
3593
3594
3595
3596
3597
3598
3599
3600
3600
3601
3603
3605
3606
3606
3606
3607
3609
3609
3611
3611
3613
3614
3614
3616
3616
3618
3619
3620
3620
3621
3622
3623
3624
3625
3627
3629
3629
3630
3631
3632
3632
3635
3635
3637
3638
3638
3639
3640
3640
3642
3642
3644
3645
3646
3648
3648
3649
3649
3651
3652
3652
3653
3655
3655
3657
3657
3658
3659
3661
3663
3663
3663
3666
3666
3666
3667
3670
3671
3671
3673
3673
3674
3675
3677
3678
3678
3678
3679
3680
3682
3682
3684
3685
3686
3686
3688
3689
3689
3690
3691
3693
3694
3695
3696
3697
3698
3699
3699
3701
3703
3704
3704
3705
3706
3707
3709
3709
3710
3711
3712
3714
3715
3715
3717
3718
3718
3719
3720
3722
3723
3723
3724
3725
3725
3728
3728
3729
3730
3731
3731
3732
3735
3736
3737
3737
3737
3738
3741
3741
3742
3744
3745
3746
3746
3747
3748
3749
3750
3751
3752
3752
3753
3755
3755
3757
3758
3759
3760
3761
3762
3762
3763
3764
3765
3767
3768
3769
3769
3772
3772
3773
3774
3774
3776
3777
3777
3780
3780
3780
3782
3784
3785
3785
3786
3786
3788
3789
3790
3791
3791
3794
3795
3795
3796
3798
3798
3799
3800
3800
3802
3803
3804
3805
3807
3807
3807
3810
3811
3812
3812
3813
3814
3816
3816
3817
3818
3819
3819
3822
3822
3823
3824
3824
3825
3826
3827
3830
3830
3831
3832
3833
3835
3836
3836
3836
3838
3838
3839
3842
3842
3844
3844
3844
3845
3846
3848
3849
3851
3852
3853
3853
3855
3856
3857
3858
3858
3860
3861
3861
3862
3864
3864
3865
3865
3867
3868
3869
3870
3871
3872
3872
3873
3874
3875
3876
3877
3878
3879
3881
3881
3884
3884
3886
3886
3886
3887
3890
3890
3892
3893
3894
3895
3896
3897
3898
3898
3899
3899
3901
3902
3903
3904
3904
3906
3907
3908
3909
3910
3911
3912
3913
3914
3915
3916
3916
3918
3919
3921
3921
3921
3924
3925
3926
3927
3927
3928
3930
3930
3931
3933
3934
3934
3935
3936
3937
3938
3938
3941
3942
3942
3943
3944
3944
3946
3947
3947
3949
3950
3950
3952
3952
3954
3955
3955
3956
3958
3958
3959
3962
3962
3963
3963
3964
3965
3967
3968
3969
3971
3971
3972
3974
3974
3975
3977
3977
3978
3979
3980
3982
3982
3982
3985
3985
3985
3988
3989
3990
3990
3992
3992
3993
3994
3995
3995
3998
3998
4000
4001
4001
4002
4004
4005
4005
4005
4008
4008
4008
4010
4011
4012
4012
4015
4015
4016
4017
4018
4018
4019
4021
4022
4024
4024
4024
4026
4027
4027
4030
4030
4030
4033
4034
4034
4036
4036
4036
4038
4039
4040
4040
4042
4043
4044
4045
4046
4047
4048
4050
4050
4051
4052
4053
4055
4055
4056
4057
4058
4058
4060
4061
4061
4064
4064
4065
4065
4068
4068
4069
4070
4071
4071
4072
4075
4075
4076
4076
4079
4080
4081
4081
4082
4083
4083
4085
4086
4088
4088
4088
4090
4092
4093
4094
4094
4096
4096
4098
4098
4099
4100
4101
4102
4103
4103
4104
4106
4107
4108
4109
4110
4111
4112
4113
4114
4115
4116
4117
4118
4119
4119
4121
4122
4122
4125
4125
4127
4127
4128
4129
4130
4131
4132
4132
4134
4136
4136
4136
4138
4140
4141
4141
4142
4143
4144
4144
4146
4147
4148
4149
4149
4152
4153
4153
4154
4154
4157
4157
4158
4158
4160
4161
4161
4162
4164
4164
4165
4167
4168
4170
4171
4171
4171
4174
4175
4176
4177
4177
4178
4179
4181
4182
4182
4183
4184
4185
4187
4187
4188
4189
4191
4192
4192
4194
4194
4195
4197
4197
4198
4200
4200
4201
4202
4202
4203
4204
4206
4207
4208
4209
4210
4211
4211
4212
4214
4216
4217
4217
4219
4219
4220
4221
4222
4222
4223
4226
4227
4228
4229
4229
4229
4231
4231
4233
4233
4236
4237
4237
4238
4239
4241
4242
4243
4243
4243
4246
4247
4248
4248
4250
4250
4250
4252
4253
4253
4255
4256
4256
4259
4259
4261
4261
4263
4263
4264
4265
4266
4266
4267
4270
4271
4271
4272
4272
4273
4275
4276
4277
4278
4278
4280
4281
4283
4284
4285
4285
4287
4287
4288
4288
4289
4291
4292
4293
4293
4294
4296
4296
4298
4299
4300
4301
4302
4302
4304
4305
4306
4307
4307
4309
4310
4312
4312
4313
4314
4314
4315
4316
4318
4320
4320
4320
4323
4324
4324
4325
4326
4327
4328
4329
4330
4330
4332
4333
4335
4335
4336
4337
4339
4340
4340
4340
4342
4343
4344
4345
4347
4347
4349
4350
4350
4350
4352
4354
4354
4356
4356
4357
4358
4359
4360
4360
4363
4363
4363
4366
4366
4367
4369
4369
4369
4371
4372
4372
4373
4376
4377
4378
4379
4379
4379
4381
4383
4384
4385
4385
4385
4388
4389
4389
4391
4392
4392
4393
4394
4395
4397
4398
4398
4399
4399
4400
4401
4403
4404
4404
4406
4407
4408
4410
4410
4410
4412
4413
4414
4415
4416
4417
4418
4418
4421
4422
4422
4423
4424
4425
4426
4427
4428
4429
4429
4431
4433
4433
4433
4435
4437
4437
4438
4439
4439
4440
4442
4442
4445
4446
4446
4446
4447
4449
4450
4451
4452
4452
4453
4454
4457
4457
4458
4459
4460
4461
4463
4463
4465
4465
4467
4467
4468
4470
4470
4471
4472
4472
4474
4475
4476
4477
4478
4479
4479
4481
4481
4482
4484
4485
4486
4486
4488
4489
4490
4490
4492
4493
4493
4495
4497
4498
4498
4499
4500
4500
4502
4503
4504
4504
4506
4507
4507
4509
4510
4512
4512
4513
4515
4516
4517
4518
4518
4519
4520
4522
4522
4523
4524
4525
4527
4527
4529
4530
4530
4532
4533
4533
4535
4535
4536
4537
4538
4539
4540
4540
4542
4543
4544
4545
4546
4547
4547
4550
4550
4551
4551
4552
4554
4555
4556
4556
4559
4559
4560
4561
4562
4563
4564
4565
4567
4567
4568
4568
4571
4571
4572
4573
4575
4575
4576
4577
4577
4579
4580
4580
4582
4582
4585
4585
4586
4586
4589
4590
4591
4591
4593
4594
4594
4595
4597
4597
4598
4600
4600
4600
4603
4603
4604
4605
4606
4606
4608
4610
4611
4611
4611
4614
4614
4615
4617
4617
4618
4618
4620
4621
4623
4624
4625
4626
4627
4627
4628
4628
4631
4632
4632
4632
4635
4635
4637
4637
4637
4639
4640
4642
4643
4643
4644
4645
4645
4647
4649
4650
4650
4650
4651
4654
4654
4655
4657
4658
4659
4660
4660
4661
4661
4662
4664
4664
4665
4667
4668
4669
4670
4670
4671
4673
4673
4675
4676
4678
4679
4679
4681
4682
4682
4682
4684
4685
4685
4686
4687
4688
4690
4691
4693
4694
4694
4695
4695
4698
4698
4700
4700
4701
4702
4703
4703
4704
4706
4707
4708
4708
4709
4711
4712
4713
4715
4716
4717
4717
4717
4719
4719
4721
4722
4724
4725
4725
4726
4727
4728
4729
4731
4731
4733
4733
4735
4736
4736
4737
4738
4739
4740
4742
4742
4744
4744
4745
4746
4746
4747
4749
4749
4752
4753
4753
4754
4754
4756
4757
4757
4759
4759
4761
4762
4764
4764
4765
4766
4766
4769
4769
4770
4771
4772
4772
4773
4774
4777
4777
4778
4778
4780
4780
4781
4784
4785
4785
4786
4786
4788
4790
4791
4791
4793
4793
4794
4796
4796
4797
4797
4798
4799
4801
4802
4802
4803
4805
4807
4807
4807
4809
4811
4812
4812
4813
4814
4814
4817
4818
4818
4819
4820
4822
4823
4823
4824
4826
4827
4827
4827
4828
4831
4832
4832
4834
4834
4836
4837
4838
4839
4839
4839
4842
4842
4843
4845
4845
4846
4847
4848
4849
4851
4851
4851
4852
4854
4855
4856
4857
4858
4860
4861
4861
4862
4864
4864
4865
4867
4867
4869
4870
4871
4871
4872
4872
4874
4876
4876
4877
4877
4879
4880
4881
4881
4882
4884
4886
4886
4887
4887
4890
4890
4892
4892
4893
4894
4895
4895
4896
4898
4898
4900
4901
4901
4903
4903
4905
4906
4908
4909
4909
4911
4911
4912
4913
4915
4915
4916
4917
4917
4919
4919
4922
4923
4923
4924
4925
4926
4928
4928
4930
4930
4931
4932
4933
4934
4935
4936
4937
4937
4940
4940
4942
4942
4943
4943
4944
4946
4947
4948
4948
4950
4951
4952
4952
4953
4954
4957
4957
4959
4959
4960
4960
4961
4964
4965
4965
4966
4967
4967
4970
4970
4971
4972
4973
4974
4974
4976
4976
4977
4980
4980
4981
4981
4983
4984
4984
4986
4987
4988
4989
4989
4990
4992
4994
4994
4994
4997
4997
4999
4999
4999
5000
5003
5003
5005
5005
5005
5008
5008
5009
5009
5012
5013
5014
5014
5014
5016
5016
5017
5019
5021
5022
5023
5023
5024
5024
5026
5026
5027
5029
5031
5031
5032
5032
5033
5036
5036
5038
5038
5040
5040
5041
5042
5043
5044
5045
5047
5047
5048
5049
5050
5052
5053
5053
5054
5056
5056
5057
5057
5059
5059
5062
5062
5062
5064
5065
5066
5066
5068
5070
5070
5070
5073
5074
5075
5076
5077
5077
5079
5079
5080
5080
5081
5084
5084
5085
5086
5087
5088
5089
5090
5091
5091
5092
5094
5094
5096
5098
5099
5099
5101
5102
5102
5102
5104
5104
5106
5107
5109
5109
5110
5111
5111
5113
5114
5116
5116
5116
5119
5119
5120
5121
5122
5123
5124
5125
5126
5126
5129
5129
5130
5131
5131
5133
5134
5134
5137
5137
5138
5139
5140
5141
5142
5143
5143
5145
5146
5147
5148
5149
5150
5150
5151
5153
5154
5154
5157
5157
5158
5160
5160
5160
5163
5164
5164
5164
5165
5167
5168
5169
5170
5171
5171
5173
5175
5175
5176
5177
5177
5180
5180
5181
5182
5184
5184
5184
5187
5188
5189
5189
5191
5192
5192
5194
5195
5195
5196
5197
5199
5200
5200
5201
5203
5204
5205
5205
5206
5208
5208
5209
5209
5211
5211
5213
5213
5215
5215
5216
5217
5218
5221
5221
5222
5224
5224
5225
5226
5227
5227
5230
5230
5230
5231
5232
5234
5235
5236
5237
5238
5238
5240
5241
5242
5243
5244
5244
5246
5248
5248
5248
5249
5252
5252
5252
5255
5255
5256
5258
5258
5258
5259
5260
5262
5263
5263
5265
5266
5266
5269
5269
5270
5271
5271
5274
5275
5275
5276
5277
5277
5279
5280
5282
5283
5283
5283
5286
5286
5288
5288
5289
5290
5292
5293
5293
5293
5296
5297
5297
5299
5300
5300
5300
5302
5304
5304
5305
5307
5308
5308
5308
5310
5312
5313
5313
5314
5314
5315
5317
5318
5319
5320
5320
5322
5322
5324
5325
5326
5326
5329
5329
5330
5330
5331
5332
5335
5336
5336
5337
5338
5339
5339
5341
5342
5343
5344
5345
5345
5346
5348
5349
5349
5350
5351
5353
5355
5355
5357
5357
5358
5358
5360
5360
5362
5362
5365
5366
5366
5367
5368
5369
5370
5372
5372
5372
5373
5376
5377
5378
5379
5380
5380
5381
5382
5384
5384
5385
5387
5387
5389
5389
5391
5391
5392
5393
5394
5394
5396
5397
5398
5398
5399
5401
5403
5404
5404
5404
5406
5407
5407
5408
5411
5411
5412
5414
5415
5416
5416
5416
5418
5419
5419
5420
5422
5423
5424
5426
5426
5427
5427
5429
5430
5430
5431
5433
5433
5435
5435
5437
5437
5438
5441
5442
5442
5443
5443
5445
5445
5446
5449
5449
5450
5451
5452
5454
5454
5455
5455
5457
5458
5459
5460
5462
5463
5463
5464
5465
5467
5468
5468
5469
5469
5471
5472
5472
5475
5476
5477
5478
5479
5480
5481
5481
5481
5482
5483
5486
5486
5486
5487
5490
5490
5490
5492
5492
5494
5495
5497
5498
5498
5498
5499
5500
5503
5503
5504
5504
5507
5508
5509
5509
5510
5511
5512
5513
5514
5515
5516
5517
5519
5520
5520
5521
5522
5523
5523
5526
5527
5528
5528
5529
5530
5531
5532
5533
5534
5535
5535
5536
5537
5538
5540
5541
5543
5543
5544
5545
5546
5547
5547
5549
5549
5551
5553
5553
5555
5555
5555
5557
5558
5558
5561
5561
5562
5563
5563
5565
5567
5568
5568
5570
5571
5572
5573
5573
5574
5575
5577
5578
5579
5579
5580
5582
5582
5583
5583
5585
5587
5587
5588
5589
5590
5591
5591
5593
5594
5595
5595
5597
5598
5599
5599
5600
5601
5603
5605
5606
5606
5607
5608
5608
5610
5610
5612
5613
5614
5614
5616
5616
5617
5619
5620
5622
5623
5624
5624
5624
5626
5627
5629
5630
5630
5631
5632
5632
5634
5634
5636
5637
5638
5639
5641
5642
5642
5643
5644
5645
5647
5647
5649
5650
5650
5651
5652
5653
5654
5654
5655
5657
5657
5658
5660
5660
5663
5664
5664
5665
5666
5666
5669
5669
5669
5671
5673
5673
5674
5674
5675
5678
5679
5679
5680
5682
5682
5683
5683
5686
5686
5687
5687
5690
5690
5690
5692
5693
5693
5695
5695
5697
5698
5698
5700
5701
5701
5704
5704
5705
5706
5707
5707
5710
5710
5712
5712
5713
5714
5714
5716
5718
5719
5719
5720
5721
5721
5722
5724
5725
5726
5727
5728
5729
5731
5732
5733
5733
5734
5735
5736
5737
5738
5739
5740
5741
5742
5743
5745
5745
5745
5746
5747
5748
5750
5751
5751
5753
5755
5755
5755
5758
5758
5758
5760
5761
5762
5763
5764
5765
5766
5766
5767
5769
5770
5771
5771
5773
5773
5775
5776
5778
5778
5779
5780
5782
5783
5783
5784
5784
5786
5788
5789
5789
5790
5791
5792
5793
5794
5795
5795
5797
5798
5800
5800
5802
5802
5803
5803
5805
5806
5807
5809
5809
5810
5811
5811
5813
5814
5815
5815
5816
5817
5818
5821
5821
5822
5822
5823
5824
5827
5827
5827
5829
5830
5831
5832
5833
5835
5835
5836
5838
5838
5839
5839
5840
5841
5843
5844
5845
5846
5847
5848
5848
5851
5852
5852
5854
5855
5855
5856
5857
5858
5860
5860
5861
5861
5862
5865
5866
5867
5868
5869
5869
5871
5871
5872
5873
5873
5874
5876
5876
5879
5879
5880
5880
5882
5883
5885
5885
5885
5888
5888
5888
5891
5891
5892
5892
5893
5895
5895
5896
5897
5898
5901
5901
5902
5902
5905
5906
5906
5908
5909
5910
5911
5912
5912
5913
5914
5915
5915
5917
5918
5919
5921
5921
5923
5923
5923
5926
5926
5928
5928
5929
5931
5931
5932
5932
5934
5935
5936
5936
5939
5939
5940
5942
5943
5943
5944
5944
5946
5947
5949
5949
5951
5951
5951
5953
5954
5955
5955
5956
5959
5960
5960
5961
5963
5963
5964
5964
5967
5967
5969
5970
5971
5972
5972
5972
5973
5975
5976
5978
5978
5979
5979
5982
5982
5984
5984
5985
5985
5987
5989
5989
5991
5991
5992
5993
5995
5995
5996
5996
5998
5998
5999
6001
6003
6003
6003
6006
6007
6007
6009
6010
6011
6012
6012
6014
6015
6016
6016
6018
6018
6018
6020
6021
6022
6024
6025
6026
6026
6027
6029
6029
6030
6032
6032
6033
6034
6034
6035
6036
6039
6040
6041
6041
6042
6044
6044
6045
6046
6046
6048
6049
6051
6051
6051
6053
6054
6055
6057
6057
6058
6058
6059
6060
6061
6062
6064
6065
6065
6067
6067
6070
6070
6070
6071
6072
6073
6075
6076
6077
6078
6078
6080
6081
6082
6083
6085
6085
6086
6087
6088
6089
6090
6090
6092
6092
6094
6095
6097
6097
6099
6099
6100
6101
6102
6103
6104
6104
6106
6106
6109
6110
6111
6112
6112
6113
6114
6115
6117
6118
6118
6119
6119
6121
6122
6124
6124
6124
6126
6128
6129
6129
6130
6131
6132
6133
6133
6136
6136
6138
6138
6139
6139
6141
6142
6142
6143
6146
6146
6147
6148
6149
6150
6151
6152
6153
6154
6155
6155
6157
6158
6158
6161
6161
6162
6164
6164
6165
6166
6167
6168
6169
6169
6171
6172
6173
6175
6175
6176
6177
6178
6178
6181
6182
6182
6183
6185
6185
6186
6188
6188
6189
6191
6192
6192
6193
6194
6195
6196
6198
6198
6198
6200
6200
6202
6204
6204
6204
6206
6207
6209
6209
6210
6210
6212
6213
6215
6216
6217
6217
6219
6219
6220
6221
6222
6222
6224
6225
6225
6227
6228
6228
6231
6231
6231
6233
6233
6235
6237
6238
6239
6239
6239
6240
6242
6243
6244
6245
6247
6247
6247
6249
6250
6251
6252
6253
6254
6254
6257
6257
6258
6260
6261
6261
6261
6263
6263
6265
6267
6267
6268
6269
6269
6271
6272
6273
6275
6275
6276
6277
6279
6279
6280
6280
6282
6282
6283
6285
6286
6287
6287
6289
6290
6290
6293
6294
6295
6296
6296
6297
6297
6298
6301
6302
6302
6302
6304
6305
6306
6307
6308
6308
6309
6311
6312
6313
6314
6316
6316
6316
6317
6320
6320
6321
6321
6322
6323
6325
6325
6327
6328
6329
6330
6331
6332
6333
6334
6335
6335
6338
6338
6339
6340
6342
6342
6343
6344
6345
6347
6347
6349
6349
6350
6350
6351
6353
6353
6355
6356
6357
6358
6359
6360
6361
6361
6362
6364
6365
6365
6366
6368
6368
6369
6370
6372
6372
6373
6374
6376
6377
6379
6379
6379
6382
6383
6383
6384
6385
6386
6387
6389
6390
6390
6390
6393
6393
6395
6395
6397
6398
6398
6399
6400
6401
6403
6403
6404
6405
6406
6406
6408
6409
6411
6411
6412
6412
6413
6416
6416
6417
6417
6419
6419
6421
6422
6422
6423
6426
6426
6428
6429
6429
6430
6432
6433
6434
6435
6436
6437
6438
6438
6438
6441
6442
6442
6442
6443
6446
6446
6447
6447
6448
6449
6451
6451
6452
6455
6455
6455
6457
6459
6460
6461
6462
6463
6463
6464
6465
6466
6468
6469
6469
6470
6471
6472
6473
6475
6476
6476
6477
6478
6479
6479
6482
6483
6484
6485
6486
6487
6488
6489
6489
6489
6490
6493
6494
6494
6495
6497
6497
6498
6499
6499
6501
6502
6504
6505
6505
6506
6506
6507
6510
6510
6510
6511
6514
6515
6515
6516
6517
6518
6519
6520
6520
6521
6524
6524
6525
6526
6526
6527
6530
6530
6530
6532
6534
6535
6535
6536
6538
6538
6540
6540
6541
6541
6542
6544
6545
6545
6547
6549
6549
6549
6551
6552
6552
6553
6555
6557
6557
6558
6559
6560
6561
6562
6564
6564
6564
6566
6567
6567
6569
6570
6570
6573
6573
6574
6576
6576
6577
6577
6578
6580
6581
6581
6584
6585
6585
6586
6587
6587
6590
6590
6590
6592
6593
6594
6594
6595
6597
6599
6599
6599
6601
6601
6602
6603
6605
6605
6607
6607
6608
6610
6610
6611
6613
6615
6615
6616
6618
6618
6619
6621
6621
6623
6623
6625
6625
6626
6626
6628
6629
6629
6632
6632
6633
6635
6635
6636
6637
6638
6639
6641
6641
6642
6643
6644
6646
6646
6646
6649
6649
6650
6651
6652
6653
6654
6654
6656
6657
6658
6659
6659
6661
6663
6664
6665
6665
6666
6668
6668
6668
6671
6671
6672
6673
6673
6674
6675
6678
6678
6679
6679
6681
6681
6684
6684
6685
6685
6687
6689
6689
6690
6690
6692
6693
6693
6695
6696
6697
6699
6699
6700
6701
6702
6702
6703
6705
6706
6708
6708
6708
6711
6711
6711
6714
6714
6715
6716
6718
6719
6719
6720
6720
6721
6722
6725
6725
6727
6727
6728
6729
6729
6730
6732
6732
6734
6734
6736
6737
6738
6739
6741
6742
6742
6743
6743
6746
6746
6748
6749
6750
6750
6751
6751
6753
6753
6755
6756
6757
6758
6759
6761
6761
6763
6764
6764
6766
6766
6766
6768
6770
6770
6770
6772
6774
6775
6775
6777
6777
6778
6778
6780
6780
6782
6784
6784
6785
6786
6788
6788
6790
6790
6791
6792
6794
6794
6795
6795
6797
6798
6799
6800
6802
6802
6804
6804
6805
6805
6807
6808
6810
6810
6812
6812
6812
6815
6815
6817
6818
6818
6819
6820
6821
6822
6824
6824
6826
6827
6827
6827
6829
6830
6831
6832
6833
6834
6834
6837
6837
6837
6838
6839
6840
6843
6843
6844
6844
6846
6847
6848
6849
6850
6852
6852
6853
6855
6856
6857
6858
6858
6859
6859
6862
6863
6863
6864
6866
6866
6867
6867
6869
6870
6870
6871
6873
6873
6876
6876
6877
6879
6879
6881
6882
6882
6883
6884
6884
6885
6886
6889
6890
6890
6891
6892
6892
6894
6895
6896
6897
6898
6900
6901
6901
6901
6902
6905
6906
6906
6907
6907
6910
6911
6912
6912
6913
6914
6916
6916
6916
6919
6919
6921
6921
6921
6923
6924
6924
6927
6927
6929
6929
6931
6931
6931
6932
6934
6936
6937
6938
6938
6939
6939
6941
6941
6943
6944
6945
6946
6946
6948
6949
6951
6951
6952
6953
6953
6956
6956
6957
6959
6959
6959
6961
6961
6963
6964
6964
6965
6967
6968
6969
6971
6971
6971
6972
6974
6975
6976
6977
6978
6980
6980
6981
6981
6984
6984
6986
6986
6986
6987
6989
6990
6991
6993
6993
6994
6995
6996
6998
6998
6998
6999
7001
7001
7003
7003
7005
7005
7007
7008
7010
7010
7011
7012
7013
7013
7015
7016
7017
7018
7018
7020
7021
7022
7023
7024
7025
7025
7028
7028
7029
7030
7032
7033
7033
7033
7035
7035
7037
7037
7040
7040
7041
7041
7043
7044
7044
7046
7047
7048
7049
7050
7052
7052
7053
7054
7054
7055
7056
7059
7060
7061
7061
7062
7063
7064
7066
7066
7066
7068
7070
7070
7071
7072
7072
7074
7074
7075
7076
7079
7079
7080
7080
7081
7082
7084
7084
7085
7087
7087
7088
7089
7091
7091
7093
7094
7095
7096
7097
7098
7100
7101
7101
7103
7103
7104
7105
7105
7107
7108
7110
7110
7111
7113
7114
7115
7116
7117
7117
7118
7120
7121
7121
7121
7122
7124
7125
7126
7127
7127
7128
7130
7131
7132
7133
7134
7136
7137
7137
7138
7139
7141
7141
7141
7143
7143
7146
7146
7148
7149
7150
7151
7151
7153
7153
7153
7154
7155
7157
7158
7160
7160
7161
7163
7163
7164
7164
7165
7166
7168
7169
7170
7170
7172
7172
7174
7175
7175
7178
7178
7179
7180
7181
7182
7184
7184
7185
7185
7187
7189
7189
7190
7190
7192
7193
7194
7196
7196
7197
7197
7199
7200
7200
7201
7203
7203
7205
7206
7208
7209
7209
7209
7210
7212
7213
7214
7215
7215
7218
7219
7220
7221
7221
7222
7223
7223
7226
7227
7227
7229
7230
7231
7231
7231
7232
7233
7234
7235
7237
7238
7239
7239
7241
7242
7243
7244
7245
7246
7247
7247
7248
7249
7250
7253
7254
7254
7255
7256
7258
7258
7260
7261
7261
7262
7264
7264
7265
7266
7266
7268
7268
7269
7270
7273
7273
7273
7275
7276
7277
7277
7279
7281
7281
7282
7283
7283
7285
7285
7286
7289
7289
7290
7292
7292
7293
7293
7294
7296
7296
7299
7299
7299
7300
7301
7302
7303
7306
7306
7307
7308
7309
7310
7312
7313
7313
7313
7314
7316
7317
7318
7319
7321
7321
7323
7323
7324
7325
7326
7327
7328
7329
7330
7331
7332
7332
7334
7335
7335
7337
7338
7338
7340
7341
7343
7344
7344
7345
7346
7348
7348
7348
7350
7351
7351
7353
7354
7355
7357
7358
7358
7359
7360
7360
7361
7362
7365
7366
7366
7368
7368
7369
7370
7371
7372
7372
7373
7375
7376
7377
7378
7379
7379
7382
7383
7383
7383
7385
7387
7387
7388
7390
7390
7391
7392
7392
7394
7396
7396
7397
7397
7400
7400
7401
7402
7403
7404
7406
7406
7407
7408
7409
7410
7411
7413
7413
7414
7414
7416
7417
7418
7418
7420
7421
7422
7423
7424
7424
7426
7427
7427
7430
7430
7430
7431
7433
7433
7434
7435
7437
7438
7440
7441
7442
7443
7443
7443
7444
7447
7447
7448
7450
7450
7450
7451
7452
7455
7455
7457
7457
7458
7458
7460
7461
7463
7463
7463
7465
7467
7467
7468
7470
7470
7471
7471
7473
7475
7475
7477
7477
7477
7478
7481
7481
7481
7483
7484
7485
7486
7487
7488
7489
7489
7491
7492
7493
7495
7495
7496
7497
7498
7499
7499
7500
7502
7504
7504
7505
7506
7507
7508
7509
7509
7510
7512
7512
7513
7514
7516
7517
7518
7518
7520
7522
7523
7523
7524
7525
7527
7528
7529
7529
7530
7531
7531
7533
7534
7535
7535
7538
7538
7539
7540
7540
7543
7543
7545
7545
7546
7547
7548
7549
7550
7551
7552
7552
7554
7555
7556
7557
7559
7559
7560
7561
7563
7564
7565
7566
7567
7567
7568
7569
7570
7570
7571
7573
7574
7576
7577
7577
7578
7578
7580
7580
7581
7583
7584
7585
7587
7587
7588
7589
7590
7592
7592
7592
7594
7595
7596
7597
7598
7599
7600
7601
7602
7603
7605
7606
7606
7607
7609
7609
7609
7611
7612
7613
7615
7616
7617
7617
7617
7619
7620
7620
7622
7623
7624
7625
7627
7627
7627
7629
7631
7632
7632
7633
7634
7635
7636
7637
7638
7638
7640
7641
7642
7643
7644
7645
7646
7647
7647
7650
7650
7650
7652
7653
7654
7656
7657
7658
7658
7659
7659
7660
7662
7663
7664
7665
7667
7668
7668
7668
7670
7672
7672
7672
7674
7675
7675
7677
7678
7679
7680
7681
7682
7684
7684
7685
7685
7687
7688
7690
7690
7691
7691
7693
7694
7694
7697
7697
7699
7699
7699
7700
7702
7703
7705
7705
7706
7707
7708
7709
7709
7710
7712
7714
7715
7715
7716
7716
7717
7720
7720
7720
7721
7724
7725
7725
7726
7727
7727
7729
7729
7732
7732
7733
7734
7734
7735
7738
7738
7739
7740
7740
7743
7744
7745
7745
7746
7746
7748
7749
7750
7751
7752
7752
7754
7754
7757
7757
7758
7759
7760
7761
7762
7763
7764
7765
7766
7767
7768
7768
7771
7771
7772
7773
7775
7775
7777
7777
7778
7778
7780
7781
7783
7783
7784
7785
7786
7788
7789
7789
7789
7791
7792
7793
7794
7795
7796
7797
7798
7799
7799
7800
7802
7803
7804
7805
7805
7807
7808
7810
7811
7811
7812
7812
7814
7815
7815
7817
7818
7820
7821
7821
7821
7824
7824
7825
7826
7827
7827
7828
7830
7831
7831
7832
7834
7835
7836
7838
7839
7839
7841
7841
7842
7843
7843
7846
7847
7848
7849
7850
7850
7852
7852
7853
7854
7855
7857
7857
7858
7858
7859
7861
7861
7863
7864
7865
7867
7867
7868
7869
7869
7871
7871
7873
7874
7874
7875
7878
7878
7879
7879
7880
7881
7883
7884
7884
7887
7887
7888
7889
7890
7890
7893
7894
7894
7895
7896
7897
7899
7899
7900
7901
7902
7904
7904
7906
7906
7906
7908
7908
7909
7911
7912
7912
7914
7914
7916
7916
7917
7918
7920
7921
7922
7923
7924
7924
7925
7927
7928
7929
7931
7931
7931
7933
7934
7935
7936
7936
7939
7939
7939
7940
7941
7942
7944
7945
7947
7947
7947
7949
7950
7951
7952
7953
7955
7955
7956
7956
7958
7959
7960
7961
7961
7964
7965
7965
7966
7967
7967
7969
7970
7972
7973
7973
7974
7974
7975
7976
7979
7979
7980
7980
7982
7982
7985
7985
7985
7987
7987
7989
7990
7992
7992
7992
7994
7995
7996
7997
7999
7999
8000
8001
8001
arquivo ordenado pelo algoritmo bubblesort tempo da ordenação = 624.001 milisegundos

