3
3
5
6
7
9
9
10
10
13
14
14
16
16
18
19
19
19
21
22
22
25
25
26
26
28
29
30
32
32
32
33
36
37
37
39
39
40
41
42
43
44
46
46
47
48
49
50
50
51
53
54
54
56
57
58
60
60
61
62
63
64
65
65
67
68
69
70
70
72
73
74
75
76
76
79
80
80
80
82
84
84
84
86
87
87
88
89
90
92
92
94
95
95
98
99
100
100
100
101
103
104
105
106
106
107
109
110
112
112
114
115
115
115
117
118
119
119
122
122
123
123
124
126
126
128
130
131
132
132
133
134
134
136
138
139
139
141
141
143
144
144
145
147
147
148
149
150
150
153
153
155
156
157
157
157
160
160
161
161
164
164
165
166
166
168
169
170
171
172
173
174
174
177
178
178
178
181
181
182
184
184
186
186
188
188
189
190
190
193
193
194
195
196
196
198
198
201
202
202
202
205
205
207
208
209
210
211
211
212
212
214
215
215
216
218
219
220
220
222
222
224
225
225
227
227
229
230
231
231
232
234
234
236
236
239
240
240
241
243
243
243
244
247
247
248
248
249
251
252
252
253
255
257
257
259
259
260
260
261
262
264
264
265
267
268
268
270
271
272
274
274
274
275
277
278
279
279
282
283
283
284
285
286
287
287
289
291
291
292
292
294
295
297
298
298
299
301
301
302
302
303
305
306
307
308
310
310
311
313
313
315
315
315
316
319
320
321
322
322
322
323
326
326
326
329
329
329
332
332
332
334
335
336
337
338
340
341
342
342
343
343
346
346
346
348
349
349
351
352
352
354
355
356
358
359
359
360
361
362
363
363
364
367
368
368
369
371
371
373
374
375
376
376
377
379
380
380
381
382
383
383
385
386
387
389
390
390
391
393
393
394
394
396
397
397
399
400
401
402
403
405
405
406
407
407
410
411
411
412
413
413
415
416
417
418
419
421
421
422
424
424
425
426
426
427
429
429
430
431
433
434
435
436
437
439
439
441
441
442
442
443
446
446
448
448
448
450
451
451
453
454
455
456
456
457
458
460
460
462
462
463
465
466
468
468
468
471
471
471
473
474
475
476
477
478
479
480
481
482
484
485
485
485
486
488
489
489
490
493
493
494
494
495
498
499
499
500
501
503
503
503
504
506
506
508
509
511
512
512
513
513
516
517
518
518
519
520
520
523
524
524
525
526
528
528
529
529
531
531
534
534
535
536
536
538
539
540
542
542
544
545
545
546
547
548
548
550
552
552
553
555
556
556
558
558
559
559
560
562
563
564
565
566
566
568
569
569
571
571
574
574
575
576
577
578
579
580
582
582
583
584
586
586
587
588
589
589
592
593
593
594
594
595
597
599
599
599
600
602
602
604
605
605
607
609
609
611
612
612
613
614
615
616
618
619
619
620
621
622
623
623
624
625
627
629
629
630
632
632
632
634
635
635
637
638
640
641
641
642
643
644
645
646
647
649
649
649
650
651
652
655
655
656
656
658
658
659
661
662
663
665
665
666
666
668
668
670
672
673
673
673
674
676
676
679
680
680
681
681
683
685
685
686
687
688
689
691
692
692
693
694
696
696
697
699
699
701
702
703
704
705
705
705
708
708
710
711
711
713
713
713
716
717
717
718
719
720
721
722
724
725
726
727
728
728
730
730
730
732
733
734
734
737
737
738
739
740
741
743
744
744
746
746
747
747
748
750
751
752
753
754
755
756
756
759
759
760
761
762
764
764
764
765
768
768
769
771
772
772
773
774
776
776
778
779
779
780
780
782
783
783
785
787
787
788
789
791
791
792
793
794
794
796
797
799
800
801
801
802
803
804
804
807
807
808
809
810
811
811
812
813
814
816
817
819
819
820
820
822
823
825
825
826
828
828
829
829
832
833
834
834
836
837
837
839
839
840
841
842
843
843
846
847
847
848
849
849
850
852
853
853
856
856
857
858
859
860
861
861
862
864
866
866
867
868
868
871
872
872
873
873
875
876
876
877
879
880
882
883
884
884
885
886
887
888
888
890
890
892
893
893
895
896
897
898
899
900
901
902
903
903
905
905
908
908
909
911
912
913
913
915
916
916
917
918
919
920
920
922
923
924
925
926
926
929
929
929
931
932
933
935
935
937
937
937
940
940
940
941
942
945
945
946
948
948
949
949
951
952
954
954
955
957
957
958
959
960
960
963
963
964
965
966
966
969
970
970
971
972
973
975
975
976
976
978
978
980
980
981
983
984
985
986
987
987
990
990
992
993
993
993
995
996
997
998
998
1000
1001
1002
arquivo ordenado pelo algoritmo bubblesort tempo da ordenação = 15.6 milisegundos

