3
5
5
5
8
8
8
9
11
13
13
14
15
16
17
17
20
20
22
22
22
25
25
26
27
27
29
31
31
32
34
34
34
36
37
38
39
40
42
42
43
45
46
46
47
47
49
50
50
52
53
54
55
55
56
58
59
60
61
61
62
64
66
66
67
69
69
71
71
72
72
75
76
76
76
78
79
80
80
81
83
85
85
87
88
88
88
91
91
92
93
93
95
95
96
97
100
100
101
101
104
104
105
106
107
108
109
110
111
111
114
114
115
115
117
119
119
120
121
121
123
124
125
126
128
128
129
131
131
131
133
134
135
136
138
139
139
139
142
142
142
143
145
146
147
148
149
149
152
152
153
154
154
156
157
158
158
159
160
161
162
163
166
167
168
168
168
170
171
172
174
175
175
175
177
178
179
180
182
182
183
185
185
185
187
187
189
190
190
191
192
193
194
195
197
197
198
201
202
202
203
203
206
206
206
208
208
209
211
211
212
213
215
216
217
218
218
220
222
222
222
223
225
227
228
228
229
231
232
232
233
233
234
235
236
239
239
240
240
242
243
245
245
246
248
249
249
250
251
252
252
253
254
256
257
259
260
260
261
262
262
263
265
266
266
269
269
270
271
273
273
274
274
277
277
278
278
281
281
282
282
283
285
285
288
288
289
289
291
291
293
294
295
297
297
298
299
300
301
302
304
304
306
306
308
308
308
310
311
313
314
314
315
316
316
318
319
320
321
322
324
325
325
327
327
329
329
331
332
332
333
335
335
336
337
339
340
341
342
342
344
345
346
346
346
347
349
350
351
352
354
354
354
357
357
358
358
359
361
362
363
363
365
365
366
369
369
370
370
373
373
375
375
376
376
377
378
380
381
381
383
384
384
386
387
387
389
390
391
392
392
393
395
396
397
398
399
399
400
401
403
404
406
406
407
407
410
410
411
411
412
414
415
415
418
419
419
420
420
421
423
424
424
426
427
429
429
429
431
432
432
433
435
435
437
438
439
440
441
441
443
443
445
446
447
447
449
450
452
452
454
454
455
455
456
459
459
460
462
462
462
465
465
466
468
468
469
470
470
472
473
473
474
476
477
477
479
480
481
482
483
483
485
486
487
489
489
490
491
491
493
493
495
496
497
498
499
499
501
502
503
505
505
506
506
507
509
510
512
512
513
515
515
516
516
517
520
520
521
522
522
524
525
526
526
528
529
531
531
532
534
535
536
536
537
539
540
540
541
542
543
543
546
547
548
548
549
549
551
552
553
555
555
556
557
557
558
560
562
563
563
563
565
565
567
568
569
571
571
572
572
574
575
576
578
578
580
581
582
582
582
585
585
585
588
588
588
591
592
593
593
594
595
595
598
598
599
599
602
602
602
603
604
605
606
609
609
610
611
612
612
613
614
617
617
618
619
619
620
623
624
624
624
626
626
628
629
629
632
633
634
635
635
636
637
639
639
641
641
642
643
643
645
646
646
648
649
650
651
653
654
655
656
656
656
659
659
661
661
662
663
664
664
667
668
668
668
669
670
672
673
674
676
676
677
678
679
680
682
682
684
685
685
686
687
688
689
689
691
693
694
694
695
696
697
699
699
700
701
701
703
704
706
706
708
708
709
710
710
713
714
714
716
716
718
718
720
720
721
721
722
725
726
727
727
728
728
731
731
732
732
733
735
736
737
738
738
741
742
743
744
745
746
746
748
748
750
750
750
752
753
753
754
756
758
759
759
759
760
762
763
764
764
765
768
769
770
770
772
772
772
774
774
775
776
777
779
780
780
781
782
784
785
785
786
788
789
790
791
791
792
793
796
796
797
798
799
800
800
801
802
804
805
806
807
807
808
810
811
811
814
815
815
817
818
818
819
819
821
821
822
824
826
826
827
828
829
830
831
832
832
834
835
835
837
838
840
840
841
842
843
845
845
846
848
849
849
850
850
852
853
854
856
856
857
858
859
859
861
862
862
863
865
866
866
869
870
870
870
872
873
873
875
875
876
878
880
880
881
882
882
885
885
887
888
888
889
890
891
892
894
895
896
897
898
898
899
899
902
902
903
904
904
907
907
908
909
910
911
912
913
913
915
916
917
917
919
919
922
922
924
924
925
927
927
928
928
929
930
931
934
934
935
935
936
937
938
940
941
941
943
944
946
947
947
947
948
949
951
951
953
954
955
956
957
958
959
959
960
963
964
964
965
966
966
968
969
971
971
973
974
975
975
976
978
978
979
980
982
982
983
984
985
986
987
988
989
990
990
992
993
994
995
997
997
997
998
999
1002
1002
1003
1004
1006
1007
1007
1009
1010
1010
1010
1013
1013
1014
1016
1016
1016
1018
1019
1021
1021
1022
1023
1023
1024
1027
1027
1028
1029
1030
1031
1032
1033
1034
1035
1035
1037
1038
1038
1039
1042
1042
1043
1044
1045
1047
1047
1048
1050
1050
1050
1053
1054
1054
1054
1057
1057
1057
1059
1060
1061
1061
1063
1064
1065
1066
1068
1068
1069
1070
1072
1073
1073
1074
1075
1076
1077
1078
1080
1081
1081
1082
1083
1085
1085
1086
1086
1088
1089
1090
1090
1093
1093
1094
1094
1097
1098
1098
1099
1100
1102
1103
1104
1105
1106
1106
1107
1108
1110
1111
1111
1113
1113
1114
1115
1116
1117
1118
1118
1119
1121
1123
1123
1124
1125
1126
1127
1128
1129
1130
1131
1131
1133
1134
1135
1136
1137
1139
1139
1140
1140
1141
1143
1144
1144
1145
1146
1149
1149
1150
1151
1152
1153
1154
1156
1156
1157
1157
1159
1160
1161
1161
1163
1163
1165
1166
1168
1168
1170
1170
1172
1172
1172
1173
1174
1176
1176
1179
1179
1180
1182
1183
1183
1184
1184
1185
1187
1189
1189
1189
1192
1192
1193
1194
1194
1195
1196
1198
1198
1199
1200
1202
1202
1204
1204
1206
1206
1209
1209
1210
1211
1211
1214
1214
1215
1216
1217
1217
1218
1219
1221
1222
1222
1223
1225
1226
1227
1228
1228
1230
1231
1232
1233
1234
1235
1235
1236
1237
1239
1240
1240
1243
1243
1244
1246
1246
1248
1248
1249
1250
1251
1252
1254
1254
1254
1256
1256
1257
1260
1260
1260
1262
1263
1263
1266
1267
1267
1268
1270
1270
1270
1273
1274
1275
1275
1275
1276
1277
1279
1279
1282
1283
1283
1284
1284
1285
1287
1288
1289
1291
1291
1292
1293
1293
1295
1297
1298
1299
1299
1299
1301
1301
1304
1305
1305
1305
1307
1307
1309
1310
1311
1312
1313
1313
1315
1317
1317
1318
1319
1321
1321
1323
1323
1324
1325
1327
1327
1328
1329
1330
1330
1333
1333
1334
1335
1336
1337
1339
1339
1339
1340
1343
1344
1345
1346
1346
1347
1348
1348
1349
1350
1352
1352
1353
1355
1356
1357
1357
1359
1360
1362
1362
1363
1365
1366
1366
1368
1368
1370
1370
1370
1371
1373
1374
1376
1376
1376
1377
1378
1381
1381
1383
1384
1384
1384
1386
1386
1388
1388
1389
1392
1392
1393
1394
1395
1395
1397
1398
1399
1400
1402
1402
1403
1404
1405
1407
1408
1408
1409
1410
1410
1411
1413
1414
1414
1416
1416
1417
1418
1419
1421
1421
1423
1424
1425
1425
1428
1428
1429
1429
1430
1433
1433
1433
1435
1436
1436
1437
1439
1440
1441
1443
1443
1444
1445
1446
1446
1448
1449
1449
1452
1453
1454
1454
1454
1456
1458
1458
1458
1459
1462
1462
1463
1464
1464
1465
1466
1469
1470
1471
1471
1471
1473
1474
1474
1475
1478
1479
1480
1480
1481
1482
1483
1483
1486
1486
1487
1487
1489
1489
1490
1492
1492
1495
1496
1496
1497
1498
1500
1500
1500
1502
1503
1504
1505
1506
1507
1507
1510
1510
1512
1513
1513
1515
1515
1516
1516
1518
1519
1520
1521
1521
1523
1524
1525
1525
1527
1529
1529
1529
1531
1532
1532
1535
1535
1535
1536
1538
1538
1539
1542
1543
1544
1544
1545
1545
1548
1549
1549
1550
1551
1552
1553
1554
1554
1555
1557
1558
1559
1561
1561
1562
1562
1563
1566
1567
1568
1569
1569
1570
1571
1572
1573
1575
1575
1576
1577
1578
1579
1580
1581
1581
1582
1584
1584
1585
1586
1588
1589
1590
1592
1592
1593
1594
1595
1596
1598
1598
1599
1599
1602
1602
1604
1604
1605
1607
1607
1608
1609
1609
1611
1612
1612
1613
1614
1615
1617
1619
1620
1620
1621
1622
1622
1624
1625
1625
1626
1628
1629
1630
1631
1632
1632
1633
1634
1637
1637
1638
1638
1640
1640
1642
1643
1644
1644
1647
1647
1648
1649
1650
1650
1653
1653
1654
1656
1656
1658
1659
1659
1661
1662
1662
1663
1663
1664
1667
1667
1667
1668
1671
1672
1672
1674
1674
1674
1675
1677
1678
1679
1680
1681
1683
1683
1684
1685
1687
1688
1689
1689
1690
1692
1693
1693
1694
1695
1695
1698
1698
1698
1700
1701
1702
1703
1704
1705
1706
1707
1708
1710
1711
1711
1711
1712
1714
1715
1716
1717
1718
1720
1721
1721
1722
1723
1724
1724
1727
1727
1727
1729
1730
1731
1732
1734
1734
1735
1735
1736
1738
1740
1741
1741
1742
1744
1744
1745
1747
1747
1748
1749
1750
1750
1752
1753
1754
1754
1757
1758
1758
1758
1759
1760
1761
1764
1764
1765
1766
1767
1767
1770
1770
1770
1773
1773
1775
1775
1775
1778
1778
1778
1779
1782
1782
1783
1783
1785
1785
1787
1789
1789
1790
1791
1792
1793
1793
1795
1796
1796
1798
1798
1801
1801
1801
1802
1803
1805
1806
1806
1809
1809
1809
1810
1812
1813
1814
1815
1817
1818
1819
1819
1820
1821
1821
1822
1823
1824
1826
1827
1828
1828
1831
1832
1832
1832
1835
1835
1837
1837
1837
1840
1840
1841
1841
1843
1844
1844
1846
1847
1848
1849
1850
1851
1851
1852
1854
1856
1857
1857
1857
1858
1859
1862
1863
1864
1864
1866
1866
1866
1869
1869
1870
1872
1873
1873
1874
1874
1875
1876
1878
1879
1880
1881
1883
1883
1883
1886
1887
1887
1888
1888
1889
1891
1891
1894
1894
1895
1895
1898
1898
1900
1901
1901
1903
1903
1904
1906
1906
1907
1908
1908
1909
1912
1912
1912
1914
1915
1917
1917
1918
1918
1920
1921
1922
1924
1924
1924
1926
1927
1927
1928
1929
1930
1932
1934
1934
1936
1936
1937
1939
1939
1940
1942
1942
1943
1945
1946
1947
1947
1948
1950
1950
1951
1953
1953
1954
1955
1955
1956
1957
1959
1960
1961
1962
1963
1963
1964
1966
1968
1969
1970
1970
1971
1972
1972
1973
1975
1976
1978
1978
1978
1979
1980
1981
1982
1983
1984
1985
1986
1988
1989
1990
1992
1993
1993
1993
1994
1997
1997
1998
1999
1999
2000
2000
arquivo ordenado pelo algoritmo bubblesort tempo da ordenação = 46.8001 milisegundos

