1
2
3
4
5
7
8
8
8
9
10
11
14
14
15
17
17
18
18
20
20
21
23
24
24
27
27
27
29
31
31
32
33
33
36
36
36
39
40
40
40
43
44
45
45
45
48
49
49
49
51
52
52
53
55
56
58
59
59
60
61
61
62
63
64
65
67
68
69
69
70
71
72
75
75
76
76
78
80
80
82
83
84
85
86
87
87
89
89
91
91
92
92
94
95
96
98
98
99
99
102
102
102
103
105
105
106
108
108
110
111
112
113
114
114
115
116
118
118
121
121
123
124
125
125
126
127
129
130
130
131
133
134
134
134
135
137
138
138
141
141
142
144
145
145
146
146
148
149
149
150
151
152
154
154
155
157
159
160
161
161
162
163
164
166
166
168
168
168
171
172
173
173
175
175
176
178
178
179
180
180
182
183
184
184
186
187
189
189
191
191
192
192
193
195
196
198
199
200
201
201
202
202
203
204
206
206
209
209
210
211
211
213
214
216
217
218
218
220
220
220
221
222
224
225
227
227
228
229
230
232
232
232
234
235
236
237
238
239
240
240
241
243
243
245
245
246
247
249
251
251
252
253
255
255
255
256
258
259
260
260
263
263
264
265
266
268
268
268
270
272
273
274
274
275
276
277
278
279
280
280
282
284
285
285
286
288
288
290
291
291
292
293
294
296
296
296
298
299
300
301
301
303
305
306
306
308
308
309
310
310
312
312
314
315
316
317
318
319
320
321
321
324
324
325
326
328
328
329
329
331
332
333
334
334
337
337
338
339
341
342
343
344
345
345
346
347
348
350
350
351
351
353
353
355
357
358
359
360
360
361
361
362
365
365
366
368
369
370
370
370
373
373
373
376
376
377
378
378
380
381
381
383
384
385
386
388
388
389
391
391
392
392
393
394
397
397
398
399
400
401
403
403
403
404
406
408
409
410
410
411
412
412
414
415
416
416
417
419
419
421
422
424
424
425
425
428
428
429
430
431
431
433
433
434
437
437
437
440
441
442
442
443
445
446
446
447
448
448
450
451
451
453
454
455
456
457
457
458
461
461
463
463
464
464
465
466
469
469
471
471
472
473
474
475
477
478
478
479
481
482
483
484
485
485
486
487
489
489
490
492
492
493
494
494
496
497
498
498
500
500
501
504
504
505
506
507
508
509
511
512
512
512
515
515
517
517
518
519
520
521
522
523
524
524
526
527
528
529
530
531
533
533
534
536
536
538
539
539
540
542
542
542
544
545
546
547
547
549
550
552
552
552
553
554
555
556
559
559
560
561
561
564
565
566
566
567
567
568
570
571
572
573
574
574
576
577
578
579
580
581
583
584
584
584
587
587
588
590
590
592
592
594
594
595
596
596
599
599
600
601
602
603
605
605
606
606
608
609
609
611
612
613
614
614
617
617
618
619
620
621
621
624
624
625
626
626
627
628
631
631
633
633
634
635
636
637
638
639
640
642
642
642
644
646
646
647
648
648
651
652
653
654
655
655
657
658
659
659
660
662
663
663
663
664
667
667
669
670
670
670
672
673
674
674
675
678
679
679
680
682
682
683
684
685
685
688
688
690
690
692
692
692
693
696
696
697
697
698
699
700
702
704
704
706
707
708
709
710
710
711
712
713
713
716
716
717
718
719
719
722
722
724
724
724
727
728
728
729
730
731
731
733
733
736
737
737
738
740
740
740
741
743
744
744
745
746
748
749
750
752
752
754
754
756
756
757
759
759
760
760
763
764
764
765
767
767
767
768
770
772
772
773
774
774
775
777
777
779
780
782
782
782
784
785
786
787
789
790
790
790
791
793
794
794
795
798
798
799
800
801
802
804
804
805
805
806
809
809
810
811
811
813
814
816
816
817
819
819
820
822
822
824
824
826
827
828
829
829
829
830
832
833
833
835
836
836
838
840
840
840
841
844
845
845
847
847
849
850
851
851
852
854
854
856
856
857
858
860
860
861
862
863
864
865
867
867
869
869
869
870
872
873
873
876
876
876
878
879
880
881
881
884
884
885
886
887
887
890
890
892
893
893
893
895
896
897
898
899
901
901
902
903
903
905
905
908
909
909
911
911
912
912
914
915
917
917
918
920
920
921
922
923
923
924
925
926
928
929
930
930
932
932
933
936
936
937
939
939
939
941
942
943
944
945
945
946
947
949
949
951
951
952
955
955
956
956
958
959
959
962
962
963
964
966
966
968
969
969
969
970
972
973
974
975
976
977
978
980
980
982
982
983
984
986
986
987
987
988
991
991
991
993
993
994
995
997
998
998
1001
1001
1002
1003
1004
1004
1005
1006
1007
1008
1009
1010
1011
1013
1013
1014
1015
1017
1017
1019
1020
1021
1021
1022
1025
1025
1027
1027
1028
1029
1030
1030
1032
1034
1035
1036
1036
1037
1037
1039
1040
1040
1042
1043
1043
1046
1046
1047
1048
1050
1051
1051
1051
1054
1054
1055
1056
1056
1059
1060
1060
1060
1061
1062
1063
1065
1065
1067
1068
1069
1069
1070
1072
1074
1075
1075
1077
1078
1079
1079
1080
1081
1083
1083
1084
1084
1085
1088
1089
1090
1090
1091
1092
1093
1093
1095
1096
1096
1098
1099
1100
1100
1102
1104
1104
1105
1106
1107
1108
1110
1111
1111
1111
1113
1113
1114
1117
1117
1117
1120
1120
1121
1122
1123
1124
1125
1127
1128
1128
1130
1130
1130
1133
1133
1134
1135
1136
1137
1138
1139
1141
1141
1142
1142
1143
1145
1146
1147
1148
1149
1150
1152
1153
1153
1153
1154
1157
1157
1157
1159
1160
1161
1162
1162
1164
1165
1167
1167
1168
1170
1170
1171
1172
1174
1174
1175
1176
1176
1177
1179
1181
1182
1182
1183
1184
1185
1186
1186
1187
1188
1189
1191
1193
1193
1195
1195
1195
1197
1198
1199
1200
1202
1202
1202
1203
1205
1206
1206
1207
1209
1211
1211
1212
1212
1215
1215
1217
1217
1218
1218
1219
1221
1222
1222
1223
1225
1227
1227
1227
1230
1230
1231
1231
1233
1233
1234
1236
1237
1237
1240
1240
1241
1242
1243
1244
1246
1247
1248
1249
1250
1250
1251
1252
1253
1254
1255
1256
1257
1258
1259
1260
1261
1262
1263
1264
1265
1265
1267
1267
1269
1270
1271
1272
1273
1274
1275
1276
1276
1278
1278
1279
1281
1282
1284
1284
1285
1286
1287
1288
1290
1290
1290
1291
1293
1294
1294
1295
1298
1298
1299
1300
1300
1303
1304
1304
1305
1306
1306
1308
1309
1310
1311
1312
1314
1314
1315
1316
1317
1318
1318
1320
1321
1323
1324
1324
1325
1327
1328
1328
1329
1329
1332
1332
1333
1333
1335
1337
1338
1339
1339
1339
1340
1341
1343
1345
1345
1346
1348
1348
1350
1350
1352
1352
1352
1354
1354
1356
1356
1358
1359
1360
1362
1362
1363
1363
1366
1366
1367
1369
1370
1370
1370
1371
1373
1374
1376
1376
1377
1378
1378
1381
1381
1382
1383
1385
1385
1386
1387
1387
1388
1390
1390
1391
1393
1394
1395
1396
1397
1398
1398
1400
1402
1402
1403
1404
1404
1406
1407
1407
1409
1410
1410
1411
1413
1414
1415
1416
1418
1418
1419
1419
1420
1422
1422
1424
1425
1426
1427
1428
1428
1430
1431
1432
1432
1433
1436
1436
1436
1437
1439
1440
1442
1442
1443
1444
1444
1445
1447
1449
1449
1450
1450
1453
1453
1454
1456
1456
1456
1459
1459
1459
1461
1462
1463
1465
1466
1466
1466
1469
1469
1471
1471
1472
1473
1474
1474
1476
1477
1478
1479
1480
1480
1483
1484
1484
1484
1486
1487
1488
1490
1491
1492
1492
1494
1495
1495
1496
1497
1498
1499
1500
1501
1501
1504
1505
1505
1506
1507
1508
1510
1510
1510
1513
1513
1515
1515
1517
1517
1517
1519
1519
1521
1522
1523
1525
1526
1527
1527
1528
1529
1530
1530
1533
1534
1535
1535
1537
1538
1538
1539
1541
1541
1542
1543
1543
1544
1545
1546
1548
1549
1550
1551
1552
1554
1554
1555
1557
1557
1558
1558
1560
1561
1562
1563
1564
1565
1566
1566
1567
1568
1570
1571
1572
1574
1575
1575
1575
1576
1578
1580
1580
1580
1583
1583
1584
1586
1586
1587
1588
1588
1589
1590
1593
1594
1595
1595
1595
1596
1599
1599
1600
1600
1601
1603
1604
1604
1606
1607
1608
1608
1609
1610
1612
1612
1615
1615
1616
1617
1617
1619
1620
1620
1623
1623
1624
1626
1626
1627
1628
1629
1631
1632
1633
1633
1634
1636
1636
1636
1637
1638
1639
1641
1641
1644
1644
1645
1646
1648
1648
1649
1651
1651
1651
1653
1655
1655
1656
1656
1659
1659
1660
1661
1662
1663
1664
1665
1666
1666
1667
1670
1671
1671
1672
1674
1674
1674
1675
1677
1678
1679
1681
1682
1682
1684
1684
1685
1686
1686
1688
1688
1691
1691
1692
1693
1694
1695
1696
1697
1698
1699
1700
1701
1702
1703
1704
1706
1707
1708
1709
1709
1710
1711
1712
1714
1715
1715
1716
1716
1717
1718
1721
1721
1722
1722
1725
1726
1726
1727
1727
1728
1730
1731
1732
1733
1734
1736
1736
1737
1738
1738
1740
1740
1742
1743
1743
1745
1746
1747
1747
1750
1750
1751
1752
1752
1754
1754
1757
1758
1758
1759
1760
1760
1762
1763
1763
1765
1766
1766
1767
1768
1770
1771
1772
1772
1773
1775
1775
1777
1777
1779
1780
1781
1783
1783
1784
1785
1786
1787
1788
1790
1790
1791
1791
1793
1795
1795
1796
1796
1799
1800
1800
1800
1803
1804
1804
1804
1805
1806
1809
1809
1810
1811
1811
1813
1814
1814
1815
1817
1818
1818
1820
1821
1822
1823
1824
1825
1826
1827
1829
1829
1830
1830
1831
1832
1835
1836
1836
1836
1839
1839
1841
1842
1842
1844
1845
1845
1846
1846
1849
1849
1849
1851
1852
1854
1854
1855
1857
1858
1858
1859
1860
1861
1863
1863
1865
1865
1866
1867
1869
1869
1871
1871
1872
1873
1874
1875
1875
1878
1878
1879
1880
1882
1883
1883
1884
1886
1887
1888
1889
1889
1890
1891
1892
1892
1893
1894
1895
1898
1898
1899
1900
1902
1902
1903
1903
1905
1907
1907
1908
1909
1911
1912
1913
1914
1914
1914
1916
1916
1918
1919
1919
1921
1923
1923
1924
1925
1926
1926
1927
1929
1929
1932
1932
1932
1934
1936
1937
1937
1937
1938
1939
1940
1942
1943
1944
1945
1945
1947
1948
1949
1951
1952
1952
1953
1954
1955
1957
1958
1958
1958
1960
1961
1962
1962
1964
1966
1967
1967
1967
1968
1970
1971
1972
1974
1974
1974
1977
1978
1979
1980
1981
1982
1983
1984
1984
1984
1985
1987
1988
1988
1989
1990
1992
1993
1993
1995
1996
1996
1997
1999
2000
2000
2001
2004
2005
2006
2006
2008
2008
2009
2009
2011
2012
2014
2014
2015
2016
2018
2019
2019
2021
2022
2022
2023
2024
2026
2026
2027
2028
2030
2030
2031
2033
2034
2035
2035
2036
2037
2039
2039
2040
2042
2042
2044
2044
2045
2046
2046
2047
2049
2050
2050
2051
2052
2055
2055
2056
2057
2058
2059
2059
2061
2062
2063
2063
2065
2066
2067
2069
2070
2070
2071
2072
2072
2075
2075
2076
2077
2079
2080
2081
2081
2083
2083
2085
2085
2086
2086
2087
2088
2090
2091
2092
2093
2094
2095
2097
2098
2098
2099
2100
2101
2103
2103
2104
2105
2106
2106
2108
2108
2109
2111
2112
2113
2115
2115
2115
2117
2119
2119
2120
2121
2121
2122
2125
2126
2126
2127
2128
2129
2130
2131
2132
2133
2134
2134
2137
2137
2139
2139
2140
2142
2143
2143
2144
2145
2146
2147
2148
2148
2151
2152
2152
2153
2154
2154
2155
2156
2157
2160
2160
2162
2163
2164
2164
2165
2165
2167
2169
2170
2171
2172
2173
2173
2174
2176
2177
2177
2177
2178
2180
2181
2181
2183
2184
2186
2186
2187
2187
2188
2190
2191
2192
2192
2194
2194
2196
2198
2198
2199
2201
2201
2203
2204
2204
2204
2206
2207
2208
2208
2211
2211
2212
2212
2215
2216
2217
2217
2218
2219
2220
2221
2222
2224
2224
2225
2226
2227
2227
2229
2230
2231
2232
2233
2234
2235
2236
2236
2237
2239
2240
2240
2241
2242
2243
2244
2245
2246
2247
2249
2249
2251
2252
2252
2253
2254
2255
2258
2258
2259
2260
2261
2261
2263
2265
2265
2265
2267
2268
2269
2270
2272
2272
2273
2274
2275
2275
2277
2278
2279
2279
2280
2281
2283
2284
2284
2286
2287
2287
2290
2290
2291
2292
2293
2293
2296
2296
2296
2299
2300
2300
2301
2303
2303
2304
2304
2306
2307
2308
2308
2311
2312
2312
2314
2314
2315
2315
2317
2318
2318
2320
2322
2323
2323
2324
2324
2325
2326
2329
2330
2330
2331
2331
2332
2334
2335
2335
2336
2337
2340
2340
2340
2342
2343
2344
2345
2346
2347
2347
2349
2350
2350
2352
2352
2354
2354
2356
2357
2357
2358
2360
2361
2362
2364
2364
2365
2366
2367
2368
2368
2370
2372
2373
2373
2374
2375
2375
2377
2378
2378
2381
2381
2381
2382
2385
2385
2386
2387
2387
2389
2391
2391
2392
2393
2394
2395
2396
2397
2398
2399
2400
2401
2402
2404
2404
2405
2407
2407
2408
2409
2410
2410
2411
2412
2413
2414
2417
2418
2419
2419
2420
2421
2422
2423
2423
2424
2427
2427
2428
2428
2430
2431
2433
2434
2434
2434
2435
2436
2439
2440
2441
2441
2442
2443
2445
2446
2446
2448
2448
2450
2450
2450
2452
2452
2454
2455
2456
2457
2458
2459
2461
2461
2462
2463
2463
2465
2466
2467
2468
2470
2471
2471
2472
2474
2475
2475
2477
2478
2478
2478
2480
2480
2482
2483
2484
2486
2487
2488
2488
2489
2489
2491
2491
2492
2493
2494
2495
2496
2497
2499
2499
2500
2501
2504
2504
2505
2505
2508
2509
2509
2510
2510
2511
2514
2514
2515
2517
2517
2518
2520
2521
2521
2522
2522
2525
2525
2526
2527
2529
2529
2530
2531
2532
2533
2535
2536
2536
2537
2539
2539
2539
2540
2541
2542
2543
2545
2547
2547
2548
2549
2550
2552
2552
2554
2554
2555
2556
2557
2558
2558
2559
2562
2562
2562
2563
2565
2565
2568
2568
2569
2570
2571
2572
2574
2574
2574
2576
2576
2578
2579
2580
2581
2581
2582
2585
2585
2586
2587
2589
2589
2590
2591
2591
2593
2594
2595
2595
2598
2598
2598
2600
2601
2601
2603
2604
2605
2607
2607
2609
2609
2609
2611
2612
2612
2614
2615
2616
2617
2617
2619
2621
2621
2622
2622
2624
2625
2626
2628
2628
2628
2631
2631
2632
2633
2634
2635
2636
2636
2637
2639
2640
2640
2641
2644
2645
2645
2646
2647
2649
2649
2650
2652
2652
2653
2654
2655
2657
2657
2657
2659
2661
2661
2662
2663
2663
2665
2666
2668
2669
2670
2670
2671
2671
2674
2674
2675
2676
2676
2678
2678
2681
2682
2683
2683
2684
2686
2686
2687
2687
2689
2690
2690
2693
2693
2694
2695
2695
2697
2698
2699
2699
2701
2702
2703
2704
2704
2707
2708
2708
2709
2709
2711
2712
2712
2715
2715
2717
2717
2718
2718
2720
2720
2722
2723
2725
2725
2726
2727
2727
2729
2730
2730
2732
2733
2734
2735
2735
2737
2737
2739
2739
2741
2741
2742
2744
2744
2746
2747
2747
2749
2750
2750
2752
2753
2755
2755
2756
2758
2758
2759
2761
2761
2762
2763
2764
2764
2766
2768
2769
2769
2770
2771
2772
2773
2775
2775
2776
2776
2777
2778
2781
2781
2782
2783
2784
2784
2786
2788
2788
2789
2791
2791
2792
2793
2794
2795
2796
2798
2798
2800
2800
2801
2802
2804
2805
2806
2807
2807
2808
2808
2810
2811
2813
2813
2813
2814
2817
2818
2818
2819
2819
2820
2822
2822
2823
2825
2825
2827
2827
2829
2830
2831
2832
2834
2834
2836
2837
2837
2839
2839
2840
2841
2843
2843
2843
2844
2845
2848
2849
2849
2850
2851
2853
2854
2854
2855
2855
2856
2858
2858
2859
2862
2862
2863
2864
2865
2865
2868
2869
2870
2870
2871
2872
2873
2874
2874
2876
2877
2877
2879
2879
2881
2883
2884
2884
2886
2887
2887
2888
2889
2890
2890
2891
2892
2894
2895
2895
2898
2898
2899
2899
2901
2902
2903
2904
2904
2905
2906
2908
2909
2911
2911
2912
2914
2914
2916
2916
2917
2919
2920
2920
2921
2921
2922
2924
2925
2925
2927
2928
2928
2930
2931
2932
2934
2934
2934
2935
2938
2938
2938
2939
2940
2943
2943
2944
2945
2945
2946
2947
2948
2949
2950
2951
2953
2954
2954
2956
2957
2959
2959
2959
2960
2961
2963
2963
2965
2967
2968
2968
2969
2971
2972
2973
2974
2974
2974
2976
2978
2978
2979
2980
2982
2983
2983
2983
2984
2987
2987
2988
2989
2989
2990
2993
2993
2994
2994
2996
2997
2998
2999
3000
3002
3003
3004
3004
3006
3006
3007
3008
3009
3010
3012
3012
3012
3013
3016
3017
3018
3018
3020
3021
3021
3022
3024
3025
3025
3026
3026
3028
3028
3029
3031
3031
3033
3035
3035
3036
3036
3037
3039
3040
3041
3042
3043
3045
3045
3046
3047
3049
3049
3050
3052
3053
3053
3054
3055
3055
3058
3058
3059
3060
3060
3062
3062
3064
3065
3066
3068
3068
3069
3071
3071
3071
3072
3073
3074
3077
3077
3078
3080
3080
3082
3082
3083
3083
3085
3086
3087
3088
3089
3090
3091
3091
3093
3094
3095
3096
3097
3099
3099
3100
3101
3101
3102
3104
3106
3106
3107
3107
3110
3110
3110
3112
3113
3114
3116
3116
3117
3118
3118
3120
3122
3123
3123
3124
3124
3125
3126
3128
3129
3130
3131
3131
3133
3133
3135
3136
3137
3139
3140
3141
3141
3143
3143
3144
3145
3147
3147
3149
3149
3150
3151
3151
3153
3154
3155
3156
3157
3157
3158
3159
3160
3163
3164
3164
3164
3166
3167
3168
3169
3170
3171
3173
3173
3173
3176
3177
3177
3178
3179
3180
3181
3182
3183
3185
3185
3186
3187
3189
3190
3190
3191
3193
3193
3194
3196
3196
3197
3198
3199
3200
3202
3203
3203
3204
3204
3206
3206
3207
3209
3209
3211
3212
3214
3214
3215
3215
3217
3218
3219
3219
3221
3222
3223
3223
3226
3226
3226
3229
3229
3230
3231
3231
3233
3233
3235
3236
3237
3239
3239
3239
3242
3243
3244
3244
3244
3247
3248
3248
3250
3251
3252
3252
3253
3254
3256
3256
3258
3258
3259
3259
3261
3262
3263
3265
3266
3267
3267
3268
3269
3269
3272
3273
3273
3274
3274
3276
3277
3278
3278
3280
3281
3282
3283
3285
3286
3286
3286
3288
3289
3290
3291
3292
3293
3295
3296
3296
3296
3298
3300
3301
3301
3302
3303
3304
3305
3305
3307
3307
3309
3310
3310
3313
3314
3314
3314
3316
3318
3318
3318
3319
3320
3322
3324
3324
3326
3326
3328
3329
3330
3331
3331
3333
3334
3334
3335
3336
3337
3338
3339
3341
3342
3342
3343
3344
3345
3346
3346
3347
3348
3351
3351
3352
3353
3354
3354
3356
3356
3357
3358
3360
3361
3362
3362
3364
3365
3367
3368
3369
3369
3370
3372
3372
3372
3373
3375
3376
3376
3377
3379
3380
3381
3382
3382
3384
3385
3386
3386
3388
3389
3390
3390
3391
3393
3394
3396
3397
3397
3399
3400
3400
3401
3402
3403
3404
3406
3406
3407
3408
3409
3411
3412
3412
3412
3415
3416
3416
3417
3417
3419
3420
3422
3422
3423
3424
3426
3426
3427
3428
3428
3429
3432
3433
3434
3434
3434
3437
3438
3438
3438
3439
3441
3443
3444
3444
3445
3446
3447
3448
3449
3449
3450
3451
3454
3454
3456
3456
3457
3458
3459
3460
3462
3462
3463
3464
3465
3467
3467
3467
3469
3471
3472
3473
3474
3474
3475
3476
3477
3479
3479
3479
3480
3482
3483
3483
3485
3485
3486
3489
3490
3491
3491
3493
3493
3493
3495
3496
3497
3498
3498
3500
3500
3503
3503
3504
3506
3507
3508
3508
3510
3510
3512
3512
3513
3514
3516
3517
3517
3518
3519
3520
3521
3521
3524
3524
3525
3526
3527
3528
3530
3531
3532
3532
3534
3534
3536
3536
3537
3539
3539
3541
3541
3542
3544
3544
3545
3545
3548
3548
3549
3551
3552
3552
3554
3554
3555
3555
3556
3559
3559
3559
3560
3562
3563
3563
3566
3566
3567
3568
3569
3570
3570
3571
3573
3574
3576
3576
3577
3577
3578
3581
3582
3583
3583
3585
3585
3585
3586
3588
3589
3591
3591
3592
3592
3594
3595
3595
3596
3597
3599
3601
3602
3602
3602
3604
3605
3605
3607
3608
3608
3609
3612
3613
3613
3614
3615
3616
3617
3618
3619
3620
3621
3622
3624
3624
3624
3625
3628
3628
3628
3629
3631
3632
3633
3635
3636
3636
3636
3639
3639
3640
3640
3642
3643
3643
3646
3646
3648
3648
3648
3650
3650
3653
3653
3654
3655
3655
3656
3658
3660
3661
3661
3663
3664
3664
3665
3667
3668
3669
3670
3670
3670
3671
3672
3673
3675
3677
3678
3678
3678
3681
3682
3682
3683
3683
3685
3686
3686
3687
3689
3689
3690
3691
3694
3694
3695
3696
3697
3698
3699
3700
3701
3703
3703
3704
3705
3706
3706
3708
3709
3710
3712
3712
3713
3713
3715
3715
3717
3719
3719
3719
3720
3721
3723
3724
3725
3726
3727
3728
3728
3729
3732
3732
3734
3735
3735
3736
3737
3738
3740
3741
3741
3742
3743
3743
3744
3745
3747
3749
3749
3750
3751
3751
3753
3753
3755
3757
3757
3757
3760
3761
3761
3761
3763
3764
3765
3766
3767
3769
3769
3771
3772
3773
3773
3773
3775
3776
3777
3779
3780
3780
3782
3782
3783
3783
3785
3786
3787
3787
3788
3790
3790
3792
3793
3794
3794
3796
3798
3799
3799
3799
3801
3802
3802
3803
3806
3806
3808
3808
3809
3811
3812
3812
3812
3813
3814
3816
3817
3818
3818
3819
3821
3822
3822
3824
3825
3826
3826
3829
3829
3830
3830
3832
3834
3834
3836
3836
3837
3839
3840
3840
3841
3842
3843
3843
3844
3846
3846
3848
3849
3850
3851
3852
3854
3854
3855
3857
3857
3858
3859
3861
3861
3863
3863
3863
3864
3866
3868
3868
3868
3871
3871
3871
3874
3874
3876
3876
3877
3877
3878
3880
3881
3883
3883
3884
3885
3886
3888
3889
3889
3890
3891
3892
3892
3893
3894
3896
3897
3898
3898
3900
3900
3903
3904
3904
3905
3906
3908
3908
3910
3911
3911
3912
3914
3915
3915
3917
3918
3918
3920
3920
3922
3922
3923
3923
3924
3926
3927
3928
3929
3929
3930
3931
3932
3933
3934
3936
3938
3938
3939
3941
3941
3942
3943
3944
3946
3947
3947
3948
3949
3949
3950
3952
3953
3955
3956
3956
3958
3959
3959
3960
3961
3962
3963
3965
3965
3966
3966
3967
3969
3970
3972
3972
3972
3975
3975
3976
3977
3977
3978
3979
3981
3982
3983
3984
3985
3987
3988
3988
3988
3990
3991
3992
3993
3994
3994
3996
3997
3998
3999
4000
arquivo ordenado pelo algoritmo bubblesort tempo da ordenação = 62.3999 milisegundos

