2
4
5
5
7
8
8
9
12
12
13
14
15
16
17
18
19
19
20
21
23
24
25
25
28
28
29
29
30
33
33
35
35
36
38
38
38
41
41
42
44
44
44
46
46
47
49
49
51
52
53
54
54
55
58
58
59
59
61
61
62
63
65
66
67
68
69
69
71
72
72
74
74
76
77
77
78
79
80
82
82
84
84
85
88
88
88
89
90
91
92
94
95
97
98
98
98
99
102
102
103
104
104
105
106
109
110
111
111
112
113
115
115
116
116
119
119
120
121
122
124
124
126
126
127
127
129
130
130
132
132
134
134
136
136
138
139
140
141
143
143
145
145
145
148
148
148
151
152
153
153
155
156
156
156
158
159
159
161
162
162
165
165
166
167
169
169
170
172
172
173
173
174
176
177
179
179
179
180
183
184
185
186
186
187
188
189
190
192
192
192
194
195
196
197
198
199
200
201
202
202
204
204
206
207
208
209
210
211
211
213
215
216
216
217
219
219
221
221
222
224
224
225
225
226
228
229
229
230
232
233
234
236
236
238
238
238
239
242
242
243
243
244
246
248
248
249
251
252
253
254
254
254
257
257
259
259
260
260
261
264
265
266
266
268
268
269
270
271
272
272
274
275
276
277
278
279
281
281
282
282
284
284
285
287
289
290
291
291
293
293
294
295
296
297
298
299
300
301
303
304
304
304
305
306
307
309
310
311
312
312
313
314
317
317
318
318
320
321
321
322
324
325
326
327
328
330
330
331
332
334
334
335
335
337
339
339
340
340
341
342
345
345
347
347
349
349
349
351
353
353
354
355
357
357
358
358
361
362
362
363
364
364
366
367
368
369
370
371
372
373
374
374
376
377
378
379
381
381
382
383
385
385
386
386
388
390
390
391
392
393
394
394
397
398
398
398
399
402
402
404
405
405
405
406
407
409
410
411
411
412
415
415
416
416
419
420
421
421
422
424
424
425
427
427
429
429
431
431
433
434
435
435
435
438
438
439
440
440
442
443
444
445
447
447
448
449
450
451
452
453
454
455
456
457
458
459
460
462
462
463
464
465
466
466
467
468
470
472
472
472
474
475
476
477
477
479
479
482
482
483
485
485
486
487
489
489
490
490
491
492
494
495
495
497
498
499
500
501
501
504
504
505
505
506
508
509
510
511
512
513
515
516
516
517
517
519
520
520
522
523
523
524
527
527
528
528
529
531
533
534
534
535
535
536
538
538
539
541
542
543
544
545
547
548
548
549
550
551
553
553
555
555
556
558
558
559
560
561
563
563
563
565
566
566
569
569
570
570
573
574
575
575
576
577
577
578
579
580
583
583
585
585
586
588
588
590
590
591
592
593
594
595
596
597
598
599
600
601
601
603
604
605
607
607
608
608
610
611
613
613
614
614
616
616
617
619
621
621
622
624
624
624
626
627
629
629
630
632
633
634
634
635
635
637
638
638
639
641
641
643
644
644
646
647
647
650
650
651
651
652
653
654
655
656
658
658
661
661
661
664
664
664
665
667
668
668
669
670
672
673
674
676
677
678
678
679
681
681
683
683
684
686
686
686
687
688
691
692
692
693
694
696
696
696
698
698
700
702
703
703
704
705
706
707
708
709
709
711
712
712
713
716
716
717
717
718
719
721
722
722
724
724
725
726
728
729
729
730
731
734
735
736
736
737
738
738
739
740
742
742
743
744
746
747
749
749
750
751
752
752
754
755
756
758
759
759
759
760
762
762
765
765
765
767
767
769
770
772
773
773
773
775
776
776
777
779
779
781
782
782
783
784
785
786
787
789
789
790
792
794
795
795
796
797
798
799
800
802
802
804
804
806
807
807
807
809
809
811
812
812
814
815
816
817
817
818
819
820
821
822
824
826
826
826
827
828
830
831
831
833
833
834
835
837
838
839
839
841
842
843
845
845
846
846
847
849
850
850
853
854
854
855
856
857
857
858
860
860
862
862
863
866
866
868
868
870
871
872
872
873
874
876
877
877
878
879
879
880
882
882
884
885
887
888
888
888
890
891
893
893
894
894
896
897
898
899
900
901
902
902
904
906
906
907
909
909
910
911
911
912
913
914
916
917
917
920
920
920
923
923
923
925
925
927
928
930
931
932
933
933
934
936
936
938
938
940
940
941
942
943
943
945
947
948
948
949
951
952
952
953
954
955
956
956
958
959
959
960
961
963
964
965
967
967
967
968
969
971
971
973
974
975
977
978
978
980
980
982
982
983
984
984
986
986
989
989
989
991
992
993
993
994
995
997
998
1000
1001
1002
1002
1003
1003
1004
1006
1007
1008
1010
1011
1011
1012
1013
1014
1015
1015
1018
1018
1019
1020
1021
1022
1023
1023
1024
1027
1027
1029
1030
1030
1031
1032
1032
1034
1035
1037
1037
1039
1039
1040
1041
1043
1043
1044
1045
1046
1047
1048
1049
1049
1050
1053
1053
1055
1056
1056
1058
1058
1059
1060
1061
1062
1062
1064
1064
1066
1066
1067
1068
1069
1071
1072
1072
1075
1075
1076
1077
1077
1078
1080
1082
1082
1083
1085
1086
1086
1088
1089
1089
1090
1091
1091
1092
1094
1095
1095
1096
1098
1099
1100
1100
1102
1104
1104
1105
1106
1107
1109
1109
1109
1112
1112
1113
1114
1115
1117
1117
1118
1119
1120
1120
1122
1123
1123
1125
1126
1128
1128
1129
1130
1131
1132
1133
1133
1135
1136
1136
1137
1139
1140
1141
1142
1143
1144
1146
1147
1148
1148
1148
1149
1150
1151
1152
1154
1155
1156
1157
1159
1159
1160
1160
1162
1164
1165
1165
1166
1166
1167
1169
1171
1171
1172
1174
1174
1175
1176
1178
1178
1179
1180
1181
1182
1183
1184
1184
1185
1188
1188
1189
1190
1191
1191
1194
1194
1195
1196
1198
1198
1199
1201
1202
1202
1203
1203
1204
1206
1207
1207
1208
1210
1212
1213
1213
1214
1215
1215
1217
1217
1218
1220
1221
1222
1223
1223
1224
1226
1227
1229
1229
1231
1231
1232
1233
1234
1235
1236
1237
1237
1239
1240
1240
1242
1243
1243
1244
1245
1246
1249
1249
1251
1252
1252
1254
1255
1255
1256
1256
1257
1258
1259
1261
1263
1263
1264
1264
1265
1267
1268
1269
1270
1270
1271
1273
1274
1276
1276
1277
1277
1278
1279
1282
1282
1283
1284
1285
1286
1287
1287
1289
1290
1291
1292
1292
1295
1295
1297
1298
1298
1299
1301
1301
1302
1303
1304
1306
1306
1306
1308
1310
1310
1311
1312
1312
1315
1315
1315
1316
1317
1318
1319
1320
1323
1323
1324
1324
1325
1327
1329
1330
1330
1331
1332
1334
1334
1335
1336
1337
1338
1339
1340
1340
1342
1344
1345
1345
1346
1346
1348
1348
1349
1351
1352
1354
1354
1355
1356
1356
1357
1358
1360
1360
1361
1362
1364
1364
1366
1367
1368
1369
1371
1371
1372
1373
1374
1376
1376
1377
1378
1378
1379
1381
1383
1384
1384
1384
1386
1386
1388
1389
1391
1391
1392
1393
1394
1395
1396
1397
1398
1399
1400
1401
1402
1402
1403
1405
1406
1407
1408
1410
1411
1411
1411
1414
1414
1415
1416
1416
1418
1420
1421
1422
1423
1423
1424
1425
1426
1427
1428
1430
1430
1431
1432
1432
1433
1434
1437
1437
1438
1439
1440
1440
1442
1443
1444
1446
1446
1447
1447
1450
1451
1451
1452
1454
1455
1455
1456
1456
1458
1459
1459
1461
1461
1463
1464
1466
1466
1466
1468
1469
1471
1472
1472
1473
1475
1475
1476
1476
1478
1479
1479
1482
1482
1483
1484
1485
1485
1488
1488
1489
1489
1492
1492
1493
1494
1494
1497
1498
1498
1500
1501
1501
1502
1502
1505
1505
1506
1506
1507
1509
1510
1511
1512
1512
1514
1515
1515
1516
1518
1519
1520
1522
1523
1523
1523
1526
1526
1527
1527
1530
1530
1531
1533
1533
1534
1535
1537
1538
1538
1538
1539
1540
1543
1543
1544
1545
1546
1547
1548
1549
1549
1551
1552
1553
1555
1556
1556
1558
1559
1559
1559
1562
1562
1563
1564
1566
1567
1567
1568
1569
1571
1571
1572
1573
1575
1575
1575
1578
1579
1579
1580
1581
1583
1583
1584
1584
1585
1588
1588
1590
1590
1591
1592
1592
1593
1596
1597
1598
1598
1598
1600
1601
1601
1603
1604
1604
1606
1607
1609
1610
1610
1611
1612
1612
1613
1615
1616
1616
1618
1619
1620
1620
1622
1622
1623
1624
1626
1627
1628
1630
1630
1630
1632
1632
1634
1635
1635
1637
1638
1639
1641
1641
1642
1642
1644
1645
1646
1647
1648
1649
1650
1651
1653
1653
1655
1655
1656
1657
1659
1659
1660
1660
1663
1663
1664
1664
1665
1667
1669
1669
1670
1671
1672
1672
1673
1674
1677
1678
1678
1678
1679
1680
1682
1682
1684
1685
1687
1687
1688
1689
1691
1691
1693
1693
1694
1696
1696
1697
1698
1699
1699
1700
1702
1703
1703
1704
1707
1707
1708
1708
1710
1712
1712
1713
1714
1715
1715
1717
1718
1719
1720
1721
1723
1724
1725
1725
1726
1726
1727
1728
1729
1731
1731
1732
1734
1735
1737
1737
1738
1739
1740
1740
1741
1744
1745
1745
1745
1747
1748
1750
1750
1750
1751
1753
1754
1755
1756
1756
1757
1759
1759
1762
1763
1763
1764
1766
1767
1767
1767
1768
1770
1771
1771
1774
1774
1774
1775
1777
1778
1779
1781
1781
1782
1783
1784
1784
1786
1786
1789
1790
1790
1791
1793
1794
1795
1796
1796
1797
1798
1798
1800
1800
1802
1804
1804
1804
1805
1808
1808
1809
1810
1811
1812
1813
1813
1814
1815
1817
1818
1819
1820
1821
1823
1824
1824
1825
1826
1826
1827
1828
1830
1831
1832
1832
1835
1835
1836
1837
1837
1838
1840
1841
1841
1843
1844
1845
1847
1847
1847
1849
1850
1851
1852
1854
1854
1854
1856
1857
1858
1859
1859
1860
1863
1864
1865
1866
1866
1866
1869
1869
1870
1871
1872
1873
1874
1874
1875
1877
1879
1879
1879
1881
1881
1883
1884
1884
1886
1888
1889
1889
1890
1890
1891
1892
1894
1895
1897
1897
1897
1899
1900
1900
1902
1903
1905
1905
1906
1908
1909
1909
1910
1911
1912
1913
1913
1914
1915
1918
1918
1918
1919
1921
1922
1923
1923
1925
1926
1928
1928
1930
1930
1930
1931
1933
1933
1936
1937
1938
1939
1939
1939
1941
1943
1943
1945
1945
1946
1948
1948
1948
1950
1950
1952
1952
1955
1956
1956
1957
1958
1958
1960
1962
1963
1963
1965
1965
1967
1967
1968
1968
1971
1971
1972
1973
1973
1975
1976
1977
1978
1979
1981
1981
1981
1982
1984
1985
1986
1986
1989
1989
1989
1991
1992
1992
1994
1995
1996
1998
1999
1999
2000
2000
2001
arquivo ordenado pelo algoritmo bubblesort tempo da ordenação = 31.2011 milisegundos

