2
4
4
5
6
8
10
10
12
17
17
19
24
26
26
27
29
30
30
31
32
33
33
34
35
36
36
36
37
37
38
39
40
43
45
45
45
45
48
49
52
54
55
57
59
61
61
62
65
65
66
68
69
70
70
70
70
72
72
73
74
76
78
78
79
79
81
81
82
83
83
83
84
84
84
86
88
89
89
90
92
95
96
96
97
97
99
99
99
100
100
101
105
105
106
106
110
110
113
116
117
117
120
121
123
125
125
126
129
132
133
136
138
138
139
141
141
142
142
142
143
143
145
145
146
147
148
150
150
150
154
155
156
157
158
158
159
159
159
159
160
161
161
162
162
163
166
170
173
173
176
176
178
179
180
181
182
182
183
184
185
186
186
187
188
188
188
190
190
190
191
191
192
193
194
194
195
196
196
197
197
197
198
198
199
200
201
202
202
203
206
208
208
212
212
216
216
218
218
218
218
220
226
226
226
226
226
227
228
229
229
230
230
230
231
233
234
235
236
237
237
237
237
239
246
248
250
250
250
250
251
252
252
253
255
255
256
257
257
257
258
259
259
261
261
261
262
263
264
264
264
265
266
268
269
269
272
277
280
280
281
281
281
282
284
285
286
286
287
288
288
289
289
289
291
291
293
293
294
297
298
298
300
300
301
302
303
303
304
305
306
306
308
309
309
309
311
312
313
314
315
315
315
315
315
316
316
317
317
318
318
319
319
320
320
321
322
323
323
324
324
325
326
329
331
332
332
334
334
335
338
339
339
344
347
347
348
352
352
353
353
354
354
355
357
358
359
360
361
361
362
365
366
366
366
366
368
369
370
370
373
373
373
374
376
376
376
376
383
383
384
384
385
386
386
389
391
392
393
393
397
398
399
399
400
401
401
401
402
403
403
406
406
406
409
409
410
410
412
412
415
415
417
417
418
420
422
422
423
424
429
429
430
432
432
433
434
435
436
437
437
438
439
439
440
442
442
443
444
444
445
447
447
453
453
453
454
455
457
457
458
459
459
463
465
466
467
467
468
469
471
471
473
473
478
478
480
481
481
482
482
485
486
486
487
489
489
490
491
492
492
492
492
493
495
496
497
498
499
500
501
501
502
503
506
506
507
509
510
510
512
515
515
516
516
519
524
525
526
527
527
528
529
530
531
534
535
536
536
538
538
539
540
542
543
547
547
547
549
552
556
558
558
558
558
559
559
561
562
564
566
566
566
566
567
567
567
569
569
569
569
570
570
570
571
573
573
576
577
579
580
580
582
582
583
583
584
586
587
588
588
589
590
592
592
593
593
598
600
600
600
600
606
607
607
607
608
608
608
609
609
609
610
611
611
612
612
614
617
618
618
618
620
620
620
621
621
623
627
629
629
630
630
630
630
632
635
636
638
639
639
640
640
642
643
644
647
647
647
648
648
649
650
651
653
654
654
655
656
656
656
657
660
660
661
664
665
666
667
667
667
667
668
669
670
671
672
673
676
676
678
679
681
681
681
683
683
683
684
684
684
685
686
686
686
687
691
694
694
694
695
697
698
701
701
701
702
703
706
706
707
708
709
711
712
713
714
715
716
719
721
722
724
725
725
729
730
732
734
735
740
742
747
748
748
750
751
751
752
752
753
754
754
756
757
757
759
761
763
763
764
764
765
766
767
769
771
771
772
772
774
774
774
774
775
776
778
779
779
780
781
783
784
786
787
787
788
790
790
794
794
795
795
795
796
796
797
798
798
802
802
802
804
805
805
806
807
807
808
809
810
811
814
814
815
815
816
817
818
820
821
825
826
827
827
828
829
830
831
833
835
836
839
842
842
842
844
845
846
846
846
850
850
850
851
852
852
855
857
858
858
858
859
860
862
864
864
866
866
867
868
868
869
870
871
871
872
873
874
874
874
877
877
878
879
879
883
884
884
884
885
885
887
887
888
889
890
890
891
891
894
896
896
897
898
898
899
901
904
904
904
906
907
908
908
908
909
912
912
913
914
914
918
921
921
922
923
924
924
925
927
927
928
929
930
930
930
932
932
933
933
933
933
933
934
935
936
939
939
939
941
941
946
949
949
949
949
951
951
952
954
954
956
957
960
960
960
961
962
963
964
964
967
970
972
975
975
976
977
977
978
979
979
980
980
980
980
981
982
983
983
984
984
985
986
986
986
987
987
987
988
988
988
990
991
991
991
992
992
993
994
994
994
994
995
997
997
999
1000
1000
1001
1002
1002
1003
1006
1007
1007
1007
1007
1007
1007
1008
1008
1009
1009
1011
1011
1012
1013
1013
1014
1014
1016
1016
1018
1019
1020
1020
1021
1021
1021
1021
1022
1022
1022
1026
1026
1026
1029
1032
1033
1033
1035
1036
1038
1038
1039
1039
1039
1040
1042
1043
1043
1044
1046
1046
1048
1048
1049
1050
1050
1051
1052
1052
1053
1054
1054
1055
1056
1056
1056
1057
1057
1057
1060
1062
1064
1064
1064
1065
1065
1068
1069
1071
1072
1073
1073
1074
1076
1078
1078
1079
1080
1086
1086
1086
1088
1088
1089
1089
1091
1091
1091
1091
1096
1097
1097
1097
1098
1098
1099
1101
1103
1104
1106
1106
1108
1109
1110
1111
1113
1113
1114
1116
1116
1117
1118
1120
1123
1125
1125
1127
1129
1132
1135
1140
1141
1144
1145
1146
1148
1148
1151
1153
1153
1155
1155
1157
1159
1160
1161
1162
1164
1165
1165
1166
1168
1169
1171
1172
1172
1173
1175
1175
1176
1179
1180
1181
1183
1183
1184
1186
1186
1187
1191
1192
1192
1193
1193
1194
1194
1195
1195
1195
1197
1199
1201
1204
1204
1207
1208
1208
1209
1209
1209
1214
1214
1214
1215
1216
1219
1220
1220
1221
1221
1222
1223
1224
1225
1226
1230
1231
1232
1233
1233
1235
1235
1236
1236
1236
1237
1238
1238
1238
1240
1240
1241
1243
1244
1248
1249
1249
1252
1252
1253
1255
1255
1255
1256
1259
1260
1262
1264
1265
1266
1266
1267
1268
1269
1269
1270
1270
1271
1272
1272
1273
1275
1277
1278
1280
1281
1281
1283
1284
1284
1284
1287
1290
1291
1291
1292
1292
1295
1295
1295
1295
1295
1297
1298
1298
1300
1300
1300
1300
1300
1302
1303
1303
1303
1305
1306
1307
1307
1307
1309
1309
1309
1311
1311
1311
1312
1314
1314
1314
1316
1316
1316
1317
1317
1319
1323
1324
1324
1324
1325
1326
1326
1326
1328
1328
1329
1329
1330
1331
1332
1339
1341
1342
1346
1347
1347
1348
1349
1349
1351
1352
1352
1353
1356
1356
1359
1360
1365
1366
1367
1367
1368
1370
1371
1372
1373
1373
1374
1376
1378
1378
1378
1379
1379
1379
1384
1384
1385
1386
1387
1388
1388
1388
1388
1390
1392
1395
1395
1397
1397
1398
1400
1400
1402
1404
1404
1405
1405
1405
1407
1407
1407
1407
1409
1409
1410
1411
1412
1413
1414
1414
1415
1416
1417
1417
1417
1420
1422
1422
1422
1423
1423
1425
1425
1426
1427
1427
1428
1428
1432
1432
1432
1433
1434
1434
1435
1437
1437
1438
1440
1440
1440
1440
1441
1443
1443
1444
1445
1445
1448
1448
1449
1450
1453
1456
1458
1458
1460
1462
1467
1469
1474
1475
1476
1476
1476
1478
1479
1480
1482
1484
1487
1491
1491
1492
1492
1493
1495
1495
1495
1496
1496
1498
1500
1500
1501
1503
1504
1504
1506
1507
1507
1509
1512
1513
1515
1520
1523
1523
1524
1525
1525
1526
1526
1528
1529
1529
1529
1530
1533
1534
1534
1536
1536
1538
1540
1540
1543
1543
1544
1546
1547
1548
1548
1550
1551
1551
1551
1551
1551
1553
1554
1556
1558
1559
1559
1560
1560
1563
1563
1564
1565
1566
1567
1567
1567
1568
1568
1569
1570
1570
1570
1570
1574
1575
1575
1576
1576
1577
1578
1578
1580
1580
1581
1583
1584
1585
1586
1590
1591
1592
1592
1592
1593
1593
1597
1597
1597
1597
1597
1598
1598
1599
1603
1604
1604
1605
1605
1608
1608
1611
1611
1613
1613
1613
1614
1617
1618
1619
1619
1621
1622
1623
1623
1624
1625
1625
1629
1629
1630
1631
1631
1632
1633
1637
1638
1639
1640
1640
1643
1644
1644
1646
1647
1647
1648
1649
1649
1649
1650
1652
1653
1655
1656
1657
1659
1660
1661
1663
1664
1665
1666
1667
1667
1667
1668
1669
1669
1670
1670
1670
1671
1675
1676
1677
1677
1677
1678
1678
1679
1681
1682
1685
1685
1687
1688
1689
1690
1692
1693
1694
1697
1698
1699
1700
1700
1700
1701
1701
1702
1703
1703
1704
1707
1708
1710
1710
1711
1713
1713
1715
1716
1716
1717
1718
1719
1720
1721
1721
1723
1723
1727
1727
1728
1730
1730
1731
1733
1733
1734
1735
1737
1739
1740
1741
1745
1746
1746
1747
1747
1749
1750
1751
1752
1752
1753
1753
1753
1757
1758
1758
1759
1760
1760
1761
1762
1762
1762
1763
1764
1764
1764
1764
1765
1766
1768
1768
1768
1770
1770
1771
1773
1776
1777
1777
1778
1783
1783
1784
1785
1785
1785
1787
1787
1787
1788
1790
1790
1791
1792
1793
1793
1794
1795
1795
1795
1796
1796
1797
1797
1799
1799
1802
1802
1803
1804
1805
1806
1808
1808
1808
1809
1809
1812
1812
1813
1816
1817
1817
1820
1821
1822
1823
1823
1824
1825
1825
1826
1827
1829
1831
1832
1834
1835
1836
1838
1838
1841
1842
1842
1843
1844
1844
1846
1852
1852
1852
1852
1853
1855
1855
1856
1857
1857
1857
1858
1860
1861
1861
1862
1863
1864
1865
1867
1868
1868
1869
1869
1871
1871
1873
1877
1879
1879
1880
1880
1882
1882
1882
1884
1885
1886
1886
1887
1887
1887
1888
1891
1893
1895
1895
1896
1898
1899
1900
1901
1902
1903
1905
1910
1913
1914
1915
1915
1915
1916
1917
1917
1919
1919
1919
1920
1921
1921
1923
1925
1926
1927
1930
1931
1932
1933
1934
1935
1935
1936
1938
1939
1941
1941
1941
1942
1942
1942
1942
1942
1943
1944
1945
1946
1948
1949
1949
1950
1952
1952
1953
1953
1954
1955
1956
1956
1956
1957
1957
1957
1957
1958
1959
1959
1961
1963
1963
1963
1963
1964
1965
1966
1966
1968
1968
1970
1971
1973
1973
1973
1976
1976
1977
1978
1978
1981
1981
1981
1982
1982
1983
1983
1983
1984
1984
1985
1987
1988
1989
1991
1991
1992
1992
1995
1995
1996
1997
1998
2000
2000
2001
2001
2002
2002
2005
2008
2008
2009
2011
2012
2012
2016
2018
2021
2022
2023
2024
2024
2025
2026
2026
2027
2028
2028
2029
2029
2030
2031
2032
2033
2033
2034
2034
2034
2034
2034
2035
2035
2038
2040
2040
2041
2041
2044
2044
2045
2045
2046
2047
2047
2047
2048
2048
2053
2053
2053
2054
2055
2056
2057
2057
2057
2058
2058
2060
2063
2064
2064
2065
2065
2065
2066
2067
2067
2068
2068
2069
2071
2072
2072
2072
2073
2074
2074
2074
2075
2077
2079
2079
2081
2081
2081
2082
2082
2082
2083
2085
2086
2086
2086
2087
2087
2089
2089
2090
2090
2091
2091
2091
2092
2095
2095
2096
2096
2097
2099
2101
2103
2105
2106
2106
2107
2108
2108
2110
2111
2111
2113
2113
2115
2117
2119
2119
2120
2121
2121
2125
2126
2126
2127
2127
2128
2129
2129
2130
2132
2134
2135
2136
2136
2137
2137
2138
2138
2138
2139
2141
2141
2142
2143
2143
2143
2144
2145
2145
2145
2145
2146
2146
2147
2149
2151
2151
2151
2153
2154
2155
2155
2156
2158
2158
2162
2162
2162
2163
2163
2164
2164
2164
2165
2166
2170
2174
2178
2183
2184
2185
2187
2188
2188
2191
2193
2195
2197
2197
2201
2202
2202
2204
2206
2210
2210
2210
2211
2211
2211
2212
2212
2213
2213
2216
2218
2219
2220
2222
2223
2224
2225
2226
2228
2228
2230
2232
2232
2232
2234
2238
2238
2239
2239
2239
2240
2243
2243
2243
2244
2244
2245
2245
2249
2249
2249
2251
2252
2253
2254
2254
2255
2256
2256
2257
2258
2258
2260
2260
2262
2264
2266
2266
2270
2270
2272
2272
2273
2274
2274
2277
2278
2281
2285
2285
2287
2287
2288
2288
2288
2289
2289
2290
2293
2295
2295
2295
2295
2298
2298
2298
2299
2300
2302
2303
2304
2307
2310
2310
2311
2311
2312
2313
2314
2315
2316
2316
2317
2318
2318
2319
2320
2320
2321
2321
2322
2322
2323
2324
2325
2325
2326
2326
2327
2327
2328
2330
2331
2333
2334
2335
2336
2336
2336
2337
2337
2338
2339
2340
2341
2341
2341
2341
2341
2341
2342
2342
2343
2345
2346
2347
2348
2349
2349
2350
2351
2351
2351
2352
2352
2357
2359
2359
2361
2364
2365
2366
2366
2366
2367
2368
2369
2370
2373
2374
2376
2376
2378
2380
2381
2382
2383
2384
2384
2385
2386
2387
2387
2388
2389
2391
2391
2391
2393
2393
2393
2394
2397
2397
2397
2397
2399
2400
2400
2400
2400
2401
2401
2402
2403
2403
2403
2406
2406
2407
2408
2409
2411
2412
2414
2414
2414
2415
2417
2417
2417
2417
2417
2418
2419
2419
2419
2419
2420
2420
2422
2423
2427
2428
2429
2429
2429
2432
2434
2434
2436
2437
2437
2437
2438
2439
2441
2441
2442
2443
2444
2447
2453
2457
2457
2458
2466
2466
2467
2467
2468
2469
2469
2470
2471
2472
2473
2475
2475
2475
2476
2478
2478
2479
2479
2481
2481
2482
2483
2483
2484
2484
2487
2488
2490
2492
2493
2493
2494
2494
2495
2496
2498
2499
2501
2505
2505
2506
2506
2508
2508
2509
2509
2509
2512
2513
2514
2514
2514
2514
2515
2515
2515
2517
2519
2519
2520
2520
2520
2520
2522
2523
2523
2526
2526
2526
2527
2527
2527
2528
2528
2529
2529
2529
2530
2530
2531
2531
2531
2531
2532
2534
2536
2537
2540
2540
2542
2542
2544
2545
2546
2546
2547
2548
2551
2551
2553
2553
2553
2554
2554
2555
2555
2558
2558
2558
2562
2563
2563
2564
2565
2565
2565
2566
2566
2569
2569
2570
2570
2571
2573
2573
2574
2574
2575
2575
2576
2576
2580
2580
2580
2581
2583
2584
2586
2586
2586
2590
2590
2590
2592
2592
2593
2595
2596
2597
2597
2599
2601
2602
2605
2607
2607
2607
2609
2611
2611
2613
2613
2615
2615
2615
2615
2616
2616
2616
2616
2617
2619
2619
2620
2620
2621
2621
2624
2626
2627
2628
2630
2630
2632
2632
2632
2632
2633
2634
2634
2635
2637
2638
2638
2638
2639
2639
2642
2642
2647
2649
2650
2650
2651
2651
2652
2653
2654
2659
2659
2662
2662
2664
2665
2667
2669
2669
2669
2669
2670
2670
2670
2671
2671
2672
2673
2673
2673
2675
2675
2677
2678
2680
2682
2683
2683
2685
2687
2688
2689
2689
2690
2691
2691
2691
2694
2694
2695
2695
2696
2697
2697
2698
2698
2699
2699
2700
2702
2702
2702
2705
2705
2706
2711
2711
2712
2712
2712
2712
2713
2714
2714
2715
2715
2716
2716
2716
2716
2716
2717
2717
2718
2719
2719
2719
2720
2721
2721
2722
2723
2724
2726
2727
2728
2729
2730
2732
2733
2735
2735
2737
2738
2739
2742
2743
2744
2745
2747
2748
2750
2751
2753
2753
2754
2754
2755
2756
2756
2756
2756
2757
2760
2761
2763
2765
2768
2769
2770
2771
2771
2771
2771
2774
2774
2774
2775
2775
2777
2778
2778
2779
2780
2782
2783
2783
2787
2787
2790
2790
2791
2791
2792
2792
2793
2796
2796
2796
2801
2803
2805
2807
2807
2807
2807
2808
2809
2809
2810
2810
2811
2813
2814
2819
2820
2820
2821
2821
2822
2823
2823
2824
2824
2825
2826
2827
2827
2827
2828
2829
2829
2830
2833
2833
2834
2834
2837
2837
2838
2839
2841
2841
2841
2842
2842
2843
2844
2846
2846
2847
2848
2848
2849
2850
2851
2853
2854
2855
2855
2855
2857
2858
2859
2860
2863
2864
2864
2869
2870
2873
2874
2874
2876
2876
2877
2877
2879
2880
2880
2881
2882
2885
2885
2885
2885
2887
2887
2887
2889
2889
2890
2891
2892
2894
2894
2894
2895
2896
2898
2900
2901
2901
2902
2903
2903
2904
2906
2906
2906
2907
2907
2908
2910
2913
2913
2913
2914
2915
2916
2916
2918
2921
2923
2924
2924
2924
2924
2925
2926
2927
2928
2929
2930
2930
2931
2932
2934
2937
2938
2938
2940
2940
2941
2942
2943
2944
2945
2945
2946
2946
2947
2948
2949
2950
2950
2950
2951
2952
2953
2953
2954
2954
2955
2956
2957
2958
2958
2959
2960
2961
2964
2965
2967
2970
2970
2971
2972
2972
2973
2974
2974
2975
2976
2976
2976
2977
2979
2980
2980
2981
2981
2981
2982
2982
2983
2984
2984
2986
2986
2987
2987
2989
2989
2990
2992
2993
2994
2995
2996
2998
2998
2999
3000
3000
3000
3001
3003
3004
3004
3004
3004
3004
3006
3007
3009
3009
3010
3010
3011
3011
3012
3012
3013
3015
3015
3016
3016
3017
3019
3019
3022
3023
3023
3025
3026
3026
3027
3028
3028
3030
3030
3030
3030
3031
3033
3034
3035
3035
3036
3036
3037
3037
3037
3038
3038
3039
3041
3043
3044
3046
3052
3053
3055
3057
3057
3058
3059
3059
3060
3060
3061
3061
3063
3064
3064
3065
3068
3069
3069
3071
3073
3073
3074
3074
3074
3075
3075
3075
3077
3079
3080
3081
3083
3083
3084
3085
3085
3086
3087
3087
3087
3088
3088
3090
3090
3091
3091
3091
3092
3093
3093
3093
3094
3095
3095
3097
3097
3098
3099
3099
3100
3101
3103
3104
3107
3109
3109
3110
3111
3114
3115
3116
3117
3117
3117
3119
3119
3119
3119
3119
3121
3121
3121
3121
3123
3124
3124
3125
3127
3129
3130
3130
3131
3132
3132
3133
3135
3135
3136
3136
3138
3139
3141
3141
3142
3143
3144
3144
3145
3145
3146
3152
3152
3153
3154
3155
3155
3157
3158
3159
3160
3160
3160
3161
3161
3163
3163
3164
3166
3167
3170
3172
3173
3173
3174
3174
3175
3176
3176
3176
3178
3178
3179
3179
3180
3182
3183
3184
3185
3186
3186
3187
3187
3188
3188
3189
3191
3192
3192
3193
3193
3194
3194
3198
3200
3201
3202
3204
3205
3206
3206
3207
3208
3209
3210
3210
3211
3213
3214
3215
3216
3216
3217
3219
3219
3220
3221
3222
3223
3224
3225
3225
3226
3227
3228
3229
3229
3230
3230
3230
3231
3232
3234
3235
3236
3236
3239
3240
3241
3242
3243
3246
3247
3249
3250
3252
3255
3256
3256
3258
3259
3259
3260
3261
3261
3262
3263
3263
3264
3264
3264
3265
3265
3265
3265
3266
3266
3269
3269
3270
3270
3271
3272
3274
3274
3275
3276
3279
3280
3281
3282
3282
3284
3284
3285
3286
3288
3289
3289
3289
3289
3290
3293
3293
3295
3299
3299
3300
3301
3302
3302
3302
3304
3305
3306
3308
3312
3313
3315
3316
3316
3316
3317
3319
3319
3320
3320
3320
3320
3320
3324
3325
3326
3327
3328
3330
3331
3332
3333
3333
3333
3334
3335
3336
3336
3338
3339
3339
3339
3339
3340
3340
3342
3342
3343
3343
3343
3345
3347
3348
3349
3349
3349
3350
3354
3356
3356
3360
3360
3362
3362
3363
3363
3363
3364
3364
3364
3366
3368
3375
3375
3378
3378
3378
3378
3379
3379
3382
3383
3383
3383
3385
3389
3390
3391
3391
3391
3391
3392
3394
3395
3396
3396
3398
3398
3401
3402
3404
3405
3406
3407
3408
3409
3410
3410
3410
3412
3413
3416
3418
3418
3420
3421
3422
3422
3422
3422
3423
3425
3427
3428
3430
3432
3434
3434
3435
3435
3437
3439
3441
3444
3447
3448
3451
3453
3454
3457
3457
3458
3458
3458
3458
3461
3461
3462
3462
3462
3465
3465
3467
3470
3471
3471
3472
3473
3473
3474
3475
3476
3476
3477
3478
3479
3481
3481
3481
3482
3483
3484
3484
3484
3484
3485
3486
3487
3488
3488
3489
3489
3489
3490
3490
3490
3491
3493
3493
3494
3495
3495
3495
3497
3498
3498
3498
3499
3501
3503
3505
3506
3507
3507
3509
3509
3510
3513
3515
3516
3517
3517
3518
3519
3520
3520
3522
3523
3523
3524
3526
3527
3527
3531
3531
3532
3533
3533
3535
3536
3537
3537
3538
3538
3539
3540
3543
3547
3550
3551
3552
3553
3554
3554
3556
3556
3556
3559
3560
3562
3563
3566
3566
3568
3568
3568
3568
3570
3570
3572
3573
3574
3577
3579
3580
3581
3583
3583
3584
3584
3588
3589
3590
3591
3591
3592
3594
3596
3596
3596
3597
3598
3599
3599
3599
3601
3601
3604
3606
3607
3608
3610
3610
3610
3611
3612
3612
3613
3614
3614
3614
3616
3616
3617
3617
3617
3618
3619
3619
3620
3622
3622
3623
3623
3623
3625
3625
3626
3626
3627
3628
3628
3630
3631
3633
3633
3635
3635
3638
3638
3638
3638
3641
3641
3643
3647
3647
3648
3651
3652
3652
3653
3659
3659
3659
3660
3661
3664
3664
3664
3665
3667
3668
3668
3669
3669
3670
3672
3674
3676
3677
3677
3678
3678
3683
3684
3685
3687
3688
3689
3689
3690
3693
3694
3694
3695
3695
3695
3695
3697
3700
3700
3702
3703
3703
3703
3705
3705
3706
3706
3707
3707
3708
3708
3711
3713
3716
3718
3719
3720
3721
3721
3722
3724
3724
3725
3726
3726
3726
3727
3729
3730
3730
3732
3732
3732
3734
3735
3735
3739
3740
3742
3743
3744
3747
3748
3748
3751
3752
3753
3753
3755
3755
3756
3759
3760
3760
3762
3763
3765
3767
3772
3774
3774
3774
3775
3776
3776
3777
3777
3777
3778
3779
3779
3780
3780
3781
3783
3787
3789
3789
3789
3789
3791
3792
3792
3793
3797
3797
3798
3798
3806
3806
3806
3806
3808
3809
3810
3810
3811
3813
3815
3815
3817
3817
3817
3818
3819
3820
3822
3823
3823
3823
3824
3824
3824
3825
3826
3827
3827
3827
3828
3828
3830
3830
3831
3831
3832
3832
3834
3836
3836
3837
3839
3839
3839
3840
3841
3843
3844
3845
3845
3846
3848
3850
3850
3851
3853
3853
3855
3858
3859
3860
3861
3861
3863
3865
3866
3868
3868
3869
3870
3872
3872
3873
3874
3874
3875
3877
3877
3877
3878
3879
3881
3881
3883
3883
3883
3888
3888
3888
3892
3893
3893
3894
3894
3894
3896
3896
3898
3901
3903
3903
3904
3905
3905
3907
3909
3909
3910
3912
3912
3913
3914
3914
3915
3915
3918
3921
3922
3923
3924
3925
3927
3927
3927
3928
3929
3930
3931
3931
3932
3932
3933
3934
3935
3935
3937
3938
3939
3939
3939
3940
3940
3940
3942
3943
3943
3944
3945
3946
3946
3950
3950
3951
3952
3952
3953
3953
3954
3954
3954
3955
3957
3957
3957
3957
3958
3960
3960
3961
3961
3962
3962
3963
3963
3964
3964
3965
3965
3965
3967
3969
3970
3970
3971
3971
3971
3972
3973
3974
3974
3975
3976
3976
3977
3978
3979
3981
3982
3983
3985
3986
3986
3987
3988
3988
3988
3990
3990
3991
3992
3993
3994
3995
3995
3996
3996
3996
4000
4000
4001
4006
4006
4007
4008
4008
4010
4014
4018
4018
4020
4021
4023
4023
4026
4029
4029
4030
4030
4031
4032
4033
4033
4034
4034
4037
4037
4040
4042
4045
4047
4047
4047
4049
4049
4054
4054
4055
4055
4055
4055
4058
4063
4066
4067
4067
4069
4069
4069
4069
4070
4070
4071
4071
4071
4072
4072
4072
4073
4073
4073
4074
4075
4076
4076
4077
4077
4079
4080
4081
4081
4081
4082
4084
4086
4086
4089
4090
4091
4092
4094
4094
4094
4095
4095
4096
4096
4096
4098
4099
4100
4101
4101
4102
4102
4104
4104
4104
4105
4106
4107
4107
4108
4108
4109
4109
4110
4112
4114
4114
4115
4116
4117
4118
4119
4120
4121
4121
4121
4122
4127
4127
4127
4128
4130
4131
4131
4131
4132
4134
4135
4135
4136
4137
4137
4138
4139
4140
4140
4141
4144
4146
4150
4151
4153
4154
4154
4154
4157
4158
4160
4161
4161
4163
4163
4165
4166
4167
4167
4168
4169
4169
4171
4171
4173
4173
4174
4178
4179
4180
4180
4180
4181
4181
4185
4185
4185
4185
4186
4190
4190
4190
4192
4192
4194
4194
4195
4196
4197
4197
4198
4200
4201
4202
4202
4203
4204
4205
4206
4209
4211
4211
4212
4212
4213
4213
4215
4216
4219
4219
4220
4221
4223
4228
4229
4230
4231
4232
4233
4236
4237
4237
4237
4238
4238
4238
4239
4239
4240
4240
4242
4245
4245
4246
4248
4249
4249
4250
4250
4251
4251
4252
4252
4253
4253
4253
4254
4254
4255
4256
4257
4260
4261
4262
4263
4263
4264
4265
4266
4267
4269
4270
4271
4271
4274
4274
4274
4275
4275
4276
4278
4278
4279
4279
4281
4286
4287
4287
4288
4289
4289
4290
4291
4294
4294
4295
4296
4299
4299
4302
4304
4304
4304
4306
4307
4308
4311
4312
4312
4314
4314
4315
4317
4318
4319
4319
4320
4320
4321
4324
4325
4326
4327
4328
4329
4330
4331
4335
4335
4336
4337
4338
4340
4340
4340
4342
4343
4343
4346
4346
4347
4348
4349
4351
4351
4353
4354
4355
4356
4362
4363
4363
4363
4364
4364
4365
4366
4368
4369
4369
4370
4371
4376
4376
4377
4377
4378
4378
4379
4379
4380
4381
4382
4382
4382
4385
4386
4386
4386
4386
4386
4388
4390
4392
4392
4393
4394
4394
4394
4395
4395
4395
4397
4400
4402
4403
4404
4405
4406
4407
4407
4407
4408
4411
4412
4412
4413
4413
4414
4415
4416
4417
4417
4419
4419
4419
4421
4422
4423
4425
4428
4431
4431
4431
4432
4433
4433
4434
4436
4436
4438
4438
4440
4440
4440
4441
4445
4446
4446
4446
4450
4450
4450
4450
4451
4452
4456
4456
4457
4460
4461
4463
4463
4467
4468
4472
4472
4475
4476
4477
4478
4478
4478
4481
4481
4481
4481
4485
4485
4489
4491
4492
4492
4494
4496
4497
4498
4498
4500
4501
4502
4502
4502
4503
4506
4507
4507
4508
4509
4509
4509
4509
4509
4510
4514
4514
4523
4523
4523
4524
4525
4527
4528
4528
4528
4530
4530
4530
4531
4533
4535
4536
4537
4538
4538
4539
4541
4541
4542
4542
4543
4544
4544
4545
4545
4548
4548
4548
4549
4550
4553
4553
4553
4554
4554
4555
4558
4558
4558
4558
4559
4559
4560
4560
4560
4561
4562
4565
4566
4566
4567
4568
4570
4570
4571
4571
4572
4573
4574
4574
4574
4574
4575
4576
4576
4577
4578
4582
4583
4584
4584
4584
4585
4586
4587
4588
4588
4591
4592
4592
4592
4593
4595
4597
4600
4602
4605
4605
4605
4606
4607
4609
4609
4610
4611
4611
4612
4613
4614
4615
4615
4616
4616
4616
4620
4620
4621
4621
4622
4622
4623
4623
4626
4627
4628
4629
4631
4634
4634
4634
4636
4636
4637
4637
4639
4639
4639
4640
4640
4640
4641
4642
4643
4643
4645
4647
4647
4648
4648
4650
4650
4651
4652
4652
4655
4657
4657
4658
4659
4660
4660
4660
4661
4662
4662
4666
4666
4668
4669
4669
4671
4671
4678
4679
4679
4680
4681
4683
4685
4686
4686
4686
4687
4688
4690
4692
4692
4695
4695
4696
4696
4697
4698
4700
4703
4704
4705
4707
4709
4709
4711
4713
4714
4715
4716
4716
4717
4719
4719
4720
4723
4724
4726
4726
4727
4728
4731
4731
4732
4733
4733
4733
4735
4737
4739
4741
4742
4745
4745
4746
4747
4747
4749
4749
4751
4752
4753
4757
4760
4761
4761
4762
4763
4763
4770
4770
4770
4772
4773
4774
4774
4774
4777
4778
4778
4778
4780
4782
4783
4783
4783
4784
4785
4786
4786
4787
4787
4788
4788
4790
4791
4791
4793
4793
4794
4796
4797
4798
4798
4798
4799
4800
4802
4804
4806
4809
4809
4809
4809
4809
4812
4814
4814
4817
4818
4819
4819
4820
4821
4822
4822
4826
4826
4827
4828
4828
4830
4832
4833
4833
4833
4834
4834
4835
4836
4836
4838
4838
4839
4843
4844
4846
4849
4849
4850
4853
4853
4854
4854
4857
4857
4859
4859
4859
4861
4861
4862
4863
4863
4864
4865
4866
4868
4868
4868
4874
4876
4877
4877
4878
4879
4879
4881
4882
4885
4886
4887
4887
4887
4888
4890
4890
4891
4892
4892
4893
4894
4894
4895
4895
4895
4896
4897
4898
4899
4900
4901
4902
4902
4903
4904
4905
4905
4907
4907
4908
4911
4911
4912
4912
4913
4914
4914
4914
4915
4917
4917
4918
4919
4920
4920
4920
4922
4924
4927
4927
4929
4930
4930
4932
4933
4934
4935
4936
4936
4937
4937
4938
4942
4942
4944
4944
4945
4947
4947
4948
4948
4949
4950
4950
4951
4952
4953
4954
4954
4954
4955
4955
4957
4957
4959
4959
4960
4962
4964
4964
4965
4965
4966
4966
4967
4967
4969
4971
4974
4974
4974
4977
4977
4978
4979
4981
4982
4982
4983
4984
4986
4986
4987
4988
4988
4991
4991
4994
4995
4996
4996
4997
4999
5001
5001
5002
5002
5002
5003
5003
5003
5004
5004
5006
5006
5008
5011
5011
5011
5011
5011
5012
5014
5017
5020
5021
5023
5024
5026
5026
5027
5027
5028
5030
5030
5030
5032
5032
5035
5035
5035
5037
5037
5038
5038
5039
5041
5041
5042
5043
5048
5048
5050
5051
5052
5052
5053
5053
5054
5056
5056
5060
5064
5065
5065
5068
5071
5071
5072
5072
5073
5074
5074
5075
5075
5076
5077
5078
5082
5084
5085
5086
5087
5087
5088
5091
5092
5092
5093
5094
5095
5096
5096
5098
5098
5098
5099
5099
5101
5101
5101
5102
5102
5102
5103
5103
5104
5104
5105
5106
5107
5108
5109
5110
5110
5112
5112
5112
5113
5113
5114
5114
5115
5115
5115
5117
5118
5118
5118
5119
5120
5120
5121
5121
5122
5122
5123
5123
5130
5131
5131
5132
5133
5133
5134
5135
5135
5136
5136
5136
5136
5138
5140
5141
5142
5142
5143
5144
5145
5146
5146
5150
5151
5151
5151
5152
5153
5153
5153
5154
5156
5159
5161
5162
5162
5163
5163
5164
5164
5164
5164
5167
5167
5168
5169
5170
5171
5172
5173
5173
5173
5175
5175
5176
5178
5178
5181
5182
5184
5185
5187
5189
5190
5191
5191
5192
5192
5192
5192
5194
5196
5198
5199
5200
5200
5201
5201
5201
5201
5201
5202
5202
5203
5206
5207
5208
5208
5209
5211
5211
5213
5213
5215
5215
5215
5217
5219
5220
5220
5224
5226
5226
5227
5228
5230
5232
5232
5232
5236
5237
5239
5242
5244
5245
5245
5246
5246
5247
5248
5248
5250
5251
5251
5251
5252
5254
5256
5256
5257
5258
5258
5259
5260
5262
5263
5263
5265
5265
5265
5266
5266
5268
5268
5270
5270
5271
5273
5273
5273
5275
5276
5276
5278
5279
5279
5281
5282
5285
5285
5287
5288
5289
5289
5289
5291
5291
5292
5293
5298
5299
5300
5300
5301
5301
5302
5306
5307
5307
5308
5309
5310
5310
5311
5312
5312
5314
5314
5315
5316
5316
5316
5317
5319
5319
5321
5321
5322
5325
5325
5328
5328
5329
5329
5329
5330
5330
5331
5332
5333
5333
5334
5334
5335
5336
5337
5340
5342
5343
5343
5344
5345
5347
5347
5351
5351
5352
5353
5353
5354
5354
5354
5355
5355
5356
5357
5357
5359
5359
5359
5360
5361
5362
5363
5364
5367
5367
5368
5368
5369
5370
5372
5372
5373
5374
5374
5374
5375
5375
5376
5376
5377
5377
5381
5383
5384
5386
5387
5387
5388
5388
5390
5390
5391
5391
5397
5397
5398
5400
5400
5404
5404
5404
5405
5406
5407
5409
5410
5410
5412
5413
5416
5417
5418
5418
5420
5420
5420
5421
5421
5422
5422
5423
5424
5424
5425
5425
5426
5426
5429
5430
5431
5432
5437
5439
5440
5441
5441
5442
5443
5444
5444
5445
5449
5449
5450
5451
5453
5454
5455
5455
5455
5455
5457
5458
5458
5458
5459
5462
5463
5464
5464
5464
5464
5467
5468
5469
5469
5469
5471
5472
5472
5473
5474
5475
5478
5480
5482
5483
5483
5483
5485
5485
5487
5488
5491
5491
5492
5494
5497
5498
5498
5498
5500
5503
5503
5505
5506
5506
5507
5508
5509
5509
5509
5511
5511
5512
5513
5514
5514
5516
5517
5518
5519
5521
5524
5525
5525
5534
5534
5535
5538
5540
5540
5541
5543
5545
5547
5547
5547
5548
5550
5550
5550
5553
5554
5554
5554
5556
5557
5557
5557
5559
5562
5562
5563
5564
5564
5566
5567
5568
5569
5569
5571
5572
5574
5574
5576
5576
5577
5577
5580
5581
5582
5582
5582
5582
5584
5585
5587
5589
5591
5591
5592
5593
5593
5594
5594
5595
5599
5599
5600
5600
5602
5602
5603
5604
5605
5605
5606
5608
5611
5611
5612
5612
5612
5614
5615
5617
5617
5617
5618
5620
5623
5625
5625
5625
5626
5626
5626
5626
5626
5627
5627
5628
5629
5629
5630
5630
5631
5633
5635
5635
5636
5636
5636
5641
5644
5646
5649
5650
5650
5650
5651
5652
5653
5654
5655
5656
5659
5659
5661
5662
5662
5663
5664
5666
5666
5667
5668
5668
5668
5672
5672
5672
5672
5673
5673
5673
5675
5676
5677
5677
5677
5677
5678
5679
5681
5682
5682
5682
5683
5683
5685
5685
5685
5686
5688
5688
5690
5692
5693
5694
5695
5695
5696
5697
5697
5698
5700
5701
5701
5702
5702
5702
5702
5704
5705
5705
5706
5706
5708
5710
5710
5710
5711
5712
5716
5716
5718
5720
5722
5722
5722
5724
5724
5725
5725
5725
5727
5731
5732
5732
5732
5733
5734
5734
5735
5735
5736
5736
5737
5737
5737
5740
5740
5740
5741
5742
5743
5745
5749
5749
5749
5749
5751
5751
5751
5751
5754
5755
5756
5756
5757
5758
5758
5759
5760
5762
5763
5764
5764
5765
5766
5766
5766
5768
5769
5769
5769
5772
5773
5774
5776
5778
5778
5778
5783
5784
5785
5785
5786
5786
5787
5787
5787
5788
5788
5790
5791
5792
5797
5798
5798
5799
5801
5803
5806
5806
5806
5808
5809
5810
5811
5812
5812
5812
5812
5813
5814
5817
5817
5819
5820
5820
5820
5821
5822
5823
5824
5824
5825
5826
5827
5827
5828
5828
5830
5831
5832
5832
5832
5833
5834
5834
5835
5835
5835
5836
5836
5836
5836
5837
5837
5841
5845
5846
5848
5849
5850
5850
5853
5854
5856
5856
5856
5859
5860
5860
5861
5861
5861
5862
5863
5863
5863
5864
5864
5865
5865
5867
5867
5869
5869
5870
5871
5872
5872
5873
5874
5875
5875
5878
5879
5880
5881
5881
5885
5887
5887
5888
5888
5889
5889
5891
5891
5892
5894
5894
5899
5899
5900
5901
5903
5904
5904
5906
5907
5907
5909
5910
5912
5913
5917
5917
5917
5918
5918
5919
5919
5919
5919
5919
5923
5924
5926
5926
5927
5927
5928
5929
5929
5930
5932
5933
5933
5933
5935
5935
5937
5938
5938
5938
5939
5941
5943
5943
5946
5947
5948
5952
5952
5953
5953
5954
5954
5955
5956
5956
5957
5957
5957
5957
5957
5960
5961
5963
5964
5965
5966
5968
5969
5969
5970
5973
5974
5974
5974
5974
5975
5976
5979
5982
5985
5985
5986
5987
5988
5988
5989
5989
5989
5989
5990
5990
5992
5993
5996
5996
5996
5997
5998
5998
5998
5998
5998
5999
6000
6002
6002
6004
6006
6007
6008
6008
6008
6009
6010
6012
6014
6015
6016
6017
6018
6018
6019
6020
6021
6022
6022
6023
6024
6024
6024
6025
6025
6025
6027
6028
6028
6029
6030
6031
6031
6031
6035
6036
6036
6039
6039
6040
6041
6042
6043
6046
6046
6047
6049
6050
6052
6052
6053
6053
6055
6056
6057
6058
6058
6058
6061
6062
6062
6063
6064
6064
6065
6065
6066
6067
6069
6072
6072
6075
6077
6078
6079
6080
6080
6082
6082
6083
6084
6084
6086
6086
6086
6087
6087
6088
6089
6089
6090
6090
6090
6091
6091
6092
6092
6093
6095
6095
6097
6097
6098
6098
6099
6099
6102
6103
6104
6105
6105
6105
6107
6108
6108
6110
6111
6111
6113
6115
6115
6116
6117
6119
6120
6123
6123
6124
6126
6126
6127
6127
6127
6130
6132
6132
6135
6136
6136
6136
6137
6137
6138
6139
6140
6141
6144
6145
6145
6147
6147
6149
6149
6150
6150
6151
6151
6152
6152
6154
6154
6155
6157
6157
6160
6164
6167
6168
6168
6169
6169
6170
6170
6170
6170
6172
6175
6175
6175
6175
6176
6178
6180
6181
6181
6182
6183
6184
6184
6186
6188
6190
6191
6193
6194
6194
6195
6199
6199
6200
6202
6202
6203
6205
6206
6206
6207
6208
6209
6209
6209
6211
6212
6212
6213
6215
6215
6216
6218
6218
6218
6218
6219
6219
6221
6221
6222
6223
6224
6225
6230
6230
6231
6231
6233
6233
6233
6234
6236
6236
6237
6238
6238
6241
6242
6242
6243
6243
6243
6244
6245
6245
6246
6246
6247
6247
6248
6248
6248
6248
6248
6250
6254
6255
6256
6257
6257
6258
6259
6260
6260
6261
6263
6263
6264
6265
6266
6266
6267
6268
6269
6271
6271
6272
6274
6274
6275
6277
6277
6278
6279
6280
6280
6281
6282
6282
6283
6284
6285
6289
6290
6291
6295
6295
6296
6296
6296
6297
6298
6298
6301
6301
6302
6302
6304
6304
6305
6306
6307
6307
6308
6311
6314
6314
6314
6316
6316
6319
6319
6319
6319
6320
6320
6324
6326
6326
6326
6326
6326
6328
6328
6332
6332
6333
6335
6335
6336
6336
6337
6337
6337
6338
6338
6338
6341
6341
6342
6343
6344
6348
6349
6349
6350
6352
6354
6354
6356
6356
6357
6357
6357
6357
6359
6359
6361
6362
6362
6363
6363
6365
6366
6366
6366
6368
6368
6371
6373
6375
6375
6378
6379
6379
6380
6380
6381
6382
6382
6382
6383
6383
6384
6384
6385
6385
6386
6387
6388
6389
6390
6390
6390
6390
6392
6392
6394
6394
6394
6395
6395
6395
6396
6396
6396
6397
6398
6399
6400
6403
6404
6404
6406
6408
6408
6409
6410
6410
6411
6412
6414
6415
6416
6416
6416
6417
6418
6419
6419
6419
6420
6421
6423
6423
6423
6425
6426
6427
6429
6429
6430
6431
6431
6431
6433
6433
6434
6435
6437
6440
6441
6442
6442
6442
6442
6443
6443
6443
6443
6446
6446
6446
6449
6451
6451
6452
6452
6454
6454
6455
6457
6458
6458
6459
6460
6461
6462
6462
6463
6463
6464
6466
6466
6467
6467
6468
6468
6469
6469
6469
6469
6470
6471
6473
6475
6475
6475
6476
6479
6481
6481
6482
6482
6483
6484
6487
6489
6491
6491
6491
6491
6492
6492
6494
6495
6495
6497
6497
6498
6499
6500
6500
6500
6501
6502
6503
6503
6504
6505
6508
6508
6509
6510
6511
6511
6511
6513
6513
6514
6519
6520
6521
6522
6524
6526
6526
6527
6528
6528
6528
6530
6533
6533
6533
6533
6533
6534
6539
6540
6541
6541
6541
6542
6542
6544
6546
6547
6547
6547
6548
6548
6549
6549
6550
6550
6552
6552
6556
6557
6558
6559
6563
6563
6565
6566
6566
6566
6566
6567
6569
6570
6572
6573
6573
6573
6574
6574
6575
6580
6581
6581
6581
6582
6583
6583
6583
6586
6588
6590
6590
6592
6592
6594
6595
6595
6596
6596
6599
6600
6603
6603
6603
6603
6603
6605
6605
6605
6608
6609
6609
6612
6613
6615
6615
6617
6619
6619
6619
6620
6621
6623
6623
6624
6625
6627
6628
6629
6629
6629
6630
6631
6632
6632
6633
6633
6634
6635
6635
6636
6636
6637
6637
6639
6639
6639
6640
6641
6642
6642
6642
6643
6644
6645
6646
6649
6651
6651
6651
6651
6652
6652
6654
6655
6655
6657
6658
6658
6658
6661
6663
6666
6666
6666
6671
6672
6673
6673
6673
6674
6675
6675
6676
6676
6678
6679
6680
6681
6681
6682
6684
6684
6686
6689
6690
6690
6691
6691
6693
6694
6694
6696
6696
6696
6696
6697
6699
6699
6700
6703
6704
6705
6707
6708
6709
6712
6715
6716
6716
6718
6719
6720
6720
6721
6721
6723
6723
6725
6726
6727
6728
6729
6729
6729
6730
6731
6731
6732
6732
6735
6736
6737
6739
6744
6745
6746
6746
6747
6749
6750
6752
6753
6753
6755
6756
6756
6757
6758
6759
6759
6762
6762
6764
6764
6765
6766
6767
6767
6768
6769
6770
6773
6775
6776
6776
6777
6777
6778
6778
6781
6782
6784
6784
6785
6785
6787
6788
6788
6790
6792
6795
6796
6798
6801
6801
6802
6802
6803
6804
6804
6804
6805
6805
6806
6807
6807
6808
6808
6808
6809
6810
6813
6815
6815
6816
6816
6816
6818
6820
6821
6821
6821
6821
6822
6822
6822
6827
6828
6830
6831
6832
6833
6835
6835
6835
6836
6838
6839
6839
6839
6841
6842
6842
6844
6844
6845
6847
6848
6850
6850
6851
6853
6856
6856
6856
6861
6867
6868
6869
6871
6872
6872
6872
6872
6873
6873
6874
6876
6876
6877
6879
6880
6881
6881
6882
6883
6883
6884
6884
6887
6890
6890
6892
6892
6893
6893
6894
6897
6897
6897
6899
6900
6901
6902
6903
6904
6905
6906
6906
6907
6910
6911
6912
6912
6914
6914
6915
6919
6919
6919
6920
6920
6921
6922
6922
6923
6924
6924
6925
6925
6925
6928
6929
6930
6930
6930
6930
6932
6934
6935
6936
6936
6940
6941
6944
6944
6944
6945
6946
6946
6946
6947
6948
6948
6948
6949
6950
6951
6951
6953
6953
6954
6954
6954
6954
6955
6956
6956
6957
6958
6958
6963
6966
6967
6968
6968
6969
6970
6974
6975
6975
6976
6977
6978
6981
6982
6982
6982
6982
6983
6984
6984
6984
6985
6987
6988
6988
6988
6990
6990
6991
6994
6995
6997
6998
6998
7002
7002
7004
7004
7005
7006
7009
7009
7012
7012
7013
7013
7014
7015
7016
7016
7019
7020
7020
7022
7026
7027
7027
7028
7029
7032
7032
7033
7033
7033
7037
7039
7041
7043
7044
7044
7044
7045
7045
7045
7046
7047
7047
7048
7051
7051
7052
7053
7054
7054
7054
7055
7057
7057
7058
7058
7058
7058
7059
7060
7060
7062
7062
7062
7063
7064
7065
7066
7067
7070
7071
7071
7071
7072
7074
7075
7077
7078
7079
7080
7080
7082
7082
7083
7083
7084
7084
7088
7088
7090
7090
7090
7092
7093
7095
7095
7096
7096
7097
7098
7099
7100
7100
7101
7102
7102
7103
7103
7104
7109
7111
7111
7112
7112
7112
7112
7112
7115
7115
7118
7119
7119
7120
7121
7122
7122
7122
7122
7123
7124
7126
7126
7126
7127
7127
7127
7129
7129
7131
7132
7132
7132
7135
7136
7137
7138
7139
7142
7143
7144
7144
7145
7145
7147
7152
7154
7156
7157
7158
7158
7160
7161
7161
7163
7164
7165
7166
7167
7170
7173
7173
7174
7175
7178
7179
7180
7180
7181
7181
7182
7183
7183
7184
7185
7185
7186
7187
7189
7195
7195
7197
7198
7199
7199
7199
7200
7204
7206
7211
7211
7211
7212
7214
7214
7217
7217
7218
7219
7221
7222
7223
7224
7225
7225
7228
7228
7229
7229
7230
7230
7234
7235
7242
7246
7246
7249
7251
7251
7253
7255
7256
7256
7257
7258
7260
7260
7261
7268
7268
7269
7273
7275
7276
7277
7277
7278
7279
7279
7279
7279
7279
7279
7281
7282
7283
7283
7286
7288
7288
7289
7289
7291
7291
7293
7293
7294
7295
7296
7296
7297
7298
7300
7302
7303
7305
7305
7305
7307
7308
7308
7309
7310
7310
7311
7311
7311
7312
7312
7313
7313
7314
7315
7315
7316
7317
7319
7319
7322
7322
7324
7324
7325
7326
7326
7328
7328
7329
7330
7330
7330
7333
7334
7334
7337
7337
7342
7345
7345
7345
7347
7348
7348
7350
7350
7350
7354
7355
7357
7358
7360
7361
7361
7363
7365
7366
7366
7368
7372
7372
7373
7374
7376
7379
7380
7381
7381
7381
7381
7385
7386
7386
7386
7386
7387
7388
7388
7389
7390
7392
7394
7395
7395
7395
7396
7399
7400
7400
7403
7404
7404
7405
7405
7405
7405
7406
7406
7406
7407
7412
7413
7413
7414
7415
7417
7419
7420
7421
7422
7423
7424
7425
7426
7427
7427
7431
7434
7437
7438
7438
7440
7441
7442
7445
7446
7448
7448
7449
7451
7451
7451
7452
7455
7456
7456
7457
7458
7458
7458
7459
7459
7459
7460
7462
7466
7466
7468
7469
7470
7470
7471
7472
7473
7473
7474
7474
7474
7475
7479
7480
7480
7480
7481
7483
7485
7485
7487
7488
7490
7490
7490
7491
7492
7493
7494
7495
7496
7496
7496
7496
7497
7497
7498
7499
7500
7500
7501
7503
7504
7505
7505
7507
7510
7510
7510
7513
7514
7515
7516
7516
7516
7519
7520
7520
7521
7521
7522
7522
7522
7528
7529
7530
7530
7533
7534
7535
7535
7536
7537
7537
7537
7539
7540
7541
7542
7543
7547
7548
7548
7548
7550
7550
7551
7551
7551
7552
7553
7554
7555
7557
7560
7564
7567
7569
7569
7571
7571
7572
7572
7574
7575
7575
7580
7580
7580
7581
7584
7585
7587
7594
7595
7595
7595
7596
7598
7599
7600
7601
7601
7602
7603
7605
7605
7606
7607
7609
7610
7610
7613
7616
7618
7618
7619
7619
7621
7623
7623
7625
7627
7627
7627
7628
7629
7629
7631
7632
7632
7633
7633
7633
7633
7634
7635
7635
7635
7636
7636
7637
7638
7638
7638
7639
7640
7642
7644
7644
7644
7645
7645
7649
7649
7652
7652
7654
7655
7655
7655
7657
7657
7657
7658
7659
7660
7663
7666
7666
7667
7669
7670
7670
7671
7671
7673
7674
7674
7675
7675
7677
7677
7678
7678
7680
7681
7682
7682
7683
7685
7685
7686
7688
7689
7690
7691
7692
7693
7696
7697
7697
7697
7699
7700
7701
7701
7702
7702
7704
7705
7706
7708
7708
7708
7709
7709
7711
7713
7716
7716
7719
7720
7720
7720
7722
7722
7725
7725
7728
7729
7730
7730
7732
7733
7735
7735
7736
7737
7738
7739
7739
7740
7740
7741
7741
7741
7742
7743
7744
7745
7747
7748
7749
7749
7749
7749
7750
7751
7751
7752
7752
7755
7756
7757
7758
7759
7761
7761
7763
7764
7765
7765
7768
7769
7771
7771
7772
7772
7773
7774
7774
7774
7775
7775
7775
7777
7778
7778
7779
7779
7780
7781
7782
7786
7786
7787
7789
7791
7793
7793
7795
7795
7796
7797
7798
7798
7798
7800
7800
7803
7804
7804
7805
7807
7807
7808
7809
7809
7810
7810
7810
7811
7812
7813
7815
7815
7816
7818
7819
7820
7821
7821
7821
7823
7825
7825
7826
7827
7827
7827
7828
7828
7828
7828
7828
7830
7832
7833
7833
7835
7837
7838
7838
7838
7839
7840
7841
7842
7842
7842
7845
7845
7846
7846
7847
7847
7848
7849
7849
7849
7851
7851
7853
7853
7856
7856
7857
7857
7857
7857
7858
7859
7859
7860
7861
7862
7863
7866
7867
7869
7870
7870
7871
7872
7873
7873
7876
7876
7876
7876
7877
7878
7878
7878
7879
7882
7883
7883
7884
7884
7885
7888
7889
7889
7892
7892
7893
7893
7895
7897
7897
7899
7900
7900
7902
7904
7906
7906
7911
7913
7914
7914
7914
7915
7916
7916
7916
7917
7919
7919
7919
7920
7920
7923
7924
7924
7927
7929
7930
7930
7932
7934
7935
7935
7936
7937
7937
7938
7941
7941
7941
7944
7946
7947
7947
7948
7950
7951
7952
7952
7953
7954
7957
7957
7957
7957
7960
7961
7962
7962
7962
7963
7964
7965
7967
7967
7968
7970
7975
7975
7976
7976
7976
7978
7979
7979
7981
7982
7982
7982
7982
7984
7984
7984
7984
7985
7987
7988
7990
7990
7992
7995
7999
8001
8003
8004
8004
8005
8005
8005
8006
8006
8006
8006
8008
8009
8010
8012
8012
8013
8013
8013
8014
8015
8016
8017
8017
8017
8018
8022
8022
8023
8023
8024
8025
8028
8028
8028
8029
8030
8031
8032
8032
8033
8035
8036
8036
8036
8037
8038
8040
8040
8041
8044
8045
8045
8045
8048
8048
8049
8049
8050
8051
8051
8054
8054
8054
8056
8057
8058
8059
8059
8059
8060
8060
8061
8063
8065
8066
8067
8067
8068
8070
8070
8070
8072
8073
8074
8076
8077
8078
8078
8079
8080
8080
8081
8081
8082
8082
8083
8085
8087
8088
8088
8089
8089
8090
8090
8093
8096
8097
8097
8097
8098
8098
8099
8100
8100
8102
8107
8109
8110
8110
8110
8110
8111
8113
8113
8114
8115
8117
8118
8119
8120
8121
8124
8124
8127
8127
8128
8128
8129
8129
8130
8130
8130
8134
8136
8136
8137
8137
8138
8139
8140
8140
8140
8140
8141
8144
8145
8146
8148
8149
8150
8151
8152
8152
8154
8154
8155
8156
8158
8158
8160
8160
8162
8163
8163
8164
8165
8167
8167
8167
8167
8168
8171
8172
8173
8174
8175
8175
8175
8175
8176
8180
8181
8182
8182
8183
8183
8183
8187
8187
8188
8188
8189
8189
8191
8192
8194
8195
8195
8196
8198
8200
8201
8202
8203
8205
8206
8207
8208
8208
8208
8210
8211
8211
8215
8215
8216
8216
8218
8219
8221
8221
8222
8222
8222
8223
8223
8224
8224
8226
8227
8228
8230
8231
8234
8234
8237
8237
8238
8238
8239
8239
8242
8243
8245
8245
8246
8247
8249
8251
8251
8251
8252
8254
8255
8256
8257
8257
8261
8262
8264
8264
8266
8266
8267
8268
8268
8269
8271
8271
8272
8272
8273
8274
8275
8276
8277
8277
8277
8280
8280
8281
8282
8284
8284
8284
8286
8286
8286
8286
8286
8286
8287
8287
8287
8288
8288
8289
8289
8289
8293
8294
8295
8296
8296
8301
8303
8306
8306
8307
8307
8307
8307
8307
8308
8309
8310
8311
8312
8313
8314
8316
8316
8317
8320
8321
8322
8327
8327
8329
8329
8331
8332
8334
8337
8338
8339
8340
8341
8342
8343
8346
8346
8350
8351
8351
8351
8352
8352
8352
8353
8353
8354
8355
8355
8355
8357
8360
8363
8364
8365
8365
8367
8368
8369
8371
8372
8372
8374
8374
8375
8377
8377
8377
8378
8381
8382
8383
8384
8384
8385
8385
8385
8385
8387
8390
8391
8394
8394
8394
8398
8399
8399
8400
8400
8400
8401
8401
8403
8404
8407
8407
8408
8409
8410
8411
8412
8415
8415
8416
8417
8417
8418
8419
8420
8421
8421
8422
8422
8422
8423
8425
8426
8427
8429
8429
8431
8434
8435
8435
8436
8438
8441
8441
8441
8444
8444
8444
8445
8446
8446
8446
8446
8448
8449
8449
8450
8450
8451
8453
8453
8454
8454
8455
8455
8456
8457
8457
8461
8465
8467
8468
8469
8469
8471
8472
8472
8472
8473
8473
8474
8475
8476
8479
8480
8481
8481
8481
8481
8482
8484
8485
8485
8486
8487
8488
8488
8489
8492
8493
8494
8494
8495
8497
8498
8500
8501
8502
8504
8504
8508
8508
8510
8510
8511
8512
8513
8513
8514
8514
8515
8515
8517
8519
8520
8521
8521
8522
8523
8525
8526
8526
8527
8529
8531
8533
8533
8533
8534
8535
8536
8536
8536
8537
8537
8538
8540
8540
8545
8545
8547
8549
8549
8550
8553
8553
8555
8555
8556
8556
8556
8558
8559
8560
8560
8560
8561
8562
8563
8563
8564
8564
8566
8566
8567
8568
8568
8569
8571
8572
8573
8573
8575
8575
8576
8576
8577
8579
8579
8581
8582
8582
8585
8586
8586
8587
8588
8589
8590
8590
8591
8594
8596
8597
8597
8597
8599
8600
8603
8603
8607
8607
8607
8609
8609
8612
8612
8613
8614
8614
8615
8616
8616
8617
8617
8617
8618
8620
8620
8624
8628
8628
8628
8629
8629
8630
8632
8633
8635
8635
8636
8637
8639
8639
8640
8640
8640
8642
8642
8642
8644
8645
8645
8645
8647
8647
8647
8648
8649
8651
8652
8652
8653
8657
8657
8659
8660
8661
8661
8661
8662
8662
8664
8665
8666
8667
8667
8667
8667
8670
8670
8673
8673
8675
8675
8677
8677
8678
8678
8679
8679
8680
8681
8681
8682
8682
8682
8682
8683
8685
8687
8688
8689
8689
8694
8696
8698
8698
8699
8699
8700
8700
8701
8702
8703
8703
8703
8705
8706
8707
8707
8708
8709
8709
8709
8709
8710
8712
8712
8713
8714
8714
8715
8717
8717
8717
8718
8718
8720
8721
8722
8722
8723
8724
8724
8727
8728
8728
8729
8730
8730
8732
8732
8733
8735
8736
8738
8738
8739
8741
8742
8745
8745
8746
8747
8747
8750
8750
8751
8753
8753
8754
8755
8755
8758
8758
8758
8760
8761
8763
8765
8765
8766
8767
8767
8768
8768
8771
8771
8772
8772
8774
8774
8775
8777
8780
8781
8783
8783
8784
8786
8786
8786
8786
8787
8787
8788
8790
8792
8792
8793
8793
8793
8793
8796
8797
8799
8799
8801
8802
8802
8803
8805
8806
8807
8808
8810
8811
8813
8814
8818
8818
8820
8821
8821
8823
8824
8825
8825
8825
8826
8826
8829
8830
8832
8832
8833
8834
8834
8836
8836
8837
8838
8838
8839
8840
8841
8842
8843
8844
8845
8846
8847
8848
8850
8852
8854
8855
8856
8857
8859
8860
8861
8861
8861
8862
8863
8864
8865
8867
8867
8868
8868
8868
8869
8870
8870
8871
8871
8872
8872
8873
8874
8875
8875
8876
8876
8876
8877
8880
8881
8883
8885
8885
8886
8886
8887
8889
8890
8891
8895
8896
8897
8898
8898
8900
8900
8901
8903
8903
8903
8904
8904
8908
8909
8909
8910
8911
8912
8913
8915
8916
8917
8918
8919
8922
8924
8925
8925
8927
8927
8928
8929
8929
8929
8930
8930
8930
8930
8931
8932
8935
8936
8939
8940
8940
8942
8943
8944
8948
8948
8949
8950
8951
8952
8952
8953
8954
8955
8955
8957
8958
8958
8960
8961
8961
8963
8963
8963
8965
8965
8966
8967
8968
8970
8970
8970
8971
8977
8978
8978
8979
8979
8979
8979
8983
8984
8985
8990
8990
8990
8991
8993
8993
8994
8994
8995
8998
9001
9001
9001
9003
9004
9005
9005
9006
9006
9007
9008
9009
9010
9010
9013
9013
9013
9015
9016
9017
9019
9022
9024
9025
9029
9029
9031
9033
9036
9036
9037
9038
9040
9041
9043
9045
9048
9049
9051
9052
9054
9055
9055
9055
9055
9056
9058
9058
9060
9061
9061
9062
9062
9064
9065
9065
9066
9067
9070
9070
9071
9071
9071
9071
9073
9074
9074
9075
9077
9079
9079
9079
9080
9081
9081
9082
9082
9087
9088
9088
9088
9090
9090
9091
9092
9092
9092
9092
9093
9094
9095
9096
9096
9096
9098
9099
9100
9100
9100
9102
9102
9102
9103
9103
9104
9105
9106
9106
9107
9113
9113
9114
9114
9115
9115
9116
9117
9117
9120
9121
9122
9122
9130
9131
9131
9132
9135
9136
9140
9140
9140
9141
9141
9142
9143
9146
9146
9147
9148
9148
9149
9149
9150
9150
9151
9151
9153
9153
9154
9155
9156
9158
9158
9161
9163
9163
9163
9164
9165
9165
9167
9168
9169
9170
9171
9171
9172
9174
9175
9175
9176
9177
9177
9178
9178
9179
9180
9181
9181
9182
9182
9183
9184
9184
9185
9185
9185
9187
9189
9190
9191
9192
9193
9193
9194
9194
9195
9196
9196
9197
9198
9199
9200
9200
9202
9203
9204
9205
9205
9208
9209
9209
9210
9212
9212
9212
9212
9213
9214
9215
9215
9216
9216
9219
9219
9220
9221
9223
9223
9224
9227
9227
9228
9229
9231
9235
9236
9236
9237
9237
9238
9239
9239
9240
9240
9240
9241
9243
9243
9243
9244
9244
9246
9249
9250
9253
9253
9254
9255
9257
9257
9258
9259
9259
9259
9260
9261
9263
9264
9264
9264
9265
9267
9269
9271
9272
9273
9273
9274
9276
9277
9277
9281
9282
9282
9284
9284
9286
9290
9290
9291
9292
9292
9292
9293
9293
9294
9294
9294
9294
9294
9295
9295
9296
9298
9298
9299
9299
9301
9301
9302
9302
9303
9304
9307
9310
9310
9310
9311
9311
9311
9314
9315
9316
9317
9317
9317
9319
9319
9320
9320
9321
9323
9324
9324
9324
9325
9326
9326
9329
9332
9334
9334
9335
9337
9338
9338
9339
9339
9340
9340
9340
9343
9343
9344
9344
9348
9348
9350
9352
9352
9353
9355
9356
9358
9358
9358
9359
9360
9360
9360
9363
9364
9369
9369
9370
9370
9371
9371
9373
9374
9375
9376
9378
9379
9379
9381
9382
9383
9383
9384
9385
9385
9386
9387
9387
9388
9388
9390
9394
9397
9399
9401
9402
9402
9402
9404
9407
9412
9413
9415
9415
9416
9420
9421
9421
9423
9426
9427
9428
9429
9430
9430
9430
9430
9431
9431
9431
9431
9431
9431
9432
9434
9435
9436
9437
9440
9441
9441
9442
9445
9447
9448
9450
9450
9450
9450
9452
9454
9454
9456
9457
9461
9462
9463
9463
9465
9466
9466
9466
9466
9469
9470
9472
9474
9474
9474
9475
9477
9478
9479
9479
9485
9486
9489
9489
9489
9489
9490
9491
9491
9493
9494
9494
9495
9495
9496
9496
9496
9497
9497
9498
9498
9498
9499
9499
9499
9500
9500
9501
9501
9503
9504
9506
9507
9508
9509
9511
9514
9514
9516
9520
9521
9523
9524
9525
9526
9526
9527
9527
9528
9529
9530
9532
9533
9534
9535
9536
9536
9540
9541
9544
9545
9545
9546
9547
9548
9549
9552
9552
9553
9553
9554
9554
9557
9558
9558
9560
9561
9561
9561
9561
9563
9566
9567
9568
9573
9574
9574
9575
9575
9576
9576
9579
9580
9580
9580
9581
9581
9581
9581
9583
9584
9584
9585
9585
9585
9585
9586
9590
9591
9592
9593
9593
9596
9597
9597
9598
9600
9602
9602
9602
9602
9602
9604
9604
9605
9607
9607
9609
9609
9610
9610
9613
9614
9614
9615
9615
9616
9616
9616
9618
9618
9620
9620
9621
9623
9624
9625
9625
9625
9625
9626
9626
9627
9628
9630
9630
9634
9636
9636
9636
9638
9638
9639
9639
9640
9641
9641
9642
9644
9645
9646
9650
9651
9653
9654
9654
9655
9656
9659
9663
9664
9665
9666
9666
9667
9667
9668
9669
9669
9673
9673
9674
9675
9675
9676
9676
9680
9681
9683
9683
9683
9683
9685
9687
9687
9688
9688
9689
9691
9692
9694
9699
9700
9700
9701
9702
9702
9703
9703
9704
9705
9706
9706
9709
9710
9711
9711
9711
9712
9713
9714
9717
9717
9718
9718
9718
9719
9720
9721
9721
9721
9722
9722
9723
9723
9723
9724
9724
9726
9726
9727
9728
9728
9728
9729
9730
9732
9733
9733
9734
9734
9735
9735
9735
9735
9736
9739
9740
9740
9740
9743
9743
9743
9745
9746
9746
9748
9748
9750
9750
9750
9751
9751
9752
9753
9753
9753
9754
9754
9756
9756
9758
9758
9761
9762
9764
9765
9766
9766
9767
9767
9767
9768
9769
9771
9771
9772
9773
9774
9774
9774
9775
9775
9779
9780
9780
9785
9786
9789
9790
9792
9792
9793
9794
9796
9796
9800
9800
9801
9802
9802
9802
9806
9808
9810
9812
9814
9816
9816
9817
9817
9817
9818
9818
9819
9820
9822
9822
9825
9825
9827
9828
9830
9831
9832
9832
9834
9836
9836
9837
9837
9837
9837
9838
9838
9839
9840
9840
9840
9841
9841
9842
9845
9845
9846
9847
9847
9847
9848
9851
9852
9855
9858
9860
9861
9862
9863
9864
9864
9864
9865
9866
9867
9868
9869
9869
9870
9870
9871
9872
9872
9874
9875
9881
9881
9882
9882
9882
9882
9882
9883
9885
9890
9891
9893
9893
9896
9896
9898
9899
9900
9902
9903
9905
9905
9906
9906
9907
9908
9909
9910
9911
9912
9912
9914
9916
9916
9918
9919
9919
9920
9922
9924
9925
9925
9926
9926
9926
9927
9927
9928
9929
9932
9933
9937
9937
9938
9938
9938
9940
9940
9941
9942
9944
9944
9945
9947
9947
9949
9950
9950
9952
9952
9953
9953
9953
9954
9954
9955
9956
9956
9956
9957
9957
9957
9960
9961
9961
9961
9963
9964
9965
9966
9967
9968
9968
9970
9970
9971
9972
9973
9973
9973
9975
9976
9976
9977
9977
9978
9980
9981
9981
9982
9982
9986
9987
9988
9989
9990
9992
9993
9993
9995
9996
9996
9997
9998
9999
9999
9999
10000
10000
10000
10001
10002
10002
10002
10004
10005
10005
10009
10010
10010
10010
10013
10013
10014
10015
10015
10015
10016
10016
10017
10017
10022
10023
10026
10026
10027
10028
10029
10030
10031
10032
10033
10036
10037
10038
10038
10040
10041
10043
10046
10046
10046
10048
10048
10048
10048
10049
10050
10050
10051
10053
10054
10055
10056
10057
10058
10060
10061
10062
10062
10063
10064
10065
10065
10067
10071
10074
10075
10075
10076
10076
10077
10078
10079
10082
10083
10083
10083
10088
10088
10090
10090
10091
10094
10094
10096
10097
10098
10098
10098
10102
10103
10104
10104
10104
10107
10108
10108
10110
10110
10111
10111
10113
10113
10113
10114
10115
10116
10118
10122
10124
10124
10125
10126
10128
10128
10130
10130
10131
10132
10133
10133
10135
10136
10137
10138
10140
10140
10144
10144
10144
10145
10147
10147
10147
10148
10149
10149
10149
10150
10152
10153
10154
10155
10155
10155
10157
10159
10160
10160
10162
10167
10169
10169
10170
10170
10171
10174
10175
10176
10177
10178
10179
10179
10179
10181
10182
10183
10184
10185
10185
10185
10186
10186
10186
10186
10187
10188
10188
10189
10191
10194
10194
10194
10196
10197
10197
10199
10199
10201
10202
10203
10204
10204
10205
10205
10205
10206
10206
10206
10207
10209
10209
10211
10211
10211
10213
10213
10214
10216
10217
10217
10217
10217
10219
10219
10219
10220
10221
10222
10223
10225
10227
10227
10230
10232
10232
10232
10232
10233
10235
10235
10236
10236
10237
10239
10239
10241
10242
10242
10243
10243
10245
10246
10248
10250
10250
10252
10257
10257
10257
10266
10266
10268
10270
10272
10279
10279
10280
10283
10284
10284
10287
10287
10288
10291
10292
10292
10293
10294
10294
10298
10300
10300
10301
10302
10306
10307
10307
10308
10308
10309
10310
10310
10310
10311
10314
10315
10316
10317
10318
10318
10319
10322
10323
10325
10325
10325
10326
10331
10331
10335
10335
10337
10339
10341
10341
10341
10341
10343
10346
10346
10346
10348
10349
10350
10350
10350
10351
10354
10354
10355
10356
10356
10356
10359
10359
10359
10361
10362
10363
10363
10364
10365
10367
10368
10370
10371
10372
10373
10375
10377
10378
10378
10379
10382
10383
10385
10385
10385
10385
10386
10387
10387
10387
10388
10389
10390
10391
10392
10393
10393
10393
10395
10397
10398
10398
10399
10400
10400
10401
10401
10401
10401
10401
10402
10402
10402
10402
10405
10406
10406
10406
10407
10407
10412
10412
10413
10414
10415
10416
10418
10418
10419
10419
10419
10420
10420
10420
10422
10423
10423
10424
10425
10426
10426
10428
10430
10431
10432
10432
10433
10434
10434
10434
10434
10435
10436
10436
10438
10438
10439
10443
10444
10448
10448
10448
10450
10450
10451
10451
10454
10454
10454
10456
10458
10459
10460
10461
10462
10462
10462
10463
10465
10465
10468
10468
10470
10470
10472
10476
10477
10477
10478
10480
10480
10483
10484
10484
10484
10485
10485
10486
10487
10487
10487
10488
10488
10488
10489
10489
10490
10492
10492
10493
10494
10495
10495
10498
10500
10500
10500
10501
10504
10504
10504
10505
10509
10509
10510
10512
10512
10512
10512
10513
10514
10514
10517
10518
10518
10519
10519
10519
10521
10522
10522
10524
10524
10524
10524
10525
10525
10525
10526
10526
10526
10526
10526
10527
10527
10528
10530
10530
10530
10530
10531
10532
10533
10534
10534
10535
10535
10535
10536
10536
10537
10537
10537
10538
10539
10541
10542
10542
10543
10548
10548
10551
10552
10552
10552
10553
10553
10554
10555
10557
10558
10561
10562
10563
10563
10563
10563
10564
10566
10568
10569
10570
10572
10573
10574
10574
10575
10575
10576
10577
10578
10579
10579
10580
10582
10582
10582
10582
10584
10584
10585
10587
10587
10588
10590
10591
10591
10592
10594
10596
10598
10598
10601
10601
10601
10602
10602
10602
10603
10604
10605
10605
10605
10606
10608
10608
10609
10609
10610
10613
10615
10616
10617
10617
10621
10621
10623
10624
10626
10628
10629
10630
10632
10632
10632
10633
10634
10635
10636
10636
10637
10639
10640
10641
10641
10641
10642
10642
10643
10643
10644
10645
10646
10649
10649
10651
10654
10658
10659
10660
10660
10663
10664
10665
10666
10667
10667
10670
10673
10673
10677
10678
10683
10684
10685
10686
10686
10686
10687
10688
10689
10691
10693
10693
10694
10694
10694
10696
10696
10697
10697
10699
10701
10701
10702
10702
10703
10705
10705
10706
10706
10709
10710
10710
10711
10711
10712
10713
10715
10716
10716
10717
10720
10720
10720
10722
10722
10725
10725
10726
10726
10727
10728
10728
10728
10729
10731
10731
10732
10734
10735
10735
10735
10736
10737
10738
10740
10742
10743
10743
10743
10747
10747
10748
10748
10749
10749
10749
10751
10752
10752
10753
10753
10755
10756
10758
10758
10759
10762
10763
10763
10764
10765
10766
10767
10767
10768
10771
10772
10776
10776
10776
10777
10779
10779
10779
10780
10781
10782
10783
10784
10785
10786
10787
10791
10791
10793
10797
10798
10798
10799
10801
10801
10803
10804
10805
10810
10811
10812
10813
10813
10813
10816
10817
10817
10818
10820
10822
10823
10825
10826
10828
10830
10830
10830
10830
10834
10834
10835
10839
10841
10843
10843
10843
10845
10845
10846
10846
10846
10848
10851
10853
10857
10858
10859
10859
10861
10863
10863
10864
10866
10866
10867
10867
10870
10870
10870
10871
10873
10874
10874
10874
10876
10876
10879
10879
10884
10886
10887
10888
10888
10890
10891
10893
10894
10894
10894
10895
10895
10896
10897
10898
10899
10900
10900
10903
10904
10905
10905
10907
10907
10908
10909
10909
10910
10910
10912
10914
10915
10915
10915
10916
10917
10917
10927
10927
10927
10927
10928
10929
10930
10931
10933
10935
10935
10935
10936
10937
10938
10939
10942
10942
10942
10943
10944
10944
10945
10946
10947
10947
10948
10948
10949
10949
10950
10951
10951
10954
10954
10955
10956
10956
10957
10958
10958
10963
10964
10965
10970
10972
10972
10972
10974
10975
10976
10978
10980
10982
10983
10983
10984
10986
10987
10987
10988
10989
10989
10989
10989
10989
10990
10992
10994
10994
10996
10996
10996
10997
11000
11001
11001
11001
11002
11003
11004
11005
11006
11007
11008
11010
11010
11010
11014
11014
11015
11016
11016
11017
11018
11018
11019
11021
11021
11022
11024
11025
11025
11025
11026
11026
11027
11028
11030
11030
11031
11032
11032
11033
11036
11038
11038
11040
11040
11040
11042
11042
11043
11043
11044
11045
11047
11051
11053
11056
11056
11056
11057
11058
11059
11063
11064
11065
11066
11066
11066
11068
11068
11071
11072
11072
11073
11074
11075
11075
11075
11076
11077
11078
11078
11079
11080
11080
11080
11080
11082
11082
11083
11083
11084
11084
11084
11085
11087
11090
11090
11092
11092
11093
11095
11097
11097
11098
11099
11101
11102
11103
11104
11104
11106
11106
11107
11108
11108
11111
11112
11115
11115
11115
11116
11116
11117
11118
11118
11118
11118
11119
11120
11121
11121
11122
11122
11123
11124
11124
11126
11126
11128
11128
11129
11136
11136
11136
11137
11137
11138
11138
11139
11140
11141
11145
11145
11145
11146
11146
11146
11147
11147
11148
11149
11150
11151
11151
11152
11157
11162
11162
11162
11162
11164
11165
11165
11165
11170
11173
11174
11175
11176
11176
11176
11176
11177
11178
11178
11180
11180
11180
11181
11182
11183
11183
11184
11186
11187
11188
11188
11188
11190
11194
11194
11194
11194
11194
11195
11195
11198
11200
11201
11202
11202
11203
11203
11204
11206
11207
11207
11207
11207
11208
11208
11208
11210
11210
11211
11212
11213
11213
11213
11214
11216
11217
11218
11218
11219
11219
11219
11222
11223
11223
11224
11224
11226
11226
11227
11228
11229
11230
11230
11231
11231
11233
11235
11235
11238
11242
11245
11246
11246
11246
11246
11251
11252
11252
11254
11254
11255
11255
11256
11256
11257
11258
11259
11260
11260
11263
11264
11264
11264
11265
11266
11266
11267
11269
11269
11270
11272
11273
11273
11274
11275
11275
11275
11275
11275
11276
11277
11277
11278
11280
11280
11280
11280
11282
11283
11285
11289
11289
11291
11291
11292
11295
11295
11295
11296
11298
11299
11301
11303
11303
11305
11306
11306
11308
11310
11311
11311
11312
11313
11314
11316
11317
11318
11318
11318
11320
11320
11321
11324
11324
11324
11325
11325
11325
11326
11326
11326
11327
11327
11327
11328
11328
11328
11330
11330
11330
11330
11331
11332
11334
11338
11339
11341
11341
11342
11342
11343
11344
11344
11345
11345
11346
11347
11350
11350
11351
11351
11351
11352
11353
11353
11354
11356
11357
11357
11359
11360
11361
11363
11364
11365
11365
11365
11367
11367
11368
11369
11369
11369
11373
11375
11375
11375
11376
11376
11377
11378
11382
11382
11383
11384
11385
11386
11387
11387
11387
11387
11388
11390
11392
11393
11393
11395
11397
11397
11397
11398
11398
11402
11402
11403
11403
11403
11404
11404
11404
11405
11405
11405
11406
11406
11406
11406
11407
11411
11415
11416
11417
11417
11417
11418
11419
11419
11419
11419
11419
11419
11421
11422
11422
11423
11423
11423
11424
11424
11427
11430
11431
11435
11436
11437
11440
11441
11441
11442
11442
11443
11444
11448
11451
11451
11456
11458
11459
11459
11459
11459
11461
11461
11462
11462
11462
11463
11463
11466
11469
11471
11471
11472
11472
11472
11474
11476
11476
11477
11477
11478
11478
11479
11479
11481
11482
11483
11486
11487
11487
11487
11487
11487
11488
11489
11490
11490
11490
11493
11495
11495
11496
11497
11497
11497
11499
11499
11500
11500
11501
11502
11503
11503
11506
11506
11511
11516
11520
11522
11523
11524
11524
11525
11525
11527
11527
11528
11529
11532
11534
11535
11536
11537
11538
11538
11538
11539
11540
11540
11540
11543
11543
11544
11546
11547
11550
11550
11551
11551
11552
11552
11552
11554
11554
11555
11556
11556
11561
11562
11563
11564
11564
11566
11566
11567
11570
11570
11571
11572
11573
11574
11574
11576
11577
11578
11578
11579
11580
11580
11581
11582
11582
11585
11585
11587
11587
11588
11589
11590
11590
11590
11590
11591
11591
11593
11593
11594
11596
11596
11598
11599
11601
11601
11601
11602
11604
11604
11604
11605
11605
11606
11608
11609
11609
11610
11613
11614
11614
11615
11617
11617
11618
11619
11621
11622
11623
11623
11624
11624
11626
11628
11628
11629
11631
11632
11634
11634
11635
11635
11638
11640
11640
11641
11643
11644
11644
11644
11645
11647
11648
11648
11649
11651
11652
11653
11654
11654
11654
11655
11656
11656
11656
11658
11658
11659
11668
11668
11670
11672
11673
11673
11673
11675
11675
11676
11676
11677
11677
11680
11681
11682
11682
11682
11683
11683
11684
11684
11685
11685
11685
11685
11685
11686
11688
11691
11691
11691
11691
11693
11694
11694
11694
11697
11697
11698
11701
11701
11703
11703
11703
11705
11706
11708
11709
11709
11710
11710
11710
11711
11711
11712
11712
11714
11715
11716
11718
11719
11720
11722
11722
11724
11725
11725
11729
11733
11733
11734
11735
11736
11737
11741
11742
11742
11744
11752
11756
11756
11757
11757
11759
11759
11759
11761
11762
11763
11764
11765
11765
11766
11767
11771
11772
11772
11773
11773
11773
11774
11774
11774
11774
11776
11776
11776
11779
11779
11783
11783
11783
11787
11789
11790
11790
11791
11791
11792
11792
11794
11795
11797
11800
11801
11804
11805
11805
11805
11806
11806
11806
11807
11807
11807
11809
11809
11810
11811
11811
11812
11813
11816
11817
11817
11818
11820
11820
11820
11823
11825
11825
11828
11828
11828
11830
11830
11831
11831
11834
11835
11835
11842
11842
11842
11843
11844
11844
11845
11846
11847
11848
11852
11853
11853
11855
11855
11855
11856
11856
11856
11857
11857
11857
11860
11861
11862
11866
11869
11870
11870
11871
11872
11872
11877
11878
11881
11881
11883
11884
11884
11885
11885
11885
11887
11887
11888
11891
11891
11892
11893
11894
11897
11898
11899
11904
11908
11908
11909
11912
11912
11912
11912
11914
11914
11915
11917
11918
11920
11921
11922
11922
11923
11924
11925
11925
11926
11926
11930
11932
11933
11935
11936
11937
11937
11937
11938
11939
11940
11941
11941
11941
11942
11943
11946
11948
11948
11949
11950
11950
11952
11953
11955
11955
11956
11958
11958
11959
11960
11960
11961
11964
11966
11966
11968
11968
11970
11971
11971
11972
11972
11974
11974
11975
11976
11976
11977
11979
11980
11981
11982
11983
11983
11986
11986
11986
11991
11991
11992
11992
11993
11994
11994
11995
11995
11996
11996
11996
11996
11998
11998
12000
12000
12000
12002
12002
12002
12002
12003
12004
12004
12006
12007
12007
12009
12010
12011
12012
12013
12013
12014
12015
12016
12016
12020
12021
12021
12022
12024
12025
12026
12027
12029
12029
12029
12030
12033
12035
12035
12036
12037
12037
12038
12038
12038
12039
12039
12041
12043
12044
12046
12046
12046
12047
12047
12047
12048
12048
12048
12051
12051
12052
12052
12053
12054
12056
12056
12057
12059
12059
12064
12065
12065
12066
12066
12066
12067
12067
12067
12068
12068
12069
12069
12072
12072
12072
12072
12073
12073
12074
12074
12080
12080
12082
12083
12084
12085
12086
12087
12087
12090
12095
12095
12095
12095
12095
12095
12096
12098
12098
12098
12098
12099
12102
12104
12105
12106
12107
12107
12107
12108
12109
12109
12110
12110
12111
12111
12113
12116
12117
12117
12117
12117
12118
12119
12120
12121
12121
12121
12122
12123
12125
12126
12126
12127
12127
12130
12130
12131
12132
12133
12134
12137
12137
12138
12140
12140
12141
12141
12141
12142
12143
12145
12145
12146
12147
12150
12151
12151
12151
12151
12151
12152
12155
12157
12157
12158
12158
12159
12159
12159
12160
12160
12161
12161
12162
12163
12164
12164
12165
12165
12165
12166
12169
12170
12170
12172
12172
12173
12173
12173
12174
12174
12175
12178
12180
12181
12184
12184
12185
12186
12187
12188
12188
12189
12193
12194
12194
12195
12195
12196
12196
12197
12197
12199
12199
12199
12201
12203
12204
12204
12206
12208
12209
12209
12209
12210
12210
12210
12211
12211
12212
12212
12213
12213
12213
12213
12214
12217
12217
12217
12219
12220
12220
12221
12222
12223
12226
12227
12227
12228
12230
12231
12232
12232
12234
12235
12237
12237
12238
12239
12239
12240
12240
12240
12242
12244
12247
12247
12248
12248
12250
12250
12251
12251
12251
12253
12253
12254
12256
12258
12260
12261
12265
12265
12266
12267
12269
12271
12272
12272
12272
12273
12273
12274
12275
12276
12277
12280
12282
12282
12284
12285
12286
12286
12290
12292
12292
12295
12295
12295
12297
12298
12299
12300
12301
12303
12304
12306
12306
12307
12312
12313
12314
12315
12315
12316
12316
12316
12317
12317
12317
12318
12318
12319
12321
12322
12323
12323
12323
12323
12325
12325
12327
12327
12327
12329
12331
12331
12332
12333
12334
12335
12336
12337
12338
12340
12340
12341
12341
12343
12344
12344
12344
12344
12345
12345
12346
12348
12349
12350
12352
12352
12354
12356
12356
12357
12358
12360
12360
12361
12362
12362
12363
12363
12364
12364
12365
12367
12369
12370
12370
12371
12371
12371
12372
12374
12378
12378
12379
12381
12384
12384
12385
12387
12391
12391
12393
12394
12396
12396
12398
12400
12401
12402
12403
12403
12403
12405
12405
12407
12409
12410
12410
12411
12411
12411
12412
12413
12413
12418
12419
12421
12422
12422
12423
12424
12425
12425
12429
12430
12432
12433
12433
12434
12434
12435
12436
12437
12439
12440
12442
12442
12443
12446
12446
12447
12447
12450
12451
12452
12452
12453
12453
12454
12454
12456
12458
12458
12459
12460
12460
12462
12464
12464
12465
12465
12466
12466
12469
12470
12471
12471
12472
12472
12473
12474
12476
12476
12478
12479
12479
12480
12481
12482
12483
12485
12489
12490
12490
12492
12493
12493
12494
12495
12498
12498
12498
12500
12501
12501
12502
12506
12506
12507
12509
12510
12511
12513
12513
12514
12515
12515
12516
12516
12518
12519
12521
12521
12521
12522
12523
12523
12524
12525
12525
12527
12527
12529
12529
12529
12530
12530
12531
12532
12533
12534
12536
12537
12538
12539
12540
12541
12542
12543
12545
12546
12547
12547
12548
12548
12549
12550
12551
12551
12552
12553
12553
12555
12555
12559
12559
12560
12561
12563
12563
12564
12565
12565
12568
12570
12570
12572
12574
12575
12575
12576
12576
12577
12578
12579
12580
12580
12582
12582
12583
12584
12586
12587
12588
12588
12589
12591
12591
12591
12593
12593
12593
12594
12594
12594
12595
12595
12596
12596
12598
12598
12601
12601
12603
12603
12605
12606
12606
12606
12607
12608
12609
12609
12612
12613
12613
12614
12615
12618
12618
12619
12620
12623
12623
12626
12627
12628
12629
12629
12629
12630
12630
12630
12632
12633
12634
12634
12635
12636
12636
12638
12638
12638
12641
12641
12642
12643
12645
12645
12646
12646
12648
12649
12649
12651
12651
12652
12653
12654
12654
12655
12655
12655
12656
12658
12659
12660
12661
12664
12665
12671
12671
12672
12673
12673
12674
12676
12676
12678
12679
12680
12681
12683
12684
12684
12684
12685
12686
12688
12688
12690
12690
12692
12694
12695
12695
12696
12697
12697
12699
12701
12701
12703
12703
12706
12707
12708
12708
12708
12709
12709
12709
12710
12714
12715
12716
12717
12718
12719
12720
12721
12721
12722
12723
12724
12728
12729
12732
12732
12732
12738
12738
12738
12739
12741
12742
12742
12743
12744
12744
12745
12746
12746
12748
12748
12748
12748
12749
12750
12750
12751
12752
12752
12753
12754
12754
12754
12754
12755
12755
12756
12757
12757
12758
12759
12759
12761
12761
12761
12761
12762
12763
12763
12764
12767
12767
12769
12771
12771
12772
12774
12777
12777
12778
12778
12779
12781
12782
12783
12783
12783
12783
12783
12784
12786
12786
12788
12789
12790
12790
12793
12795
12795
12798
12798
12798
12799
12800
12801
12801
12804
12805
12805
12805
12806
12806
12807
12809
12810
12813
12813
12813
12813
12813
12813
12815
12817
12818
12819
12819
12820
12821
12822
12822
12822
12824
12827
12829
12831
12834
12836
12841
12841
12841
12843
12843
12846
12847
12847
12848
12849
12849
12850
12850
12852
12853
12853
12854
12854
12855
12857
12858
12858
12859
12860
12862
12862
12865
12865
12867
12867
12870
12871
12871
12873
12874
12875
12875
12875
12876
12877
12878
12878
12879
12882
12884
12884
12885
12887
12887
12889
12889
12890
12890
12891
12893
12893
12893
12894
12895
12895
12896
12897
12897
12898
12899
12899
12900
12900
12900
12901
12901
12902
12902
12902
12903
12903
12903
12904
12904
12905
12905
12906
12906
12909
12909
12910
12910
12912
12913
12913
12914
12914
12914
12915
12915
12915
12915
12916
12916
12918
12918
12920
12920
12920
12924
12926
12928
12928
12930
12931
12931
12932
12933
12934
12936
12936
12936
12936
12937
12938
12938
12939
12940
12941
12943
12943
12944
12944
12945
12945
12947
12948
12950
12950
12951
12952
12954
12954
12956
12956
12956
12957
12959
12960
12960
12961
12962
12963
12963
12964
12965
12965
12966
12967
12967
12967
12967
12968
12968
12970
12971
12971
12974
12974
12977
12979
12980
12985
12988
12990
12990
12991
12991
12992
12992
12994
12995
12995
12995
12995
12996
12996
12998
12999
13001
13001
13001
13001
13002
13004
13005
13006
13008
13009
13010
13010
13011
13011
13012
13013
13016
13017
13017
13019
13019
13020
13022
13023
13024
13025
13026
13026
13027
13029
13029
13029
13031
13031
13032
13033
13034
13035
13035
13035
13035
13036
13036
13037
13039
13039
13040
13040
13043
13044
13045
13046
13047
13048
13048
13049
13049
13050
13052
13052
13053
13053
13054
13055
13055
13055
13056
13058
13058
13061
13061
13062
13062
13064
13065
13066
13066
13066
13066
13067
13067
13067
13067
13069
13072
13072
13075
13076
13076
13082
13083
13084
13085
13086
13087
13087
13091
13092
13092
13093
13094
13094
13095
13095
13095
13095
13101
13104
13104
13105
13105
13106
13106
13107
13108
13108
13112
13113
13113
13114
13114
13115
13116
13116
13118
13120
13121
13122
13123
13123
13124
13126
13128
13128
13128
13131
13132
13132
13132
13132
13134
13135
13135
13136
13136
13138
13138
13139
13139
13142
13142
13142
13143
13143
13147
13150
13150
13151
13152
13152
13153
13155
13155
13157
13160
13160
13161
13161
13163
13163
13163
13164
13164
13165
13166
13167
13167
13167
13169
13169
13170
13170
13171
13172
13172
13172
13174
13176
13176
13177
13178
13180
13180
13181
13181
13182
13183
13183
13184
13184
13185
13185
13186
13187
13188
13188
13188
13189
13194
13195
13195
13197
13200
13202
13202
13203
13204
13204
13207
13207
13210
13211
13212
13213
13213
13220
13222
13223
13223
13223
13225
13226
13226
13228
13229
13230
13232
13234
13236
13236
13237
13237
13237
13238
13238
13239
13241
13242
13243
13244
13244
13247
13247
13249
13251
13253
13258
13259
13259
13260
13263
13263
13263
13263
13265
13265
13267
13268
13268
13268
13268
13270
13271
13273
13274
13276
13280
13282
13282
13282
13283
13283
13283
13283
13284
13286
13288
13288
13288
13292
13294
13295
13297
13297
13297
13297
13298
13299
13299
13299
13301
13302
13302
13305
13305
13306
13308
13309
13310
13311
13312
13312
13315
13316
13316
13316
13318
13318
13318
13318
13319
13320
13321
13321
13324
13325
13327
13329
13330
13331
13332
13333
13333
13333
13335
13337
13337
13340
13341
13343
13343
13343
13344
13345
13345
13345
13345
13345
13345
13349
13351
13352
13352
13352
13353
13354
13355
13355
13357
13359
13361
13361
13361
13362
13362
13362
13364
13364
13367
13368
13368
13368
13370
13371
13371
13371
13373
13374
13375
13375
13376
13380
13380
13382
13383
13383
13384
13385
13385
13386
13387
13388
13388
13389
13391
13391
13392
13394
13395
13396
13397
13398
13399
13399
13400
13401
13403
13403
13404
13404
13405
13406
13408
13409
13410
13410
13411
13412
13413
13413
13414
13415
13416
13416
13418
13422
13423
13424
13426
13426
13427
13429
13429
13429
13430
13431
13432
13434
13435
13435
13437
13437
13438
13439
13443
13444
13444
13445
13446
13447
13447
13447
13448
13449
13450
13451
13451
13454
13454
13458
13458
13458
13458
13459
13460
13460
13460
13460
13464
13464
13464
13464
13465
13465
13465
13466
13467
13468
13469
13470
13473
13475
13476
13476
13476
13477
13477
13479
13480
13480
13480
13481
13482
13483
13483
13483
13484
13484
13486
13489
13489
13489
13489
13493
13494
13496
13496
13496
13498
13498
13499
13500
13502
13502
13503
13504
13504
13505
13505
13506
13506
13506
13507
13507
13509
13509
13509
13510
13510
13511
13512
13513
13514
13518
13518
13521
13521
13523
13523
13523
13525
13525
13526
13526
13527
13527
13528
13530
13531
13531
13532
13532
13535
13535
13536
13537
13537
13537
13537
13541
13544
13546
13548
13548
13548
13550
13551
13551
13552
13554
13555
13556
13556
13556
13557
13558
13559
13560
13560
13561
13561
13562
13562
13563
13564
13564
13565
13566
13570
13570
13572
13572
13573
13574
13574
13574
13574
13574
13577
13578
13578
13579
13581
13582
13582
13582
13583
13584
13584
13586
13586
13587
13588
13589
13589
13589
13589
13589
13590
13590
13591
13597
13598
13598
13598
13601
13601
13602
13603
13603
13603
13606
13606
13607
13607
13610
13611
13615
13616
13617
13617
13618
13619
13624
13627
13627
13627
13629
13630
13631
13634
13634
13635
13635
13638
13638
13638
13638
13639
13639
13639
13639
13639
13640
13641
13641
13643
13644
13645
13647
13648
13648
13648
13649
13650
13652
13652
13652
13653
13653
13654
13656
13656
13657
13658
13658
13658
13659
13660
13660
13661
13661
13662
13662
13666
13666
13667
13667
13668
13668
13669
13670
13671
13671
13676
13677
13677
13681
13681
13682
13684
13685
13688
13690
13690
13691
13691
13693
13693
13695
13695
13695
13700
13701
13701
13702
13706
13708
13708
13710
13713
13713
13714
13714
13718
13719
13719
13722
13723
13723
13723
13724
13725
13725
13725
13726
13726
13727
13728
13728
13729
13730
13731
13732
13733
13733
13734
13734
13735
13736
13736
13739
13739
13744
13745
13745
13745
13745
13747
13747
13748
13749
13749
13750
13750
13751
13751
13752
13755
13756
13756
13757
13758
13764
13764
13764
13766
13767
13768
13768
13770
13770
13771
13772
13773
13774
13774
13776
13777
13777
13778
13780
13780
13781
13782
13783
13783
13785
13786
13786
13787
13788
13791
13791
13791
13793
13794
13794
13797
13797
13798
13800
13800
13800
13800
13800
13800
13800
13801
13801
13803
13803
13804
13805
13806
13807
13808
13809
13810
13811
13812
13812
13813
13813
13814
13816
13817
13818
13818
13819
13820
13820
13823
13824
13825
13825
13826
13827
13827
13827
13828
13829
13829
13830
13830
13830
13835
13837
13838
13838
13839
13839
13839
13840
13840
13841
13843
13844
13846
13847
13848
13849
13852
13854
13854
13854
13855
13855
13856
13856
13859
13859
13860
13862
13866
13866
13867
13868
13869
13869
13870
13870
13871
13871
13873
13873
13875
13875
13878
13880
13881
13881
13882
13884
13884
13885
13886
13886
13887
13888
13889
13889
13889
13890
13890
13890
13893
13899
13899
13900
13901
13902
13904
13907
13907
13907
13909
13910
13911
13911
13911
13912
13915
13915
13918
13919
13919
13922
13923
13926
13928
13930
13932
13932
13933
13934
13936
13937
13937
13938
13940
13940
13941
13943
13944
13945
13948
13950
13951
13951
13951
13952
13954
13956
13957
13957
13957
13958
13959
13960
13961
13962
13962
13962
13963
13965
13965
13966
13966
13968
13970
13972
13973
13973
13973
13977
13977
13978
13978
13978
13979
13979
13981
13982
13983
13983
13983
13984
13986
13986
13987
13989
13990
13991
13991
13991
13994
13994
13995
13996
13998
13998
13998
13998
13998
14003
14003
14003
14004
14004
14004
14005
14007
14008
14009
14009
14011
14012
14012
14014
14014
14015
14016
14016
14017
14017
14018
14018
14018
14019
14019
14021
14021
14022
14022
14023
14024
14025
14026
14027
14028
14028
14030
14031
14032
14032
14035
14035
14036
14037
14037
14038
14040
14041
14041
14043
14043
14044
14044
14046
14046
14046
14048
14048
14050
14052
14052
14053
14053
14056
14056
14058
14058
14060
14061
14061
14061
14062
14064
14065
14066
14066
14066
14068
14068
14069
14071
14071
14072
14074
14074
14075
14075
14076
14083
14083
14083
14084
14084
14088
14089
14090
14092
14097
14097
14097
14099
14100
14101
14103
14107
14107
14107
14108
14111
14113
14115
14115
14115
14116
14117
14119
14120
14122
14122
14122
14124
14124
14124
14124
14125
14126
14128
14128
14128
14128
14130
14131
14131
14133
14133
14136
14137
14137
14138
14139
14139
14140
14140
14143
14144
14146
14147
14149
14149
14152
14153
14154
14158
14160
14160
14163
14165
14165
14166
14166
14168
14168
14169
14172
14174
14176
14176
14177
14177
14178
14179
14180
14183
14183
14185
14186
14187
14187
14189
14191
14191
14191
14192
14192
14195
14195
14195
14195
14196
14196
14197
14200
14200
14201
14203
14204
14204
14204
14205
14206
14208
14212
14214
14217
14218
14219
14219
14219
14219
14220
14220
14220
14222
14223
14223
14223
14224
14230
14230
14232
14232
14232
14232
14237
14237
14237
14238
14238
14238
14239
14239
14239
14240
14240
14241
14242
14245
14246
14246
14247
14251
14251
14253
14253
14253
14254
14255
14256
14257
14258
14262
14265
14266
14267
14267
14269
14269
14271
14272
14272
14273
14273
14274
14275
14275
14275
14275
14278
14279
14279
14280
14281
14282
14285
14285
14288
14288
14289
14290
14291
14293
14293
14296
14296
14298
14299
14300
14301
14303
14305
14306
14307
14310
14311
14311
14311
14314
14315
14315
14316
14316
14317
14318
14319
14319
14319
14322
14324
14326
14331
14331
14332
14333
14335
14335
14336
14337
14339
14340
14344
14344
14349
14351
14351
14355
14356
14357
14358
14359
14361
14361
14362
14362
14365
14365
14365
14365
14366
14366
14366
14366
14369
14369
14369
14370
14371
14371
14371
14372
14372
14372
14375
14376
14377
14379
14379
14380
14382
14385
14385
14387
14388
14390
14390
14391
14392
14392
14393
14394
14397
14398
14399
14400
14400
14401
14401
14401
14402
14402
14403
14404
14407
14407
14407
14408
14410
14410
14411
14411
14413
14415
14416
14416
14416
14419
14419
14422
14423
14426
14427
14431
14432
14432
14433
14433
14433
14434
14434
14434
14434
14435
14437
14437
14438
14439
14440
14442
14442
14443
14444
14445
14445
14446
14446
14447
14447
14447
14448
14449
14451
14452
14452
14452
14452
14453
14453
14454
14455
14457
14457
14457
14457
14459
14459
14460
14462
14462
14462
14463
14465
14465
14465
14466
14466
14468
14471
14471
14473
14474
14474
14474
14476
14476
14476
14477
14478
14480
14480
14482
14482
14483
14486
14488
14489
14489
14490
14491
14492
14492
14495
14496
14497
14497
14498
14498
14498
14499
14500
14500
14500
14501
14502
14503
14503
14503
14503
14505
14505
14507
14507
14509
14509
14513
14517
14518
14518
14519
14519
14522
14524
14526
14526
14528
14528
14529
14530
14530
14531
14533
14535
14535
14536
14538
14538
14538
14539
14539
14540
14540
14543
14546
14546
14547
14548
14548
14548
14549
14549
14549
14549
14551
14551
14551
14552
14553
14554
14554
14554
14555
14555
14556
14557
14557
14559
14559
14562
14562
14562
14564
14564
14566
14567
14568
14571
14572
14575
14576
14577
14577
14579
14582
14582
14584
14585
14586
14587
14588
14588
14588
14590
14590
14593
14594
14594
14596
14596
14596
14602
14602
14603
14603
14603
14604
14604
14604
14604
14605
14605
14607
14609
14609
14612
14617
14618
14618
14618
14618
14619
14620
14620
14622
14623
14623
14626
14626
14627
14627
14628
14629
14630
14631
14638
14638
14639
14640
14640
14640
14640
14644
14647
14648
14648
14649
14649
14650
14651
14652
14652
14653
14654
14656
14656
14657
14658
14658
14658
14660
14661
14662
14662
14663
14663
14663
14663
14664
14664
14664
14664
14665
14666
14666
14666
14667
14670
14670
14670
14671
14671
14671
14673
14674
14677
14678
14678
14679
14683
14684
14686
14688
14688
14689
14689
14691
14691
14692
14693
14693
14694
14694
14694
14696
14697
14698
14698
14702
14702
14702
14702
14702
14704
14706
14707
14707
14708
14709
14709
14710
14711
14711
14712
14715
14715
14716
14716
14717
14720
14720
14721
14721
14721
14722
14722
14726
14729
14729
14730
14730
14730
14731
14731
14731
14732
14735
14736
14737
14738
14739
14740
14740
14743
14744
14744
14746
14746
14747
14749
14750
14750
14752
14754
14754
14755
14757
14757
14758
14758
14761
14763
14764
14764
14765
14766
14766
14767
14768
14768
14772
14773
14774
14774
14775
14776
14776
14779
14779
14780
14781
14781
14782
14786
14787
14790
14793
14794
14797
14797
14799
14801
14801
14802
14803
14803
14804
14805
14806
14808
14808
14810
14812
14813
14813
14813
14813
14814
14815
14815
14816
14816
14817
14821
14821
14825
14827
14828
14828
14828
14831
14831
14832
14833
14833
14834
14835
14836
14837
14838
14839
14839
14839
14839
14840
14840
14841
14842
14842
14843
14844
14845
14845
14845
14847
14848
14848
14849
14850
14851
14852
14852
14852
14854
14856
14857
14859
14861
14862
14867
14869
14870
14870
14871
14871
14873
14873
14875
14877
14879
14881
14881
14883
14885
14885
14886
14886
14887
14889
14890
14891
14891
14892
14892
14893
14895
14896
14896
14896
14898
14899
14900
14900
14902
14902
14903
14904
14906
14906
14907
14907
14908
14908
14908
14910
14911
14911
14914
14916
14916
14918
14918
14922
14922
14923
14924
14926
14926
14928
14928
14929
14929
14930
14932
14932
14933
14934
14936
14936
14938
14938
14939
14939
14940
14942
14944
14944
14945
14947
14948
14950
14950
14950
14950
14953
14954
14955
14957
14957
14957
14958
14962
14964
14964
14965
14967
14967
14969
14970
14970
14970
14973
14973
14974
14976
14976
14979
14980
14980
14981
14982
14982
14982
14986
14987
14987
14988
14989
14990
14991
14991
14992
14993
14994
14995
14997
14998
14999
15001
15002
15004
15005
15006
15006
15009
15010
15010
15012
15013
15013
15014
15015
15015
15016
15017
15017
15018
15018
15019
15020
15022
15022
15022
15023
15023
15025
15025
15025
15025
15026
15027
15028
15029
15030
15032
15032
15033
15035
15036
15036
15036
15036
15037
15039
15039
15041
15042
15046
15046
15046
15047
15047
15047
15048
15052
15052
15052
15052
15055
15058
15059
15060
15060
15061
15065
15066
15068
15068
15071
15072
15072
15072
15073
15074
15082
15082
15082
15083
15086
15088
15089
15091
15092
15093
15093
15095
15095
15097
15098
15099
15100
15100
15102
15102
15103
15105
15106
15107
15108
15109
15111
15112
15113
15114
15114
15114
15116
15120
15120
15122
15122
15126
15127
15127
15127
15128
15129
15130
15130
15131
15131
15132
15135
15135
15136
15136
15136
15138
15138
15139
15140
15141
15141
15141
15142
15144
15144
15145
15146
15147
15147
15148
15148
15149
15149
15150
15151
15152
15152
15153
15155
15157
15159
15159
15160
15160
15161
15164
15166
15166
15169
15169
15171
15173
15173
15175
15177
15185
15189
15190
15190
15191
15194
15195
15196
15198
15199
15199
15200
15200
15201
15201
15201
15204
15205
15205
15205
15205
15208
15209
15210
15213
15214
15216
15217
15217
15217
15219
15220
15220
15221
15222
15222
15224
15227
15228
15228
15229
15232
15234
15235
15236
15238
15239
15239
15240
15240
15240
15240
15241
15241
15242
15246
15251
15252
15254
15254
15254
15255
15257
15259
15260
15260
15260
15261
15262
15264
15265
15265
15269
15270
15271
15271
15272
15272
15272
15272
15273
15274
15276
15276
15277
15277
15279
15279
15279
15280
15280
15281
15281
15282
15282
15282
15285
15286
15287
15287
15289
15289
15291
15292
15292
15292
15294
15295
15295
15296
15297
15297
15297
15298
15299
15300
15301
15303
15304
15306
15306
15308
15308
15308
15309
15310
15310
15311
15313
15313
15314
15315
15315
15318
15319
15319
15320
15320
15320
15322
15322
15323
15324
15330
15330
15331
15331
15334
15335
15337
15337
15339
15339
15340
15340
15340
15343
15344
15344
15347
15347
15347
15348
15348
15348
15348
15348
15349
15350
15350
15351
15351
15351
15353
15354
15355
15356
15358
15359
15359
15360
15361
15363
15363
15363
15363
15364
15366
15367
15368
15370
15372
15373
15379
15379
15379
15380
15381
15382
15382
15383
15384
15385
15385
15387
15388
15389
15391
15391
15392
15393
15395
15396
15397
15397
15397
15398
15401
15402
15403
15404
15404
15404
15405
15408
15411
15412
15414
15414
15416
15416
15417
15417
15418
15419
15419
15420
15422
15423
15424
15424
15425
15426
15426
15426
15428
15428
15429
15433
15435
15436
15436
15437
15438
15441
15442
15442
15445
15446
15448
15448
15450
15451
15451
15452
15452
15453
15455
15455
15458
15458
15458
15459
15460
15460
15461
15461
15462
15462
15462
15462
15464
15464
15464
15468
15468
15472
15473
15473
15473
15476
15476
15477
15477
15478
15478
15479
15479
15483
15483
15483
15484
15484
15485
15485
15485
15486
15486
15486
15486
15487
15488
15489
15494
15495
15496
15496
15497
15497
15498
15498
15499
15500
15501
15502
15507
15508
15508
15508
15509
15510
15511
15513
15513
15514
15514
15514
15515
15515
15516
15517
15518
15518
15518
15521
15521
15521
15522
15525
15525
15525
15527
15527
15528
15528
15528
15529
15530
15530
15531
15531
15534
15535
15536
15536
15536
15538
15538
15538
15538
15540
15541
15542
15543
15544
15546
15547
15548
15549
15549
15550
15550
15551
15553
15553
15554
15556
15556
15557
15561
15561
15562
15563
15565
15565
15565
15566
15567
15567
15568
15568
15570
15575
15575
15576
15576
15577
15581
15581
15582
15582
15582
15583
15584
15584
15585
15586
15588
15588
15589
15589
15589
15591
15592
15593
15594
15594
15595
15595
15598
15599
15601
15601
15602
15604
15606
15607
15608
15608
15609
15610
15612
15612
15613
15613
15615
15616
15617
15618
15619
15622
15623
15623
15623
15624
15624
15624
15624
15625
15628
15628
15629
15629
15629
15630
15630
15630
15630
15631
15631
15636
15637
15637
15638
15641
15642
15643
15644
15645
15649
15652
15652
15653
15653
15654
15655
15658
15658
15658
15659
15660
15660
15661
15662
15664
15668
15669
15671
15672
15672
15673
15674
15674
15676
15677
15677
15677
15678
15679
15680
15681
15681
15681
15682
15685
15686
15689
15690
15690
15691
15692
15693
15694
15694
15695
15695
15697
15699
15702
15702
15703
15705
15706
15706
15708
15708
15709
15711
15712
15712
15714
15714
15715
15716
15717
15722
15722
15723
15725
15725
15726
15726
15728
15729
15730
15732
15737
15739
15739
15742
15744
15747
15748
15748
15748
15748
15750
15750
15750
15751
15752
15753
15754
15755
15755
15757
15757
15757
15757
15758
15759
15760
15761
15761
15762
15762
15763
15764
15765
15766
15767
15767
15767
15769
15770
15770
15773
15774
15774
15775
15775
15775
15780
15780
15781
15784
15785
15788
15788
15790
15791
15791
15792
15792
15793
15793
15798
15799
15800
15801
15802
15803
15807
15808
15808
15809
15809
15810
15815
15815
15817
15817
15818
15822
15822
15823
15826
15826
15827
15827
15828
15828
15830
15831
15831
15832
15832
15836
15837
15838
15838
15838
15838
15840
15842
15843
15847
15847
15849
15849
15850
15853
15853
15854
15854
15855
15856
15856
15858
15858
15860
15861
15863
15866
15868
15868
15868
15868
15869
15869
15870
15871
15874
15875
15875
15875
15876
15878
15878
15879
15879
15880
15882
15882
15884
15886
15888
15888
15889
15889
15890
15890
15890
15891
15893
15896
15897
15899
15899
15901
15902
15903
15903
15903
15905
15905
15906
15907
15907
15908
15908
15909
15912
15912
15912
15914
15915
15916
15916
15917
15917
15917
15917
15919
15920
15920
15920
15920
15921
15922
15922
15924
15926
15926
15926
15927
15927
15928
15930
15932
15935
15936
15936
15938
15939
15940
15940
15941
15942
15943
15943
15944
15945
15946
15947
15950
15951
15952
15955
15956
15956
15956
15958
15958
15960
15961
15961
15961
15962
15962
15963
15963
15963
15964
15965
15966
15967
15968
15968
15968
15969
15970
15970
15975
15976
15977
15978
15980
15981
15982
15982
15983
15985
15986
15987
15988
15989
15990
15990
15990
15991
15992
15993
15993
15994
15998
15999
16000
arquivo ordenado pelo algoritmo sort da api C++, tempo da ordenao = 6.00004 milisegundos

