4
8
11
18
30
35
38
61
76
96
96
100
100
100
105
108
118
133
143
147
161
180
184
184
186
186
187
205
207
210
223
230
233
238
241
243
244
257
273
285
291
292
294
302
303
331
340
346
350
357
378
386
389
394
395
409
414
416
446
446
455
465
482
483
484
485
486
490
494
496
515
530
530
537
538
542
544
546
546
553
565
567
570
579
584
589
593
615
617
619
642
642
662
670
671
682
682
685
686
693
706
708
708
709
709
710
728
748
768
768
771
779
781
802
813
813
831
852
854
885
916
928
941
942
966
975
986
1003
1019
1022
1023
1027
1047
1053
1076
1080
1090
1092
1094
1095
1103
1115
1124
1126
1136
1158
1162
1176
1186
1194
1199
1212
1214
1223
1225
1232
1240
1263
1266
1267
1271
1278
1290
1293
1298
1315
1318
1333
1334
1337
1349
1371
1374
1383
1385
1388
1400
1404
1409
1413
1414
1422
1431
1456
1458
1473
1485
1500
1506
1506
1518
1539
1545
1547
1551
1561
1569
1575
1583
1588
1588
1589
1590
1597
1599
1605
1611
1622
1622
1622
1628
1641
1644
1651
1656
1658
1663
1673
1687
1690
1695
1695
1709
1729
1740
1741
1744
1749
1751
1758
1770
1780
1795
1808
1808
1812
1815
1821
1828
1840
1883
1908
1911
1927
1938
1970
2000
2020
2030
2038
2039
2040
2041
2047
2055
2059
2116
2117
2131
2140
2143
2144
2149
2150
2151
2158
2162
2165
2165
2166
2174
2183
2195
2209
2212
2224
2227
2251
2254
2257
2264
2283
2285
2285
2300
2308
2319
2319
2320
2330
2335
2339
2349
2349
2350
2354
2356
2377
2389
2406
2406
2420
2426
2428
2444
2454
2458
2461
2486
2486
2492
2494
2495
2516
2516
2520
2525
2527
2537
2543
2548
2550
2551
2558
2565
2567
2568
2583
2589
2592
2594
2599
2601
2613
2613
2630
2632
2647
2648
2661
2671
2677
2679
2684
2688
2693
2694
2702
2702
2708
2716
2717
2734
2735
2740
2743
2743
2755
2766
2780
2781
2785
2789
2793
2795
2806
2841
2854
2871
2876
2881
2891
2900
2948
2953
2958
2961
2961
2962
2973
2987
2997
3006
3022
3031
3037
3046
3056
3061
3068
3080
3084
3085
3089
3101
3118
3118
3134
3135
3147
3152
3168
3189
3210
3217
3225
3226
3265
3283
3298
3306
3307
3310
3321
3343
3350
3354
3369
3370
3390
3399
3399
3405
3408
3408
3418
3421
3434
3434
3444
3447
3454
3461
3463
3474
3474
3475
3477
3478
3480
3480
3482
3501
3505
3506
3513
3515
3557
3557
3569
3573
3575
3586
3597
3619
3630
3630
3637
3640
3669
3671
3676
3678
3682
3694
3694
3707
3725
3729
3733
3743
3751
3766
3777
3800
3803
3810
3811
3813
3814
3829
3830
3841
3842
3857
3864
3865
3884
3885
3887
3923
3951
3957
3975
3981
3995
3997
4003
4003
4005
4018
4041
4053
4054
4055
4064
4078
4084
4102
4135
4137
4142
4148
4154
4157
4169
4182
4188
4211
4213
4218
4218
4230
4232
4234
4254
4270
4277
4289
4299
4303
4303
4333
4372
4373
4375
4379
4386
4392
4428
4430
4434
4437
4440
4460
4467
4472
4476
4486
4500
4506
4521
4534
4548
4554
4560
4561
4573
4579
4585
4598
4607
4622
4646
4646
4659
4662
4665
4670
4697
4710
4711
4728
4731
4735
4737
4739
4754
4773
4773
4779
4779
4785
4791
4794
4797
4811
4814
4817
4824
4848
4848
4849
4854
4866
4866
4877
4890
4891
4895
4901
4909
4935
4941
4949
4950
4950
4953
4970
4995
4998
5010
5032
5035
5040
5044
5062
5063
5065
5081
5093
5103
5109
5117
5118
5121
5124
5136
5137
5147
5152
5156
5165
5171
5175
5177
5190
5191
5195
5198
5200
5210
5233
5246
5249
5257
5268
5277
5283
5286
5287
5300
5306
5311
5322
5324
5331
5350
5353
5356
5362
5366
5374
5375
5376
5377
5384
5387
5395
5397
5420
5420
5421
5431
5433
5439
5440
5472
5481
5502
5508
5508
5542
5544
5547
5565
5577
5579
5603
5613
5618
5624
5630
5635
5636
5642
5646
5657
5664
5669
5689
5697
5709
5716
5720
5737
5754
5767
5799
5800
5802
5805
5808
5829
5831
5837
5843
5860
5894
5905
5913
5916
5917
5922
5927
5928
5950
5975
5981
5990
5997
6015
6029
6030
6033
6070
6074
6078
6081
6083
6093
6102
6104
6108
6112
6115
6125
6139
6142
6144
6165
6168
6200
6201
6205
6212
6212
6213
6222
6222
6238
6241
6251
6254
6274
6277
6280
6281
6290
6294
6295
6310
6331
6334
6335
6342
6346
6346
6347
6350
6364
6401
6404
6409
6419
6425
6461
6462
6466
6469
6474
6484
6484
6490
6495
6508
6510
6513
6531
6537
6558
6562
6563
6568
6570
6596
6611
6617
6619
6632
6643
6654
6656
6658
6662
6687
6694
6710
6712
6720
6724
6726
6738
6750
6759
6764
6767
6783
6792
6808
6818
6855
6855
6859
6894
6897
6898
6904
6915
6916
6921
6924
6947
6954
6954
6956
6965
6966
6978
6982
6994
7017
7022
7023
7067
7070
7082
7089
7095
7100
7119
7120
7134
7140
7144
7179
7194
7195
7202
7222
7223
7230
7249
7256
7263
7274
7281
7283
7291
7299
7301
7305
7309
7320
7330
7337
7337
7341
7357
7358
7361
7392
7393
7399
7406
7413
7421
7433
7433
7435
7438
7438
7461
7469
7476
7493
7493
7494
7495
7500
7501
7530
7532
7539
7549
7549
7550
7554
7562
7564
7582
7588
7590
7600
7602
7615
7617
7621
7622
7623
7623
7623
7630
7659
7661
7670
7680
7684
7687
7704
7714
7732
7739
7761
7771
7772
7773
7783
7786
7790
7797
7800
7825
7830
7833
7835
7836
7840
7841
7861
7870
7876
7892
7893
7912
7915
7927
7934
7947
7950
7951
7965
7969
7970
7982
7982
7982
7989
8001
8001
8004
8022
8038
8067
8069
8071
8075
8084
8118
8129
8136
8142
8151
8155
8156
8158
8164
8167
8169
8172
8176
8183
8188
8196
8210
8226
8227
8241
8241
8246
8250
8251
8256
8256
8264
8277
8282
8287
8288
8294
8301
8312
8315
8326
8349
8360
8363
8370
8379
8385
8391
8394
8395
8402
8403
8411
8420
8431
8439
8442
8447
8450
8453
8464
8473
8477
8478
8500
8500
8525
8525
8537
8538
8553
8555
8563
8570
8570
8581
8581
8586
8606
8610
8633
8637
8640
8643
8644
8653
8666
8666
8686
8700
8701
8702
8709
8714
8727
8734
8751
8760
8763
8767
8774
8785
8786
8802
8803
8811
8816
8817
8818
8828
8831
8837
8842
8844
8846
8847
8856
8860
8861
8862
8865
8876
8901
8905
8906
8907
8916
8917
8918
8925
8928
8935
8938
8952
8975
8975
8981
8984
8987
8992
8994
8999
9005
9032
9041
9067
9081
9115
9117
9141
9151
9152
9158
9160
9161
9162
9162
9163
9165
9172
9187
9196
9199
9228
9241
9254
9256
9262
9268
9282
9287
9298
9303
9324
9349
9352
9358
9398
9404
9407
9408
9411
9413
9417
9419
9428
9436
9449
9451
9458
9477
9484
9484
9495
9499
9500
9510
9521
9539
9560
9565
9598
9605
9609
9616
9617
9636
9639
9641
9662
9679
9686
9707
9710
9714
9732
9733
9739
9752
9759
9767
9769
9773
9790
9795
9823
9835
9851
9855
9876
9886
9890
9892
9907
9923
9923
9931
9946
9948
9948
9950
9957
9957
9958
9958
9963
9966
9981
9990
9992
10019
10034
10034
10066
10070
10071
10080
10097
10104
10112
10112
10118
10120
10127
10133
10133
10141
10154
10157
10164
10169
10169
10177
10192
10201
10205
10208
10210
10212
10246
10246
10255
10256
10260
10269
10275
10282
10282
10299
10304
10315
10317
10320
10324
10340
10353
10355
10384
10403
10416
10425
10425
10436
10444
10458
10460
10461
10470
10487
10488
10496
10502
10518
10524
10524
10524
10535
10543
10564
10567
10567
10586
10592
10601
10605
10612
10618
10622
10651
10672
10672
10677
10677
10678
10679
10686
10687
10704
10704
10706
10707
10717
10718
10720
10723
10727
10739
10754
10765
10765
10772
10782
10800
10814
10823
10826
10834
10839
10839
10840
10841
10861
10874
10880
10888
10891
10906
10911
10918
10925
10928
10929
10941
10943
10950
10983
11010
11011
11022
11025
11028
11063
11064
11069
11070
11077
11078
11081
11083
11085
11086
11086
11097
11108
11112
11121
11134
11136
11146
11157
11162
11164
11166
11171
11186
11187
11189
11200
11203
11223
11232
11233
11233
11239
11250
11265
11287
11291
11300
11308
11341
11395
11396
11399
11406
11410
11421
11423
11427
11427
11427
11441
11446
11448
11453
11454
11457
11470
11483
11492
11505
11510
11519
11531
11533
11543
11547
11565
11574
11575
11586
11586
11588
11594
11600
11633
11659
11677
11678
11683
11686
11691
11694
11709
11719
11720
11724
11734
11760
11769
11776
11786
11799
11799
11808
11810
11821
11822
11827
11832
11849
11854
11867
11872
11878
11880
11880
11885
11888
11889
11890
11892
11896
11899
11899
11931
11950
11952
11955
11959
11973
11976
11980
11982
11993
11997
12003
12014
12028
12035
12037
12042
12045
12045
12052
12055
12055
12058
12059
12059
12065
12068
12070
12077
12079
12079
12083
12085
12085
12088
12094
12094
12094
12107
12111
12123
12135
12143
12156
12157
12169
12188
12194
12206
12207
12225
12243
12247
12251
12254
12260
12264
12265
12267
12273
12279
12279
12292
12304
12305
12307
12318
12320
12339
12348
12354
12361
12368
12371
12378
12384
12386
12387
12387
12395
12413
12416
12423
12428
12429
12431
12433
12437
12438
12461
12464
12466
12466
12482
12488
12495
12495
12495
12507
12519
12527
12565
12568
12589
12592
12609
12615
12616
12642
12648
12686
12695
12697
12712
12725
12729
12732
12747
12750
12751
12752
12766
12766
12774
12778
12795
12795
12800
12808
12810
12812
12825
12840
12856
12856
12871
12883
12898
12904
12910
12917
12921
12925
12933
12933
12934
12937
12949
12964
12968
12970
12973
12973
12985
12986
12994
13042
13053
13054
13067
13075
13082
13103
13112
13119
13122
13132
13139
13144
13159
13163
13166
13170
13186
13192
13203
13205
13206
13225
13234
13235
13235
13259
13264
13281
13295
13298
13310
13326
13340
13352
13385
13397
13398
13399
13399
13403
13407
13425
13437
13452
13455
13460
13493
13500
13500
13505
13513
13525
13526
13534
13535
13567
13579
13594
13596
13607
13610
13614
13615
13618
13631
13650
13658
13660
13661
13662
13666
13667
13670
13671
13682
13686
13688
13693
13693
13702
13708
13709
13714
13724
13728
13733
13734
13734
13737
13739
13755
13767
13771
13774
13806
13819
13820
13836
13849
13858
13874
13880
13882
13885
13885
13889
13890
13894
13915
13916
13924
13930
13932
13935
13962
13979
13990
13991
13998
14029
14035
14054
14083
14102
14107
14128
14133
14135
14137
14137
14147
14168
14183
14193
14196
14198
14199
14212
14227
14230
14234
14242
14246
14251
14262
14266
14276
14283
14292
14293
14313
14319
14322
14327
14327
14335
14335
14346
14348
14359
14360
14366
14367
14367
14369
14380
14388
14408
14411
14418
14431
14436
14441
14452
14458
14461
14473
14488
14492
14505
14509
14524
14533
14544
14545
14558
14573
14575
14586
14594
14596
14597
14608
14619
14623
14627
14633
14640
14640
14644
14651
14656
14660
14663
14665
14670
14682
14692
14696
14701
14703
14703
14703
14740
14743
14759
14772
14776
14778
14784
14788
14806
14807
14810
14820
14827
14831
14841
14842
14843
14845
14850
14854
14957
14959
14963
14963
14971
14981
14981
14983
14993
14999
15023
15027
15033
15039
15041
15042
15044
15047
15057
15059
15061
15066
15074
15081
15092
15096
15104
15115
15135
15136
15141
15143
15193
15204
15223
15226
15240
15249
15257
15260
15260
15262
15265
15271
15279
15286
15287
15294
15299
15310
15314
15320
15322
15330
15341
15360
15362
15367
15372
15375
15387
15394
15398
15401
15406
15418
15423
15430
15434
15443
15451
15455
15458
15479
15480
15480
15483
15526
15532
15536
15540
15546
15552
15561
15566
15570
15582
15592
15593
15610
15614
15618
15619
15633
15651
15673
15680
15689
15695
15698
15699
15700
15712
15719
15734
15737
15739
15789
15835
15845
15847
15850
15850
15851
15856
15858
15858
15859
15862
15869
15871
15878
15885
15892
15894
15915
15919
15942
15947
15961
15970
15975
arquivo ordenado pelo algoritmo sort da api C++, tempo da ordenação = 0 milisegundos

