2
5
6
7
7
7
9
11
12
12
13
14
15
16
17
17
18
21
22
22
23
24
26
26
27
28
29
30
30
33
33
34
35
36
37
38
39
39
41
41
43
44
44
45
47
48
49
50
51
51
53
54
55
55
56
57
58
61
62
62
63
63
66
66
67
68
69
71
72
72
73
73
74
76
78
79
80
80
81
81
84
85
86
86
87
88
90
90
91
92
93
94
94
95
97
97
99
100
101
101
103
105
105
107
107
107
109
110
112
112
113
113
116
116
116
117
119
120
122
123
123
124
126
127
127
128
128
130
131
133
134
135
135
136
136
139
139
140
140
142
143
145
145
146
147
148
149
150
151
152
153
154
156
156
157
157
159
159
162
163
164
164
164
165
167
168
169
170
172
172
173
173
176
176
176
177
178
180
180
181
183
184
186
186
186
187
189
190
191
191
192
195
196
196
198
198
199
200
200
203
203
203
204
206
207
208
209
210
210
211
213
214
214
216
216
218
218
219
220
222
222
225
225
226
228
228
228
231
231
232
233
235
236
236
237
238
240
241
241
242
244
245
245
246
246
249
249
250
251
252
252
253
255
256
257
258
258
260
261
261
263
263
264
266
267
269
269
270
272
272
273
275
275
276
277
278
280
281
281
282
284
284
285
285
286
289
290
291
291
291
292
293
294
297
297
298
299
300
302
302
303
304
305
306
308
308
308
309
312
312
313
314
315
316
318
319
319
321
321
322
323
324
325
325
328
328
329
330
332
333
334
334
335
336
336
338
338
340
341
342
344
345
345
346
347
347
349
350
350
353
354
354
354
356
358
358
359
360
360
361
362
364
364
366
368
368
369
369
372
373
374
374
375
375
377
378
380
381
381
382
383
385
385
386
387
388
389
390
390
392
393
394
395
396
397
399
400
400
401
402
403
403
405
407
407
408
410
410
411
412
414
415
415
416
418
418
419
419
420
422
422
423
424
426
427
427
429
430
430
433
434
434
436
436
438
438
439
439
442
442
443
444
444
446
447
448
449
450
452
452
453
454
455
455
456
457
460
460
461
462
462
463
465
466
466
468
468
470
472
472
472
474
474
475
476
479
480
480
481
481
482
485
485
485
486
488
488
489
490
493
494
495
495
495
497
498
500
500
500
501
502
503
506
506
507
508
508
510
510
511
513
513
515
516
517
519
520
520
521
522
522
524
525
525
526
528
529
530
531
531
534
534
535
536
537
538
539
541
541
541
543
544
546
546
547
549
549
549
552
552
552
555
555
556
558
558
558
559
561
562
564
564
565
567
568
569
569
569
571
571
574
574
575
575
577
578
580
580
580
581
584
584
585
586
587
588
589
591
591
592
592
595
595
596
597
598
599
599
600
603
603
604
606
606
607
608
609
611
611
612
614
614
615
616
617
619
619
620
621
622
623
623
625
626
627
628
629
629
631
632
633
634
634
636
638
638
639
640
641
642
642
644
645
646
647
648
648
651
651
652
653
654
654
656
657
659
659
660
661
661
662
664
664
666
666
669
670
671
671
672
672
673
674
676
677
678
679
679
680
682
682
685
685
686
688
688
689
689
691
691
694
694
695
696
698
698
700
700
700
702
704
705
705
705
708
708
709
709
711
712
713
714
715
717
718
718
718
720
721
721
722
724
725
725
727
728
729
729
731
732
732
735
736
737
737
739
740
740
741
743
744
744
746
746
747
748
749
749
752
752
753
753
754
757
757
758
758
759
762
762
763
764
765
766
766
767
768
771
771
772
773
774
775
776
777
778
779
779
781
782
782
784
785
787
787
789
789
790
791
792
793
793
795
797
797
798
799
801
801
801
802
804
805
806
808
809
810
811
812
813
813
813
816
816
817
817
820
821
821
822
822
824
824
825
826
829
829
830
832
832
833
835
835
836
836
839
840
840
841
842
843
845
846
846
846
849
849
850
851
851
853
853
855
855
857
858
860
861
862
863
864
864
865
867
867
867
869
870
871
872
874
874
875
876
877
878
879
880
880
882
883
885
885
886
887
888
889
889
891
892
893
893
894
896
897
897
900
901
901
901
902
903
906
906
908
908
909
910
911
913
914
915
915
916
917
917
919
920
921
922
924
924
924
927
928
929
930
930
932
932
932
934
935
936
937
939
939
940
942
942
943
944
945
946
948
949
950
950
951
952
953
955
955
957
958
958
958
960
961
961
962
964
965
966
967
968
969
970
970
973
974
975
975
976
977
977
980
981
981
981
982
984
985
986
988
988
990
990
991
993
993
994
995
996
998
999
1000
1000
1000
1001
arquivo ordenado pelo algoritmo sort da api C++, tempo da ordenação = 1.00017 milisegundos

