0
1
2
4
5
6
6
9
10
10
11
11
12
15
15
15
17
17
18
20
21
23
23
25
25
25
27
28
29
31
32
32
33
34
36
36
37
38
38
41
42
42
43
45
46
47
47
48
50
50
52
52
52
54
55
57
57
58
60
60
61
61
63
64
65
65
68
68
68
70
70
71
73
74
74
75
77
79
79
80
80
82
84
84
86
87
87
89
89
90
92
92
93
93
96
97
97
98
99
99
101
101
103
103
105
106
106
108
109
111
111
112
112
113
115
117
117
118
120
121
121
122
122
125
126
126
126
129
129
131
131
132
133
134
134
137
137
138
138
140
141
142
143
144
145
145
148
149
149
151
151
152
153
153
154
156
157
158
158
159
161
161
162
164
165
165
166
168
169
170
172
172
174
174
175
175
178
178
178
179
181
181
183
185
185
187
187
188
189
191
191
193
194
195
195
196
198
199
200
200
202
202
203
204
204
207
207
207
208
211
212
212
212
213
215
215
216
217
219
220
221
221
223
224
226
226
227
227
229
230
231
232
232
235
236
236
237
238
238
240
242
242
243
243
245
246
246
248
249
251
251
252
252
253
254
257
258
258
258
260
261
263
264
265
266
267
268
268
269
271
271
271
273
275
276
276
277
278
278
280
280
282
282
283
285
286
286
288
289
291
291
293
293
294
295
296
297
298
298
301
301
303
303
303
305
305
308
309
309
309
311
312
314
314
316
316
317
318
319
320
320
321
322
325
325
327
327
329
329
331
332
333
333
333
334
335
337
337
339
340
340
341
343
344
346
347
347
348
349
349
351
352
353
354
355
357
357
359
359
360
362
362
363
364
364
366
368
369
370
370
370
372
373
375
375
375
377
377
378
381
382
383
383
383
385
385
387
387
388
389
391
391
392
395
396
396
397
398
399
401
401
403
404
404
405
405
407
408
409
411
411
412
413
413
415
415
417
417
418
420
422
422
423
424
425
426
427
427
428
429
430
433
434
434
434
437
438
438
439
440
441
442
443
444
446
446
446
447
449
450
451
452
454
454
455
456
456
457
460
461
461
462
463
465
466
467
467
468
470
470
471
473
473
475
476
476
477
478
480
480
482
482
483
484
485
485
486
488
490
490
490
492
493
494
494
496
497
497
500
501
502
503
503
504
506
506
506
507
509
510
511
512
514
514
516
517
517
518
519
520
521
523
523
524
526
526
527
527
529
530
530
532
533
534
534
535
536
538
540
541
542
542
544
544
544
546
547
547
549
550
551
553
554
555
556
556
557
558
559
561
561
561
563
565
566
566
567
567
569
569
570
571
573
575
575
575
577
577
578
580
581
583
583
583
585
586
587
588
588
589
590
592
592
593
595
595
598
599
599
600
602
603
603
604
605
606
607
608
610
610
611
612
613
614
614
615
617
618
619
619
620
623
624
624
625
626
627
628
630
630
631
632
633
633
635
637
637
638
638
640
641
642
643
645
646
647
647
648
650
650
651
651
653
653
656
656
657
659
659
660
660
661
663
664
665
666
667
668
669
670
671
673
673
675
675
676
677
679
679
680
681
682
683
684
685
687
687
689
689
689
690
691
693
694
695
696
697
699
699
700
701
702
702
704
705
705
707
708
709
710
711
712
712
715
715
716
717
717
718
720
721
722
723
724
724
725
727
727
729
730
731
732
734
734
736
736
738
738
739
741
741
742
743
744
745
747
748
748
749
749
751
752
753
754
756
757
757
758
759
760
761
762
763
764
764
766
767
768
769
769
771
772
774
774
775
776
777
778
778
780
781
782
782
784
785
787
787
787
789
790
791
792
793
794
796
797
798
799
799
800
800
803
803
804
805
805
806
808
810
810
811
812
813
814
815
816
817
819
819
820
821
822
822
824
826
827
827
829
830
830
831
832
833
834
834
837
838
839
840
841
841
843
843
844
845
846
847
848
848
851
852
852
853
854
855
856
856
858
859
860
861
862
864
864
864
865
867
867
869
870
870
872
872
874
875
875
877
877
880
881
881
882
882
883
885
886
888
888
888
890
891
892
893
894
896
897
898
898
898
901
901
902
902
903
906
906
907
908
909
909
911
911
913
914
915
915
917
917
920
920
921
922
922
925
926
926
928
928
929
931
931
931
934
935
935
936
937
939
940
940
941
942
943
945
945
946
947
947
948
950
951
952
953
954
954
956
957
958
958
960
962
962
963
963
964
965
966
968
969
970
972
973
973
973
975
976
976
979
979
979
980
982
983
984
985
986
987
988
988
989
992
992
993
993
994
996
997
999
999
999
1002
1002
1002
1005
1005
1006
1006
1008
1009
1010
1010
1011
1013
1014
1014
1015
1017
1018
1019
1020
1022
1022
1023
1024
1025
1026
1028
1028
1030
1030
1032
1033
1034
1034
1035
1036
1037
1038
1039
1041
1041
1041
1043
1044
1045
1046
1048
1048
1048
1051
1051
1052
1053
1054
1055
1055
1057
1057
1059
1060
1061
1062
1063
1063
1064
1067
1067
1069
1070
1071
1071
1071
1072
1075
1075
1076
1077
1078
1078
1080
1081
1082
1082
1084
1086
1086
1088
1088
1090
1090
1090
1091
1092
1094
1095
1095
1096
1097
1098
1099
1102
1102
1103
1103
1106
1107
1107
1109
1109
1111
1112
1112
1113
1115
1115
1116
1116
1118
1118
1121
1121
1122
1122
1123
1125
1127
1127
1129
1130
1131
1132
1133
1133
1134
1134
1136
1137
1139
1140
1141
1141
1143
1143
1145
1145
1145
1147
1147
1149
1150
1150
1152
1153
1155
1156
1157
1157
1158
1160
1160
1161
1162
1163
1163
1166
1166
1167
1167
1169
1169
1171
1172
1173
1174
1175
1177
1177
1178
1179
1179
1181
1182
1183
1184
1186
1186
1187
1188
1189
1190
1190
1192
1192
1194
1195
1195
1197
1198
1198
1199
1202
1203
1203
1203
1204
1206
1207
1208
1209
1209
1210
1213
1213
1214
1215
1217
1217
1219
1219
1221
1221
1223
1223
1225
1225
1226
1227
1228
1228
1229
1230
1231
1233
1234
1235
1235
1238
1238
1238
1241
1241
1242
1243
1244
1245
1245
1248
1248
1249
1250
1252
1252
1252
1254
1254
1256
1257
1257
1258
1260
1260
1262
1263
1264
1265
1265
1267
1268
1270
1271
1271
1271
1273
1274
1275
1277
1278
1278
1278
1281
1282
1283
1283
1284
1285
1285
1286
1289
1289
1289
1291
1293
1293
1294
1294
1296
1297
1298
1299
1299
1302
1303
1303
1303
1305
1307
1307
1308
1309
1309
1310
1312
1313
1315
1316
1316
1317
1317
1320
1321
1321
1321
1323
1324
1325
1326
1327
1328
1329
1329
1331
1331
1332
1333
1334
1336
1336
1338
1340
1341
1342
1342
1343
1343
1345
1346
1347
1347
1349
1349
1351
1352
1353
1354
1356
1356
1356
1358
1358
1361
1362
1362
1362
1363
1366
1366
1367
1367
1368
1370
1371
1372
1373
1374
1374
1376
1378
1379
1379
1380
1381
1381
1383
1384
1385
1386
1388
1389
1389
1391
1391
1392
1394
1395
1395
1397
1397
1397
1400
1401
1402
1403
1403
1404
1404
1405
1408
1408
1408
1409
1412
1413
1413
1415
1415
1416
1416
1418
1419
1420
1421
1421
1422
1423
1424
1427
1428
1428
1430
1431
1431
1433
1433
1433
1434
1435
1438
1439
1439
1439
1442
1442
1444
1444
1445
1447
1447
1448
1449
1450
1452
1452
1453
1455
1455
1456
1458
1458
1460
1461
1461
1462
1463
1464
1465
1466
1466
1468
1470
1471
1471
1472
1473
1474
1475
1475
1477
1478
1478
1480
1481
1482
1483
1484
1484
1486
1488
1488
1489
1489
1492
1493
1493
1495
1495
1496
1497
1498
1498
1500
1501
1503
1504
1504
1506
1506
1507
1507
1510
1511
1511
1512
1512
1513
1514
1515
1517
1518
1518
1520
1521
1522
1523
1523
1525
1526
1527
1527
1530
1530
1530
1533
1533
1534
1536
1536
1537
1537
1540
1540
1541
1542
1543
1544
1546
1547
1547
1548
1548
1550
1551
1552
1553
1555
1556
1556
1556
1557
1559
1560
1560
1561
1564
1564
1565
1567
1567
1569
1569
1570
1570
1572
1573
1574
1575
1575
1577
1579
1579
1580
1582
1583
1583
1583
1585
1585
1588
1589
1589
1591
1592
1592
1592
1593
1595
1596
1597
1598
1598
1599
1602
1602
1602
1603
1604
1605
1607
1608
1608
1610
1611
1611
1614
1614
1614
1615
1617
1617
1618
1620
1621
1622
1623
1624
1624
1627
1627
1628
1630
1631
1632
1633
1633
1633
1634
1637
1637
1638
1639
1641
1641
1643
1644
1644
1645
1645
1647
1648
1648
1649
1651
1652
1653
1655
1655
1657
1658
1658
1659
1660
1661
1662
1664
1665
1665
1667
1668
1669
1669
1670
1672
1672
1673
1674
1675
1677
1678
1678
1678
1680
1681
1683
1684
1685
1686
1686
1686
1689
1690
1690
1692
1692
1694
1694
1694
1696
1697
1699
1699
1700
1701
1701
1704
1704
1705
1706
1707
1709
1710
1711
1711
1711
1712
1713
1715
1715
1716
1718
1718
1719
1722
1723
1723
1725
1725
1727
1727
1729
1730
1731
1731
1732
1733
1733
1734
1737
1738
1738
1740
1740
1742
1742
1742
1745
1746
1746
1748
1749
1750
1751
1751
1753
1754
1755
1755
1756
1758
1758
1759
1760
1761
1762
1763
1764
1765
1766
1768
1768
1769
1771
1771
1772
1772
1775
1776
1776
1777
1777
1778
1779
1782
1782
1782
1783
1785
1785
1786
1789
1790
1790
1791
1792
1793
1794
1795
1795
1797
1798
1799
1799
1800
1801
1803
1803
1806
1806
1807
1807
1809
1810
1811
1812
1813
1814
1816
1816
1817
1818
1819
1821
1821
1821
1823
1825
1825
1827
1828
1828
1828
1829
1832
1832
1832
1834
1835
1835
1836
1837
1838
1841
1842
1843
1844
1845
1846
1847
1848
1849
1849
1850
1852
1852
1853
1853
1854
1855
1856
1859
1859
1860
1861
1863
1864
1864
1865
1866
1867
1868
1869
1870
1871
1873
1873
1874
1875
1875
1876
1878
1878
1879
1881
1882
1883
1884
1884
1887
1887
1888
1889
1890
1891
1892
1893
1894
1896
1897
1897
1899
1900
1900
1900
1901
1902
1904
1905
1906
1907
1907
1910
1910
1910
1912
1913
1914
1915
1915
1917
1919
1919
1920
1921
1922
1923
1925
1925
1925
1926
1928
1929
1930
1931
1932
1933
1934
1935
1935
1938
1939
1939
1940
1940
1942
1943
1945
1946
1946
1947
1948
1948
1950
1951
1952
1953
1953
1954
1956
1957
1957
1959
1959
1962
1963
1963
1964
1965
1965
1968
1968
1969
1970
1970
1971
1972
1973
1974
1977
1977
1977
1979
1981
1982
1983
1983
1984
1984
1987
1987
1989
1989
1990
1990
1992
1993
1994
1995
1997
1998
1998
1999
2000
arquivo ordenado pelo algoritmo sort da api C++, tempo da ordenação = 8.00085 milisegundos

